# BEGIN PLOT
#LegendOnly=//homes/tinghua1/Merging-Project/Production/HJETS/ratio-plots/hjets-matched-errorband/H-N2-N3-4-25gev-combine.yoda/MC_H_KTSPLITTINGS/log10_d_34 //homes/tinghua1/Merging-Project/Production/HJETS/ratio-plots/hjets-matched-errorband/H-N2-3-4-25gev-combine.yoda/MC_H_KTSPLITTINGS/log10_d_34 //homes/tinghua1/Merging-Project/Production/HJETS/ratio-plots/hjets-matched-errorband/H-2-3-4-25gev-combine.yoda/MC_H_KTSPLITTINGS/log10_d_34 //homes/tinghua1/Merging-Project/Production/HJETS/ratio-plots/hjets-matched-errorband/H-N2-3-25gev-combine.yoda/MC_H_KTSPLITTINGS/log10_d_34 //homes/tinghua1/Merging-Project/Production/HJETS/ratio-plots/hjets-matched-errorband/H-2-3-25gev-combine.yoda/MC_H_KTSPLITTINGS/log10_d_34 //homes/tinghua1/Merging-Project/Production/HJETS/ratio-plots/hjets-matched-errorband/H3Jets-NLOPS-combine.yoda/MC_H_KTSPLITTINGS/log10_d_34 //homes/tinghua1/Merging-Project/Production/HJETS/ratio-plots/hjets-matched-errorband/H2Jets-NLOPS-combine.yoda/MC_H_KTSPLITTINGS/log10_d_34
DrawOnly=//homes/tinghua1/Merging-Project/Production/HJETS/ratio-plots/hjets-matched-errorband/H-N2-N3-4-25gev-combine.yoda/MC_H_KTSPLITTINGS/log10_d_34 //homes/tinghua1/Merging-Project/Production/HJETS/ratio-plots/hjets-matched-errorband/H-N2-3-4-25gev-combine.yoda/MC_H_KTSPLITTINGS/log10_d_34 //homes/tinghua1/Merging-Project/Production/HJETS/ratio-plots/hjets-matched-errorband/H-2-3-4-25gev-combine.yoda/MC_H_KTSPLITTINGS/log10_d_34 //homes/tinghua1/Merging-Project/Production/HJETS/ratio-plots/hjets-matched-errorband/H-N2-3-25gev-combine.yoda/MC_H_KTSPLITTINGS/log10_d_34 //homes/tinghua1/Merging-Project/Production/HJETS/ratio-plots/hjets-matched-errorband/H-2-3-25gev-combine.yoda/MC_H_KTSPLITTINGS/log10_d_34 //homes/tinghua1/Merging-Project/Production/HJETS/ratio-plots/hjets-matched-errorband/H3Jets-NLOPS-combine.yoda/MC_H_KTSPLITTINGS/log10_d_34 //homes/tinghua1/Merging-Project/Production/HJETS/ratio-plots/hjets-matched-errorband/H2Jets-NLOPS-combine.yoda/MC_H_KTSPLITTINGS/log10_d_34
Title=$\log_{10}$($k_\perp$ jet resolution $3 \to 4$ [GeV])
RatioPlotReference=//homes/tinghua1/Merging-Project/Production/HJETS/ratio-plots/hjets-matched-errorband/H-N2-N3-4-25gev-combine.yoda/MC_H_KTSPLITTINGS/log10_d_34
#RatioPlot=1
LogY=1
RatioPlotYMax=2.5
RatioPlotYLabel=Ratio
XLabel=$\log_{10}(\sqrt{d_{34}}/\text{GeV})$
LegendAlign=r
YLabel=$\text{d}\sigma/\text{d}\log_{10}(\sqrt{d_{34}}/\text{GeV})$ [fb]
Legend=1
RatioPlotYMin=0.0
# END PLOT


# BEGIN SPECIAL /MC_H_KTSPLITTINGS/log10_d_34
\rput[tl](0.05,0.75){\parbox{5cm}{\textcolor{gray}{{\bf Herwig 7.2.0} \\ HJETS/ColorFull}}}
# END SPECIAL

# BEGIN HISTO1D //homes/tinghua1/Merging-Project/Production/HJETS/ratio-plots/hjets-matched-errorband/H-N2-N3-4-25gev-combine.yoda/MC_H_KTSPLITTINGS/log10_d_34
ErrorBandColor=orange
ErrorBandOpacity=0.3
ErrorBands=1
ErrorType=env
LineColor=orange
LineStyle=solid
Path=//homes/tinghua1/Merging-Project/Production/HJETS/ratio-plots/hjets-matched-errorband/H-N2-N3-4-25gev-combine.yoda/MC_H_KTSPLITTINGS/log10_d_34
RatioPlotSameStyle=1
Title=h(2*,3*,4)
# xlow	 xhigh	 val	 errminus	 errplus
2.000000e-01	2.361292e-01	5.443493e-01	3.384695e-01	5.852307e-01
2.361291e-01	2.722583e-01	7.055008e-01	4.245663e-01	6.891191e-01
2.722583e-01	3.083875e-01	9.625053e-01	5.733257e-01	8.024133e-01
3.083874e-01	3.445165e-01	1.257123e+00	7.160815e-01	8.924025e-01
3.445165e-01	3.806457e-01	1.618795e+00	8.790239e-01	9.351937e-01
3.806457e-01	4.167748e-01	2.018700e+00	1.046538e+00	9.201060e-01
4.167748e-01	4.529039e-01	2.482948e+00	1.194241e+00	8.688240e-01
4.529039e-01	4.890331e-01	2.991162e+00	1.308162e+00	7.930704e-01
4.890331e-01	5.251621e-01	3.549200e+00	1.416246e+00	6.655549e-01
5.251623e-01	5.612913e-01	4.078875e+00	1.414138e+00	5.146461e-01
5.612913e-01	5.974205e-01	4.591643e+00	1.328435e+00	3.005602e-01
5.974204e-01	6.335495e-01	5.028822e+00	1.194508e+00	1.152395e-01
6.335497e-01	6.696787e-01	5.453039e+00	9.713693e-01	0.000000e+00
6.696787e-01	7.058079e-01	5.781304e+00	7.299996e-01	0.000000e+00
7.058080e-01	7.419370e-01	5.996712e+00	4.115796e-01	0.000000e+00
7.419370e-01	7.780660e-01	6.151595e+00	5.878170e-01	0.000000e+00
7.780661e-01	8.141953e-01	6.228837e+00	6.677840e-01	1.827746e-01
8.141954e-01	8.503245e-01	6.220733e+00	7.871051e-01	5.261548e-01
8.503244e-01	8.864534e-01	6.152160e+00	8.512086e-01	7.174272e-01
8.864535e-01	9.225827e-01	5.961865e+00	8.688291e-01	1.015245e+00
9.225828e-01	9.587118e-01	5.738073e+00	8.404942e-01	1.125613e+00
9.587118e-01	9.948408e-01	5.557556e+00	8.712977e-01	1.163810e+00
9.948404e-01	1.030970e+00	5.090977e+00	6.791423e-01	1.328143e+00
1.030970e+00	1.067098e+00	4.886662e+00	7.426804e-01	1.164153e+00
1.067100e+00	1.103228e+00	4.509353e+00	6.912176e-01	1.160807e+00
1.103229e+00	1.139358e+00	4.164920e+00	6.379169e-01	1.066943e+00
1.139357e+00	1.175487e+00	3.790075e+00	5.660144e-01	8.708276e-01
1.175487e+00	1.211615e+00	3.461585e+00	4.995571e-01	9.032799e-01
1.211617e+00	1.247745e+00	3.118960e+00	5.537413e-01	7.621329e-01
1.247746e+00	1.283875e+00	2.807243e+00	4.544211e-01	6.933571e-01
1.283874e+00	1.320002e+00	2.456549e+00	3.653647e-01	5.884041e-01
1.320002e+00	1.356131e+00	2.181057e+00	3.497985e-01	4.803573e-01
1.356132e+00	1.392261e+00	1.918034e+00	2.957541e-01	3.591303e-01
1.392261e+00	1.428391e+00	1.652122e+00	2.755547e-01	3.161785e-01
1.428391e+00	1.464519e+00	1.431458e+00	1.504276e-01	2.325569e-01
1.464519e+00	1.500648e+00	1.195582e+00	1.509402e-01	2.057331e-01
1.500649e+00	1.536778e+00	9.964242e-01	1.472737e-01	1.717817e-01
1.536778e+00	1.572906e+00	8.280924e-01	9.108085e-02	1.201663e-01
1.572906e+00	1.609035e+00	6.391544e-01	9.424894e-02	1.271676e-01
1.609036e+00	1.645165e+00	5.020347e-01	1.068103e-01	5.628470e-02
1.645165e+00	1.681293e+00	3.881840e-01	5.887874e-02	7.921587e-02
1.681294e+00	1.717424e+00	2.762177e-01	3.162970e-02	6.368707e-02
1.717423e+00	1.753552e+00	2.281711e-01	5.286570e-02	3.165839e-02
1.753553e+00	1.789682e+00	1.613441e-01	3.106385e-02	4.083512e-02
1.789682e+00	1.825811e+00	1.151521e-01	2.448797e-02	0.000000e+00
1.825812e+00	1.861940e+00	1.410559e-01	6.697578e-02	0.000000e+00
1.861940e+00	1.898069e+00	6.752465e-02	1.475920e-02	1.861352e-02
1.898069e+00	1.934198e+00	4.778292e-02	8.920895e-03	1.228299e-02
1.934198e+00	1.970328e+00	3.483695e-02	5.072544e-03	9.432383e-03
1.970329e+00	2.006458e+00	2.489706e-02	5.303058e-03	5.964522e-03
2.006458e+00	2.042587e+00	1.835209e-02	4.735830e-03	4.704545e-03
2.042585e+00	2.078714e+00	1.329244e-02	3.813427e-03	4.250666e-03
2.078715e+00	2.114844e+00	7.977841e-03	1.795419e-03	2.347914e-03
2.114845e+00	2.150974e+00	4.619596e-03	1.252822e-03	1.987797e-03
2.150972e+00	2.187101e+00	2.718429e-03	6.665147e-04	1.751484e-03
2.187102e+00	2.223231e+00	1.740045e-03	4.747092e-04	1.005854e-03
2.223231e+00	2.259361e+00	1.124595e-03	2.987348e-04	5.945262e-04
2.259362e+00	2.295491e+00	7.538219e-04	1.931468e-04	3.413626e-04
2.295489e+00	2.331618e+00	5.427344e-04	1.917559e-04	2.505206e-04
2.331619e+00	2.367748e+00	3.694113e-04	1.297640e-04	1.945216e-04
2.367749e+00	2.403878e+00	2.393296e-04	0.000000e+00	1.145827e-04
2.403876e+00	2.440005e+00	1.925627e-04	7.984237e-05	7.164375e-05
2.440006e+00	2.476135e+00	1.208628e-04	3.435395e-05	4.738509e-05
2.476135e+00	2.512265e+00	7.122408e-05	1.654882e-05	3.559499e-05
2.512266e+00	2.548395e+00	5.193227e-05	1.976897e-05	3.485834e-05
2.548393e+00	2.584522e+00	2.758789e-05	9.450865e-06	1.507349e-05
2.584523e+00	2.620652e+00	1.547534e-05	4.798926e-06	2.695902e-05
2.620653e+00	2.656782e+00	1.163390e-05	3.178682e-06	9.328465e-06
2.656780e+00	2.692909e+00	5.037452e-06	2.942235e-07	5.188386e-06
2.692910e+00	2.729039e+00	2.798752e-06	3.987838e-07	1.828775e-06
2.729040e+00	2.765169e+00	1.599707e-06	0.000000e+00	1.880882e-06
2.765168e+00	2.801298e+00	9.580440e-07	3.989231e-07	5.815696e-07
2.801297e+00	2.837426e+00	5.004877e-07	2.289786e-07	7.310302e-07
2.837427e+00	2.873556e+00	8.951836e-08	0.000000e+00	2.683966e-07
2.873557e+00	2.909686e+00	4.687052e-08	1.775540e-08	2.637965e-07
2.909686e+00	2.945815e+00	6.423765e-08	1.995976e-08	0.000000e+00
2.945813e+00	2.981942e+00	1.473378e-08	1.117563e-08	6.793977e-09
2.981943e+00	3.018072e+00	1.338619e-08	0.000000e+00	6.140270e-09
3.018072e+00	3.054202e+00	1.527501e-09	0.000000e+00	6.479380e-10
3.054203e+00	3.090332e+00	2.134820e-10	0.000000e+00	5.233679e-10
3.090330e+00	3.126459e+00	2.296441e-11	8.666168e-12	0.000000e+00
3.126460e+00	3.162589e+00	1.188787e-11	8.433627e-12	7.053688e-12
3.162590e+00	3.198719e+00	3.807985e-12	3.485592e-12	0.000000e+00
3.198717e+00	3.234846e+00	8.308929e-13	7.687384e-13	0.000000e+00
3.234847e+00	3.270976e+00	4.002843e-12	3.930678e-12	0.000000e+00
3.270977e+00	3.307106e+00	-8.008802e-17	0.000000e+00	3.095689e-16
3.307105e+00	3.343235e+00	1.442531e-20	0.000000e+00	1.459592e-18
3.343234e+00	3.379363e+00	1.050309e-25	1.050309e-25	0.000000e+00
3.379364e+00	3.415493e+00	1.168742e-18	1.168742e-18	0.000000e+00
3.415494e+00	3.451623e+00	1.734905e-27	1.734905e-27	0.000000e+00
3.451621e+00	3.487750e+00	0.000000e+00	0.000000e+00	0.000000e+00
3.487751e+00	3.523880e+00	0.000000e+00	0.000000e+00	0.000000e+00
3.523881e+00	3.560010e+00	0.000000e+00	0.000000e+00	0.000000e+00
3.560009e+00	3.596139e+00	0.000000e+00	0.000000e+00	0.000000e+00
3.596138e+00	3.632267e+00	0.000000e+00	0.000000e+00	0.000000e+00
3.632268e+00	3.668397e+00	0.000000e+00	0.000000e+00	0.000000e+00
3.668398e+00	3.704527e+00	0.000000e+00	0.000000e+00	0.000000e+00
3.704525e+00	3.740654e+00	0.000000e+00	0.000000e+00	0.000000e+00
3.740655e+00	3.776784e+00	0.000000e+00	0.000000e+00	0.000000e+00
3.776785e+00	3.812914e+00	0.000000e+00	0.000000e+00	0.000000e+00
# END HISTO1D


# BEGIN HISTO1D //homes/tinghua1/Merging-Project/Production/HJETS/ratio-plots/hjets-matched-errorband/H-N2-3-4-25gev-combine.yoda/MC_H_KTSPLITTINGS/log10_d_34
ErrorBandColor=blue
ErrorBandOpacity=0.3
ErrorBands=1
ErrorType=env
LineColor=blue
LineStyle=solid
Path=//homes/tinghua1/Merging-Project/Production/HJETS/ratio-plots/hjets-matched-errorband/H-N2-3-4-25gev-combine.yoda/MC_H_KTSPLITTINGS/log10_d_34
RatioPlotSameStyle=1
Title=h(2*,3,4)
# xlow	 xhigh	 val	 errminus	 errplus
2.000000e-01	2.361292e-01	5.416786e-01	3.359351e-01	6.057347e-01
2.361291e-01	2.722583e-01	7.153640e-01	4.348300e-01	6.948156e-01
2.722583e-01	3.083875e-01	9.623304e-01	5.710906e-01	8.310152e-01
3.083874e-01	3.445165e-01	1.261896e+00	7.237847e-01	9.943882e-01
3.445165e-01	3.806457e-01	1.615871e+00	8.894927e-01	9.540089e-01
3.806457e-01	4.167748e-01	2.033968e+00	1.061770e+00	9.426019e-01
4.167748e-01	4.529039e-01	2.496353e+00	1.217122e+00	8.991403e-01
4.529039e-01	4.890331e-01	3.017579e+00	1.354504e+00	8.165860e-01
4.890331e-01	5.251621e-01	3.557506e+00	1.429787e+00	7.186063e-01
5.251623e-01	5.612913e-01	4.106504e+00	1.451085e+00	5.829428e-01
5.612913e-01	5.974205e-01	4.610620e+00	1.384667e+00	3.523549e-01
5.974204e-01	6.335495e-01	5.106003e+00	1.299053e+00	1.238891e-01
6.335497e-01	6.696787e-01	5.479148e+00	1.035121e+00	0.000000e+00
6.696787e-01	7.058079e-01	5.824084e+00	7.605261e-01	0.000000e+00
7.058080e-01	7.419370e-01	6.075850e+00	4.421837e-01	0.000000e+00
7.419370e-01	7.780660e-01	6.249951e+00	5.894030e-01	0.000000e+00
7.780661e-01	8.141953e-01	6.264750e+00	6.242264e-01	1.582294e-01
8.141954e-01	8.503245e-01	6.217235e+00	7.065081e-01	4.557711e-01
8.503244e-01	8.864534e-01	6.146054e+00	8.031199e-01	6.932916e-01
8.864535e-01	9.225827e-01	5.981323e+00	7.960874e-01	9.191042e-01
9.225828e-01	9.587118e-01	5.762042e+00	8.062255e-01	1.059337e+00
9.587118e-01	9.948408e-01	5.496849e+00	8.144653e-01	1.177300e+00
9.948404e-01	1.030970e+00	5.212959e+00	8.058463e-01	1.179149e+00
1.030970e+00	1.067098e+00	4.876634e+00	7.606826e-01	1.159315e+00
1.067100e+00	1.103228e+00	4.494755e+00	6.695868e-01	1.161654e+00
1.103229e+00	1.139358e+00	4.144698e+00	6.469623e-01	1.113338e+00
1.139357e+00	1.175487e+00	3.848945e+00	6.726073e-01	9.532577e-01
1.175487e+00	1.211615e+00	3.418152e+00	5.552133e-01	9.359600e-01
1.211617e+00	1.247745e+00	3.080833e+00	5.295945e-01	8.068892e-01
1.247746e+00	1.283875e+00	2.713299e+00	4.400482e-01	7.575474e-01
1.283874e+00	1.320002e+00	2.425611e+00	4.273968e-01	6.241936e-01
1.320002e+00	1.356131e+00	2.111885e+00	3.635011e-01	5.430078e-01
1.356132e+00	1.392261e+00	1.852101e+00	3.259365e-01	4.633439e-01
1.392261e+00	1.428391e+00	1.608718e+00	2.940761e-01	4.075190e-01
1.428391e+00	1.464519e+00	1.370025e+00	2.361571e-01	3.658632e-01
1.464519e+00	1.500648e+00	1.153460e+00	2.112073e-01	2.753486e-01
1.500649e+00	1.536778e+00	9.515063e-01	1.544111e-01	2.352501e-01
1.536778e+00	1.572906e+00	7.727764e-01	1.393147e-01	1.860079e-01
1.572906e+00	1.609035e+00	6.156309e-01	1.156647e-01	1.483886e-01
1.609036e+00	1.645165e+00	4.869526e-01	1.030242e-01	1.088439e-01
1.645165e+00	1.681293e+00	3.711329e-01	6.809101e-02	8.968612e-02
1.681294e+00	1.717424e+00	2.772389e-01	4.580116e-02	7.409244e-02
1.717423e+00	1.753552e+00	2.186584e-01	4.769958e-02	5.026231e-02
1.753553e+00	1.789682e+00	1.570170e-01	2.846353e-02	4.338924e-02
1.789682e+00	1.825811e+00	1.181502e-01	2.493601e-02	3.419605e-02
1.825812e+00	1.861940e+00	8.794832e-02	1.944623e-02	2.449702e-02
1.861940e+00	1.898069e+00	7.436765e-02	2.361947e-02	1.890556e-02
1.898069e+00	1.934198e+00	4.721418e-02	9.870298e-03	1.478103e-02
1.934198e+00	1.970328e+00	3.445422e-02	7.186383e-03	1.114268e-02
1.970329e+00	2.006458e+00	2.532585e-02	6.673221e-03	7.923862e-03
2.006458e+00	2.042587e+00	1.840000e-02	4.873287e-03	5.315381e-03
2.042585e+00	2.078714e+00	1.248092e-02	3.423004e-03	3.910618e-03
2.078715e+00	2.114844e+00	8.146805e-03	2.219787e-03	2.747710e-03
2.114845e+00	2.150974e+00	4.532711e-03	1.039185e-03	1.678912e-03
2.150972e+00	2.187101e+00	2.611854e-03	5.954757e-04	1.176772e-03
2.187102e+00	2.223231e+00	1.749480e-03	6.275311e-04	6.761842e-04
2.223231e+00	2.259361e+00	1.160233e-03	3.968633e-04	4.472663e-04
2.259362e+00	2.295491e+00	7.205168e-04	1.864594e-04	3.929777e-04
2.295489e+00	2.331618e+00	4.940873e-04	1.662966e-04	2.641980e-04
2.331619e+00	2.367748e+00	3.180404e-04	9.103806e-05	1.761280e-04
2.367749e+00	2.403878e+00	2.137547e-04	6.182438e-05	1.118516e-04
2.403876e+00	2.440005e+00	1.510322e-04	5.146636e-05	1.007046e-04
2.440006e+00	2.476135e+00	1.095727e-04	4.026998e-05	4.405990e-05
2.476135e+00	2.512265e+00	8.034539e-05	2.986731e-05	2.432369e-05
2.512266e+00	2.548395e+00	4.495394e-05	1.179512e-05	3.083288e-05
2.548393e+00	2.584522e+00	3.084287e-05	1.215317e-05	1.535534e-05
2.584523e+00	2.620652e+00	1.595475e-05	1.853458e-06	1.353065e-05
2.620653e+00	2.656782e+00	1.229981e-05	5.286617e-06	2.248078e-06
2.656780e+00	2.692909e+00	5.437820e-06	1.471621e-06	3.011326e-06
2.692910e+00	2.729039e+00	2.716685e-06	2.106147e-07	2.865321e-06
2.729040e+00	2.765169e+00	1.326192e-06	1.149312e-07	1.099141e-06
2.765168e+00	2.801298e+00	7.266316e-07	1.284138e-07	7.723961e-07
2.801297e+00	2.837426e+00	5.771272e-07	0.000000e+00	6.171339e-07
2.837427e+00	2.873556e+00	1.590156e-07	3.923961e-08	1.207668e-07
2.873557e+00	2.909686e+00	1.730129e-07	1.587086e-07	0.000000e+00
2.909686e+00	2.945815e+00	6.189861e-09	0.000000e+00	5.267235e-08
2.945813e+00	2.981942e+00	6.856473e-09	0.000000e+00	2.947872e-08
2.981943e+00	3.018072e+00	6.552019e-09	5.906188e-09	0.000000e+00
3.018072e+00	3.054202e+00	6.366194e-09	5.964756e-09	0.000000e+00
3.054203e+00	3.090332e+00	1.178714e-09	9.478376e-10	2.561754e-10
3.090330e+00	3.126459e+00	2.076843e-11	1.730931e-11	3.686705e-10
3.126460e+00	3.162589e+00	7.735299e-12	3.110097e-11	0.000000e+00
3.162590e+00	3.198719e+00	2.569631e-13	2.357397e-11	2.639588e-12
3.198717e+00	3.234846e+00	1.636409e-12	1.599276e-12	0.000000e+00
3.234847e+00	3.270976e+00	4.420139e-12	4.416327e-12	0.000000e+00
3.270977e+00	3.307106e+00	2.655111e-15	2.650632e-15	0.000000e+00
3.307105e+00	3.343235e+00	4.686039e-20	4.669773e-20	0.000000e+00
3.343234e+00	3.379363e+00	-4.115802e-32	0.000000e+00	6.042300e-26
3.379364e+00	3.415493e+00	0.000000e+00	0.000000e+00	2.103924e-22
3.415494e+00	3.451623e+00	0.000000e+00	0.000000e+00	0.000000e+00
3.451621e+00	3.487750e+00	0.000000e+00	0.000000e+00	0.000000e+00
3.487751e+00	3.523880e+00	0.000000e+00	0.000000e+00	0.000000e+00
3.523881e+00	3.560010e+00	0.000000e+00	0.000000e+00	0.000000e+00
3.560009e+00	3.596139e+00	0.000000e+00	0.000000e+00	0.000000e+00
3.596138e+00	3.632267e+00	0.000000e+00	0.000000e+00	0.000000e+00
3.632268e+00	3.668397e+00	0.000000e+00	0.000000e+00	0.000000e+00
3.668398e+00	3.704527e+00	0.000000e+00	0.000000e+00	0.000000e+00
3.704525e+00	3.740654e+00	0.000000e+00	0.000000e+00	0.000000e+00
3.740655e+00	3.776784e+00	0.000000e+00	0.000000e+00	0.000000e+00
3.776785e+00	3.812914e+00	0.000000e+00	0.000000e+00	0.000000e+00
# END HISTO1D


# BEGIN HISTO1D //homes/tinghua1/Merging-Project/Production/HJETS/ratio-plots/hjets-matched-errorband/H-2-3-4-25gev-combine.yoda/MC_H_KTSPLITTINGS/log10_d_34
ErrorBandColor=yellow
ErrorBandOpacity=0.3
ErrorBands=1
ErrorType=env
LineColor=yellow
LineStyle=solid
Path=//homes/tinghua1/Merging-Project/Production/HJETS/ratio-plots/hjets-matched-errorband/H-2-3-4-25gev-combine.yoda/MC_H_KTSPLITTINGS/log10_d_34
RatioPlotSameStyle=1
Title=h(2,3,4)
# xlow	 xhigh	 val	 errminus	 errplus
2.000000e-01	2.361292e-01	5.457299e-01	3.309911e-01	5.776607e-01
2.361291e-01	2.722583e-01	7.214660e-01	4.284634e-01	6.568784e-01
2.722583e-01	3.083875e-01	9.697501e-01	5.646509e-01	7.735994e-01
3.083874e-01	3.445165e-01	1.268136e+00	7.114251e-01	8.472868e-01
3.445165e-01	3.806457e-01	1.617570e+00	8.680466e-01	8.693506e-01
3.806457e-01	4.167748e-01	2.020291e+00	1.021468e+00	8.534118e-01
4.167748e-01	4.529039e-01	2.471002e+00	1.161646e+00	7.920463e-01
4.529039e-01	4.890331e-01	2.966385e+00	1.272002e+00	6.965169e-01
4.890331e-01	5.251621e-01	3.495883e+00	1.339912e+00	5.707588e-01
5.251623e-01	5.612913e-01	4.015475e+00	1.341920e+00	4.016015e-01
5.612913e-01	5.974205e-01	4.469083e+00	1.257180e+00	2.112308e-01
5.974204e-01	6.335495e-01	4.888588e+00	1.089105e+00	1.479140e-02
6.335497e-01	6.696787e-01	5.242193e+00	8.717073e-01	0.000000e+00
6.696787e-01	7.058079e-01	5.539821e+00	6.236424e-01	0.000000e+00
7.058080e-01	7.419370e-01	5.733949e+00	4.908730e-01	0.000000e+00
7.419370e-01	7.780660e-01	5.852554e+00	6.169930e-01	0.000000e+00
7.780661e-01	8.141953e-01	5.872073e+00	7.075496e-01	2.587104e-01
8.141954e-01	8.503245e-01	5.823693e+00	7.776391e-01	5.225400e-01
8.503244e-01	8.864534e-01	5.711723e+00	8.126524e-01	7.504422e-01
8.864535e-01	9.225827e-01	5.545681e+00	8.163425e-01	9.311859e-01
9.225828e-01	9.587118e-01	5.342297e+00	8.176373e-01	1.048435e+00
9.587118e-01	9.948408e-01	5.081156e+00	7.957713e-01	1.129154e+00
9.948404e-01	1.030970e+00	4.795434e+00	7.632905e-01	1.157430e+00
1.030970e+00	1.067098e+00	4.480359e+00	7.302832e-01	1.143372e+00
1.067100e+00	1.103228e+00	4.137493e+00	6.735116e-01	1.104752e+00
1.103229e+00	1.139358e+00	3.808904e+00	6.360431e-01	1.018459e+00
1.139357e+00	1.175487e+00	3.459815e+00	5.789842e-01	9.497454e-01
1.175487e+00	1.211615e+00	3.134446e+00	5.355526e-01	8.561128e-01
1.211617e+00	1.247745e+00	2.797351e+00	4.732287e-01	7.691799e-01
1.247746e+00	1.283875e+00	2.495286e+00	4.425370e-01	6.639021e-01
1.283874e+00	1.320002e+00	2.193818e+00	3.875922e-01	5.781962e-01
1.320002e+00	1.356131e+00	1.923375e+00	3.474442e-01	4.934094e-01
1.356132e+00	1.392261e+00	1.670414e+00	2.930355e-01	4.373102e-01
1.392261e+00	1.428391e+00	1.454566e+00	2.664426e-01	3.672593e-01
1.428391e+00	1.464519e+00	1.238405e+00	2.132686e-01	3.125365e-01
1.464519e+00	1.500648e+00	1.046008e+00	1.851192e-01	2.513621e-01
1.500649e+00	1.536778e+00	8.652717e-01	1.553284e-01	1.936522e-01
1.536778e+00	1.572906e+00	6.923928e-01	1.192327e-01	1.635913e-01
1.572906e+00	1.609035e+00	5.523258e-01	9.616319e-02	1.199242e-01
1.609036e+00	1.645165e+00	4.331484e-01	8.293974e-02	9.500346e-02
1.645165e+00	1.681293e+00	3.278582e-01	5.221609e-02	8.171137e-02
1.681294e+00	1.717424e+00	2.476749e-01	4.296637e-02	6.051830e-02
1.717423e+00	1.753552e+00	1.915450e-01	3.962022e-02	4.177683e-02
1.753553e+00	1.789682e+00	1.407034e-01	2.783207e-02	3.156979e-02
1.789682e+00	1.825811e+00	1.031172e-01	1.931996e-02	2.729760e-02
1.825812e+00	1.861940e+00	7.818725e-02	1.783883e-02	1.747488e-02
1.861940e+00	1.898069e+00	5.514451e-02	1.102533e-02	1.609649e-02
1.898069e+00	1.934198e+00	4.080395e-02	8.672396e-03	1.261477e-02
1.934198e+00	1.970328e+00	3.062948e-02	7.454229e-03	9.054082e-03
1.970329e+00	2.006458e+00	2.172558e-02	4.996623e-03	7.231742e-03
2.006458e+00	2.042587e+00	1.600086e-02	3.851053e-03	5.603728e-03
2.042585e+00	2.078714e+00	1.138925e-02	2.858709e-03	3.932749e-03
2.078715e+00	2.114844e+00	7.392264e-03	1.895580e-03	2.347535e-03
2.114845e+00	2.150974e+00	4.128074e-03	9.840073e-04	1.697714e-03
2.150972e+00	2.187101e+00	2.433577e-03	6.074215e-04	1.192189e-03
2.187102e+00	2.223231e+00	1.528710e-03	4.193332e-04	7.122744e-04
2.223231e+00	2.259361e+00	9.992101e-04	2.476316e-04	4.832344e-04
2.259362e+00	2.295491e+00	6.398611e-04	1.542251e-04	3.620944e-04
2.295489e+00	2.331618e+00	5.081037e-04	1.814526e-04	1.744673e-04
2.331619e+00	2.367748e+00	3.071909e-04	9.275731e-05	1.525232e-04
2.367749e+00	2.403878e+00	2.399867e-04	9.938551e-05	7.250740e-05
2.403876e+00	2.440005e+00	1.414470e-04	5.059603e-05	9.343677e-05
2.440006e+00	2.476135e+00	9.546805e-05	3.028285e-05	4.813881e-05
2.476135e+00	2.512265e+00	7.537658e-05	2.341943e-05	3.067872e-05
2.512266e+00	2.548395e+00	3.947931e-05	1.328946e-05	2.406219e-05
2.548393e+00	2.584522e+00	2.495150e-05	7.353863e-06	1.106459e-05
2.584523e+00	2.620652e+00	1.655581e-05	6.348316e-06	1.000106e-05
2.620653e+00	2.656782e+00	1.135701e-05	4.448534e-06	4.480547e-06
2.656780e+00	2.692909e+00	5.870207e-06	3.019023e-06	1.809062e-06
2.692910e+00	2.729039e+00	2.288471e-06	0.000000e+00	2.164331e-06
2.729040e+00	2.765169e+00	2.399197e-06	1.530199e-06	1.068294e-06
2.765168e+00	2.801298e+00	9.017755e-07	2.616607e-07	2.248433e-07
2.801297e+00	2.837426e+00	2.878134e-07	0.000000e+00	4.385845e-07
2.837427e+00	2.873556e+00	2.939688e-07	1.368094e-07	1.257048e-07
2.873557e+00	2.909686e+00	7.142395e-08	0.000000e+00	3.275284e-07
2.909686e+00	2.945815e+00	1.345809e-08	5.038205e-09	1.417619e-08
2.945813e+00	2.981942e+00	4.364582e-08	1.760790e-08	0.000000e+00
2.981943e+00	3.018072e+00	6.899062e-09	6.568408e-11	2.256165e-10
3.018072e+00	3.054202e+00	2.764606e-09	1.406389e-09	3.718070e-09
3.054203e+00	3.090332e+00	6.407252e-11	0.000000e+00	6.841723e-09
3.090330e+00	3.126459e+00	6.693908e-11	0.000000e+00	1.693287e-10
3.126460e+00	3.162589e+00	2.045368e-11	0.000000e+00	3.419713e-11
3.162590e+00	3.198719e+00	4.255282e-10	4.250758e-10	0.000000e+00
3.198717e+00	3.234846e+00	4.544111e-12	4.356712e-12	0.000000e+00
3.234847e+00	3.270976e+00	1.553194e-17	0.000000e+00	1.820246e-14
3.270977e+00	3.307106e+00	1.880006e-14	1.880002e-14	0.000000e+00
3.307105e+00	3.343235e+00	2.447384e-24	0.000000e+00	1.237772e-16
3.343234e+00	3.379363e+00	4.263575e-29	0.000000e+00	5.820942e-25
3.379364e+00	3.415493e+00	1.035999e-19	1.035999e-19	0.000000e+00
3.415494e+00	3.451623e+00	0.000000e+00	0.000000e+00	2.235899e-29
3.451621e+00	3.487750e+00	0.000000e+00	0.000000e+00	0.000000e+00
3.487751e+00	3.523880e+00	0.000000e+00	0.000000e+00	0.000000e+00
3.523881e+00	3.560010e+00	0.000000e+00	0.000000e+00	0.000000e+00
3.560009e+00	3.596139e+00	0.000000e+00	0.000000e+00	0.000000e+00
3.596138e+00	3.632267e+00	0.000000e+00	0.000000e+00	0.000000e+00
3.632268e+00	3.668397e+00	0.000000e+00	0.000000e+00	0.000000e+00
3.668398e+00	3.704527e+00	0.000000e+00	0.000000e+00	0.000000e+00
3.704525e+00	3.740654e+00	0.000000e+00	0.000000e+00	0.000000e+00
3.740655e+00	3.776784e+00	0.000000e+00	0.000000e+00	0.000000e+00
3.776785e+00	3.812914e+00	0.000000e+00	0.000000e+00	0.000000e+00
# END HISTO1D


# BEGIN HISTO1D //homes/tinghua1/Merging-Project/Production/HJETS/ratio-plots/hjets-matched-errorband/H-N2-3-25gev-combine.yoda/MC_H_KTSPLITTINGS/log10_d_34
ErrorBandColor=green
ErrorBandOpacity=0.3
ErrorBands=1
ErrorType=env
LineColor=green
LineStyle=solid
Path=//homes/tinghua1/Merging-Project/Production/HJETS/ratio-plots/hjets-matched-errorband/H-N2-3-25gev-combine.yoda/MC_H_KTSPLITTINGS/log10_d_34
RatioPlotSameStyle=1
Title=h(2*,3)
# xlow	 xhigh	 val	 errminus	 errplus
2.000000e-01	2.361292e-01	5.413653e-01	3.334862e-01	6.077818e-01
2.361291e-01	2.722583e-01	7.165235e-01	4.388675e-01	6.932299e-01
2.722583e-01	3.083875e-01	9.628745e-01	5.722432e-01	8.275681e-01
3.083874e-01	3.445165e-01	1.263199e+00	7.276464e-01	9.192474e-01
3.445165e-01	3.806457e-01	1.616480e+00	8.884199e-01	9.505184e-01
3.806457e-01	4.167748e-01	2.022424e+00	1.048986e+00	9.527124e-01
4.167748e-01	4.529039e-01	2.498438e+00	1.216352e+00	8.972288e-01
4.529039e-01	4.890331e-01	3.010626e+00	1.346570e+00	8.207267e-01
4.890331e-01	5.251621e-01	3.570521e+00	1.439929e+00	6.941717e-01
5.251623e-01	5.612913e-01	4.111735e+00	1.444546e+00	5.419648e-01
5.612913e-01	5.974205e-01	4.625422e+00	1.390759e+00	3.296558e-01
5.974204e-01	6.335495e-01	5.073085e+00	1.242190e+00	1.471362e-01
6.335497e-01	6.696787e-01	5.472511e+00	1.036104e+00	0.000000e+00
6.696787e-01	7.058079e-01	5.819564e+00	7.823921e-01	0.000000e+00
7.058080e-01	7.419370e-01	6.091024e+00	5.121495e-01	0.000000e+00
7.419370e-01	7.780660e-01	6.238882e+00	5.508966e-01	0.000000e+00
7.780661e-01	8.141953e-01	6.341693e+00	7.135060e-01	1.640363e-01
8.141954e-01	8.503245e-01	6.263516e+00	7.461326e-01	4.426764e-01
8.503244e-01	8.864534e-01	6.162744e+00	7.858181e-01	6.950602e-01
8.864535e-01	9.225827e-01	6.029873e+00	8.122737e-01	8.884171e-01
9.225828e-01	9.587118e-01	5.798647e+00	8.119328e-01	1.067303e+00
9.587118e-01	9.948408e-01	5.542662e+00	8.292042e-01	1.147136e+00
9.948404e-01	1.030970e+00	5.250493e+00	7.928816e-01	1.124933e+00
1.030970e+00	1.067098e+00	4.905702e+00	7.480141e-01	1.199167e+00
1.067100e+00	1.103228e+00	4.560384e+00	6.914999e-01	1.162186e+00
1.103229e+00	1.139358e+00	4.220067e+00	6.667885e-01	1.098854e+00
1.139357e+00	1.175487e+00	3.855226e+00	6.279657e-01	1.017647e+00
1.175487e+00	1.211615e+00	3.485261e+00	5.758947e-01	9.416369e-01
1.211617e+00	1.247745e+00	3.137590e+00	5.124507e-01	8.440034e-01
1.247746e+00	1.283875e+00	2.802975e+00	4.760516e-01	7.681170e-01
1.283874e+00	1.320002e+00	2.467895e+00	4.173553e-01	6.552833e-01
1.320002e+00	1.356131e+00	2.151525e+00	3.715364e-01	5.799673e-01
1.356132e+00	1.392261e+00	1.886018e+00	3.351875e-01	4.641565e-01
1.392261e+00	1.428391e+00	1.597867e+00	2.819961e-01	4.230927e-01
1.428391e+00	1.464519e+00	1.349685e+00	2.414130e-01	3.363603e-01
1.464519e+00	1.500648e+00	1.106389e+00	1.976457e-01	2.809646e-01
1.500649e+00	1.536778e+00	8.981680e-01	1.703850e-01	2.206142e-01
1.536778e+00	1.572906e+00	7.083772e-01	1.324454e-01	2.033430e-01
1.572906e+00	1.609035e+00	5.442846e-01	1.025060e-01	1.413593e-01
1.609036e+00	1.645165e+00	4.121277e-01	7.575217e-02	1.065476e-01
1.645165e+00	1.681293e+00	3.036112e-01	5.916394e-02	7.898392e-02
1.681294e+00	1.717424e+00	2.198004e-01	4.362873e-02	6.198951e-02
1.717423e+00	1.753552e+00	1.578785e-01	3.316624e-02	4.123925e-02
1.753553e+00	1.789682e+00	1.094933e-01	2.260104e-02	3.088032e-02
1.789682e+00	1.825811e+00	7.561762e-02	1.503144e-02	2.068751e-02
1.825812e+00	1.861940e+00	5.081569e-02	1.072072e-02	1.456229e-02
1.861940e+00	1.898069e+00	3.336170e-02	7.077882e-03	9.580669e-03
1.898069e+00	1.934198e+00	2.078634e-02	3.953362e-03	8.001306e-03
1.934198e+00	1.970328e+00	1.366014e-02	3.535441e-03	3.617797e-03
1.970329e+00	2.006458e+00	7.478718e-03	1.209488e-03	3.212143e-03
2.006458e+00	2.042587e+00	4.813230e-03	1.127518e-03	1.331828e-03
2.042585e+00	2.078714e+00	2.611303e-03	5.283390e-04	9.534820e-04
2.078715e+00	2.114844e+00	1.570856e-03	3.812466e-04	4.421407e-04
2.114845e+00	2.150974e+00	8.034070e-04	1.983152e-04	3.232057e-04
2.150972e+00	2.187101e+00	4.497041e-04	1.133408e-04	1.467912e-04
2.187102e+00	2.223231e+00	2.645555e-04	7.924734e-05	9.259141e-05
2.223231e+00	2.259361e+00	1.437285e-04	2.379981e-05	5.199505e-05
2.259362e+00	2.295491e+00	8.723355e-05	2.756597e-05	3.042827e-05
2.295489e+00	2.331618e+00	5.052279e-05	1.159390e-05	2.558283e-05
2.331619e+00	2.367748e+00	2.900747e-05	8.796554e-06	1.051767e-05
2.367749e+00	2.403878e+00	1.651434e-05	2.885867e-06	7.044892e-06
2.403876e+00	2.440005e+00	1.087928e-05	3.210861e-06	2.062584e-06
2.440006e+00	2.476135e+00	5.772571e-06	5.485953e-07	2.163431e-06
2.476135e+00	2.512265e+00	3.732693e-06	1.567897e-06	1.540875e-06
2.512266e+00	2.548395e+00	2.128685e-06	5.090639e-07	7.728014e-07
2.548393e+00	2.584522e+00	1.008851e-06	3.417274e-07	5.197426e-07
2.584523e+00	2.620652e+00	5.120053e-07	1.771505e-07	3.594830e-07
2.620653e+00	2.656782e+00	2.984173e-07	0.000000e+00	8.356583e-08
2.656780e+00	2.692909e+00	2.336040e-07	1.597845e-07	2.573899e-08
2.692910e+00	2.729039e+00	9.477284e-08	6.998236e-08	0.000000e+00
2.729040e+00	2.765169e+00	3.650940e-08	2.883612e-09	7.195356e-09
2.765168e+00	2.801298e+00	8.159305e-09	0.000000e+00	1.520198e-08
2.801297e+00	2.837426e+00	1.165061e-08	6.485881e-09	0.000000e+00
2.837427e+00	2.873556e+00	1.164217e-09	0.000000e+00	1.935658e-09
2.873557e+00	2.909686e+00	1.104907e-09	7.466182e-10	9.756091e-10
2.909686e+00	2.945815e+00	5.380074e-09	4.905910e-09	0.000000e+00
2.945813e+00	2.981942e+00	2.989327e-11	0.000000e+00	1.306079e-09
2.981943e+00	3.018072e+00	8.041034e-11	6.420429e-11	4.270903e-10
3.018072e+00	3.054202e+00	1.234568e-12	3.082618e-13	5.402677e-11
3.054203e+00	3.090332e+00	2.059107e-13	1.264459e-13	3.834552e-13
3.090330e+00	3.126459e+00	2.361864e-14	5.850184e-15	4.725758e-13
3.126460e+00	3.162589e+00	2.208219e-13	2.206925e-13	0.000000e+00
3.162590e+00	3.198719e+00	1.591609e-17	0.000000e+00	2.934518e-14
3.198717e+00	3.234846e+00	3.781104e-17	2.838329e-18	5.713676e-17
3.234847e+00	3.270976e+00	1.526074e-19	1.525583e-19	1.716030e-18
3.270977e+00	3.307106e+00	0.000000e+00	0.000000e+00	6.801077e-18
3.307105e+00	3.343235e+00	2.238624e-24	2.238624e-24	0.000000e+00
3.343234e+00	3.379363e+00	0.000000e+00	0.000000e+00	4.861120e-24
3.379364e+00	3.415493e+00	0.000000e+00	0.000000e+00	0.000000e+00
3.415494e+00	3.451623e+00	0.000000e+00	0.000000e+00	0.000000e+00
3.451621e+00	3.487750e+00	0.000000e+00	0.000000e+00	0.000000e+00
3.487751e+00	3.523880e+00	0.000000e+00	0.000000e+00	0.000000e+00
3.523881e+00	3.560010e+00	0.000000e+00	0.000000e+00	0.000000e+00
3.560009e+00	3.596139e+00	0.000000e+00	0.000000e+00	0.000000e+00
3.596138e+00	3.632267e+00	0.000000e+00	0.000000e+00	0.000000e+00
3.632268e+00	3.668397e+00	0.000000e+00	0.000000e+00	0.000000e+00
3.668398e+00	3.704527e+00	0.000000e+00	0.000000e+00	0.000000e+00
3.704525e+00	3.740654e+00	0.000000e+00	0.000000e+00	0.000000e+00
3.740655e+00	3.776784e+00	0.000000e+00	0.000000e+00	0.000000e+00
3.776785e+00	3.812914e+00	0.000000e+00	0.000000e+00	0.000000e+00
# END HISTO1D


# BEGIN HISTO1D //homes/tinghua1/Merging-Project/Production/HJETS/ratio-plots/hjets-matched-errorband/H-2-3-25gev-combine.yoda/MC_H_KTSPLITTINGS/log10_d_34
ErrorBandColor=purple
ErrorBandOpacity=0.3
ErrorBands=1
ErrorType=env
LineColor=purple
LineStyle=solid
Path=//homes/tinghua1/Merging-Project/Production/HJETS/ratio-plots/hjets-matched-errorband/H-2-3-25gev-combine.yoda/MC_H_KTSPLITTINGS/log10_d_34
RatioPlotSameStyle=1
Title=h(2,3)
# xlow	 xhigh	 val	 errminus	 errplus
2.000000e-01	2.361292e-01	1.120854e+00	9.061129e-01	0.000000e+00
2.361291e-01	2.722583e-01	1.380145e+00	1.089109e+00	0.000000e+00
2.722583e-01	3.083875e-01	1.742339e+00	1.335558e+00	0.000000e+00
3.083874e-01	3.445165e-01	2.118420e+00	1.562867e+00	0.000000e+00
3.445165e-01	3.806457e-01	2.490084e+00	1.740609e+00	0.000000e+00
3.806457e-01	4.167748e-01	2.866861e+00	1.865152e+00	0.000000e+00
4.167748e-01	4.529039e-01	3.260950e+00	1.949654e+00	0.000000e+00
4.529039e-01	4.890331e-01	3.666752e+00	1.966040e+00	0.000000e+00
4.890331e-01	5.251621e-01	4.065822e+00	1.908172e+00	0.000000e+00
5.251623e-01	5.612913e-01	4.418485e+00	1.738463e+00	0.000000e+00
5.612913e-01	5.974205e-01	4.684308e+00	1.462175e+00	0.000000e+00
5.974204e-01	6.335495e-01	4.906848e+00	1.105320e+00	0.000000e+00
6.335497e-01	6.696787e-01	5.078693e+00	7.087223e-01	1.738073e-01
6.696787e-01	7.058079e-01	5.196885e+00	2.715920e-01	3.415852e-01
7.058080e-01	7.419370e-01	5.250444e+00	0.000000e+00	5.009646e-01
7.419370e-01	7.780660e-01	5.246306e+00	0.000000e+00	6.108289e-01
7.780661e-01	8.141953e-01	5.179511e+00	0.000000e+00	9.629856e-01
8.141954e-01	8.503245e-01	5.063165e+00	0.000000e+00	1.294563e+00
8.503244e-01	8.864534e-01	4.918304e+00	0.000000e+00	1.558876e+00
8.864535e-01	9.225827e-01	4.767894e+00	0.000000e+00	1.745051e+00
9.225828e-01	9.587118e-01	4.553094e+00	0.000000e+00	1.877813e+00
9.587118e-01	9.948408e-01	4.315895e+00	0.000000e+00	1.939033e+00
9.948404e-01	1.030970e+00	4.060682e+00	0.000000e+00	1.935755e+00
1.030970e+00	1.067098e+00	3.788372e+00	0.000000e+00	1.885297e+00
1.067100e+00	1.103228e+00	3.504265e+00	0.000000e+00	1.800161e+00
1.103229e+00	1.139358e+00	3.222375e+00	0.000000e+00	1.687522e+00
1.139357e+00	1.175487e+00	2.931627e+00	0.000000e+00	1.554157e+00
1.175487e+00	1.211615e+00	2.647910e+00	0.000000e+00	1.423692e+00
1.211617e+00	1.247745e+00	2.369139e+00	0.000000e+00	1.275003e+00
1.247746e+00	1.283875e+00	2.104010e+00	0.000000e+00	1.139891e+00
1.283874e+00	1.320002e+00	1.851208e+00	0.000000e+00	9.853362e-01
1.320002e+00	1.356131e+00	1.611747e+00	0.000000e+00	8.723809e-01
1.356132e+00	1.392261e+00	1.394249e+00	0.000000e+00	7.447842e-01
1.392261e+00	1.428391e+00	1.192360e+00	0.000000e+00	6.282903e-01
1.428391e+00	1.464519e+00	1.004194e+00	0.000000e+00	5.191688e-01
1.464519e+00	1.500648e+00	8.201747e-01	0.000000e+00	4.279615e-01
1.500649e+00	1.536778e+00	6.587107e-01	0.000000e+00	3.421692e-01
1.536778e+00	1.572906e+00	5.157751e-01	0.000000e+00	2.683567e-01
1.572906e+00	1.609035e+00	3.938446e-01	0.000000e+00	2.071704e-01
1.609036e+00	1.645165e+00	2.933156e-01	0.000000e+00	1.556082e-01
1.645165e+00	1.681293e+00	2.130157e-01	0.000000e+00	1.164598e-01
1.681294e+00	1.717424e+00	1.521181e-01	0.000000e+00	8.234738e-02
1.717423e+00	1.753552e+00	1.056851e-01	0.000000e+00	5.871793e-02
1.753553e+00	1.789682e+00	7.195126e-02	0.000000e+00	4.058283e-02
1.789682e+00	1.825811e+00	4.773802e-02	0.000000e+00	2.752360e-02
1.825812e+00	1.861940e+00	3.136112e-02	0.000000e+00	1.872532e-02
1.861940e+00	1.898069e+00	1.926209e-02	0.000000e+00	1.198635e-02
1.898069e+00	1.934198e+00	1.190404e-02	0.000000e+00	7.319369e-03
1.934198e+00	1.970328e+00	7.173288e-03	0.000000e+00	4.341683e-03
1.970329e+00	2.006458e+00	4.129630e-03	0.000000e+00	2.556301e-03
2.006458e+00	2.042587e+00	2.377299e-03	0.000000e+00	1.347814e-03
2.042585e+00	2.078714e+00	1.254080e-03	0.000000e+00	7.746295e-04
2.078715e+00	2.114844e+00	6.629060e-04	0.000000e+00	4.117366e-04
2.114845e+00	2.150974e+00	3.321700e-04	0.000000e+00	2.069805e-04
2.150972e+00	2.187101e+00	1.704914e-04	0.000000e+00	1.026998e-04
2.187102e+00	2.223231e+00	8.625038e-05	0.000000e+00	6.301024e-05
2.223231e+00	2.259361e+00	4.599186e-05	0.000000e+00	3.328511e-05
2.259362e+00	2.295491e+00	2.500705e-05	0.000000e+00	1.654005e-05
2.295489e+00	2.331618e+00	1.372517e-05	0.000000e+00	7.932091e-06
2.331619e+00	2.367748e+00	7.291284e-06	0.000000e+00	4.909447e-06
2.367749e+00	2.403878e+00	3.471156e-06	0.000000e+00	2.677796e-06
2.403876e+00	2.440005e+00	1.787482e-06	0.000000e+00	1.320218e-06
2.440006e+00	2.476135e+00	9.518058e-07	0.000000e+00	1.153484e-06
2.476135e+00	2.512265e+00	4.612712e-07	0.000000e+00	3.221633e-07
2.512266e+00	2.548395e+00	2.674112e-07	0.000000e+00	1.000164e-07
2.548393e+00	2.584522e+00	1.145179e-07	0.000000e+00	7.322259e-08
2.584523e+00	2.620652e+00	5.491694e-08	0.000000e+00	2.252811e-08
2.620653e+00	2.656782e+00	2.606482e-08	0.000000e+00	9.245371e-09
2.656780e+00	2.692909e+00	1.100618e-08	0.000000e+00	2.683963e-09
2.692910e+00	2.729039e+00	5.592535e-09	2.530779e-09	1.541548e-09
2.729040e+00	2.765169e+00	2.416771e-09	0.000000e+00	1.288950e-09
2.765168e+00	2.801298e+00	8.453831e-10	1.089029e-10	0.000000e+00
2.801297e+00	2.837426e+00	1.873556e-10	1.213205e-11	1.796250e-10
2.837427e+00	2.873556e+00	4.407044e-11	0.000000e+00	1.163459e-10
2.873557e+00	2.909686e+00	1.500984e-11	6.076540e-12	4.451722e-11
2.909686e+00	2.945815e+00	8.283448e-13	0.000000e+00	8.654317e-12
2.945813e+00	2.981942e+00	2.999848e-13	0.000000e+00	8.511887e-12
2.981943e+00	3.018072e+00	4.442667e-12	4.442642e-12	0.000000e+00
3.018072e+00	3.054202e+00	4.171320e-15	0.000000e+00	1.152839e-12
3.054203e+00	3.090332e+00	3.484525e-16	2.720073e-16	2.681881e-14
3.090330e+00	3.126459e+00	9.440524e-18	0.000000e+00	1.115387e-14
3.126460e+00	3.162589e+00	3.214426e-16	3.170747e-16	0.000000e+00
3.162590e+00	3.198719e+00	1.467591e-20	0.000000e+00	2.043819e-17
3.198717e+00	3.234846e+00	0.000000e+00	0.000000e+00	4.536854e-21
3.234847e+00	3.270976e+00	6.724548e-18	6.724548e-18	0.000000e+00
3.270977e+00	3.307106e+00	0.000000e+00	0.000000e+00	0.000000e+00
3.307105e+00	3.343235e+00	0.000000e+00	0.000000e+00	0.000000e+00
3.343234e+00	3.379363e+00	0.000000e+00	0.000000e+00	0.000000e+00
3.379364e+00	3.415493e+00	0.000000e+00	0.000000e+00	0.000000e+00
3.415494e+00	3.451623e+00	0.000000e+00	0.000000e+00	0.000000e+00
3.451621e+00	3.487750e+00	0.000000e+00	0.000000e+00	0.000000e+00
3.487751e+00	3.523880e+00	0.000000e+00	0.000000e+00	0.000000e+00
3.523881e+00	3.560010e+00	0.000000e+00	0.000000e+00	0.000000e+00
3.560009e+00	3.596139e+00	0.000000e+00	0.000000e+00	0.000000e+00
3.596138e+00	3.632267e+00	0.000000e+00	0.000000e+00	0.000000e+00
3.632268e+00	3.668397e+00	0.000000e+00	0.000000e+00	0.000000e+00
3.668398e+00	3.704527e+00	0.000000e+00	0.000000e+00	0.000000e+00
3.704525e+00	3.740654e+00	0.000000e+00	0.000000e+00	0.000000e+00
3.740655e+00	3.776784e+00	0.000000e+00	0.000000e+00	0.000000e+00
3.776785e+00	3.812914e+00	0.000000e+00	0.000000e+00	0.000000e+00
# END HISTO1D


# BEGIN HISTO1D //homes/tinghua1/Merging-Project/Production/HJETS/ratio-plots/hjets-matched-errorband/H3Jets-NLOPS-combine.yoda/MC_H_KTSPLITTINGS/log10_d_34
ErrorBandColor=red
ErrorBandOpacity=0.3
ErrorBands=1
ErrorType=env
LineColor=red
LineStyle=solid
Path=//homes/tinghua1/Merging-Project/Production/HJETS/ratio-plots/hjets-matched-errorband/H3Jets-NLOPS-combine.yoda/MC_H_KTSPLITTINGS/log10_d_34
RatioPlotSameStyle=1
Title=h(3*) $\oplus$ PS
# xlow	 xhigh	 val	 errminus	 errplus
2.000000e-01	2.361292e-01	2.075467e-02	0.000000e+00	4.518357e-02
2.361291e-01	2.722583e-01	1.807064e-02	8.221156e-03	7.341243e-02
2.722583e-01	3.083875e-01	4.243114e-02	3.768957e-02	8.486342e-02
3.083874e-01	3.445165e-01	5.411795e-02	3.666179e-02	1.121193e-01
3.445165e-01	3.806457e-01	8.935711e-02	6.641504e-02	1.629101e-01
3.806457e-01	4.167748e-01	1.213568e-01	8.719110e-02	2.260875e-01
4.167748e-01	4.529039e-01	1.908880e-01	1.378714e-01	2.635612e-01
4.529039e-01	4.890331e-01	2.773064e-01	1.717806e-01	3.266673e-01
4.890331e-01	5.251621e-01	3.894027e-01	2.598334e-01	3.838360e-01
5.251623e-01	5.612913e-01	5.764234e-01	3.827355e-01	3.905043e-01
5.612913e-01	5.974205e-01	7.377537e-01	4.305512e-01	4.809218e-01
5.974204e-01	6.335495e-01	1.013559e+00	5.593117e-01	4.332328e-01
6.335497e-01	6.696787e-01	1.313368e+00	6.822041e-01	4.027991e-01
6.696787e-01	7.058079e-01	1.602906e+00	7.009198e-01	3.916483e-01
7.058080e-01	7.419370e-01	1.980675e+00	7.660357e-01	2.917474e-01
7.419370e-01	7.780660e-01	2.336031e+00	6.959138e-01	2.755416e-01
7.780661e-01	8.141953e-01	2.703030e+00	6.772461e-01	2.230517e-01
8.141954e-01	8.503245e-01	3.125896e+00	5.981051e-01	5.452668e-02
8.503244e-01	8.864534e-01	3.351805e+00	4.254548e-01	1.021863e-01
8.864535e-01	9.225827e-01	3.809332e+00	4.617899e-01	0.000000e+00
9.225828e-01	9.587118e-01	4.043934e+00	1.995428e-01	0.000000e+00
9.587118e-01	9.948408e-01	4.287450e+00	2.088981e-01	3.117708e-02
9.948404e-01	1.030970e+00	4.315067e+00	9.502589e-02	1.692680e-01
1.030970e+00	1.067098e+00	4.395347e+00	1.715962e-01	3.104542e-01
1.067100e+00	1.103228e+00	4.319502e+00	2.544604e-01	2.316560e-01
1.103229e+00	1.139358e+00	4.137635e+00	2.068089e-01	2.593540e-01
1.139357e+00	1.175487e+00	3.835583e+00	2.123609e-01	2.745004e-01
1.175487e+00	1.211615e+00	3.469573e+00	1.847297e-01	2.985192e-01
1.211617e+00	1.247745e+00	3.169634e+00	2.129010e-01	2.202801e-01
1.247746e+00	1.283875e+00	2.816535e+00	1.992566e-01	2.728639e-01
1.283874e+00	1.320002e+00	2.442750e+00	1.370818e-01	1.462302e-01
1.320002e+00	1.356131e+00	2.084188e+00	1.178975e-01	1.762338e-01
1.356132e+00	1.392261e+00	1.778589e+00	9.619364e-02	1.384719e-01
1.392261e+00	1.428391e+00	1.532167e+00	1.271539e-01	1.165951e-01
1.428391e+00	1.464519e+00	1.262314e+00	1.003440e-01	7.883805e-02
1.464519e+00	1.500648e+00	1.021647e+00	4.311799e-02	6.194553e-02
1.500649e+00	1.536778e+00	8.222043e-01	4.794127e-02	6.657450e-02
1.536778e+00	1.572906e+00	6.714457e-01	5.453320e-02	2.338177e-02
1.572906e+00	1.609035e+00	5.327009e-01	4.844446e-02	1.937695e-02
1.609036e+00	1.645165e+00	4.196056e-01	3.782917e-02	1.984279e-02
1.645165e+00	1.681293e+00	3.191636e-01	3.112015e-02	2.202912e-02
1.681294e+00	1.717424e+00	2.378067e-01	1.609089e-02	2.326897e-02
1.717423e+00	1.753552e+00	1.810113e-01	1.316613e-02	6.084146e-02
1.753553e+00	1.789682e+00	1.425510e-01	1.675236e-02	1.150220e-02
1.789682e+00	1.825811e+00	1.050311e-01	8.323923e-03	1.012096e-02
1.825812e+00	1.861940e+00	7.893974e-02	1.072106e-02	9.813059e-03
1.861940e+00	1.898069e+00	5.967093e-02	7.233164e-03	6.919068e-03
1.898069e+00	1.934198e+00	4.467480e-02	6.458800e-03	6.346481e-03
1.934198e+00	1.970328e+00	3.223534e-02	4.828389e-03	6.124827e-03
1.970329e+00	2.006458e+00	2.430223e-02	4.419610e-03	3.865083e-03
2.006458e+00	2.042587e+00	1.692912e-02	2.278128e-03	3.035863e-03
2.042585e+00	2.078714e+00	1.225472e-02	2.552058e-03	1.669711e-03
2.078715e+00	2.114844e+00	7.718390e-03	1.003092e-03	1.737504e-03
2.114845e+00	2.150974e+00	4.538913e-03	9.033297e-04	1.024141e-03
2.150972e+00	2.187101e+00	2.898757e-03	6.663979e-04	6.662044e-04
2.187102e+00	2.223231e+00	1.783552e-03	4.156279e-04	6.113086e-04
2.223231e+00	2.259361e+00	1.130141e-03	2.416153e-04	5.494810e-04
2.259362e+00	2.295491e+00	8.466323e-04	2.072988e-04	2.680608e-04
2.295489e+00	2.331618e+00	5.960301e-04	1.840300e-04	1.393022e-04
2.331619e+00	2.367748e+00	3.759670e-04	1.038012e-04	1.801376e-04
2.367749e+00	2.403878e+00	2.514054e-04	7.612865e-05	1.201170e-04
2.403876e+00	2.440005e+00	1.665790e-04	4.420034e-05	8.791242e-05
2.440006e+00	2.476135e+00	1.151399e-04	2.859052e-05	7.505801e-05
2.476135e+00	2.512265e+00	7.918024e-05	2.285599e-05	2.795123e-05
2.512266e+00	2.548395e+00	4.984780e-05	1.457760e-05	2.004390e-05
2.548393e+00	2.584522e+00	3.327230e-05	1.233485e-05	7.068754e-06
2.584523e+00	2.620652e+00	2.034801e-05	6.797036e-06	6.259290e-06
2.620653e+00	2.656782e+00	1.280582e-05	4.325088e-06	4.231523e-06
2.656780e+00	2.692909e+00	7.421191e-06	2.329278e-06	1.800972e-06
2.692910e+00	2.729039e+00	3.220078e-06	8.196286e-07	1.790797e-06
2.729040e+00	2.765169e+00	2.192293e-06	6.721296e-07	9.468737e-08
2.765168e+00	2.801298e+00	1.047141e-06	4.022402e-07	0.000000e+00
2.801297e+00	2.837426e+00	5.262626e-07	1.734457e-07	5.105107e-07
2.837427e+00	2.873556e+00	2.856921e-07	1.022055e-07	0.000000e+00
2.873557e+00	2.909686e+00	7.296706e-08	3.753054e-08	3.221878e-07
2.909686e+00	2.945815e+00	4.826948e-08	2.207913e-08	1.277124e-08
2.945813e+00	2.981942e+00	2.353570e-08	1.090027e-08	0.000000e+00
2.981943e+00	3.018072e+00	7.793019e-09	4.576822e-09	1.995314e-08
3.018072e+00	3.054202e+00	2.108975e-10	0.000000e+00	1.334913e-08
3.054203e+00	3.090332e+00	5.177010e-09	5.106474e-09	0.000000e+00
3.090330e+00	3.126459e+00	8.769626e-11	0.000000e+00	5.765997e-11
3.126460e+00	3.162589e+00	2.423555e-11	2.763615e-11	0.000000e+00
3.162590e+00	3.198719e+00	1.280899e-11	1.139277e-11	1.312353e-11
3.198717e+00	3.234846e+00	9.714905e-12	9.689039e-12	0.000000e+00
3.234847e+00	3.270976e+00	7.403701e-12	7.396844e-12	0.000000e+00
3.270977e+00	3.307106e+00	1.297617e-13	1.282526e-13	0.000000e+00
3.307105e+00	3.343235e+00	6.034340e-17	5.796513e-17	7.978746e-15
3.343234e+00	3.379363e+00	4.720358e-18	0.000000e+00	1.835285e-18
3.379364e+00	3.415493e+00	0.000000e+00	0.000000e+00	2.403241e-23
3.415494e+00	3.451623e+00	8.328872e-26	2.264674e-25	0.000000e+00
3.451621e+00	3.487750e+00	0.000000e+00	0.000000e+00	0.000000e+00
3.487751e+00	3.523880e+00	0.000000e+00	0.000000e+00	0.000000e+00
3.523881e+00	3.560010e+00	0.000000e+00	0.000000e+00	0.000000e+00
3.560009e+00	3.596139e+00	0.000000e+00	0.000000e+00	0.000000e+00
3.596138e+00	3.632267e+00	0.000000e+00	0.000000e+00	0.000000e+00
3.632268e+00	3.668397e+00	0.000000e+00	0.000000e+00	0.000000e+00
3.668398e+00	3.704527e+00	0.000000e+00	0.000000e+00	0.000000e+00
3.704525e+00	3.740654e+00	0.000000e+00	0.000000e+00	0.000000e+00
3.740655e+00	3.776784e+00	0.000000e+00	0.000000e+00	0.000000e+00
3.776785e+00	3.812914e+00	0.000000e+00	0.000000e+00	0.000000e+00
# END HISTO1D


# BEGIN HISTO1D //homes/tinghua1/Merging-Project/Production/HJETS/ratio-plots/hjets-matched-errorband/H2Jets-NLOPS-combine.yoda/MC_H_KTSPLITTINGS/log10_d_34
ErrorBandColor=violet
ErrorBandOpacity=0.3
ErrorBands=1
ErrorType=env
LineColor=violet
LineStyle=solid
Path=//homes/tinghua1/Merging-Project/Production/HJETS/ratio-plots/hjets-matched-errorband/H2Jets-NLOPS-combine.yoda/MC_H_KTSPLITTINGS/log10_d_34
RatioPlotSameStyle=1
Title=h(2*) $\oplus$ PS
# xlow	 xhigh	 val	 errminus	 errplus
2.000000e-01	2.361292e-01	5.011262e-01	3.200567e-01	5.838474e-01
2.361291e-01	2.722583e-01	6.676386e-01	4.106024e-01	6.864337e-01
2.722583e-01	3.083875e-01	9.099468e-01	5.542305e-01	8.127731e-01
3.083874e-01	3.445165e-01	1.200536e+00	7.072266e-01	8.991702e-01
3.445165e-01	3.806457e-01	1.543400e+00	8.711272e-01	9.425473e-01
3.806457e-01	4.167748e-01	1.943740e+00	1.035076e+00	9.419202e-01
4.167748e-01	4.529039e-01	2.408511e+00	1.210271e+00	8.804028e-01
4.529039e-01	4.890331e-01	2.894155e+00	1.327583e+00	8.279037e-01
4.890331e-01	5.251621e-01	3.425225e+00	1.409035e+00	7.228356e-01
5.251623e-01	5.612913e-01	3.976711e+00	1.416163e+00	5.374975e-01
5.612913e-01	5.974205e-01	4.475942e+00	1.391628e+00	3.228303e-01
5.974204e-01	6.335495e-01	4.928191e+00	1.238456e+00	1.258182e-01
6.335497e-01	6.696787e-01	5.333590e+00	1.018738e+00	0.000000e+00
6.696787e-01	7.058079e-01	5.688537e+00	7.766903e-01	0.000000e+00
7.058080e-01	7.419370e-01	5.928005e+00	6.912101e-01	0.000000e+00
7.419370e-01	7.780660e-01	6.088856e+00	5.850796e-01	0.000000e+00
7.780661e-01	8.141953e-01	6.164972e+00	7.016264e-01	2.663247e-01
8.141954e-01	8.503245e-01	6.121024e+00	7.998815e-01	5.267222e-01
8.503244e-01	8.864534e-01	6.027806e+00	8.273608e-01	7.855053e-01
8.864535e-01	9.225827e-01	5.859695e+00	8.408074e-01	1.020083e+00
9.225828e-01	9.587118e-01	5.653634e+00	8.604809e-01	1.146184e+00
9.587118e-01	9.948408e-01	5.371723e+00	8.374274e-01	1.253610e+00
9.948404e-01	1.030970e+00	5.052797e+00	8.099897e-01	1.289858e+00
1.030970e+00	1.067098e+00	4.691611e+00	7.576019e-01	1.262429e+00
1.067100e+00	1.103228e+00	4.364892e+00	7.431482e-01	1.156686e+00
1.103229e+00	1.139358e+00	3.918606e+00	6.389299e-01	1.114880e+00
1.139357e+00	1.175487e+00	3.524794e+00	5.861555e-01	1.005608e+00
1.175487e+00	1.211615e+00	3.136029e+00	5.071521e-01	8.808353e-01
1.211617e+00	1.247745e+00	2.764276e+00	4.649390e-01	7.670032e-01
1.247746e+00	1.283875e+00	2.414533e+00	4.073564e-01	6.430214e-01
1.283874e+00	1.320002e+00	2.074624e+00	3.499668e-01	5.440521e-01
1.320002e+00	1.356131e+00	1.764960e+00	2.934020e-01	4.643179e-01
1.356132e+00	1.392261e+00	1.488974e+00	2.474453e-01	3.819345e-01
1.392261e+00	1.428391e+00	1.238422e+00	2.105815e-01	3.027894e-01
1.428391e+00	1.464519e+00	1.019291e+00	1.780312e-01	2.497985e-01
1.464519e+00	1.500648e+00	8.242542e-01	1.396028e-01	2.007268e-01
1.500649e+00	1.536778e+00	6.561756e-01	1.149005e-01	1.599300e-01
1.536778e+00	1.572906e+00	5.203825e-01	9.312298e-02	1.257884e-01
1.572906e+00	1.609035e+00	4.008400e-01	7.157685e-02	9.611669e-02
1.609036e+00	1.645165e+00	3.066459e-01	5.635019e-02	7.246256e-02
1.645165e+00	1.681293e+00	2.325958e-01	4.229539e-02	5.603579e-02
1.681294e+00	1.717424e+00	1.731694e-01	3.167531e-02	4.359516e-02
1.717423e+00	1.753552e+00	1.289749e-01	2.427596e-02	3.258208e-02
1.753553e+00	1.789682e+00	9.609474e-02	1.886687e-02	2.345910e-02
1.789682e+00	1.825811e+00	7.018686e-02	1.339287e-02	1.848042e-02
1.825812e+00	1.861940e+00	5.127601e-02	1.027222e-02	1.392912e-02
1.861940e+00	1.898069e+00	3.762376e-02	7.544466e-03	1.019145e-02
1.898069e+00	1.934198e+00	2.703574e-02	5.516870e-03	7.180041e-03
1.934198e+00	1.970328e+00	1.931208e-02	3.953222e-03	5.063177e-03
1.970329e+00	2.006458e+00	1.368253e-02	2.865324e-03	3.732190e-03
2.006458e+00	2.042587e+00	9.507963e-03	1.998680e-03	2.450710e-03
2.042585e+00	2.078714e+00	6.190631e-03	1.282056e-03	1.694182e-03
2.078715e+00	2.114844e+00	3.741213e-03	7.182845e-04	9.357524e-04
2.114845e+00	2.150974e+00	1.887946e-03	3.674096e-04	5.309956e-04
2.150972e+00	2.187101e+00	9.839946e-04	2.035185e-04	3.165521e-04
2.187102e+00	2.223231e+00	5.469515e-04	1.473943e-04	1.901965e-04
2.223231e+00	2.259361e+00	3.358361e-04	8.764096e-05	1.183645e-04
2.259362e+00	2.295491e+00	1.997683e-04	5.072053e-05	7.978690e-05
2.295489e+00	2.331618e+00	1.272181e-04	3.316087e-05	4.448950e-05
2.331619e+00	2.367748e+00	7.680008e-05	1.684218e-05	3.009245e-05
2.367749e+00	2.403878e+00	4.530582e-05	9.988043e-06	2.166044e-05
2.403876e+00	2.440005e+00	2.987475e-05	7.665164e-06	1.319403e-05
2.440006e+00	2.476135e+00	1.734504e-05	4.066636e-06	6.593169e-06
2.476135e+00	2.512265e+00	1.010172e-05	3.256286e-06	4.397534e-06
2.512266e+00	2.548395e+00	7.096853e-06	2.990999e-06	1.101783e-06
2.548393e+00	2.584522e+00	3.499981e-06	5.134795e-07	7.126131e-07
2.584523e+00	2.620652e+00	1.562327e-06	2.002884e-07	7.521949e-07
2.620653e+00	2.656782e+00	1.166251e-06	5.396515e-07	5.268535e-07
2.656780e+00	2.692909e+00	4.499017e-07	4.135072e-08	2.095106e-07
2.692910e+00	2.729039e+00	2.264964e-07	6.976756e-08	1.707291e-07
2.729040e+00	2.765169e+00	1.382691e-07	2.835243e-08	6.625835e-08
2.765168e+00	2.801298e+00	8.885655e-08	4.561957e-08	0.000000e+00
2.801297e+00	2.837426e+00	3.452288e-08	4.593125e-09	0.000000e+00
2.837427e+00	2.873556e+00	1.533654e-08	7.018506e-09	0.000000e+00
2.873557e+00	2.909686e+00	4.305303e-09	2.153992e-09	1.429489e-10
2.909686e+00	2.945815e+00	2.182764e-09	1.398015e-09	0.000000e+00
2.945813e+00	2.981942e+00	7.811249e-10	0.000000e+00	4.156196e-10
2.981943e+00	3.018072e+00	1.366342e-10	5.349058e-11	0.000000e+00
3.018072e+00	3.054202e+00	5.368121e-11	4.809447e-11	0.000000e+00
3.054203e+00	3.090332e+00	7.905422e-11	7.368140e-11	0.000000e+00
3.090330e+00	3.126459e+00	5.429564e-12	5.665361e-12	4.359705e-12
3.126460e+00	3.162589e+00	1.312856e-12	1.294111e-12	0.000000e+00
3.162590e+00	3.198719e+00	5.538551e-15	0.000000e+00	1.036341e-14
3.198717e+00	3.234846e+00	3.352567e-14	3.152515e-14	0.000000e+00
3.234847e+00	3.270976e+00	1.532225e-17	0.000000e+00	3.119107e-16
3.270977e+00	3.307106e+00	9.927355e-16	9.925901e-16	8.451576e-16
3.307105e+00	3.343235e+00	2.288735e-28	0.000000e+00	3.340509e-21
3.343234e+00	3.379363e+00	0.000000e+00	9.386288e-31	2.934261e-24
3.379364e+00	3.415493e+00	0.000000e+00	0.000000e+00	0.000000e+00
3.415494e+00	3.451623e+00	0.000000e+00	0.000000e+00	0.000000e+00
3.451621e+00	3.487750e+00	0.000000e+00	0.000000e+00	0.000000e+00
3.487751e+00	3.523880e+00	0.000000e+00	0.000000e+00	0.000000e+00
3.523881e+00	3.560010e+00	0.000000e+00	0.000000e+00	0.000000e+00
3.560009e+00	3.596139e+00	0.000000e+00	0.000000e+00	0.000000e+00
3.596138e+00	3.632267e+00	0.000000e+00	0.000000e+00	0.000000e+00
3.632268e+00	3.668397e+00	0.000000e+00	0.000000e+00	0.000000e+00
3.668398e+00	3.704527e+00	0.000000e+00	0.000000e+00	0.000000e+00
3.704525e+00	3.740654e+00	0.000000e+00	0.000000e+00	0.000000e+00
3.740655e+00	3.776784e+00	0.000000e+00	0.000000e+00	0.000000e+00
3.776785e+00	3.812914e+00	0.000000e+00	0.000000e+00	0.000000e+00
# END HISTO1D

