# BEGIN PLOT
Rebin=2
DrawOnly=//homes/tinghua1/Merging-Project/Production/HJETS/ratio-plots/hjets-matched-errorband/H-N2-N3-4-25gev-combine.yoda/MC_H_KTSPLITTINGS/log10_d_12 //homes/tinghua1/Merging-Project/Production/HJETS/ratio-plots/hjets-matched-errorband/H-N2-3-4-25gev-combine.yoda/MC_H_KTSPLITTINGS/log10_d_12 //homes/tinghua1/Merging-Project/Production/HJETS/ratio-plots/hjets-matched-errorband/H-2-3-4-25gev-combine.yoda/MC_H_KTSPLITTINGS/log10_d_12 //homes/tinghua1/Merging-Project/Production/HJETS/ratio-plots/hjets-matched-errorband/H-N2-3-25gev-combine.yoda/MC_H_KTSPLITTINGS/log10_d_12 //homes/tinghua1/Merging-Project/Production/HJETS/ratio-plots/hjets-matched-errorband/H-2-3-25gev-combine.yoda/MC_H_KTSPLITTINGS/log10_d_12 //homes/tinghua1/Merging-Project/Production/HJETS/ratio-plots/hjets-matched-errorband/H3Jets-NLOPS-combine.yoda/MC_H_KTSPLITTINGS/log10_d_12 //homes/tinghua1/Merging-Project/Production/HJETS/ratio-plots/hjets-matched-errorband/H2Jets-NLOPS-combine.yoda/MC_H_KTSPLITTINGS/log10_d_12
Title=$\log_{10}$($k_\perp$ jet resolution $1 \to 2$ [GeV])
RatioPlotReference=//homes/tinghua1/Merging-Project/Production/HJETS/ratio-plots/hjets-matched-errorband/H-N2-N3-4-25gev-combine.yoda/MC_H_KTSPLITTINGS/log10_d_12
#RatioPlot=1
LogY=1
RatioPlotYMax=2.5
RatioPlotYLabel=Ratio
#LegendOnly=//homes/tinghua1/Merging-Project/Production/HJETS/ratio-plots/hjets-matched-errorband/H-N2-N3-4-25gev-combine.yoda/MC_H_KTSPLITTINGS/log10_d_12 //homes/tinghua1/Merging-Project/Production/HJETS/ratio-plots/hjets-matched-errorband/H-N2-3-4-25gev-combine.yoda/MC_H_KTSPLITTINGS/log10_d_12 //homes/tinghua1/Merging-Project/Production/HJETS/ratio-plots/hjets-matched-errorband/H-2-3-4-25gev-combine.yoda/MC_H_KTSPLITTINGS/log10_d_12 //homes/tinghua1/Merging-Project/Production/HJETS/ratio-plots/hjets-matched-errorband/H-N2-3-25gev-combine.yoda/MC_H_KTSPLITTINGS/log10_d_12 //homes/tinghua1/Merging-Project/Production/HJETS/ratio-plots/hjets-matched-errorband/H-2-3-25gev-combine.yoda/MC_H_KTSPLITTINGS/log10_d_12 //homes/tinghua1/Merging-Project/Production/HJETS/ratio-plots/hjets-matched-errorband/H3Jets-NLOPS-combine.yoda/MC_H_KTSPLITTINGS/log10_d_12 //homes/tinghua1/Merging-Project/Production/HJETS/ratio-plots/hjets-matched-errorband/H2Jets-NLOPS-combine.yoda/MC_H_KTSPLITTINGS/log10_d_12
XLabel=$\log_{10}(d_{12}/\text{GeV})$
LegendAlign=r
YLabel=$\text{d}\sigma/\text{d}\log_{10}(d_{12}/\text{GeV})$ [fb]
Legend=1
RatioPlotYMin=0.0
# END PLOT


# BEGIN SPECIAL /MC_H_KTSPLITTINGS/log10_d_12
\rput[tl](0.05,0.75){\parbox{5cm}{\textcolor{gray}{{\bf Herwig 7.2.0} \\ HJETS/ColorFull}}}
# END SPECIAL

# BEGIN HISTO1D //homes/tinghua1/Merging-Project/Production/HJETS/ratio-plots/hjets-matched-errorband/H-N2-N3-4-25gev-combine.yoda/MC_H_KTSPLITTINGS/log10_d_12
ErrorBandColor=orange
ErrorBandOpacity=0.3
ErrorBands=1
ErrorType=env
LineColor=orange
LineStyle=solid
Path=//homes/tinghua1/Merging-Project/Production/HJETS/ratio-plots/hjets-matched-errorband/H-N2-N3-4-25gev-combine.yoda/MC_H_KTSPLITTINGS/log10_d_12
RatioPlotSameStyle=1
Title=h(2*,3*,4)
# xlow	 xhigh	 val	 errminus	 errplus
2.000000e-01	2.361292e-01	6.233255e-15	0.000000e+00	6.989028e-08
2.361291e-01	2.722583e-01	1.746522e-07	1.058958e-07	5.675270e-06
2.722583e-01	3.083875e-01	3.454193e-07	2.246417e-07	4.493735e-06
3.083874e-01	3.445165e-01	7.171327e-06	6.077887e-06	0.000000e+00
3.445165e-01	3.806457e-01	7.454248e-06	1.031188e-06	1.202584e-05
3.806457e-01	4.167748e-01	3.223714e-05	1.459699e-05	9.300591e-05
4.167748e-01	4.529039e-01	1.330070e-04	3.987406e-05	0.000000e+00
4.529039e-01	4.890331e-01	4.252455e-04	1.375804e-04	0.000000e+00
4.890331e-01	5.251621e-01	1.287284e-03	3.824607e-04	0.000000e+00
5.251623e-01	5.612913e-01	2.067237e-03	0.000000e+00	6.641190e-04
5.612913e-01	5.974205e-01	7.400753e-03	1.630604e-03	0.000000e+00
5.974204e-01	6.335495e-01	1.532885e-02	3.275041e-03	0.000000e+00
6.335497e-01	6.696787e-01	2.867135e-02	5.560329e-03	0.000000e+00
6.696787e-01	7.058079e-01	5.479142e-02	1.391617e-02	0.000000e+00
7.058080e-01	7.419370e-01	9.374468e-02	2.406038e-02	0.000000e+00
7.419370e-01	7.780660e-01	1.341135e-01	2.472608e-02	0.000000e+00
7.780661e-01	8.141953e-01	2.046936e-01	3.615951e-02	0.000000e+00
8.141954e-01	8.503245e-01	2.934817e-01	3.843110e-02	3.191887e-03
8.503244e-01	8.864534e-01	4.252727e-01	5.358506e-02	1.861104e-02
8.864535e-01	9.225827e-01	6.060392e-01	4.176483e-02	0.000000e+00
9.225828e-01	9.587118e-01	8.091815e-01	1.110877e-02	1.719749e-02
9.587118e-01	9.948408e-01	1.045296e+00	1.718504e-02	4.872250e-03
9.948404e-01	1.030970e+00	1.299003e+00	7.852673e-03	3.833945e-02
1.030970e+00	1.067098e+00	1.623092e+00	5.208281e-02	1.313045e-02
1.067100e+00	1.103228e+00	1.927499e+00	2.473166e-02	8.298735e-02
1.103229e+00	1.139358e+00	2.294367e+00	9.058097e-03	1.083836e-01
1.139357e+00	1.175487e+00	2.713242e+00	2.348464e-02	7.863216e-02
1.175487e+00	1.211615e+00	3.206073e+00	7.994686e-02	6.837997e-02
1.211617e+00	1.247745e+00	3.662028e+00	2.507127e-02	8.995544e-02
1.247746e+00	1.283875e+00	4.162448e+00	9.760580e-02	1.132664e-01
1.283874e+00	1.320002e+00	4.722038e+00	3.531235e-02	4.972183e-02
1.320002e+00	1.356131e+00	5.286916e+00	4.136289e-02	3.235074e-02
1.356132e+00	1.392261e+00	5.763080e+00	1.203189e-02	4.324781e-02
1.392261e+00	1.428391e+00	6.240030e+00	0.000000e+00	8.082203e-02
1.428391e+00	1.464519e+00	6.694163e+00	0.000000e+00	3.726646e-02
1.464519e+00	1.500648e+00	7.103662e+00	3.948629e-02	0.000000e+00
1.500649e+00	1.536778e+00	7.335249e+00	7.581721e-02	8.635168e-02
1.536778e+00	1.572906e+00	7.407769e+00	8.278668e-03	1.283069e-01
1.572906e+00	1.609035e+00	7.341164e+00	3.871682e-02	1.006366e-01
1.609036e+00	1.645165e+00	7.180965e+00	8.605276e-03	6.273077e-02
1.645165e+00	1.681293e+00	6.882585e+00	1.150461e-01	2.531761e-02
1.681294e+00	1.717424e+00	6.400805e+00	8.747855e-02	1.188735e-01
1.717423e+00	1.753552e+00	5.961637e+00	1.630629e-01	4.299040e-02
1.753553e+00	1.789682e+00	5.340339e+00	8.610534e-02	0.000000e+00
1.789682e+00	1.825811e+00	4.687556e+00	2.096930e-02	3.218744e-02
1.825812e+00	1.861940e+00	4.056080e+00	3.964129e-02	0.000000e+00
1.861940e+00	1.898069e+00	3.473905e+00	9.014919e-02	2.075064e-02
1.898069e+00	1.934198e+00	2.857281e+00	1.325348e-01	2.651333e-02
1.934198e+00	1.970328e+00	2.273235e+00	0.000000e+00	6.768558e-02
1.970329e+00	2.006458e+00	1.863571e+00	6.523873e-02	0.000000e+00
2.006458e+00	2.042587e+00	1.436270e+00	3.847878e-02	0.000000e+00
2.042585e+00	2.078714e+00	1.076245e+00	6.709292e-03	2.293393e-02
2.078715e+00	2.114844e+00	7.786557e-01	0.000000e+00	1.086662e-02
2.114845e+00	2.150974e+00	5.423554e-01	0.000000e+00	4.309807e-02
2.150972e+00	2.187101e+00	4.251751e-01	6.889507e-02	0.000000e+00
2.187102e+00	2.223231e+00	2.650879e-01	8.072186e-04	0.000000e+00
2.223231e+00	2.259361e+00	1.949249e-01	7.186410e-03	0.000000e+00
2.259362e+00	2.295491e+00	1.295668e-01	9.722245e-03	1.938739e-02
2.295489e+00	2.331618e+00	9.787423e-02	9.587035e-03	1.093476e-02
2.331619e+00	2.367748e+00	6.868510e-02	6.591879e-03	1.083609e-02
2.367749e+00	2.403878e+00	4.579493e-02	7.337264e-03	4.682305e-03
2.403876e+00	2.440005e+00	3.491965e-02	7.522345e-03	6.396053e-03
2.440006e+00	2.476135e+00	3.083086e-02	7.833535e-03	0.000000e+00
2.476135e+00	2.512265e+00	2.028848e-02	2.192098e-03	5.625206e-03
2.512266e+00	2.548395e+00	1.345738e-02	0.000000e+00	3.097252e-03
2.548393e+00	2.584522e+00	1.462885e-02	5.093446e-03	0.000000e+00
2.584523e+00	2.620652e+00	9.118816e-03	7.496083e-04	7.551385e-04
2.620653e+00	2.656782e+00	5.587160e-03	1.467110e-03	1.986252e-03
2.656780e+00	2.692909e+00	4.669767e-03	2.508759e-03	0.000000e+00
2.692910e+00	2.729039e+00	2.803211e-03	7.022204e-04	9.301752e-04
2.729040e+00	2.765169e+00	1.640508e-03	5.358576e-05	4.510172e-04
2.765168e+00	2.801298e+00	8.259756e-04	0.000000e+00	2.002771e-04
2.801297e+00	2.837426e+00	9.354826e-04	4.775635e-04	0.000000e+00
2.837427e+00	2.873556e+00	7.523751e-04	1.296620e-04	1.018278e-03
2.873557e+00	2.909686e+00	4.559055e-04	8.708475e-04	0.000000e+00
2.909686e+00	2.945815e+00	2.423733e-04	2.708755e-05	1.856164e-04
2.945813e+00	2.981942e+00	2.221950e-04	2.948763e-04	0.000000e+00
2.981943e+00	3.018072e+00	1.235708e-04	0.000000e+00	7.708483e-05
3.018072e+00	3.054202e+00	1.019797e-04	3.237235e-05	3.481107e-05
3.054203e+00	3.090332e+00	4.808461e-05	0.000000e+00	5.213422e-04
3.090330e+00	3.126459e+00	2.534414e-05	3.974435e-05	6.238495e-06
3.126460e+00	3.162589e+00	4.958286e-05	5.328281e-05	0.000000e+00
3.162590e+00	3.198719e+00	1.315711e-05	2.827316e-06	6.650065e-06
3.198717e+00	3.234846e+00	-4.351712e-06	1.637541e-05	1.498122e-05
3.234847e+00	3.270976e+00	3.763448e-06	2.221110e-06	0.000000e+00
3.270977e+00	3.307106e+00	1.827974e-06	1.524718e-06	3.037677e-06
3.307105e+00	3.343235e+00	-3.150191e-06	0.000000e+00	5.919203e-06
3.343234e+00	3.379363e+00	9.711708e-08	0.000000e+00	3.159275e-06
3.379364e+00	3.415493e+00	-4.857790e-08	4.637986e-07	3.475256e-07
3.415494e+00	3.451623e+00	-2.000170e-08	0.000000e+00	1.254269e-07
3.451621e+00	3.487750e+00	-1.969978e-08	0.000000e+00	1.468616e-07
3.487751e+00	3.523880e+00	1.203801e-08	1.168593e-07	3.465072e-08
3.523881e+00	3.560010e+00	-5.931448e-09	0.000000e+00	1.694470e-08
3.560009e+00	3.596139e+00	2.644300e-08	1.668667e-07	0.000000e+00
3.596138e+00	3.632267e+00	-3.901727e-09	0.000000e+00	4.159369e-09
3.632268e+00	3.668397e+00	2.901747e-10	2.820699e-10	0.000000e+00
3.668398e+00	3.704527e+00	7.095668e-11	8.121768e-11	0.000000e+00
3.704525e+00	3.740654e+00	1.179732e-13	2.673098e-13	2.176559e-10
3.740655e+00	3.776784e+00	1.942091e-14	2.486759e-14	0.000000e+00
3.776785e+00	3.812914e+00	4.688732e-20	4.623854e-19	1.779012e-19
# END HISTO1D


# BEGIN HISTO1D //homes/tinghua1/Merging-Project/Production/HJETS/ratio-plots/hjets-matched-errorband/H-N2-3-4-25gev-combine.yoda/MC_H_KTSPLITTINGS/log10_d_12
ErrorBandColor=blue
ErrorBandOpacity=0.3
ErrorBands=1
ErrorType=env
LineColor=blue
LineStyle=solid
Path=//homes/tinghua1/Merging-Project/Production/HJETS/ratio-plots/hjets-matched-errorband/H-N2-3-4-25gev-combine.yoda/MC_H_KTSPLITTINGS/log10_d_12
RatioPlotSameStyle=1
Title=h(2*,3,4)
# xlow	 xhigh	 val	 errminus	 errplus
2.000000e-01	2.361292e-01	6.085928e-08	6.085928e-08	2.560573e-07
2.361291e-01	2.722583e-01	1.045639e-05	1.033607e-05	0.000000e+00
2.722583e-01	3.083875e-01	1.067271e-06	1.092689e-06	0.000000e+00
3.083874e-01	3.445165e-01	1.001685e-06	0.000000e+00	3.877512e-06
3.445165e-01	3.806457e-01	6.124066e-06	1.491076e-06	4.240780e-06
3.806457e-01	4.167748e-01	1.057201e-04	8.153269e-05	3.608449e-07
4.167748e-01	4.529039e-01	1.223339e-04	2.911279e-05	0.000000e+00
4.529039e-01	4.890331e-01	4.492524e-04	1.909414e-04	0.000000e+00
4.890331e-01	5.251621e-01	1.369088e-03	4.982892e-04	0.000000e+00
5.251623e-01	5.612913e-01	2.975253e-03	6.159749e-04	0.000000e+00
5.612913e-01	5.974205e-01	7.955158e-03	2.608372e-03	0.000000e+00
5.974204e-01	6.335495e-01	1.501218e-02	3.444606e-03	0.000000e+00
6.335497e-01	6.696787e-01	2.871015e-02	6.179329e-03	0.000000e+00
6.696787e-01	7.058079e-01	7.472612e-02	3.355801e-02	0.000000e+00
7.058080e-01	7.419370e-01	8.862153e-02	1.925130e-02	0.000000e+00
7.419370e-01	7.780660e-01	1.357807e-01	2.488490e-02	0.000000e+00
7.780661e-01	8.141953e-01	2.347177e-01	6.420416e-02	0.000000e+00
8.141954e-01	8.503245e-01	2.930710e-01	3.748173e-02	6.268631e-03
8.503244e-01	8.864534e-01	4.318082e-01	5.991763e-02	0.000000e+00
8.864535e-01	9.225827e-01	6.065880e-01	4.202833e-02	0.000000e+00
9.225828e-01	9.587118e-01	8.144593e-01	0.000000e+00	7.229269e-02
9.587118e-01	9.948408e-01	1.060863e+00	2.317218e-02	8.956492e-03
9.948404e-01	1.030970e+00	1.316431e+00	3.196315e-02	0.000000e+00
1.030970e+00	1.067098e+00	1.624384e+00	5.631100e-02	2.139555e-02
1.067100e+00	1.103228e+00	1.929628e+00	3.024579e-02	7.067868e-02
1.103229e+00	1.139358e+00	2.303155e+00	2.216862e-02	7.633037e-02
1.139357e+00	1.175487e+00	2.716939e+00	1.183642e-02	1.146468e-01
1.175487e+00	1.211615e+00	3.183401e+00	0.000000e+00	9.310803e-02
1.211617e+00	1.247745e+00	3.663821e+00	3.750450e-03	8.692186e-02
1.247746e+00	1.283875e+00	4.200576e+00	2.645520e-02	7.899195e-02
1.283874e+00	1.320002e+00	4.724866e+00	5.582773e-03	8.886213e-02
1.320002e+00	1.356131e+00	5.274577e+00	0.000000e+00	8.981704e-02
1.356132e+00	1.392261e+00	5.785463e+00	0.000000e+00	4.534031e-02
1.392261e+00	1.428391e+00	6.324074e+00	4.900913e-02	1.246886e-02
1.428391e+00	1.464519e+00	6.705760e+00	1.576850e-02	6.468765e-02
1.464519e+00	1.500648e+00	7.091151e+00	1.798002e-02	4.826317e-02
1.500649e+00	1.536778e+00	7.346265e+00	7.485400e-02	7.282239e-02
1.536778e+00	1.572906e+00	7.450228e+00	7.746962e-02	9.226106e-02
1.572906e+00	1.609035e+00	7.387182e+00	4.503031e-02	8.317972e-02
1.609036e+00	1.645165e+00	7.161981e+00	7.109801e-02	6.741122e-02
1.645165e+00	1.681293e+00	6.827191e+00	7.480694e-02	5.927095e-02
1.681294e+00	1.717424e+00	6.386513e+00	6.386936e-02	3.805425e-02
1.717423e+00	1.753552e+00	5.853386e+00	0.000000e+00	4.668549e-02
1.753553e+00	1.789682e+00	5.286067e+00	3.542307e-02	1.673448e-02
1.789682e+00	1.825811e+00	4.666586e+00	1.870796e-02	5.746077e-03
1.825812e+00	1.861940e+00	4.034557e+00	1.201528e-02	1.289269e-02
1.861940e+00	1.898069e+00	3.408547e+00	0.000000e+00	7.431703e-03
1.898069e+00	1.934198e+00	2.835227e+00	2.526779e-02	1.262698e-02
1.934198e+00	1.970328e+00	2.293234e+00	4.630224e-03	3.666759e-03
1.970329e+00	2.006458e+00	1.826197e+00	1.712253e-02	0.000000e+00
2.006458e+00	2.042587e+00	1.422556e+00	1.745772e-02	0.000000e+00
2.042585e+00	2.078714e+00	1.087948e+00	1.991641e-02	0.000000e+00
2.078715e+00	2.114844e+00	7.838899e-01	3.369869e-03	1.925600e-03
2.114845e+00	2.150974e+00	5.428725e-01	6.036425e-03	5.816657e-03
2.150972e+00	2.187101e+00	3.903562e-01	1.763625e-02	0.000000e+00
2.187102e+00	2.223231e+00	2.649356e-01	6.335354e-03	1.161646e-02
2.223231e+00	2.259361e+00	1.851332e-01	4.039911e-03	8.840410e-03
2.259362e+00	2.295491e+00	1.322176e-01	6.508041e-03	4.767638e-03
2.295489e+00	2.331618e+00	9.193916e-02	2.969692e-03	5.080600e-03
2.331619e+00	2.367748e+00	6.392989e-02	2.276675e-03	5.204130e-03
2.367749e+00	2.403878e+00	4.496205e-02	0.000000e+00	7.535332e-03
2.403876e+00	2.440005e+00	3.413997e-02	3.354065e-03	3.465443e-03
2.440006e+00	2.476135e+00	2.457912e-02	2.762147e-03	3.037311e-03
2.476135e+00	2.512265e+00	1.775789e-02	1.220371e-03	3.102784e-03
2.512266e+00	2.548395e+00	1.311243e-02	1.103792e-03	3.047092e-03
2.548393e+00	2.584522e+00	9.382031e-03	1.207692e-03	1.469022e-03
2.584523e+00	2.620652e+00	6.628669e-03	7.163110e-04	3.964151e-03
2.620653e+00	2.656782e+00	4.808796e-03	6.855490e-04	9.107891e-04
2.656780e+00	2.692909e+00	3.344023e-03	4.811398e-04	6.784384e-04
2.692910e+00	2.729039e+00	2.212354e-03	2.078203e-04	6.365070e-04
2.729040e+00	2.765169e+00	1.684676e-03	3.907980e-04	3.557126e-04
2.765168e+00	2.801298e+00	1.631259e-03	9.575954e-04	0.000000e+00
2.801297e+00	2.837426e+00	7.403485e-04	1.674054e-04	1.749974e-04
2.837427e+00	2.873556e+00	5.213900e-04	1.172285e-04	0.000000e+00
2.873557e+00	2.909686e+00	3.595892e-04	5.993855e-05	0.000000e+00
2.909686e+00	2.945815e+00	2.533133e-04	2.695970e-05	8.443287e-05
2.945813e+00	2.981942e+00	1.643135e-04	3.308771e-05	0.000000e+00
2.981943e+00	3.018072e+00	6.166373e-05	1.095214e-05	3.162565e-05
3.018072e+00	3.054202e+00	7.370617e-05	2.998633e-05	0.000000e+00
3.054203e+00	3.090332e+00	3.611199e-05	9.686576e-06	0.000000e+00
3.090330e+00	3.126459e+00	1.139660e-05	0.000000e+00	4.754156e-06
3.126460e+00	3.162589e+00	8.083108e-06	7.534772e-06	0.000000e+00
3.162590e+00	3.198719e+00	4.221996e-06	5.538281e-06	6.281558e-06
3.198717e+00	3.234846e+00	1.692186e-06	0.000000e+00	3.073262e-06
3.234847e+00	3.270976e+00	2.586958e-06	2.146861e-06	0.000000e+00
3.270977e+00	3.307106e+00	1.451169e-06	1.857365e-06	0.000000e+00
3.307105e+00	3.343235e+00	5.882045e-07	1.001890e-06	0.000000e+00
3.343234e+00	3.379363e+00	5.626962e-07	0.000000e+00	1.373179e-07
3.379364e+00	3.415493e+00	1.035926e-08	1.518616e-07	1.091877e-08
3.415494e+00	3.451623e+00	1.272256e-07	1.244345e-07	0.000000e+00
3.451621e+00	3.487750e+00	2.285256e-08	2.175232e-08	0.000000e+00
3.487751e+00	3.523880e+00	1.468875e-08	1.974636e-08	0.000000e+00
3.523881e+00	3.560010e+00	-2.720629e-09	1.392197e-09	7.013414e-09
3.560009e+00	3.596139e+00	-5.426064e-10	1.099763e-09	3.029572e-09
3.596138e+00	3.632267e+00	2.021654e-09	2.298820e-09	0.000000e+00
3.632268e+00	3.668397e+00	-1.285417e-11	0.000000e+00	3.201399e-11
3.668398e+00	3.704527e+00	-4.035678e-11	0.000000e+00	4.004492e-11
3.704525e+00	3.740654e+00	-4.900047e-13	0.000000e+00	6.711030e-13
3.740655e+00	3.776784e+00	3.758341e-15	4.604357e-15	0.000000e+00
3.776785e+00	3.812914e+00	-1.700378e-20	0.000000e+00	9.094057e-19
# END HISTO1D


# BEGIN HISTO1D //homes/tinghua1/Merging-Project/Production/HJETS/ratio-plots/hjets-matched-errorband/H-2-3-4-25gev-combine.yoda/MC_H_KTSPLITTINGS/log10_d_12
ErrorBandColor=yellow
ErrorBandOpacity=0.3
ErrorBands=1
ErrorType=env
LineColor=yellow
LineStyle=solid
Path=//homes/tinghua1/Merging-Project/Production/HJETS/ratio-plots/hjets-matched-errorband/H-2-3-4-25gev-combine.yoda/MC_H_KTSPLITTINGS/log10_d_12
RatioPlotSameStyle=1
Title=h(2,3,4)
# xlow	 xhigh	 val	 errminus	 errplus
2.000000e-01	2.361292e-01	8.200013e-10	8.200013e-10	1.572452e-08
2.361291e-01	2.722583e-01	1.109739e-07	1.100186e-07	5.085969e-09
2.722583e-01	3.083875e-01	2.474614e-07	3.425516e-08	4.074195e-07
3.083874e-01	3.445165e-01	1.585963e-06	1.069608e-06	4.860957e-08
3.445165e-01	3.806457e-01	6.254705e-06	2.288490e-06	0.000000e+00
3.806457e-01	4.167748e-01	2.688296e-05	6.119128e-06	0.000000e+00
4.167748e-01	4.529039e-01	1.180386e-04	4.145667e-05	0.000000e+00
4.529039e-01	4.890331e-01	3.867052e-04	9.483631e-05	0.000000e+00
4.890331e-01	5.251621e-01	1.163424e-03	3.531339e-04	0.000000e+00
5.251623e-01	5.612913e-01	2.974768e-03	8.389348e-04	0.000000e+00
5.612913e-01	5.974205e-01	6.811216e-03	1.760844e-03	0.000000e+00
5.974204e-01	6.335495e-01	1.401364e-02	3.457667e-03	0.000000e+00
6.335497e-01	6.696787e-01	2.691930e-02	6.018069e-03	0.000000e+00
6.696787e-01	7.058079e-01	4.711416e-02	9.322819e-03	0.000000e+00
7.058080e-01	7.419370e-01	7.819342e-02	1.326997e-02	0.000000e+00
7.419370e-01	7.780660e-01	1.208572e-01	2.235378e-02	0.000000e+00
7.780661e-01	8.141953e-01	1.810119e-01	2.970885e-02	7.663054e-04
8.141954e-01	8.503245e-01	2.628470e-01	4.429441e-02	3.249209e-03
8.503244e-01	8.864534e-01	3.703380e-01	4.842828e-02	1.021697e-02
8.864535e-01	9.225827e-01	5.301739e-01	3.741129e-02	5.208253e-03
9.225828e-01	9.587118e-01	7.312831e-01	2.776654e-02	6.381283e-03
9.587118e-01	9.948408e-01	9.477288e-01	2.103429e-02	1.432308e-02
9.948404e-01	1.030970e+00	1.195608e+00	3.036970e-02	2.331196e-02
1.030970e+00	1.067098e+00	1.472233e+00	3.366548e-02	4.132055e-02
1.067100e+00	1.103228e+00	1.786777e+00	3.252955e-02	5.569349e-02
1.103229e+00	1.139358e+00	2.148381e+00	4.280550e-02	6.286557e-02
1.139357e+00	1.175487e+00	2.543282e+00	4.235981e-02	6.964296e-02
1.175487e+00	1.211615e+00	2.972969e+00	3.250298e-02	7.612998e-02
1.211617e+00	1.247745e+00	3.446901e+00	3.406128e-02	6.816961e-02
1.247746e+00	1.283875e+00	3.940724e+00	2.172770e-02	6.117247e-02
1.283874e+00	1.320002e+00	4.455061e+00	1.181599e-02	4.919040e-02
1.320002e+00	1.356131e+00	4.971984e+00	7.880096e-03	2.715270e-02
1.356132e+00	1.392261e+00	5.464447e+00	0.000000e+00	1.472501e-02
1.392261e+00	1.428391e+00	5.924381e+00	0.000000e+00	1.549405e-02
1.428391e+00	1.464519e+00	6.350181e+00	1.520939e-02	1.635251e-02
1.464519e+00	1.500648e+00	6.703523e+00	3.338039e-02	7.844114e-03
1.500649e+00	1.536778e+00	6.947546e+00	5.018129e-02	2.796092e-02
1.536778e+00	1.572906e+00	7.071209e+00	6.044729e-02	6.925185e-03
1.572906e+00	1.609035e+00	7.031983e+00	4.589942e-02	0.000000e+00
1.609036e+00	1.645165e+00	6.834277e+00	3.433530e-02	0.000000e+00
1.645165e+00	1.681293e+00	6.526486e+00	5.581389e-02	1.359019e-03
1.681294e+00	1.717424e+00	6.101874e+00	6.073623e-02	3.363133e-02
1.717423e+00	1.753552e+00	5.616422e+00	7.573694e-02	3.301226e-02
1.753553e+00	1.789682e+00	5.053957e+00	7.858230e-02	3.026101e-02
1.789682e+00	1.825811e+00	4.453395e+00	7.447757e-02	3.812450e-02
1.825812e+00	1.861940e+00	3.840906e+00	6.818622e-02	5.677987e-02
1.861940e+00	1.898069e+00	3.246273e+00	7.373855e-02	4.829638e-02
1.898069e+00	1.934198e+00	2.673506e+00	6.429793e-02	5.107808e-02
1.934198e+00	1.970328e+00	2.148403e+00	4.962275e-02	4.702574e-02
1.970329e+00	2.006458e+00	1.688252e+00	4.801600e-02	4.740707e-02
2.006458e+00	2.042587e+00	1.290106e+00	3.151540e-02	3.122312e-02
2.042585e+00	2.078714e+00	9.582518e-01	3.181572e-02	2.244762e-02
2.078715e+00	2.114844e+00	6.703485e-01	1.997592e-02	1.564422e-02
2.114845e+00	2.150974e+00	4.400908e-01	1.560768e-02	1.705334e-02
2.150972e+00	2.187101e+00	2.882145e-01	8.665892e-03	1.333361e-02
2.187102e+00	2.223231e+00	1.867086e-01	6.318802e-03	9.256885e-03
2.223231e+00	2.259361e+00	1.204911e-01	3.583781e-03	4.194464e-03
2.259362e+00	2.295491e+00	7.569756e-02	1.812505e-03	5.265078e-03
2.295489e+00	2.331618e+00	5.369354e-02	9.093222e-03	0.000000e+00
2.331619e+00	2.367748e+00	3.074386e-02	3.677259e-03	0.000000e+00
2.367749e+00	2.403878e+00	1.892354e-02	1.815378e-03	7.964239e-05
2.403876e+00	2.440005e+00	1.208700e-02	1.618489e-03	1.205508e-03
2.440006e+00	2.476135e+00	7.637275e-03	6.761549e-04	1.636824e-03
2.476135e+00	2.512265e+00	5.325746e-03	8.912538e-05	1.771403e-03
2.512266e+00	2.548395e+00	3.699017e-03	5.482992e-04	1.526378e-03
2.548393e+00	2.584522e+00	2.195102e-03	0.000000e+00	2.804877e-04
2.584523e+00	2.620652e+00	1.456431e-03	5.002660e-04	0.000000e+00
2.620653e+00	2.656782e+00	1.174170e-03	4.399139e-04	3.616552e-04
2.656780e+00	2.692909e+00	5.543729e-04	0.000000e+00	3.101960e-04
2.692910e+00	2.729039e+00	3.629361e-04	9.802513e-05	0.000000e+00
2.729040e+00	2.765169e+00	2.646675e-04	1.183917e-04	1.677124e-05
2.765168e+00	2.801298e+00	3.320864e-05	3.641318e-05	1.442688e-05
2.801297e+00	2.837426e+00	-8.518016e-05	0.000000e+00	1.901743e-04
2.837427e+00	2.873556e+00	-2.770013e-05	0.000000e+00	1.133747e-04
2.873557e+00	2.909686e+00	5.858521e-05	9.975372e-05	0.000000e+00
2.909686e+00	2.945815e+00	1.303241e-05	2.340778e-05	1.996695e-05
2.945813e+00	2.981942e+00	9.189114e-06	3.224965e-05	1.287370e-05
2.981943e+00	3.018072e+00	2.197196e-05	2.204595e-06	6.722937e-06
3.018072e+00	3.054202e+00	-7.595870e-06	0.000000e+00	3.763537e-05
3.054203e+00	3.090332e+00	-1.241643e-05	0.000000e+00	2.071664e-05
3.090330e+00	3.126459e+00	1.438870e-06	1.796912e-06	6.638381e-06
3.126460e+00	3.162589e+00	-5.151726e-06	0.000000e+00	8.121373e-06
3.162590e+00	3.198719e+00	2.399353e-07	2.687080e-06	0.000000e+00
3.198717e+00	3.234846e+00	-1.882758e-06	2.307701e-06	1.914921e-06
3.234847e+00	3.270976e+00	-5.666905e-07	0.000000e+00	2.801230e-06
3.270977e+00	3.307106e+00	2.172866e-06	2.335852e-06	9.225450e-07
3.307105e+00	3.343235e+00	2.976297e-07	6.849380e-07	0.000000e+00
3.343234e+00	3.379363e+00	-4.738778e-08	1.791270e-08	5.859214e-08
3.379364e+00	3.415493e+00	-1.009201e-07	5.942561e-07	2.081486e-07
3.415494e+00	3.451623e+00	7.942141e-09	6.168034e-07	0.000000e+00
3.451621e+00	3.487750e+00	4.793446e-08	7.321156e-08	0.000000e+00
3.487751e+00	3.523880e+00	6.851944e-09	3.621755e-08	0.000000e+00
3.523881e+00	3.560010e+00	2.463199e-09	4.722455e-09	0.000000e+00
3.560009e+00	3.596139e+00	-3.802735e-10	0.000000e+00	1.002210e-09
3.596138e+00	3.632267e+00	-1.794070e-10	0.000000e+00	1.888921e-09
3.632268e+00	3.668397e+00	-4.770600e-12	0.000000e+00	1.527685e-11
3.668398e+00	3.704527e+00	1.722954e-10	1.740680e-10	0.000000e+00
3.704525e+00	3.740654e+00	-1.584328e-12	0.000000e+00	1.616790e-11
3.740655e+00	3.776784e+00	-1.467579e-16	0.000000e+00	9.452008e-15
3.776785e+00	3.812914e+00	1.618673e-20	4.061247e-21	4.592763e-20
# END HISTO1D


# BEGIN HISTO1D //homes/tinghua1/Merging-Project/Production/HJETS/ratio-plots/hjets-matched-errorband/H-N2-3-25gev-combine.yoda/MC_H_KTSPLITTINGS/log10_d_12
ErrorBandColor=green
ErrorBandOpacity=0.3
ErrorBands=1
ErrorType=env
LineColor=green
LineStyle=solid
Path=//homes/tinghua1/Merging-Project/Production/HJETS/ratio-plots/hjets-matched-errorband/H-N2-3-25gev-combine.yoda/MC_H_KTSPLITTINGS/log10_d_12
RatioPlotSameStyle=1
Title=h(2*,3)
# xlow	 xhigh	 val	 errminus	 errplus
2.000000e-01	2.361292e-01	-6.617320e-11	6.902207e-10	1.563900e-07
2.361291e-01	2.722583e-01	1.838504e-07	1.652155e-07	2.086263e-08
2.722583e-01	3.083875e-01	2.642663e-07	6.852559e-08	7.831651e-08
3.083874e-01	3.445165e-01	1.536744e-06	6.561138e-08	3.838433e-06
3.445165e-01	3.806457e-01	1.199299e-05	4.698715e-06	0.000000e+00
3.806457e-01	4.167748e-01	3.285432e-05	1.264846e-05	0.000000e+00
4.167748e-01	4.529039e-01	2.558731e-04	1.826069e-04	0.000000e+00
4.529039e-01	4.890331e-01	4.234744e-04	8.554770e-05	0.000000e+00
4.890331e-01	5.251621e-01	1.323527e-03	2.194187e-04	3.738693e-04
5.251623e-01	5.612913e-01	3.227097e-03	9.940403e-04	0.000000e+00
5.612913e-01	5.974205e-01	7.207998e-03	1.786184e-03	0.000000e+00
5.974204e-01	6.335495e-01	1.639736e-02	5.050472e-03	0.000000e+00
6.335497e-01	6.696787e-01	2.893059e-02	6.070663e-03	0.000000e+00
6.696787e-01	7.058079e-01	5.297543e-02	1.280167e-02	0.000000e+00
7.058080e-01	7.419370e-01	8.864818e-02	1.877071e-02	0.000000e+00
7.419370e-01	7.780660e-01	1.353829e-01	2.309075e-02	0.000000e+00
7.780661e-01	8.141953e-01	2.150366e-01	4.112983e-02	0.000000e+00
8.141954e-01	8.503245e-01	3.023732e-01	5.311729e-02	0.000000e+00
8.503244e-01	8.864534e-01	4.233668e-01	5.192075e-02	3.052110e-03
8.864535e-01	9.225827e-01	6.086847e-01	4.162174e-02	0.000000e+00
9.225828e-01	9.587118e-01	8.167037e-01	1.980066e-02	0.000000e+00
9.587118e-01	9.948408e-01	1.045429e+00	1.502639e-02	1.417362e-02
9.948404e-01	1.030970e+00	1.307545e+00	0.000000e+00	3.613154e-02
1.030970e+00	1.067098e+00	1.593602e+00	1.772759e-02	5.366271e-02
1.067100e+00	1.103228e+00	1.939563e+00	3.718370e-02	5.929779e-02
1.103229e+00	1.139358e+00	2.302203e+00	2.663982e-02	1.105619e-01
1.139357e+00	1.175487e+00	2.718787e+00	1.987047e-02	9.886881e-02
1.175487e+00	1.211615e+00	3.181563e+00	3.057101e-02	1.002851e-01
1.211617e+00	1.247745e+00	3.691688e+00	5.547621e-02	8.358936e-04
1.247746e+00	1.283875e+00	4.195643e+00	2.724127e-02	1.010158e-01
1.283874e+00	1.320002e+00	4.745279e+00	2.037421e-02	6.105068e-02
1.320002e+00	1.356131e+00	5.296131e+00	0.000000e+00	3.676548e-02
1.356132e+00	1.392261e+00	5.783457e+00	0.000000e+00	3.755432e-02
1.392261e+00	1.428391e+00	6.272187e+00	0.000000e+00	4.442292e-02
1.428391e+00	1.464519e+00	6.724377e+00	1.603144e-02	6.524952e-02
1.464519e+00	1.500648e+00	7.090263e+00	3.118547e-02	7.338149e-02
1.500649e+00	1.536778e+00	7.354330e+00	6.988569e-02	9.462205e-02
1.536778e+00	1.572906e+00	7.534543e+00	1.452102e-01	3.238396e-03
1.572906e+00	1.609035e+00	7.400659e+00	6.823328e-02	7.152426e-02
1.609036e+00	1.645165e+00	7.175767e+00	6.976113e-02	8.294168e-02
1.645165e+00	1.681293e+00	6.845850e+00	7.431980e-02	3.478923e-02
1.681294e+00	1.717424e+00	6.391165e+00	3.047606e-02	2.949626e-02
1.717423e+00	1.753552e+00	5.867641e+00	1.504332e-02	3.812450e-02
1.753553e+00	1.789682e+00	5.297985e+00	6.110050e-02	1.397769e-03
1.789682e+00	1.825811e+00	4.670207e+00	4.990451e-02	0.000000e+00
1.825812e+00	1.861940e+00	4.027748e+00	2.049600e-02	5.809737e-03
1.861940e+00	1.898069e+00	3.404263e+00	1.240278e-02	3.127681e-03
1.898069e+00	1.934198e+00	2.826115e+00	1.931136e-02	7.298846e-03
1.934198e+00	1.970328e+00	2.283976e+00	1.935234e-03	5.649875e-03
1.970329e+00	2.006458e+00	1.815807e+00	3.744084e-03	4.033879e-03
2.006458e+00	2.042587e+00	1.409683e+00	4.837942e-03	6.670542e-04
2.042585e+00	2.078714e+00	1.069925e+00	0.000000e+00	1.433004e-02
2.078715e+00	2.114844e+00	7.764356e-01	0.000000e+00	2.901270e-03
2.114845e+00	2.150974e+00	5.371164e-01	3.065405e-03	2.430181e-04
2.150972e+00	2.187101e+00	3.759332e-01	6.117247e-03	5.084558e-04
2.187102e+00	2.223231e+00	2.602788e-01	3.251820e-03	6.016856e-03
2.223231e+00	2.259361e+00	1.812269e-01	3.307971e-03	5.841821e-03
2.259362e+00	2.295491e+00	1.281454e-01	4.330344e-03	2.318691e-03
2.295489e+00	2.331618e+00	8.986462e-02	3.388967e-03	2.182402e-03
2.331619e+00	2.367748e+00	6.290058e-02	3.270088e-03	2.794265e-03
2.367749e+00	2.403878e+00	4.478264e-02	3.060533e-03	3.729552e-03
2.403876e+00	2.440005e+00	3.258371e-02	2.822580e-03	3.824130e-03
2.440006e+00	2.476135e+00	2.524576e-02	3.292709e-03	1.986637e-03
2.476135e+00	2.512265e+00	1.789329e-02	1.788356e-03	2.724542e-03
2.512266e+00	2.548395e+00	1.332536e-02	2.035656e-03	1.778333e-03
2.548393e+00	2.584522e+00	9.740286e-03	1.310737e-03	1.255792e-03
2.584523e+00	2.620652e+00	6.739904e-03	7.261148e-04	1.245404e-03
2.620653e+00	2.656782e+00	4.897575e-03	8.370866e-04	8.489413e-04
2.656780e+00	2.692909e+00	3.292203e-03	4.325749e-04	6.767334e-04
2.692910e+00	2.729039e+00	2.347060e-03	3.536920e-04	4.474292e-04
2.729040e+00	2.765169e+00	1.606329e-03	2.199635e-04	3.046658e-04
2.765168e+00	2.801298e+00	1.152158e-03	2.308345e-04	2.232546e-04
2.801297e+00	2.837426e+00	7.630269e-04	1.683971e-04	1.741125e-04
2.837427e+00	2.873556e+00	5.367505e-04	1.241678e-04	7.217443e-05
2.873557e+00	2.909686e+00	3.305799e-04	6.990849e-05	1.192070e-04
2.909686e+00	2.945815e+00	1.991912e-04	3.625871e-05	6.096928e-05
2.945813e+00	2.981942e+00	1.241701e-04	3.275352e-05	3.811387e-05
2.981943e+00	3.018072e+00	7.560248e-05	1.198206e-05	2.567641e-05
3.018072e+00	3.054202e+00	5.315906e-05	1.689466e-05	9.331608e-06
3.054203e+00	3.090332e+00	2.785029e-05	6.802859e-06	9.670182e-06
3.090330e+00	3.126459e+00	1.704393e-05	5.867666e-06	7.996111e-06
3.126460e+00	3.162589e+00	8.537316e-06	2.670337e-06	3.254762e-06
3.162590e+00	3.198719e+00	4.487201e-06	7.665864e-07	1.875875e-06
3.198717e+00	3.234846e+00	1.841569e-06	1.128852e-07	1.139804e-06
3.234847e+00	3.270976e+00	1.237524e-06	3.795912e-07	2.530831e-07
3.270977e+00	3.307106e+00	3.610886e-07	0.000000e+00	5.931936e-07
3.307105e+00	3.343235e+00	2.407046e-07	8.078433e-08	7.909363e-08
3.343234e+00	3.379363e+00	1.000681e-07	5.152841e-08	7.622624e-08
3.379364e+00	3.415493e+00	4.725805e-08	1.667533e-08	0.000000e+00
3.415494e+00	3.451623e+00	1.168801e-08	7.365548e-09	0.000000e+00
3.451621e+00	3.487750e+00	2.610813e-09	0.000000e+00	2.075641e-09
3.487751e+00	3.523880e+00	1.663923e-09	8.732068e-10	2.853406e-10
3.523881e+00	3.560010e+00	2.982120e-10	2.376452e-10	9.420410e-11
3.560009e+00	3.596139e+00	3.639441e-11	2.253972e-12	5.330556e-11
3.596138e+00	3.632267e+00	1.156465e-11	9.060696e-12	0.000000e+00
3.632268e+00	3.668397e+00	-1.217931e-13	0.000000e+00	2.574269e-12
3.668398e+00	3.704527e+00	2.303170e-14	0.000000e+00	1.139196e-13
3.704525e+00	3.740654e+00	4.751681e-15	0.000000e+00	3.812585e-15
3.740655e+00	3.776784e+00	-8.670879e-17	0.000000e+00	2.084711e-16
3.776785e+00	3.812914e+00	2.274868e-20	1.428520e-19	1.938665e-20
# END HISTO1D


# BEGIN HISTO1D //homes/tinghua1/Merging-Project/Production/HJETS/ratio-plots/hjets-matched-errorband/H-2-3-25gev-combine.yoda/MC_H_KTSPLITTINGS/log10_d_12
ErrorBandColor=purple
ErrorBandOpacity=0.3
ErrorBands=1
ErrorType=env
LineColor=purple
LineStyle=solid
Path=//homes/tinghua1/Merging-Project/Production/HJETS/ratio-plots/hjets-matched-errorband/H-2-3-25gev-combine.yoda/MC_H_KTSPLITTINGS/log10_d_12
RatioPlotSameStyle=1
Title=h(2,3)
# xlow	 xhigh	 val	 errminus	 errplus
2.000000e-01	2.361292e-01	7.432632e-08	7.432632e-08	0.000000e+00
2.361291e-01	2.722583e-01	1.506311e-07	1.477798e-07	0.000000e+00
2.722583e-01	3.083875e-01	7.472453e-07	7.240825e-07	0.000000e+00
3.083874e-01	3.445165e-01	1.205908e-06	2.799369e-07	7.004880e-07
3.445165e-01	3.806457e-01	4.954441e-06	0.000000e+00	1.256338e-06
3.806457e-01	4.167748e-01	2.288227e-05	3.248644e-06	9.556978e-06
4.167748e-01	4.529039e-01	8.366048e-05	2.202657e-06	2.901221e-05
4.529039e-01	4.890331e-01	2.761963e-04	0.000000e+00	1.367544e-04
4.890331e-01	5.251621e-01	8.555007e-04	0.000000e+00	3.244288e-04
5.251623e-01	5.612913e-01	2.133838e-03	0.000000e+00	8.339109e-04
5.612913e-01	5.974205e-01	4.943403e-03	0.000000e+00	1.829985e-03
5.974204e-01	6.335495e-01	1.046006e-02	0.000000e+00	3.765757e-03
6.335497e-01	6.696787e-01	2.063836e-02	0.000000e+00	6.272946e-03
6.696787e-01	7.058079e-01	3.728098e-02	0.000000e+00	1.001780e-02
7.058080e-01	7.419370e-01	6.243754e-02	0.000000e+00	1.570485e-02
7.419370e-01	7.780660e-01	9.870063e-02	0.000000e+00	2.277580e-02
7.780661e-01	8.141953e-01	1.490912e-01	0.000000e+00	3.233188e-02
8.141954e-01	8.503245e-01	2.201282e-01	0.000000e+00	4.616780e-02
8.503244e-01	8.864534e-01	3.235218e-01	0.000000e+00	5.853426e-02
8.864535e-01	9.225827e-01	4.896615e-01	0.000000e+00	4.733014e-02
9.225828e-01	9.587118e-01	7.052592e-01	0.000000e+00	3.027310e-02
9.587118e-01	9.948408e-01	9.269741e-01	0.000000e+00	3.685229e-02
9.948404e-01	1.030970e+00	1.166783e+00	0.000000e+00	5.741549e-02
1.030970e+00	1.067098e+00	1.445495e+00	0.000000e+00	7.062664e-02
1.067100e+00	1.103228e+00	1.756343e+00	0.000000e+00	8.887376e-02
1.103229e+00	1.139358e+00	2.107964e+00	0.000000e+00	1.070143e-01
1.139357e+00	1.175487e+00	2.503599e+00	0.000000e+00	1.083950e-01
1.175487e+00	1.211615e+00	2.941914e+00	0.000000e+00	1.049683e-01
1.211617e+00	1.247745e+00	3.413978e+00	0.000000e+00	1.070442e-01
1.247746e+00	1.283875e+00	3.917997e+00	0.000000e+00	9.480473e-02
1.283874e+00	1.320002e+00	4.440281e+00	0.000000e+00	6.441640e-02
1.320002e+00	1.356131e+00	4.966063e+00	0.000000e+00	3.819923e-02
1.356132e+00	1.392261e+00	5.474760e+00	1.879377e-03	1.055385e-02
1.392261e+00	1.428391e+00	5.949834e+00	9.042347e-03	0.000000e+00
1.428391e+00	1.464519e+00	6.372335e+00	2.503529e-02	0.000000e+00
1.464519e+00	1.500648e+00	6.727944e+00	4.525450e-02	0.000000e+00
1.500649e+00	1.536778e+00	6.981760e+00	5.855130e-02	0.000000e+00
1.536778e+00	1.572906e+00	7.093681e+00	5.349165e-02	0.000000e+00
1.572906e+00	1.609035e+00	7.033170e+00	2.871931e-02	9.504830e-03
1.609036e+00	1.645165e+00	6.815865e+00	0.000000e+00	3.086717e-02
1.645165e+00	1.681293e+00	6.477121e+00	0.000000e+00	5.589692e-02
1.681294e+00	1.717424e+00	6.051168e+00	0.000000e+00	7.546360e-02
1.717423e+00	1.753552e+00	5.537463e+00	0.000000e+00	1.082897e-01
1.753553e+00	1.789682e+00	4.971283e+00	0.000000e+00	1.192864e-01
1.789682e+00	1.825811e+00	4.370367e+00	0.000000e+00	1.213153e-01
1.825812e+00	1.861940e+00	3.758557e+00	0.000000e+00	1.293006e-01
1.861940e+00	1.898069e+00	3.163932e+00	0.000000e+00	1.136871e-01
1.898069e+00	1.934198e+00	2.598626e+00	0.000000e+00	1.111251e-01
1.934198e+00	1.970328e+00	2.090642e+00	0.000000e+00	9.994022e-02
1.970329e+00	2.006458e+00	1.638704e+00	0.000000e+00	8.565501e-02
2.006458e+00	2.042587e+00	1.246324e+00	0.000000e+00	6.606743e-02
2.042585e+00	2.078714e+00	9.200385e-01	0.000000e+00	4.687592e-02
2.078715e+00	2.114844e+00	6.421418e-01	0.000000e+00	3.270392e-02
2.114845e+00	2.150974e+00	4.213560e-01	0.000000e+00	2.128955e-02
2.150972e+00	2.187101e+00	2.744317e-01	0.000000e+00	1.603523e-02
2.187102e+00	2.223231e+00	1.747008e-01	0.000000e+00	1.121492e-02
2.223231e+00	2.259361e+00	1.115161e-01	0.000000e+00	8.354387e-03
2.259362e+00	2.295491e+00	6.899803e-02	0.000000e+00	5.833762e-03
2.295489e+00	2.331618e+00	4.220341e-02	0.000000e+00	6.551607e-03
2.331619e+00	2.367748e+00	2.521800e-02	0.000000e+00	1.650630e-03
2.367749e+00	2.403878e+00	1.511599e-02	0.000000e+00	2.013651e-03
2.403876e+00	2.440005e+00	9.878663e-03	0.000000e+00	1.526450e-03
2.440006e+00	2.476135e+00	7.237693e-03	0.000000e+00	9.407457e-04
2.476135e+00	2.512265e+00	4.710811e-03	0.000000e+00	8.936452e-04
2.512266e+00	2.548395e+00	3.355781e-03	0.000000e+00	7.081929e-04
2.548393e+00	2.584522e+00	2.197057e-03	0.000000e+00	3.760301e-04
2.584523e+00	2.620652e+00	1.379925e-03	0.000000e+00	3.416355e-04
2.620653e+00	2.656782e+00	8.192220e-04	0.000000e+00	2.308821e-04
2.656780e+00	2.692909e+00	5.734078e-04	0.000000e+00	1.054745e-04
2.692910e+00	2.729039e+00	3.140162e-04	0.000000e+00	1.163367e-04
2.729040e+00	2.765169e+00	2.000337e-04	0.000000e+00	5.675659e-05
2.765168e+00	2.801298e+00	1.222440e-04	0.000000e+00	5.906311e-05
2.801297e+00	2.837426e+00	7.656871e-05	0.000000e+00	1.787511e-05
2.837427e+00	2.873556e+00	4.503213e-05	0.000000e+00	1.501816e-05
2.873557e+00	2.909686e+00	2.514829e-05	0.000000e+00	1.299583e-05
2.909686e+00	2.945815e+00	1.251594e-05	0.000000e+00	6.408403e-06
2.945813e+00	2.981942e+00	7.110811e-06	0.000000e+00	3.053273e-06
2.981943e+00	3.018072e+00	4.106064e-06	0.000000e+00	3.640665e-06
3.018072e+00	3.054202e+00	2.642975e-06	8.069131e-07	0.000000e+00
3.054203e+00	3.090332e+00	1.792703e-06	3.986338e-07	5.936422e-08
3.090330e+00	3.126459e+00	7.046348e-07	0.000000e+00	4.069603e-07
3.126460e+00	3.162589e+00	3.626098e-07	0.000000e+00	4.378737e-07
3.162590e+00	3.198719e+00	1.407051e-07	0.000000e+00	8.348036e-08
3.198717e+00	3.234846e+00	7.006942e-09	0.000000e+00	1.543639e-07
3.234847e+00	3.270976e+00	2.021164e-07	1.920814e-07	0.000000e+00
3.270977e+00	3.307106e+00	-4.451853e-09	0.000000e+00	3.044049e-08
3.307105e+00	3.343235e+00	-5.128384e-09	0.000000e+00	2.365240e-08
3.343234e+00	3.379363e+00	4.694157e-09	2.457586e-09	3.812926e-09
3.379364e+00	3.415493e+00	2.536723e-09	1.029911e-09	0.000000e+00
3.415494e+00	3.451623e+00	9.613931e-10	0.000000e+00	1.032595e-09
3.451621e+00	3.487750e+00	3.871120e-10	0.000000e+00	1.805843e-10
3.487751e+00	3.523880e+00	1.206726e-10	7.401021e-11	5.963204e-11
3.523881e+00	3.560010e+00	-3.262119e-11	0.000000e+00	6.223380e-11
3.560009e+00	3.596139e+00	-3.228278e-12	0.000000e+00	1.453456e-11
3.596138e+00	3.632267e+00	-6.162288e-13	0.000000e+00	3.454267e-12
3.632268e+00	3.668397e+00	1.698867e-13	1.586519e-13	0.000000e+00
3.668398e+00	3.704527e+00	-8.288787e-15	2.237669e-14	0.000000e+00
3.704525e+00	3.740654e+00	-2.462634e-15	0.000000e+00	4.852112e-15
3.740655e+00	3.776784e+00	1.957571e-17	2.749823e-17	0.000000e+00
3.776785e+00	3.812914e+00	3.270924e-21	0.000000e+00	1.242915e-20
# END HISTO1D


# BEGIN HISTO1D //homes/tinghua1/Merging-Project/Production/HJETS/ratio-plots/hjets-matched-errorband/H3Jets-NLOPS-combine.yoda/MC_H_KTSPLITTINGS/log10_d_12
ErrorBandColor=red
ErrorBandOpacity=0.3
ErrorBands=1
ErrorType=env
LineColor=red
LineStyle=solid
Path=//homes/tinghua1/Merging-Project/Production/HJETS/ratio-plots/hjets-matched-errorband/H3Jets-NLOPS-combine.yoda/MC_H_KTSPLITTINGS/log10_d_12
RatioPlotSameStyle=1
Title=h(3*) $\oplus$ PS
# xlow	 xhigh	 val	 errminus	 errplus
2.000000e-01	2.361292e-01	-1.432635e-11	6.365089e-10	8.529366e-12
2.361291e-01	2.722583e-01	-7.952626e-11	2.008943e-10	5.068388e-11
2.722583e-01	3.083875e-01	-9.214495e-10	0.000000e+00	7.856367e-10
3.083874e-01	3.445165e-01	-4.762269e-10	3.805010e-10	1.616262e-10
3.445165e-01	3.806457e-01	-1.919052e-08	0.000000e+00	3.692217e-08
3.806457e-01	4.167748e-01	3.682934e-09	2.476814e-09	1.298388e-07
4.167748e-01	4.529039e-01	5.071682e-09	9.963238e-08	1.136356e-07
4.529039e-01	4.890331e-01	4.425758e-07	3.746317e-07	0.000000e+00
4.890331e-01	5.251621e-01	2.158707e-07	7.845807e-07	7.934960e-07
5.251623e-01	5.612913e-01	-6.309360e-07	1.550290e-05	0.000000e+00
5.612913e-01	5.974205e-01	-7.092034e-06	1.038404e-05	5.533389e-06
5.974204e-01	6.335495e-01	-1.899864e-05	0.000000e+00	1.610673e-05
6.335497e-01	6.696787e-01	-8.090121e-05	0.000000e+00	6.679120e-05
6.696787e-01	7.058079e-01	1.418299e-05	0.000000e+00	6.000642e-04
7.058080e-01	7.419370e-01	-4.308699e-04	0.000000e+00	2.685155e-04
7.419370e-01	7.780660e-01	-4.946741e-04	0.000000e+00	5.076119e-04
7.780661e-01	8.141953e-01	-8.742840e-04	1.623478e-03	1.719415e-04
8.141954e-01	8.503245e-01	-1.081422e-03	2.036602e-03	1.198142e-04
8.503244e-01	8.864534e-01	-1.692063e-03	3.242638e-03	2.014956e-03
8.864535e-01	9.225827e-01	-1.286159e-03	0.000000e+00	1.041333e-02
9.225828e-01	9.587118e-01	5.491238e-03	0.000000e+00	9.785998e-03
9.587118e-01	9.948408e-01	1.894960e-02	0.000000e+00	3.018165e-02
9.948404e-01	1.030970e+00	1.018995e-01	2.038274e-03	1.093993e-02
1.030970e+00	1.067098e+00	2.061716e-01	8.308063e-03	0.000000e+00
1.067100e+00	1.103228e+00	3.791755e-01	2.551828e-02	0.000000e+00
1.103229e+00	1.139358e+00	5.743630e-01	1.131501e-02	4.390379e-03
1.139357e+00	1.175487e+00	8.243803e-01	2.446056e-02	8.003321e-03
1.175487e+00	1.211615e+00	1.122298e+00	4.253702e-02	0.000000e+00
1.211617e+00	1.247745e+00	1.454620e+00	0.000000e+00	2.451216e-03
1.247746e+00	1.283875e+00	1.848453e+00	3.013203e-02	8.946082e-02
1.283874e+00	1.320002e+00	2.270328e+00	8.362507e-02	0.000000e+00
1.320002e+00	1.356131e+00	2.678112e+00	1.154920e-01	2.002823e-03
1.356132e+00	1.392261e+00	3.006734e+00	1.801019e-01	1.456199e-01
1.392261e+00	1.428391e+00	3.438168e+00	5.586216e-02	6.875450e-02
1.428391e+00	1.464519e+00	3.782798e+00	1.957541e-01	1.754574e-01
1.464519e+00	1.500648e+00	4.094849e+00	2.004456e-01	1.279111e-01
1.500649e+00	1.536778e+00	4.387154e+00	2.835561e-01	1.355532e-01
1.536778e+00	1.572906e+00	4.486069e+00	3.046417e-01	1.610368e-01
1.572906e+00	1.609035e+00	4.533458e+00	2.675468e-01	1.631321e-01
1.609036e+00	1.645165e+00	4.484220e+00	4.170583e-01	1.504138e-01
1.645165e+00	1.681293e+00	4.300933e+00	3.491572e-01	1.288605e-01
1.681294e+00	1.717424e+00	4.076698e+00	3.101550e-01	1.043510e-01
1.717423e+00	1.753552e+00	3.763509e+00	3.007695e-01	1.372803e-01
1.753553e+00	1.789682e+00	3.454380e+00	2.495502e-01	9.922777e-02
1.789682e+00	1.825811e+00	3.113277e+00	2.567411e-01	6.224916e-02
1.825812e+00	1.861940e+00	2.710687e+00	1.976014e-01	9.235766e-02
1.861940e+00	1.898069e+00	2.292230e+00	1.448725e-01	7.082399e-02
1.898069e+00	1.934198e+00	1.963767e+00	1.433735e-01	7.297240e-02
1.934198e+00	1.970328e+00	1.556817e+00	1.281234e-02	1.323487e-01
1.970329e+00	2.006458e+00	1.342490e+00	1.112522e-01	2.538985e-02
2.006458e+00	2.042587e+00	1.091261e+00	1.134878e-01	0.000000e+00
2.042585e+00	2.078714e+00	8.079177e-01	2.979407e-02	4.131667e-02
2.078715e+00	2.114844e+00	6.276324e-01	4.219574e-02	2.354757e-02
2.114845e+00	2.150974e+00	4.571973e-01	3.651194e-02	1.904952e-02
2.150972e+00	2.187101e+00	3.253256e-01	1.294805e-03	6.836890e-03
2.187102e+00	2.223231e+00	2.332076e-01	5.627252e-03	4.194221e-03
2.223231e+00	2.259361e+00	1.720836e-01	7.176031e-03	0.000000e+00
2.259362e+00	2.295491e+00	1.023823e-01	0.000000e+00	2.398165e-02
2.295489e+00	2.331618e+00	8.576645e-02	0.000000e+00	3.514490e-03
2.331619e+00	2.367748e+00	6.700722e-02	9.342661e-03	0.000000e+00
2.367749e+00	2.403878e+00	4.512068e-02	0.000000e+00	2.452905e-03
2.403876e+00	2.440005e+00	3.588311e-02	2.258075e-03	3.652910e-03
2.440006e+00	2.476135e+00	2.726753e-02	4.313737e-04	1.578134e-03
2.476135e+00	2.512265e+00	2.049920e-02	7.247246e-04	2.270836e-03
2.512266e+00	2.548395e+00	1.457559e-02	2.469761e-04	2.743303e-03
2.548393e+00	2.584522e+00	1.109819e-02	7.827867e-04	9.749592e-04
2.584523e+00	2.620652e+00	8.381037e-03	9.676742e-04	7.155637e-04
2.620653e+00	2.656782e+00	6.254164e-03	6.968142e-04	3.720972e-04
2.656780e+00	2.692909e+00	4.680655e-03	6.297573e-04	1.126992e-03
2.692910e+00	2.729039e+00	3.311240e-03	4.762656e-04	6.435578e-04
2.729040e+00	2.765169e+00	2.444415e-03	5.339470e-04	5.977586e-04
2.765168e+00	2.801298e+00	1.683218e-03	2.532776e-04	3.606684e-04
2.801297e+00	2.837426e+00	1.175566e-03	2.109577e-04	2.126380e-04
2.837427e+00	2.873556e+00	7.342520e-04	1.637128e-04	2.704509e-04
2.873557e+00	2.909686e+00	4.661798e-04	7.776108e-05	1.635359e-04
2.909686e+00	2.945815e+00	3.448997e-04	7.480664e-05	7.070719e-05
2.945813e+00	2.981942e+00	2.123730e-04	3.098395e-05	3.108805e-05
2.981943e+00	3.018072e+00	1.438507e-04	4.839766e-05	8.720972e-06
3.018072e+00	3.054202e+00	7.596319e-05	1.117371e-05	2.716045e-05
3.054203e+00	3.090332e+00	6.308647e-05	2.848681e-05	0.000000e+00
3.090330e+00	3.126459e+00	3.223344e-05	9.882250e-06	2.014919e-06
3.126460e+00	3.162589e+00	1.592330e-05	4.777602e-06	9.939713e-06
3.162590e+00	3.198719e+00	8.528340e-06	1.300996e-06	1.671009e-06
3.198717e+00	3.234846e+00	4.399931e-06	8.931579e-07	6.395472e-07
3.234847e+00	3.270976e+00	3.489031e-06	1.971502e-06	4.352349e-07
3.270977e+00	3.307106e+00	1.162366e-06	2.965399e-07	3.443649e-07
3.307105e+00	3.343235e+00	5.509815e-07	7.983781e-08	1.947645e-07
3.343234e+00	3.379363e+00	2.121136e-07	4.234078e-08	1.546530e-07
3.379364e+00	3.415493e+00	8.724028e-08	0.000000e+00	3.277168e-08
3.415494e+00	3.451623e+00	3.186891e-08	1.190533e-08	1.491541e-08
3.451621e+00	3.487750e+00	1.213621e-08	0.000000e+00	1.197016e-08
3.487751e+00	3.523880e+00	8.364264e-09	3.166700e-09	1.440555e-09
3.523881e+00	3.560010e+00	1.464873e-09	3.223031e-10	2.144599e-09
3.560009e+00	3.596139e+00	1.696017e-10	0.000000e+00	1.208843e-10
3.596138e+00	3.632267e+00	4.283260e-11	0.000000e+00	1.483189e-10
3.632268e+00	3.668397e+00	2.438008e-12	0.000000e+00	3.899474e-12
3.668398e+00	3.704527e+00	8.957826e-13	6.988329e-13	0.000000e+00
3.704525e+00	3.740654e+00	9.566883e-15	2.422201e-15	4.006419e-14
3.740655e+00	3.776784e+00	2.237954e-17	0.000000e+00	9.135561e-18
3.776785e+00	3.812914e+00	6.569659e-21	5.408393e-21	0.000000e+00
# END HISTO1D


# BEGIN HISTO1D //homes/tinghua1/Merging-Project/Production/HJETS/ratio-plots/hjets-matched-errorband/H2Jets-NLOPS-combine.yoda/MC_H_KTSPLITTINGS/log10_d_12
ErrorBandColor=violet
ErrorBandOpacity=0.3
ErrorBands=1
ErrorType=env
LineColor=violet
LineStyle=solid
Path=//homes/tinghua1/Merging-Project/Production/HJETS/ratio-plots/hjets-matched-errorband/H2Jets-NLOPS-combine.yoda/MC_H_KTSPLITTINGS/log10_d_12
RatioPlotSameStyle=1
Title=h(2*) $\oplus$ PS
# xlow	 xhigh	 val	 errminus	 errplus
2.000000e-01	2.361292e-01	-2.365511e-08	0.000000e+00	8.334840e-07
2.361291e-01	2.722583e-01	1.833048e-07	1.848021e-07	1.173752e-07
2.722583e-01	3.083875e-01	-6.928365e-08	0.000000e+00	3.374024e-06
3.083874e-01	3.445165e-01	-1.352465e-06	0.000000e+00	2.776618e-06
3.445165e-01	3.806457e-01	1.083463e-05	8.530127e-06	0.000000e+00
3.806457e-01	4.167748e-01	1.102871e-05	1.085244e-05	0.000000e+00
4.167748e-01	4.529039e-01	1.538381e-06	0.000000e+00	3.753215e-05
4.529039e-01	4.890331e-01	1.074588e-04	9.374695e-05	0.000000e+00
4.890331e-01	5.251621e-01	1.634765e-04	9.760005e-05	1.250801e-05
5.251623e-01	5.612913e-01	3.443269e-04	6.705816e-04	4.384001e-05
5.612913e-01	5.974205e-01	7.713022e-04	3.544773e-04	0.000000e+00
5.974204e-01	6.335495e-01	1.457717e-03	0.000000e+00	9.124722e-04
6.335497e-01	6.696787e-01	3.804382e-03	9.098095e-04	1.100487e-03
6.696787e-01	7.058079e-01	8.418910e-03	3.051238e-03	2.972103e-03
7.058080e-01	7.419370e-01	1.871779e-02	7.548937e-03	4.122361e-03
7.419370e-01	7.780660e-01	3.543830e-02	1.266010e-02	3.450902e-03
7.780661e-01	8.141953e-01	5.835036e-02	1.933226e-02	6.463249e-03
8.141954e-01	8.503245e-01	9.085859e-02	2.479420e-02	1.465940e-02
8.503244e-01	8.864534e-01	1.454541e-01	4.043369e-02	2.808180e-02
8.864535e-01	9.225827e-01	2.238657e-01	6.354442e-02	2.298382e-02
9.225828e-01	9.587118e-01	3.499445e-01	1.204059e-01	5.152799e-02
9.587118e-01	9.948408e-01	5.487870e-01	7.164170e-02	5.284881e-02
9.948404e-01	1.030970e+00	8.043486e-01	4.841803e-02	7.317536e-02
1.030970e+00	1.067098e+00	1.174855e+00	4.227075e-02	1.493944e-01
1.067100e+00	1.103228e+00	1.613398e+00	1.708129e-02	7.062498e-02
1.103229e+00	1.139358e+00	2.104079e+00	2.015464e-01	0.000000e+00
1.139357e+00	1.175487e+00	2.484621e+00	3.880736e-02	1.129956e-01
1.175487e+00	1.211615e+00	2.968668e+00	5.122755e-02	1.182706e-01
1.211617e+00	1.247745e+00	3.478848e+00	2.766199e-02	1.519776e-01
1.247746e+00	1.283875e+00	4.025500e+00	4.702593e-02	1.165656e-01
1.283874e+00	1.320002e+00	4.593075e+00	0.000000e+00	1.019264e-01
1.320002e+00	1.356131e+00	5.163539e+00	2.179136e-02	1.294473e-01
1.356132e+00	1.392261e+00	5.714055e+00	0.000000e+00	1.067370e-01
1.392261e+00	1.428391e+00	6.242948e+00	6.418489e-03	4.035981e-02
1.428391e+00	1.464519e+00	6.681821e+00	9.023222e-03	2.093055e-02
1.464519e+00	1.500648e+00	7.021050e+00	1.891832e-02	6.709845e-02
1.500649e+00	1.536778e+00	7.252625e+00	6.691301e-02	7.930748e-02
1.536778e+00	1.572906e+00	7.333494e+00	8.795427e-02	6.652274e-02
1.572906e+00	1.609035e+00	7.227211e+00	1.182208e-01	8.307454e-02
1.609036e+00	1.645165e+00	6.942877e+00	1.303966e-01	9.599491e-02
1.645165e+00	1.681293e+00	6.563290e+00	1.120955e-01	7.959534e-02
1.681294e+00	1.717424e+00	6.107274e+00	1.158373e-01	7.949350e-02
1.717423e+00	1.753552e+00	5.577005e+00	9.115669e-02	6.484542e-02
1.753553e+00	1.789682e+00	5.006327e+00	1.012981e-01	6.485095e-02
1.789682e+00	1.825811e+00	4.401556e+00	6.890033e-02	4.824103e-02
1.825812e+00	1.861940e+00	3.792734e+00	6.945113e-02	4.774558e-02
1.861940e+00	1.898069e+00	3.203396e+00	4.646683e-02	3.563066e-02
1.898069e+00	1.934198e+00	2.653976e+00	4.057046e-02	2.597609e-02
1.934198e+00	1.970328e+00	2.155877e+00	3.205093e-02	1.335732e-02
1.970329e+00	2.006458e+00	1.713992e+00	2.009604e-02	9.510366e-03
2.006458e+00	2.042587e+00	1.338008e+00	1.451050e-02	2.907083e-03
2.042585e+00	2.078714e+00	1.019466e+00	7.902516e-03	1.261037e-03
2.078715e+00	2.114844e+00	7.478449e-01	5.861220e-03	2.958288e-03
2.114845e+00	2.150974e+00	5.233588e-01	1.863877e-03	0.000000e+00
2.150972e+00	2.187101e+00	3.646265e-01	2.327770e-03	8.430900e-04
2.187102e+00	2.223231e+00	2.557986e-01	5.276011e-03	2.627889e-03
2.223231e+00	2.259361e+00	1.769309e-01	2.918627e-03	2.377055e-03
2.259362e+00	2.295491e+00	1.227128e-01	3.374547e-03	2.534584e-03
2.295489e+00	2.331618e+00	8.400376e-02	2.325528e-03	2.732819e-03
2.331619e+00	2.367748e+00	5.779022e-02	2.047220e-03	2.670625e-03
2.367749e+00	2.403878e+00	4.053730e-02	2.308395e-03	2.331257e-03
2.403876e+00	2.440005e+00	2.893540e-02	1.725318e-03	2.104321e-03
2.440006e+00	2.476135e+00	2.112538e-02	1.520180e-03	1.787976e-03
2.476135e+00	2.512265e+00	1.534720e-02	1.272200e-03	1.546391e-03
2.512266e+00	2.548395e+00	1.083223e-02	9.972626e-04	1.181992e-03
2.548393e+00	2.584522e+00	7.574613e-03	7.091063e-04	9.838634e-04
2.584523e+00	2.620652e+00	5.277400e-03	5.935620e-04	6.298541e-04
2.620653e+00	2.656782e+00	3.610064e-03	4.062692e-04	4.929170e-04
2.656780e+00	2.692909e+00	2.467725e-03	3.010952e-04	3.305865e-04
2.692910e+00	2.729039e+00	1.630774e-03	1.965537e-04	2.647375e-04
2.729040e+00	2.765169e+00	1.073863e-03	1.329182e-04	1.868532e-04
2.765168e+00	2.801298e+00	7.086059e-04	9.291198e-05	1.229834e-04
2.801297e+00	2.837426e+00	4.416369e-04	5.009992e-05	9.396274e-05
2.837427e+00	2.873556e+00	2.881370e-04	4.184796e-05	5.329514e-05
2.873557e+00	2.909686e+00	1.715643e-04	1.810681e-05	4.184173e-05
2.909686e+00	2.945815e+00	1.079415e-04	1.755836e-05	2.426101e-05
2.945813e+00	2.981942e+00	6.369191e-05	7.794237e-06	1.349030e-05
2.981943e+00	3.018072e+00	3.955296e-05	8.454870e-06	4.756484e-06
3.018072e+00	3.054202e+00	2.151817e-05	3.157888e-06	4.425245e-06
3.054203e+00	3.090332e+00	1.221148e-05	1.977209e-06	2.579338e-06
3.090330e+00	3.126459e+00	6.569620e-06	1.383764e-06	1.621033e-06
3.126460e+00	3.162589e+00	3.389418e-06	5.144897e-07	5.322566e-07
3.162590e+00	3.198719e+00	1.706090e-06	3.555111e-07	1.475272e-07
3.198717e+00	3.234846e+00	8.954364e-07	2.019951e-07	1.006538e-07
3.234847e+00	3.270976e+00	3.554435e-07	9.026915e-08	1.159681e-07
3.270977e+00	3.307106e+00	1.601018e-07	3.410922e-08	3.493025e-08
3.307105e+00	3.343235e+00	6.825724e-08	1.952411e-08	9.102574e-09
3.343234e+00	3.379363e+00	2.465574e-08	5.637881e-09	8.411545e-09
3.379364e+00	3.415493e+00	7.743959e-09	1.879025e-09	3.919167e-09
3.415494e+00	3.451623e+00	2.868978e-09	9.262213e-10	6.968363e-10
3.451621e+00	3.487750e+00	8.746362e-10	2.661112e-10	2.124803e-11
3.487751e+00	3.523880e+00	2.090456e-10	0.000000e+00	9.373329e-11
3.523881e+00	3.560010e+00	5.248872e-11	2.341739e-11	0.000000e+00
3.560009e+00	3.596139e+00	6.193031e-12	0.000000e+00	1.101702e-12
3.596138e+00	3.632267e+00	1.122235e-12	4.365274e-14	5.464466e-13
3.632268e+00	3.668397e+00	1.424137e-13	0.000000e+00	2.692372e-14
3.668398e+00	3.704527e+00	9.033937e-15	1.111669e-15	2.365640e-14
3.704525e+00	3.740654e+00	3.874013e-16	0.000000e+00	4.714913e-16
3.740655e+00	3.776784e+00	3.333881e-18	2.448963e-18	0.000000e+00
3.776785e+00	3.812914e+00	3.096050e-23	0.000000e+00	1.962959e-21
# END HISTO1D

