# BEGIN PLOT
Rebin=2
DrawOnly=//homes/tinghua1/Merging-Project/Production/HJETS/ratio-plots/hjets-matched-errorband/H-N2-N3-4-25gev-combine.yoda/MC_H_KTSPLITTINGS/log10_R_3 //homes/tinghua1/Merging-Project/Production/HJETS/ratio-plots/hjets-matched-errorband/H-N2-3-4-25gev-combine.yoda/MC_H_KTSPLITTINGS/log10_R_3 //homes/tinghua1/Merging-Project/Production/HJETS/ratio-plots/hjets-matched-errorband/H-2-3-4-25gev-combine.yoda/MC_H_KTSPLITTINGS/log10_R_3 //homes/tinghua1/Merging-Project/Production/HJETS/ratio-plots/hjets-matched-errorband/H-N2-3-25gev-combine.yoda/MC_H_KTSPLITTINGS/log10_R_3 //homes/tinghua1/Merging-Project/Production/HJETS/ratio-plots/hjets-matched-errorband/H-2-3-25gev-combine.yoda/MC_H_KTSPLITTINGS/log10_R_3 //homes/tinghua1/Merging-Project/Production/HJETS/ratio-plots/hjets-matched-errorband/H3Jets-NLOPS-combine.yoda/MC_H_KTSPLITTINGS/log10_R_3 //homes/tinghua1/Merging-Project/Production/HJETS/ratio-plots/hjets-matched-errorband/H2Jets-NLOPS-combine.yoda/MC_H_KTSPLITTINGS/log10_R_3
Title=$\log_{10}$(Integrated $3$ jet rate in $k_\perp$ [GeV])
RatioPlotReference=//homes/tinghua1/Merging-Project/Production/HJETS/ratio-plots/hjets-matched-errorband/H-N2-N3-4-25gev-combine.yoda/MC_H_KTSPLITTINGS/log10_R_3
#RatioPlot=1
LogY=1
RatioPlotYMax=2.5
RatioPlotYLabel=Ratio
#LegendOnly=//homes/tinghua1/Merging-Project/Production/HJETS/ratio-plots/hjets-matched-errorband/H-N2-N3-4-25gev-combine.yoda/MC_H_KTSPLITTINGS/log10_R_3 //homes/tinghua1/Merging-Project/Production/HJETS/ratio-plots/hjets-matched-errorband/H-N2-3-4-25gev-combine.yoda/MC_H_KTSPLITTINGS/log10_R_3 //homes/tinghua1/Merging-Project/Production/HJETS/ratio-plots/hjets-matched-errorband/H-2-3-4-25gev-combine.yoda/MC_H_KTSPLITTINGS/log10_R_3 //homes/tinghua1/Merging-Project/Production/HJETS/ratio-plots/hjets-matched-errorband/H-N2-3-25gev-combine.yoda/MC_H_KTSPLITTINGS/log10_R_3 //homes/tinghua1/Merging-Project/Production/HJETS/ratio-plots/hjets-matched-errorband/H-2-3-25gev-combine.yoda/MC_H_KTSPLITTINGS/log10_R_3 //homes/tinghua1/Merging-Project/Production/HJETS/ratio-plots/hjets-matched-errorband/H3Jets-NLOPS-combine.yoda/MC_H_KTSPLITTINGS/log10_R_3 //homes/tinghua1/Merging-Project/Production/HJETS/ratio-plots/hjets-matched-errorband/H2Jets-NLOPS-combine.yoda/MC_H_KTSPLITTINGS/log10_R_3
XLabel=$\log_{10}(d_{\text{cut}}/\text{GeV})$
LegendAlign=r
YLabel=$R_{3}$
Legend=1
RatioPlotYMin=0.0
# END PLOT


# BEGIN SPECIAL /MC_H_KTSPLITTINGS/log10_R_3
\rput[tl](0.05,0.75){\parbox{5cm}{\textcolor{gray}{{\bf Herwig 7.2.0} \\ HJETS/ColorFull}}}
# END SPECIAL

# BEGIN HISTO1D //homes/tinghua1/Merging-Project/Production/HJETS/ratio-plots/hjets-matched-errorband/H-N2-N3-4-25gev-combine.yoda/MC_H_KTSPLITTINGS/log10_R_3
ErrorBandColor=orange
ErrorBandOpacity=0.3
ErrorBands=1
ErrorType=env
LineColor=orange
LineStyle=solid
Path=//homes/tinghua1/Merging-Project/Production/HJETS/ratio-plots/hjets-matched-errorband/H-N2-N3-4-25gev-combine.yoda/MC_H_KTSPLITTINGS/log10_R_3
RatioPlotSameStyle=1
Title=h(2*,3*,4)
XLabel=~
YLabel=~
# xlow	 xhigh	 val	 errminus	 errplus
2.000000e-01	2.722582e-01	8.749511e-02	5.405583e-02	1.544589e-01
2.722583e-01	3.445165e-01	1.342977e-01	8.120835e-02	1.885590e-01
3.445166e-01	4.167748e-01	2.115124e-01	1.222072e-01	2.252139e-01
4.167748e-01	4.890330e-01	3.264993e-01	1.745803e-01	2.536455e-01
4.890331e-01	5.612913e-01	4.837327e-01	2.308597e-01	2.668007e-01
5.612914e-01	6.335496e-01	6.754844e-01	2.748524e-01	2.599457e-01
6.335496e-01	7.058078e-01	8.833679e-01	2.916388e-01	2.319451e-01
7.058079e-01	7.780661e-01	1.084473e+00	2.746170e-01	1.893360e-01
7.780662e-01	8.503244e-01	1.255683e+00	2.287120e-01	1.394870e-01
8.503244e-01	9.225826e-01	1.380506e+00	1.629500e-01	8.653800e-02
9.225827e-01	9.948409e-01	1.444970e+00	9.348900e-02	4.071100e-02
9.948409e-01	1.067099e+00	1.445642e+00	3.319800e-02	7.349000e-03
1.067099e+00	1.139357e+00	1.389962e+00	1.776400e-02	5.892000e-03
1.139358e+00	1.211616e+00	1.283296e+00	3.219700e-02	2.612000e-02
1.211616e+00	1.283874e+00	1.144669e+00	3.759900e-02	3.521000e-02
1.283874e+00	1.356132e+00	9.787878e-01	3.487820e-02	3.459620e-02
1.356132e+00	1.428390e+00	8.050659e-01	2.992680e-02	2.113570e-02
1.428391e+00	1.500649e+00	6.244280e-01	2.158800e-02	1.547590e-02
1.500649e+00	1.572907e+00	4.516073e-01	1.480510e-02	1.055610e-02
1.572907e+00	1.645165e+00	3.072995e-01	1.025080e-02	5.061400e-03
1.645165e+00	1.717423e+00	1.963891e-01	9.610500e-03	6.741000e-04
1.717424e+00	1.789682e+00	1.162698e-01	5.586800e-03	3.669700e-03
1.789682e+00	1.861940e+00	6.504362e-02	3.376550e-03	1.935110e-03
1.861940e+00	1.934198e+00	3.582619e-02	3.494240e-03	0.000000e+00
1.934199e+00	2.006457e+00	1.925867e-02	2.980500e-03	3.604000e-05
2.006457e+00	2.078715e+00	9.952585e-03	2.326040e-03	0.000000e+00
2.078715e+00	2.150973e+00	3.838291e-03	6.378310e-04	6.777020e-04
2.150973e+00	2.223231e+00	1.910925e-03	4.375430e-04	3.997660e-04
2.223232e+00	2.295490e+00	9.424273e-04	1.966957e-04	3.464707e-04
2.295490e+00	2.367748e+00	5.032233e-04	1.259160e-04	1.901590e-04
2.367748e+00	2.440006e+00	2.678606e-04	6.593810e-05	1.038632e-04
2.440006e+00	2.512264e+00	1.367417e-04	3.572740e-05	5.156720e-05
2.512265e+00	2.584523e+00	6.222672e-05	1.756429e-05	2.589204e-05
2.584523e+00	2.656781e+00	2.657752e-05	7.544990e-06	1.059937e-05
2.656781e+00	2.729039e+00	1.032967e-05	3.086138e-06	5.013750e-06
2.729039e+00	2.801297e+00	3.367369e-06	8.700490e-07	2.218773e-06
2.801298e+00	2.873556e+00	1.093497e-06	2.945839e-07	6.686880e-07
2.873556e+00	2.945814e+00	3.140568e-07	4.290120e-08	1.435988e-07
2.945814e+00	3.018072e+00	7.532086e-08	1.936258e-08	5.312174e-08
3.018073e+00	3.090331e+00	1.521362e-08	4.772470e-09	9.767700e-09
3.090331e+00	3.162589e+00	4.041801e-09	1.941925e-09	0.000000e+00
3.162589e+00	3.234847e+00	9.600364e-10	9.083733e-10	0.000000e+00
3.234847e+00	3.307105e+00	6.468375e-12	7.645070e-13	9.261605e-12
3.307106e+00	3.379364e+00	4.372489e-13	3.695832e-13	0.000000e+00
3.379364e+00	3.451622e+00	-5.180265e-17	0.000000e+00	1.531540e-15
3.451622e+00	3.523880e+00	1.725479e-18	1.724476e-18	1.827801e-17
3.523880e+00	3.596138e+00	1.058283e-24	1.058283e-24	0.000000e+00
3.596139e+00	3.668397e+00	0.000000e+00	0.000000e+00	0.000000e+00
3.668397e+00	3.740655e+00	0.000000e+00	0.000000e+00	0.000000e+00
3.740655e+00	3.812913e+00	0.000000e+00	0.000000e+00	0.000000e+00
# END HISTO1D


# BEGIN HISTO1D //homes/tinghua1/Merging-Project/Production/HJETS/ratio-plots/hjets-matched-errorband/H-N2-3-4-25gev-combine.yoda/MC_H_KTSPLITTINGS/log10_R_3
ErrorBandColor=blue
ErrorBandOpacity=0.3
ErrorBands=1
ErrorType=env
LineColor=blue
LineStyle=solid
Path=//homes/tinghua1/Merging-Project/Production/HJETS/ratio-plots/hjets-matched-errorband/H-N2-3-4-25gev-combine.yoda/MC_H_KTSPLITTINGS/log10_R_3
RatioPlotSameStyle=1
Title=h(2*,3,4)
XLabel=~
YLabel=~
# xlow	 xhigh	 val	 errminus	 errplus
2.000000e-01	2.722582e-01	8.729164e-02	5.456103e-02	1.572413e-01
2.722583e-01	3.445165e-01	1.344603e-01	8.194526e-02	1.922082e-01
3.445166e-01	4.167748e-01	2.118687e-01	1.232618e-01	2.325425e-01
4.167748e-01	4.890330e-01	3.280512e-01	1.772650e-01	2.618530e-01
4.890331e-01	5.612913e-01	4.858922e-01	2.348347e-01	2.750770e-01
5.612914e-01	6.335496e-01	6.789939e-01	2.813770e-01	2.702360e-01
6.335496e-01	7.058078e-01	8.887260e-01	3.016073e-01	2.432890e-01
7.058079e-01	7.780661e-01	1.092553e+00	2.848392e-01	1.999360e-01
7.780662e-01	8.503244e-01	1.265748e+00	2.398700e-01	1.485880e-01
8.503244e-01	9.225826e-01	1.388314e+00	1.748920e-01	9.853700e-02
9.225827e-01	9.948409e-01	1.450044e+00	1.042650e-01	5.264700e-02
9.948409e-01	1.067099e+00	1.448390e+00	4.275200e-02	1.491500e-02
1.067099e+00	1.139357e+00	1.388286e+00	1.368400e-02	2.737000e-03
1.139358e+00	1.211616e+00	1.281187e+00	3.539300e-02	3.034300e-02
1.211616e+00	1.283874e+00	1.135099e+00	4.758700e-02	4.358400e-02
1.283874e+00	1.356132e+00	9.667288e-01	5.152950e-02	5.000720e-02
1.356132e+00	1.428390e+00	7.871485e-01	4.721180e-02	4.752650e-02
1.428391e+00	1.500649e+00	6.072208e-01	4.095180e-02	4.451650e-02
1.500649e+00	1.572907e+00	4.397198e-01	3.304700e-02	3.647460e-02
1.572907e+00	1.645165e+00	2.980783e-01	2.530980e-02	2.785990e-02
1.645165e+00	1.717423e+00	1.897872e-01	1.800340e-02	1.937160e-02
1.717424e+00	1.789682e+00	1.139161e-01	1.208670e-02	1.151800e-02
1.789682e+00	1.861940e+00	6.412217e-02	7.215920e-03	7.384580e-03
1.861940e+00	1.934198e+00	3.456512e-02	4.584760e-03	4.149800e-03
1.934199e+00	2.006457e+00	1.763150e-02	2.764040e-03	2.242330e-03
2.006457e+00	2.078715e+00	8.511173e-03	1.559973e-03	1.322745e-03
2.078715e+00	2.150973e+00	3.777771e-03	6.975330e-04	9.107270e-04
2.150973e+00	2.223231e+00	1.820782e-03	3.500270e-04	5.343320e-04
2.223232e+00	2.295490e+00	9.162773e-04	2.083343e-04	3.105677e-04
2.295490e+00	2.367748e+00	4.833369e-04	1.220825e-04	1.728009e-04
2.367748e+00	2.440006e+00	2.550460e-04	6.888270e-05	9.577730e-05
2.440006e+00	2.512264e+00	1.276422e-04	3.392805e-05	4.982010e-05
2.512265e+00	2.584523e+00	5.896505e-05	1.697671e-05	2.432753e-05
2.584523e+00	2.656781e+00	2.438625e-05	6.702370e-06	1.183342e-05
2.656781e+00	2.729039e+00	9.811444e-06	3.330816e-06	3.613506e-06
2.729039e+00	2.801297e+00	3.407848e-06	1.237704e-06	1.656983e-06
2.801298e+00	2.873556e+00	1.108033e-06	3.911395e-07	3.463690e-07
2.873556e+00	2.945814e+00	2.882918e-07	7.720860e-08	1.180326e-07
2.945814e+00	3.018072e+00	5.058284e-08	0.000000e+00	6.291916e-08
3.018073e+00	3.090331e+00	9.498766e-09	3.745860e-10	1.782642e-08
3.090331e+00	3.162589e+00	1.398679e-09	2.849000e-11	4.911075e-09
3.162589e+00	3.234847e+00	8.977907e-11	0.000000e+00	9.398329e-10
3.234847e+00	3.307105e+00	1.475245e-11	9.966195e-12	0.000000e+00
3.307106e+00	3.379364e+00	1.372675e-12	1.809670e-12	1.130844e-12
3.379364e+00	3.451622e+00	1.307323e-12	1.305900e-12	0.000000e+00
3.451622e+00	3.523880e+00	-1.654058e-17	0.000000e+00	6.260006e-17
3.523880e+00	3.596138e+00	0.000000e+00	1.197537e-25	5.206816e-25
3.596139e+00	3.668397e+00	0.000000e+00	0.000000e+00	0.000000e+00
3.668397e+00	3.740655e+00	0.000000e+00	0.000000e+00	0.000000e+00
3.740655e+00	3.812913e+00	0.000000e+00	0.000000e+00	0.000000e+00
# END HISTO1D


# BEGIN HISTO1D //homes/tinghua1/Merging-Project/Production/HJETS/ratio-plots/hjets-matched-errorband/H-2-3-4-25gev-combine.yoda/MC_H_KTSPLITTINGS/log10_R_3
ErrorBandColor=yellow
ErrorBandOpacity=0.3
ErrorBands=1
ErrorType=env
LineColor=yellow
LineStyle=solid
Path=//homes/tinghua1/Merging-Project/Production/HJETS/ratio-plots/hjets-matched-errorband/H-2-3-4-25gev-combine.yoda/MC_H_KTSPLITTINGS/log10_R_3
RatioPlotSameStyle=1
Title=h(2,3,4)
XLabel=~
YLabel=~
# xlow	 xhigh	 val	 errminus	 errplus
2.000000e-01	2.722582e-01	8.818952e-02	5.401734e-02	1.499449e-01
2.722583e-01	3.445165e-01	1.355608e-01	8.088794e-02	1.822348e-01
3.445166e-01	4.167748e-01	2.127906e-01	1.209417e-01	2.156416e-01
4.167748e-01	4.890330e-01	3.269664e-01	1.715666e-01	2.407668e-01
4.890331e-01	5.612913e-01	4.809796e-01	2.242758e-01	2.501237e-01
5.612914e-01	6.335496e-01	6.669708e-01	2.645690e-01	2.391604e-01
6.335496e-01	7.058078e-01	8.659435e-01	2.770218e-01	2.081805e-01
7.058079e-01	7.780661e-01	1.056470e+00	2.577347e-01	1.636520e-01
7.780662e-01	8.503244e-01	1.216421e+00	2.107670e-01	1.145040e-01
8.503244e-01	9.225826e-01	1.329651e+00	1.476290e-01	6.640300e-02
9.225827e-01	9.948409e-01	1.385037e+00	8.218300e-02	2.474700e-02
9.948409e-01	1.067099e+00	1.380473e+00	2.551700e-02	0.000000e+00
1.067099e+00	1.139357e+00	1.320879e+00	3.296700e-02	1.584900e-02
1.139358e+00	1.211616e+00	1.215214e+00	4.878000e-02	4.135400e-02
1.211616e+00	1.283874e+00	1.075983e+00	5.700500e-02	5.367800e-02
1.283874e+00	1.356132e+00	9.161980e-01	5.844080e-02	5.566070e-02
1.356132e+00	1.428390e+00	7.466589e-01	5.393280e-02	5.051500e-02
1.428391e+00	1.500649e+00	5.741939e-01	4.582760e-02	4.347740e-02
1.500649e+00	1.572907e+00	4.130152e-01	3.643230e-02	3.521110e-02
1.572907e+00	1.645165e+00	2.760997e-01	2.548040e-02	2.641590e-02
1.645165e+00	1.717423e+00	1.727865e-01	1.682210e-02	1.793210e-02
1.717424e+00	1.789682e+00	1.011816e-01	1.037545e-02	1.107390e-02
1.789682e+00	1.861940e+00	5.563359e-02	6.131010e-03	6.406800e-03
1.861940e+00	1.934198e+00	2.867040e-02	3.298710e-03	3.607810e-03
1.934199e+00	2.006457e+00	1.408261e-02	1.842620e-03	2.058330e-03
2.006457e+00	2.078715e+00	6.630358e-03	1.002595e-03	1.272944e-03
2.078715e+00	2.150973e+00	3.006665e-03	5.173190e-04	8.441220e-04
2.150973e+00	2.223231e+00	1.471981e-03	3.244500e-04	5.022230e-04
2.223232e+00	2.295490e+00	7.661674e-04	1.892996e-04	2.674526e-04
2.295490e+00	2.367748e+00	4.256807e-04	1.205129e-04	1.439753e-04
2.367748e+00	2.440006e+00	2.315849e-04	6.475150e-05	8.483810e-05
2.440006e+00	2.512264e+00	1.204612e-04	3.486397e-05	4.284290e-05
2.512265e+00	2.584523e+00	5.807372e-05	1.918008e-05	1.821864e-05
2.584523e+00	2.656781e+00	2.358467e-05	7.650070e-06	8.479540e-06
2.656781e+00	2.729039e+00	9.209998e-06	3.108006e-06	3.490642e-06
2.729039e+00	2.801297e+00	3.247314e-06	9.817890e-07	1.358248e-06
2.801298e+00	2.873556e+00	1.038948e-06	2.274703e-07	4.220670e-07
2.873556e+00	2.945814e+00	2.595393e-07	8.718790e-08	1.514289e-07
2.945814e+00	3.018072e+00	7.408718e-08	2.688398e-08	1.863229e-08
3.018073e+00	3.090331e+00	1.318724e-08	5.217330e-09	1.264992e-08
3.090331e+00	3.162589e+00	2.498939e-09	1.122184e-09	3.659871e-09
3.162589e+00	3.234847e+00	1.390377e-10	0.000000e+00	1.754646e-10
3.234847e+00	3.307105e+00	8.623610e-13	0.000000e+00	7.421090e-12
3.307106e+00	3.379364e+00	9.994716e-14	0.000000e+00	4.977051e-13
3.379364e+00	3.451622e+00	1.267387e-15	1.198352e-15	3.843523e-15
3.451622e+00	3.523880e+00	4.075945e-19	0.000000e+00	3.312481e-17
3.523880e+00	3.596138e+00	0.000000e+00	0.000000e+00	0.000000e+00
3.596139e+00	3.668397e+00	0.000000e+00	0.000000e+00	0.000000e+00
3.668397e+00	3.740655e+00	0.000000e+00	0.000000e+00	0.000000e+00
3.740655e+00	3.812913e+00	0.000000e+00	0.000000e+00	0.000000e+00
# END HISTO1D


# BEGIN HISTO1D //homes/tinghua1/Merging-Project/Production/HJETS/ratio-plots/hjets-matched-errorband/H-N2-3-25gev-combine.yoda/MC_H_KTSPLITTINGS/log10_R_3
ErrorBandColor=green
ErrorBandOpacity=0.3
ErrorBands=1
ErrorType=env
LineColor=green
LineStyle=solid
Path=//homes/tinghua1/Merging-Project/Production/HJETS/ratio-plots/hjets-matched-errorband/H-N2-3-25gev-combine.yoda/MC_H_KTSPLITTINGS/log10_R_3
RatioPlotSameStyle=1
Title=h(2*,3)
XLabel=~
YLabel=~
# xlow	 xhigh	 val	 errminus	 errplus
2.000000e-01	2.722582e-01	8.737288e-02	5.472338e-02	1.567097e-01
2.722583e-01	3.445165e-01	1.346074e-01	8.229851e-02	1.915354e-01
3.445166e-01	4.167748e-01	2.120169e-01	1.236964e-01	2.291905e-01
4.167748e-01	4.890330e-01	3.278050e-01	1.771932e-01	2.590446e-01
4.890331e-01	5.612913e-01	4.861641e-01	2.351707e-01	2.733354e-01
5.612914e-01	6.335496e-01	6.798931e-01	2.819051e-01	2.669703e-01
6.335496e-01	7.058078e-01	8.892553e-01	3.016902e-01	2.404587e-01
7.058079e-01	7.780661e-01	1.094292e+00	2.889332e-01	1.963300e-01
7.780662e-01	8.503244e-01	1.270365e+00	2.459960e-01	1.436030e-01
8.503244e-01	9.225826e-01	1.395089e+00	1.796230e-01	9.240100e-02
9.225827e-01	9.948409e-01	1.456203e+00	1.064270e-01	5.007700e-02
9.948409e-01	1.067099e+00	1.457875e+00	4.884300e-02	1.062500e-02
1.067099e+00	1.139357e+00	1.400024e+00	1.659500e-02	0.000000e+00
1.139358e+00	1.211616e+00	1.294768e+00	3.661400e-02	2.949400e-02
1.211616e+00	1.283874e+00	1.151751e+00	4.763700e-02	4.662300e-02
1.283874e+00	1.356132e+00	9.861850e-01	5.161740e-02	5.228600e-02
1.356132e+00	1.428390e+00	8.080199e-01	4.960660e-02	5.006540e-02
1.428391e+00	1.500649e+00	6.243713e-01	4.323880e-02	4.421840e-02
1.500649e+00	1.572907e+00	4.512633e-01	3.498640e-02	3.531070e-02
1.572907e+00	1.645165e+00	3.042483e-01	2.594910e-02	2.675180e-02
1.645165e+00	1.717423e+00	1.919135e-01	1.734330e-02	1.823790e-02
1.717424e+00	1.789682e+00	1.126975e-01	1.013270e-02	1.225670e-02
1.789682e+00	1.861940e+00	6.193254e-02	6.271340e-03	7.196450e-03
1.861940e+00	1.934198e+00	3.156237e-02	3.290870e-03	3.875460e-03
1.934199e+00	2.006457e+00	1.456626e-02	1.690730e-03	1.948070e-03
2.006457e+00	2.078715e+00	5.914769e-03	7.139360e-04	8.522390e-04
2.078715e+00	2.150973e+00	2.017716e-03	2.687170e-04	3.675050e-04
2.150973e+00	2.223231e+00	7.143630e-04	1.222018e-04	1.652702e-04
2.223232e+00	2.295490e+00	2.752630e-04	5.061010e-05	6.402710e-05
2.295490e+00	2.367748e+00	9.980738e-05	1.897821e-05	2.591562e-05
2.367748e+00	2.440006e+00	3.518436e-05	6.614570e-06	9.797780e-06
2.440006e+00	2.512264e+00	1.146069e-05	2.349733e-06	4.066170e-06
2.512265e+00	2.584523e+00	3.917912e-06	9.682460e-07	1.335457e-06
2.584523e+00	2.656781e+00	1.374668e-06	4.240270e-07	3.867630e-07
2.656781e+00	2.729039e+00	4.917748e-07	1.699564e-07	1.066838e-07
2.729039e+00	2.801297e+00	1.283899e-07	3.183424e-08	7.404440e-08
2.801298e+00	2.873556e+00	4.278938e-08	1.330390e-08	1.989155e-08
2.873556e+00	2.945814e+00	9.304981e-09	0.000000e+00	1.039681e-08
2.945814e+00	3.018072e+00	2.781159e-09	1.284441e-09	0.000000e+00
3.018073e+00	3.090331e+00	4.749166e-10	9.249500e-11	9.571810e-11
3.090331e+00	3.162589e+00	2.839399e-10	2.445649e-10	0.000000e+00
3.162589e+00	3.234847e+00	1.348404e-10	1.335658e-10	0.000000e+00
3.234847e+00	3.307105e+00	1.236198e-12	1.059091e-12	0.000000e+00
3.307106e+00	3.379364e+00	8.866551e-16	0.000000e+00	1.197897e-14
3.379364e+00	3.451622e+00	1.632076e-17	0.000000e+00	2.987530e-16
3.451622e+00	3.523880e+00	0.000000e+00	0.000000e+00	1.117210e-22
3.523880e+00	3.596138e+00	0.000000e+00	0.000000e+00	0.000000e+00
3.596139e+00	3.668397e+00	0.000000e+00	0.000000e+00	0.000000e+00
3.668397e+00	3.740655e+00	0.000000e+00	0.000000e+00	0.000000e+00
3.740655e+00	3.812913e+00	0.000000e+00	0.000000e+00	0.000000e+00
# END HISTO1D


# BEGIN HISTO1D //homes/tinghua1/Merging-Project/Production/HJETS/ratio-plots/hjets-matched-errorband/H-2-3-25gev-combine.yoda/MC_H_KTSPLITTINGS/log10_R_3
ErrorBandColor=purple
ErrorBandOpacity=0.3
ErrorBands=1
ErrorType=env
LineColor=purple
LineStyle=solid
Path=//homes/tinghua1/Merging-Project/Production/HJETS/ratio-plots/hjets-matched-errorband/H-2-3-25gev-combine.yoda/MC_H_KTSPLITTINGS/log10_R_3
RatioPlotSameStyle=1
Title=h(2,3)
XLabel=~
YLabel=~
# xlow	 xhigh	 val	 errminus	 errplus
2.000000e-01	2.722582e-01	2.382829e-01	2.040246e-01	0.000000e+00
2.722583e-01	3.445165e-01	3.180045e-01	2.632683e-01	0.000000e+00
3.445166e-01	4.167748e-01	4.289480e-01	3.370396e-01	0.000000e+00
4.167748e-01	4.890330e-01	5.679414e-01	4.123205e-01	0.000000e+00
4.890331e-01	5.612913e-01	7.313651e-01	4.741538e-01	0.000000e+00
5.612914e-01	6.335496e-01	9.062999e-01	5.028732e-01	0.000000e+00
6.335496e-01	7.058078e-01	1.074773e+00	4.853755e-01	0.000000e+00
7.058079e-01	7.780661e-01	1.221405e+00	4.221336e-01	0.000000e+00
7.780662e-01	8.503244e-01	1.333001e+00	3.258710e-01	0.000000e+00
8.503244e-01	9.225826e-01	1.399534e+00	2.152800e-01	0.000000e+00
9.225827e-01	9.948409e-01	1.415619e+00	1.082780e-01	0.000000e+00
9.948409e-01	1.067099e+00	1.379602e+00	1.784900e-02	8.882000e-03
1.067099e+00	1.139357e+00	1.298086e+00	0.000000e+00	4.864800e-02
1.139358e+00	1.211616e+00	1.179544e+00	0.000000e+00	9.132900e-02
1.211616e+00	1.283874e+00	1.034579e+00	0.000000e+00	1.141650e-01
1.283874e+00	1.356132e+00	8.750518e-01	0.000000e+00	1.184984e-01
1.356132e+00	1.428390e+00	7.100460e-01	0.000000e+00	1.096880e-01
1.428391e+00	1.500649e+00	5.427180e-01	0.000000e+00	9.311490e-02
1.500649e+00	1.572907e+00	3.859551e-01	0.000000e+00	7.353630e-02
1.572907e+00	1.645165e+00	2.550941e-01	0.000000e+00	5.364180e-02
1.645165e+00	1.717423e+00	1.569191e-01	0.000000e+00	3.565170e-02
1.717424e+00	1.789682e+00	8.981548e-02	0.000000e+00	2.150252e-02
1.789682e+00	1.861940e+00	4.757056e-02	0.000000e+00	1.195214e-02
1.861940e+00	1.934198e+00	2.310007e-02	0.000000e+00	5.870980e-03
1.934199e+00	2.006457e+00	1.010448e-02	0.000000e+00	2.548880e-03
2.006457e+00	2.078715e+00	3.793731e-03	0.000000e+00	9.163680e-04
2.078715e+00	2.150973e+00	1.103087e-03	0.000000e+00	2.775170e-04
2.150973e+00	2.223231e+00	3.089768e-04	0.000000e+00	1.000909e-04
2.223232e+00	2.295490e+00	1.002991e-04	0.000000e+00	3.574830e-05
2.295490e+00	2.367748e+00	3.105376e-05	0.000000e+00	1.275852e-05
2.367748e+00	2.440006e+00	9.640235e-06	0.000000e+00	3.748275e-06
2.440006e+00	2.512264e+00	2.962153e-06	0.000000e+00	9.470150e-07
2.512265e+00	2.584523e+00	7.925426e-07	0.000000e+00	2.559384e-07
2.584523e+00	2.656781e+00	2.148211e-07	0.000000e+00	7.354520e-08
2.656781e+00	2.729039e+00	4.889314e-08	0.000000e+00	2.364528e-08
2.729039e+00	2.801297e+00	1.002887e-08	0.000000e+00	5.363790e-09
2.801298e+00	2.873556e+00	1.686020e-09	0.000000e+00	1.930690e-09
2.873556e+00	2.945814e+00	2.902309e-10	0.000000e+00	2.376064e-10
2.945814e+00	3.018072e+00	4.002888e-11	0.000000e+00	4.308320e-11
3.018073e+00	3.090331e+00	3.636456e-12	0.000000e+00	8.345774e-12
3.090331e+00	3.162589e+00	2.798078e-13	1.032727e-13	7.968292e-13
3.162589e+00	3.234847e+00	1.383852e-14	0.000000e+00	2.975598e-14
3.234847e+00	3.307105e+00	1.387676e-15	1.281332e-15	8.344630e-16
3.307106e+00	3.379364e+00	4.122983e-18	3.853728e-18	8.695319e-17
3.379364e+00	3.451622e+00	1.467342e-28	0.000000e+00	3.271246e-21
3.451622e+00	3.523880e+00	0.000000e+00	0.000000e+00	1.173996e-22
3.523880e+00	3.596138e+00	0.000000e+00	0.000000e+00	0.000000e+00
3.596139e+00	3.668397e+00	0.000000e+00	0.000000e+00	0.000000e+00
3.668397e+00	3.740655e+00	0.000000e+00	0.000000e+00	0.000000e+00
3.740655e+00	3.812913e+00	0.000000e+00	0.000000e+00	0.000000e+00
# END HISTO1D


# BEGIN HISTO1D //homes/tinghua1/Merging-Project/Production/HJETS/ratio-plots/hjets-matched-errorband/H3Jets-NLOPS-combine.yoda/MC_H_KTSPLITTINGS/log10_R_3
ErrorBandColor=red
ErrorBandOpacity=0.3
ErrorBands=1
ErrorType=env
LineColor=red
LineStyle=solid
Path=//homes/tinghua1/Merging-Project/Production/HJETS/ratio-plots/hjets-matched-errorband/H3Jets-NLOPS-combine.yoda/MC_H_KTSPLITTINGS/log10_R_3
RatioPlotSameStyle=1
Title=h(3*) $\oplus$ PS
XLabel=~
YLabel=~
# xlow	 xhigh	 val	 errminus	 errplus
2.000000e-01	2.722582e-01	1.968169e-03	8.110210e-04	1.121444e-02
2.722583e-01	3.445165e-01	4.185912e-03	2.528555e-03	1.689839e-02
3.445166e-01	4.167748e-01	9.292078e-03	6.208326e-03	2.689714e-02
4.167748e-01	4.890330e-01	2.062740e-02	1.438433e-02	4.452286e-02
4.890331e-01	5.612913e-01	4.455267e-02	2.964019e-02	7.022503e-02
5.612914e-01	6.335496e-01	9.224587e-02	5.874641e-02	1.014285e-01
6.335496e-01	7.058078e-01	1.765298e-01	1.027625e-01	1.309186e-01
7.058079e-01	7.780661e-01	3.042034e-01	1.539643e-01	1.544106e-01
7.780662e-01	8.503244e-01	4.768159e-01	1.988849e-01	1.726471e-01
8.503244e-01	9.225826e-01	6.820341e-01	2.292832e-01	1.779640e-01
9.225827e-01	9.948409e-01	8.966579e-01	2.420195e-01	1.687061e-01
9.948409e-01	1.067099e+00	1.059440e+00	2.162364e-01	1.509510e-01
1.067099e+00	1.139357e+00	1.137091e+00	1.696758e-01	1.194160e-01
1.139358e+00	1.211616e+00	1.123371e+00	1.352397e-01	8.798700e-02
1.211616e+00	1.283874e+00	1.031080e+00	1.012379e-01	6.351900e-02
1.283874e+00	1.356132e+00	8.837273e-01	6.742960e-02	4.511580e-02
1.356132e+00	1.428390e+00	7.146020e-01	5.185700e-02	2.779030e-02
1.428391e+00	1.500649e+00	5.446585e-01	3.630100e-02	1.407020e-02
1.500649e+00	1.572907e+00	3.874153e-01	2.224860e-02	9.294000e-03
1.572907e+00	1.645165e+00	2.613237e-01	1.310800e-02	3.121200e-03
1.645165e+00	1.717423e+00	1.669723e-01	7.036600e-03	2.534000e-04
1.717424e+00	1.789682e+00	1.012050e-01	1.426800e-03	1.199000e-04
1.789682e+00	1.861940e+00	5.891733e-02	5.792700e-04	7.068300e-04
1.861940e+00	1.934198e+00	3.264615e-02	8.151500e-04	4.524500e-04
1.934199e+00	2.006457e+00	1.727890e-02	7.778900e-04	6.675500e-04
2.006457e+00	2.078715e+00	8.404490e-03	4.667750e-04	6.278320e-04
2.078715e+00	2.150973e+00	3.817931e-03	3.682850e-04	4.394630e-04
2.150973e+00	2.223231e+00	1.815233e-03	2.609500e-04	2.721950e-04
2.223232e+00	2.295490e+00	8.985635e-04	1.513496e-04	1.736265e-04
2.295490e+00	2.367748e+00	4.597523e-04	8.836410e-05	1.032198e-04
2.367748e+00	2.440006e+00	2.322136e-04	4.795410e-05	5.939080e-05
2.440006e+00	2.512264e+00	1.128449e-04	2.564251e-05	2.921880e-05
2.512265e+00	2.584523e+00	4.866827e-05	1.051385e-05	1.568157e-05
2.584523e+00	2.656781e+00	2.016866e-05	4.146520e-06	6.412540e-06
2.656781e+00	2.729039e+00	7.744310e-06	1.932151e-06	2.213064e-06
2.729039e+00	2.801297e+00	2.512147e-06	4.428180e-07	7.154110e-07
2.801298e+00	2.873556e+00	6.707263e-07	8.293160e-08	2.817104e-07
2.873556e+00	2.945814e+00	1.811247e-07	1.083030e-08	5.443650e-08
2.945814e+00	3.018072e+00	3.786922e-08	0.000000e+00	1.564018e-08
3.018073e+00	3.090331e+00	7.007183e-09	2.142543e-09	8.031507e-09
3.090331e+00	3.162589e+00	1.556375e-09	8.466540e-10	2.353008e-09
3.162589e+00	3.234847e+00	1.931881e-10	6.474410e-11	8.365600e-12
3.234847e+00	3.307105e+00	6.758472e-12	4.869571e-12	0.000000e+00
3.307106e+00	3.379364e+00	9.133969e-14	0.000000e+00	1.588357e-13
3.379364e+00	3.451622e+00	1.842964e-15	1.614582e-15	2.346485e-15
3.451622e+00	3.523880e+00	5.248135e-19	1.394867e-19	3.700475e-19
3.523880e+00	3.596138e+00	7.422860e-28	0.000000e+00	5.838744e-25
3.596139e+00	3.668397e+00	0.000000e+00	0.000000e+00	0.000000e+00
3.668397e+00	3.740655e+00	0.000000e+00	0.000000e+00	0.000000e+00
3.740655e+00	3.812913e+00	0.000000e+00	0.000000e+00	0.000000e+00
# END HISTO1D


# BEGIN HISTO1D //homes/tinghua1/Merging-Project/Production/HJETS/ratio-plots/hjets-matched-errorband/H2Jets-NLOPS-combine.yoda/MC_H_KTSPLITTINGS/log10_R_3
ErrorBandColor=violet
ErrorBandOpacity=0.3
ErrorBands=1
ErrorType=env
LineColor=violet
LineStyle=solid
Path=//homes/tinghua1/Merging-Project/Production/HJETS/ratio-plots/hjets-matched-errorband/H2Jets-NLOPS-combine.yoda/MC_H_KTSPLITTINGS/log10_R_3
RatioPlotSameStyle=1
Title=h(2*) $\oplus$ PS
XLabel=~
YLabel=~
# xlow	 xhigh	 val	 errminus	 errplus
2.000000e-01	2.722582e-01	7.926581e-02	5.062315e-02	1.488610e-01
2.722583e-01	3.445165e-01	1.238079e-01	7.696979e-02	1.838005e-01
3.445166e-01	4.167748e-01	1.980638e-01	1.177520e-01	2.212761e-01
4.167748e-01	4.890330e-01	3.105126e-01	1.714649e-01	2.512984e-01
4.890331e-01	5.612913e-01	4.640308e-01	2.292102e-01	2.676980e-01
5.612914e-01	6.335496e-01	6.545390e-01	2.764213e-01	2.632227e-01
6.335496e-01	7.058078e-01	8.631602e-01	2.963193e-01	2.349708e-01
7.058079e-01	7.780661e-01	1.069698e+00	2.905757e-01	1.876940e-01
7.780662e-01	8.503244e-01	1.247674e+00	2.379820e-01	1.349680e-01
8.503244e-01	9.225826e-01	1.376141e+00	1.698010e-01	8.163500e-02
9.225827e-01	9.948409e-01	1.441230e+00	8.753600e-02	3.661400e-02
9.948409e-01	1.067099e+00	1.436896e+00	2.320500e-02	0.000000e+00
1.067099e+00	1.139357e+00	1.361130e+00	2.656400e-02	2.219100e-02
1.139358e+00	1.211616e+00	1.228001e+00	4.100600e-02	4.784300e-02
1.211616e+00	1.283874e+00	1.055973e+00	4.684400e-02	5.633200e-02
1.283874e+00	1.356132e+00	8.641520e-01	4.642850e-02	5.295090e-02
1.356132e+00	1.428390e+00	6.708505e-01	4.012330e-02	4.607350e-02
1.428391e+00	1.500649e+00	4.929653e-01	3.259800e-02	3.630220e-02
1.500649e+00	1.572907e+00	3.413712e-01	2.460700e-02	2.775710e-02
1.572907e+00	1.645165e+00	2.232044e-01	1.781700e-02	1.978740e-02
1.645165e+00	1.717423e+00	1.382789e-01	1.189850e-02	1.350020e-02
1.717424e+00	1.789682e+00	8.154645e-02	7.539340e-03	8.650400e-03
1.789682e+00	1.861940e+00	4.579196e-02	4.545900e-03	5.331920e-03
1.861940e+00	1.934198e+00	2.439107e-02	2.622650e-03	3.130780e-03
1.934199e+00	2.006457e+00	1.218187e-02	1.395300e-03	1.633850e-03
2.006457e+00	2.078715e+00	5.531212e-03	6.821250e-04	8.014860e-04
2.078715e+00	2.150973e+00	2.196515e-03	3.022150e-04	3.916430e-04
2.150973e+00	2.223231e+00	9.068844e-04	1.446398e-04	1.914796e-04
2.223232e+00	2.295490e+00	3.973639e-04	6.874240e-05	8.929830e-05
2.295490e+00	2.367748e+00	1.749333e-04	3.245150e-05	4.035160e-05
2.367748e+00	2.440006e+00	7.570614e-05	1.403780e-05	1.850347e-05
2.440006e+00	2.512264e+00	3.219810e-05	7.506340e-06	7.566100e-06
2.512265e+00	2.584523e+00	1.221345e-05	2.587058e-06	3.664480e-06
2.584523e+00	2.656781e+00	4.457372e-06	1.027749e-06	1.620896e-06
2.656781e+00	2.729039e+00	1.527384e-06	3.910090e-07	4.558780e-07
2.729039e+00	2.801297e+00	4.822031e-07	1.253266e-07	1.865570e-07
2.801298e+00	2.873556e+00	1.239636e-07	2.311930e-08	1.218351e-07
2.873556e+00	2.945814e+00	3.293693e-08	8.480180e-09	3.398240e-09
2.945814e+00	3.018072e+00	6.294178e-09	0.000000e+00	1.164123e-09
3.018073e+00	3.090331e+00	1.065648e-09	9.118670e-11	6.774270e-10
3.090331e+00	3.162589e+00	1.563087e-10	7.784214e-11	1.557093e-10
3.162589e+00	3.234847e+00	1.489421e-11	8.427843e-12	7.466550e-12
3.234847e+00	3.307105e+00	1.216213e-12	7.501866e-13	0.000000e+00
3.307106e+00	3.379364e+00	2.893204e-14	5.813400e-15	0.000000e+00
3.379364e+00	3.451622e+00	9.347591e-16	0.000000e+00	1.453579e-15
3.451622e+00	3.523880e+00	1.644592e-20	1.531013e-20	0.000000e+00
3.523880e+00	3.596138e+00	0.000000e+00	0.000000e+00	3.543270e-30
3.596139e+00	3.668397e+00	0.000000e+00	0.000000e+00	0.000000e+00
3.668397e+00	3.740655e+00	0.000000e+00	0.000000e+00	0.000000e+00
3.740655e+00	3.812913e+00	0.000000e+00	0.000000e+00	0.000000e+00
# END HISTO1D

