# BEGIN PLOT
Rebin=2
DrawOnly=//homes/tinghua1/Merging-Project/Production/HJETS/ratio-plots/hjets-matched-errorband/H-N2-N3-4-25gev-combine.yoda/MC_H_KTSPLITTINGS/log10_d_01 //homes/tinghua1/Merging-Project/Production/HJETS/ratio-plots/hjets-matched-errorband/H-N2-3-4-25gev-combine.yoda/MC_H_KTSPLITTINGS/log10_d_01 //homes/tinghua1/Merging-Project/Production/HJETS/ratio-plots/hjets-matched-errorband/H-2-3-4-25gev-combine.yoda/MC_H_KTSPLITTINGS/log10_d_01 //homes/tinghua1/Merging-Project/Production/HJETS/ratio-plots/hjets-matched-errorband/H-N2-3-25gev-combine.yoda/MC_H_KTSPLITTINGS/log10_d_01 //homes/tinghua1/Merging-Project/Production/HJETS/ratio-plots/hjets-matched-errorband/H-2-3-25gev-combine.yoda/MC_H_KTSPLITTINGS/log10_d_01 //homes/tinghua1/Merging-Project/Production/HJETS/ratio-plots/hjets-matched-errorband/H3Jets-NLOPS-combine.yoda/MC_H_KTSPLITTINGS/log10_d_01 //homes/tinghua1/Merging-Project/Production/HJETS/ratio-plots/hjets-matched-errorband/H2Jets-NLOPS-combine.yoda/MC_H_KTSPLITTINGS/log10_d_01
Title=$\log_{10}$($k_\perp$ jet resolution $0 \to 1$ [GeV])
RatioPlotReference=//homes/tinghua1/Merging-Project/Production/HJETS/ratio-plots/hjets-matched-errorband/H-N2-N3-4-25gev-combine.yoda/MC_H_KTSPLITTINGS/log10_d_01
#RatioPlot=1
LogY=1
RatioPlotYMax=2.5
RatioPlotYLabel=Ratio
#LegendOnly=//homes/tinghua1/Merging-Project/Production/HJETS/ratio-plots/hjets-matched-errorband/H-N2-N3-4-25gev-combine.yoda/MC_H_KTSPLITTINGS/log10_d_01 //homes/tinghua1/Merging-Project/Production/HJETS/ratio-plots/hjets-matched-errorband/H-N2-3-4-25gev-combine.yoda/MC_H_KTSPLITTINGS/log10_d_01 //homes/tinghua1/Merging-Project/Production/HJETS/ratio-plots/hjets-matched-errorband/H-2-3-4-25gev-combine.yoda/MC_H_KTSPLITTINGS/log10_d_01 //homes/tinghua1/Merging-Project/Production/HJETS/ratio-plots/hjets-matched-errorband/H-N2-3-25gev-combine.yoda/MC_H_KTSPLITTINGS/log10_d_01 //homes/tinghua1/Merging-Project/Production/HJETS/ratio-plots/hjets-matched-errorband/H-2-3-25gev-combine.yoda/MC_H_KTSPLITTINGS/log10_d_01 //homes/tinghua1/Merging-Project/Production/HJETS/ratio-plots/hjets-matched-errorband/H3Jets-NLOPS-combine.yoda/MC_H_KTSPLITTINGS/log10_d_01 //homes/tinghua1/Merging-Project/Production/HJETS/ratio-plots/hjets-matched-errorband/H2Jets-NLOPS-combine.yoda/MC_H_KTSPLITTINGS/log10_d_01
XLabel=$\log_{10}(d_{01}/\text{GeV})$
LegendAlign=r
YLabel=$\text{d}\sigma/\text{d}\log_{10}(d_{01}/\text{GeV})$ [fb]
Legend=1
RatioPlotYMin=0.0
# END PLOT


# BEGIN SPECIAL /MC_H_KTSPLITTINGS/log10_d_01
\rput[tl](0.05,0.75){\parbox{5cm}{\textcolor{gray}{{\bf Herwig 7.2.0} \\ HJETS/ColorFull}}}
# END SPECIAL

# BEGIN HISTO1D //homes/tinghua1/Merging-Project/Production/HJETS/ratio-plots/hjets-matched-errorband/H-N2-N3-4-25gev-combine.yoda/MC_H_KTSPLITTINGS/log10_d_01
ErrorBandColor=orange
ErrorBandOpacity=0.3
ErrorBands=1
ErrorType=env
LineColor=orange
LineStyle=solid
Path=//homes/tinghua1/Merging-Project/Production/HJETS/ratio-plots/hjets-matched-errorband/H-N2-N3-4-25gev-combine.yoda/MC_H_KTSPLITTINGS/log10_d_01
RatioPlotSameStyle=1
Title=h(2*,3*,4)
# xlow	 xhigh	 val	 errminus	 errplus
2.000000e-01	2.361292e-01	0.000000e+00	0.000000e+00	0.000000e+00
2.361291e-01	2.722583e-01	0.000000e+00	8.426768e-17	0.000000e+00
2.722583e-01	3.083875e-01	-3.784412e-14	0.000000e+00	3.784412e-14
3.083874e-01	3.445165e-01	0.000000e+00	1.865128e-15	0.000000e+00
3.445165e-01	3.806457e-01	0.000000e+00	1.757103e-13	0.000000e+00
3.806457e-01	4.167748e-01	8.846127e-10	8.854020e-10	0.000000e+00
4.167748e-01	4.529039e-01	0.000000e+00	0.000000e+00	1.108548e-09
4.529039e-01	4.890331e-01	1.528736e-08	1.529339e-08	1.619399e-08
4.890331e-01	5.251621e-01	2.414208e-09	0.000000e+00	3.422114e-08
5.251623e-01	5.612913e-01	1.721714e-05	1.684183e-05	0.000000e+00
5.612913e-01	5.974205e-01	1.822607e-07	0.000000e+00	1.978011e-06
5.974204e-01	6.335495e-01	1.043399e-05	9.932064e-06	1.249805e-05
6.335497e-01	6.696787e-01	2.716375e-05	8.881899e-06	1.945839e-05
6.696787e-01	7.058079e-01	9.930231e-05	5.578939e-05	6.987719e-05
7.058080e-01	7.419370e-01	2.270060e-04	1.175412e-04	1.005721e-04
7.419370e-01	7.780660e-01	5.379420e-04	1.938241e-04	1.927308e-04
7.780661e-01	8.141953e-01	1.327503e-03	5.714569e-04	3.550638e-04
8.141954e-01	8.503245e-01	2.304829e-03	9.936785e-04	8.867697e-04
8.503244e-01	8.864534e-01	4.645524e-03	1.378969e-03	1.319504e-03
8.864535e-01	9.225827e-01	9.522486e-03	3.498375e-03	1.204973e-03
9.225828e-01	9.587118e-01	1.728988e-02	3.785431e-03	2.646775e-03
9.587118e-01	9.948408e-01	2.793623e-02	4.819993e-03	5.145409e-03
9.948404e-01	1.030970e+00	4.552549e-02	9.359021e-03	5.347075e-03
1.030970e+00	1.067098e+00	6.570531e-02	1.059152e-02	1.211121e-02
1.067100e+00	1.103228e+00	9.383717e-02	1.127479e-02	1.734980e-02
1.103229e+00	1.139358e+00	1.382579e-01	1.440862e-02	2.270002e-02
1.139357e+00	1.175487e+00	2.213231e-01	3.165306e-02	3.127318e-03
1.175487e+00	1.211615e+00	2.723259e-01	2.125938e-02	3.359733e-02
1.211617e+00	1.247745e+00	3.788884e-01	2.238617e-02	2.932354e-02
1.247746e+00	1.283875e+00	5.080583e-01	2.913311e-02	5.308755e-02
1.283874e+00	1.320002e+00	6.857472e-01	4.032522e-02	6.029312e-02
1.320002e+00	1.356131e+00	9.110789e-01	1.252003e-01	9.061613e-02
1.356132e+00	1.392261e+00	1.189717e+00	6.399291e-02	6.952227e-02
1.392261e+00	1.428391e+00	1.525489e+00	4.650761e-02	9.081899e-02
1.428391e+00	1.464519e+00	1.963007e+00	8.090869e-02	8.683135e-02
1.464519e+00	1.500648e+00	2.456742e+00	6.971021e-02	7.042487e-02
1.500649e+00	1.536778e+00	3.035246e+00	6.032273e-02	1.153810e-01
1.536778e+00	1.572906e+00	3.705580e+00	3.999834e-02	1.075867e-01
1.572906e+00	1.609035e+00	4.500352e+00	2.251100e-02	6.071854e-02
1.609036e+00	1.645165e+00	5.293047e+00	6.327327e-03	1.860832e-02
1.645165e+00	1.681293e+00	6.062039e+00	7.583935e-04	2.199064e-02
1.681294e+00	1.717424e+00	6.724456e+00	7.403820e-03	4.070578e-02
1.717423e+00	1.753552e+00	7.277079e+00	4.216834e-02	8.423981e-02
1.753553e+00	1.789682e+00	7.625838e+00	3.880539e-03	1.269977e-01
1.789682e+00	1.825811e+00	7.983755e+00	9.412107e-02	9.143624e-02
1.825812e+00	1.861940e+00	8.056738e+00	7.632926e-02	6.345595e-02
1.861940e+00	1.898069e+00	8.009571e+00	1.328849e-01	0.000000e+00
1.898069e+00	1.934198e+00	7.794132e+00	1.310886e-01	0.000000e+00
1.934198e+00	1.970328e+00	7.363011e+00	6.541378e-02	1.016025e-01
1.970329e+00	2.006458e+00	6.807180e+00	6.484818e-02	9.880428e-02
2.006458e+00	2.042587e+00	6.288848e+00	1.191010e-01	0.000000e+00
2.042585e+00	2.078714e+00	5.550082e+00	4.390656e-02	5.913255e-02
2.078715e+00	2.114844e+00	4.849260e+00	6.343381e-02	3.476708e-02
2.114845e+00	2.150974e+00	4.149797e+00	0.000000e+00	9.135597e-02
2.150972e+00	2.187101e+00	3.506175e+00	4.582468e-02	0.000000e+00
2.187102e+00	2.223231e+00	2.855443e+00	2.843422e-02	0.000000e+00
2.223231e+00	2.259361e+00	2.314925e+00	4.784999e-02	7.594520e-03
2.259362e+00	2.295491e+00	1.909595e+00	7.788037e-02	0.000000e+00
2.295489e+00	2.331618e+00	1.433680e+00	0.000000e+00	1.487891e-02
2.331619e+00	2.367748e+00	1.151070e+00	4.173711e-02	1.070608e-02
2.367749e+00	2.403878e+00	8.996316e-01	3.927039e-02	0.000000e+00
2.403876e+00	2.440005e+00	7.019444e-01	0.000000e+00	5.051842e-02
2.440006e+00	2.476135e+00	5.880520e-01	1.886241e-02	0.000000e+00
2.476135e+00	2.512265e+00	4.455237e-01	1.558013e-02	1.622640e-02
2.512266e+00	2.548395e+00	3.607570e-01	1.182125e-02	0.000000e+00
2.548393e+00	2.584522e+00	2.587451e-01	8.866561e-04	9.861330e-03
2.584523e+00	2.620652e+00	1.939877e-01	0.000000e+00	5.338703e-03
2.620653e+00	2.656782e+00	1.462908e-01	8.490548e-03	3.108445e-03
2.656780e+00	2.692909e+00	1.032656e-01	9.386278e-02	0.000000e+00
2.692910e+00	2.729039e+00	7.158252e-02	5.743752e-03	6.771430e-03
2.729040e+00	2.765169e+00	4.767276e-02	1.339090e-04	7.433641e-03
2.765168e+00	2.801298e+00	3.212652e-02	0.000000e+00	4.681317e-03
2.801297e+00	2.837426e+00	1.891066e-02	0.000000e+00	8.355219e-03
2.837427e+00	2.873556e+00	1.683768e-02	2.570813e-03	3.872623e-04
2.873557e+00	2.909686e+00	8.487110e-03	0.000000e+00	5.972717e-03
2.909686e+00	2.945815e+00	7.304797e-03	0.000000e+00	7.070508e-03
2.945813e+00	2.981942e+00	8.437305e-03	5.488585e-03	0.000000e+00
2.981943e+00	3.018072e+00	3.150281e-03	2.011736e-04	9.797116e-04
3.018072e+00	3.054202e+00	1.667456e-03	1.181239e-03	1.265619e-03
3.054203e+00	3.090332e+00	1.193086e-03	6.627474e-04	7.065778e-04
3.090330e+00	3.126459e+00	8.904957e-04	9.049655e-05	2.318581e-05
3.126460e+00	3.162589e+00	5.105453e-04	0.000000e+00	4.395073e-04
3.162590e+00	3.198719e+00	2.963531e-04	1.105868e-04	5.352321e-05
3.198717e+00	3.234846e+00	1.272867e-04	0.000000e+00	3.394381e-05
3.234847e+00	3.270976e+00	8.314202e-05	1.480486e-04	1.081522e-05
3.270977e+00	3.307106e+00	3.547743e-05	8.384589e-06	0.000000e+00
3.307105e+00	3.343235e+00	3.837559e-06	0.000000e+00	6.955054e-05
3.343234e+00	3.379363e+00	4.861552e-05	4.693964e-05	0.000000e+00
3.379364e+00	3.415493e+00	2.582717e-06	1.775214e-06	0.000000e+00
3.415494e+00	3.451623e+00	2.229783e-06	3.784998e-07	0.000000e+00
3.451621e+00	3.487750e+00	-1.912833e-07	0.000000e+00	1.268072e-06
3.487751e+00	3.523880e+00	2.334042e-07	8.490448e-07	2.833054e-07
3.523881e+00	3.560010e+00	1.761658e-06	1.756790e-06	0.000000e+00
3.560009e+00	3.596139e+00	2.981542e-08	4.364822e-06	0.000000e+00
3.596138e+00	3.632267e+00	7.119350e-09	3.231125e-09	1.086703e-09
3.632268e+00	3.668397e+00	8.599648e-10	1.510490e-10	5.805552e-10
3.668398e+00	3.704527e+00	1.328541e-10	2.792414e-10	0.000000e+00
3.704525e+00	3.740654e+00	4.705483e-13	3.205122e-12	2.206853e-10
3.740655e+00	3.776784e+00	-1.638915e-14	0.000000e+00	2.962809e-12
3.776785e+00	3.812914e+00	2.667762e-16	6.324695e-17	6.811864e-16
# END HISTO1D


# BEGIN HISTO1D //homes/tinghua1/Merging-Project/Production/HJETS/ratio-plots/hjets-matched-errorband/H-N2-3-4-25gev-combine.yoda/MC_H_KTSPLITTINGS/log10_d_01
ErrorBandColor=blue
ErrorBandOpacity=0.3
ErrorBands=1
ErrorType=env
LineColor=blue
LineStyle=solid
Path=//homes/tinghua1/Merging-Project/Production/HJETS/ratio-plots/hjets-matched-errorband/H-N2-3-4-25gev-combine.yoda/MC_H_KTSPLITTINGS/log10_d_01
RatioPlotSameStyle=1
Title=h(2*,3,4)
# xlow	 xhigh	 val	 errminus	 errplus
2.000000e-01	2.361292e-01	0.000000e+00	0.000000e+00	0.000000e+00
2.361291e-01	2.722583e-01	0.000000e+00	0.000000e+00	0.000000e+00
2.722583e-01	3.083875e-01	0.000000e+00	4.314409e-09	0.000000e+00
3.083874e-01	3.445165e-01	0.000000e+00	0.000000e+00	0.000000e+00
3.445165e-01	3.806457e-01	-1.222664e-11	0.000000e+00	1.222664e-11
3.806457e-01	4.167748e-01	0.000000e+00	0.000000e+00	0.000000e+00
4.167748e-01	4.529039e-01	-2.539155e-13	0.000000e+00	3.067664e-10
4.529039e-01	4.890331e-01	6.338314e-28	8.078014e-11	5.011207e-11
4.890331e-01	5.251621e-01	1.688744e-08	1.323184e-08	3.822025e-07
5.251623e-01	5.612913e-01	8.266666e-07	4.105959e-07	4.430841e-07
5.612913e-01	5.974205e-01	2.182293e-06	1.298704e-06	2.182808e-06
5.974204e-01	6.335495e-01	6.877348e-06	1.793266e-06	8.083589e-06
6.335497e-01	6.696787e-01	3.736249e-05	2.359546e-05	1.847904e-05
6.696787e-01	7.058079e-01	9.242106e-05	0.000000e+00	4.493252e-05
7.058080e-01	7.419370e-01	2.711168e-04	1.639287e-04	0.000000e+00
7.419370e-01	7.780660e-01	5.118464e-04	1.931122e-04	2.072274e-04
7.780661e-01	8.141953e-01	1.115107e-03	3.766101e-04	3.079202e-04
8.141954e-01	8.503245e-01	2.292173e-03	1.023769e-03	8.325275e-04
8.503244e-01	8.864534e-01	5.000379e-03	1.920593e-03	1.058615e-03
8.864535e-01	9.225827e-01	8.902799e-03	2.461350e-03	3.611267e-03
9.225828e-01	9.587118e-01	1.661832e-02	3.355722e-03	3.813557e-03
9.587118e-01	9.948408e-01	2.747798e-02	5.844120e-03	4.566466e-03
9.948404e-01	1.030970e+00	4.326056e-02	8.323263e-03	7.107539e-03
1.030970e+00	1.067098e+00	6.566647e-02	9.727061e-03	1.366301e-02
1.067100e+00	1.103228e+00	9.601163e-02	1.257566e-02	2.169338e-02
1.103229e+00	1.139358e+00	1.353765e-01	1.189823e-02	2.227291e-02
1.139357e+00	1.175487e+00	2.083452e-01	2.712339e-02	1.538254e-02
1.175487e+00	1.211615e+00	2.748169e-01	2.398265e-02	3.465391e-02
1.211617e+00	1.247745e+00	3.787882e-01	3.060422e-02	4.241883e-02
1.247746e+00	1.283875e+00	5.285031e-01	3.910737e-02	4.252512e-02
1.283874e+00	1.320002e+00	6.935420e-01	4.482576e-02	5.542030e-02
1.320002e+00	1.356131e+00	9.309187e-01	6.019043e-02	8.971463e-02
1.356132e+00	1.392261e+00	1.191964e+00	4.892690e-02	7.247668e-02
1.392261e+00	1.428391e+00	1.525208e+00	0.000000e+00	8.138085e-02
1.428391e+00	1.464519e+00	1.952251e+00	4.194082e-02	1.091071e-01
1.464519e+00	1.500648e+00	2.457112e+00	6.376457e-02	1.029660e-01
1.500649e+00	1.536778e+00	3.060483e+00	5.865095e-02	8.705195e-02
1.536778e+00	1.572906e+00	3.735315e+00	4.575272e-02	8.810374e-02
1.572906e+00	1.609035e+00	4.505666e+00	2.589056e-02	5.237621e-02
1.609036e+00	1.645165e+00	5.306161e+00	1.833984e-02	4.271638e-02
1.645165e+00	1.681293e+00	6.121877e+00	5.927925e-02	0.000000e+00
1.681294e+00	1.717424e+00	6.742843e+00	2.347910e-02	5.261555e-02
1.717423e+00	1.753552e+00	7.293460e+00	3.828227e-02	4.176147e-02
1.753553e+00	1.789682e+00	7.703944e+00	5.033353e-02	7.349498e-02
1.789682e+00	1.825811e+00	7.953666e+00	3.661048e-02	6.829417e-02
1.825812e+00	1.861940e+00	8.067278e+00	7.397382e-02	5.285505e-02
1.861940e+00	1.898069e+00	7.952850e+00	5.551219e-02	7.516400e-02
1.898069e+00	1.934198e+00	7.726118e+00	9.227767e-02	6.571452e-02
1.934198e+00	1.970328e+00	7.330050e+00	7.643786e-02	8.319402e-02
1.970329e+00	2.006458e+00	6.808791e+00	6.699051e-02	5.255889e-02
2.006458e+00	2.042587e+00	6.197736e+00	5.555094e-02	6.322345e-02
2.042585e+00	2.078714e+00	5.532196e+00	6.456033e-02	4.591326e-02
2.078715e+00	2.114844e+00	4.839766e+00	5.458219e-02	4.619558e-02
2.114845e+00	2.150974e+00	4.135675e+00	4.898281e-02	2.973788e-02
2.150972e+00	2.187101e+00	3.460721e+00	3.831271e-02	3.171414e-02
2.187102e+00	2.223231e+00	2.858770e+00	3.716959e-02	1.965457e-02
2.223231e+00	2.259361e+00	2.318967e+00	2.564849e-02	4.538057e-03
2.259362e+00	2.295491e+00	1.842597e+00	8.864624e-03	9.481026e-03
2.295489e+00	2.331618e+00	1.456418e+00	2.054859e-02	0.000000e+00
2.331619e+00	2.367748e+00	1.147894e+00	1.528744e-02	0.000000e+00
2.367749e+00	2.403878e+00	8.882720e-01	3.423289e-03	4.582745e-03
2.403876e+00	2.440005e+00	7.213358e-01	7.795400e-03	4.839879e-03
2.440006e+00	2.476135e+00	5.769291e-01	2.920369e-03	4.492236e-03
2.476135e+00	2.512265e+00	4.532463e-01	1.020149e-02	8.630778e-03
2.512266e+00	2.548395e+00	3.465922e-01	7.476542e-03	9.288660e-03
2.548393e+00	2.584522e+00	2.580358e-01	1.530682e-03	5.041656e-04
2.584523e+00	2.620652e+00	1.940061e-01	5.615544e-03	1.515107e-02
2.620653e+00	2.656782e+00	1.372671e-01	5.226079e-03	9.404440e-03
2.656780e+00	2.692909e+00	9.828808e-02	4.909353e-03	5.009771e-03
2.692910e+00	2.729039e+00	6.922362e-02	4.259321e-03	4.872983e-03
2.729040e+00	2.765169e+00	4.714650e-02	0.000000e+00	4.162833e-03
2.765168e+00	2.801298e+00	3.267022e-02	2.933075e-03	0.000000e+00
2.801297e+00	2.837426e+00	2.168644e-02	0.000000e+00	2.689039e-03
2.837427e+00	2.873556e+00	1.698730e-02	2.960135e-03	0.000000e+00
2.873557e+00	2.909686e+00	1.167698e-02	2.596274e-03	4.542694e-04
2.909686e+00	2.945815e+00	7.074613e-03	3.136206e-04	6.507985e-04
2.945813e+00	2.981942e+00	5.271198e-03	1.190827e-03	3.585817e-04
2.981943e+00	3.018072e+00	2.965172e-03	4.823496e-04	2.842094e-04
3.018072e+00	3.054202e+00	2.093472e-03	4.437050e-04	2.221539e-04
3.054203e+00	3.090332e+00	1.274034e-03	2.656796e-04	2.319444e-04
3.090330e+00	3.126459e+00	6.980027e-04	1.458275e-04	5.909408e-05
3.126460e+00	3.162589e+00	3.863993e-04	6.799884e-05	1.428855e-04
3.162590e+00	3.198719e+00	1.989767e-04	0.000000e+00	6.675950e-05
3.198717e+00	3.234846e+00	2.165872e-04	1.040460e-04	0.000000e+00
3.234847e+00	3.270976e+00	5.714966e-05	0.000000e+00	2.262720e-05
3.270977e+00	3.307106e+00	3.672446e-05	0.000000e+00	2.435523e-05
3.307105e+00	3.343235e+00	1.499260e-05	0.000000e+00	2.977938e-06
3.343234e+00	3.379363e+00	1.260885e-05	3.275280e-06	0.000000e+00
3.379364e+00	3.415493e+00	3.675574e-06	1.044181e-06	5.556727e-07
3.415494e+00	3.451623e+00	9.620316e-07	5.171516e-07	8.366686e-07
3.451621e+00	3.487750e+00	1.212980e-07	0.000000e+00	4.329493e-07
3.487751e+00	3.523880e+00	1.639539e-07	8.288893e-08	0.000000e+00
3.523881e+00	3.560010e+00	2.120771e-08	3.762447e-08	9.071397e-09
3.560009e+00	3.596139e+00	5.296908e-09	0.000000e+00	1.503363e-08
3.596138e+00	3.632267e+00	1.853049e-09	1.381264e-08	0.000000e+00
3.632268e+00	3.668397e+00	1.187006e-09	1.131293e-09	0.000000e+00
3.668398e+00	3.704527e+00	1.602341e-11	5.231130e-12	1.947153e-10
3.704525e+00	3.740654e+00	1.266530e-12	0.000000e+00	1.160062e-11
3.740655e+00	3.776784e+00	1.777774e-13	1.088116e-13	0.000000e+00
3.776785e+00	3.812914e+00	-8.985682e-17	0.000000e+00	1.434258e-16
# END HISTO1D


# BEGIN HISTO1D //homes/tinghua1/Merging-Project/Production/HJETS/ratio-plots/hjets-matched-errorband/H-2-3-4-25gev-combine.yoda/MC_H_KTSPLITTINGS/log10_d_01
ErrorBandColor=yellow
ErrorBandOpacity=0.3
ErrorBands=1
ErrorType=env
LineColor=yellow
LineStyle=solid
Path=//homes/tinghua1/Merging-Project/Production/HJETS/ratio-plots/hjets-matched-errorband/H-2-3-4-25gev-combine.yoda/MC_H_KTSPLITTINGS/log10_d_01
RatioPlotSameStyle=1
Title=h(2,3,4)
# xlow	 xhigh	 val	 errminus	 errplus
2.000000e-01	2.361292e-01	0.000000e+00	0.000000e+00	0.000000e+00
2.361291e-01	2.722583e-01	0.000000e+00	0.000000e+00	0.000000e+00
2.722583e-01	3.083875e-01	0.000000e+00	0.000000e+00	0.000000e+00
3.083874e-01	3.445165e-01	0.000000e+00	0.000000e+00	0.000000e+00
3.445165e-01	3.806457e-01	0.000000e+00	0.000000e+00	0.000000e+00
3.806457e-01	4.167748e-01	1.093526e-10	1.093526e-10	0.000000e+00
4.167748e-01	4.529039e-01	0.000000e+00	0.000000e+00	0.000000e+00
4.529039e-01	4.890331e-01	1.888069e-10	6.361032e-12	2.373545e-08
4.890331e-01	5.251621e-01	4.183243e-08	2.590465e-08	1.731776e-08
5.251623e-01	5.612913e-01	6.474692e-07	4.465046e-07	3.735501e-07
5.612913e-01	5.974205e-01	1.905832e-06	9.952030e-07	8.842908e-07
5.974204e-01	6.335495e-01	1.068439e-05	6.708650e-06	2.890033e-06
6.335497e-01	6.696787e-01	3.263142e-05	1.770591e-05	1.885657e-05
6.696787e-01	7.058079e-01	9.382721e-05	5.127949e-05	8.887822e-05
7.058080e-01	7.419370e-01	2.494991e-04	1.309419e-04	8.450836e-05
7.419370e-01	7.780660e-01	5.839808e-04	3.221519e-04	1.851588e-04
7.780661e-01	8.141953e-01	1.168443e-03	5.540732e-04	4.740606e-04
8.141954e-01	8.503245e-01	2.227292e-03	9.294065e-04	8.944607e-04
8.503244e-01	8.864534e-01	4.313404e-03	1.570988e-03	1.360496e-03
8.864535e-01	9.225827e-01	8.014249e-03	2.149572e-03	2.560278e-03
9.225828e-01	9.587118e-01	1.475213e-02	3.350191e-03	4.642410e-03
9.587118e-01	9.948408e-01	2.472076e-02	4.599503e-03	5.230166e-03
9.948404e-01	1.030970e+00	3.941958e-02	5.430636e-03	6.953010e-03
1.030970e+00	1.067098e+00	5.943422e-02	7.372249e-03	1.113812e-02
1.067100e+00	1.103228e+00	8.809101e-02	1.047939e-02	1.992292e-02
1.103229e+00	1.139358e+00	1.291042e-01	1.381774e-02	1.927142e-02
1.139357e+00	1.175487e+00	1.835938e-01	1.649867e-02	2.534171e-02
1.175487e+00	1.211615e+00	2.585758e-01	1.966451e-02	3.195289e-02
1.211617e+00	1.247745e+00	3.567921e-01	2.511445e-02	3.795511e-02
1.247746e+00	1.283875e+00	4.871757e-01	2.944837e-02	4.415124e-02
1.283874e+00	1.320002e+00	6.562958e-01	3.478840e-02	5.060284e-02
1.320002e+00	1.356131e+00	8.694586e-01	3.984943e-02	5.710897e-02
1.356132e+00	1.392261e+00	1.143114e+00	5.100418e-02	5.564976e-02
1.392261e+00	1.428391e+00	1.467225e+00	5.126294e-02	6.627484e-02
1.428391e+00	1.464519e+00	1.868311e+00	5.018794e-02	6.838163e-02
1.464519e+00	1.500648e+00	2.352885e+00	5.794210e-02	6.233275e-02
1.500649e+00	1.536778e+00	2.904788e+00	4.878629e-02	6.160702e-02
1.536778e+00	1.572906e+00	3.550823e+00	4.665504e-02	4.240638e-02
1.572906e+00	1.609035e+00	4.267015e+00	3.117717e-02	1.703064e-02
1.609036e+00	1.645165e+00	5.003845e+00	1.309474e-02	0.000000e+00
1.645165e+00	1.681293e+00	5.721606e+00	4.510781e-02	1.202081e-02
1.681294e+00	1.717424e+00	6.348871e+00	5.019374e-02	1.447274e-02
1.717423e+00	1.753552e+00	6.868076e+00	5.864541e-02	2.399734e-02
1.753553e+00	1.789682e+00	7.266351e+00	6.747488e-02	1.573805e-02
1.789682e+00	1.825811e+00	7.519743e+00	7.150489e-02	4.508843e-03
1.825812e+00	1.861940e+00	7.600484e+00	4.111379e-02	4.987683e-03
1.861940e+00	1.898069e+00	7.525614e+00	3.654128e-02	0.000000e+00
1.898069e+00	1.934198e+00	7.306925e+00	2.915940e-02	0.000000e+00
1.934198e+00	1.970328e+00	6.944271e+00	3.393579e-02	0.000000e+00
1.970329e+00	2.006458e+00	6.462556e+00	5.385978e-02	1.904287e-03
2.006458e+00	2.042587e+00	5.885162e+00	6.009300e-02	3.391182e-02
2.042585e+00	2.078714e+00	5.242005e+00	5.694318e-02	3.345235e-02
2.078715e+00	2.114844e+00	4.556705e+00	6.905256e-02	4.749094e-02
2.114845e+00	2.150974e+00	3.865161e+00	5.614603e-02	5.369924e-02
2.150972e+00	2.187101e+00	3.223815e+00	6.591104e-02	4.629522e-02
2.187102e+00	2.223231e+00	2.635609e+00	5.703756e-02	4.367267e-02
2.223231e+00	2.259361e+00	2.120734e+00	5.202823e-02	4.096928e-02
2.259362e+00	2.295491e+00	1.673333e+00	4.223781e-02	4.363337e-02
2.295489e+00	2.331618e+00	1.310698e+00	4.316117e-02	3.463838e-02
2.331619e+00	2.367748e+00	1.008424e+00	2.987821e-02	3.471671e-02
2.367749e+00	2.403878e+00	7.816912e-01	3.010684e-02	3.617454e-02
2.403876e+00	2.440005e+00	6.249891e-01	3.136206e-02	3.209914e-02
2.440006e+00	2.476135e+00	4.975247e-01	2.346730e-02	2.412882e-02
2.476135e+00	2.512265e+00	3.918489e-01	1.998173e-02	2.041351e-02
2.512266e+00	2.548395e+00	2.991099e-01	2.021423e-02	1.088627e-02
2.548393e+00	2.584522e+00	2.252150e-01	1.755061e-02	7.182928e-03
2.584523e+00	2.620652e+00	1.565869e-01	9.956129e-03	1.067301e-02
2.620653e+00	2.656782e+00	1.020472e-01	4.027485e-03	1.254496e-02
2.656780e+00	2.692909e+00	6.747106e-02	4.735669e-03	5.213402e-03
2.692910e+00	2.729039e+00	4.297401e-02	2.278640e-03	5.453763e-03
2.729040e+00	2.765169e+00	2.895411e-02	2.487960e-03	2.524952e-03
2.765168e+00	2.801298e+00	1.846053e-02	0.000000e+00	1.949704e-03
2.801297e+00	2.837426e+00	1.206397e-02	1.132210e-03	1.651803e-03
2.837427e+00	2.873556e+00	7.677362e-03	2.996208e-04	7.457029e-04
2.873557e+00	2.909686e+00	5.270146e-03	1.780675e-04	4.152260e-04
2.909686e+00	2.945815e+00	5.652343e-03	2.752116e-03	0.000000e+00
2.945813e+00	2.981942e+00	2.094910e-03	4.082062e-04	1.614523e-04
2.981943e+00	3.018072e+00	1.331293e-03	2.397246e-04	2.894273e-04
3.018072e+00	3.054202e+00	7.143316e-04	7.311652e-05	1.188129e-04
3.054203e+00	3.090332e+00	4.525077e-04	3.835561e-05	2.399671e-04
3.090330e+00	3.126459e+00	2.510335e-04	1.368477e-05	1.660599e-04
3.126460e+00	3.162589e+00	1.406743e-04	0.000000e+00	5.384553e-05
3.162590e+00	3.198719e+00	5.664707e-05	2.508733e-06	6.643594e-05
3.198717e+00	3.234846e+00	7.032672e-05	4.129879e-05	0.000000e+00
3.234847e+00	3.270976e+00	3.970993e-05	4.205579e-05	0.000000e+00
3.270977e+00	3.307106e+00	1.066743e-05	0.000000e+00	4.530823e-06
3.307105e+00	3.343235e+00	7.542538e-06	3.451633e-06	9.144340e-07
3.343234e+00	3.379363e+00	-4.379800e-05	0.000000e+00	4.745444e-05
3.379364e+00	3.415493e+00	1.181546e-05	1.084949e-05	0.000000e+00
3.415494e+00	3.451623e+00	1.055162e-07	0.000000e+00	1.631644e-06
3.451621e+00	3.487750e+00	2.121062e-08	3.213022e-07	1.179473e-07
3.487751e+00	3.523880e+00	1.098890e-07	9.480618e-08	0.000000e+00
3.523881e+00	3.560010e+00	1.013838e-07	1.379573e-07	0.000000e+00
3.560009e+00	3.596139e+00	4.372015e-09	1.092391e-08	1.139035e-08
3.596138e+00	3.632267e+00	3.238794e-10	2.249273e-11	4.007026e-09
3.632268e+00	3.668397e+00	1.361364e-10	1.583499e-10	3.921505e-10
3.668398e+00	3.704527e+00	2.101501e-10	1.251939e-09	0.000000e+00
3.704525e+00	3.740654e+00	5.158532e-13	2.700764e-11	1.774464e-11
3.740655e+00	3.776784e+00	-3.705444e-13	0.000000e+00	6.496593e-13
3.776785e+00	3.812914e+00	4.564278e-16	5.410977e-16	1.386814e-16
# END HISTO1D


# BEGIN HISTO1D //homes/tinghua1/Merging-Project/Production/HJETS/ratio-plots/hjets-matched-errorband/H-N2-3-25gev-combine.yoda/MC_H_KTSPLITTINGS/log10_d_01
ErrorBandColor=green
ErrorBandOpacity=0.3
ErrorBands=1
ErrorType=env
LineColor=green
LineStyle=solid
Path=//homes/tinghua1/Merging-Project/Production/HJETS/ratio-plots/hjets-matched-errorband/H-N2-3-25gev-combine.yoda/MC_H_KTSPLITTINGS/log10_d_01
RatioPlotSameStyle=1
Title=h(2*,3)
# xlow	 xhigh	 val	 errminus	 errplus
2.000000e-01	2.361292e-01	0.000000e+00	0.000000e+00	0.000000e+00
2.361291e-01	2.722583e-01	0.000000e+00	0.000000e+00	0.000000e+00
2.722583e-01	3.083875e-01	0.000000e+00	0.000000e+00	0.000000e+00
3.083874e-01	3.445165e-01	0.000000e+00	0.000000e+00	7.352984e-10
3.445165e-01	3.806457e-01	0.000000e+00	2.529958e-15	0.000000e+00
3.806457e-01	4.167748e-01	0.000000e+00	0.000000e+00	1.356639e-08
4.167748e-01	4.529039e-01	2.167373e-12	2.167373e-12	3.942162e-10
4.529039e-01	4.890331e-01	7.988538e-14	0.000000e+00	7.126718e-09
4.890331e-01	5.251621e-01	7.140145e-08	6.691564e-08	4.325239e-09
5.251623e-01	5.612913e-01	3.476297e-07	2.461820e-07	2.585835e-07
5.612913e-01	5.974205e-01	1.915192e-06	9.009101e-07	2.168447e-06
5.974204e-01	6.335495e-01	7.287464e-06	5.387522e-06	4.415897e-06
6.335497e-01	6.696787e-01	3.297680e-05	2.299999e-05	7.884033e-06
6.696787e-01	7.058079e-01	9.592955e-05	1.837586e-05	2.211480e-05
7.058080e-01	7.419370e-01	1.991233e-04	1.037225e-04	2.320122e-04
7.419370e-01	7.780660e-01	5.600668e-04	2.734912e-04	1.378105e-04
7.780661e-01	8.141953e-01	1.462801e-03	8.170901e-04	1.165769e-04
8.141954e-01	8.503245e-01	2.266079e-03	7.035041e-04	1.013815e-03
8.503244e-01	8.864534e-01	5.173827e-03	2.079767e-03	9.739767e-04
8.864535e-01	9.225827e-01	1.078138e-02	4.487642e-03	2.939783e-04
9.225828e-01	9.587118e-01	1.610367e-02	2.081411e-03	4.407439e-03
9.587118e-01	9.948408e-01	2.756325e-02	5.685143e-03	5.288277e-03
9.948404e-01	1.030970e+00	4.293381e-02	7.137792e-03	8.226277e-03
1.030970e+00	1.067098e+00	7.090872e-02	1.643217e-02	5.332641e-03
1.067100e+00	1.103228e+00	9.469196e-02	1.043037e-02	1.764073e-02
1.103229e+00	1.139358e+00	1.367569e-01	1.321216e-02	2.237145e-02
1.139357e+00	1.175487e+00	1.954583e-01	1.840670e-02	3.010025e-02
1.175487e+00	1.211615e+00	2.762071e-01	2.508525e-02	2.849218e-02
1.211617e+00	1.247745e+00	3.713831e-01	2.017438e-02	5.186000e-02
1.247746e+00	1.283875e+00	5.125235e-01	2.930222e-02	5.426167e-02
1.283874e+00	1.320002e+00	6.848357e-01	3.697584e-02	5.944781e-02
1.320002e+00	1.356131e+00	9.082549e-01	4.844474e-02	1.093067e-01
1.356132e+00	1.392261e+00	1.196179e+00	5.210606e-02	8.218495e-02
1.392261e+00	1.428391e+00	1.530742e+00	4.729726e-02	9.448464e-02
1.428391e+00	1.464519e+00	1.958466e+00	5.924437e-02	9.328185e-02
1.464519e+00	1.500648e+00	2.454053e+00	5.444020e-02	8.501204e-02
1.500649e+00	1.536778e+00	3.047510e+00	6.290238e-02	9.283401e-02
1.536778e+00	1.572906e+00	3.733809e+00	4.841263e-02	9.581223e-02
1.572906e+00	1.609035e+00	4.519782e+00	5.270281e-02	4.352736e-02
1.609036e+00	1.645165e+00	5.304141e+00	7.716793e-03	0.000000e+00
1.645165e+00	1.681293e+00	6.067314e+00	0.000000e+00	2.471145e-02
1.681294e+00	1.717424e+00	6.758209e+00	3.225851e-02	9.795184e-03
1.717423e+00	1.753552e+00	7.286781e+00	4.819120e-02	7.422569e-02
1.753553e+00	1.789682e+00	7.697714e+00	4.774004e-02	8.156605e-02
1.789682e+00	1.825811e+00	8.021498e+00	1.484680e-01	0.000000e+00
1.825812e+00	1.861940e+00	8.036865e+00	5.546791e-02	6.907470e-02
1.861940e+00	1.898069e+00	7.964095e+00	7.345623e-02	6.133854e-02
1.898069e+00	1.934198e+00	7.707969e+00	1.535913e-01	6.714551e-02
1.934198e+00	1.970328e+00	7.309363e+00	6.738721e-02	8.734570e-02
1.970329e+00	2.006458e+00	6.829519e+00	7.382158e-02	3.449030e-02
2.006458e+00	2.042587e+00	6.202809e+00	5.795898e-02	3.757093e-02
2.042585e+00	2.078714e+00	5.534521e+00	5.271112e-02	3.051288e-02
2.078715e+00	2.114844e+00	4.839536e+00	5.675496e-02	2.570511e-02
2.114845e+00	2.150974e+00	4.156655e+00	6.542943e-02	6.223256e-02
2.150972e+00	2.187101e+00	3.479100e+00	1.997841e-02	2.095547e-02
2.187102e+00	2.223231e+00	2.860162e+00	2.913172e-02	1.760912e-02
2.223231e+00	2.259361e+00	2.320946e+00	3.733158e-02	1.163742e-02
2.259362e+00	2.295491e+00	1.856920e+00	5.273603e-03	7.094578e-03
2.295489e+00	2.331618e+00	1.463332e+00	1.246755e-02	8.642088e-03
2.331619e+00	2.367748e+00	1.141763e+00	5.327023e-03	0.000000e+00
2.367749e+00	2.403878e+00	8.944682e-01	1.361510e-03	3.936727e-03
2.403876e+00	2.440005e+00	7.195272e-01	5.606300e-03	8.921365e-03
2.440006e+00	2.476135e+00	5.808434e-01	1.262974e-02	9.181821e-03
2.476135e+00	2.512265e+00	4.577016e-01	9.897038e-03	3.981179e-03
2.512266e+00	2.548395e+00	3.442899e-01	4.890808e-04	1.019320e-02
2.548393e+00	2.584522e+00	2.607560e-01	4.711312e-03	7.099172e-03
2.584523e+00	2.620652e+00	1.900150e-01	2.849567e-03	6.430762e-03
2.620653e+00	2.656782e+00	1.394466e-01	7.106064e-03	3.661989e-03
2.656780e+00	2.692909e+00	9.858111e-02	5.489192e-03	3.887514e-03
2.692910e+00	2.729039e+00	6.881226e-02	3.012566e-03	5.835368e-03
2.729040e+00	2.765169e+00	4.707130e-02	4.411885e-03	4.595450e-03
2.765168e+00	2.801298e+00	3.427603e-02	3.350900e-03	3.666371e-03
2.801297e+00	2.837426e+00	2.309764e-02	6.501389e-03	1.774190e-03
2.837427e+00	2.873556e+00	1.581907e-02	1.836168e-03	1.194592e-03
2.873557e+00	2.909686e+00	1.036718e-02	3.484874e-04	1.831509e-03
2.909686e+00	2.945815e+00	7.074588e-03	6.826206e-04	1.280766e-03
2.945813e+00	2.981942e+00	4.201666e-03	3.098093e-04	6.718758e-04
2.981943e+00	3.018072e+00	3.045221e-03	6.989795e-04	2.632816e-04
3.018072e+00	3.054202e+00	1.829162e-03	0.000000e+00	5.395447e-04
3.054203e+00	3.090332e+00	1.119395e-03	2.304215e-05	2.525528e-04
3.090330e+00	3.126459e+00	7.184577e-04	1.585823e-04	5.290404e-05
3.126460e+00	3.162589e+00	3.929743e-04	0.000000e+00	1.489972e-04
3.162590e+00	3.198719e+00	3.504553e-04	1.912768e-04	0.000000e+00
3.198717e+00	3.234846e+00	1.398616e-04	6.862902e-05	0.000000e+00
3.234847e+00	3.270976e+00	6.201644e-05	8.450608e-06	0.000000e+00
3.270977e+00	3.307106e+00	2.784755e-05	2.948083e-06	5.496554e-06
3.307105e+00	3.343235e+00	9.016180e-06	0.000000e+00	4.864723e-05
3.343234e+00	3.379363e+00	4.412436e-06	1.352847e-07	2.848975e-06
3.379364e+00	3.415493e+00	1.869080e-06	0.000000e+00	1.775339e-06
3.415494e+00	3.451623e+00	7.123347e-07	2.015735e-07	0.000000e+00
3.451621e+00	3.487750e+00	2.462633e-07	1.079205e-07	8.525927e-08
3.487751e+00	3.523880e+00	8.741875e-08	3.944383e-08	9.456567e-08
3.523881e+00	3.560010e+00	-2.927615e-08	0.000000e+00	5.707036e-08
3.560009e+00	3.596139e+00	2.244090e-09	2.106097e-10	2.421946e-08
3.596138e+00	3.632267e+00	8.911520e-10	4.874037e-10	1.817974e-10
3.632268e+00	3.668397e+00	1.280491e-10	7.822027e-12	1.086918e-10
3.668398e+00	3.704527e+00	7.472750e-12	0.000000e+00	5.056539e-11
3.704525e+00	3.740654e+00	6.164613e-13	0.000000e+00	3.135685e-12
3.740655e+00	3.776784e+00	8.901021e-14	0.000000e+00	5.072222e-14
3.776785e+00	3.812914e+00	1.989288e-16	1.278844e-16	0.000000e+00
# END HISTO1D


# BEGIN HISTO1D //homes/tinghua1/Merging-Project/Production/HJETS/ratio-plots/hjets-matched-errorband/H-2-3-25gev-combine.yoda/MC_H_KTSPLITTINGS/log10_d_01
ErrorBandColor=purple
ErrorBandOpacity=0.3
ErrorBands=1
ErrorType=env
LineColor=purple
LineStyle=solid
Path=//homes/tinghua1/Merging-Project/Production/HJETS/ratio-plots/hjets-matched-errorband/H-2-3-25gev-combine.yoda/MC_H_KTSPLITTINGS/log10_d_01
RatioPlotSameStyle=1
Title=h(2,3)
# xlow	 xhigh	 val	 errminus	 errplus
2.000000e-01	2.361292e-01	0.000000e+00	0.000000e+00	0.000000e+00
2.361291e-01	2.722583e-01	0.000000e+00	0.000000e+00	0.000000e+00
2.722583e-01	3.083875e-01	0.000000e+00	0.000000e+00	0.000000e+00
3.083874e-01	3.445165e-01	0.000000e+00	0.000000e+00	0.000000e+00
3.445165e-01	3.806457e-01	0.000000e+00	0.000000e+00	0.000000e+00
3.806457e-01	4.167748e-01	3.165437e-11	3.165437e-11	0.000000e+00
4.167748e-01	4.529039e-01	0.000000e+00	0.000000e+00	1.092467e-10
4.529039e-01	4.890331e-01	4.416724e-10	4.373533e-10	4.917937e-09
4.890331e-01	5.251621e-01	1.031994e-08	0.000000e+00	6.734843e-08
5.251623e-01	5.612913e-01	1.595016e-07	0.000000e+00	7.061912e-07
5.612913e-01	5.974205e-01	9.285999e-07	0.000000e+00	3.482179e-06
5.974204e-01	6.335495e-01	4.100581e-06	0.000000e+00	9.500591e-06
6.335497e-01	6.696787e-01	2.961931e-05	0.000000e+00	1.665909e-05
6.696787e-01	7.058079e-01	4.488940e-05	0.000000e+00	9.011888e-05
7.058080e-01	7.419370e-01	1.171097e-04	0.000000e+00	2.198373e-04
7.419370e-01	7.780660e-01	2.768644e-04	0.000000e+00	5.206396e-04
7.780661e-01	8.141953e-01	6.379388e-04	0.000000e+00	9.687245e-04
8.141954e-01	8.503245e-01	1.370013e-03	0.000000e+00	1.759497e-03
8.503244e-01	8.864534e-01	2.696229e-03	0.000000e+00	3.012950e-03
8.864535e-01	9.225827e-01	5.741530e-03	0.000000e+00	4.685066e-03
9.225828e-01	9.587118e-01	1.147131e-02	0.000000e+00	6.948939e-03
9.587118e-01	9.948408e-01	2.013661e-02	0.000000e+00	9.817305e-03
9.948404e-01	1.030970e+00	3.250972e-02	0.000000e+00	1.433554e-02
1.030970e+00	1.067098e+00	5.138351e-02	0.000000e+00	1.928304e-02
1.067100e+00	1.103228e+00	7.786238e-02	0.000000e+00	2.908470e-02
1.103229e+00	1.139358e+00	1.180025e-01	0.000000e+00	3.076072e-02
1.139357e+00	1.175487e+00	1.688153e-01	0.000000e+00	4.450086e-02
1.175487e+00	1.211615e+00	2.407569e-01	0.000000e+00	5.076573e-02
1.211617e+00	1.247745e+00	3.335337e-01	0.000000e+00	6.148883e-02
1.247746e+00	1.283875e+00	4.560768e-01	0.000000e+00	7.511002e-02
1.283874e+00	1.320002e+00	6.208752e-01	0.000000e+00	8.580669e-02
1.320002e+00	1.356131e+00	8.290739e-01	0.000000e+00	9.845304e-02
1.356132e+00	1.392261e+00	1.096344e+00	0.000000e+00	1.035979e-01
1.392261e+00	1.428391e+00	1.420456e+00	0.000000e+00	1.147340e-01
1.428391e+00	1.464519e+00	1.815872e+00	0.000000e+00	1.221581e-01
1.464519e+00	1.500648e+00	2.292938e+00	0.000000e+00	1.209317e-01
1.500649e+00	1.536778e+00	2.855407e+00	0.000000e+00	1.121371e-01
1.536778e+00	1.572906e+00	3.505018e+00	0.000000e+00	9.834759e-02
1.572906e+00	1.609035e+00	4.237997e+00	0.000000e+00	4.856763e-02
1.609036e+00	1.645165e+00	4.995796e+00	0.000000e+00	1.282903e-02
1.645165e+00	1.681293e+00	5.726663e+00	4.598799e-02	3.794736e-03
1.681294e+00	1.717424e+00	6.370733e+00	8.534182e-02	0.000000e+00
1.717423e+00	1.753552e+00	6.894113e+00	9.719339e-02	0.000000e+00
1.753553e+00	1.789682e+00	7.280265e+00	8.518642e-02	0.000000e+00
1.789682e+00	1.825811e+00	7.516344e+00	7.402917e-02	0.000000e+00
1.825812e+00	1.861940e+00	7.597885e+00	5.281353e-02	0.000000e+00
1.861940e+00	1.898069e+00	7.515968e+00	2.542556e-02	0.000000e+00
1.898069e+00	1.934198e+00	7.276354e+00	0.000000e+00	1.403582e-02
1.934198e+00	1.970328e+00	6.891234e+00	0.000000e+00	4.748409e-02
1.970329e+00	2.006458e+00	6.404669e+00	0.000000e+00	5.790086e-02
2.006458e+00	2.042587e+00	5.820549e+00	0.000000e+00	8.330704e-02
2.042585e+00	2.078714e+00	5.176946e+00	0.000000e+00	9.825071e-02
2.078715e+00	2.114844e+00	4.492311e+00	0.000000e+00	1.119904e-01
2.114845e+00	2.150974e+00	3.809710e+00	0.000000e+00	1.142296e-01
2.150972e+00	2.187101e+00	3.167807e+00	0.000000e+00	1.122395e-01
2.187102e+00	2.223231e+00	2.586770e+00	0.000000e+00	1.030380e-01
2.223231e+00	2.259361e+00	2.075860e+00	0.000000e+00	9.246028e-02
2.259362e+00	2.295491e+00	1.634997e+00	0.000000e+00	8.596031e-02
2.295489e+00	2.331618e+00	1.269725e+00	0.000000e+00	8.267403e-02
2.331619e+00	2.367748e+00	9.780774e-01	0.000000e+00	6.474771e-02
2.367749e+00	2.403878e+00	7.531338e-01	0.000000e+00	6.764151e-02
2.403876e+00	2.440005e+00	5.984494e-01	0.000000e+00	6.339561e-02
2.440006e+00	2.476135e+00	4.777932e-01	0.000000e+00	4.892939e-02
2.476135e+00	2.512265e+00	3.721456e-01	0.000000e+00	4.091475e-02
2.512266e+00	2.548395e+00	2.816264e-01	0.000000e+00	3.171884e-02
2.548393e+00	2.584522e+00	2.093758e-01	0.000000e+00	2.502513e-02
2.584523e+00	2.620652e+00	1.475275e-01	0.000000e+00	2.011708e-02
2.620653e+00	2.656782e+00	9.740953e-02	0.000000e+00	1.516076e-02
2.656780e+00	2.692909e+00	6.272427e-02	0.000000e+00	9.982590e-03
2.692910e+00	2.729039e+00	4.081815e-02	0.000000e+00	6.658529e-03
2.729040e+00	2.765169e+00	2.641478e-02	0.000000e+00	4.768701e-03
2.765168e+00	2.801298e+00	1.735290e-02	0.000000e+00	3.590695e-03
2.801297e+00	2.837426e+00	1.117108e-02	0.000000e+00	2.480229e-03
2.837427e+00	2.873556e+00	7.181630e-03	0.000000e+00	1.625370e-03
2.873557e+00	2.909686e+00	4.565452e-03	0.000000e+00	1.227424e-03
2.909686e+00	2.945815e+00	2.891517e-03	0.000000e+00	8.106618e-04
2.945813e+00	2.981942e+00	1.802741e-03	0.000000e+00	5.071546e-04
2.981943e+00	3.018072e+00	1.043323e-03	0.000000e+00	3.021852e-04
3.018072e+00	3.054202e+00	6.323869e-04	0.000000e+00	2.221597e-04
3.054203e+00	3.090332e+00	3.924224e-04	0.000000e+00	1.108074e-04
3.090330e+00	3.126459e+00	2.067607e-04	0.000000e+00	7.039528e-05
3.126460e+00	3.162589e+00	1.052782e-04	0.000000e+00	6.067425e-05
3.162590e+00	3.198719e+00	6.170522e-05	0.000000e+00	2.831484e-05
3.198717e+00	3.234846e+00	2.879620e-05	0.000000e+00	1.792006e-05
3.234847e+00	3.270976e+00	1.572293e-05	0.000000e+00	2.861214e-06
3.270977e+00	3.307106e+00	7.638357e-06	0.000000e+00	6.218802e-06
3.307105e+00	3.343235e+00	1.761345e-06	0.000000e+00	3.831351e-06
3.343234e+00	3.379363e+00	1.676876e-06	3.727031e-07	1.362237e-06
3.379364e+00	3.415493e+00	5.092053e-07	0.000000e+00	3.599422e-07
3.415494e+00	3.451623e+00	1.802451e-07	0.000000e+00	3.763385e-07
3.451621e+00	3.487750e+00	3.295306e-08	0.000000e+00	1.205016e-07
3.487751e+00	3.523880e+00	1.998149e-08	2.657782e-10	1.314212e-08
3.523881e+00	3.560010e+00	1.033297e-08	1.744928e-09	4.614493e-09
3.560009e+00	3.596139e+00	4.045195e-09	4.623106e-09	0.000000e+00
3.596138e+00	3.632267e+00	4.814158e-10	0.000000e+00	3.176989e-09
3.632268e+00	3.668397e+00	5.281508e-13	0.000000e+00	3.135992e-11
3.668398e+00	3.704527e+00	1.650331e-12	3.707494e-10	0.000000e+00
3.704525e+00	3.740654e+00	-3.245241e-14	1.869891e-12	2.111086e-13
3.740655e+00	3.776784e+00	-1.442861e-14	0.000000e+00	8.753277e-14
3.776785e+00	3.812914e+00	-2.194283e-18	0.000000e+00	1.719031e-17
# END HISTO1D


# BEGIN HISTO1D //homes/tinghua1/Merging-Project/Production/HJETS/ratio-plots/hjets-matched-errorband/H3Jets-NLOPS-combine.yoda/MC_H_KTSPLITTINGS/log10_d_01
ErrorBandColor=red
ErrorBandOpacity=0.3
ErrorBands=1
ErrorType=env
LineColor=red
LineStyle=solid
Path=//homes/tinghua1/Merging-Project/Production/HJETS/ratio-plots/hjets-matched-errorband/H3Jets-NLOPS-combine.yoda/MC_H_KTSPLITTINGS/log10_d_01
RatioPlotSameStyle=1
Title=h(3*) $\oplus$ PS
# xlow	 xhigh	 val	 errminus	 errplus
2.000000e-01	2.361292e-01	0.000000e+00	0.000000e+00	0.000000e+00
2.361291e-01	2.722583e-01	0.000000e+00	0.000000e+00	0.000000e+00
2.722583e-01	3.083875e-01	-3.551113e-19	0.000000e+00	3.551113e-19
3.083874e-01	3.445165e-01	0.000000e+00	0.000000e+00	0.000000e+00
3.445165e-01	3.806457e-01	-4.815296e-23	2.284516e-18	0.000000e+00
3.806457e-01	4.167748e-01	-3.282030e-18	4.469358e-18	3.181060e-18
4.167748e-01	4.529039e-01	-1.206917e-16	2.230018e-14	0.000000e+00
4.529039e-01	4.890331e-01	-9.390853e-15	1.453739e-13	7.687509e-15
4.890331e-01	5.251621e-01	-7.218743e-12	0.000000e+00	7.306093e-12
5.251623e-01	5.612913e-01	-7.540669e-12	0.000000e+00	7.276458e-12
5.612913e-01	5.974205e-01	-1.365562e-11	7.306545e-10	3.952528e-10
5.974204e-01	6.335495e-01	4.630600e-10	3.194736e-09	0.000000e+00
6.335497e-01	6.696787e-01	-1.985075e-08	0.000000e+00	1.816314e-07
6.696787e-01	7.058079e-01	3.659605e-07	5.162513e-07	0.000000e+00
7.058080e-01	7.419370e-01	3.995953e-07	4.384010e-06	3.716248e-07
7.419370e-01	7.780660e-01	-4.486912e-06	0.000000e+00	1.355095e-05
7.780661e-01	8.141953e-01	-1.465783e-05	1.220691e-06	2.074304e-05
8.141954e-01	8.503245e-01	-2.096850e-05	1.528497e-04	9.030878e-06
8.503244e-01	8.864534e-01	1.766888e-05	1.185514e-04	0.000000e+00
8.864535e-01	9.225827e-01	6.899029e-05	9.210476e-04	0.000000e+00
9.225828e-01	9.587118e-01	-1.392964e-04	2.086960e-08	4.844656e-04
9.587118e-01	9.948408e-01	2.878367e-05	3.978097e-05	5.518616e-04
9.948404e-01	1.030970e+00	4.851400e-04	1.289436e-03	2.930823e-04
1.030970e+00	1.067098e+00	2.829444e-03	5.120764e-04	2.075856e-03
1.067100e+00	1.103228e+00	2.877519e-03	0.000000e+00	7.035561e-03
1.103229e+00	1.139358e+00	8.259240e-03	3.143566e-03	8.542858e-03
1.139357e+00	1.175487e+00	2.882820e-02	0.000000e+00	9.594963e-03
1.175487e+00	1.211615e+00	5.069205e-02	2.864043e-03	3.424894e-03
1.211617e+00	1.247745e+00	9.169811e-02	1.628822e-02	0.000000e+00
1.247746e+00	1.283875e+00	1.393905e-01	8.303468e-03	2.381632e-03
1.283874e+00	1.320002e+00	2.213975e-01	2.116106e-02	0.000000e+00
1.320002e+00	1.356131e+00	3.025232e-01	1.560796e-03	2.649201e-02
1.356132e+00	1.392261e+00	4.740652e-01	5.115088e-02	0.000000e+00
1.392261e+00	1.428391e+00	6.079862e-01	0.000000e+00	6.423471e-03
1.428391e+00	1.464519e+00	8.179631e-01	0.000000e+00	6.634532e-02
1.464519e+00	1.500648e+00	1.091806e+00	2.719422e-02	1.100280e-02
1.500649e+00	1.536778e+00	1.402848e+00	3.109773e-02	0.000000e+00
1.536778e+00	1.572906e+00	1.759425e+00	1.212599e-02	9.488776e-03
1.572906e+00	1.609035e+00	2.193104e+00	1.072701e-01	0.000000e+00
1.609036e+00	1.645165e+00	2.654429e+00	1.102314e-01	9.213540e-02
1.645165e+00	1.681293e+00	3.156520e+00	1.396994e-01	5.313460e-02
1.681294e+00	1.717424e+00	3.512931e+00	2.848270e-01	1.055217e-01
1.717423e+00	1.753552e+00	3.820017e+00	2.041490e-01	1.439924e-01
1.753553e+00	1.789682e+00	4.204667e+00	2.931108e-01	3.114672e-02
1.789682e+00	1.825811e+00	4.306917e+00	3.557170e-01	1.793850e-01
1.825812e+00	1.861940e+00	4.446041e+00	3.723961e-01	1.219436e-01
1.861940e+00	1.898069e+00	4.401345e+00	1.888732e-01	1.607490e-01
1.898069e+00	1.934198e+00	4.359584e+00	3.375183e-01	1.346702e-01
1.934198e+00	1.970328e+00	4.171572e+00	2.532688e-01	1.956573e-01
1.970329e+00	2.006458e+00	3.871117e+00	2.158709e-01	2.280024e-01
2.006458e+00	2.042587e+00	3.707736e+00	3.050209e-01	7.004899e-02
2.042585e+00	2.078714e+00	3.369531e+00	2.127017e-01	1.197819e-01
2.078715e+00	2.114844e+00	2.959509e+00	1.898253e-01	1.302306e-01
2.114845e+00	2.150974e+00	2.637927e+00	2.331927e-01	4.854715e-02
2.150972e+00	2.187101e+00	2.171072e+00	8.403803e-02	1.152188e-01
2.187102e+00	2.223231e+00	1.883930e+00	1.572972e-01	5.254034e-02
2.223231e+00	2.259361e+00	1.566964e+00	1.161079e-01	4.741185e-02
2.259362e+00	2.295491e+00	1.286574e+00	8.683218e-02	1.562374e-02
2.295489e+00	2.331618e+00	1.002095e+00	0.000000e+00	4.316505e-02
2.331619e+00	2.367748e+00	7.947095e-01	6.858479e-03	2.891777e-02
2.367749e+00	2.403878e+00	6.421177e-01	3.779955e-02	3.753218e-04
2.403876e+00	2.440005e+00	5.270749e-01	1.991669e-02	1.205126e-02
2.440006e+00	2.476135e+00	4.400443e-01	4.119821e-02	1.126242e-03
2.476135e+00	2.512265e+00	3.441293e-01	1.684113e-02	8.095212e-03
2.512266e+00	2.548395e+00	2.664259e-01	1.829705e-02	5.877356e-03
2.548393e+00	2.584522e+00	2.030559e-01	3.478175e-03	2.306347e-03
2.584523e+00	2.620652e+00	1.465966e-01	2.812201e-03	1.106175e-03
2.620653e+00	2.656782e+00	1.095942e-01	4.253813e-03	0.000000e+00
2.656780e+00	2.692909e+00	7.755396e-02	3.188270e-03	9.396607e-04
2.692910e+00	2.729039e+00	5.566299e-02	2.670071e-03	4.329901e-03
2.729040e+00	2.765169e+00	4.064115e-02	4.163691e-03	4.234936e-03
2.765168e+00	2.801298e+00	2.920736e-02	2.876466e-03	0.000000e+00
2.801297e+00	2.837426e+00	1.858186e-02	7.634809e-04	3.017150e-03
2.837427e+00	2.873556e+00	1.240521e-02	7.792687e-04	3.472294e-03
2.873557e+00	2.909686e+00	9.389947e-03	2.150796e-03	1.232486e-03
2.909686e+00	2.945815e+00	6.049373e-03	1.625287e-03	7.450635e-04
2.945813e+00	2.981942e+00	3.868690e-03	2.789698e-04	7.359739e-04
2.981943e+00	3.018072e+00	3.198519e-03	9.943029e-04	0.000000e+00
3.018072e+00	3.054202e+00	1.596110e-03	2.272123e-04	1.001251e-04
3.054203e+00	3.090332e+00	9.470932e-04	8.101580e-05	4.369288e-04
3.090330e+00	3.126459e+00	5.915876e-04	1.403294e-04	1.267226e-04
3.126460e+00	3.162589e+00	3.354203e-04	5.765479e-05	1.807855e-05
3.162590e+00	3.198719e+00	2.083769e-04	0.000000e+00	9.476465e-05
3.198717e+00	3.234846e+00	9.557909e-05	0.000000e+00	2.703781e-05
3.234847e+00	3.270976e+00	5.947142e-05	3.156475e-05	0.000000e+00
3.270977e+00	3.307106e+00	2.467389e-05	3.117651e-06	8.390329e-06
3.307105e+00	3.343235e+00	1.346190e-05	5.738838e-06	2.154249e-07
3.343234e+00	3.379363e+00	4.368231e-06	1.489651e-06	2.935019e-06
3.379364e+00	3.415493e+00	2.943300e-06	1.563617e-06	1.600985e-07
3.415494e+00	3.451623e+00	1.313389e-06	8.690326e-07	0.000000e+00
3.451621e+00	3.487750e+00	2.251610e-07	1.669075e-09	6.802342e-08
3.487751e+00	3.523880e+00	8.945794e-08	4.576949e-08	0.000000e+00
3.523881e+00	3.560010e+00	2.413752e-08	1.053156e-08	6.850278e-09
3.560009e+00	3.596139e+00	4.701525e-09	2.623882e-09	2.455812e-09
3.596138e+00	3.632267e+00	1.113463e-09	2.980362e-10	8.881096e-10
3.632268e+00	3.668397e+00	2.493479e-10	0.000000e+00	2.672800e-10
3.668398e+00	3.704527e+00	4.852656e-11	3.359336e-11	0.000000e+00
3.704525e+00	3.740654e+00	3.152861e-12	2.688966e-12	0.000000e+00
3.740655e+00	3.776784e+00	9.873440e-15	6.635401e-15	8.410310e-15
3.776785e+00	3.812914e+00	5.609239e-18	1.599596e-18	1.416555e-17
# END HISTO1D


# BEGIN HISTO1D //homes/tinghua1/Merging-Project/Production/HJETS/ratio-plots/hjets-matched-errorband/H2Jets-NLOPS-combine.yoda/MC_H_KTSPLITTINGS/log10_d_01
ErrorBandColor=violet
ErrorBandOpacity=0.3
ErrorBands=1
ErrorType=env
LineColor=violet
LineStyle=solid
Path=//homes/tinghua1/Merging-Project/Production/HJETS/ratio-plots/hjets-matched-errorband/H2Jets-NLOPS-combine.yoda/MC_H_KTSPLITTINGS/log10_d_01
RatioPlotSameStyle=1
Title=h(2*) $\oplus$ PS
# xlow	 xhigh	 val	 errminus	 errplus
2.000000e-01	2.361292e-01	-3.596384e-17	5.424179e-17	3.426234e-17
2.361291e-01	2.722583e-01	-7.525279e-18	3.116708e-16	0.000000e+00
2.722583e-01	3.083875e-01	-3.156112e-13	0.000000e+00	3.146796e-13
3.083874e-01	3.445165e-01	-1.016861e-12	0.000000e+00	1.002507e-12
3.445165e-01	3.806457e-01	-5.474134e-11	0.000000e+00	5.460846e-11
3.806457e-01	4.167748e-01	-8.058440e-11	5.561813e-11	7.913934e-11
4.167748e-01	4.529039e-01	-7.730240e-10	0.000000e+00	7.436879e-10
4.529039e-01	4.890331e-01	1.452010e-09	3.021615e-09	0.000000e+00
4.890331e-01	5.251621e-01	-4.206601e-10	8.757775e-09	2.119056e-08
5.251623e-01	5.612913e-01	8.119618e-09	1.179797e-08	0.000000e+00
5.612913e-01	5.974205e-01	-1.557654e-07	6.142046e-07	1.825811e-07
5.974204e-01	6.335495e-01	-3.383115e-07	1.348237e-05	5.665987e-07
6.335497e-01	6.696787e-01	-1.052377e-06	6.830338e-06	1.071771e-06
6.696787e-01	7.058079e-01	-6.792066e-06	4.966373e-06	7.524288e-06
7.058080e-01	7.419370e-01	-5.089075e-05	5.757630e-06	5.275949e-05
7.419370e-01	7.780660e-01	-5.369395e-05	0.000000e+00	5.512684e-05
7.780661e-01	8.141953e-01	-1.599952e-04	0.000000e+00	1.641012e-04
8.141954e-01	8.503245e-01	3.101121e-05	1.347483e-04	2.475924e-05
8.503244e-01	8.864534e-01	-2.272032e-04	0.000000e+00	3.426540e-04
8.864535e-01	9.225827e-01	-2.025458e-04	0.000000e+00	1.082509e-03
9.225828e-01	9.587118e-01	-1.051535e-03	0.000000e+00	4.912401e-03
9.587118e-01	9.948408e-01	4.063611e-03	2.760399e-03	3.204492e-03
9.948404e-01	1.030970e+00	7.024761e-03	5.581623e-04	2.655112e-03
1.030970e+00	1.067098e+00	1.143333e-02	0.000000e+00	2.045029e-02
1.067100e+00	1.103228e+00	4.697747e-02	5.592820e-03	1.114551e-02
1.103229e+00	1.139358e+00	7.773656e-02	9.607213e-03	2.347842e-02
1.139357e+00	1.175487e+00	1.260854e-01	1.510761e-02	2.617459e-02
1.175487e+00	1.211615e+00	1.945938e-01	3.201337e-02	3.333461e-02
1.211617e+00	1.247745e+00	2.944214e-01	4.056415e-02	4.003515e-02
1.247746e+00	1.283875e+00	3.994802e-01	2.008525e-02	6.413767e-02
1.283874e+00	1.320002e+00	5.592549e-01	3.305157e-02	5.887376e-02
1.320002e+00	1.356131e+00	7.758883e-01	5.311993e-02	7.083811e-02
1.356132e+00	1.392261e+00	1.027478e+00	6.394392e-02	9.507293e-02
1.392261e+00	1.428391e+00	1.343794e+00	5.746831e-02	1.142737e-01
1.428391e+00	1.464519e+00	1.740260e+00	8.335852e-02	1.236060e-01
1.464519e+00	1.500648e+00	2.287562e+00	1.273647e-01	6.387611e-02
1.500649e+00	1.536778e+00	2.794644e+00	6.318055e-02	1.259016e-01
1.536778e+00	1.572906e+00	3.457422e+00	1.372416e-01	1.347422e-01
1.572906e+00	1.609035e+00	4.207991e+00	6.000443e-02	1.172272e-01
1.609036e+00	1.645165e+00	5.010723e+00	5.391237e-02	1.649118e-01
1.645165e+00	1.681293e+00	5.731913e+00	1.112126e-02	2.935315e-02
1.681294e+00	1.717424e+00	6.374440e+00	2.049543e-02	1.890673e-02
1.717423e+00	1.753552e+00	6.890002e+00	2.639984e-02	5.097290e-02
1.753553e+00	1.789682e+00	7.280293e+00	6.797310e-02	8.748651e-02
1.789682e+00	1.825811e+00	7.523665e+00	3.194082e-01	7.987766e-02
1.825812e+00	1.861940e+00	7.606084e+00	9.265687e-02	8.815079e-02
1.861940e+00	1.898069e+00	7.530161e+00	8.924963e-02	9.239946e-02
1.898069e+00	1.934198e+00	7.305879e+00	1.074151e-01	8.215838e-02
1.934198e+00	1.970328e+00	6.940565e+00	9.895931e-02	8.515084e-02
1.970329e+00	2.006458e+00	6.461001e+00	1.051538e-01	7.962855e-02
2.006458e+00	2.042587e+00	5.897949e+00	8.085748e-02	1.334413e-01
2.042585e+00	2.078714e+00	5.276946e+00	7.405685e-02	6.984971e-02
2.078715e+00	2.114844e+00	4.632506e+00	6.681060e-02	5.549005e-02
2.114845e+00	2.150974e+00	3.984309e+00	5.894157e-02	4.447397e-02
2.150972e+00	2.187101e+00	3.358742e+00	4.553129e-02	3.136539e-02
2.187102e+00	2.223231e+00	2.782092e+00	4.326497e-02	2.924244e-02
2.223231e+00	2.259361e+00	2.258194e+00	2.469997e-02	1.650872e-02
2.259362e+00	2.295491e+00	1.810896e+00	1.736057e-02	6.995212e-03
2.295489e+00	2.331618e+00	1.426700e+00	8.539400e-03	6.645631e-03
2.331619e+00	2.367748e+00	1.110156e+00	1.198483e-03	8.265936e-03
2.367749e+00	2.403878e+00	8.745221e-01	4.279388e-03	0.000000e+00
2.403876e+00	2.440005e+00	7.010980e-01	8.836945e-03	5.012871e-03
2.440006e+00	2.476135e+00	5.616887e-01	7.113676e-03	5.186415e-03
2.476135e+00	2.512265e+00	4.394174e-01	5.043731e-03	5.770551e-03
2.512266e+00	2.548395e+00	3.344679e-01	4.931219e-03	3.597110e-03
2.548393e+00	2.584522e+00	2.479280e-01	4.277478e-03	2.663705e-03
2.584523e+00	2.620652e+00	1.802103e-01	4.938470e-03	2.294362e-03
2.620653e+00	2.656782e+00	1.302514e-01	4.857594e-03	3.264137e-03
2.656780e+00	2.692909e+00	9.303374e-02	4.268067e-03	5.300119e-03
2.692910e+00	2.729039e+00	6.665208e-02	3.642835e-03	4.012317e-03
2.729040e+00	2.765169e+00	4.711907e-02	3.444435e-03	3.153256e-03
2.765168e+00	2.801298e+00	3.248373e-02	2.728370e-03	2.397371e-03
2.801297e+00	2.837426e+00	2.209784e-02	1.776003e-03	1.894190e-03
2.837427e+00	2.873556e+00	1.482947e-02	1.311354e-03	1.223485e-03
2.873557e+00	2.909686e+00	9.701118e-03	8.021838e-04	1.125808e-03
2.909686e+00	2.945815e+00	6.360024e-03	5.117247e-04	6.833818e-04
2.945813e+00	2.981942e+00	4.154701e-03	5.061945e-04	3.935869e-04
2.981943e+00	3.018072e+00	2.721398e-03	5.076592e-04	0.000000e+00
3.018072e+00	3.054202e+00	1.492223e-03	8.706394e-05	2.425572e-04
3.054203e+00	3.090332e+00	8.191254e-04	3.097816e-05	3.590562e-04
3.090330e+00	3.126459e+00	5.014794e-04	3.004318e-05	1.590384e-04
3.126460e+00	3.162589e+00	2.937834e-04	0.000000e+00	5.252014e-05
3.162590e+00	3.198719e+00	1.608340e-04	3.783952e-05	4.005574e-05
3.198717e+00	3.234846e+00	8.336491e-05	0.000000e+00	2.136544e-05
3.234847e+00	3.270976e+00	3.986235e-05	3.637134e-06	2.133068e-05
3.270977e+00	3.307106e+00	2.592370e-05	6.971599e-06	2.546951e-06
3.307105e+00	3.343235e+00	7.132768e-06	2.014127e-06	1.048719e-06
3.343234e+00	3.379363e+00	3.599549e-06	0.000000e+00	5.561101e-07
3.379364e+00	3.415493e+00	1.616008e-06	5.749035e-07	0.000000e+00
3.415494e+00	3.451623e+00	4.821852e-07	7.688533e-08	4.072828e-07
3.451621e+00	3.487750e+00	1.046215e-07	1.929766e-07	2.235736e-07
3.487751e+00	3.523880e+00	3.044294e-08	2.289807e-08	4.276789e-08
3.523881e+00	3.560010e+00	8.526203e-09	3.610296e-09	2.051565e-09
3.560009e+00	3.596139e+00	6.383069e-09	4.647049e-09	0.000000e+00
3.596138e+00	3.632267e+00	2.383601e-10	2.392938e-10	9.235893e-10
3.632268e+00	3.668397e+00	1.716436e-10	1.238245e-10	9.142866e-11
3.668398e+00	3.704527e+00	4.986753e-12	0.000000e+00	4.223247e-12
3.704525e+00	3.740654e+00	5.945396e-12	5.420354e-12	0.000000e+00
3.740655e+00	3.776784e+00	7.953436e-14	7.379484e-14	0.000000e+00
3.776785e+00	3.812914e+00	7.252318e-18	0.000000e+00	1.849211e-17
# END HISTO1D

