# BEGIN PLOT
Rebin=2
DrawOnly=//homes/tinghua1/Merging-Project/Production/HJETS/ratio-plots/hjets-matched-errorband/H-N2-N3-4-25gev-combine.yoda/MC_H_KTSPLITTINGS/log10_R_2 //homes/tinghua1/Merging-Project/Production/HJETS/ratio-plots/hjets-matched-errorband/H-N2-3-4-25gev-combine.yoda/MC_H_KTSPLITTINGS/log10_R_2 //homes/tinghua1/Merging-Project/Production/HJETS/ratio-plots/hjets-matched-errorband/H-2-3-4-25gev-combine.yoda/MC_H_KTSPLITTINGS/log10_R_2 //homes/tinghua1/Merging-Project/Production/HJETS/ratio-plots/hjets-matched-errorband/H-N2-3-25gev-combine.yoda/MC_H_KTSPLITTINGS/log10_R_2 //homes/tinghua1/Merging-Project/Production/HJETS/ratio-plots/hjets-matched-errorband/H-2-3-25gev-combine.yoda/MC_H_KTSPLITTINGS/log10_R_2 //homes/tinghua1/Merging-Project/Production/HJETS/ratio-plots/hjets-matched-errorband/H3Jets-NLOPS-combine.yoda/MC_H_KTSPLITTINGS/log10_R_2 //homes/tinghua1/Merging-Project/Production/HJETS/ratio-plots/hjets-matched-errorband/H2Jets-NLOPS-combine.yoda/MC_H_KTSPLITTINGS/log10_R_2
Title=$\log_{10}$(Integrated $2$ jet rate in $k_\perp$ [GeV])
RatioPlotReference=//homes/tinghua1/Merging-Project/Production/HJETS/ratio-plots/hjets-matched-errorband/H-N2-N3-4-25gev-combine.yoda/MC_H_KTSPLITTINGS/log10_R_2
#RatioPlot=1
LogY=1
RatioPlotYMax=2.5
RatioPlotYLabel=Ratio
#LegendOnly=//homes/tinghua1/Merging-Project/Production/HJETS/ratio-plots/hjets-matched-errorband/H-N2-N3-4-25gev-combine.yoda/MC_H_KTSPLITTINGS/log10_R_2 //homes/tinghua1/Merging-Project/Production/HJETS/ratio-plots/hjets-matched-errorband/H-N2-3-4-25gev-combine.yoda/MC_H_KTSPLITTINGS/log10_R_2 //homes/tinghua1/Merging-Project/Production/HJETS/ratio-plots/hjets-matched-errorband/H-2-3-4-25gev-combine.yoda/MC_H_KTSPLITTINGS/log10_R_2 //homes/tinghua1/Merging-Project/Production/HJETS/ratio-plots/hjets-matched-errorband/H-N2-3-25gev-combine.yoda/MC_H_KTSPLITTINGS/log10_R_2 //homes/tinghua1/Merging-Project/Production/HJETS/ratio-plots/hjets-matched-errorband/H-2-3-25gev-combine.yoda/MC_H_KTSPLITTINGS/log10_R_2 //homes/tinghua1/Merging-Project/Production/HJETS/ratio-plots/hjets-matched-errorband/H3Jets-NLOPS-combine.yoda/MC_H_KTSPLITTINGS/log10_R_2 //homes/tinghua1/Merging-Project/Production/HJETS/ratio-plots/hjets-matched-errorband/H2Jets-NLOPS-combine.yoda/MC_H_KTSPLITTINGS/log10_R_2
XLabel=$\log_{10}(d_{\text{cut}}/\text{GeV})$
LegendAlign=r
YLabel=$R_{2}$
Legend=1
RatioPlotYMin=0.0
# END PLOT


# BEGIN SPECIAL /MC_H_KTSPLITTINGS/log10_R_2
\rput[tl](0.05,0.75){\parbox{5cm}{\textcolor{gray}{{\bf Herwig 7.2.0} \\ HJETS/ColorFull}}}
# END SPECIAL

# BEGIN HISTO1D //homes/tinghua1/Merging-Project/Production/HJETS/ratio-plots/hjets-matched-errorband/H-N2-N3-4-25gev-combine.yoda/MC_H_KTSPLITTINGS/log10_R_2
ErrorBandColor=orange
ErrorBandOpacity=0.3
ErrorBands=1
ErrorType=env
LineColor=orange
LineStyle=solid
Path=//homes/tinghua1/Merging-Project/Production/HJETS/ratio-plots/hjets-matched-errorband/H-N2-N3-4-25gev-combine.yoda/MC_H_KTSPLITTINGS/log10_R_2
RatioPlotSameStyle=1
Title=h(2*,3*,4)
XLabel=~
YLabel=~
# xlow	 xhigh	 val	 errminus	 errplus
2.000000e-01	2.722582e-01	2.051097e-02	1.421249e-02	5.196933e-02
2.722583e-01	3.445165e-01	3.395791e-02	2.308429e-02	7.176579e-02
3.445166e-01	4.167748e-01	6.064394e-02	3.972225e-02	1.011564e-01
4.167748e-01	4.890330e-01	1.082825e-01	6.834497e-02	1.373685e-01
4.890331e-01	5.612913e-01	1.873530e-01	1.105516e-01	1.768533e-01
5.612914e-01	6.335496e-01	3.084893e-01	1.655163e-01	2.132340e-01
6.335496e-01	7.058078e-01	4.777094e-01	2.266647e-01	2.420186e-01
7.058079e-01	7.780661e-01	6.968237e-01	2.840848e-01	2.613168e-01
7.780662e-01	8.503244e-01	9.605917e-01	3.255912e-01	2.680973e-01
8.503244e-01	9.225826e-01	1.256811e+00	3.470723e-01	2.651980e-01
9.225827e-01	9.948409e-01	1.563964e+00	3.394900e-01	2.511340e-01
9.948409e-01	1.067099e+00	1.864458e+00	3.125240e-01	2.282220e-01
1.067099e+00	1.139357e+00	2.131397e+00	2.710530e-01	2.042410e-01
1.139358e+00	1.211616e+00	2.344492e+00	2.275410e-01	1.764450e-01
1.211616e+00	1.283874e+00	2.472846e+00	1.821340e-01	1.474560e-01
1.283874e+00	1.356132e+00	2.507921e+00	1.412650e-01	1.198830e-01
1.356132e+00	1.428390e+00	2.430397e+00	1.003620e-01	9.366400e-02
1.428391e+00	1.500649e+00	2.255229e+00	7.845200e-02	6.809700e-02
1.500649e+00	1.572907e+00	1.984515e+00	5.492200e-02	4.954400e-02
1.572907e+00	1.645165e+00	1.648803e+00	3.880500e-02	3.018200e-02
1.645165e+00	1.717423e+00	1.283737e+00	2.479600e-02	2.041900e-02
1.717424e+00	1.789682e+00	9.353381e-01	1.504370e-02	7.670000e-03
1.789682e+00	1.861940e+00	6.342422e-01	1.094180e-02	4.927000e-03
1.861940e+00	1.934198e+00	3.989530e-01	3.999100e-03	1.617600e-03
1.934199e+00	2.006457e+00	2.332159e-01	2.406600e-03	0.000000e+00
2.006457e+00	2.078715e+00	1.249077e-01	1.101000e-03	2.399500e-03
2.078715e+00	2.150973e+00	6.473502e-02	4.207990e-03	1.586240e-03
2.150973e+00	2.223231e+00	3.195097e-02	1.992580e-03	1.719360e-03
2.223232e+00	2.295490e+00	1.642752e-02	2.006630e-03	1.841930e-03
2.295490e+00	2.367748e+00	8.701876e-03	1.394428e-03	9.321770e-04
2.367748e+00	2.440006e+00	4.847844e-03	9.843070e-04	4.468520e-04
2.440006e+00	2.512264e+00	2.611610e-03	4.674640e-04	3.407880e-04
2.512265e+00	2.584523e+00	1.460693e-03	3.969340e-04	5.697800e-05
2.584523e+00	2.656781e+00	6.432291e-04	1.995659e-04	1.182706e-04
2.656781e+00	2.729039e+00	2.873670e-04	5.903520e-05	7.442280e-05
2.729039e+00	2.801297e+00	1.338395e-04	3.380280e-05	2.216050e-05
2.801298e+00	2.873556e+00	7.176624e-05	2.362903e-05	3.401326e-05
2.873556e+00	2.945814e+00	2.908859e-05	0.000000e+00	1.215719e-05
2.945814e+00	3.018072e+00	1.266488e-05	0.000000e+00	1.606325e-05
3.018073e+00	3.090331e+00	4.740847e-06	0.000000e+00	1.556135e-05
3.090331e+00	3.162589e+00	2.166373e-06	1.443086e-06	0.000000e+00
3.162589e+00	3.234847e+00	-6.090211e-08	1.152657e-07	5.400009e-07
3.234847e+00	3.307105e+00	-3.893435e-08	0.000000e+00	4.282678e-07
3.307106e+00	3.379364e+00	2.190740e-09	0.000000e+00	1.257621e-07
3.379364e+00	3.451622e+00	-2.571246e-10	0.000000e+00	2.947370e-09
3.451622e+00	3.523880e+00	1.051497e-09	5.509452e-09	0.000000e+00
3.523880e+00	3.596138e+00	8.256863e-10	7.240353e-09	0.000000e+00
3.596139e+00	3.668397e+00	1.255479e-11	1.264070e-11	2.134000e-13
3.668397e+00	3.740655e+00	5.090751e-15	1.044278e-14	9.582280e-12
3.740655e+00	3.812913e+00	1.382011e-21	1.519884e-20	6.695410e-21
# END HISTO1D


# BEGIN HISTO1D //homes/tinghua1/Merging-Project/Production/HJETS/ratio-plots/hjets-matched-errorband/H-N2-3-4-25gev-combine.yoda/MC_H_KTSPLITTINGS/log10_R_2
ErrorBandColor=blue
ErrorBandOpacity=0.3
ErrorBands=1
ErrorType=env
LineColor=blue
LineStyle=solid
Path=//homes/tinghua1/Merging-Project/Production/HJETS/ratio-plots/hjets-matched-errorband/H-N2-3-4-25gev-combine.yoda/MC_H_KTSPLITTINGS/log10_R_2
RatioPlotSameStyle=1
Title=h(2*,3,4)
XLabel=~
YLabel=~
# xlow	 xhigh	 val	 errminus	 errplus
2.000000e-01	2.722582e-01	1.941903e-02	1.321146e-02	5.346135e-02
2.722583e-01	3.445165e-01	3.286826e-02	2.217085e-02	7.361594e-02
3.445166e-01	4.167748e-01	5.942901e-02	3.912476e-02	1.036622e-01
4.167748e-01	4.890330e-01	1.068888e-01	6.743789e-02	1.409161e-01
4.890331e-01	5.612913e-01	1.865416e-01	1.104565e-01	1.831802e-01
5.612914e-01	6.335496e-01	3.079801e-01	1.663128e-01	2.219386e-01
6.335496e-01	7.058078e-01	4.790611e-01	2.302043e-01	2.520048e-01
7.058079e-01	7.780661e-01	6.992535e-01	2.890499e-01	2.735049e-01
7.780662e-01	8.503244e-01	9.648510e-01	3.345722e-01	2.841710e-01
8.503244e-01	9.225826e-01	1.262827e+00	3.581270e-01	2.831340e-01
9.225827e-01	9.948409e-01	1.574011e+00	3.571540e-01	2.700660e-01
9.948409e-01	1.067099e+00	1.876682e+00	3.335800e-01	2.512650e-01
1.067099e+00	1.139357e+00	2.146935e+00	2.985690e-01	2.313340e-01
1.139358e+00	1.211616e+00	2.361453e+00	2.583890e-01	2.065900e-01
1.211616e+00	1.283874e+00	2.494996e+00	2.151120e-01	1.795540e-01
1.283874e+00	1.356132e+00	2.526607e+00	1.776800e-01	1.532950e-01
1.356132e+00	1.428390e+00	2.449861e+00	1.437790e-01	1.224920e-01
1.428391e+00	1.500649e+00	2.266682e+00	1.105100e-01	9.425900e-02
1.500649e+00	1.572907e+00	1.988619e+00	8.070900e-02	6.879300e-02
1.572907e+00	1.645165e+00	1.644340e+00	5.559800e-02	4.554800e-02
1.645165e+00	1.717423e+00	1.278225e+00	3.469800e-02	2.747200e-02
1.717424e+00	1.789682e+00	9.297896e-01	2.013760e-02	1.512020e-02
1.789682e+00	1.861940e+00	6.299095e-01	1.123040e-02	7.553300e-03
1.861940e+00	1.934198e+00	3.963957e-01	6.184100e-03	2.652600e-03
1.934199e+00	2.006457e+00	2.310057e-01	2.597700e-03	0.000000e+00
2.006457e+00	2.078715e+00	1.243293e-01	1.014600e-03	5.510000e-05
2.078715e+00	2.150973e+00	6.219728e-02	1.283440e-03	1.304620e-03
2.150973e+00	2.223231e+00	3.068709e-02	8.297000e-04	1.653710e-03
2.223232e+00	2.295490e+00	1.543145e-02	6.273800e-04	1.183620e-03
2.295490e+00	2.367748e+00	7.802807e-03	3.754070e-04	1.002949e-03
2.367748e+00	2.440006e+00	4.118094e-03	4.125810e-04	6.299400e-04
2.440006e+00	2.512264e+00	2.135369e-03	2.328400e-04	4.455440e-04
2.512265e+00	2.584523e+00	1.092012e-03	1.660382e-04	2.506930e-04
2.584523e+00	2.656781e+00	5.492645e-04	1.063830e-04	6.871000e-05
2.656781e+00	2.729039e+00	2.698930e-04	6.821970e-05	2.011110e-05
2.729039e+00	2.801297e+00	1.362866e-04	4.981909e-05	0.000000e+00
2.801298e+00	2.873556e+00	5.317857e-05	1.036680e-05	2.251290e-06
2.873556e+00	2.945814e+00	2.199166e-05	4.176510e-06	3.477490e-06
2.945814e+00	3.018072e+00	7.275186e-06	2.236606e-06	6.230310e-07
3.018073e+00	3.090331e+00	2.371747e-06	7.201830e-07	0.000000e+00
3.090331e+00	3.162589e+00	6.931353e-07	5.636508e-07	0.000000e+00
3.162589e+00	3.234847e+00	2.552618e-07	9.978360e-08	0.000000e+00
3.234847e+00	3.307105e+00	1.006443e-07	1.114889e-07	0.000000e+00
3.307106e+00	3.379364e+00	2.656952e-08	5.865260e-09	0.000000e+00
3.379364e+00	3.451622e+00	5.887426e-09	5.611909e-09	0.000000e+00
3.451622e+00	3.523880e+00	4.661931e-10	4.883388e-10	0.000000e+00
3.523880e+00	3.596138e+00	4.974590e-11	1.195025e-10	3.304207e-11
3.596139e+00	3.668397e+00	-1.973111e-12	0.000000e+00	2.558184e-12
3.668397e+00	3.740655e+00	-1.755760e-14	0.000000e+00	2.408863e-14
3.740655e+00	3.812913e+00	-6.457712e-22	0.000000e+00	3.248241e-20
# END HISTO1D


# BEGIN HISTO1D //homes/tinghua1/Merging-Project/Production/HJETS/ratio-plots/hjets-matched-errorband/H-2-3-4-25gev-combine.yoda/MC_H_KTSPLITTINGS/log10_R_2
ErrorBandColor=yellow
ErrorBandOpacity=0.3
ErrorBands=1
ErrorType=env
LineColor=yellow
LineStyle=solid
Path=//homes/tinghua1/Merging-Project/Production/HJETS/ratio-plots/hjets-matched-errorband/H-2-3-4-25gev-combine.yoda/MC_H_KTSPLITTINGS/log10_R_2
RatioPlotSameStyle=1
Title=h(2,3,4)
XLabel=~
YLabel=~
# xlow	 xhigh	 val	 errminus	 errplus
2.000000e-01	2.722582e-01	1.983416e-02	1.324457e-02	5.205785e-02
2.722583e-01	3.445165e-01	3.356384e-02	2.225424e-02	7.144836e-02
3.445166e-01	4.167748e-01	6.058822e-02	3.927390e-02	1.000654e-01
4.167748e-01	4.890330e-01	1.086752e-01	6.752311e-02	1.343906e-01
4.890331e-01	5.612913e-01	1.880757e-01	1.091642e-01	1.708371e-01
5.612914e-01	6.335496e-01	3.082687e-01	1.627383e-01	2.040421e-01
6.335496e-01	7.058078e-01	4.738214e-01	2.209554e-01	2.297363e-01
7.058079e-01	7.780661e-01	6.860795e-01	2.743305e-01	2.444765e-01
7.780662e-01	8.503244e-01	9.388282e-01	3.131388e-01	2.476428e-01
8.503244e-01	9.225826e-01	1.219487e+00	3.307639e-01	2.416410e-01
9.225827e-01	9.948409e-01	1.511910e+00	3.251020e-01	2.266080e-01
9.948409e-01	1.067099e+00	1.795861e+00	3.005390e-01	2.053690e-01
1.067099e+00	1.139357e+00	2.049066e+00	2.641630e-01	1.815300e-01
1.139358e+00	1.211616e+00	2.247841e+00	2.233320e-01	1.565180e-01
1.211616e+00	1.283874e+00	2.369452e+00	1.821880e-01	1.307070e-01
1.283874e+00	1.356132e+00	2.395309e+00	1.432570e-01	1.033760e-01
1.356132e+00	1.428390e+00	2.317644e+00	1.060170e-01	7.595100e-02
1.428391e+00	1.500649e+00	2.143939e+00	7.415600e-02	4.935300e-02
1.500649e+00	1.572907e+00	1.880996e+00	4.684300e-02	2.634000e-02
1.572907e+00	1.645165e+00	1.553305e+00	2.392900e-02	7.633000e-03
1.645165e+00	1.717423e+00	1.201416e+00	8.346000e-03	0.000000e+00
1.717424e+00	1.789682e+00	8.654936e-01	7.154300e-03	0.000000e+00
1.789682e+00	1.861940e+00	5.763554e-01	7.578100e-03	4.153700e-03
1.861940e+00	1.934198e+00	3.520664e-01	6.307700e-03	4.393400e-03
1.934199e+00	2.006457e+00	1.950339e-01	4.242400e-03	3.196600e-03
2.006457e+00	2.078715e+00	9.625146e-02	2.536800e-03	1.594710e-03
2.078715e+00	2.150973e+00	4.172134e-02	1.332050e-03	8.771300e-04
2.150973e+00	2.223231e+00	1.717415e-02	6.955700e-04	2.173000e-04
2.223232e+00	2.295490e+00	6.870630e-03	4.957460e-04	1.633700e-05
2.295490e+00	2.367748e+00	2.587681e-03	1.913180e-04	9.716200e-05
2.367748e+00	2.440006e+00	1.008428e-03	5.944380e-05	1.681970e-04
2.440006e+00	2.512264e+00	4.191793e-04	1.285900e-05	1.091913e-04
2.512265e+00	2.584523e+00	1.594859e-04	6.868000e-06	1.661590e-05
2.584523e+00	2.656781e+00	6.242048e-05	1.108280e-06	2.019021e-05
2.656781e+00	2.729039e+00	1.468555e-05	1.253790e-06	1.113840e-06
2.729039e+00	2.801297e+00	-1.726178e-06	0.000000e+00	4.950566e-06
2.801298e+00	2.873556e+00	2.150001e-06	8.173830e-07	2.085998e-06
2.873556e+00	2.945814e+00	6.090038e-07	0.000000e+00	1.865203e-06
2.945814e+00	3.018072e+00	-1.210383e-07	0.000000e+00	2.378344e-06
3.018073e+00	3.090331e+00	-5.882968e-07	0.000000e+00	7.394571e-07
3.090331e+00	3.162589e+00	-1.749849e-07	0.000000e+00	1.915039e-07
3.162589e+00	3.234847e+00	-1.642900e-10	2.080451e-08	6.986245e-09
3.234847e+00	3.307105e+00	8.116842e-08	1.215771e-07	0.000000e+00
3.307106e+00	3.379364e+00	-3.323569e-09	2.180216e-08	0.000000e+00
3.379364e+00	3.451622e+00	2.301861e-09	2.486316e-08	0.000000e+00
3.451622e+00	3.523880e+00	2.774343e-10	1.282392e-09	0.000000e+00
3.523880e+00	3.596138e+00	-4.181646e-11	0.000000e+00	1.256646e-10
3.596139e+00	3.668397e+00	5.854400e-12	5.642841e-12	0.000000e+00
3.668397e+00	3.740655e+00	-5.692262e-14	0.000000e+00	5.838833e-13
3.740655e+00	3.812913e+00	5.582214e-22	1.243204e-22	1.690750e-21
# END HISTO1D


# BEGIN HISTO1D //homes/tinghua1/Merging-Project/Production/HJETS/ratio-plots/hjets-matched-errorband/H-N2-3-25gev-combine.yoda/MC_H_KTSPLITTINGS/log10_R_2
ErrorBandColor=green
ErrorBandOpacity=0.3
ErrorBands=1
ErrorType=env
LineColor=green
LineStyle=solid
Path=//homes/tinghua1/Merging-Project/Production/HJETS/ratio-plots/hjets-matched-errorband/H-N2-3-25gev-combine.yoda/MC_H_KTSPLITTINGS/log10_R_2
RatioPlotSameStyle=1
Title=h(2*,3)
XLabel=~
YLabel=~
# xlow	 xhigh	 val	 errminus	 errplus
2.000000e-01	2.722582e-01	1.979081e-02	1.357960e-02	5.283120e-02
2.722583e-01	3.445165e-01	3.322626e-02	2.252396e-02	7.295734e-02
3.445166e-01	4.167748e-01	5.984570e-02	3.949520e-02	1.028686e-01
4.167748e-01	4.890330e-01	1.073784e-01	6.783581e-02	1.398593e-01
4.890331e-01	5.612913e-01	1.867147e-01	1.105311e-01	1.803240e-01
5.612914e-01	6.335496e-01	3.082717e-01	1.661867e-01	2.182911e-01
6.335496e-01	7.058078e-01	4.782772e-01	2.284424e-01	2.494924e-01
7.058079e-01	7.780661e-01	6.984364e-01	2.876018e-01	2.714745e-01
7.780662e-01	8.503244e-01	9.642261e-01	3.322841e-01	2.808399e-01
8.503244e-01	9.225826e-01	1.262229e+00	3.573635e-01	2.804920e-01
9.225827e-01	9.948409e-01	1.576980e+00	3.593570e-01	2.663460e-01
9.948409e-01	1.067099e+00	1.880229e+00	3.367000e-01	2.476890e-01
1.067099e+00	1.139357e+00	2.152448e+00	3.042030e-01	2.248640e-01
1.139358e+00	1.211616e+00	2.368060e+00	2.650310e-01	1.997810e-01
1.211616e+00	1.283874e+00	2.502051e+00	2.213730e-01	1.745710e-01
1.283874e+00	1.356132e+00	2.535042e+00	1.814450e-01	1.479730e-01
1.356132e+00	1.428390e+00	2.458788e+00	1.441760e-01	1.191370e-01
1.428391e+00	1.500649e+00	2.279360e+00	1.111960e-01	8.990400e-02
1.500649e+00	1.572907e+00	2.003010e+00	8.050100e-02	6.229600e-02
1.572907e+00	1.645165e+00	1.655705e+00	5.178200e-02	4.205400e-02
1.645165e+00	1.717423e+00	1.287301e+00	3.135200e-02	2.433000e-02
1.717424e+00	1.789682e+00	9.372404e-01	1.995640e-02	1.191870e-02
1.789682e+00	1.861940e+00	6.345633e-01	8.994300e-03	6.832800e-03
1.861940e+00	1.934198e+00	3.994617e-01	3.614700e-03	2.888500e-03
1.934199e+00	2.006457e+00	2.330807e-01	4.885000e-04	5.474000e-04
2.006457e+00	2.078715e+00	1.256452e-01	2.077000e-04	6.041000e-04
2.078715e+00	2.150973e+00	6.299465e-02	1.318160e-03	1.021620e-03
2.150973e+00	2.223231e+00	3.135336e-02	1.142450e-03	1.217330e-03
2.223232e+00	2.295490e+00	1.585615e-02	9.814100e-04	9.014100e-04
2.295490e+00	2.367748e+00	8.159440e-03	7.348250e-04	7.803350e-04
2.367748e+00	2.440006e+00	4.334567e-03	5.181150e-04	5.621060e-04
2.440006e+00	2.512264e+00	2.269522e-03	3.015980e-04	3.594080e-04
2.512265e+00	2.584523e+00	1.148970e-03	1.644231e-04	1.993510e-04
2.584523e+00	2.656781e+00	5.562566e-04	9.152250e-05	1.096270e-04
2.656781e+00	2.729039e+00	2.613448e-04	4.603970e-05	5.420710e-05
2.729039e+00	2.801297e+00	1.189729e-04	2.553863e-05	2.695670e-05
2.801298e+00	2.873556e+00	4.984055e-05	1.111568e-05	1.268057e-05
2.873556e+00	2.945814e+00	1.856441e-05	4.152910e-06	5.723090e-06
2.945814e+00	3.018072e+00	6.877920e-06	1.646203e-06	2.162186e-06
3.018073e+00	3.090331e+00	2.229336e-06	6.038430e-07	9.327360e-07
3.090331e+00	3.162589e+00	6.088046e-07	1.467275e-07	2.703050e-07
3.162589e+00	3.234847e+00	1.385098e-07	2.273640e-08	7.868820e-08
3.234847e+00	3.307105e+00	2.780784e-08	5.492910e-09	2.778605e-08
3.307106e+00	3.379364e+00	5.883511e-09	2.720920e-09	2.782144e-09
3.379364e+00	3.451622e+00	5.884038e-10	2.843182e-10	8.914200e-11
3.451622e+00	3.523880e+00	7.201075e-11	3.992332e-11	1.440170e-11
3.523880e+00	3.596138e+00	1.708253e-12	3.511100e-13	1.992232e-12
3.596139e+00	3.668397e+00	-3.394718e-15	0.000000e+00	9.918266e-14
3.668397e+00	3.740655e+00	1.657745e-16	0.000000e+00	1.600416e-16
3.740655e+00	3.812913e+00	7.946587e-22	5.128094e-21	7.320373e-22
# END HISTO1D


# BEGIN HISTO1D //homes/tinghua1/Merging-Project/Production/HJETS/ratio-plots/hjets-matched-errorband/H-2-3-25gev-combine.yoda/MC_H_KTSPLITTINGS/log10_R_2
ErrorBandColor=purple
ErrorBandOpacity=0.3
ErrorBands=1
ErrorType=env
LineColor=purple
LineStyle=solid
Path=//homes/tinghua1/Merging-Project/Production/HJETS/ratio-plots/hjets-matched-errorband/H-2-3-25gev-combine.yoda/MC_H_KTSPLITTINGS/log10_R_2
RatioPlotSameStyle=1
Title=h(2,3)
XLabel=~
YLabel=~
# xlow	 xhigh	 val	 errminus	 errplus
2.000000e-01	2.722582e-01	7.200634e-02	6.542340e-02	0.000000e+00
2.722583e-01	3.445165e-01	1.050969e-01	9.378153e-02	0.000000e+00
3.445166e-01	4.167748e-01	1.606536e-01	1.393567e-01	0.000000e+00
4.167748e-01	4.890330e-01	2.430514e-01	2.019245e-01	0.000000e+00
4.890331e-01	5.612913e-01	3.589605e-01	2.800794e-01	0.000000e+00
5.612914e-01	6.335496e-01	5.126433e-01	3.670269e-01	0.000000e+00
6.335496e-01	7.058078e-01	7.038156e-01	4.502606e-01	0.000000e+00
7.058079e-01	7.780661e-01	9.310323e-01	5.182187e-01	0.000000e+00
7.780662e-01	8.503244e-01	1.187152e+00	5.605647e-01	0.000000e+00
8.503244e-01	9.225826e-01	1.461600e+00	5.718364e-01	0.000000e+00
9.225827e-01	9.948409e-01	1.739097e+00	5.507660e-01	0.000000e+00
9.948409e-01	1.067099e+00	2.002111e+00	5.045990e-01	0.000000e+00
1.067099e+00	1.139357e+00	2.231422e+00	4.436930e-01	0.000000e+00
1.139358e+00	1.211616e+00	2.405694e+00	3.770750e-01	0.000000e+00
1.211616e+00	1.283874e+00	2.502302e+00	3.100690e-01	0.000000e+00
1.283874e+00	1.356132e+00	2.502754e+00	2.433770e-01	0.000000e+00
1.356132e+00	1.428390e+00	2.399144e+00	1.779250e-01	0.000000e+00
1.428391e+00	1.500649e+00	2.200639e+00	1.187550e-01	0.000000e+00
1.500649e+00	1.572907e+00	1.915514e+00	6.760400e-02	0.000000e+00
1.572907e+00	1.645165e+00	1.568848e+00	2.753800e-02	0.000000e+00
1.645165e+00	1.717423e+00	1.205061e+00	2.054000e-03	5.177000e-03
1.717424e+00	1.789682e+00	8.627911e-01	0.000000e+00	1.056530e-02
1.789682e+00	1.861940e+00	5.718502e-01	0.000000e+00	1.388400e-02
1.861940e+00	1.934198e+00	3.480456e-01	0.000000e+00	1.231140e-02
1.934199e+00	2.006457e+00	1.923127e-01	0.000000e+00	8.420200e-03
2.006457e+00	2.078715e+00	9.462775e-02	0.000000e+00	4.710290e-03
2.078715e+00	2.150973e+00	4.094498e-02	0.000000e+00	2.526340e-03
2.150973e+00	2.223231e+00	1.661656e-02	0.000000e+00	1.368020e-03
2.223232e+00	2.295490e+00	6.490683e-03	0.000000e+00	7.294950e-04
2.295490e+00	2.367748e+00	2.543838e-03	0.000000e+00	3.143420e-04
2.367748e+00	2.440006e+00	1.108566e-03	0.000000e+00	1.923880e-04
2.440006e+00	2.512264e+00	4.971884e-04	0.000000e+00	1.055844e-04
2.512265e+00	2.584523e+00	2.081478e-04	0.000000e+00	4.805970e-05
2.584523e+00	2.656781e+00	7.947190e-05	0.000000e+00	2.247160e-05
2.656781e+00	2.729039e+00	2.930603e-05	0.000000e+00	1.044358e-05
2.729039e+00	2.801297e+00	1.073210e-05	0.000000e+00	4.124030e-06
2.801298e+00	2.873556e+00	3.596363e-06	0.000000e+00	1.335117e-06
2.873556e+00	2.945814e+00	1.064927e-06	0.000000e+00	4.015970e-07
2.945814e+00	3.018072e+00	3.553761e-07	0.000000e+00	1.229946e-07
3.018073e+00	3.090331e+00	1.162720e-07	0.000000e+00	1.826950e-08
3.090331e+00	3.162589e+00	2.659199e-08	0.000000e+00	1.788941e-08
3.162589e+00	3.234847e+00	8.522864e-09	3.068571e-09	4.782670e-10
3.234847e+00	3.307105e+00	-2.364355e-11	0.000000e+00	1.922119e-09
3.307106e+00	3.379364e+00	3.125094e-10	7.529610e-11	1.672860e-10
3.379364e+00	3.451622e+00	5.135134e-11	0.000000e+00	4.490556e-11
3.451622e+00	3.523880e+00	3.019161e-12	1.082618e-12	4.830700e-12
3.523880e+00	3.596138e+00	-1.416056e-13	0.000000e+00	6.309899e-13
3.596139e+00	3.668397e+00	5.938056e-15	6.375807e-15	0.000000e+00
3.668397e+00	3.740655e+00	-9.257944e-17	0.000000e+00	1.863727e-16
3.740655e+00	3.812913e+00	1.134266e-22	0.000000e+00	3.850279e-22
# END HISTO1D


# BEGIN HISTO1D //homes/tinghua1/Merging-Project/Production/HJETS/ratio-plots/hjets-matched-errorband/H3Jets-NLOPS-combine.yoda/MC_H_KTSPLITTINGS/log10_R_2
ErrorBandColor=red
ErrorBandOpacity=0.3
ErrorBands=1
ErrorType=env
LineColor=red
LineStyle=solid
Path=//homes/tinghua1/Merging-Project/Production/HJETS/ratio-plots/hjets-matched-errorband/H3Jets-NLOPS-combine.yoda/MC_H_KTSPLITTINGS/log10_R_2
RatioPlotSameStyle=1
Title=h(3*) $\oplus$ PS
XLabel=~
YLabel=~
# xlow	 xhigh	 val	 errminus	 errplus
2.000000e-01	2.722582e-01	2.479761e-07	0.000000e+00	6.431306e-07
2.722583e-01	3.445165e-01	3.019043e-06	1.075466e-06	0.000000e+00
3.445166e-01	4.167748e-01	3.843879e-06	5.936033e-06	1.505755e-05
4.167748e-01	4.890330e-01	-3.062964e-05	0.000000e+00	6.054712e-05
4.890331e-01	5.612913e-01	-2.195157e-05	1.181518e-04	1.784456e-04
5.612914e-01	6.335496e-01	-9.930058e-05	3.767473e-04	3.401793e-04
6.335496e-01	7.058078e-01	-1.733631e-04	1.146186e-03	9.177581e-04
7.058079e-01	7.780661e-01	1.687255e-03	3.197049e-03	2.055097e-03
7.780662e-01	8.503244e-01	1.147966e-02	8.250160e-03	1.513760e-03
8.503244e-01	9.225826e-01	4.031394e-02	1.456580e-02	1.863310e-03
9.225827e-01	9.948409e-01	1.089908e-01	2.574216e-02	2.395000e-03
9.948409e-01	1.067099e+00	2.524551e-01	4.630410e-02	8.519500e-03
1.067099e+00	1.139357e+00	4.685379e-01	7.310320e-02	2.570560e-02
1.139358e+00	1.211616e+00	7.199202e-01	8.733140e-02	4.140970e-02
1.211616e+00	1.283874e+00	9.590127e-01	1.011220e-01	5.243830e-02
1.283874e+00	1.356132e+00	1.148006e+00	1.200880e-01	6.070200e-02
1.356132e+00	1.428390e+00	1.251273e+00	1.139670e-01	6.498500e-02
1.428391e+00	1.500649e+00	1.260998e+00	1.124070e-01	6.195000e-02
1.500649e+00	1.572907e+00	1.178431e+00	1.043790e-01	5.390200e-02
1.572907e+00	1.645165e+00	1.021931e+00	9.101720e-02	4.487500e-02
1.645165e+00	1.717423e+00	8.256493e-01	6.817370e-02	3.508920e-02
1.717424e+00	1.789682e+00	6.233143e-01	4.841060e-02	2.540730e-02
1.789682e+00	1.861940e+00	4.369511e-01	3.113630e-02	1.967630e-02
1.861940e+00	1.934198e+00	2.873416e-01	1.785690e-02	1.350930e-02
1.934199e+00	2.006457e+00	1.786385e-01	1.232920e-02	5.297300e-03
2.006457e+00	2.078715e+00	1.011058e-01	3.826660e-03	4.204400e-03
2.078715e+00	2.150973e+00	5.452735e-02	9.279500e-04	1.636850e-03
2.150973e+00	2.223231e+00	2.854492e-02	0.000000e+00	5.766700e-04
2.223232e+00	2.295490e+00	1.490566e-02	0.000000e+00	9.881500e-04
2.295490e+00	2.367748e+00	8.565423e-03	5.123390e-04	4.652770e-04
2.367748e+00	2.440006e+00	4.780855e-03	2.563540e-04	4.938970e-04
2.440006e+00	2.512264e+00	2.634382e-03	1.896000e-04	3.424230e-04
2.512265e+00	2.584523e+00	1.434501e-03	1.696410e-04	1.785480e-04
2.584523e+00	2.656781e+00	7.619718e-04	1.141596e-04	1.327528e-04
2.656781e+00	2.729039e+00	3.792551e-04	6.755790e-05	8.232920e-05
2.729039e+00	2.801297e+00	1.771689e-04	3.304950e-05	4.068460e-05
2.801298e+00	2.873556e+00	7.545704e-05	1.633696e-05	2.093824e-05
2.873556e+00	2.945814e+00	3.253973e-05	7.636710e-06	5.300540e-06
2.945814e+00	3.018072e+00	1.253894e-05	3.827963e-06	1.843850e-06
3.018073e+00	3.090331e+00	4.664975e-06	1.705990e-06	5.856300e-07
3.090331e+00	3.162589e+00	1.251261e-06	3.474217e-07	5.020440e-07
3.162589e+00	3.234847e+00	3.623227e-07	1.217823e-07	5.677660e-08
3.234847e+00	3.307105e+00	7.418470e-08	1.490143e-08	2.886240e-08
3.307106e+00	3.379364e+00	1.251127e-08	1.516830e-09	7.955710e-09
3.379364e+00	3.451622e+00	1.936234e-09	5.223710e-10	1.399996e-09
3.451622e+00	3.523880e+00	3.559959e-10	1.108497e-10	1.666708e-10
3.523880e+00	3.596138e+00	7.679934e-12	0.000000e+00	8.618576e-12
3.596139e+00	3.668397e+00	1.309206e-13	0.000000e+00	1.384707e-13
3.668397e+00	3.740655e+00	3.525102e-16	9.342660e-17	1.262366e-15
3.740655e+00	3.812913e+00	2.672663e-22	2.182504e-22	0.000000e+00
# END HISTO1D


# BEGIN HISTO1D //homes/tinghua1/Merging-Project/Production/HJETS/ratio-plots/hjets-matched-errorband/H2Jets-NLOPS-combine.yoda/MC_H_KTSPLITTINGS/log10_R_2
ErrorBandColor=violet
ErrorBandOpacity=0.3
ErrorBands=1
ErrorType=env
LineColor=violet
LineStyle=solid
Path=//homes/tinghua1/Merging-Project/Production/HJETS/ratio-plots/hjets-matched-errorband/H2Jets-NLOPS-combine.yoda/MC_H_KTSPLITTINGS/log10_R_2
RatioPlotSameStyle=1
Title=h(2*) $\oplus$ PS
XLabel=~
YLabel=~
# xlow	 xhigh	 val	 errminus	 errplus
2.000000e-01	2.722582e-01	1.726267e-02	1.198464e-02	4.948943e-02
2.722583e-01	3.445165e-01	2.972025e-02	2.049397e-02	6.871293e-02
3.445166e-01	4.167748e-01	5.459495e-02	3.674135e-02	9.778275e-02
4.167748e-01	4.890330e-01	9.938830e-02	6.414400e-02	1.335999e-01
4.890331e-01	5.612913e-01	1.741171e-01	1.052056e-01	1.732906e-01
5.612914e-01	6.335496e-01	2.889545e-01	1.594468e-01	2.088872e-01
6.335496e-01	7.058078e-01	4.508874e-01	2.210981e-01	2.395729e-01
7.058079e-01	7.780661e-01	6.630668e-01	2.799396e-01	2.618709e-01
7.780662e-01	8.503244e-01	9.244280e-01	3.277055e-01	2.692600e-01
8.503244e-01	9.225826e-01	1.226338e+00	3.500098e-01	2.661710e-01
9.225827e-01	9.948409e-01	1.556464e+00	3.567740e-01	2.563930e-01
9.948409e-01	1.067099e+00	1.888607e+00	3.338810e-01	2.393860e-01
1.067099e+00	1.139357e+00	2.190835e+00	2.997650e-01	2.122520e-01
1.139358e+00	1.211616e+00	2.427109e+00	2.457970e-01	1.872680e-01
1.211616e+00	1.283874e+00	2.579389e+00	2.045320e-01	1.608120e-01
1.283874e+00	1.356132e+00	2.622009e+00	1.661180e-01	1.335260e-01
1.356132e+00	1.428390e+00	2.539867e+00	1.371490e-01	1.081780e-01
1.428391e+00	1.500649e+00	2.332370e+00	1.085020e-01	8.607600e-02
1.500649e+00	1.572907e+00	2.021753e+00	8.387700e-02	6.360400e-02
1.572907e+00	1.645165e+00	1.647142e+00	6.048600e-02	4.545700e-02
1.645165e+00	1.717423e+00	1.263594e+00	4.081300e-02	2.962100e-02
1.717424e+00	1.789682e+00	9.091034e-01	2.571690e-02	1.801820e-02
1.789682e+00	1.861940e+00	6.109709e-01	1.471010e-02	9.770200e-03
1.861940e+00	1.934198e+00	3.828141e-01	7.437100e-03	4.197200e-03
1.934199e+00	2.006457e+00	2.229225e-01	2.870400e-03	1.204400e-03
2.006457e+00	2.078715e+00	1.201459e-01	5.653000e-04	0.000000e+00
2.078715e+00	2.150973e+00	5.998810e-02	7.384700e-04	4.340800e-04
2.150973e+00	2.223231e+00	2.930073e-02	7.936400e-04	7.025800e-04
2.223232e+00	2.295490e+00	1.420752e-02	5.816000e-04	6.310700e-04
2.295490e+00	2.367748e+00	6.973674e-03	4.153590e-04	4.929380e-04
2.367748e+00	2.440006e+00	3.525209e-03	2.777410e-04	3.374850e-04
2.440006e+00	2.512264e+00	1.761837e-03	1.674980e-04	2.084850e-04
2.512265e+00	2.584523e+00	8.366200e-04	9.066560e-05	1.139797e-04
2.584523e+00	2.656781e+00	3.802619e-04	4.524160e-05	5.749430e-05
2.656781e+00	2.729039e+00	1.636604e-04	2.034040e-05	2.901950e-05
2.729039e+00	2.801297e+00	6.699565e-05	8.698320e-06	1.295090e-05
2.801298e+00	2.873556e+00	2.581129e-05	3.646510e-06	5.189650e-06
2.873556e+00	2.945814e+00	9.296993e-06	1.497647e-06	1.875017e-06
2.945814e+00	3.018072e+00	3.119529e-06	5.874990e-07	5.146480e-07
3.018073e+00	3.090331e+00	9.161937e-07	1.654503e-07	1.869993e-07
3.090331e+00	3.162589e+00	2.385590e-07	4.403040e-08	3.441120e-08
3.162589e+00	3.234847e+00	5.478963e-08	1.284896e-08	9.610470e-09
3.234847e+00	3.307105e+00	9.568402e-09	2.252877e-09	2.061238e-09
3.307106e+00	3.379364e+00	1.315816e-09	3.123450e-10	4.792530e-10
3.379364e+00	3.451622e+00	1.450336e-10	4.058190e-11	2.713210e-11
3.451622e+00	3.523880e+00	9.751019e-12	0.000000e+00	2.533291e-12
3.523880e+00	3.596138e+00	2.691099e-13	0.000000e+00	5.910480e-14
3.596139e+00	3.668397e+00	5.503843e-15	0.000000e+00	1.790889e-15
3.668397e+00	3.740655e+00	1.408360e-17	0.000000e+00	1.736907e-17
3.740655e+00	3.812913e+00	1.114103e-24	0.000000e+00	7.091834e-23
# END HISTO1D

