# BEGIN PLOT
Scale=1000.0
DrawOnly=//homes/tinghua1/Merging-Project/Production/HJETS/ratio-plots/hjets-matched-errorband/H-N2-N3-4-25gev-combine.yoda/MC_H2JETS_04_TIGHT/trijet_mass //homes/tinghua1/Merging-Project/Production/HJETS/ratio-plots/hjets-matched-errorband/H-N2-3-4-25gev-combine.yoda/MC_H2JETS_04_TIGHT/trijet_mass //homes/tinghua1/Merging-Project/Production/HJETS/ratio-plots/hjets-matched-errorband/H-2-3-4-25gev-combine.yoda/MC_H2JETS_04_TIGHT/trijet_mass //homes/tinghua1/Merging-Project/Production/HJETS/ratio-plots/hjets-matched-errorband/H-N2-3-25gev-combine.yoda/MC_H2JETS_04_TIGHT/trijet_mass //homes/tinghua1/Merging-Project/Production/HJETS/ratio-plots/hjets-matched-errorband/H-2-3-25gev-combine.yoda/MC_H2JETS_04_TIGHT/trijet_mass //homes/tinghua1/Merging-Project/Production/HJETS/ratio-plots/hjets-matched-errorband/H3Jets-NLOPS-combine.yoda/MC_H2JETS_04_TIGHT/trijet_mass //homes/tinghua1/Merging-Project/Production/HJETS/ratio-plots/hjets-matched-errorband/H2Jets-NLOPS-combine.yoda/MC_H2JETS_04_TIGHT/trijet_mass
RightMargin=0.5
RatioPlotReference=//homes/tinghua1/Merging-Project/Production/HJETS/ratio-plots/hjets-matched-errorband/H-N2-N3-4-25gev-combine.yoda/MC_H2JETS_04_TIGHT/trijet_mass
#RatioPlot=1
LogY=1
RatioPlotYLabel=Ratio
#LegendOnly=//homes/tinghua1/Merging-Project/Production/HJETS/ratio-plots/hjets-matched-errorband/H-N2-N3-4-25gev-combine.yoda/MC_H2JETS_04_TIGHT/trijet_mass //homes/tinghua1/Merging-Project/Production/HJETS/ratio-plots/hjets-matched-errorband/H-N2-3-4-25gev-combine.yoda/MC_H2JETS_04_TIGHT/trijet_mass //homes/tinghua1/Merging-Project/Production/HJETS/ratio-plots/hjets-matched-errorband/H-2-3-4-25gev-combine.yoda/MC_H2JETS_04_TIGHT/trijet_mass //homes/tinghua1/Merging-Project/Production/HJETS/ratio-plots/hjets-matched-errorband/H-N2-3-25gev-combine.yoda/MC_H2JETS_04_TIGHT/trijet_mass //homes/tinghua1/Merging-Project/Production/HJETS/ratio-plots/hjets-matched-errorband/H-2-3-25gev-combine.yoda/MC_H2JETS_04_TIGHT/trijet_mass //homes/tinghua1/Merging-Project/Production/HJETS/ratio-plots/hjets-matched-errorband/H3Jets-NLOPS-combine.yoda/MC_H2JETS_04_TIGHT/trijet_mass //homes/tinghua1/Merging-Project/Production/HJETS/ratio-plots/hjets-matched-errorband/H2Jets-NLOPS-combine.yoda/MC_H2JETS_04_TIGHT/trijet_mass
XLabel=$m_{j_1j_2j_3}$ (GeV)
LegendAlign=r
YLabel=$ \text{d} \sigma/ \text{d}  m_{j_1j_2j_3}$ (fb/GeV)
Legend=0
RatioPlot=6
MainPlotSelection={"Selection":[1,2,3,4,5,6,7]}
RatioPlots={"RatioPlotYLabel":"","Selection":[1,2]};{"RatioPlotYLabel":"","Selection":[1,3]};{"RatioPlotYLabel":"","Selection":[1,4]};{"RatioPlotYLabel":"","Selection":[1,5]};{"RatioPlotYLabel":"","Selection":[1,6]};{"RatioPlotYLabel":"","Selection":[1,7]}
RatioPlotSameStyle=1
# END PLOT


# BEGIN SPECIAL /MC_H2JETS_04_TIGHT/trijet_mass
\rput[tl](0.05,0.75){\parbox{5cm}{\textcolor{gray}{{\bf Herwig 7.2.0} \\ HJETS/ColorFull}}}
# END SPECIAL

# BEGIN HISTO1D //homes/tinghua1/Merging-Project/Production/HJETS/ratio-plots/hjets-matched-errorband/H-N2-N3-4-25gev-combine.yoda/MC_H2JETS_04_TIGHT/trijet_mass
ErrorBandColor=orange
ErrorBandOpacity=0.3
ErrorBands=1
ErrorType=env
LineColor=orange
LineStyle=solid
Path=//homes/tinghua1/Merging-Project/Production/HJETS/ratio-plots/hjets-matched-errorband/H-N2-N3-4-25gev-combine.yoda/MC_H2JETS_04_TIGHT/trijet_mass
RatioPlotSameStyle=1
Title=h(2*,3*,4)
# xlow	 xhigh	 val	 errminus	 errplus
0.000000e+00	2.000000e+01	0.000000e+00	0.000000e+00	0.000000e+00
2.000000e+01	4.000000e+01	0.000000e+00	0.000000e+00	0.000000e+00
4.000000e+01	6.000000e+01	0.000000e+00	0.000000e+00	0.000000e+00
6.000000e+01	8.000000e+01	0.000000e+00	0.000000e+00	0.000000e+00
8.000000e+01	1.000000e+02	0.000000e+00	0.000000e+00	0.000000e+00
1.000000e+02	1.200000e+02	0.000000e+00	0.000000e+00	0.000000e+00
1.200000e+02	1.400000e+02	0.000000e+00	0.000000e+00	0.000000e+00
1.400000e+02	1.600000e+02	0.000000e+00	0.000000e+00	0.000000e+00
1.600000e+02	1.800000e+02	0.000000e+00	0.000000e+00	0.000000e+00
1.800000e+02	2.000000e+02	0.000000e+00	0.000000e+00	0.000000e+00
2.000000e+02	2.200000e+02	0.000000e+00	0.000000e+00	0.000000e+00
2.200000e+02	2.400000e+02	0.000000e+00	0.000000e+00	0.000000e+00
2.400000e+02	2.600000e+02	0.000000e+00	0.000000e+00	0.000000e+00
2.600000e+02	2.800000e+02	0.000000e+00	0.000000e+00	0.000000e+00
2.800000e+02	3.000000e+02	0.000000e+00	0.000000e+00	0.000000e+00
3.000000e+02	3.200000e+02	0.000000e+00	0.000000e+00	0.000000e+00
3.200000e+02	3.400000e+02	0.000000e+00	0.000000e+00	0.000000e+00
3.400000e+02	3.600000e+02	0.000000e+00	0.000000e+00	0.000000e+00
3.600000e+02	3.800000e+02	0.000000e+00	0.000000e+00	0.000000e+00
3.800000e+02	4.000000e+02	0.000000e+00	0.000000e+00	0.000000e+00
4.000000e+02	4.200000e+02	0.000000e+00	0.000000e+00	0.000000e+00
4.200000e+02	4.400000e+02	0.000000e+00	0.000000e+00	0.000000e+00
4.400000e+02	4.600000e+02	0.000000e+00	0.000000e+00	0.000000e+00
4.600000e+02	4.800000e+02	0.000000e+00	0.000000e+00	0.000000e+00
4.800000e+02	5.000000e+02	0.000000e+00	0.000000e+00	0.000000e+00
5.000000e+02	5.200000e+02	0.000000e+00	0.000000e+00	0.000000e+00
5.200000e+02	5.400000e+02	0.000000e+00	0.000000e+00	0.000000e+00
5.400000e+02	5.600000e+02	0.000000e+00	0.000000e+00	0.000000e+00
5.600000e+02	5.800000e+02	0.000000e+00	0.000000e+00	0.000000e+00
5.800000e+02	6.000000e+02	0.000000e+00	0.000000e+00	0.000000e+00
6.000000e+02	6.200000e+02	0.000000e+00	0.000000e+00	0.000000e+00
6.200000e+02	6.400000e+02	1.696713e-06	1.383765e-07	1.566000e-08
6.400000e+02	6.600000e+02	7.814115e-06	0.000000e+00	2.987110e-06
6.600000e+02	6.800000e+02	1.540644e-05	2.305100e-07	1.717705e-06
6.800000e+02	7.000000e+02	2.148722e-05	0.000000e+00	1.075805e-05
7.000000e+02	7.200000e+02	2.902739e-05	0.000000e+00	1.764200e-06
7.200000e+02	7.400000e+02	3.730497e-05	1.765010e-06	3.388765e-06
7.400000e+02	7.600000e+02	6.641645e-05	2.324950e-05	0.000000e+00
7.600000e+02	7.800000e+02	5.131310e-05	2.503035e-06	1.428700e-06
7.800000e+02	8.000000e+02	5.520975e-05	1.858150e-06	6.733550e-06
8.000000e+02	8.200000e+02	6.957625e-05	4.268750e-06	0.000000e+00
8.200000e+02	8.400000e+02	6.651765e-05	8.028750e-06	1.306495e-05
8.400000e+02	8.600000e+02	6.904030e-05	1.245650e-06	2.064450e-06
8.600000e+02	8.800000e+02	7.499840e-05	7.934050e-06	6.107450e-06
8.800000e+02	9.000000e+02	7.476675e-05	0.000000e+00	8.099750e-06
9.000000e+02	9.200000e+02	7.697645e-05	9.523000e-07	7.214000e-06
9.200000e+02	9.400000e+02	8.579425e-05	5.236050e-06	3.555400e-06
9.400000e+02	9.600000e+02	8.605805e-05	1.025450e-06	4.143650e-06
9.600000e+02	9.800000e+02	8.815410e-05	7.699450e-06	0.000000e+00
9.800000e+02	1.000000e+03	8.738395e-05	1.917250e-06	5.540100e-06
# END HISTO1D


# BEGIN HISTO1D //homes/tinghua1/Merging-Project/Production/HJETS/ratio-plots/hjets-matched-errorband/H-N2-3-4-25gev-combine.yoda/MC_H2JETS_04_TIGHT/trijet_mass
ErrorBandColor=blue
ErrorBandOpacity=0.3
ErrorBands=1
ErrorType=env
LineColor=blue
LineStyle=solid
Path=//homes/tinghua1/Merging-Project/Production/HJETS/ratio-plots/hjets-matched-errorband/H-N2-3-4-25gev-combine.yoda/MC_H2JETS_04_TIGHT/trijet_mass
RatioPlotSameStyle=1
Title=h(2*,3,4)
# xlow	 xhigh	 val	 errminus	 errplus
0.000000e+00	2.000000e+01	0.000000e+00	0.000000e+00	0.000000e+00
2.000000e+01	4.000000e+01	0.000000e+00	0.000000e+00	0.000000e+00
4.000000e+01	6.000000e+01	0.000000e+00	0.000000e+00	0.000000e+00
6.000000e+01	8.000000e+01	0.000000e+00	0.000000e+00	0.000000e+00
8.000000e+01	1.000000e+02	0.000000e+00	0.000000e+00	0.000000e+00
1.000000e+02	1.200000e+02	0.000000e+00	0.000000e+00	0.000000e+00
1.200000e+02	1.400000e+02	0.000000e+00	0.000000e+00	0.000000e+00
1.400000e+02	1.600000e+02	0.000000e+00	0.000000e+00	0.000000e+00
1.600000e+02	1.800000e+02	0.000000e+00	0.000000e+00	0.000000e+00
1.800000e+02	2.000000e+02	0.000000e+00	0.000000e+00	0.000000e+00
2.000000e+02	2.200000e+02	0.000000e+00	0.000000e+00	0.000000e+00
2.200000e+02	2.400000e+02	0.000000e+00	0.000000e+00	0.000000e+00
2.400000e+02	2.600000e+02	0.000000e+00	0.000000e+00	0.000000e+00
2.600000e+02	2.800000e+02	0.000000e+00	0.000000e+00	0.000000e+00
2.800000e+02	3.000000e+02	0.000000e+00	0.000000e+00	0.000000e+00
3.000000e+02	3.200000e+02	0.000000e+00	0.000000e+00	0.000000e+00
3.200000e+02	3.400000e+02	0.000000e+00	0.000000e+00	0.000000e+00
3.400000e+02	3.600000e+02	0.000000e+00	0.000000e+00	0.000000e+00
3.600000e+02	3.800000e+02	0.000000e+00	0.000000e+00	0.000000e+00
3.800000e+02	4.000000e+02	0.000000e+00	0.000000e+00	0.000000e+00
4.000000e+02	4.200000e+02	0.000000e+00	0.000000e+00	0.000000e+00
4.200000e+02	4.400000e+02	0.000000e+00	0.000000e+00	0.000000e+00
4.400000e+02	4.600000e+02	0.000000e+00	0.000000e+00	0.000000e+00
4.600000e+02	4.800000e+02	0.000000e+00	0.000000e+00	0.000000e+00
4.800000e+02	5.000000e+02	0.000000e+00	0.000000e+00	0.000000e+00
5.000000e+02	5.200000e+02	0.000000e+00	0.000000e+00	0.000000e+00
5.200000e+02	5.400000e+02	0.000000e+00	0.000000e+00	0.000000e+00
5.400000e+02	5.600000e+02	0.000000e+00	0.000000e+00	0.000000e+00
5.600000e+02	5.800000e+02	0.000000e+00	0.000000e+00	0.000000e+00
5.800000e+02	6.000000e+02	0.000000e+00	0.000000e+00	0.000000e+00
6.000000e+02	6.200000e+02	0.000000e+00	0.000000e+00	0.000000e+00
6.200000e+02	6.400000e+02	1.044581e-06	0.000000e+00	1.033842e-06
6.400000e+02	6.600000e+02	8.026415e-06	6.638750e-07	1.256765e-06
6.600000e+02	6.800000e+02	1.622491e-05	2.263770e-06	0.000000e+00
6.800000e+02	7.000000e+02	2.192817e-05	1.421230e-06	3.145645e-06
7.000000e+02	7.200000e+02	2.992469e-05	3.146590e-06	2.225755e-06
7.200000e+02	7.400000e+02	3.668742e-05	2.680060e-06	4.246630e-06
7.400000e+02	7.600000e+02	4.302387e-05	1.999955e-06	5.390560e-06
7.600000e+02	7.800000e+02	4.875375e-05	7.081150e-07	4.028855e-06
7.800000e+02	8.000000e+02	5.774370e-05	6.734050e-06	2.864150e-06
8.000000e+02	8.200000e+02	6.043235e-05	3.666200e-06	6.620950e-06
8.200000e+02	8.400000e+02	6.474690e-05	3.448200e-06	4.414050e-06
8.400000e+02	8.600000e+02	6.913855e-05	4.217000e-06	6.113600e-06
8.600000e+02	8.800000e+02	7.478175e-05	6.943050e-06	5.927750e-06
8.800000e+02	9.000000e+02	7.550215e-05	4.027150e-06	6.199600e-06
9.000000e+02	9.200000e+02	7.865355e-05	5.088250e-06	7.464650e-06
9.200000e+02	9.400000e+02	8.195375e-05	6.061200e-06	7.779850e-06
9.400000e+02	9.600000e+02	8.446115e-05	7.188100e-06	6.875300e-06
9.600000e+02	9.800000e+02	8.489855e-05	4.196050e-06	6.477050e-06
9.800000e+02	1.000000e+03	8.482455e-05	4.236400e-06	8.969050e-06
# END HISTO1D


# BEGIN HISTO1D //homes/tinghua1/Merging-Project/Production/HJETS/ratio-plots/hjets-matched-errorband/H-2-3-4-25gev-combine.yoda/MC_H2JETS_04_TIGHT/trijet_mass
ErrorBandColor=yellow
ErrorBandOpacity=0.3
ErrorBands=1
ErrorType=env
LineColor=yellow
LineStyle=solid
Path=//homes/tinghua1/Merging-Project/Production/HJETS/ratio-plots/hjets-matched-errorband/H-2-3-4-25gev-combine.yoda/MC_H2JETS_04_TIGHT/trijet_mass
RatioPlotSameStyle=1
Title=h(2,3,4)
# xlow	 xhigh	 val	 errminus	 errplus
0.000000e+00	2.000000e+01	0.000000e+00	0.000000e+00	0.000000e+00
2.000000e+01	4.000000e+01	0.000000e+00	0.000000e+00	0.000000e+00
4.000000e+01	6.000000e+01	0.000000e+00	0.000000e+00	0.000000e+00
6.000000e+01	8.000000e+01	0.000000e+00	0.000000e+00	0.000000e+00
8.000000e+01	1.000000e+02	0.000000e+00	0.000000e+00	0.000000e+00
1.000000e+02	1.200000e+02	0.000000e+00	0.000000e+00	0.000000e+00
1.200000e+02	1.400000e+02	0.000000e+00	0.000000e+00	0.000000e+00
1.400000e+02	1.600000e+02	0.000000e+00	0.000000e+00	0.000000e+00
1.600000e+02	1.800000e+02	0.000000e+00	0.000000e+00	0.000000e+00
1.800000e+02	2.000000e+02	0.000000e+00	0.000000e+00	0.000000e+00
2.000000e+02	2.200000e+02	0.000000e+00	0.000000e+00	0.000000e+00
2.200000e+02	2.400000e+02	0.000000e+00	0.000000e+00	0.000000e+00
2.400000e+02	2.600000e+02	0.000000e+00	0.000000e+00	0.000000e+00
2.600000e+02	2.800000e+02	0.000000e+00	0.000000e+00	0.000000e+00
2.800000e+02	3.000000e+02	0.000000e+00	0.000000e+00	0.000000e+00
3.000000e+02	3.200000e+02	0.000000e+00	0.000000e+00	0.000000e+00
3.200000e+02	3.400000e+02	0.000000e+00	0.000000e+00	0.000000e+00
3.400000e+02	3.600000e+02	0.000000e+00	0.000000e+00	0.000000e+00
3.600000e+02	3.800000e+02	0.000000e+00	0.000000e+00	0.000000e+00
3.800000e+02	4.000000e+02	0.000000e+00	0.000000e+00	0.000000e+00
4.000000e+02	4.200000e+02	0.000000e+00	0.000000e+00	0.000000e+00
4.200000e+02	4.400000e+02	0.000000e+00	0.000000e+00	0.000000e+00
4.400000e+02	4.600000e+02	0.000000e+00	0.000000e+00	0.000000e+00
4.600000e+02	4.800000e+02	0.000000e+00	0.000000e+00	0.000000e+00
4.800000e+02	5.000000e+02	0.000000e+00	0.000000e+00	0.000000e+00
5.000000e+02	5.200000e+02	0.000000e+00	0.000000e+00	0.000000e+00
5.200000e+02	5.400000e+02	0.000000e+00	0.000000e+00	0.000000e+00
5.400000e+02	5.600000e+02	0.000000e+00	0.000000e+00	0.000000e+00
5.600000e+02	5.800000e+02	0.000000e+00	0.000000e+00	0.000000e+00
5.800000e+02	6.000000e+02	0.000000e+00	0.000000e+00	0.000000e+00
6.000000e+02	6.200000e+02	0.000000e+00	0.000000e+00	0.000000e+00
6.200000e+02	6.400000e+02	1.667863e-06	3.026520e-07	0.000000e+00
6.400000e+02	6.600000e+02	8.125005e-06	5.936550e-07	8.549650e-07
6.600000e+02	6.800000e+02	1.540444e-05	1.438380e-06	1.411895e-06
6.800000e+02	7.000000e+02	2.296495e-05	1.576100e-06	1.929170e-06
7.000000e+02	7.200000e+02	3.127688e-05	3.040935e-06	1.124395e-06
7.200000e+02	7.400000e+02	3.805522e-05	2.772620e-06	3.506150e-06
7.400000e+02	7.600000e+02	4.497326e-05	2.946905e-06	4.726280e-06
7.600000e+02	7.800000e+02	5.241705e-05	4.672025e-06	6.537900e-06
7.800000e+02	8.000000e+02	5.843300e-05	5.564700e-06	5.984350e-06
8.000000e+02	8.200000e+02	6.356560e-05	5.255000e-06	6.170600e-06
8.200000e+02	8.400000e+02	6.801910e-05	7.175150e-06	1.031530e-05
8.400000e+02	8.600000e+02	7.138895e-05	5.634250e-06	8.422450e-06
8.600000e+02	8.800000e+02	7.528785e-05	6.301350e-06	9.252450e-06
8.800000e+02	9.000000e+02	7.888480e-05	7.791800e-06	8.622450e-06
9.000000e+02	9.200000e+02	8.124590e-05	9.679900e-06	1.125835e-05
9.200000e+02	9.400000e+02	8.411605e-05	8.143600e-06	1.011425e-05
9.400000e+02	9.600000e+02	8.582910e-05	6.856350e-06	1.110145e-05
9.600000e+02	9.800000e+02	8.841235e-05	8.094250e-06	1.040740e-05
9.800000e+02	1.000000e+03	9.016600e-05	9.501600e-06	9.556350e-06
# END HISTO1D


# BEGIN HISTO1D //homes/tinghua1/Merging-Project/Production/HJETS/ratio-plots/hjets-matched-errorband/H-N2-3-25gev-combine.yoda/MC_H2JETS_04_TIGHT/trijet_mass
ErrorBandColor=green
ErrorBandOpacity=0.3
ErrorBands=1
ErrorType=env
LineColor=green
LineStyle=solid
Path=//homes/tinghua1/Merging-Project/Production/HJETS/ratio-plots/hjets-matched-errorband/H-N2-3-25gev-combine.yoda/MC_H2JETS_04_TIGHT/trijet_mass
RatioPlotSameStyle=1
Title=h(2*,3)
# xlow	 xhigh	 val	 errminus	 errplus
0.000000e+00	2.000000e+01	0.000000e+00	0.000000e+00	0.000000e+00
2.000000e+01	4.000000e+01	0.000000e+00	0.000000e+00	0.000000e+00
4.000000e+01	6.000000e+01	0.000000e+00	0.000000e+00	0.000000e+00
6.000000e+01	8.000000e+01	0.000000e+00	0.000000e+00	0.000000e+00
8.000000e+01	1.000000e+02	0.000000e+00	0.000000e+00	0.000000e+00
1.000000e+02	1.200000e+02	0.000000e+00	0.000000e+00	0.000000e+00
1.200000e+02	1.400000e+02	0.000000e+00	0.000000e+00	0.000000e+00
1.400000e+02	1.600000e+02	0.000000e+00	0.000000e+00	0.000000e+00
1.600000e+02	1.800000e+02	0.000000e+00	0.000000e+00	0.000000e+00
1.800000e+02	2.000000e+02	0.000000e+00	0.000000e+00	0.000000e+00
2.000000e+02	2.200000e+02	0.000000e+00	0.000000e+00	0.000000e+00
2.200000e+02	2.400000e+02	0.000000e+00	0.000000e+00	0.000000e+00
2.400000e+02	2.600000e+02	0.000000e+00	0.000000e+00	0.000000e+00
2.600000e+02	2.800000e+02	0.000000e+00	0.000000e+00	0.000000e+00
2.800000e+02	3.000000e+02	0.000000e+00	0.000000e+00	0.000000e+00
3.000000e+02	3.200000e+02	0.000000e+00	0.000000e+00	0.000000e+00
3.200000e+02	3.400000e+02	0.000000e+00	0.000000e+00	0.000000e+00
3.400000e+02	3.600000e+02	0.000000e+00	0.000000e+00	0.000000e+00
3.600000e+02	3.800000e+02	0.000000e+00	0.000000e+00	0.000000e+00
3.800000e+02	4.000000e+02	0.000000e+00	0.000000e+00	0.000000e+00
4.000000e+02	4.200000e+02	0.000000e+00	0.000000e+00	0.000000e+00
4.200000e+02	4.400000e+02	0.000000e+00	0.000000e+00	0.000000e+00
4.400000e+02	4.600000e+02	0.000000e+00	0.000000e+00	0.000000e+00
4.600000e+02	4.800000e+02	0.000000e+00	0.000000e+00	0.000000e+00
4.800000e+02	5.000000e+02	0.000000e+00	0.000000e+00	0.000000e+00
5.000000e+02	5.200000e+02	0.000000e+00	0.000000e+00	0.000000e+00
5.200000e+02	5.400000e+02	0.000000e+00	0.000000e+00	0.000000e+00
5.400000e+02	5.600000e+02	0.000000e+00	0.000000e+00	0.000000e+00
5.600000e+02	5.800000e+02	0.000000e+00	0.000000e+00	0.000000e+00
5.800000e+02	6.000000e+02	0.000000e+00	0.000000e+00	0.000000e+00
6.000000e+02	6.200000e+02	0.000000e+00	0.000000e+00	0.000000e+00
6.200000e+02	6.400000e+02	1.445069e-06	5.367810e-07	4.504685e-07
6.400000e+02	6.600000e+02	7.935720e-06	9.713600e-07	1.556680e-06
6.600000e+02	6.800000e+02	1.497121e-05	1.742500e-06	1.643585e-06
6.800000e+02	7.000000e+02	2.198376e-05	1.845095e-06	2.255150e-06
7.000000e+02	7.200000e+02	2.859562e-05	1.070560e-06	2.418680e-06
7.200000e+02	7.400000e+02	3.692933e-05	4.110305e-06	1.926400e-06
7.400000e+02	7.600000e+02	4.384950e-05	3.492975e-06	2.519475e-06
7.600000e+02	7.800000e+02	5.014520e-05	0.000000e+00	3.514150e-06
7.800000e+02	8.000000e+02	5.502935e-05	4.358150e-06	3.973400e-06
8.000000e+02	8.200000e+02	5.984590e-05	3.233150e-06	6.157300e-06
8.200000e+02	8.400000e+02	6.526440e-05	3.944900e-06	5.469350e-06
8.400000e+02	8.600000e+02	6.818855e-05	4.826100e-06	5.974050e-06
8.600000e+02	8.800000e+02	7.083510e-05	3.576100e-06	7.687150e-06
8.800000e+02	9.000000e+02	7.647310e-05	5.078050e-06	6.475750e-06
9.000000e+02	9.200000e+02	7.867480e-05	5.289700e-06	7.632550e-06
9.200000e+02	9.400000e+02	8.099310e-05	6.026000e-06	6.339100e-06
9.400000e+02	9.600000e+02	8.357165e-05	6.378000e-06	5.690250e-06
9.600000e+02	9.800000e+02	8.540060e-05	7.616500e-06	4.837200e-06
9.800000e+02	1.000000e+03	8.712875e-05	7.345500e-06	2.698100e-06
# END HISTO1D


# BEGIN HISTO1D //homes/tinghua1/Merging-Project/Production/HJETS/ratio-plots/hjets-matched-errorband/H-2-3-25gev-combine.yoda/MC_H2JETS_04_TIGHT/trijet_mass
ErrorBandColor=purple
ErrorBandOpacity=0.3
ErrorBands=1
ErrorType=env
LineColor=purple
LineStyle=solid
Path=//homes/tinghua1/Merging-Project/Production/HJETS/ratio-plots/hjets-matched-errorband/H-2-3-25gev-combine.yoda/MC_H2JETS_04_TIGHT/trijet_mass
RatioPlotSameStyle=1
Title=h(2,3)
# xlow	 xhigh	 val	 errminus	 errplus
0.000000e+00	2.000000e+01	0.000000e+00	0.000000e+00	0.000000e+00
2.000000e+01	4.000000e+01	0.000000e+00	0.000000e+00	0.000000e+00
4.000000e+01	6.000000e+01	0.000000e+00	0.000000e+00	0.000000e+00
6.000000e+01	8.000000e+01	0.000000e+00	0.000000e+00	0.000000e+00
8.000000e+01	1.000000e+02	0.000000e+00	0.000000e+00	0.000000e+00
1.000000e+02	1.200000e+02	0.000000e+00	0.000000e+00	0.000000e+00
1.200000e+02	1.400000e+02	0.000000e+00	0.000000e+00	0.000000e+00
1.400000e+02	1.600000e+02	0.000000e+00	0.000000e+00	0.000000e+00
1.600000e+02	1.800000e+02	0.000000e+00	0.000000e+00	0.000000e+00
1.800000e+02	2.000000e+02	0.000000e+00	0.000000e+00	0.000000e+00
2.000000e+02	2.200000e+02	0.000000e+00	0.000000e+00	0.000000e+00
2.200000e+02	2.400000e+02	0.000000e+00	0.000000e+00	0.000000e+00
2.400000e+02	2.600000e+02	0.000000e+00	0.000000e+00	0.000000e+00
2.600000e+02	2.800000e+02	0.000000e+00	0.000000e+00	0.000000e+00
2.800000e+02	3.000000e+02	0.000000e+00	0.000000e+00	0.000000e+00
3.000000e+02	3.200000e+02	0.000000e+00	0.000000e+00	0.000000e+00
3.200000e+02	3.400000e+02	0.000000e+00	0.000000e+00	0.000000e+00
3.400000e+02	3.600000e+02	0.000000e+00	0.000000e+00	0.000000e+00
3.600000e+02	3.800000e+02	0.000000e+00	0.000000e+00	0.000000e+00
3.800000e+02	4.000000e+02	0.000000e+00	0.000000e+00	0.000000e+00
4.000000e+02	4.200000e+02	0.000000e+00	0.000000e+00	0.000000e+00
4.200000e+02	4.400000e+02	0.000000e+00	0.000000e+00	0.000000e+00
4.400000e+02	4.600000e+02	0.000000e+00	0.000000e+00	0.000000e+00
4.600000e+02	4.800000e+02	0.000000e+00	0.000000e+00	0.000000e+00
4.800000e+02	5.000000e+02	0.000000e+00	0.000000e+00	0.000000e+00
5.000000e+02	5.200000e+02	0.000000e+00	0.000000e+00	0.000000e+00
5.200000e+02	5.400000e+02	0.000000e+00	0.000000e+00	0.000000e+00
5.400000e+02	5.600000e+02	0.000000e+00	0.000000e+00	0.000000e+00
5.600000e+02	5.800000e+02	0.000000e+00	0.000000e+00	0.000000e+00
5.800000e+02	6.000000e+02	0.000000e+00	0.000000e+00	0.000000e+00
6.000000e+02	6.200000e+02	0.000000e+00	0.000000e+00	0.000000e+00
6.200000e+02	6.400000e+02	1.303496e-06	0.000000e+00	2.337795e-07
6.400000e+02	6.600000e+02	7.487825e-06	0.000000e+00	1.516495e-06
6.600000e+02	6.800000e+02	1.355221e-05	0.000000e+00	2.547540e-06
6.800000e+02	7.000000e+02	2.068402e-05	0.000000e+00	3.940000e-06
7.000000e+02	7.200000e+02	2.788172e-05	0.000000e+00	4.700600e-06
7.200000e+02	7.400000e+02	3.382669e-05	0.000000e+00	8.190485e-06
7.400000e+02	7.600000e+02	4.034006e-05	0.000000e+00	9.283220e-06
7.600000e+02	7.800000e+02	4.687915e-05	0.000000e+00	9.745000e-06
7.800000e+02	8.000000e+02	5.230410e-05	0.000000e+00	1.072510e-05
8.000000e+02	8.200000e+02	5.633800e-05	0.000000e+00	1.232750e-05
8.200000e+02	8.400000e+02	6.080885e-05	0.000000e+00	1.359735e-05
8.400000e+02	8.600000e+02	6.424290e-05	0.000000e+00	1.451215e-05
8.600000e+02	8.800000e+02	6.756400e-05	0.000000e+00	1.654860e-05
8.800000e+02	9.000000e+02	7.088875e-05	0.000000e+00	1.658445e-05
9.000000e+02	9.200000e+02	7.317375e-05	0.000000e+00	1.766925e-05
9.200000e+02	9.400000e+02	7.594365e-05	0.000000e+00	1.797740e-05
9.400000e+02	9.600000e+02	7.790035e-05	0.000000e+00	1.845795e-05
9.600000e+02	9.800000e+02	7.916760e-05	0.000000e+00	1.771435e-05
9.800000e+02	1.000000e+03	8.040910e-05	0.000000e+00	1.972625e-05
# END HISTO1D


# BEGIN HISTO1D //homes/tinghua1/Merging-Project/Production/HJETS/ratio-plots/hjets-matched-errorband/H3Jets-NLOPS-combine.yoda/MC_H2JETS_04_TIGHT/trijet_mass
ErrorBandColor=red
ErrorBandOpacity=0.3
ErrorBands=1
ErrorType=env
LineColor=red
LineStyle=solid
Path=//homes/tinghua1/Merging-Project/Production/HJETS/ratio-plots/hjets-matched-errorband/H3Jets-NLOPS-combine.yoda/MC_H2JETS_04_TIGHT/trijet_mass
RatioPlotSameStyle=1
Title=h(3*) $\oplus$ PS
# xlow	 xhigh	 val	 errminus	 errplus
0.000000e+00	2.000000e+01	0.000000e+00	0.000000e+00	0.000000e+00
2.000000e+01	4.000000e+01	0.000000e+00	0.000000e+00	0.000000e+00
4.000000e+01	6.000000e+01	0.000000e+00	0.000000e+00	0.000000e+00
6.000000e+01	8.000000e+01	0.000000e+00	0.000000e+00	0.000000e+00
8.000000e+01	1.000000e+02	0.000000e+00	0.000000e+00	0.000000e+00
1.000000e+02	1.200000e+02	0.000000e+00	0.000000e+00	0.000000e+00
1.200000e+02	1.400000e+02	0.000000e+00	0.000000e+00	0.000000e+00
1.400000e+02	1.600000e+02	0.000000e+00	0.000000e+00	0.000000e+00
1.600000e+02	1.800000e+02	0.000000e+00	0.000000e+00	0.000000e+00
1.800000e+02	2.000000e+02	0.000000e+00	0.000000e+00	0.000000e+00
2.000000e+02	2.200000e+02	0.000000e+00	0.000000e+00	0.000000e+00
2.200000e+02	2.400000e+02	0.000000e+00	0.000000e+00	0.000000e+00
2.400000e+02	2.600000e+02	0.000000e+00	0.000000e+00	0.000000e+00
2.600000e+02	2.800000e+02	0.000000e+00	0.000000e+00	0.000000e+00
2.800000e+02	3.000000e+02	0.000000e+00	0.000000e+00	0.000000e+00
3.000000e+02	3.200000e+02	0.000000e+00	0.000000e+00	0.000000e+00
3.200000e+02	3.400000e+02	0.000000e+00	0.000000e+00	0.000000e+00
3.400000e+02	3.600000e+02	0.000000e+00	0.000000e+00	0.000000e+00
3.600000e+02	3.800000e+02	0.000000e+00	0.000000e+00	0.000000e+00
3.800000e+02	4.000000e+02	0.000000e+00	0.000000e+00	0.000000e+00
4.000000e+02	4.200000e+02	0.000000e+00	0.000000e+00	0.000000e+00
4.200000e+02	4.400000e+02	0.000000e+00	0.000000e+00	0.000000e+00
4.400000e+02	4.600000e+02	0.000000e+00	0.000000e+00	0.000000e+00
4.600000e+02	4.800000e+02	0.000000e+00	0.000000e+00	0.000000e+00
4.800000e+02	5.000000e+02	0.000000e+00	0.000000e+00	0.000000e+00
5.000000e+02	5.200000e+02	0.000000e+00	0.000000e+00	0.000000e+00
5.200000e+02	5.400000e+02	0.000000e+00	0.000000e+00	0.000000e+00
5.400000e+02	5.600000e+02	0.000000e+00	0.000000e+00	0.000000e+00
5.600000e+02	5.800000e+02	0.000000e+00	0.000000e+00	0.000000e+00
5.800000e+02	6.000000e+02	0.000000e+00	0.000000e+00	0.000000e+00
6.000000e+02	6.200000e+02	0.000000e+00	0.000000e+00	0.000000e+00
6.200000e+02	6.400000e+02	2.195877e-06	7.435570e-07	4.813475e-07
6.400000e+02	6.600000e+02	9.443270e-06	2.933845e-06	0.000000e+00
6.600000e+02	6.800000e+02	1.366788e-05	0.000000e+00	2.312375e-06
6.800000e+02	7.000000e+02	2.732995e-05	9.150485e-06	0.000000e+00
7.000000e+02	7.200000e+02	2.757770e-05	6.996590e-06	1.508485e-06
7.200000e+02	7.400000e+02	3.719701e-05	5.078575e-06	0.000000e+00
7.400000e+02	7.600000e+02	3.944081e-05	1.619030e-06	3.032795e-06
7.600000e+02	7.800000e+02	4.512559e-05	1.059770e-06	5.100410e-06
7.800000e+02	8.000000e+02	4.936796e-05	1.965050e-06	4.770840e-06
8.000000e+02	8.200000e+02	5.439745e-05	2.363600e-06	5.223650e-06
8.200000e+02	8.400000e+02	6.080335e-05	6.362000e-06	4.487300e-06
8.400000e+02	8.600000e+02	6.133475e-05	0.000000e+00	3.816850e-06
8.600000e+02	8.800000e+02	6.558575e-05	2.306500e-07	4.899150e-06
8.800000e+02	9.000000e+02	7.713980e-05	1.290515e-05	0.000000e+00
9.000000e+02	9.200000e+02	8.311355e-05	1.815320e-05	0.000000e+00
9.200000e+02	9.400000e+02	6.951640e-05	6.918250e-06	1.308345e-05
9.400000e+02	9.600000e+02	7.711690e-05	5.463150e-06	2.273300e-06
9.600000e+02	9.800000e+02	7.997845e-05	1.347855e-05	1.246850e-06
9.800000e+02	1.000000e+03	8.414960e-05	1.128475e-05	0.000000e+00
# END HISTO1D


# BEGIN HISTO1D //homes/tinghua1/Merging-Project/Production/HJETS/ratio-plots/hjets-matched-errorband/H2Jets-NLOPS-combine.yoda/MC_H2JETS_04_TIGHT/trijet_mass
ErrorBandColor=violet
ErrorBandOpacity=0.3
ErrorBands=1
ErrorType=env
LineColor=violet
LineStyle=solid
Path=//homes/tinghua1/Merging-Project/Production/HJETS/ratio-plots/hjets-matched-errorband/H2Jets-NLOPS-combine.yoda/MC_H2JETS_04_TIGHT/trijet_mass
RatioPlotSameStyle=1
Title=h(2*) $\oplus$ PS
# xlow	 xhigh	 val	 errminus	 errplus
0.000000e+00	2.000000e+01	0.000000e+00	0.000000e+00	0.000000e+00
2.000000e+01	4.000000e+01	0.000000e+00	0.000000e+00	0.000000e+00
4.000000e+01	6.000000e+01	0.000000e+00	0.000000e+00	0.000000e+00
6.000000e+01	8.000000e+01	0.000000e+00	0.000000e+00	0.000000e+00
8.000000e+01	1.000000e+02	0.000000e+00	0.000000e+00	0.000000e+00
1.000000e+02	1.200000e+02	0.000000e+00	0.000000e+00	0.000000e+00
1.200000e+02	1.400000e+02	0.000000e+00	0.000000e+00	0.000000e+00
1.400000e+02	1.600000e+02	0.000000e+00	0.000000e+00	0.000000e+00
1.600000e+02	1.800000e+02	0.000000e+00	0.000000e+00	0.000000e+00
1.800000e+02	2.000000e+02	0.000000e+00	0.000000e+00	0.000000e+00
2.000000e+02	2.200000e+02	0.000000e+00	0.000000e+00	0.000000e+00
2.200000e+02	2.400000e+02	0.000000e+00	0.000000e+00	0.000000e+00
2.400000e+02	2.600000e+02	0.000000e+00	0.000000e+00	0.000000e+00
2.600000e+02	2.800000e+02	0.000000e+00	0.000000e+00	0.000000e+00
2.800000e+02	3.000000e+02	0.000000e+00	0.000000e+00	0.000000e+00
3.000000e+02	3.200000e+02	0.000000e+00	0.000000e+00	0.000000e+00
3.200000e+02	3.400000e+02	0.000000e+00	0.000000e+00	0.000000e+00
3.400000e+02	3.600000e+02	0.000000e+00	0.000000e+00	0.000000e+00
3.600000e+02	3.800000e+02	0.000000e+00	0.000000e+00	0.000000e+00
3.800000e+02	4.000000e+02	0.000000e+00	0.000000e+00	0.000000e+00
4.000000e+02	4.200000e+02	0.000000e+00	0.000000e+00	0.000000e+00
4.200000e+02	4.400000e+02	0.000000e+00	0.000000e+00	0.000000e+00
4.400000e+02	4.600000e+02	0.000000e+00	0.000000e+00	0.000000e+00
4.600000e+02	4.800000e+02	0.000000e+00	0.000000e+00	0.000000e+00
4.800000e+02	5.000000e+02	0.000000e+00	0.000000e+00	0.000000e+00
5.000000e+02	5.200000e+02	0.000000e+00	0.000000e+00	0.000000e+00
5.200000e+02	5.400000e+02	0.000000e+00	0.000000e+00	0.000000e+00
5.400000e+02	5.600000e+02	0.000000e+00	0.000000e+00	0.000000e+00
5.600000e+02	5.800000e+02	0.000000e+00	0.000000e+00	0.000000e+00
5.800000e+02	6.000000e+02	0.000000e+00	0.000000e+00	0.000000e+00
6.000000e+02	6.200000e+02	0.000000e+00	0.000000e+00	0.000000e+00
6.200000e+02	6.400000e+02	1.302875e-06	1.412035e-07	3.381200e-08
6.400000e+02	6.600000e+02	8.054530e-06	2.110620e-06	0.000000e+00
6.600000e+02	6.800000e+02	1.210470e-05	8.455450e-07	6.323900e-07
6.800000e+02	7.000000e+02	1.839213e-05	1.449950e-06	4.439850e-07
7.000000e+02	7.200000e+02	2.323082e-05	1.060645e-06	3.929350e-06
7.200000e+02	7.400000e+02	2.963438e-05	1.818935e-06	2.638415e-06
7.400000e+02	7.600000e+02	3.595687e-05	1.941480e-06	2.803760e-06
7.600000e+02	7.800000e+02	4.392802e-05	4.857850e-06	8.043700e-07
7.800000e+02	8.000000e+02	4.638532e-05	2.671250e-06	3.599670e-06
8.000000e+02	8.200000e+02	5.002515e-05	2.431810e-06	5.524500e-06
8.200000e+02	8.400000e+02	5.484260e-05	4.172700e-06	3.580950e-06
8.400000e+02	8.600000e+02	5.731540e-05	2.804300e-06	3.220000e-06
8.600000e+02	8.800000e+02	6.124065e-05	3.597300e-06	4.176400e-06
8.800000e+02	9.000000e+02	6.317735e-05	2.880900e-06	5.549250e-06
9.000000e+02	9.200000e+02	6.562955e-05	3.764250e-06	5.099700e-06
9.200000e+02	9.400000e+02	6.815410e-05	4.105450e-06	4.160200e-06
9.400000e+02	9.600000e+02	6.937255e-05	3.567800e-06	5.054100e-06
9.600000e+02	9.800000e+02	7.077035e-05	3.600650e-06	5.200100e-06
9.800000e+02	1.000000e+03	7.152290e-05	3.603200e-06	5.800850e-06
# END HISTO1D

