# BEGIN PLOT
Scale=1000.0
DrawOnly=//homes/tinghua1/Merging-Project/Production/HJETS/ratio-plots/hjets-vbfnlo/H-N2-N3-4-25gev-combine.yoda/MC_H2JETS_04_INC/j1j4_mass //homes/tinghua1/Merging-Project/Production/HJETS/ratio-plots/hjets-vbfnlo/H-N2-N3-4-25gev-vbfnlo-combine.yoda/MC_H2JETS_04_INC/j1j4_mass //homes/tinghua1/Merging-Project/Production/HJETS/ratio-plots/hjets-vbfnlo/H-N2-3-4-25gev-combine.yoda/MC_H2JETS_04_INC/j1j4_mass //homes/tinghua1/Merging-Project/Production/HJETS/ratio-plots/hjets-vbfnlo/H-N2-3-4-25gev-vbfnlo-combine.yoda/MC_H2JETS_04_INC/j1j4_mass //homes/tinghua1/Merging-Project/Production/HJETS/ratio-plots/hjets-vbfnlo/H-2-3-4-25gev-combine.yoda/MC_H2JETS_04_INC/j1j4_mass //homes/tinghua1/Merging-Project/Production/HJETS/ratio-plots/hjets-vbfnlo/H-2-3-4-25gev-vbfnlo-combine.yoda/MC_H2JETS_04_INC/j1j4_mass //homes/tinghua1/Merging-Project/Production/HJETS/ratio-plots/hjets-vbfnlo/H-2-3-25gev-combine.yoda/MC_H2JETS_04_INC/j1j4_mass //homes/tinghua1/Merging-Project/Production/HJETS/ratio-plots/hjets-vbfnlo/H-2-3-25gev-vbfnlo-combine.yoda/MC_H2JETS_04_INC/j1j4_mass
RightMargin=0.5
RatioPlotReference=//homes/tinghua1/Merging-Project/Production/HJETS/ratio-plots/hjets-vbfnlo/H-N2-N3-4-25gev-combine.yoda/MC_H2JETS_04_INC/j1j4_mass
#RatioPlot=1
LogY=1
RatioPlotYMax=1.8
RatioPlotYLabel=Ratio
#LegendOnly=//homes/tinghua1/Merging-Project/Production/HJETS/ratio-plots/hjets-vbfnlo/H-N2-N3-4-25gev-combine.yoda/MC_H2JETS_04_INC/j1j4_mass //homes/tinghua1/Merging-Project/Production/HJETS/ratio-plots/hjets-vbfnlo/H-N2-N3-4-25gev-vbfnlo-combine.yoda/MC_H2JETS_04_INC/j1j4_mass //homes/tinghua1/Merging-Project/Production/HJETS/ratio-plots/hjets-vbfnlo/H-N2-3-4-25gev-combine.yoda/MC_H2JETS_04_INC/j1j4_mass //homes/tinghua1/Merging-Project/Production/HJETS/ratio-plots/hjets-vbfnlo/H-N2-3-4-25gev-vbfnlo-combine.yoda/MC_H2JETS_04_INC/j1j4_mass //homes/tinghua1/Merging-Project/Production/HJETS/ratio-plots/hjets-vbfnlo/H-2-3-4-25gev-combine.yoda/MC_H2JETS_04_INC/j1j4_mass //homes/tinghua1/Merging-Project/Production/HJETS/ratio-plots/hjets-vbfnlo/H-2-3-4-25gev-vbfnlo-combine.yoda/MC_H2JETS_04_INC/j1j4_mass //homes/tinghua1/Merging-Project/Production/HJETS/ratio-plots/hjets-vbfnlo/H-2-3-25gev-combine.yoda/MC_H2JETS_04_INC/j1j4_mass //homes/tinghua1/Merging-Project/Production/HJETS/ratio-plots/hjets-vbfnlo/H-2-3-25gev-vbfnlo-combine.yoda/MC_H2JETS_04_INC/j1j4_mass
XLabel=$m_{j_1j_4}$ (GeV)
LegendAlign=r
XMax=1000.0
YLabel=$ \text{d} \sigma/ \text{d}  m_{j_1j_4}$ (fb/GeV)
Legend=1
RatioPlot=4
MainPlotSelection={"Selection":[1,2,3,4,5,6,7,8]}
RatioPlots={"RatioPlotYLabel":"","Selection":[1,2]};{"RatioPlotYLabel":"","Selection":[3,4]};{"RatioPlotYLabel":"","Selection":[5,6]};{"RatioPlotYLabel":"","Selection":[7,8]}
RatioPlotSameStyle=1
RatioPlotYMin=0.2
# END PLOT


# BEGIN SPECIAL /MC_H2JETS_04_INC/j1j4_mass
\rput[tl](0.05,0.75){\parbox{5cm}{\textcolor{gray}{{\bf Herwig 7.2.0} \\ HJETS/ColorFull}}}
# END SPECIAL

# BEGIN HISTO1D //homes/tinghua1/Merging-Project/Production/HJETS/ratio-plots/hjets-vbfnlo/H-N2-N3-4-25gev-combine.yoda/MC_H2JETS_04_INC/j1j4_mass
ErrorBandColor=orange
ErrorBandOpacity=0.3
ErrorBands=1
ErrorType=env
LineColor=orange
LineStyle=solid
Path=//homes/tinghua1/Merging-Project/Production/HJETS/ratio-plots/hjets-vbfnlo/H-N2-N3-4-25gev-combine.yoda/MC_H2JETS_04_INC/j1j4_mass
RatioPlotSameStyle=1
Title=h(2*,3*,4)
# xlow	 xhigh	 val	 errminus	 errplus
0.000000e+00	4.000000e+01	2.941615e-04	1.338950e-05	3.379100e-05
4.000000e+01	8.000000e+01	9.852560e-04	1.158432e-04	1.259555e-04
8.000000e+01	1.200000e+02	1.067599e-03	8.373050e-05	9.379675e-05
1.200000e+02	1.600000e+02	7.778378e-04	9.813425e-05	7.221375e-05
1.600000e+02	2.000000e+02	5.356505e-04	3.182525e-05	4.381300e-05
2.000000e+02	2.400000e+02	3.693472e-04	4.233575e-05	2.580475e-05
2.400000e+02	2.800000e+02	2.698442e-04	4.223415e-05	3.443075e-05
2.800000e+02	3.200000e+02	2.459337e-04	6.301475e-05	0.000000e+00
3.200000e+02	3.600000e+02	1.653752e-04	1.890798e-05	2.433127e-05
3.600000e+02	4.000000e+02	1.408594e-04	2.260055e-05	1.311593e-05
4.000000e+02	4.400000e+02	1.117431e-04	1.155820e-05	1.157123e-05
4.400000e+02	4.800000e+02	9.371415e-05	7.805200e-06	1.563355e-05
4.800000e+02	5.200000e+02	8.121825e-05	9.000100e-06	1.248243e-05
5.200000e+02	5.600000e+02	6.918563e-05	5.842725e-06	7.215300e-06
5.600000e+02	6.000000e+02	6.109475e-05	8.595875e-06	8.681750e-06
6.000000e+02	6.400000e+02	5.537645e-05	7.915800e-06	6.336775e-06
6.400000e+02	6.800000e+02	5.016957e-05	1.063490e-05	6.802700e-06
6.800000e+02	7.200000e+02	4.143372e-05	4.838125e-06	3.134100e-06
7.200000e+02	7.600000e+02	4.082695e-05	8.094450e-06	0.000000e+00
7.600000e+02	8.000000e+02	3.342318e-05	3.165475e-06	4.663325e-06
8.000000e+02	8.400000e+02	2.982740e-05	2.035675e-06	0.000000e+00
8.400000e+02	8.800000e+02	2.909240e-05	2.954125e-06	0.000000e+00
8.800000e+02	9.200000e+02	2.371954e-05	3.104808e-06	4.547590e-06
9.200000e+02	9.600000e+02	2.086974e-05	2.671448e-06	1.862825e-06
9.600000e+02	1.000000e+03	1.805659e-05	2.748450e-07	3.369823e-06
1.000000e+03	1.040000e+03	1.853029e-05	2.585590e-06	1.610325e-06
1.040000e+03	1.080000e+03	1.535923e-05	9.525400e-07	3.925917e-06
1.080000e+03	1.120000e+03	1.381621e-05	0.000000e+00	3.228437e-06
1.120000e+03	1.160000e+03	1.359137e-05	7.006150e-07	6.193350e-07
1.160000e+03	1.200000e+03	8.369383e-06	0.000000e+00	4.505440e-06
1.200000e+03	1.240000e+03	1.128197e-05	1.375830e-06	2.105027e-06
1.240000e+03	1.280000e+03	9.512245e-06	8.159500e-08	2.746020e-06
1.280000e+03	1.320000e+03	8.471947e-06	6.298350e-07	2.130883e-06
1.320000e+03	1.360000e+03	8.116498e-06	1.333165e-06	2.653250e-08
1.360000e+03	1.400000e+03	7.995157e-06	1.316530e-06	5.994000e-07
1.400000e+03	1.440000e+03	7.001102e-06	7.103775e-07	1.404675e-07
1.440000e+03	1.480000e+03	6.049038e-06	6.625275e-07	4.207575e-07
1.480000e+03	1.520000e+03	5.507007e-06	0.000000e+00	4.279800e-07
1.520000e+03	1.560000e+03	5.160405e-06	1.695125e-07	1.587620e-06
1.560000e+03	1.600000e+03	5.203498e-06	1.124795e-06	0.000000e+00
1.600000e+03	1.640000e+03	4.225850e-06	6.271325e-07	1.074837e-06
1.640000e+03	1.680000e+03	4.120598e-06	2.371000e-07	0.000000e+00
1.680000e+03	1.720000e+03	3.712632e-06	1.866200e-07	6.869300e-07
1.720000e+03	1.760000e+03	3.284700e-06	0.000000e+00	1.383852e-06
1.760000e+03	1.800000e+03	3.117593e-06	8.567908e-07	1.622180e-06
1.800000e+03	1.840000e+03	3.290510e-06	4.766625e-07	1.243905e-06
1.840000e+03	1.880000e+03	2.672475e-06	2.210705e-07	0.000000e+00
1.880000e+03	1.920000e+03	2.665398e-06	1.350700e-06	0.000000e+00
1.920000e+03	1.960000e+03	1.909726e-06	0.000000e+00	9.606310e-07
1.960000e+03	2.000000e+03	2.185946e-06	5.758570e-07	1.590124e-06
2.000000e+03	2.040000e+03	2.427324e-06	4.739750e-07	0.000000e+00
2.040000e+03	2.080000e+03	1.368295e-06	0.000000e+00	1.837215e-07
2.080000e+03	2.120000e+03	2.029857e-06	4.985315e-07	0.000000e+00
2.120000e+03	2.160000e+03	7.237388e-07	0.000000e+00	9.378510e-07
2.160000e+03	2.200000e+03	1.838321e-06	7.023275e-07	0.000000e+00
2.200000e+03	2.240000e+03	1.427557e-06	3.200598e-07	3.005300e-07
2.240000e+03	2.280000e+03	1.039542e-06	8.210700e-08	0.000000e+00
2.280000e+03	2.320000e+03	1.105072e-06	8.493725e-08	2.202700e-08
2.320000e+03	2.360000e+03	7.567630e-07	0.000000e+00	4.587330e-07
2.360000e+03	2.400000e+03	9.481013e-07	2.938500e-08	1.059015e-06
2.400000e+03	2.440000e+03	7.912958e-07	3.139785e-07	0.000000e+00
2.440000e+03	2.480000e+03	1.598256e-06	9.275673e-07	0.000000e+00
2.480000e+03	2.520000e+03	7.068090e-07	1.351155e-07	7.282300e-08
2.520000e+03	2.560000e+03	5.007730e-07	0.000000e+00	1.237590e-07
2.560000e+03	2.600000e+03	5.107462e-07	4.437825e-08	1.428675e-08
2.600000e+03	2.640000e+03	4.280110e-07	0.000000e+00	6.109041e-06
2.640000e+03	2.680000e+03	8.660280e-07	4.709998e-07	0.000000e+00
2.680000e+03	2.720000e+03	5.008030e-07	1.241923e-07	0.000000e+00
2.720000e+03	2.760000e+03	3.573388e-07	2.020100e-08	2.186650e-07
2.760000e+03	2.800000e+03	2.842533e-07	0.000000e+00	1.471987e-07
2.800000e+03	2.840000e+03	3.902085e-07	3.681025e-08	8.261675e-08
2.840000e+03	2.880000e+03	4.290705e-07	2.106530e-07	0.000000e+00
2.880000e+03	2.920000e+03	2.218561e-07	0.000000e+00	9.586465e-08
2.920000e+03	2.960000e+03	2.333073e-07	4.915223e-08	5.636993e-08
2.960000e+03	3.000000e+03	2.092363e-07	3.333032e-08	1.984057e-07
3.000000e+03	3.040000e+03	1.926550e-07	1.662295e-08	8.648500e-09
3.040000e+03	3.080000e+03	2.001471e-07	1.425011e-07	0.000000e+00
3.080000e+03	3.120000e+03	1.909520e-07	7.106472e-08	1.633398e-08
3.120000e+03	3.160000e+03	1.603487e-07	1.029470e-08	0.000000e+00
3.160000e+03	3.200000e+03	1.281385e-07	0.000000e+00	1.429514e-06
3.200000e+03	3.240000e+03	1.641444e-07	5.344732e-08	0.000000e+00
3.240000e+03	3.280000e+03	8.543555e-08	1.580526e-07	1.365880e-08
3.280000e+03	3.320000e+03	4.314168e-08	0.000000e+00	1.874614e-07
3.320000e+03	3.360000e+03	7.642280e-08	0.000000e+00	1.028582e-07
3.360000e+03	3.400000e+03	1.319094e-07	8.494435e-08	0.000000e+00
3.400000e+03	3.440000e+03	1.010124e-07	3.264563e-08	0.000000e+00
3.440000e+03	3.480000e+03	1.075850e-07	7.193457e-08	7.653013e-08
3.480000e+03	3.520000e+03	7.569320e-08	2.772205e-08	1.521065e-08
3.520000e+03	3.560000e+03	4.230338e-08	0.000000e+00	5.846602e-08
3.560000e+03	3.600000e+03	2.004559e-07	1.500260e-07	0.000000e+00
3.600000e+03	3.640000e+03	5.010248e-08	0.000000e+00	1.696195e-08
3.640000e+03	3.680000e+03	1.598585e-07	1.223381e-07	0.000000e+00
3.680000e+03	3.720000e+03	3.769837e-08	2.278235e-08	2.331150e-08
3.720000e+03	3.760000e+03	1.014756e-07	6.256218e-08	0.000000e+00
3.760000e+03	3.800000e+03	3.353627e-08	0.000000e+00	1.961633e-08
3.800000e+03	3.840000e+03	4.026925e-08	1.100830e-08	2.768145e-08
3.840000e+03	3.880000e+03	2.239654e-08	0.000000e+00	8.305188e-09
3.880000e+03	3.920000e+03	-1.406460e-08	0.000000e+00	4.273105e-08
3.920000e+03	3.960000e+03	2.453853e-08	4.311325e-09	2.533999e-08
3.960000e+03	4.000000e+03	-1.006947e-08	0.000000e+00	2.739543e-08
4.000000e+03	4.040000e+03	1.393937e-08	4.582525e-10	1.058060e-09
4.040000e+03	4.080000e+03	2.031368e-08	1.471566e-08	4.480727e-09
4.080000e+03	4.120000e+03	3.146035e-08	1.696323e-08	0.000000e+00
4.120000e+03	4.160000e+03	1.547701e-08	9.331183e-09	0.000000e+00
4.160000e+03	4.200000e+03	8.648435e-09	0.000000e+00	6.499138e-09
4.200000e+03	4.240000e+03	5.177602e-09	1.738767e-09	4.658365e-09
4.240000e+03	4.280000e+03	5.178635e-09	7.023712e-09	3.156875e-09
4.280000e+03	4.320000e+03	1.353079e-08	1.093585e-08	0.000000e+00
4.320000e+03	4.360000e+03	5.377763e-09	9.207805e-09	6.596487e-09
4.360000e+03	4.400000e+03	1.278611e-09	0.000000e+00	7.327654e-09
4.400000e+03	4.440000e+03	1.018497e-08	5.063313e-09	0.000000e+00
4.440000e+03	4.480000e+03	4.219398e-09	0.000000e+00	9.853915e-09
4.480000e+03	4.520000e+03	5.321555e-09	1.451530e-09	7.617025e-10
4.520000e+03	4.560000e+03	4.515657e-09	0.000000e+00	1.023161e-08
4.560000e+03	4.600000e+03	1.608981e-08	1.331090e-08	0.000000e+00
4.600000e+03	4.640000e+03	2.971205e-09	1.287806e-09	4.275990e-09
4.640000e+03	4.680000e+03	2.316544e-09	5.256998e-10	1.119998e-09
4.680000e+03	4.720000e+03	4.686190e-09	0.000000e+00	2.860265e-09
4.720000e+03	4.760000e+03	2.494555e-09	7.475665e-10	1.704448e-07
4.760000e+03	4.800000e+03	2.521150e-09	0.000000e+00	4.075963e-09
4.800000e+03	4.840000e+03	1.728940e-09	2.598400e-11	6.272115e-10
4.840000e+03	4.880000e+03	1.771235e-09	3.286662e-10	8.048950e-10
4.880000e+03	4.920000e+03	7.938077e-10	0.000000e+00	1.423034e-09
4.920000e+03	4.960000e+03	6.345342e-09	5.811242e-09	0.000000e+00
4.960000e+03	5.000000e+03	1.493514e-09	9.659503e-10	0.000000e+00
5.000000e+03	5.040000e+03	1.464686e-09	9.535407e-10	0.000000e+00
5.040000e+03	5.080000e+03	8.799350e-10	0.000000e+00	1.100312e-09
5.080000e+03	5.120000e+03	6.512522e-10	1.369999e-09	0.000000e+00
5.120000e+03	5.160000e+03	9.084338e-10	7.167454e-10	1.455362e-09
5.160000e+03	5.200000e+03	3.851187e-09	3.458268e-09	0.000000e+00
5.200000e+03	5.240000e+03	2.345391e-09	1.845377e-09	0.000000e+00
5.240000e+03	5.280000e+03	5.202340e-10	9.756800e-11	2.992441e-09
5.280000e+03	5.320000e+03	1.262567e-09	6.300428e-10	0.000000e+00
5.320000e+03	5.360000e+03	1.689714e-10	9.748887e-11	1.374682e-09
5.360000e+03	5.400000e+03	4.306620e-10	1.730975e-10	4.619393e-10
5.400000e+03	5.440000e+03	2.772987e-10	1.172910e-09	0.000000e+00
5.440000e+03	5.480000e+03	3.963705e-09	6.324100e-09	0.000000e+00
5.480000e+03	5.520000e+03	7.550148e-11	0.000000e+00	7.205088e-10
5.520000e+03	5.560000e+03	1.677451e-09	1.636270e-09	0.000000e+00
5.560000e+03	5.600000e+03	1.578479e-10	0.000000e+00	1.374209e-10
5.600000e+03	5.640000e+03	2.780282e-10	1.019198e-09	0.000000e+00
5.640000e+03	5.680000e+03	-3.145820e-11	0.000000e+00	1.535302e-09
5.680000e+03	5.720000e+03	-3.308780e-11	0.000000e+00	6.213053e-09
5.720000e+03	5.760000e+03	1.029416e-10	6.569515e-11	4.360794e-10
5.760000e+03	5.800000e+03	8.420432e-10	7.395510e-10	0.000000e+00
5.800000e+03	5.840000e+03	-2.931850e-11	0.000000e+00	3.023492e-10
5.840000e+03	5.880000e+03	1.832558e-10	8.425532e-11	0.000000e+00
5.880000e+03	5.920000e+03	4.209957e-11	0.000000e+00	1.600464e-10
5.920000e+03	5.960000e+03	1.527840e-11	0.000000e+00	7.767863e-11
5.960000e+03	6.000000e+03	-6.265060e-11	1.886062e-09	1.736930e-10
# END HISTO1D


# BEGIN HISTO1D //homes/tinghua1/Merging-Project/Production/HJETS/ratio-plots/hjets-vbfnlo/H-N2-N3-4-25gev-vbfnlo-combine.yoda/MC_H2JETS_04_INC/j1j4_mass
ErrorBandColor=red
ErrorBandOpacity=0.3
ErrorBands=1
ErrorType=env
LineColor=red
LineStyle=solid
Path=//homes/tinghua1/Merging-Project/Production/HJETS/ratio-plots/hjets-vbfnlo/H-N2-N3-4-25gev-vbfnlo-combine.yoda/MC_H2JETS_04_INC/j1j4_mass
RatioPlotSameStyle=1
Title=h(2*,3*,4)-vbfnlo
# xlow	 xhigh	 val	 errminus	 errplus
0.000000e+00	4.000000e+01	1.660915e-04	1.071675e-05	8.641475e-06
4.000000e+01	8.000000e+01	3.228425e-04	0.000000e+00	5.681475e-05
8.000000e+01	1.200000e+02	3.159600e-04	0.000000e+00	5.452900e-05
1.200000e+02	1.600000e+02	2.424804e-04	0.000000e+00	5.129688e-05
1.600000e+02	2.000000e+02	1.709663e-04	0.000000e+00	2.918003e-05
2.000000e+02	2.400000e+02	1.300320e-04	0.000000e+00	2.314725e-05
2.400000e+02	2.800000e+02	1.070797e-04	0.000000e+00	1.970767e-05
2.800000e+02	3.200000e+02	9.041042e-05	0.000000e+00	7.569850e-06
3.200000e+02	3.600000e+02	7.911910e-05	0.000000e+00	1.113370e-05
3.600000e+02	4.000000e+02	6.831815e-05	0.000000e+00	1.417715e-05
4.000000e+02	4.400000e+02	6.067370e-05	0.000000e+00	8.436300e-06
4.400000e+02	4.800000e+02	5.364583e-05	0.000000e+00	9.426750e-06
4.800000e+02	5.200000e+02	4.591217e-05	0.000000e+00	8.637250e-06
5.200000e+02	5.600000e+02	4.379262e-05	0.000000e+00	7.243500e-06
5.600000e+02	6.000000e+02	3.801822e-05	0.000000e+00	9.487800e-06
6.000000e+02	6.400000e+02	3.939337e-05	1.999225e-06	1.613650e-06
6.400000e+02	6.800000e+02	3.333620e-05	0.000000e+00	3.582125e-06
6.800000e+02	7.200000e+02	2.963340e-05	0.000000e+00	1.231325e-06
7.200000e+02	7.600000e+02	2.401583e-05	0.000000e+00	5.504817e-06
7.600000e+02	8.000000e+02	2.262830e-05	0.000000e+00	6.061250e-06
8.000000e+02	8.400000e+02	2.105692e-05	0.000000e+00	3.657668e-06
8.400000e+02	8.800000e+02	1.780840e-05	0.000000e+00	4.672500e-06
8.800000e+02	9.200000e+02	1.666917e-05	0.000000e+00	5.556140e-06
9.200000e+02	9.600000e+02	1.546877e-05	0.000000e+00	3.564758e-06
9.600000e+02	1.000000e+03	1.482729e-05	0.000000e+00	1.536983e-06
1.000000e+03	1.040000e+03	1.292341e-05	0.000000e+00	2.495820e-06
1.040000e+03	1.080000e+03	1.277784e-05	0.000000e+00	1.204310e-06
1.080000e+03	1.120000e+03	1.037853e-05	0.000000e+00	3.529772e-06
1.120000e+03	1.160000e+03	1.079728e-05	0.000000e+00	1.594587e-06
1.160000e+03	1.200000e+03	9.100017e-06	0.000000e+00	2.002305e-06
1.200000e+03	1.240000e+03	8.719875e-06	0.000000e+00	1.350893e-06
1.240000e+03	1.280000e+03	7.599597e-06	0.000000e+00	1.390363e-06
1.280000e+03	1.320000e+03	7.262115e-06	0.000000e+00	2.350270e-06
1.320000e+03	1.360000e+03	6.823665e-06	5.536329e-06	8.333100e-07
1.360000e+03	1.400000e+03	6.408458e-06	0.000000e+00	1.017298e-06
1.400000e+03	1.440000e+03	5.861540e-06	0.000000e+00	1.055800e-06
1.440000e+03	1.480000e+03	4.567243e-06	0.000000e+00	1.297412e-06
1.480000e+03	1.520000e+03	4.167707e-06	0.000000e+00	1.467620e-06
1.520000e+03	1.560000e+03	4.129327e-06	0.000000e+00	1.235893e-06
1.560000e+03	1.600000e+03	3.755190e-06	0.000000e+00	9.575650e-07
1.600000e+03	1.640000e+03	3.601378e-06	3.131250e-08	6.763350e-07
1.640000e+03	1.680000e+03	3.312000e-06	0.000000e+00	3.801675e-07
1.680000e+03	1.720000e+03	3.312812e-06	5.532000e-08	4.145125e-07
1.720000e+03	1.760000e+03	2.696575e-06	0.000000e+00	8.540825e-07
1.760000e+03	1.800000e+03	2.557053e-06	0.000000e+00	6.423675e-07
1.800000e+03	1.840000e+03	2.358546e-06	0.000000e+00	2.898637e-07
1.840000e+03	1.880000e+03	2.077767e-06	0.000000e+00	6.405605e-07
1.880000e+03	1.920000e+03	1.993384e-06	0.000000e+00	3.607075e-07
1.920000e+03	1.960000e+03	1.913722e-06	0.000000e+00	4.491388e-07
1.960000e+03	2.000000e+03	1.759883e-06	0.000000e+00	3.285547e-07
2.000000e+03	2.040000e+03	1.465429e-06	0.000000e+00	3.113477e-07
2.040000e+03	2.080000e+03	1.423045e-06	0.000000e+00	1.958895e-07
2.080000e+03	2.120000e+03	1.301104e-06	0.000000e+00	3.685880e-07
2.120000e+03	2.160000e+03	1.081382e-06	0.000000e+00	3.444983e-07
2.160000e+03	2.200000e+03	1.214115e-06	9.540000e-10	1.456877e-07
2.200000e+03	2.240000e+03	1.026337e-06	0.000000e+00	2.066130e-07
2.240000e+03	2.280000e+03	1.019938e-06	2.207550e-08	2.753618e-07
2.280000e+03	2.320000e+03	7.713463e-07	0.000000e+00	3.882640e-07
2.320000e+03	2.360000e+03	8.547000e-07	0.000000e+00	3.382610e-07
2.360000e+03	2.400000e+03	8.663183e-07	1.741465e-07	3.148900e-08
2.400000e+03	2.440000e+03	6.823055e-07	0.000000e+00	2.362312e-07
2.440000e+03	2.480000e+03	6.755610e-07	0.000000e+00	8.213900e-08
2.480000e+03	2.520000e+03	5.629633e-07	0.000000e+00	2.082597e-07
2.520000e+03	2.560000e+03	5.942803e-07	0.000000e+00	2.586902e-07
2.560000e+03	2.600000e+03	4.554880e-07	0.000000e+00	8.779800e-08
2.600000e+03	2.640000e+03	4.365245e-07	0.000000e+00	3.834215e-07
2.640000e+03	2.680000e+03	3.891833e-07	0.000000e+00	2.286160e-07
2.680000e+03	2.720000e+03	3.982943e-07	0.000000e+00	2.683427e-07
2.720000e+03	2.760000e+03	3.752577e-07	0.000000e+00	8.114125e-08
2.760000e+03	2.800000e+03	2.902345e-07	9.292142e-08	5.101300e-08
2.800000e+03	2.840000e+03	2.878662e-07	5.888450e-08	8.569575e-08
2.840000e+03	2.880000e+03	2.920005e-07	0.000000e+00	6.779775e-08
2.880000e+03	2.920000e+03	2.291816e-07	0.000000e+00	6.695665e-08
2.920000e+03	2.960000e+03	2.868913e-07	7.004610e-08	0.000000e+00
2.960000e+03	3.000000e+03	2.609995e-07	1.043369e-07	5.797750e-09
3.000000e+03	3.040000e+03	1.836002e-07	1.843570e-08	8.890080e-08
3.040000e+03	3.080000e+03	8.986758e-08	0.000000e+00	6.405994e-07
3.080000e+03	3.120000e+03	1.785054e-07	0.000000e+00	7.158805e-08
3.120000e+03	3.160000e+03	1.301378e-07	0.000000e+00	5.485905e-08
3.160000e+03	3.200000e+03	7.968622e-08	0.000000e+00	8.966977e-08
3.200000e+03	3.240000e+03	1.013242e-07	0.000000e+00	4.673943e-08
3.240000e+03	3.280000e+03	1.070642e-07	4.157197e-08	2.499765e-07
3.280000e+03	3.320000e+03	1.314395e-07	8.223775e-08	0.000000e+00
3.320000e+03	3.360000e+03	9.508037e-08	9.715925e-09	9.032520e-08
3.360000e+03	3.400000e+03	7.981952e-08	0.000000e+00	1.118000e-08
3.400000e+03	3.440000e+03	9.708497e-08	2.076620e-08	2.880608e-08
3.440000e+03	3.480000e+03	7.765363e-08	0.000000e+00	1.451815e-08
3.480000e+03	3.520000e+03	5.704993e-08	0.000000e+00	1.676652e-08
3.520000e+03	3.560000e+03	4.524170e-08	0.000000e+00	6.290400e-08
3.560000e+03	3.600000e+03	5.707965e-08	1.954125e-09	2.925100e-09
3.600000e+03	3.640000e+03	5.246548e-08	2.049433e-08	0.000000e+00
3.640000e+03	3.680000e+03	4.243315e-08	0.000000e+00	2.508288e-08
3.680000e+03	3.720000e+03	3.694727e-08	0.000000e+00	6.443550e-09
3.720000e+03	3.760000e+03	4.439500e-08	1.750943e-08	3.650490e-08
3.760000e+03	3.800000e+03	3.420450e-08	0.000000e+00	1.545335e-08
3.800000e+03	3.840000e+03	2.765958e-08	1.892267e-08	2.411727e-08
3.840000e+03	3.880000e+03	2.198657e-08	0.000000e+00	2.323513e-08
3.880000e+03	3.920000e+03	1.965424e-08	3.244001e-08	3.526639e-08
3.920000e+03	3.960000e+03	2.534962e-08	4.740405e-09	8.672055e-08
3.960000e+03	4.000000e+03	1.669140e-08	0.000000e+00	7.144473e-09
4.000000e+03	4.040000e+03	1.155682e-08	0.000000e+00	3.856760e-08
4.040000e+03	4.080000e+03	1.430752e-08	0.000000e+00	1.593868e-08
4.080000e+03	4.120000e+03	1.368410e-08	0.000000e+00	3.638610e-09
4.120000e+03	4.160000e+03	1.266098e-08	0.000000e+00	3.951205e-09
4.160000e+03	4.200000e+03	1.299868e-08	0.000000e+00	1.318996e-08
4.200000e+03	4.240000e+03	1.245056e-08	0.000000e+00	2.549898e-09
4.240000e+03	4.280000e+03	1.634999e-08	8.854555e-09	0.000000e+00
4.280000e+03	4.320000e+03	-2.915205e-09	0.000000e+00	1.990123e-08
4.320000e+03	4.360000e+03	8.274178e-09	0.000000e+00	1.822970e-08
4.360000e+03	4.400000e+03	7.106030e-09	0.000000e+00	6.344165e-09
4.400000e+03	4.440000e+03	1.093531e-08	6.800375e-10	5.341238e-09
4.440000e+03	4.480000e+03	5.920668e-09	1.333960e-09	9.397823e-09
4.480000e+03	4.520000e+03	4.223610e-09	0.000000e+00	9.633915e-09
4.520000e+03	4.560000e+03	2.169461e-09	0.000000e+00	1.946553e-08
4.560000e+03	4.600000e+03	3.444275e-09	8.251625e-10	1.104595e-09
4.600000e+03	4.640000e+03	6.457432e-09	2.298357e-09	0.000000e+00
4.640000e+03	4.680000e+03	2.039857e-09	0.000000e+00	7.443118e-09
4.680000e+03	4.720000e+03	5.967000e-09	1.592428e-09	3.007750e-11
4.720000e+03	4.760000e+03	2.365561e-09	0.000000e+00	3.297174e-09
4.760000e+03	4.800000e+03	1.257809e-09	0.000000e+00	7.898313e-09
4.800000e+03	4.840000e+03	2.381917e-09	0.000000e+00	1.304633e-09
4.840000e+03	4.880000e+03	4.283515e-09	1.591335e-09	0.000000e+00
4.880000e+03	4.920000e+03	1.232250e-10	0.000000e+00	2.747817e-09
4.920000e+03	4.960000e+03	1.897149e-09	0.000000e+00	9.218333e-10
4.960000e+03	5.000000e+03	7.118483e-10	0.000000e+00	1.413845e-09
5.000000e+03	5.040000e+03	3.492358e-09	0.000000e+00	7.512000e-10
5.040000e+03	5.080000e+03	1.083065e-09	1.737407e-09	5.460255e-10
5.080000e+03	5.120000e+03	2.737778e-10	0.000000e+00	2.545022e-09
5.120000e+03	5.160000e+03	1.779988e-09	1.170406e-09	0.000000e+00
5.160000e+03	5.200000e+03	1.590623e-09	4.275335e-10	2.056692e-10
5.200000e+03	5.240000e+03	1.224601e-09	4.760800e-10	0.000000e+00
5.240000e+03	5.280000e+03	5.152473e-10	3.291209e-10	1.633150e-11
5.280000e+03	5.320000e+03	9.389280e-10	5.492037e-10	0.000000e+00
5.320000e+03	5.360000e+03	6.014163e-10	1.578033e-10	4.128307e-10
5.360000e+03	5.400000e+03	5.491045e-10	3.275249e-10	3.886300e-11
5.400000e+03	5.440000e+03	5.159430e-10	5.340400e-11	2.215463e-10
5.440000e+03	5.480000e+03	-2.010710e-11	0.000000e+00	6.679318e-10
5.480000e+03	5.520000e+03	2.454829e-09	1.869401e-09	0.000000e+00
5.520000e+03	5.560000e+03	6.941570e-10	1.570925e-11	5.840765e-10
5.560000e+03	5.600000e+03	7.557790e-11	0.000000e+00	4.804803e-10
5.600000e+03	5.640000e+03	2.685690e-10	5.034948e-11	1.631657e-10
5.640000e+03	5.680000e+03	2.601135e-10	2.996368e-11	0.000000e+00
5.680000e+03	5.720000e+03	1.812754e-10	5.590912e-11	1.714651e-10
5.720000e+03	5.760000e+03	8.528020e-10	1.062333e-09	0.000000e+00
5.760000e+03	5.800000e+03	7.560158e-11	0.000000e+00	1.458102e-10
5.800000e+03	5.840000e+03	1.010961e-10	0.000000e+00	2.812564e-10
5.840000e+03	5.880000e+03	5.474362e-11	2.784429e-10	2.518663e-11
5.880000e+03	5.920000e+03	1.199886e-10	1.746275e-10	2.489652e-10
5.920000e+03	5.960000e+03	7.164155e-11	2.780233e-11	4.770372e-11
5.960000e+03	6.000000e+03	7.132508e-11	0.000000e+00	8.682523e-11
# END HISTO1D


# BEGIN HISTO1D //homes/tinghua1/Merging-Project/Production/HJETS/ratio-plots/hjets-vbfnlo/H-N2-3-4-25gev-combine.yoda/MC_H2JETS_04_INC/j1j4_mass
ErrorBandColor=blue
ErrorBandOpacity=0.3
ErrorBands=1
ErrorType=env
LineColor=blue
LineStyle=solid
Path=//homes/tinghua1/Merging-Project/Production/HJETS/ratio-plots/hjets-vbfnlo/H-N2-3-4-25gev-combine.yoda/MC_H2JETS_04_INC/j1j4_mass
RatioPlotSameStyle=1
Title=h(2*,3,4)
# xlow	 xhigh	 val	 errminus	 errplus
0.000000e+00	4.000000e+01	2.854060e-04	2.779500e-05	5.511125e-05
4.000000e+01	8.000000e+01	9.230898e-04	1.240383e-04	1.753465e-04
8.000000e+01	1.200000e+02	1.039061e-03	1.241090e-04	1.556460e-04
1.200000e+02	1.600000e+02	7.441085e-04	9.953550e-05	1.540078e-04
1.600000e+02	2.000000e+02	5.036517e-04	6.624900e-05	8.720550e-05
2.000000e+02	2.400000e+02	3.584913e-04	4.909675e-05	6.028150e-05
2.400000e+02	2.800000e+02	2.610973e-04	3.684575e-05	4.783275e-05
2.800000e+02	3.200000e+02	2.014802e-04	3.157113e-05	4.150905e-05
3.200000e+02	3.600000e+02	1.625780e-04	2.533280e-05	2.573868e-05
3.600000e+02	4.000000e+02	1.398346e-04	2.812338e-05	1.814738e-05
4.000000e+02	4.400000e+02	1.086821e-04	1.645625e-05	2.209068e-05
4.400000e+02	4.800000e+02	9.366150e-05	1.408180e-05	1.112560e-05
4.800000e+02	5.200000e+02	7.854620e-05	1.067353e-05	1.765672e-05
5.200000e+02	5.600000e+02	7.020937e-05	1.149967e-05	1.296665e-05
5.600000e+02	6.000000e+02	6.317208e-05	1.303145e-05	9.880325e-06
6.000000e+02	6.400000e+02	5.216815e-05	7.947300e-06	1.192497e-05
6.400000e+02	6.800000e+02	4.778550e-05	7.992825e-06	1.123432e-05
6.800000e+02	7.200000e+02	4.323418e-05	8.756975e-06	4.714400e-06
7.200000e+02	7.600000e+02	3.780582e-05	7.941200e-06	5.795250e-06
7.600000e+02	8.000000e+02	3.300070e-05	5.505375e-06	6.667300e-06
8.000000e+02	8.400000e+02	3.374613e-05	9.706055e-06	1.142850e-06
8.400000e+02	8.800000e+02	2.581623e-05	4.689845e-06	6.291950e-06
8.800000e+02	9.200000e+02	2.392196e-05	4.676295e-06	4.264613e-06
9.200000e+02	9.600000e+02	2.083930e-05	3.029595e-06	4.709030e-06
9.600000e+02	1.000000e+03	2.000808e-05	4.126557e-06	3.936490e-06
1.000000e+03	1.040000e+03	1.711223e-05	3.070805e-06	4.764340e-06
1.040000e+03	1.080000e+03	1.566011e-05	2.791950e-06	2.772075e-06
1.080000e+03	1.120000e+03	1.398919e-05	2.085450e-06	3.551075e-06
1.120000e+03	1.160000e+03	1.438621e-05	3.544750e-06	7.512375e-07
1.160000e+03	1.200000e+03	1.166985e-05	1.877462e-06	3.585495e-06
1.200000e+03	1.240000e+03	1.094220e-05	1.315760e-06	2.583543e-06
1.240000e+03	1.280000e+03	9.226727e-06	5.861375e-07	2.703915e-06
1.280000e+03	1.320000e+03	8.732257e-06	1.383687e-06	3.517128e-06
1.320000e+03	1.360000e+03	7.586595e-06	9.222825e-07	1.926697e-06
1.360000e+03	1.400000e+03	7.793485e-06	1.649255e-06	2.043625e-06
1.400000e+03	1.440000e+03	6.730840e-06	1.172600e-06	1.755405e-06
1.440000e+03	1.480000e+03	5.869038e-06	9.798025e-07	1.758240e-06
1.480000e+03	1.520000e+03	5.342090e-06	3.485300e-07	1.402545e-06
1.520000e+03	1.560000e+03	4.986562e-06	7.363025e-07	2.023210e-06
1.560000e+03	1.600000e+03	5.300070e-06	1.385685e-06	3.253675e-07
1.600000e+03	1.640000e+03	4.127905e-06	3.595975e-07	1.044960e-06
1.640000e+03	1.680000e+03	3.695970e-06	5.517300e-07	1.661492e-06
1.680000e+03	1.720000e+03	3.557565e-06	4.621800e-07	1.205615e-06
1.720000e+03	1.760000e+03	3.383383e-06	7.675525e-07	1.486528e-06
1.760000e+03	1.800000e+03	2.849870e-06	3.324000e-07	6.931825e-07
1.800000e+03	1.840000e+03	2.636528e-06	3.108798e-07	1.943225e-07
1.840000e+03	1.880000e+03	2.670010e-06	6.012837e-07	5.675625e-07
1.880000e+03	1.920000e+03	2.227084e-06	2.172082e-07	9.862790e-07
1.920000e+03	1.960000e+03	2.080792e-06	1.800997e-07	4.786225e-07
1.960000e+03	2.000000e+03	1.985851e-06	3.079765e-07	1.039163e-07
2.000000e+03	2.040000e+03	1.902323e-06	3.947697e-07	8.713770e-07
2.040000e+03	2.080000e+03	1.619236e-06	3.073225e-07	3.939082e-07
2.080000e+03	2.120000e+03	1.808348e-06	5.393045e-07	1.427285e-07
2.120000e+03	2.160000e+03	1.646228e-06	4.491008e-07	2.451042e-07
2.160000e+03	2.200000e+03	1.662886e-06	7.365083e-07	0.000000e+00
2.200000e+03	2.240000e+03	1.354873e-06	4.859703e-07	1.629575e-08
2.240000e+03	2.280000e+03	1.035911e-06	0.000000e+00	8.225500e-07
2.280000e+03	2.320000e+03	9.300288e-07	3.014000e-08	2.262050e-07
2.320000e+03	2.360000e+03	1.186292e-06	2.347110e-07	0.000000e+00
2.360000e+03	2.400000e+03	9.757475e-07	0.000000e+00	4.796365e-07
2.400000e+03	2.440000e+03	8.314943e-07	2.353815e-07	2.265253e-07
2.440000e+03	2.480000e+03	5.307912e-07	1.157090e-07	3.742842e-07
2.480000e+03	2.520000e+03	7.383097e-07	2.198432e-07	0.000000e+00
2.520000e+03	2.560000e+03	6.244523e-07	1.792407e-07	6.981150e-08
2.560000e+03	2.600000e+03	4.564890e-07	4.020750e-09	2.184000e-09
2.600000e+03	2.640000e+03	6.435120e-07	2.606252e-07	7.474600e-08
2.640000e+03	2.680000e+03	5.435710e-07	1.619028e-07	8.694250e-09
2.680000e+03	2.720000e+03	4.165335e-07	1.717709e-07	1.378470e-07
2.720000e+03	2.760000e+03	4.598217e-07	1.473317e-07	0.000000e+00
2.760000e+03	2.800000e+03	3.459527e-07	8.334600e-08	1.183473e-07
2.800000e+03	2.840000e+03	3.468305e-07	4.563350e-08	3.409750e-08
2.840000e+03	2.880000e+03	4.096575e-07	1.492207e-07	4.595475e-08
2.880000e+03	2.920000e+03	2.761158e-07	5.723698e-08	1.141848e-07
2.920000e+03	2.960000e+03	2.641325e-07	5.995187e-08	6.850800e-08
2.960000e+03	3.000000e+03	1.291438e-07	0.000000e+00	1.794277e-07
3.000000e+03	3.040000e+03	2.630420e-07	6.821295e-08	6.268350e-08
3.040000e+03	3.080000e+03	1.833013e-07	0.000000e+00	8.658815e-08
3.080000e+03	3.120000e+03	1.623605e-07	2.925100e-09	6.586032e-08
3.120000e+03	3.160000e+03	1.295086e-07	2.468625e-09	1.183205e-07
3.160000e+03	3.200000e+03	1.737043e-07	5.407135e-08	3.996550e-09
3.200000e+03	3.240000e+03	1.274119e-07	6.389050e-09	1.235455e-08
3.240000e+03	3.280000e+03	1.229486e-07	5.825000e-12	9.057450e-09
3.280000e+03	3.320000e+03	1.063601e-07	2.969342e-08	0.000000e+00
3.320000e+03	3.360000e+03	1.590669e-07	8.990935e-08	0.000000e+00
3.360000e+03	3.400000e+03	6.994405e-08	0.000000e+00	2.490297e-08
3.400000e+03	3.440000e+03	6.659540e-08	2.437752e-08	2.500330e-08
3.440000e+03	3.480000e+03	1.040793e-07	3.667635e-08	5.274750e-09
3.480000e+03	3.520000e+03	4.335002e-08	0.000000e+00	2.848238e-08
3.520000e+03	3.560000e+03	5.182067e-08	7.907500e-11	3.189580e-08
3.560000e+03	3.600000e+03	6.379875e-08	2.605713e-08	1.413532e-08
3.600000e+03	3.640000e+03	6.688800e-08	3.070620e-08	4.872700e-09
3.640000e+03	3.680000e+03	5.430165e-08	1.085775e-09	4.274955e-08
3.680000e+03	3.720000e+03	4.015708e-08	0.000000e+00	2.636395e-08
3.720000e+03	3.760000e+03	3.247227e-08	7.232150e-09	1.148664e-07
3.760000e+03	3.800000e+03	3.344760e-08	1.603415e-08	1.341405e-08
3.800000e+03	3.840000e+03	2.979660e-08	5.313097e-09	2.645035e-08
3.840000e+03	3.880000e+03	2.991078e-08	1.175197e-08	8.201175e-09
3.880000e+03	3.920000e+03	1.893952e-08	0.000000e+00	9.237652e-09
3.920000e+03	3.960000e+03	3.094900e-08	6.737870e-09	6.284725e-09
3.960000e+03	4.000000e+03	2.885677e-08	1.327218e-08	2.328600e-09
4.000000e+03	4.040000e+03	2.049969e-08	9.738115e-09	1.527511e-08
4.040000e+03	4.080000e+03	2.762782e-08	8.066472e-09	8.082400e-09
4.080000e+03	4.120000e+03	1.500799e-08	0.000000e+00	6.610047e-09
4.120000e+03	4.160000e+03	1.073008e-08	1.700682e-09	1.009310e-08
4.160000e+03	4.200000e+03	1.244324e-08	2.411137e-09	4.538980e-09
4.200000e+03	4.240000e+03	7.723533e-09	0.000000e+00	7.332900e-09
4.240000e+03	4.280000e+03	1.569763e-08	9.857105e-09	0.000000e+00
4.280000e+03	4.320000e+03	6.199077e-09	0.000000e+00	3.017100e-08
4.320000e+03	4.360000e+03	7.825760e-09	8.436650e-10	6.755605e-09
4.360000e+03	4.400000e+03	6.213523e-09	1.610898e-09	3.321687e-09
4.400000e+03	4.440000e+03	1.773955e-09	0.000000e+00	2.549875e-08
4.440000e+03	4.480000e+03	1.771414e-08	1.083821e-08	0.000000e+00
4.480000e+03	4.520000e+03	7.239240e-09	1.004167e-08	2.402530e-09
4.520000e+03	4.560000e+03	1.020743e-08	4.524670e-09	0.000000e+00
4.560000e+03	4.600000e+03	1.271111e-09	0.000000e+00	4.138797e-09
4.600000e+03	4.640000e+03	4.071790e-09	2.742629e-09	2.044390e-09
4.640000e+03	4.680000e+03	2.293431e-08	2.172313e-08	0.000000e+00
4.680000e+03	4.720000e+03	2.322270e-08	1.644280e-08	0.000000e+00
4.720000e+03	4.760000e+03	2.850610e-09	4.974992e-10	3.947435e-09
4.760000e+03	4.800000e+03	2.544368e-09	1.419732e-09	1.143835e-09
4.800000e+03	4.840000e+03	2.063026e-09	9.548099e-09	0.000000e+00
4.840000e+03	4.880000e+03	3.302975e-09	1.596041e-09	0.000000e+00
4.880000e+03	4.920000e+03	1.616026e-09	9.122593e-10	2.651639e-09
4.920000e+03	4.960000e+03	-1.528467e-10	0.000000e+00	5.620224e-09
4.960000e+03	5.000000e+03	2.193013e-09	2.935366e-09	0.000000e+00
5.000000e+03	5.040000e+03	7.251110e-10	1.509175e-10	2.860379e-09
5.040000e+03	5.080000e+03	5.822598e-10	0.000000e+00	6.028723e-10
5.080000e+03	5.120000e+03	1.555980e-09	1.067167e-09	1.157147e-09
5.120000e+03	5.160000e+03	7.509362e-10	2.199722e-10	1.018084e-09
5.160000e+03	5.200000e+03	4.179025e-10	5.833375e-11	3.610700e-10
5.200000e+03	5.240000e+03	3.069600e-10	3.984450e-11	4.418608e-10
5.240000e+03	5.280000e+03	1.006988e-09	0.000000e+00	6.988828e-10
5.280000e+03	5.320000e+03	8.294605e-11	0.000000e+00	1.232140e-09
5.320000e+03	5.360000e+03	1.367624e-09	7.442875e-10	0.000000e+00
5.360000e+03	5.400000e+03	5.988005e-10	3.821176e-10	1.814684e-09
5.400000e+03	5.440000e+03	2.339932e-10	0.000000e+00	9.082385e-11
5.440000e+03	5.480000e+03	1.218128e-09	7.949285e-10	0.000000e+00
5.480000e+03	5.520000e+03	3.211875e-10	3.196815e-10	4.761275e-11
5.520000e+03	5.560000e+03	2.562525e-10	0.000000e+00	1.671868e-10
5.560000e+03	5.600000e+03	3.163760e-10	0.000000e+00	8.559455e-10
5.600000e+03	5.640000e+03	7.869927e-11	0.000000e+00	2.092837e-10
5.640000e+03	5.680000e+03	8.675570e-11	0.000000e+00	8.539066e-10
5.680000e+03	5.720000e+03	9.478280e-11	7.940800e-12	0.000000e+00
5.720000e+03	5.760000e+03	3.523602e-10	2.180015e-10	0.000000e+00
5.760000e+03	5.800000e+03	3.887890e-10	3.487390e-10	0.000000e+00
5.800000e+03	5.840000e+03	7.209105e-11	2.920290e-11	2.334995e-10
5.840000e+03	5.880000e+03	6.312440e-10	5.430649e-10	0.000000e+00
5.880000e+03	5.920000e+03	2.148542e-10	1.784775e-10	5.770877e-11
5.920000e+03	5.960000e+03	2.368432e-10	0.000000e+00	1.968763e-10
5.960000e+03	6.000000e+03	4.397255e-11	4.590402e-11	5.312410e-10
# END HISTO1D


# BEGIN HISTO1D //homes/tinghua1/Merging-Project/Production/HJETS/ratio-plots/hjets-vbfnlo/H-N2-3-4-25gev-vbfnlo-combine.yoda/MC_H2JETS_04_INC/j1j4_mass
ErrorBandColor=cyan
ErrorBandOpacity=0.3
ErrorBands=1
ErrorType=env
LineColor=cyan
LineStyle=solid
Path=//homes/tinghua1/Merging-Project/Production/HJETS/ratio-plots/hjets-vbfnlo/H-N2-3-4-25gev-vbfnlo-combine.yoda/MC_H2JETS_04_INC/j1j4_mass
RatioPlotSameStyle=1
Title=h(2*,3,4)-vbfnlo
# xlow	 xhigh	 val	 errminus	 errplus
0.000000e+00	4.000000e+01	1.531024e-04	1.425250e-05	3.062957e-05
4.000000e+01	8.000000e+01	3.498067e-04	4.901200e-05	6.988650e-05
8.000000e+01	1.200000e+02	3.384745e-04	4.282950e-05	5.458050e-05
1.200000e+02	1.600000e+02	2.654728e-04	3.465188e-05	4.035550e-05
1.600000e+02	2.000000e+02	1.879618e-04	1.545485e-05	3.525557e-05
2.000000e+02	2.400000e+02	1.462885e-04	2.174595e-05	2.101207e-05
2.400000e+02	2.800000e+02	1.144805e-04	1.455913e-05	1.892767e-05
2.800000e+02	3.200000e+02	9.719988e-05	1.218470e-05	1.575357e-05
3.200000e+02	3.600000e+02	8.359035e-05	1.149185e-05	1.483017e-05
3.600000e+02	4.000000e+02	7.352358e-05	1.019262e-05	1.217037e-05
4.000000e+02	4.400000e+02	6.469955e-05	7.738375e-06	1.312485e-05
4.400000e+02	4.800000e+02	5.931170e-05	8.775900e-06	9.110650e-06
4.800000e+02	5.200000e+02	5.195750e-05	7.090050e-06	8.957125e-06
5.200000e+02	5.600000e+02	4.715890e-05	6.806325e-06	7.760125e-06
5.600000e+02	6.000000e+02	4.134533e-05	5.264025e-06	9.054325e-06
6.000000e+02	6.400000e+02	3.828040e-05	5.815850e-06	6.961225e-06
6.400000e+02	6.800000e+02	3.412508e-05	3.430850e-06	7.253700e-06
6.800000e+02	7.200000e+02	3.103953e-05	4.828975e-06	5.781000e-06
7.200000e+02	7.600000e+02	2.880345e-05	5.436040e-06	4.958775e-06
7.600000e+02	8.000000e+02	2.595775e-05	4.124898e-06	4.686250e-06
8.000000e+02	8.400000e+02	2.285964e-05	2.913485e-06	5.358010e-06
8.400000e+02	8.800000e+02	2.094407e-05	2.558273e-06	4.000790e-06
8.800000e+02	9.200000e+02	1.904001e-05	2.659255e-06	3.712545e-06
9.200000e+02	9.600000e+02	1.777681e-05	3.220725e-06	2.987707e-06
9.600000e+02	1.000000e+03	1.669542e-05	2.972138e-06	1.963837e-06
1.000000e+03	1.040000e+03	1.530797e-05	3.061675e-06	1.664845e-06
1.040000e+03	1.080000e+03	1.318967e-05	1.933573e-06	3.893487e-06
1.080000e+03	1.120000e+03	1.189003e-05	1.672270e-06	3.241638e-06
1.120000e+03	1.160000e+03	1.152583e-05	1.742630e-06	1.828440e-06
1.160000e+03	1.200000e+03	1.017793e-05	1.517805e-06	2.469365e-06
1.200000e+03	1.240000e+03	1.065795e-05	2.910197e-06	6.490875e-07
1.240000e+03	1.280000e+03	8.697915e-06	7.492200e-07	1.906835e-06
1.280000e+03	1.320000e+03	7.829665e-06	1.118087e-06	2.004212e-06
1.320000e+03	1.360000e+03	7.018023e-06	1.147418e-06	1.521062e-06
1.360000e+03	1.400000e+03	6.809928e-06	1.470215e-06	1.639117e-06
1.400000e+03	1.440000e+03	6.144873e-06	1.178062e-06	1.436008e-06
1.440000e+03	1.480000e+03	5.401703e-06	7.064450e-07	1.428080e-06
1.480000e+03	1.520000e+03	5.213258e-06	1.132178e-06	8.312075e-07
1.520000e+03	1.560000e+03	4.810763e-06	8.927600e-07	1.011487e-06
1.560000e+03	1.600000e+03	4.272880e-06	7.371650e-07	6.289625e-07
1.600000e+03	1.640000e+03	3.877787e-06	6.303750e-07	8.520725e-07
1.640000e+03	1.680000e+03	3.804987e-06	7.378450e-07	5.617200e-07
1.680000e+03	1.720000e+03	3.377193e-06	7.403475e-07	5.003000e-07
1.720000e+03	1.760000e+03	3.233232e-06	7.268350e-07	5.334700e-07
1.760000e+03	1.800000e+03	2.784083e-06	4.904483e-07	4.781650e-07
1.800000e+03	1.840000e+03	2.429454e-06	3.171565e-07	6.631887e-07
1.840000e+03	1.880000e+03	2.438382e-06	4.345013e-07	6.048185e-07
1.880000e+03	1.920000e+03	2.157700e-06	2.639308e-07	5.724847e-07
1.920000e+03	1.960000e+03	1.987244e-06	3.433947e-07	6.216260e-07
1.960000e+03	2.000000e+03	1.960658e-06	5.566320e-07	3.825727e-07
2.000000e+03	2.040000e+03	1.751309e-06	3.811315e-07	1.665538e-07
2.040000e+03	2.080000e+03	1.587621e-06	1.865390e-07	1.642442e-07
2.080000e+03	2.120000e+03	1.530470e-06	2.176690e-07	2.542160e-07
2.120000e+03	2.160000e+03	1.248296e-06	1.702345e-07	4.039390e-07
2.160000e+03	2.200000e+03	1.144904e-06	1.431045e-07	3.307455e-07
2.200000e+03	2.240000e+03	1.132509e-06	2.218163e-07	2.732302e-07
2.240000e+03	2.280000e+03	1.004853e-06	1.531432e-07	2.243380e-07
2.280000e+03	2.320000e+03	1.042277e-06	2.601930e-07	3.663075e-08
2.320000e+03	2.360000e+03	8.689975e-07	1.216810e-07	2.297750e-07
2.360000e+03	2.400000e+03	7.693405e-07	2.017550e-08	4.034047e-07
2.400000e+03	2.440000e+03	7.801355e-07	1.410740e-07	2.567920e-07
2.440000e+03	2.480000e+03	8.276727e-07	2.812925e-07	1.138600e-08
2.480000e+03	2.520000e+03	5.790437e-07	1.672525e-08	1.755935e-07
2.520000e+03	2.560000e+03	5.759745e-07	1.080245e-07	1.852960e-07
2.560000e+03	2.600000e+03	5.320080e-07	6.112975e-08	2.632875e-07
2.600000e+03	2.640000e+03	4.846205e-07	1.025495e-07	1.433013e-07
2.640000e+03	2.680000e+03	4.506570e-07	9.117400e-08	1.257590e-07
2.680000e+03	2.720000e+03	3.603270e-07	4.746725e-08	1.107782e-07
2.720000e+03	2.760000e+03	3.229210e-07	1.197275e-08	1.994082e-07
2.760000e+03	2.800000e+03	3.128400e-07	1.647075e-08	1.699453e-07
2.800000e+03	2.840000e+03	3.151833e-07	8.497445e-08	1.116002e-07
2.840000e+03	2.880000e+03	2.745982e-07	4.671418e-08	4.621900e-08
2.880000e+03	2.920000e+03	2.694373e-07	7.989555e-08	3.083800e-08
2.920000e+03	2.960000e+03	2.154558e-07	1.264152e-08	1.107464e-07
2.960000e+03	3.000000e+03	2.320163e-07	7.339135e-08	1.067927e-07
3.000000e+03	3.040000e+03	2.006308e-07	5.178423e-08	4.936645e-08
3.040000e+03	3.080000e+03	1.674330e-07	2.697467e-08	3.313688e-08
3.080000e+03	3.120000e+03	1.561377e-07	0.000000e+00	2.719740e-08
3.120000e+03	3.160000e+03	1.717539e-07	5.327712e-08	0.000000e+00
3.160000e+03	3.200000e+03	1.498860e-07	3.593243e-08	2.780460e-08
3.200000e+03	3.240000e+03	1.628507e-07	6.376605e-08	1.045328e-08
3.240000e+03	3.280000e+03	1.180684e-07	3.134690e-08	4.276138e-08
3.280000e+03	3.320000e+03	1.054485e-07	4.123375e-09	5.823708e-08
3.320000e+03	3.360000e+03	1.150014e-07	0.000000e+00	6.127367e-08
3.360000e+03	3.400000e+03	9.965308e-08	3.645583e-08	2.876148e-08
3.400000e+03	3.440000e+03	1.367476e-07	7.900153e-08	0.000000e+00
3.440000e+03	3.480000e+03	7.989122e-08	3.488632e-08	4.016390e-08
3.480000e+03	3.520000e+03	6.832985e-08	6.534500e-10	1.288777e-08
3.520000e+03	3.560000e+03	6.391390e-08	1.032975e-08	1.321270e-08
3.560000e+03	3.600000e+03	6.613965e-08	2.700685e-08	8.098275e-09
3.600000e+03	3.640000e+03	4.552552e-08	1.333803e-08	1.077697e-08
3.640000e+03	3.680000e+03	4.433670e-08	1.237275e-08	3.746947e-08
3.680000e+03	3.720000e+03	5.163965e-08	9.756100e-09	2.162900e-09
3.720000e+03	3.760000e+03	4.636180e-08	1.764008e-08	2.490520e-08
3.760000e+03	3.800000e+03	3.808610e-08	7.788625e-09	0.000000e+00
3.800000e+03	3.840000e+03	3.276273e-08	7.349900e-09	2.406075e-09
3.840000e+03	3.880000e+03	4.475540e-08	3.031287e-08	2.767725e-09
3.880000e+03	3.920000e+03	2.644872e-08	4.887167e-09	1.825070e-08
3.920000e+03	3.960000e+03	3.475700e-08	2.078741e-08	9.555900e-09
3.960000e+03	4.000000e+03	2.557880e-08	9.657677e-09	7.692975e-09
4.000000e+03	4.040000e+03	2.554150e-08	1.450674e-08	0.000000e+00
4.040000e+03	4.080000e+03	1.310130e-08	0.000000e+00	9.586315e-09
4.080000e+03	4.120000e+03	1.508687e-08	4.265205e-09	6.770602e-09
4.120000e+03	4.160000e+03	1.916770e-08	0.000000e+00	3.076127e-09
4.160000e+03	4.200000e+03	1.245014e-08	1.129725e-09	6.395675e-10
4.200000e+03	4.240000e+03	1.048126e-08	0.000000e+00	2.631368e-09
4.240000e+03	4.280000e+03	9.098657e-09	6.765575e-10	6.247465e-09
4.280000e+03	4.320000e+03	1.173514e-08	5.863395e-09	1.308993e-09
4.320000e+03	4.360000e+03	1.274148e-08	2.899910e-09	8.694552e-09
4.360000e+03	4.400000e+03	1.413412e-09	0.000000e+00	2.984294e-08
4.400000e+03	4.440000e+03	8.284583e-09	3.223780e-09	4.684150e-10
4.440000e+03	4.480000e+03	6.532222e-09	0.000000e+00	6.487650e-10
4.480000e+03	4.520000e+03	5.632817e-09	1.187797e-09	2.576950e-10
4.520000e+03	4.560000e+03	2.700168e-09	0.000000e+00	7.043768e-09
4.560000e+03	4.600000e+03	4.046930e-09	1.254342e-09	3.608105e-09
4.600000e+03	4.640000e+03	5.084348e-09	3.458625e-09	0.000000e+00
4.640000e+03	4.680000e+03	6.088270e-09	2.556427e-09	2.403150e-10
4.680000e+03	4.720000e+03	4.102422e-09	2.009996e-09	0.000000e+00
4.720000e+03	4.760000e+03	2.978560e-09	1.458138e-09	1.621357e-09
4.760000e+03	4.800000e+03	3.205152e-09	2.814075e-10	0.000000e+00
4.800000e+03	4.840000e+03	3.494160e-09	2.192146e-09	0.000000e+00
4.840000e+03	4.880000e+03	3.109072e-09	1.915607e-09	0.000000e+00
4.880000e+03	4.920000e+03	2.377133e-09	8.748285e-10	5.475068e-10
4.920000e+03	4.960000e+03	3.398980e-09	7.608800e-10	0.000000e+00
4.960000e+03	5.000000e+03	1.513082e-09	0.000000e+00	4.354278e-09
5.000000e+03	5.040000e+03	9.945995e-10	4.268028e-10	0.000000e+00
5.040000e+03	5.080000e+03	2.309796e-09	1.317171e-09	0.000000e+00
5.080000e+03	5.120000e+03	1.427032e-09	8.998850e-10	0.000000e+00
5.120000e+03	5.160000e+03	1.703741e-09	8.574622e-10	2.211435e-10
5.160000e+03	5.200000e+03	1.141533e-09	4.366832e-10	0.000000e+00
5.200000e+03	5.240000e+03	4.283940e-10	0.000000e+00	2.739226e-09
5.240000e+03	5.280000e+03	6.310407e-10	0.000000e+00	6.446015e-10
5.280000e+03	5.320000e+03	1.049252e-09	5.032098e-10	0.000000e+00
5.320000e+03	5.360000e+03	6.455075e-10	0.000000e+00	5.375993e-10
5.360000e+03	5.400000e+03	7.142372e-10	8.164448e-10	0.000000e+00
5.400000e+03	5.440000e+03	6.535145e-10	3.403850e-10	0.000000e+00
5.440000e+03	5.480000e+03	7.818928e-10	1.317597e-09	0.000000e+00
5.480000e+03	5.520000e+03	1.656018e-10	0.000000e+00	1.113603e-09
5.520000e+03	5.560000e+03	2.805753e-10	2.928095e-10	1.457800e-10
5.560000e+03	5.600000e+03	2.326102e-10	0.000000e+00	9.361077e-11
5.600000e+03	5.640000e+03	1.296593e-09	1.055731e-09	0.000000e+00
5.640000e+03	5.680000e+03	2.334576e-10	4.338160e-09	0.000000e+00
5.680000e+03	5.720000e+03	5.055227e-10	3.381655e-10	1.161480e-09
5.720000e+03	5.760000e+03	3.390085e-10	2.291083e-10	1.678697e-10
5.760000e+03	5.800000e+03	2.105554e-10	1.245532e-10	0.000000e+00
5.800000e+03	5.840000e+03	1.050455e-10	3.966285e-11	1.636102e-10
5.840000e+03	5.880000e+03	5.037670e-11	1.604325e-12	8.133570e-11
5.880000e+03	5.920000e+03	4.061868e-10	7.884800e-11	8.653500e-12
5.920000e+03	5.960000e+03	-1.431725e-11	0.000000e+00	1.754083e-10
5.960000e+03	6.000000e+03	1.812261e-10	1.406098e-10	3.577552e-11
# END HISTO1D


# BEGIN HISTO1D //homes/tinghua1/Merging-Project/Production/HJETS/ratio-plots/hjets-vbfnlo/H-2-3-4-25gev-combine.yoda/MC_H2JETS_04_INC/j1j4_mass
ErrorBandColor=yellow
ErrorBandOpacity=0.3
ErrorBands=1
ErrorType=env
LineColor=yellow
LineStyle=solid
Path=//homes/tinghua1/Merging-Project/Production/HJETS/ratio-plots/hjets-vbfnlo/H-2-3-4-25gev-combine.yoda/MC_H2JETS_04_INC/j1j4_mass
RatioPlotSameStyle=1
Title=h(2,3,4)
# xlow	 xhigh	 val	 errminus	 errplus
0.000000e+00	4.000000e+01	2.641137e-04	2.446163e-05	5.355525e-05
4.000000e+01	8.000000e+01	8.308932e-04	1.104637e-04	1.432370e-04
8.000000e+01	1.200000e+02	9.269530e-04	1.009300e-04	1.176715e-04
1.200000e+02	1.600000e+02	6.584588e-04	7.826825e-05	8.826950e-05
1.600000e+02	2.000000e+02	4.382453e-04	4.997700e-05	6.679150e-05
2.000000e+02	2.400000e+02	3.074300e-04	3.951625e-05	4.912825e-05
2.400000e+02	2.800000e+02	2.325159e-04	3.354027e-05	3.494437e-05
2.800000e+02	3.200000e+02	1.794807e-04	2.252840e-05	3.178713e-05
3.200000e+02	3.600000e+02	1.437865e-04	1.809050e-05	3.025832e-05
3.600000e+02	4.000000e+02	1.210103e-04	1.712822e-05	2.378853e-05
4.000000e+02	4.400000e+02	1.063397e-04	1.970735e-05	1.644810e-05
4.400000e+02	4.800000e+02	8.857458e-05	1.394592e-05	1.400742e-05
4.800000e+02	5.200000e+02	7.581623e-05	1.253130e-05	1.620452e-05
5.200000e+02	5.600000e+02	6.646983e-05	1.174693e-05	1.194340e-05
5.600000e+02	6.000000e+02	5.845575e-05	9.440450e-06	1.318597e-05
6.000000e+02	6.400000e+02	5.117118e-05	9.299300e-06	1.117922e-05
6.400000e+02	6.800000e+02	4.479018e-05	7.967075e-06	1.085740e-05
6.800000e+02	7.200000e+02	4.086647e-05	6.735625e-06	1.022678e-05
7.200000e+02	7.600000e+02	3.589713e-05	5.941925e-06	8.527125e-06
7.600000e+02	8.000000e+02	3.232608e-05	6.046600e-06	6.566625e-06
8.000000e+02	8.400000e+02	2.866520e-05	5.005925e-06	6.551750e-06
8.400000e+02	8.800000e+02	2.613757e-05	4.320325e-06	6.333275e-06
8.800000e+02	9.200000e+02	2.394233e-05	4.528452e-06	6.573145e-06
9.200000e+02	9.600000e+02	2.023243e-05	3.033292e-06	6.263823e-06
9.600000e+02	1.000000e+03	1.992063e-05	4.653115e-06	5.111518e-06
1.000000e+03	1.040000e+03	1.803563e-05	3.768925e-06	3.493183e-06
1.040000e+03	1.080000e+03	1.575852e-05	2.594527e-06	3.535628e-06
1.080000e+03	1.120000e+03	1.430596e-05	8.869900e-07	3.814378e-06
1.120000e+03	1.160000e+03	1.280293e-05	1.938328e-06	4.420012e-06
1.160000e+03	1.200000e+03	1.171213e-05	1.825073e-06	3.254785e-06
1.200000e+03	1.240000e+03	1.127941e-05	2.744868e-06	2.207405e-06
1.240000e+03	1.280000e+03	9.665015e-06	2.134435e-06	2.793865e-06
1.280000e+03	1.320000e+03	8.849963e-06	1.631665e-06	3.056000e-06
1.320000e+03	1.360000e+03	8.086950e-06	1.318912e-06	1.903480e-06
1.360000e+03	1.400000e+03	7.611452e-06	1.687520e-06	1.823105e-06
1.400000e+03	1.440000e+03	6.701093e-06	1.271680e-06	1.998575e-06
1.440000e+03	1.480000e+03	6.117030e-06	9.323325e-07	1.598990e-06
1.480000e+03	1.520000e+03	5.807282e-06	0.000000e+00	1.545648e-06
1.520000e+03	1.560000e+03	5.021428e-06	8.087200e-07	2.343950e-06
1.560000e+03	1.600000e+03	4.726212e-06	1.011600e-06	1.165510e-06
1.600000e+03	1.640000e+03	4.456188e-06	1.107058e-06	1.251140e-06
1.640000e+03	1.680000e+03	4.244132e-06	1.339147e-06	1.206318e-06
1.680000e+03	1.720000e+03	3.639373e-06	6.741700e-07	1.177888e-06
1.720000e+03	1.760000e+03	3.431507e-06	7.627200e-07	9.266150e-07
1.760000e+03	1.800000e+03	3.208022e-06	8.291645e-07	8.020625e-07
1.800000e+03	1.840000e+03	3.131662e-06	1.051923e-06	2.622975e-07
1.840000e+03	1.880000e+03	2.718467e-06	7.952937e-07	7.468800e-07
1.880000e+03	1.920000e+03	2.384735e-06	2.619880e-07	6.621727e-07
1.920000e+03	1.960000e+03	3.923942e-06	1.986157e-06	0.000000e+00
1.960000e+03	2.000000e+03	2.088634e-06	4.808725e-07	6.731032e-07
2.000000e+03	2.040000e+03	1.912687e-06	3.363607e-07	4.995593e-07
2.040000e+03	2.080000e+03	1.764970e-06	4.104713e-07	2.820075e-07
2.080000e+03	2.120000e+03	1.623653e-06	2.867575e-07	5.887412e-07
2.120000e+03	2.160000e+03	1.502252e-06	3.977597e-07	6.848260e-07
2.160000e+03	2.200000e+03	1.322924e-06	2.743768e-07	2.892545e-07
2.200000e+03	2.240000e+03	1.202995e-06	2.882697e-07	5.639360e-07
2.240000e+03	2.280000e+03	1.086672e-06	2.190855e-07	2.245270e-07
2.280000e+03	2.320000e+03	1.191003e-06	3.547010e-07	2.812027e-07
2.320000e+03	2.360000e+03	7.679965e-07	5.536500e-08	6.385050e-07
2.360000e+03	2.400000e+03	9.693775e-07	2.470040e-07	1.038072e-07
2.400000e+03	2.440000e+03	7.734710e-07	2.125515e-07	3.824413e-07
2.440000e+03	2.480000e+03	7.222198e-07	7.389200e-08	1.056613e-07
2.480000e+03	2.520000e+03	6.980778e-07	1.894762e-07	1.413972e-07
2.520000e+03	2.560000e+03	5.539258e-07	1.690640e-07	2.067212e-07
2.560000e+03	2.600000e+03	5.045308e-07	6.760225e-08	2.161363e-07
2.600000e+03	2.640000e+03	5.000773e-07	1.645878e-07	1.133945e-07
2.640000e+03	2.680000e+03	4.404338e-07	4.966225e-08	2.055820e-07
2.680000e+03	2.720000e+03	4.228295e-07	4.665925e-08	1.378607e-07
2.720000e+03	2.760000e+03	3.652823e-07	3.426250e-08	1.180193e-07
2.760000e+03	2.800000e+03	4.016127e-07	0.000000e+00	3.136405e-07
2.800000e+03	2.840000e+03	3.622223e-07	4.234575e-08	0.000000e+00
2.840000e+03	2.880000e+03	3.063223e-07	7.813990e-08	1.065172e-07
2.880000e+03	2.920000e+03	3.364920e-07	1.059048e-07	0.000000e+00
2.920000e+03	2.960000e+03	2.442024e-07	6.796303e-08	7.925832e-08
2.960000e+03	3.000000e+03	2.472701e-07	3.971665e-08	0.000000e+00
3.000000e+03	3.040000e+03	7.014600e-08	0.000000e+00	1.771595e-07
3.040000e+03	3.080000e+03	1.838303e-07	8.415945e-08	4.990430e-08
3.080000e+03	3.120000e+03	2.283009e-07	7.188213e-08	2.953262e-08
3.120000e+03	3.160000e+03	1.626209e-07	8.820292e-08	8.595150e-08
3.160000e+03	3.200000e+03	1.821380e-07	8.353925e-08	3.687025e-09
3.200000e+03	3.240000e+03	1.635058e-07	1.563308e-08	1.996852e-08
3.240000e+03	3.280000e+03	1.492544e-07	2.958087e-08	0.000000e+00
3.280000e+03	3.320000e+03	9.940237e-08	4.590975e-09	1.239390e-07
3.320000e+03	3.360000e+03	1.433735e-07	8.838658e-08	0.000000e+00
3.360000e+03	3.400000e+03	9.165968e-08	3.427610e-08	1.414479e-07
3.400000e+03	3.440000e+03	1.009326e-07	3.678837e-08	0.000000e+00
3.440000e+03	3.480000e+03	8.877510e-08	2.449155e-08	3.252350e-08
3.480000e+03	3.520000e+03	8.385978e-08	1.581900e-08	3.580600e-08
3.520000e+03	3.560000e+03	7.660355e-08	3.572722e-08	1.975175e-09
3.560000e+03	3.600000e+03	6.858848e-08	0.000000e+00	8.398600e-09
3.600000e+03	3.640000e+03	3.482035e-08	1.109240e-08	4.831590e-08
3.640000e+03	3.680000e+03	1.456333e-07	1.042268e-07	0.000000e+00
3.680000e+03	3.720000e+03	3.965790e-08	8.089325e-09	9.766675e-09
3.720000e+03	3.760000e+03	3.622910e-08	5.733275e-09	3.438665e-08
3.760000e+03	3.800000e+03	2.655200e-08	0.000000e+00	1.872583e-08
3.800000e+03	3.840000e+03	2.522258e-08	1.944052e-09	1.121570e-08
3.840000e+03	3.880000e+03	1.363415e-08	2.572955e-09	1.775397e-08
3.880000e+03	3.920000e+03	4.013015e-08	2.239175e-08	0.000000e+00
3.920000e+03	3.960000e+03	3.053705e-08	6.148760e-09	8.253450e-08
3.960000e+03	4.000000e+03	1.291442e-08	1.684188e-09	7.923245e-09
4.000000e+03	4.040000e+03	2.474700e-08	1.325273e-08	0.000000e+00
4.040000e+03	4.080000e+03	3.027537e-08	2.562102e-08	0.000000e+00
4.080000e+03	4.120000e+03	1.239073e-08	3.186160e-09	2.087702e-08
4.120000e+03	4.160000e+03	2.892265e-08	1.788122e-08	0.000000e+00
4.160000e+03	4.200000e+03	8.217845e-09	0.000000e+00	1.733580e-08
4.200000e+03	4.240000e+03	3.781898e-08	3.050113e-08	0.000000e+00
4.240000e+03	4.280000e+03	6.793298e-09	2.231915e-09	1.419478e-08
4.280000e+03	4.320000e+03	6.736615e-09	0.000000e+00	6.636800e-09
4.320000e+03	4.360000e+03	3.180563e-09	0.000000e+00	3.477646e-08
4.360000e+03	4.400000e+03	7.118435e-08	6.372449e-08	0.000000e+00
4.400000e+03	4.440000e+03	8.015120e-09	3.585107e-09	4.370225e-09
4.440000e+03	4.480000e+03	5.195855e-09	0.000000e+00	4.925895e-09
4.480000e+03	4.520000e+03	7.400142e-09	1.300465e-09	0.000000e+00
4.520000e+03	4.560000e+03	4.181978e-09	0.000000e+00	1.000825e-09
4.560000e+03	4.600000e+03	5.093488e-09	2.108358e-09	1.579455e-09
4.600000e+03	4.640000e+03	5.164260e-09	2.712182e-09	4.180470e-09
4.640000e+03	4.680000e+03	2.802517e-09	4.528000e-11	1.169883e-09
4.680000e+03	4.720000e+03	2.861875e-09	1.753700e-10	1.426275e-09
4.720000e+03	4.760000e+03	2.268774e-09	4.373191e-09	1.480765e-10
4.760000e+03	4.800000e+03	5.299690e-09	3.608307e-09	1.851327e-09
4.800000e+03	4.840000e+03	2.686080e-09	2.770874e-09	5.104175e-10
4.840000e+03	4.880000e+03	3.325100e-09	5.118500e-10	9.805787e-09
4.880000e+03	4.920000e+03	2.549558e-09	1.014530e-09	0.000000e+00
4.920000e+03	4.960000e+03	2.018097e-09	8.715032e-10	5.820026e-09
4.960000e+03	5.000000e+03	1.618961e-09	1.021588e-09	2.710532e-09
5.000000e+03	5.040000e+03	1.304047e-09	0.000000e+00	2.448748e-09
5.040000e+03	5.080000e+03	1.618660e-09	1.214924e-09	0.000000e+00
5.080000e+03	5.120000e+03	1.065100e-09	0.000000e+00	5.401425e-09
5.120000e+03	5.160000e+03	1.079898e-09	0.000000e+00	1.077252e-09
5.160000e+03	5.200000e+03	1.011339e-09	1.595195e-10	6.474875e-11
5.200000e+03	5.240000e+03	1.939560e-09	1.698495e-09	0.000000e+00
5.240000e+03	5.280000e+03	5.292425e-10	3.212292e-10	1.580976e-09
5.280000e+03	5.320000e+03	3.521882e-10	5.224875e-11	6.180378e-10
5.320000e+03	5.360000e+03	5.894682e-10	0.000000e+00	4.115355e-10
5.360000e+03	5.400000e+03	3.341423e-10	5.463438e-10	0.000000e+00
5.400000e+03	5.440000e+03	9.371135e-10	6.251115e-10	0.000000e+00
5.440000e+03	5.480000e+03	7.507933e-10	5.477868e-10	0.000000e+00
5.480000e+03	5.520000e+03	4.000012e-10	0.000000e+00	4.903202e-10
5.520000e+03	5.560000e+03	1.918424e-09	2.262855e-09	0.000000e+00
5.560000e+03	5.600000e+03	5.650558e-10	0.000000e+00	7.578970e-10
5.600000e+03	5.640000e+03	1.057329e-10	1.199452e-10	2.312081e-10
5.640000e+03	5.680000e+03	2.091073e-10	0.000000e+00	8.051023e-11
5.680000e+03	5.720000e+03	6.843405e-10	1.232410e-10	0.000000e+00
5.720000e+03	5.760000e+03	1.507939e-10	1.026741e-10	2.971839e-09
5.760000e+03	5.800000e+03	2.049543e-10	1.611545e-10	0.000000e+00
5.800000e+03	5.840000e+03	2.519200e-10	2.001346e-10	0.000000e+00
5.840000e+03	5.880000e+03	1.693842e-10	9.361485e-11	0.000000e+00
5.880000e+03	5.920000e+03	2.630472e-10	5.823847e-10	1.838875e-11
5.920000e+03	5.960000e+03	8.739673e-10	7.941960e-10	0.000000e+00
5.960000e+03	6.000000e+03	3.397813e-11	0.000000e+00	8.806884e-10
# END HISTO1D


# BEGIN HISTO1D //homes/tinghua1/Merging-Project/Production/HJETS/ratio-plots/hjets-vbfnlo/H-2-3-4-25gev-vbfnlo-combine.yoda/MC_H2JETS_04_INC/j1j4_mass
ErrorBandColor=green
ErrorBandOpacity=0.3
ErrorBands=1
ErrorType=env
LineColor=green
LineStyle=solid
Path=//homes/tinghua1/Merging-Project/Production/HJETS/ratio-plots/hjets-vbfnlo/H-2-3-4-25gev-vbfnlo-combine.yoda/MC_H2JETS_04_INC/j1j4_mass
RatioPlotSameStyle=1
Title=h(2,3,4)-vbfnlo
# xlow	 xhigh	 val	 errminus	 errplus
0.000000e+00	4.000000e+01	1.623803e-04	2.041427e-05	3.476963e-05
4.000000e+01	8.000000e+01	3.655985e-04	6.026925e-05	8.247650e-05
8.000000e+01	1.200000e+02	3.471437e-04	4.942825e-05	6.139300e-05
1.200000e+02	1.600000e+02	2.705398e-04	3.776063e-05	4.261075e-05
1.600000e+02	2.000000e+02	1.919357e-04	2.621380e-05	3.286067e-05
2.000000e+02	2.400000e+02	1.451494e-04	1.975430e-05	2.319023e-05
2.400000e+02	2.800000e+02	1.179189e-04	1.621223e-05	1.990407e-05
2.800000e+02	3.200000e+02	1.001232e-04	1.390300e-05	1.728865e-05
3.200000e+02	3.600000e+02	8.691442e-05	1.309445e-05	1.624342e-05
3.600000e+02	4.000000e+02	7.599175e-05	1.068392e-05	1.322730e-05
4.000000e+02	4.400000e+02	6.816220e-05	1.091260e-05	1.206807e-05
4.400000e+02	4.800000e+02	6.123410e-05	9.905450e-06	1.047613e-05
4.800000e+02	5.200000e+02	5.502325e-05	9.633300e-06	1.073185e-05
5.200000e+02	5.600000e+02	4.883463e-05	7.571525e-06	9.677075e-06
5.600000e+02	6.000000e+02	4.355055e-05	6.827975e-06	9.480075e-06
6.000000e+02	6.400000e+02	3.971792e-05	6.737000e-06	9.015375e-06
6.400000e+02	6.800000e+02	3.549462e-05	5.517925e-06	8.360225e-06
6.800000e+02	7.200000e+02	3.260255e-05	6.138225e-06	6.759950e-06
7.200000e+02	7.600000e+02	2.946925e-05	5.199207e-06	6.764950e-06
7.600000e+02	8.000000e+02	2.672453e-05	5.200990e-06	5.782525e-06
8.000000e+02	8.400000e+02	2.577862e-05	5.613268e-06	3.601450e-06
8.400000e+02	8.800000e+02	2.190054e-05	3.759687e-06	5.403683e-06
8.800000e+02	9.200000e+02	2.007405e-05	3.733890e-06	4.998128e-06
9.200000e+02	9.600000e+02	1.832968e-05	3.522788e-06	4.592290e-06
9.600000e+02	1.000000e+03	1.651553e-05	3.135882e-06	4.170682e-06
1.000000e+03	1.040000e+03	1.547230e-05	3.267895e-06	3.254607e-06
1.040000e+03	1.080000e+03	1.413857e-05	3.049110e-06	2.981757e-06
1.080000e+03	1.120000e+03	1.265973e-05	2.757165e-06	2.730490e-06
1.120000e+03	1.160000e+03	1.141709e-05	2.390810e-06	3.036810e-06
1.160000e+03	1.200000e+03	1.076519e-05	2.161532e-06	2.752275e-06
1.200000e+03	1.240000e+03	9.600172e-06	1.316645e-06	2.317650e-06
1.240000e+03	1.280000e+03	8.932575e-06	1.927650e-06	2.512495e-06
1.280000e+03	1.320000e+03	8.490343e-06	2.232245e-06	2.110550e-06
1.320000e+03	1.360000e+03	7.084100e-06	1.099365e-06	2.269497e-06
1.360000e+03	1.400000e+03	6.777745e-06	1.182648e-06	1.855130e-06
1.400000e+03	1.440000e+03	6.166123e-06	1.058540e-06	2.080238e-06
1.440000e+03	1.480000e+03	5.659135e-06	1.023992e-06	1.464905e-06
1.480000e+03	1.520000e+03	5.313440e-06	1.208368e-06	1.455325e-06
1.520000e+03	1.560000e+03	4.743858e-06	1.082782e-06	1.346340e-06
1.560000e+03	1.600000e+03	4.493955e-06	8.893250e-07	1.214157e-06
1.600000e+03	1.640000e+03	4.133167e-06	9.085075e-07	1.091838e-06
1.640000e+03	1.680000e+03	3.680675e-06	3.556325e-07	9.227700e-07
1.680000e+03	1.720000e+03	3.435152e-06	9.092725e-07	7.349875e-07
1.720000e+03	1.760000e+03	3.219770e-06	6.772775e-07	8.801700e-07
1.760000e+03	1.800000e+03	3.055228e-06	8.039780e-07	7.665750e-07
1.800000e+03	1.840000e+03	2.683565e-06	6.039865e-07	7.458475e-07
1.840000e+03	1.880000e+03	2.520338e-06	6.486020e-07	5.802425e-07
1.880000e+03	1.920000e+03	2.157823e-06	3.882315e-07	6.483693e-07
1.920000e+03	1.960000e+03	1.990946e-06	4.712850e-07	7.200367e-07
1.960000e+03	2.000000e+03	1.787670e-06	3.536353e-07	6.870432e-07
2.000000e+03	2.040000e+03	1.685791e-06	3.472392e-07	7.067543e-07
2.040000e+03	2.080000e+03	1.899931e-06	6.948528e-07	2.703245e-07
2.080000e+03	2.120000e+03	1.624714e-06	5.074897e-07	3.366060e-07
2.120000e+03	2.160000e+03	1.322407e-06	3.045415e-07	5.456830e-07
2.160000e+03	2.200000e+03	1.298417e-06	2.523067e-07	3.561573e-07
2.200000e+03	2.240000e+03	1.103375e-06	1.648257e-07	3.940345e-07
2.240000e+03	2.280000e+03	1.074093e-06	2.767662e-07	3.949013e-07
2.280000e+03	2.320000e+03	1.022652e-06	3.068213e-07	1.651995e-07
2.320000e+03	2.360000e+03	8.627208e-07	1.575050e-07	3.000192e-07
2.360000e+03	2.400000e+03	8.250090e-07	2.042622e-07	4.432515e-07
2.400000e+03	2.440000e+03	6.932908e-07	6.095100e-08	2.085470e-07
2.440000e+03	2.480000e+03	7.071165e-07	1.468948e-07	2.209490e-07
2.480000e+03	2.520000e+03	5.840355e-07	6.119175e-08	3.227645e-07
2.520000e+03	2.560000e+03	6.189438e-07	8.764075e-08	1.240150e-07
2.560000e+03	2.600000e+03	5.296825e-07	1.304820e-07	2.034280e-07
2.600000e+03	2.640000e+03	4.621232e-07	2.413575e-08	1.926665e-07
2.640000e+03	2.680000e+03	4.329133e-07	1.047118e-07	9.606125e-08
2.680000e+03	2.720000e+03	3.531072e-07	0.000000e+00	1.333725e-07
2.720000e+03	2.760000e+03	4.570682e-07	1.734437e-07	7.082200e-08
2.760000e+03	2.800000e+03	3.567195e-07	1.099181e-07	9.124100e-08
2.800000e+03	2.840000e+03	3.433660e-07	8.357575e-08	7.354950e-08
2.840000e+03	2.880000e+03	2.690895e-07	4.650228e-08	1.263295e-07
2.880000e+03	2.920000e+03	2.697155e-07	6.464630e-08	6.284700e-08
2.920000e+03	2.960000e+03	2.878875e-07	1.135494e-07	7.862725e-08
2.960000e+03	3.000000e+03	2.121949e-07	4.167685e-08	5.943188e-08
3.000000e+03	3.040000e+03	1.852290e-07	2.682645e-08	8.577905e-08
3.040000e+03	3.080000e+03	1.713999e-07	3.611467e-08	8.481663e-08
3.080000e+03	3.120000e+03	1.943060e-07	6.622490e-08	2.289822e-08
3.120000e+03	3.160000e+03	1.490456e-07	1.363670e-08	6.394393e-08
3.160000e+03	3.200000e+03	1.647924e-07	4.506043e-08	1.196215e-08
3.200000e+03	3.240000e+03	1.431385e-07	5.646797e-08	1.038908e-08
3.240000e+03	3.280000e+03	1.084783e-07	3.034023e-08	5.994765e-08
3.280000e+03	3.320000e+03	1.235318e-07	1.036885e-08	1.204685e-07
3.320000e+03	3.360000e+03	9.721757e-08	2.429147e-08	3.631250e-08
3.360000e+03	3.400000e+03	9.936172e-08	2.441080e-08	1.389468e-08
3.400000e+03	3.440000e+03	8.667683e-08	1.233837e-08	3.141795e-08
3.440000e+03	3.480000e+03	8.578147e-08	2.728950e-08	2.594768e-08
3.480000e+03	3.520000e+03	6.093950e-08	9.631125e-09	2.580905e-08
3.520000e+03	3.560000e+03	7.090247e-08	2.281442e-08	1.122010e-08
3.560000e+03	3.600000e+03	6.122590e-08	2.082195e-08	1.754063e-08
3.600000e+03	3.640000e+03	4.950285e-08	1.008655e-08	1.718100e-08
3.640000e+03	3.680000e+03	4.355355e-08	0.000000e+00	1.906893e-08
3.680000e+03	3.720000e+03	5.938605e-08	2.714750e-08	0.000000e+00
3.720000e+03	3.760000e+03	3.517628e-08	1.600425e-09	1.664203e-08
3.760000e+03	3.800000e+03	3.664192e-08	1.649246e-08	1.805253e-08
3.800000e+03	3.840000e+03	3.455405e-08	1.452017e-08	8.737350e-09
3.840000e+03	3.880000e+03	3.599735e-08	1.955593e-08	1.036690e-08
3.880000e+03	3.920000e+03	2.894315e-08	8.060730e-09	6.683550e-09
3.920000e+03	3.960000e+03	3.626807e-08	1.858510e-08	0.000000e+00
3.960000e+03	4.000000e+03	2.277189e-08	4.017450e-09	2.500496e-08
4.000000e+03	4.040000e+03	2.501535e-08	1.040225e-08	0.000000e+00
4.040000e+03	4.080000e+03	2.005693e-08	5.230845e-09	2.113907e-08
4.080000e+03	4.120000e+03	1.638911e-08	5.872655e-09	2.883250e-09
4.120000e+03	4.160000e+03	1.493338e-08	3.107757e-09	4.371522e-09
4.160000e+03	4.200000e+03	1.549678e-08	7.036093e-09	4.801280e-09
4.200000e+03	4.240000e+03	8.744290e-09	0.000000e+00	8.716425e-09
4.240000e+03	4.280000e+03	1.350715e-08	6.151285e-09	0.000000e+00
4.280000e+03	4.320000e+03	1.286276e-08	5.393020e-09	0.000000e+00
4.320000e+03	4.360000e+03	1.277643e-08	1.374374e-08	2.967953e-09
4.360000e+03	4.400000e+03	6.147105e-09	0.000000e+00	5.417167e-09
4.400000e+03	4.440000e+03	6.687508e-09	0.000000e+00	2.367160e-09
4.440000e+03	4.480000e+03	5.514923e-09	1.704048e-09	3.959977e-09
4.480000e+03	4.520000e+03	7.311430e-09	5.610383e-09	0.000000e+00
4.520000e+03	4.560000e+03	3.180225e-09	5.509750e-11	6.361993e-09
4.560000e+03	4.600000e+03	4.888870e-09	4.990033e-09	3.971810e-09
4.600000e+03	4.640000e+03	4.583715e-09	0.000000e+00	5.749647e-09
4.640000e+03	4.680000e+03	2.545148e-09	2.346336e-09	2.527760e-09
4.680000e+03	4.720000e+03	2.838635e-09	7.837765e-10	1.984723e-09
4.720000e+03	4.760000e+03	2.171478e-09	0.000000e+00	3.885400e-09
4.760000e+03	4.800000e+03	2.793555e-09	1.277670e-09	9.430200e-10
4.800000e+03	4.840000e+03	5.066198e-09	3.449186e-09	0.000000e+00
4.840000e+03	4.880000e+03	1.459521e-09	0.000000e+00	1.564089e-09
4.880000e+03	4.920000e+03	3.554332e-09	1.731314e-09	0.000000e+00
4.920000e+03	4.960000e+03	1.722214e-09	9.397050e-11	1.850769e-09
4.960000e+03	5.000000e+03	1.691352e-09	9.593348e-10	2.249942e-10
5.000000e+03	5.040000e+03	1.965132e-09	9.111327e-10	3.317323e-09
5.040000e+03	5.080000e+03	1.065578e-09	4.316615e-10	1.110580e-09
5.080000e+03	5.120000e+03	8.839530e-10	0.000000e+00	6.120905e-10
5.120000e+03	5.160000e+03	8.727405e-09	8.071247e-09	0.000000e+00
5.160000e+03	5.200000e+03	7.363572e-10	2.768987e-10	8.947925e-10
5.200000e+03	5.240000e+03	1.879809e-09	7.167128e-10	3.646000e-11
5.240000e+03	5.280000e+03	8.099460e-10	2.340422e-10	7.429750e-12
5.280000e+03	5.320000e+03	8.902820e-10	3.943090e-10	7.514925e-11
5.320000e+03	5.360000e+03	3.767385e-10	1.857822e-10	4.701935e-10
5.360000e+03	5.400000e+03	9.392010e-10	6.994749e-10	2.232922e-10
5.400000e+03	5.440000e+03	4.845115e-10	0.000000e+00	6.795132e-10
5.440000e+03	5.480000e+03	5.958225e-10	3.086777e-10	0.000000e+00
5.480000e+03	5.520000e+03	4.497643e-10	1.135825e-11	1.721915e-10
5.520000e+03	5.560000e+03	3.061072e-10	0.000000e+00	3.335347e-10
5.560000e+03	5.600000e+03	2.421783e-10	0.000000e+00	3.211020e-10
5.600000e+03	5.640000e+03	5.376825e-10	4.611630e-10	5.232050e-11
5.640000e+03	5.680000e+03	3.012360e-10	1.609050e-10	1.193120e-10
5.680000e+03	5.720000e+03	8.285255e-10	6.084900e-10	0.000000e+00
5.720000e+03	5.760000e+03	5.301485e-10	2.235118e-10	0.000000e+00
5.760000e+03	5.800000e+03	2.667208e-10	3.375910e-11	1.318900e-11
5.800000e+03	5.840000e+03	2.670265e-10	1.908883e-10	1.845772e-10
5.840000e+03	5.880000e+03	1.222736e-10	0.000000e+00	2.187562e-10
5.880000e+03	5.920000e+03	8.702290e-11	5.856780e-11	1.412709e-10
5.920000e+03	5.960000e+03	2.400855e-10	1.691687e-10	0.000000e+00
5.960000e+03	6.000000e+03	5.092935e-11	0.000000e+00	7.254292e-11
# END HISTO1D


# BEGIN HISTO1D //homes/tinghua1/Merging-Project/Production/HJETS/ratio-plots/hjets-vbfnlo/H-2-3-25gev-combine.yoda/MC_H2JETS_04_INC/j1j4_mass
ErrorBandColor=purple
ErrorBandOpacity=0.3
ErrorBands=1
ErrorType=env
LineColor=purple
LineStyle=solid
Path=//homes/tinghua1/Merging-Project/Production/HJETS/ratio-plots/hjets-vbfnlo/H-2-3-25gev-combine.yoda/MC_H2JETS_04_INC/j1j4_mass
RatioPlotSameStyle=1
Title=h(2,3)
# xlow	 xhigh	 val	 errminus	 errplus
0.000000e+00	4.000000e+01	2.441776e-04	0.000000e+00	7.764395e-05
4.000000e+01	8.000000e+01	6.859448e-04	0.000000e+00	2.364467e-04
8.000000e+01	1.200000e+02	7.397515e-04	0.000000e+00	1.846872e-04
1.200000e+02	1.600000e+02	5.013793e-04	0.000000e+00	1.421823e-04
1.600000e+02	2.000000e+02	3.187150e-04	0.000000e+00	9.482050e-05
2.000000e+02	2.400000e+02	2.144730e-04	0.000000e+00	6.752653e-05
2.400000e+02	2.800000e+02	1.555051e-04	0.000000e+00	5.245500e-05
2.800000e+02	3.200000e+02	1.197862e-04	0.000000e+00	4.264525e-05
3.200000e+02	3.600000e+02	9.797442e-05	0.000000e+00	3.349327e-05
3.600000e+02	4.000000e+02	8.023262e-05	0.000000e+00	3.043570e-05
4.000000e+02	4.400000e+02	6.893910e-05	0.000000e+00	2.564305e-05
4.400000e+02	4.800000e+02	5.819470e-05	0.000000e+00	2.397215e-05
4.800000e+02	5.200000e+02	5.063012e-05	0.000000e+00	2.065323e-05
5.200000e+02	5.600000e+02	4.449570e-05	0.000000e+00	1.886175e-05
5.600000e+02	6.000000e+02	3.886318e-05	0.000000e+00	1.721615e-05
6.000000e+02	6.400000e+02	3.405805e-05	0.000000e+00	1.567558e-05
6.400000e+02	6.800000e+02	3.038065e-05	0.000000e+00	1.402655e-05
6.800000e+02	7.200000e+02	2.711348e-05	0.000000e+00	1.268940e-05
7.200000e+02	7.600000e+02	2.415838e-05	0.000000e+00	1.156435e-05
7.600000e+02	8.000000e+02	2.219385e-05	0.000000e+00	1.053868e-05
8.000000e+02	8.400000e+02	1.934752e-05	0.000000e+00	9.943225e-06
8.400000e+02	8.800000e+02	1.767545e-05	0.000000e+00	8.394725e-06
8.800000e+02	9.200000e+02	1.556070e-05	0.000000e+00	8.065455e-06
9.200000e+02	9.600000e+02	1.410081e-05	0.000000e+00	7.329020e-06
9.600000e+02	1.000000e+03	1.275843e-05	0.000000e+00	6.679223e-06
1.000000e+03	1.040000e+03	1.164045e-05	0.000000e+00	6.338385e-06
1.040000e+03	1.080000e+03	1.035427e-05	0.000000e+00	5.735195e-06
1.080000e+03	1.120000e+03	9.402415e-06	0.000000e+00	5.274300e-06
1.120000e+03	1.160000e+03	8.580098e-06	0.000000e+00	4.590402e-06
1.160000e+03	1.200000e+03	7.707840e-06	0.000000e+00	4.624218e-06
1.200000e+03	1.240000e+03	7.057003e-06	0.000000e+00	4.020545e-06
1.240000e+03	1.280000e+03	6.392127e-06	0.000000e+00	3.747400e-06
1.280000e+03	1.320000e+03	6.032792e-06	0.000000e+00	3.300860e-06
1.320000e+03	1.360000e+03	5.421850e-06	0.000000e+00	3.207617e-06
1.360000e+03	1.400000e+03	4.932035e-06	0.000000e+00	2.772717e-06
1.400000e+03	1.440000e+03	4.493425e-06	0.000000e+00	2.828882e-06
1.440000e+03	1.480000e+03	4.001102e-06	0.000000e+00	2.410950e-06
1.480000e+03	1.520000e+03	3.624178e-06	0.000000e+00	2.278265e-06
1.520000e+03	1.560000e+03	3.381475e-06	0.000000e+00	2.210060e-06
1.560000e+03	1.600000e+03	3.066445e-06	0.000000e+00	2.027195e-06
1.600000e+03	1.640000e+03	2.793580e-06	0.000000e+00	1.780670e-06
1.640000e+03	1.680000e+03	2.561705e-06	0.000000e+00	1.599990e-06
1.680000e+03	1.720000e+03	2.317883e-06	0.000000e+00	1.550149e-06
1.720000e+03	1.760000e+03	2.152452e-06	0.000000e+00	1.364875e-06
1.760000e+03	1.800000e+03	1.919570e-06	0.000000e+00	1.214695e-06
1.800000e+03	1.840000e+03	1.769517e-06	0.000000e+00	1.153021e-06
1.840000e+03	1.880000e+03	1.610256e-06	0.000000e+00	1.139829e-06
1.880000e+03	1.920000e+03	1.479034e-06	0.000000e+00	1.013510e-06
1.920000e+03	1.960000e+03	1.460854e-06	0.000000e+00	7.937250e-07
1.960000e+03	2.000000e+03	1.362602e-06	0.000000e+00	7.039945e-07
2.000000e+03	2.040000e+03	1.166292e-06	0.000000e+00	7.685455e-07
2.040000e+03	2.080000e+03	1.027046e-06	0.000000e+00	7.178198e-07
2.080000e+03	2.120000e+03	9.481260e-07	0.000000e+00	7.133078e-07
2.120000e+03	2.160000e+03	9.197330e-07	0.000000e+00	5.342863e-07
2.160000e+03	2.200000e+03	7.792475e-07	0.000000e+00	6.015587e-07
2.200000e+03	2.240000e+03	7.020213e-07	0.000000e+00	5.177185e-07
2.240000e+03	2.280000e+03	7.431478e-07	0.000000e+00	3.752882e-07
2.280000e+03	2.320000e+03	6.299395e-07	0.000000e+00	3.681307e-07
2.320000e+03	2.360000e+03	5.891280e-07	0.000000e+00	3.460970e-07
2.360000e+03	2.400000e+03	4.799928e-07	0.000000e+00	4.172052e-07
2.400000e+03	2.440000e+03	4.610213e-07	0.000000e+00	3.626568e-07
2.440000e+03	2.480000e+03	4.538678e-07	0.000000e+00	2.897717e-07
2.480000e+03	2.520000e+03	3.849018e-07	0.000000e+00	2.493728e-07
2.520000e+03	2.560000e+03	3.245395e-07	0.000000e+00	2.717025e-07
2.560000e+03	2.600000e+03	3.142290e-07	0.000000e+00	2.447467e-07
2.600000e+03	2.640000e+03	3.458232e-07	0.000000e+00	1.861305e-07
2.640000e+03	2.680000e+03	2.640755e-07	0.000000e+00	2.246232e-07
2.680000e+03	2.720000e+03	2.634347e-07	0.000000e+00	1.968765e-07
2.720000e+03	2.760000e+03	2.190412e-07	0.000000e+00	1.768028e-07
2.760000e+03	2.800000e+03	1.946072e-07	0.000000e+00	1.677738e-07
2.800000e+03	2.840000e+03	1.802642e-07	0.000000e+00	1.425298e-07
2.840000e+03	2.880000e+03	1.820828e-07	0.000000e+00	1.179807e-07
2.880000e+03	2.920000e+03	1.912632e-07	0.000000e+00	8.565280e-08
2.920000e+03	2.960000e+03	1.323239e-07	0.000000e+00	1.200741e-07
2.960000e+03	3.000000e+03	1.277230e-07	0.000000e+00	1.000245e-07
3.000000e+03	3.040000e+03	1.178721e-07	0.000000e+00	1.105608e-07
3.040000e+03	3.080000e+03	9.888362e-08	0.000000e+00	1.008545e-07
3.080000e+03	3.120000e+03	9.204917e-08	0.000000e+00	7.646858e-08
3.120000e+03	3.160000e+03	8.804777e-08	0.000000e+00	7.561560e-08
3.160000e+03	3.200000e+03	8.531203e-08	0.000000e+00	5.133885e-08
3.200000e+03	3.240000e+03	6.063432e-08	0.000000e+00	7.741440e-08
3.240000e+03	3.280000e+03	1.006941e-07	1.365690e-08	1.126330e-08
3.280000e+03	3.320000e+03	5.695823e-08	0.000000e+00	3.200997e-08
3.320000e+03	3.360000e+03	5.773803e-08	0.000000e+00	3.152357e-08
3.360000e+03	3.400000e+03	6.431377e-08	3.578175e-09	1.858673e-08
3.400000e+03	3.440000e+03	5.674025e-08	0.000000e+00	3.021865e-08
3.440000e+03	3.480000e+03	3.640668e-08	0.000000e+00	2.776570e-08
3.480000e+03	3.520000e+03	4.203287e-08	0.000000e+00	1.562635e-08
3.520000e+03	3.560000e+03	3.660757e-08	0.000000e+00	2.491680e-08
3.560000e+03	3.600000e+03	4.405410e-08	0.000000e+00	5.209525e-09
3.600000e+03	3.640000e+03	4.007257e-08	3.132725e-09	8.925475e-09
3.640000e+03	3.680000e+03	2.764235e-08	0.000000e+00	1.133122e-08
3.680000e+03	3.720000e+03	2.537153e-08	0.000000e+00	1.640942e-08
3.720000e+03	3.760000e+03	2.062942e-08	0.000000e+00	2.534768e-08
3.760000e+03	3.800000e+03	1.999976e-08	0.000000e+00	9.534918e-09
3.800000e+03	3.840000e+03	2.208495e-08	0.000000e+00	6.183748e-09
3.840000e+03	3.880000e+03	1.747765e-08	0.000000e+00	9.829253e-09
3.880000e+03	3.920000e+03	1.180561e-08	0.000000e+00	9.685905e-09
3.920000e+03	3.960000e+03	1.159063e-08	0.000000e+00	1.221244e-08
3.960000e+03	4.000000e+03	7.028303e-09	0.000000e+00	2.386192e-08
4.000000e+03	4.040000e+03	8.581992e-09	0.000000e+00	1.104112e-08
4.040000e+03	4.080000e+03	7.075610e-09	0.000000e+00	7.431375e-09
4.080000e+03	4.120000e+03	8.414025e-09	0.000000e+00	7.374370e-09
4.120000e+03	4.160000e+03	7.720712e-09	0.000000e+00	3.457480e-09
4.160000e+03	4.200000e+03	6.507987e-09	2.458000e-10	9.345753e-09
4.200000e+03	4.240000e+03	5.763577e-09	0.000000e+00	3.184807e-09
4.240000e+03	4.280000e+03	5.433845e-09	0.000000e+00	1.888960e-09
4.280000e+03	4.320000e+03	7.104023e-09	0.000000e+00	3.090680e-09
4.320000e+03	4.360000e+03	5.407360e-09	0.000000e+00	8.975000e-10
4.360000e+03	4.400000e+03	2.873337e-09	0.000000e+00	5.709650e-09
4.400000e+03	4.440000e+03	5.710180e-09	2.275442e-09	1.317102e-09
4.440000e+03	4.480000e+03	2.509865e-09	0.000000e+00	3.106648e-09
4.480000e+03	4.520000e+03	3.402600e-09	0.000000e+00	1.015220e-09
4.520000e+03	4.560000e+03	3.014795e-09	0.000000e+00	1.174713e-09
4.560000e+03	4.600000e+03	3.448215e-09	5.602725e-10	5.408750e-10
4.600000e+03	4.640000e+03	1.815374e-09	0.000000e+00	1.819289e-09
4.640000e+03	4.680000e+03	2.486254e-09	2.318285e-10	1.168170e-09
4.680000e+03	4.720000e+03	1.859793e-09	0.000000e+00	2.905579e-09
4.720000e+03	4.760000e+03	1.579364e-09	0.000000e+00	1.278649e-09
4.760000e+03	4.800000e+03	8.498070e-10	0.000000e+00	1.657858e-09
4.800000e+03	4.840000e+03	1.082200e-09	0.000000e+00	1.239777e-09
4.840000e+03	4.880000e+03	7.137318e-10	0.000000e+00	7.737470e-10
4.880000e+03	4.920000e+03	5.994002e-10	0.000000e+00	1.686145e-09
4.920000e+03	4.960000e+03	6.919257e-10	0.000000e+00	6.188830e-10
4.960000e+03	5.000000e+03	9.159430e-10	1.093560e-10	1.192678e-09
5.000000e+03	5.040000e+03	7.682267e-10	0.000000e+00	4.302443e-10
5.040000e+03	5.080000e+03	7.510420e-10	4.415448e-10	6.779372e-10
5.080000e+03	5.120000e+03	7.456213e-10	0.000000e+00	3.136597e-10
5.120000e+03	5.160000e+03	5.107413e-10	1.980841e-09	8.792075e-11
5.160000e+03	5.200000e+03	3.290880e-10	0.000000e+00	6.399790e-10
5.200000e+03	5.240000e+03	2.892960e-10	0.000000e+00	2.949575e-10
5.240000e+03	5.280000e+03	8.624322e-11	0.000000e+00	7.328615e-10
5.280000e+03	5.320000e+03	1.511809e-10	0.000000e+00	3.574621e-10
5.320000e+03	5.360000e+03	4.036843e-10	1.352153e-10	6.226800e-11
5.360000e+03	5.400000e+03	2.859620e-10	1.219120e-10	0.000000e+00
5.400000e+03	5.440000e+03	2.039680e-10	0.000000e+00	2.777347e-10
5.440000e+03	5.480000e+03	3.252420e-10	3.785195e-10	2.092640e-10
5.480000e+03	5.520000e+03	3.332092e-10	1.069616e-10	0.000000e+00
5.520000e+03	5.560000e+03	2.413852e-10	2.217482e-10	0.000000e+00
5.560000e+03	5.600000e+03	5.564158e-10	3.357605e-10	0.000000e+00
5.600000e+03	5.640000e+03	4.604570e-11	3.284275e-11	2.016553e-10
5.640000e+03	5.680000e+03	1.124192e-10	0.000000e+00	2.827145e-10
5.680000e+03	5.720000e+03	6.557432e-11	0.000000e+00	6.974883e-11
5.720000e+03	5.760000e+03	1.620442e-10	0.000000e+00	2.074446e-10
5.760000e+03	5.800000e+03	1.805653e-11	0.000000e+00	1.226716e-10
5.800000e+03	5.840000e+03	7.236988e-11	0.000000e+00	3.694869e-10
5.840000e+03	5.880000e+03	3.263433e-10	2.926754e-10	9.972077e-10
5.880000e+03	5.920000e+03	2.215040e-11	1.084079e-11	1.172581e-10
5.920000e+03	5.960000e+03	5.434553e-11	4.217828e-11	0.000000e+00
5.960000e+03	6.000000e+03	3.801595e-11	1.569300e-12	1.556133e-11
# END HISTO1D


# BEGIN HISTO1D //homes/tinghua1/Merging-Project/Production/HJETS/ratio-plots/hjets-vbfnlo/H-2-3-25gev-vbfnlo-combine.yoda/MC_H2JETS_04_INC/j1j4_mass
ErrorBandColor=violet
ErrorBandOpacity=0.3
ErrorBands=1
ErrorType=env
LineColor=violet
LineStyle=solid
Path=//homes/tinghua1/Merging-Project/Production/HJETS/ratio-plots/hjets-vbfnlo/H-2-3-25gev-vbfnlo-combine.yoda/MC_H2JETS_04_INC/j1j4_mass
RatioPlotSameStyle=1
Title=h(2,3)-vbfnlo
# xlow	 xhigh	 val	 errminus	 errplus
0.000000e+00	4.000000e+01	1.966297e-04	5.354135e-05	0.000000e+00
4.000000e+01	8.000000e+01	4.233008e-04	1.312038e-04	0.000000e+00
8.000000e+01	1.200000e+02	3.622305e-04	9.642325e-05	0.000000e+00
1.200000e+02	1.600000e+02	2.734077e-04	6.892925e-05	0.000000e+00
1.600000e+02	2.000000e+02	1.942889e-04	4.890152e-05	0.000000e+00
2.000000e+02	2.400000e+02	1.478770e-04	3.754145e-05	0.000000e+00
2.400000e+02	2.800000e+02	1.213545e-04	3.161512e-05	0.000000e+00
2.800000e+02	3.200000e+02	1.030031e-04	2.767660e-05	0.000000e+00
3.200000e+02	3.600000e+02	8.950747e-05	2.378830e-05	0.000000e+00
3.600000e+02	4.000000e+02	7.938705e-05	2.182245e-05	0.000000e+00
4.000000e+02	4.400000e+02	7.114550e-05	2.013545e-05	0.000000e+00
4.400000e+02	4.800000e+02	6.384558e-05	1.846227e-05	0.000000e+00
4.800000e+02	5.200000e+02	5.759480e-05	1.704930e-05	0.000000e+00
5.200000e+02	5.600000e+02	5.204770e-05	1.574055e-05	0.000000e+00
5.600000e+02	6.000000e+02	4.695110e-05	1.448558e-05	0.000000e+00
6.000000e+02	6.400000e+02	4.241873e-05	1.314860e-05	0.000000e+00
6.400000e+02	6.800000e+02	3.855915e-05	1.227405e-05	0.000000e+00
6.800000e+02	7.200000e+02	3.485967e-05	1.121163e-05	0.000000e+00
7.200000e+02	7.600000e+02	3.143655e-05	1.020254e-05	0.000000e+00
7.600000e+02	8.000000e+02	2.876900e-05	9.479615e-06	0.000000e+00
8.000000e+02	8.400000e+02	2.620435e-05	8.893250e-06	0.000000e+00
8.400000e+02	8.800000e+02	2.375863e-05	7.946037e-06	0.000000e+00
8.800000e+02	9.200000e+02	2.176986e-05	7.508335e-06	0.000000e+00
9.200000e+02	9.600000e+02	1.987181e-05	6.924775e-06	0.000000e+00
9.600000e+02	1.000000e+03	1.806024e-05	6.311515e-06	0.000000e+00
1.000000e+03	1.040000e+03	1.643054e-05	5.788155e-06	0.000000e+00
1.040000e+03	1.080000e+03	1.501755e-05	5.440433e-06	0.000000e+00
1.080000e+03	1.120000e+03	1.359843e-05	4.803255e-06	0.000000e+00
1.120000e+03	1.160000e+03	1.255180e-05	4.623685e-06	0.000000e+00
1.160000e+03	1.200000e+03	1.142212e-05	4.080575e-06	0.000000e+00
1.200000e+03	1.240000e+03	1.053415e-05	3.886645e-06	0.000000e+00
1.240000e+03	1.280000e+03	9.522340e-06	3.496328e-06	0.000000e+00
1.280000e+03	1.320000e+03	8.732692e-06	3.154198e-06	0.000000e+00
1.320000e+03	1.360000e+03	7.978985e-06	2.928727e-06	0.000000e+00
1.360000e+03	1.400000e+03	7.320952e-06	2.749495e-06	0.000000e+00
1.400000e+03	1.440000e+03	6.752110e-06	2.592962e-06	0.000000e+00
1.440000e+03	1.480000e+03	6.133242e-06	2.294220e-06	0.000000e+00
1.480000e+03	1.520000e+03	5.709445e-06	2.216980e-06	0.000000e+00
1.520000e+03	1.560000e+03	5.185850e-06	1.995855e-06	0.000000e+00
1.560000e+03	1.600000e+03	4.727345e-06	1.746390e-06	0.000000e+00
1.600000e+03	1.640000e+03	4.378927e-06	1.632585e-06	0.000000e+00
1.640000e+03	1.680000e+03	3.920150e-06	1.479228e-06	0.000000e+00
1.680000e+03	1.720000e+03	3.647265e-06	1.399163e-06	0.000000e+00
1.720000e+03	1.760000e+03	3.475458e-06	1.430914e-06	0.000000e+00
1.760000e+03	1.800000e+03	3.080120e-06	1.261059e-06	0.000000e+00
1.800000e+03	1.840000e+03	2.836273e-06	1.115372e-06	0.000000e+00
1.840000e+03	1.880000e+03	2.569475e-06	9.985075e-07	0.000000e+00
1.880000e+03	1.920000e+03	2.375482e-06	9.379100e-07	0.000000e+00
1.920000e+03	1.960000e+03	2.201176e-06	9.172950e-07	0.000000e+00
1.960000e+03	2.000000e+03	1.967549e-06	7.590215e-07	0.000000e+00
2.000000e+03	2.040000e+03	1.806109e-06	7.487080e-07	0.000000e+00
2.040000e+03	2.080000e+03	1.656118e-06	6.635692e-07	0.000000e+00
2.080000e+03	2.120000e+03	1.535226e-06	6.112985e-07	0.000000e+00
2.120000e+03	2.160000e+03	1.443086e-06	5.936070e-07	0.000000e+00
2.160000e+03	2.200000e+03	1.299418e-06	5.210665e-07	0.000000e+00
2.200000e+03	2.240000e+03	1.200684e-06	4.961345e-07	0.000000e+00
2.240000e+03	2.280000e+03	1.131769e-06	4.509155e-07	0.000000e+00
2.280000e+03	2.320000e+03	1.037756e-06	4.076425e-07	0.000000e+00
2.320000e+03	2.360000e+03	9.380095e-07	3.744797e-07	0.000000e+00
2.360000e+03	2.400000e+03	8.664542e-07	3.571880e-07	0.000000e+00
2.400000e+03	2.440000e+03	8.057493e-07	3.465453e-07	0.000000e+00
2.440000e+03	2.480000e+03	6.931918e-07	2.619840e-07	0.000000e+00
2.480000e+03	2.520000e+03	6.610210e-07	2.914955e-07	0.000000e+00
2.520000e+03	2.560000e+03	5.825933e-07	2.328042e-07	0.000000e+00
2.560000e+03	2.600000e+03	5.559987e-07	2.237602e-07	0.000000e+00
2.600000e+03	2.640000e+03	5.206572e-07	2.284815e-07	0.000000e+00
2.640000e+03	2.680000e+03	4.848815e-07	2.167415e-07	0.000000e+00
2.680000e+03	2.720000e+03	4.271717e-07	1.833766e-07	0.000000e+00
2.720000e+03	2.760000e+03	4.061970e-07	1.818696e-07	0.000000e+00
2.760000e+03	2.800000e+03	3.683865e-07	1.650093e-07	0.000000e+00
2.800000e+03	2.840000e+03	3.219868e-07	1.157183e-07	0.000000e+00
2.840000e+03	2.880000e+03	2.834052e-07	1.051992e-07	0.000000e+00
2.880000e+03	2.920000e+03	2.672420e-07	1.049223e-07	0.000000e+00
2.920000e+03	2.960000e+03	2.433955e-07	9.363665e-08	0.000000e+00
2.960000e+03	3.000000e+03	2.006867e-07	7.896710e-08	0.000000e+00
3.000000e+03	3.040000e+03	2.148119e-07	1.047254e-07	0.000000e+00
3.040000e+03	3.080000e+03	2.097717e-07	8.545525e-08	0.000000e+00
3.080000e+03	3.120000e+03	1.695282e-07	6.583407e-08	0.000000e+00
3.120000e+03	3.160000e+03	1.563131e-07	7.123560e-08	0.000000e+00
3.160000e+03	3.200000e+03	1.507754e-07	7.123610e-08	0.000000e+00
3.200000e+03	3.240000e+03	1.333298e-07	5.733073e-08	0.000000e+00
3.240000e+03	3.280000e+03	1.148636e-07	4.752495e-08	0.000000e+00
3.280000e+03	3.320000e+03	1.120888e-07	4.808048e-08	0.000000e+00
3.320000e+03	3.360000e+03	9.202807e-08	3.553397e-08	0.000000e+00
3.360000e+03	3.400000e+03	8.852477e-08	3.837695e-08	0.000000e+00
3.400000e+03	3.440000e+03	8.585197e-08	4.596690e-08	0.000000e+00
3.440000e+03	3.480000e+03	7.244435e-08	3.198530e-08	0.000000e+00
3.480000e+03	3.520000e+03	6.544342e-08	2.932640e-08	0.000000e+00
3.520000e+03	3.560000e+03	5.560075e-08	2.169780e-08	0.000000e+00
3.560000e+03	3.600000e+03	5.082230e-08	2.439900e-08	0.000000e+00
3.600000e+03	3.640000e+03	4.969113e-08	2.265318e-08	0.000000e+00
3.640000e+03	3.680000e+03	4.522692e-08	1.510567e-08	0.000000e+00
3.680000e+03	3.720000e+03	3.385882e-08	1.175820e-08	0.000000e+00
3.720000e+03	3.760000e+03	4.072485e-08	1.810187e-08	0.000000e+00
3.760000e+03	3.800000e+03	3.387930e-08	1.444607e-08	0.000000e+00
3.800000e+03	3.840000e+03	2.394402e-08	4.535365e-09	3.085750e-10
3.840000e+03	3.880000e+03	2.574540e-08	1.075630e-08	0.000000e+00
3.880000e+03	3.920000e+03	2.331934e-08	1.105178e-08	0.000000e+00
3.920000e+03	3.960000e+03	2.407533e-08	8.788830e-09	0.000000e+00
3.960000e+03	4.000000e+03	2.187389e-08	1.002739e-08	0.000000e+00
4.000000e+03	4.040000e+03	1.856523e-08	6.050203e-09	0.000000e+00
4.040000e+03	4.080000e+03	1.710328e-08	5.239760e-09	0.000000e+00
4.080000e+03	4.120000e+03	1.751909e-08	9.540387e-09	0.000000e+00
4.120000e+03	4.160000e+03	1.505321e-08	7.431605e-09	0.000000e+00
4.160000e+03	4.200000e+03	1.545659e-08	9.058828e-09	0.000000e+00
4.200000e+03	4.240000e+03	1.153800e-08	6.388760e-09	0.000000e+00
4.240000e+03	4.280000e+03	1.203026e-08	6.199080e-09	0.000000e+00
4.280000e+03	4.320000e+03	8.507690e-09	3.629648e-09	0.000000e+00
4.320000e+03	4.360000e+03	8.092625e-09	3.592845e-09	0.000000e+00
4.360000e+03	4.400000e+03	5.503550e-09	1.324245e-09	5.889875e-10
4.400000e+03	4.440000e+03	7.004492e-09	4.367047e-09	0.000000e+00
4.440000e+03	4.480000e+03	6.497470e-09	5.542132e-09	0.000000e+00
4.480000e+03	4.520000e+03	6.191115e-09	3.603455e-09	0.000000e+00
4.520000e+03	4.560000e+03	3.128760e-09	6.040600e-10	8.751725e-10
4.560000e+03	4.600000e+03	2.787727e-09	1.011436e-09	4.575925e-10
4.600000e+03	4.640000e+03	3.801315e-09	1.786403e-09	0.000000e+00
4.640000e+03	4.680000e+03	3.065683e-09	1.698575e-09	0.000000e+00
4.680000e+03	4.720000e+03	4.347140e-09	3.491017e-09	0.000000e+00
4.720000e+03	4.760000e+03	2.385842e-09	1.036467e-09	0.000000e+00
4.760000e+03	4.800000e+03	2.479961e-09	1.221893e-09	0.000000e+00
4.800000e+03	4.840000e+03	2.042361e-09	5.029125e-10	0.000000e+00
4.840000e+03	4.880000e+03	2.105046e-09	1.284074e-09	0.000000e+00
4.880000e+03	4.920000e+03	1.322273e-09	2.616602e-10	8.637000e-12
4.920000e+03	4.960000e+03	1.065541e-09	3.764512e-10	0.000000e+00
4.960000e+03	5.000000e+03	1.921826e-09	1.381091e-09	0.000000e+00
5.000000e+03	5.040000e+03	9.072542e-10	2.373895e-10	4.427325e-11
5.040000e+03	5.080000e+03	1.042845e-09	6.250845e-10	0.000000e+00
5.080000e+03	5.120000e+03	1.014709e-09	6.535973e-10	0.000000e+00
5.120000e+03	5.160000e+03	6.453822e-10	2.379970e-10	0.000000e+00
5.160000e+03	5.200000e+03	6.549880e-10	3.899830e-10	0.000000e+00
5.200000e+03	5.240000e+03	9.615162e-10	6.701947e-10	0.000000e+00
5.240000e+03	5.280000e+03	4.408290e-10	4.350450e-11	2.921770e-10
5.280000e+03	5.320000e+03	5.681792e-10	3.995983e-10	0.000000e+00
5.320000e+03	5.360000e+03	3.414170e-10	1.969243e-10	6.366225e-11
5.360000e+03	5.400000e+03	4.058550e-10	1.018610e-10	0.000000e+00
5.400000e+03	5.440000e+03	3.025775e-10	2.855425e-11	5.499175e-11
5.440000e+03	5.480000e+03	5.059125e-10	2.668165e-10	0.000000e+00
5.480000e+03	5.520000e+03	4.353778e-10	2.613673e-10	0.000000e+00
5.520000e+03	5.560000e+03	1.787920e-10	6.397450e-11	3.476165e-10
5.560000e+03	5.600000e+03	6.085267e-10	5.135620e-10	0.000000e+00
5.600000e+03	5.640000e+03	3.309550e-10	2.519227e-10	0.000000e+00
5.640000e+03	5.680000e+03	1.542045e-10	2.206490e-11	1.550107e-10
5.680000e+03	5.720000e+03	2.171003e-10	1.355269e-10	0.000000e+00
5.720000e+03	5.760000e+03	6.196433e-11	0.000000e+00	7.855927e-11
5.760000e+03	5.800000e+03	9.247698e-11	3.279463e-11	5.062870e-11
5.800000e+03	5.840000e+03	1.786859e-10	1.134002e-10	0.000000e+00
5.840000e+03	5.880000e+03	1.714109e-10	1.223736e-10	0.000000e+00
5.880000e+03	5.920000e+03	7.653545e-11	3.265215e-11	0.000000e+00
5.920000e+03	5.960000e+03	7.274855e-11	1.956470e-11	1.286647e-10
5.960000e+03	6.000000e+03	2.029871e-10	1.823498e-10	0.000000e+00
# END HISTO1D

