# BEGIN PLOT
Scale=1000.0
DrawOnly=//homes/tinghua1/Merging-Project/Production/HJETS/ratio-plots/hjets-vbfnlo/H-N2-N3-4-25gev-combine.yoda/MC_H2JETS_04_INC/j2j3_mass //homes/tinghua1/Merging-Project/Production/HJETS/ratio-plots/hjets-vbfnlo/H-N2-N3-4-25gev-vbfnlo-combine.yoda/MC_H2JETS_04_INC/j2j3_mass //homes/tinghua1/Merging-Project/Production/HJETS/ratio-plots/hjets-vbfnlo/H-N2-3-4-25gev-combine.yoda/MC_H2JETS_04_INC/j2j3_mass //homes/tinghua1/Merging-Project/Production/HJETS/ratio-plots/hjets-vbfnlo/H-N2-3-4-25gev-vbfnlo-combine.yoda/MC_H2JETS_04_INC/j2j3_mass //homes/tinghua1/Merging-Project/Production/HJETS/ratio-plots/hjets-vbfnlo/H-2-3-4-25gev-combine.yoda/MC_H2JETS_04_INC/j2j3_mass //homes/tinghua1/Merging-Project/Production/HJETS/ratio-plots/hjets-vbfnlo/H-2-3-4-25gev-vbfnlo-combine.yoda/MC_H2JETS_04_INC/j2j3_mass //homes/tinghua1/Merging-Project/Production/HJETS/ratio-plots/hjets-vbfnlo/H-2-3-25gev-combine.yoda/MC_H2JETS_04_INC/j2j3_mass //homes/tinghua1/Merging-Project/Production/HJETS/ratio-plots/hjets-vbfnlo/H-2-3-25gev-vbfnlo-combine.yoda/MC_H2JETS_04_INC/j2j3_mass
RightMargin=0.5
RatioPlotReference=//homes/tinghua1/Merging-Project/Production/HJETS/ratio-plots/hjets-vbfnlo/H-N2-N3-4-25gev-combine.yoda/MC_H2JETS_04_INC/j2j3_mass
#RatioPlot=1
LogY=1
RatioPlotYMax=1.4
RatioPlotYLabel=Ratio
#LegendOnly=//homes/tinghua1/Merging-Project/Production/HJETS/ratio-plots/hjets-vbfnlo/H-N2-N3-4-25gev-combine.yoda/MC_H2JETS_04_INC/j2j3_mass //homes/tinghua1/Merging-Project/Production/HJETS/ratio-plots/hjets-vbfnlo/H-N2-N3-4-25gev-vbfnlo-combine.yoda/MC_H2JETS_04_INC/j2j3_mass //homes/tinghua1/Merging-Project/Production/HJETS/ratio-plots/hjets-vbfnlo/H-N2-3-4-25gev-combine.yoda/MC_H2JETS_04_INC/j2j3_mass //homes/tinghua1/Merging-Project/Production/HJETS/ratio-plots/hjets-vbfnlo/H-N2-3-4-25gev-vbfnlo-combine.yoda/MC_H2JETS_04_INC/j2j3_mass //homes/tinghua1/Merging-Project/Production/HJETS/ratio-plots/hjets-vbfnlo/H-2-3-4-25gev-combine.yoda/MC_H2JETS_04_INC/j2j3_mass //homes/tinghua1/Merging-Project/Production/HJETS/ratio-plots/hjets-vbfnlo/H-2-3-4-25gev-vbfnlo-combine.yoda/MC_H2JETS_04_INC/j2j3_mass //homes/tinghua1/Merging-Project/Production/HJETS/ratio-plots/hjets-vbfnlo/H-2-3-25gev-combine.yoda/MC_H2JETS_04_INC/j2j3_mass //homes/tinghua1/Merging-Project/Production/HJETS/ratio-plots/hjets-vbfnlo/H-2-3-25gev-vbfnlo-combine.yoda/MC_H2JETS_04_INC/j2j3_mass
XLabel=$m_{j_2j_3}$ (GeV)
LegendAlign=r
XMax=1000.0
YLabel=$ \text{d} \sigma/ \text{d}  m_{j_2j_3}$ (fb/GeV)
Legend=1
RatioPlot=4
MainPlotSelection={"Selection":[1,2,3,4,5,6,7,8]}
RatioPlots={"RatioPlotYLabel":"","Selection":[1,2]};{"RatioPlotYLabel":"","Selection":[3,4]};{"RatioPlotYLabel":"","Selection":[5,6]};{"RatioPlotYLabel":"","Selection":[7,8]}
RatioPlotSameStyle=1
RatioPlotYMin=0.0
# END PLOT


# BEGIN SPECIAL /MC_H2JETS_04_INC/j2j3_mass
\rput[tl](0.05,0.75){\parbox{5cm}{\textcolor{gray}{{\bf Herwig 7.2.0} \\ HJETS/ColorFull}}}
# END SPECIAL

# BEGIN HISTO1D //homes/tinghua1/Merging-Project/Production/HJETS/ratio-plots/hjets-vbfnlo/H-N2-N3-4-25gev-combine.yoda/MC_H2JETS_04_INC/j2j3_mass
ErrorBandColor=orange
ErrorBandOpacity=0.3
ErrorBands=1
ErrorType=env
LineColor=orange
LineStyle=solid
Path=//homes/tinghua1/Merging-Project/Production/HJETS/ratio-plots/hjets-vbfnlo/H-N2-N3-4-25gev-combine.yoda/MC_H2JETS_04_INC/j2j3_mass
RatioPlotSameStyle=1
Title=h(2*,3*,4)
# xlow	 xhigh	 val	 errminus	 errplus
0.000000e+00	4.000000e+01	2.297717e-03	8.692225e-05	2.729905e-04
4.000000e+01	8.000000e+01	5.386892e-03	2.380025e-04	1.632600e-04
8.000000e+01	1.200000e+02	3.916695e-03	0.000000e+00	3.480000e-05
1.200000e+02	1.600000e+02	2.021779e-03	7.901675e-05	2.916450e-05
1.600000e+02	2.000000e+02	1.316056e-03	4.837000e-05	0.000000e+00
2.000000e+02	2.400000e+02	9.609120e-04	2.614450e-05	3.800125e-05
2.400000e+02	2.800000e+02	7.916870e-04	1.463075e-05	0.000000e+00
2.800000e+02	3.200000e+02	6.305460e-04	2.629675e-05	2.239050e-05
3.200000e+02	3.600000e+02	5.632050e-04	3.768475e-05	6.904000e-06
3.600000e+02	4.000000e+02	4.446370e-04	4.362275e-05	1.372775e-05
4.000000e+02	4.400000e+02	4.161018e-04	1.489200e-05	7.936500e-06
4.400000e+02	4.800000e+02	3.774987e-04	1.398100e-05	7.352750e-06
4.800000e+02	5.200000e+02	3.305850e-04	7.033500e-06	2.707550e-05
5.200000e+02	5.600000e+02	3.061355e-04	1.866925e-05	0.000000e+00
5.600000e+02	6.000000e+02	2.887143e-04	2.865075e-05	0.000000e+00
6.000000e+02	6.400000e+02	2.484711e-04	1.133142e-05	2.067360e-05
6.400000e+02	6.800000e+02	2.188894e-04	3.558700e-06	2.282463e-05
6.800000e+02	7.200000e+02	1.923957e-04	4.137500e-08	4.772375e-06
7.200000e+02	7.600000e+02	1.839850e-04	9.229400e-06	0.000000e+00
7.600000e+02	8.000000e+02	1.734742e-04	1.437337e-05	1.912400e-06
8.000000e+02	8.400000e+02	1.474798e-04	0.000000e+00	2.630595e-05
8.400000e+02	8.800000e+02	1.823839e-04	5.295815e-05	0.000000e+00
8.800000e+02	9.200000e+02	1.303565e-04	8.369550e-06	0.000000e+00
9.200000e+02	9.600000e+02	1.169572e-04	9.650875e-06	0.000000e+00
9.600000e+02	1.000000e+03	1.041804e-04	7.941700e-06	0.000000e+00
1.000000e+03	1.040000e+03	9.136982e-05	2.436075e-06	3.694825e-06
1.040000e+03	1.080000e+03	8.873220e-05	9.476300e-06	0.000000e+00
1.080000e+03	1.120000e+03	8.051990e-05	2.879475e-06	0.000000e+00
1.120000e+03	1.160000e+03	7.346860e-05	3.365175e-06	0.000000e+00
1.160000e+03	1.200000e+03	6.438195e-05	0.000000e+00	3.611200e-06
1.200000e+03	1.240000e+03	6.095920e-05	6.141050e-06	3.745650e-06
1.240000e+03	1.280000e+03	5.324525e-05	0.000000e+00	2.603200e-06
1.280000e+03	1.320000e+03	4.822720e-05	8.911750e-07	2.722825e-06
1.320000e+03	1.360000e+03	4.628502e-05	4.760500e-07	1.259000e-06
1.360000e+03	1.400000e+03	4.244403e-05	1.059825e-06	3.643750e-07
1.400000e+03	1.440000e+03	3.939518e-05	3.425100e-06	0.000000e+00
1.440000e+03	1.480000e+03	4.039700e-05	6.329825e-06	0.000000e+00
1.480000e+03	1.520000e+03	2.921758e-05	0.000000e+00	6.373525e-06
1.520000e+03	1.560000e+03	2.931225e-05	1.628400e-06	0.000000e+00
1.560000e+03	1.600000e+03	2.839570e-05	2.025075e-06	0.000000e+00
1.600000e+03	1.640000e+03	2.467579e-05	0.000000e+00	4.020850e-07
1.640000e+03	1.680000e+03	2.307036e-05	1.054973e-06	1.959360e-06
1.680000e+03	1.720000e+03	2.088083e-05	3.574000e-07	1.709377e-06
1.720000e+03	1.760000e+03	2.140851e-05	2.376402e-06	0.000000e+00
1.760000e+03	1.800000e+03	1.758181e-05	9.062350e-07	2.516575e-07
1.800000e+03	1.840000e+03	1.696049e-05	7.740625e-07	0.000000e+00
1.840000e+03	1.880000e+03	8.958565e-06	0.000000e+00	6.550005e-06
1.880000e+03	1.920000e+03	1.375765e-05	1.505062e-06	4.781825e-07
1.920000e+03	1.960000e+03	1.110479e-05	0.000000e+00	3.728515e-06
1.960000e+03	2.000000e+03	1.309457e-05	2.538470e-06	0.000000e+00
2.000000e+03	2.040000e+03	1.129720e-05	7.949875e-07	0.000000e+00
2.040000e+03	2.080000e+03	9.132507e-06	0.000000e+00	7.631900e-07
2.080000e+03	2.120000e+03	9.160285e-06	4.908100e-07	0.000000e+00
2.120000e+03	2.160000e+03	9.833910e-06	1.993940e-06	0.000000e+00
2.160000e+03	2.200000e+03	8.244492e-06	7.410225e-07	0.000000e+00
2.200000e+03	2.240000e+03	7.818097e-06	1.223770e-06	0.000000e+00
2.240000e+03	2.280000e+03	7.179292e-06	1.397327e-06	0.000000e+00
2.280000e+03	2.320000e+03	6.476300e-06	1.812727e-06	9.950000e-09
2.320000e+03	2.360000e+03	5.887335e-06	3.190500e-06	0.000000e+00
2.360000e+03	2.400000e+03	5.154585e-06	4.078250e-08	4.052425e-07
2.400000e+03	2.440000e+03	4.107633e-06	5.328750e-08	9.090600e-07
2.440000e+03	2.480000e+03	4.255327e-06	2.386475e-07	0.000000e+00
2.480000e+03	2.520000e+03	4.185232e-06	1.222395e-06	0.000000e+00
2.520000e+03	2.560000e+03	3.398382e-06	3.290603e-06	2.212675e-07
2.560000e+03	2.600000e+03	3.322562e-06	6.473125e-07	6.141800e-07
2.600000e+03	2.640000e+03	2.845088e-06	3.714250e-08	2.366950e-07
2.640000e+03	2.680000e+03	2.683105e-06	7.641500e-08	1.759900e-07
2.680000e+03	2.720000e+03	2.902638e-06	8.875158e-07	0.000000e+00
2.720000e+03	2.760000e+03	9.193087e-07	0.000000e+00	2.134934e-06
2.760000e+03	2.800000e+03	2.104793e-06	9.957400e-08	0.000000e+00
2.800000e+03	2.840000e+03	2.200050e-06	3.543010e-07	3.358655e-07
2.840000e+03	2.880000e+03	1.916586e-06	2.977841e-06	0.000000e+00
2.880000e+03	2.920000e+03	1.390818e-06	0.000000e+00	1.643028e-07
2.920000e+03	2.960000e+03	1.566468e-06	8.854450e-08	0.000000e+00
2.960000e+03	3.000000e+03	1.299608e-06	5.891150e-08	3.780137e-07
3.000000e+03	3.040000e+03	1.592328e-06	4.119765e-07	0.000000e+00
3.040000e+03	3.080000e+03	1.248457e-06	1.973075e-08	1.192441e-06
3.080000e+03	3.120000e+03	9.884315e-07	2.094910e-07	1.012615e-07
3.120000e+03	3.160000e+03	8.994247e-07	1.997552e-07	0.000000e+00
3.160000e+03	3.200000e+03	9.942787e-07	2.374097e-07	0.000000e+00
3.200000e+03	3.240000e+03	7.995635e-07	1.445542e-07	0.000000e+00
3.240000e+03	3.280000e+03	7.413632e-07	1.933470e-07	0.000000e+00
3.280000e+03	3.320000e+03	6.720830e-07	8.411350e-08	8.933500e-09
3.320000e+03	3.360000e+03	1.018742e-06	6.947293e-07	0.000000e+00
3.360000e+03	3.400000e+03	5.675705e-07	0.000000e+00	2.722467e-07
3.400000e+03	3.440000e+03	4.563318e-07	2.434325e-08	1.092600e-08
3.440000e+03	3.480000e+03	4.440412e-07	1.090800e-08	1.155175e-08
3.480000e+03	3.520000e+03	5.334463e-07	2.035990e-07	0.000000e+00
3.520000e+03	3.560000e+03	4.530200e-07	3.042802e-07	0.000000e+00
3.560000e+03	3.600000e+03	2.601432e-07	0.000000e+00	6.218800e-08
3.600000e+03	3.640000e+03	-1.151882e-07	0.000000e+00	4.119099e-07
3.640000e+03	3.680000e+03	3.001460e-07	3.736750e-09	2.966250e-09
3.680000e+03	3.720000e+03	3.251702e-07	1.318993e-07	0.000000e+00
3.720000e+03	3.760000e+03	5.087617e-07	2.882647e-07	0.000000e+00
3.760000e+03	3.800000e+03	2.185887e-07	3.107425e-09	9.172582e-08
3.800000e+03	3.840000e+03	1.940544e-07	4.676725e-09	0.000000e+00
3.840000e+03	3.880000e+03	2.109326e-07	6.357800e-08	0.000000e+00
3.880000e+03	3.920000e+03	1.820188e-07	5.207615e-08	0.000000e+00
3.920000e+03	3.960000e+03	1.745044e-07	1.477580e-08	4.099952e-08
3.960000e+03	4.000000e+03	1.355878e-07	0.000000e+00	1.805268e-08
4.000000e+03	4.040000e+03	1.126902e-07	2.330035e-08	5.783325e-08
4.040000e+03	4.080000e+03	1.398662e-07	6.567032e-08	0.000000e+00
4.080000e+03	4.120000e+03	6.204222e-08	6.062550e-09	4.632100e-09
4.120000e+03	4.160000e+03	1.204638e-07	2.253835e-08	0.000000e+00
4.160000e+03	4.200000e+03	8.316037e-08	0.000000e+00	9.018925e-09
4.200000e+03	4.240000e+03	7.547283e-08	4.179000e-10	6.505650e-09
4.240000e+03	4.280000e+03	7.388405e-08	3.380015e-08	0.000000e+00
4.280000e+03	4.320000e+03	6.886747e-08	0.000000e+00	1.570829e-07
4.320000e+03	4.360000e+03	7.077680e-08	1.789710e-08	0.000000e+00
4.360000e+03	4.400000e+03	6.481722e-08	3.618273e-08	0.000000e+00
4.400000e+03	4.440000e+03	1.384497e-08	0.000000e+00	4.558005e-08
4.440000e+03	4.480000e+03	1.145752e-07	8.630170e-08	0.000000e+00
4.480000e+03	4.520000e+03	2.955035e-08	0.000000e+00	1.562471e-07
4.520000e+03	4.560000e+03	6.422595e-08	4.778506e-08	1.739247e-08
4.560000e+03	4.600000e+03	5.145520e-08	2.158052e-08	0.000000e+00
4.600000e+03	4.640000e+03	2.725565e-08	1.192566e-08	0.000000e+00
4.640000e+03	4.680000e+03	4.866670e-08	3.987717e-08	0.000000e+00
4.680000e+03	4.720000e+03	1.493537e-08	1.116158e-08	2.337380e-08
4.720000e+03	4.760000e+03	3.334708e-08	3.015889e-08	0.000000e+00
4.760000e+03	4.800000e+03	2.641992e-08	5.241440e-09	2.571743e-08
4.800000e+03	4.840000e+03	3.034442e-08	1.616929e-08	0.000000e+00
4.840000e+03	4.880000e+03	2.178215e-08	1.472865e-08	0.000000e+00
4.880000e+03	4.920000e+03	1.302805e-08	0.000000e+00	6.870562e-09
4.920000e+03	4.960000e+03	2.647457e-09	2.021486e-08	3.949077e-09
4.960000e+03	5.000000e+03	8.894135e-09	0.000000e+00	2.128897e-08
5.000000e+03	5.040000e+03	1.720830e-08	8.013020e-08	0.000000e+00
5.040000e+03	5.080000e+03	1.398523e-08	5.443907e-09	0.000000e+00
5.080000e+03	5.120000e+03	8.886310e-09	0.000000e+00	5.116805e-09
5.120000e+03	5.160000e+03	8.288938e-09	2.046320e-09	5.792050e-10
5.160000e+03	5.200000e+03	9.695720e-09	2.582240e-09	0.000000e+00
5.200000e+03	5.240000e+03	8.823137e-09	1.191467e-09	3.660227e-09
5.240000e+03	5.280000e+03	8.520725e-09	1.023075e-09	2.619670e-09
5.280000e+03	5.320000e+03	6.152355e-09	2.616508e-09	0.000000e+00
5.320000e+03	5.360000e+03	1.002960e-08	4.876417e-09	0.000000e+00
5.360000e+03	5.400000e+03	5.981275e-09	4.206745e-09	0.000000e+00
5.400000e+03	5.440000e+03	2.820183e-09	0.000000e+00	3.045697e-09
5.440000e+03	5.480000e+03	1.544480e-08	1.164118e-08	0.000000e+00
5.480000e+03	5.520000e+03	3.333228e-09	1.813191e-09	3.059850e-10
5.520000e+03	5.560000e+03	8.310428e-10	0.000000e+00	2.751212e-09
5.560000e+03	5.600000e+03	5.233903e-09	4.749539e-09	0.000000e+00
5.600000e+03	5.640000e+03	1.112270e-08	8.155395e-09	0.000000e+00
5.640000e+03	5.680000e+03	3.986728e-09	2.149281e-09	0.000000e+00
5.680000e+03	5.720000e+03	2.448898e-09	1.431226e-09	3.043914e-09
5.720000e+03	5.760000e+03	2.799323e-09	9.774500e-10	8.526475e-10
5.760000e+03	5.800000e+03	4.921853e-09	6.354407e-09	0.000000e+00
5.800000e+03	5.840000e+03	1.676732e-09	1.403423e-09	8.189585e-10
5.840000e+03	5.880000e+03	1.289960e-09	2.573370e-10	1.671770e-10
5.880000e+03	5.920000e+03	-4.901695e-10	5.023860e-10	1.822994e-09
5.920000e+03	5.960000e+03	1.064339e-09	0.000000e+00	7.721370e-10
5.960000e+03	6.000000e+03	7.781707e-10	4.164217e-10	5.522305e-10
# END HISTO1D


# BEGIN HISTO1D //homes/tinghua1/Merging-Project/Production/HJETS/ratio-plots/hjets-vbfnlo/H-N2-N3-4-25gev-vbfnlo-combine.yoda/MC_H2JETS_04_INC/j2j3_mass
ErrorBandColor=red
ErrorBandOpacity=0.3
ErrorBands=1
ErrorType=env
LineColor=red
LineStyle=solid
Path=//homes/tinghua1/Merging-Project/Production/HJETS/ratio-plots/hjets-vbfnlo/H-N2-N3-4-25gev-vbfnlo-combine.yoda/MC_H2JETS_04_INC/j2j3_mass
RatioPlotSameStyle=1
Title=h(2*,3*,4)-vbfnlo
# xlow	 xhigh	 val	 errminus	 errplus
0.000000e+00	4.000000e+01	1.550546e-03	0.000000e+00	1.737547e-04
4.000000e+01	8.000000e+01	2.094322e-03	0.000000e+00	1.312595e-04
8.000000e+01	1.200000e+02	1.386491e-03	8.724500e-06	3.042700e-05
1.200000e+02	1.600000e+02	8.723880e-04	5.060000e-07	2.005675e-05
1.600000e+02	2.000000e+02	6.649292e-04	3.585750e-06	5.157500e-07
2.000000e+02	2.400000e+02	5.679072e-04	7.412500e-07	6.841500e-06
2.400000e+02	2.800000e+02	5.280608e-04	1.069300e-05	0.000000e+00
2.800000e+02	3.200000e+02	4.653835e-04	0.000000e+00	6.698000e-06
3.200000e+02	3.600000e+02	4.480400e-04	2.838800e-05	0.000000e+00
3.600000e+02	4.000000e+02	3.878185e-04	6.321250e-06	3.086000e-06
4.000000e+02	4.400000e+02	3.560877e-04	2.913000e-06	4.875500e-06
4.400000e+02	4.800000e+02	3.230198e-04	0.000000e+00	3.795250e-06
4.800000e+02	5.200000e+02	2.901840e-04	0.000000e+00	7.696175e-05
5.200000e+02	5.600000e+02	2.687340e-04	4.959500e-06	2.644750e-06
5.600000e+02	6.000000e+02	2.473908e-04	2.019975e-06	0.000000e+00
6.000000e+02	6.400000e+02	2.275154e-04	6.877800e-06	0.000000e+00
6.400000e+02	6.800000e+02	1.993386e-04	7.716800e-06	7.205800e-06
6.800000e+02	7.200000e+02	1.859584e-04	0.000000e+00	1.627575e-06
7.200000e+02	7.600000e+02	1.696196e-04	5.184050e-06	1.987500e-06
7.600000e+02	8.000000e+02	1.542998e-04	2.593625e-06	4.550825e-06
8.000000e+02	8.400000e+02	1.384851e-04	5.023575e-06	3.471700e-06
8.400000e+02	8.800000e+02	1.282183e-04	0.000000e+00	4.943500e-07
8.800000e+02	9.200000e+02	1.127208e-04	0.000000e+00	7.346700e-06
9.200000e+02	9.600000e+02	1.028836e-04	0.000000e+00	5.337075e-06
9.600000e+02	1.000000e+03	9.138443e-05	0.000000e+00	1.128265e-05
1.000000e+03	1.040000e+03	8.984280e-05	4.333900e-06	3.246500e-07
1.040000e+03	1.080000e+03	8.138925e-05	0.000000e+00	1.555825e-06
1.080000e+03	1.120000e+03	7.274242e-05	0.000000e+00	6.239925e-06
1.120000e+03	1.160000e+03	6.551522e-05	1.306250e-07	2.168000e-06
1.160000e+03	1.200000e+03	6.489530e-05	2.274575e-06	1.787750e-06
1.200000e+03	1.240000e+03	5.788317e-05	1.579475e-06	1.857100e-06
1.240000e+03	1.280000e+03	5.206955e-05	0.000000e+00	6.624400e-06
1.280000e+03	1.320000e+03	4.584587e-05	0.000000e+00	3.149100e-06
1.320000e+03	1.360000e+03	4.493582e-05	2.631150e-06	0.000000e+00
1.360000e+03	1.400000e+03	3.907090e-05	0.000000e+00	5.031100e-06
1.400000e+03	1.440000e+03	3.620603e-05	0.000000e+00	2.520900e-06
1.440000e+03	1.480000e+03	3.234610e-05	0.000000e+00	3.231975e-06
1.480000e+03	1.520000e+03	3.151845e-05	1.988175e-06	1.649375e-06
1.520000e+03	1.560000e+03	2.871462e-05	0.000000e+00	2.349425e-06
1.560000e+03	1.600000e+03	2.599637e-05	7.723000e-07	1.026575e-06
1.600000e+03	1.640000e+03	2.378759e-05	0.000000e+00	1.881633e-06
1.640000e+03	1.680000e+03	2.342748e-05	9.067800e-07	8.379600e-07
1.680000e+03	1.720000e+03	2.017096e-05	7.506750e-08	1.567125e-07
1.720000e+03	1.760000e+03	1.730477e-05	0.000000e+00	2.257518e-06
1.760000e+03	1.800000e+03	1.786935e-05	1.141463e-06	0.000000e+00
1.800000e+03	1.840000e+03	1.601310e-05	0.000000e+00	5.136525e-07
1.840000e+03	1.880000e+03	1.514629e-05	9.019075e-07	9.236625e-07
1.880000e+03	1.920000e+03	1.333042e-05	0.000000e+00	1.447702e-06
1.920000e+03	1.960000e+03	1.253306e-05	6.274125e-07	1.019475e-07
1.960000e+03	2.000000e+03	1.238290e-05	1.031670e-06	0.000000e+00
2.000000e+03	2.040000e+03	1.148410e-05	5.250925e-07	8.282400e-07
2.040000e+03	2.080000e+03	8.711650e-06	0.000000e+00	1.324795e-06
2.080000e+03	2.120000e+03	8.515907e-06	4.478225e-07	1.615850e-07
2.120000e+03	2.160000e+03	8.250885e-06	4.748850e-07	4.626500e-08
2.160000e+03	2.200000e+03	7.754240e-06	2.966275e-07	6.205500e-08
2.200000e+03	2.240000e+03	6.814040e-06	4.126850e-07	1.803750e-08
2.240000e+03	2.280000e+03	5.212440e-06	9.101750e-07	1.504003e-06
2.280000e+03	2.320000e+03	5.696250e-06	0.000000e+00	7.756200e-07
2.320000e+03	2.360000e+03	5.171262e-06	1.137800e-07	2.815000e-08
2.360000e+03	2.400000e+03	4.954960e-06	2.403650e-07	5.487725e-07
2.400000e+03	2.440000e+03	5.195795e-06	9.826525e-07	0.000000e+00
2.440000e+03	2.480000e+03	4.194753e-06	0.000000e+00	4.877500e-07
2.480000e+03	2.520000e+03	3.883120e-06	2.254425e-07	0.000000e+00
2.520000e+03	2.560000e+03	3.459165e-06	0.000000e+00	4.291575e-07
2.560000e+03	2.600000e+03	3.104237e-06	0.000000e+00	2.227350e-07
2.600000e+03	2.640000e+03	2.877285e-06	6.026500e-08	9.833000e-08
2.640000e+03	2.680000e+03	2.702758e-06	8.297750e-08	7.678500e-08
2.680000e+03	2.720000e+03	2.371845e-06	0.000000e+00	2.595478e-07
2.720000e+03	2.760000e+03	2.459837e-06	1.672920e-07	0.000000e+00
2.760000e+03	2.800000e+03	2.034914e-06	1.622587e-07	3.093742e-07
2.800000e+03	2.840000e+03	1.759238e-06	0.000000e+00	3.548082e-07
2.840000e+03	2.880000e+03	1.761838e-06	3.791150e-07	9.975000e-09
2.880000e+03	2.920000e+03	2.598130e-06	1.025056e-06	0.000000e+00
2.920000e+03	2.960000e+03	1.473040e-06	3.399600e-08	2.113902e-07
2.960000e+03	3.000000e+03	1.693268e-06	6.503512e-07	0.000000e+00
3.000000e+03	3.040000e+03	6.118230e-07	0.000000e+00	6.379423e-07
3.040000e+03	3.080000e+03	1.098419e-06	2.550275e-08	0.000000e+00
3.080000e+03	3.120000e+03	1.059892e-06	2.877000e-08	0.000000e+00
3.120000e+03	3.160000e+03	1.017315e-06	2.229927e-07	0.000000e+00
3.160000e+03	3.200000e+03	7.656532e-07	0.000000e+00	1.747400e-07
3.200000e+03	3.240000e+03	8.141227e-07	1.547172e-07	0.000000e+00
3.240000e+03	3.280000e+03	6.977850e-07	1.238027e-07	3.346025e-08
3.280000e+03	3.320000e+03	9.910055e-07	4.663062e-07	0.000000e+00
3.320000e+03	3.360000e+03	5.534420e-07	0.000000e+00	2.746500e-08
3.360000e+03	3.400000e+03	4.981545e-07	0.000000e+00	2.141622e-07
3.400000e+03	3.440000e+03	4.934258e-07	1.597588e-07	6.666900e-08
3.440000e+03	3.480000e+03	4.446370e-07	1.025487e-07	1.066773e-07
3.480000e+03	3.520000e+03	4.159922e-07	2.567000e-09	0.000000e+00
3.520000e+03	3.560000e+03	3.979830e-07	1.027755e-07	6.628625e-08
3.560000e+03	3.600000e+03	3.569250e-07	8.254375e-08	1.598175e-08
3.600000e+03	3.640000e+03	3.147278e-07	7.017760e-08	6.804975e-08
3.640000e+03	3.680000e+03	2.980260e-07	0.000000e+00	1.909545e-07
3.680000e+03	3.720000e+03	2.795528e-07	2.235716e-07	0.000000e+00
3.720000e+03	3.760000e+03	2.512598e-07	7.693588e-08	0.000000e+00
3.760000e+03	3.800000e+03	1.937266e-07	0.000000e+00	5.896713e-08
3.800000e+03	3.840000e+03	2.457651e-07	7.975647e-08	0.000000e+00
3.840000e+03	3.880000e+03	6.029202e-07	4.007412e-07	0.000000e+00
3.880000e+03	3.920000e+03	1.471902e-07	0.000000e+00	6.108068e-08
3.920000e+03	3.960000e+03	1.334052e-07	5.188538e-08	4.174190e-08
3.960000e+03	4.000000e+03	1.680196e-07	8.037223e-08	0.000000e+00
4.000000e+03	4.040000e+03	1.709246e-07	3.723215e-08	0.000000e+00
4.040000e+03	4.080000e+03	9.921732e-08	0.000000e+00	3.574930e-08
4.080000e+03	4.120000e+03	1.149300e-07	6.804052e-08	3.512225e-08
4.120000e+03	4.160000e+03	1.054831e-07	4.931558e-08	6.392150e-09
4.160000e+03	4.200000e+03	9.766005e-08	1.196937e-08	5.437475e-09
4.200000e+03	4.240000e+03	7.224983e-08	4.079223e-08	9.738050e-09
4.240000e+03	4.280000e+03	6.275628e-08	0.000000e+00	2.595133e-08
4.280000e+03	4.320000e+03	6.545980e-08	0.000000e+00	6.897050e-09
4.320000e+03	4.360000e+03	6.876418e-08	4.780675e-09	0.000000e+00
4.360000e+03	4.400000e+03	5.997013e-08	1.454920e-08	5.317950e-09
4.400000e+03	4.440000e+03	4.614065e-08	2.206343e-08	0.000000e+00
4.440000e+03	4.480000e+03	3.758635e-08	0.000000e+00	3.066420e-08
4.480000e+03	4.520000e+03	4.288088e-08	4.155275e-09	1.649900e-09
4.520000e+03	4.560000e+03	4.057582e-08	1.039050e-08	1.295925e-09
4.560000e+03	4.600000e+03	1.968823e-08	0.000000e+00	2.355944e-08
4.600000e+03	4.640000e+03	2.536198e-08	0.000000e+00	1.102970e-08
4.640000e+03	4.680000e+03	2.562453e-08	0.000000e+00	1.659848e-08
4.680000e+03	4.720000e+03	3.318823e-08	8.617083e-09	0.000000e+00
4.720000e+03	4.760000e+03	4.163742e-08	1.614549e-07	0.000000e+00
4.760000e+03	4.800000e+03	2.253598e-08	1.180551e-08	6.720447e-09
4.800000e+03	4.840000e+03	2.145958e-08	2.516538e-09	6.893098e-09
4.840000e+03	4.880000e+03	1.998663e-08	4.048967e-09	7.918515e-09
4.880000e+03	4.920000e+03	1.152725e-08	0.000000e+00	5.762015e-09
4.920000e+03	4.960000e+03	1.387845e-08	7.757500e-10	7.110095e-09
4.960000e+03	5.000000e+03	1.323481e-08	5.307880e-09	0.000000e+00
5.000000e+03	5.040000e+03	1.040975e-08	0.000000e+00	4.132140e-09
5.040000e+03	5.080000e+03	1.144313e-08	4.467267e-09	3.374192e-09
5.080000e+03	5.120000e+03	6.739140e-09	0.000000e+00	7.058225e-09
5.120000e+03	5.160000e+03	8.556292e-09	0.000000e+00	3.964542e-09
5.160000e+03	5.200000e+03	8.225040e-09	2.098177e-09	2.481790e-09
5.200000e+03	5.240000e+03	5.636190e-09	6.202517e-09	1.631465e-09
5.240000e+03	5.280000e+03	8.761220e-09	5.090000e-11	1.641195e-09
5.280000e+03	5.320000e+03	4.896495e-09	8.917950e-10	1.901427e-09
5.320000e+03	5.360000e+03	6.645393e-09	2.264494e-08	3.572175e-10
5.360000e+03	5.400000e+03	2.964772e-09	0.000000e+00	4.428892e-09
5.400000e+03	5.440000e+03	5.660690e-09	1.452707e-08	0.000000e+00
5.440000e+03	5.480000e+03	4.833777e-09	4.627775e-10	0.000000e+00
5.480000e+03	5.520000e+03	3.960095e-09	3.131804e-09	1.322358e-09
5.520000e+03	5.560000e+03	5.472780e-09	9.685937e-09	0.000000e+00
5.560000e+03	5.600000e+03	2.604498e-09	5.656948e-10	8.038725e-10
5.600000e+03	5.640000e+03	2.978855e-09	1.056400e-10	1.392050e-10
5.640000e+03	5.680000e+03	4.250355e-09	7.471600e-09	1.626358e-09
5.680000e+03	5.720000e+03	2.017401e-09	0.000000e+00	3.812805e-10
5.720000e+03	5.760000e+03	3.303855e-09	2.747334e-09	3.603275e-10
5.760000e+03	5.800000e+03	3.794505e-09	1.636614e-09	0.000000e+00
5.800000e+03	5.840000e+03	1.397971e-09	0.000000e+00	1.015806e-09
5.840000e+03	5.880000e+03	1.153031e-09	0.000000e+00	1.095273e-09
5.880000e+03	5.920000e+03	-1.320169e-07	0.000000e+00	1.335434e-07
5.920000e+03	5.960000e+03	1.523575e-09	0.000000e+00	1.616325e-09
5.960000e+03	6.000000e+03	2.036429e-09	1.447041e-09	0.000000e+00
# END HISTO1D


# BEGIN HISTO1D //homes/tinghua1/Merging-Project/Production/HJETS/ratio-plots/hjets-vbfnlo/H-N2-3-4-25gev-combine.yoda/MC_H2JETS_04_INC/j2j3_mass
ErrorBandColor=blue
ErrorBandOpacity=0.3
ErrorBands=1
ErrorType=env
LineColor=blue
LineStyle=solid
Path=//homes/tinghua1/Merging-Project/Production/HJETS/ratio-plots/hjets-vbfnlo/H-N2-3-4-25gev-combine.yoda/MC_H2JETS_04_INC/j2j3_mass
RatioPlotSameStyle=1
Title=h(2*,3,4)
# xlow	 xhigh	 val	 errminus	 errplus
0.000000e+00	4.000000e+01	2.314455e-03	6.269300e-05	2.073500e-04
4.000000e+01	8.000000e+01	5.171160e-03	3.392600e-04	3.863875e-04
8.000000e+01	1.200000e+02	3.782223e-03	1.581100e-04	1.625925e-04
1.200000e+02	1.600000e+02	1.960252e-03	1.420605e-04	1.461940e-04
1.600000e+02	2.000000e+02	1.285391e-03	9.306575e-05	1.036770e-04
2.000000e+02	2.400000e+02	9.501025e-04	6.262750e-05	7.489000e-05
2.400000e+02	2.800000e+02	7.659468e-04	6.750525e-05	4.380625e-05
2.800000e+02	3.200000e+02	6.280458e-04	3.994550e-05	5.044450e-05
3.200000e+02	3.600000e+02	5.352385e-04	3.425325e-05	4.763725e-05
3.600000e+02	4.000000e+02	4.736777e-04	3.720125e-05	3.227525e-05
4.000000e+02	4.400000e+02	4.204508e-04	3.632000e-05	3.040250e-05
4.400000e+02	4.800000e+02	3.697385e-04	2.997225e-05	2.363475e-05
4.800000e+02	5.200000e+02	3.266090e-04	2.216100e-05	2.798775e-05
5.200000e+02	5.600000e+02	2.976100e-04	2.400225e-05	1.711425e-05
5.600000e+02	6.000000e+02	2.656625e-04	1.998030e-05	1.850675e-05
6.000000e+02	6.400000e+02	2.435056e-04	1.959333e-05	1.449517e-05
6.400000e+02	6.800000e+02	2.140874e-04	1.648428e-05	1.308985e-05
6.800000e+02	7.200000e+02	1.937620e-04	1.613310e-05	1.826567e-05
7.200000e+02	7.600000e+02	1.752206e-04	1.512153e-05	1.618647e-05
7.600000e+02	8.000000e+02	1.592404e-04	1.415555e-05	1.365027e-05
8.000000e+02	8.400000e+02	1.451550e-04	1.292740e-05	1.173435e-05
8.400000e+02	8.800000e+02	1.334499e-04	1.143205e-05	8.060800e-06
8.800000e+02	9.200000e+02	1.212876e-04	1.029818e-05	8.340625e-06
9.200000e+02	9.600000e+02	1.097493e-04	1.001570e-05	9.210750e-06
9.600000e+02	1.000000e+03	9.905013e-05	9.170325e-06	1.052760e-05
1.000000e+03	1.040000e+03	9.100990e-05	7.732000e-06	6.840150e-06
1.040000e+03	1.080000e+03	8.187215e-05	6.262075e-06	8.916225e-06
1.080000e+03	1.120000e+03	8.051383e-05	1.222548e-05	2.309775e-06
1.120000e+03	1.160000e+03	6.839060e-05	6.074750e-06	5.748025e-06
1.160000e+03	1.200000e+03	6.206673e-05	4.697850e-06	7.462075e-06
1.200000e+03	1.240000e+03	5.807823e-05	5.827900e-06	5.799175e-06
1.240000e+03	1.280000e+03	5.364962e-05	5.666650e-06	5.404050e-06
1.280000e+03	1.320000e+03	4.861090e-05	4.615350e-06	2.551075e-06
1.320000e+03	1.360000e+03	4.463727e-05	4.355000e-06	5.162425e-06
1.360000e+03	1.400000e+03	3.978085e-05	2.614550e-06	5.167850e-06
1.400000e+03	1.440000e+03	3.728725e-05	3.384650e-06	2.692475e-06
1.440000e+03	1.480000e+03	3.474837e-05	3.533550e-06	5.109525e-06
1.480000e+03	1.520000e+03	3.136010e-05	3.215450e-06	5.039150e-06
1.520000e+03	1.560000e+03	2.855378e-05	3.553475e-06	2.733025e-06
1.560000e+03	1.600000e+03	2.665110e-05	2.642648e-06	1.291685e-05
1.600000e+03	1.640000e+03	2.537605e-05	1.616003e-06	2.329775e-06
1.640000e+03	1.680000e+03	2.305676e-05	3.294782e-06	2.234313e-06
1.680000e+03	1.720000e+03	2.031120e-05	2.266527e-06	1.682590e-06
1.720000e+03	1.760000e+03	1.731256e-05	6.311625e-07	3.111503e-06
1.760000e+03	1.800000e+03	1.669843e-05	1.088085e-06	2.858620e-06
1.800000e+03	1.840000e+03	1.597766e-05	1.558700e-06	9.811075e-07
1.840000e+03	1.880000e+03	1.416677e-05	1.544995e-06	2.046825e-06
1.880000e+03	1.920000e+03	1.397879e-05	2.231478e-06	8.315775e-07
1.920000e+03	1.960000e+03	1.215155e-05	0.000000e+00	1.985615e-06
1.960000e+03	2.000000e+03	1.062205e-05	2.908000e-07	1.813795e-06
2.000000e+03	2.040000e+03	9.864435e-06	8.016050e-07	1.521390e-06
2.040000e+03	2.080000e+03	9.533635e-06	1.250040e-06	1.139828e-06
2.080000e+03	2.120000e+03	7.808785e-06	0.000000e+00	1.517705e-06
2.120000e+03	2.160000e+03	7.887660e-06	3.002650e-07	1.269453e-06
2.160000e+03	2.200000e+03	7.359795e-06	9.515175e-07	8.185500e-07
2.200000e+03	2.240000e+03	6.838192e-06	5.460125e-07	4.186600e-07
2.240000e+03	2.280000e+03	6.456128e-06	2.157350e-07	1.547525e-07
2.280000e+03	2.320000e+03	5.321617e-06	5.842000e-08	1.051567e-06
2.320000e+03	2.360000e+03	5.657007e-06	1.045465e-06	3.532925e-07
2.360000e+03	2.400000e+03	4.549277e-06	3.484500e-07	5.778425e-07
2.400000e+03	2.440000e+03	4.490740e-06	6.509825e-07	4.090700e-07
2.440000e+03	2.480000e+03	3.966322e-06	3.996325e-07	5.040200e-07
2.480000e+03	2.520000e+03	3.655300e-06	2.257600e-07	3.889425e-07
2.520000e+03	2.560000e+03	3.443547e-06	4.069075e-07	1.060175e-07
2.560000e+03	2.600000e+03	3.150710e-06	4.903050e-07	1.828000e-07
2.600000e+03	2.640000e+03	2.832065e-06	2.688125e-07	1.702525e-07
2.640000e+03	2.680000e+03	2.651040e-06	5.019720e-07	0.000000e+00
2.680000e+03	2.720000e+03	2.420536e-06	1.653418e-07	2.714792e-07
2.720000e+03	2.760000e+03	2.642765e-06	8.484773e-07	0.000000e+00
2.760000e+03	2.800000e+03	2.054204e-06	3.799360e-07	2.914450e-07
2.800000e+03	2.840000e+03	1.996162e-06	1.624475e-07	3.801875e-08
2.840000e+03	2.880000e+03	1.614865e-06	2.119225e-08	5.036762e-07
2.880000e+03	2.920000e+03	1.452978e-06	2.753325e-08	4.570670e-07
2.920000e+03	2.960000e+03	1.320754e-06	6.983075e-08	2.953202e-07
2.960000e+03	3.000000e+03	1.808055e-06	5.195303e-07	0.000000e+00
3.000000e+03	3.040000e+03	1.098354e-06	1.271915e-07	0.000000e+00
3.040000e+03	3.080000e+03	1.001632e-06	2.608112e-07	2.211092e-07
3.080000e+03	3.120000e+03	1.020571e-06	1.336292e-07	1.299058e-07
3.120000e+03	3.160000e+03	9.844852e-07	2.682987e-07	0.000000e+00
3.160000e+03	3.200000e+03	8.170738e-07	1.456990e-07	1.199127e-07
3.200000e+03	3.240000e+03	6.180808e-07	1.818250e-09	2.892715e-07
3.240000e+03	3.280000e+03	6.337720e-07	0.000000e+00	2.167618e-07
3.280000e+03	3.320000e+03	6.237025e-07	1.356830e-07	4.791325e-08
3.320000e+03	3.360000e+03	5.546043e-07	3.507625e-08	7.141800e-08
3.360000e+03	3.400000e+03	5.025837e-07	5.819500e-08	0.000000e+00
3.400000e+03	3.440000e+03	4.947840e-07	1.256388e-07	2.908900e-08
3.440000e+03	3.480000e+03	3.971955e-07	0.000000e+00	1.855665e-07
3.480000e+03	3.520000e+03	3.382605e-07	0.000000e+00	2.445000e-07
3.520000e+03	3.560000e+03	4.002592e-07	7.859600e-08	5.821275e-08
3.560000e+03	3.600000e+03	3.267690e-07	2.609300e-08	3.653625e-08
3.600000e+03	3.640000e+03	3.242633e-07	3.006300e-08	0.000000e+00
3.640000e+03	3.680000e+03	2.955165e-07	3.160000e-08	8.450050e-08
3.680000e+03	3.720000e+03	2.337920e-07	0.000000e+00	7.860052e-08
3.720000e+03	3.760000e+03	1.876453e-07	6.546200e-09	5.798485e-08
3.760000e+03	3.800000e+03	2.263507e-07	6.174182e-08	5.446955e-08
3.800000e+03	3.840000e+03	2.151145e-07	7.134650e-09	9.768475e-09
3.840000e+03	3.880000e+03	1.077172e-07	0.000000e+00	6.571658e-08
3.880000e+03	3.920000e+03	1.548230e-07	2.759023e-08	1.205950e-09
3.920000e+03	3.960000e+03	1.402457e-07	1.690137e-08	1.524415e-08
3.960000e+03	4.000000e+03	1.094956e-07	0.000000e+00	7.219083e-08
4.000000e+03	4.040000e+03	1.155369e-07	6.681625e-09	1.501455e-08
4.040000e+03	4.080000e+03	1.014413e-07	0.000000e+00	5.172107e-08
4.080000e+03	4.120000e+03	9.233517e-08	2.381882e-08	4.805730e-08
4.120000e+03	4.160000e+03	1.071205e-07	2.834707e-08	0.000000e+00
4.160000e+03	4.200000e+03	6.646390e-08	8.669500e-10	4.273630e-08
4.200000e+03	4.240000e+03	5.464463e-08	0.000000e+00	3.619798e-08
4.240000e+03	4.280000e+03	6.431535e-08	9.142075e-09	0.000000e+00
4.280000e+03	4.320000e+03	4.450633e-08	0.000000e+00	1.810200e-08
4.320000e+03	4.360000e+03	6.524417e-08	2.083735e-08	3.346885e-08
4.360000e+03	4.400000e+03	4.611160e-08	2.192116e-08	1.163720e-08
4.400000e+03	4.440000e+03	2.912992e-08	0.000000e+00	1.466840e-08
4.440000e+03	4.480000e+03	4.202768e-08	9.128075e-09	9.888450e-09
4.480000e+03	4.520000e+03	3.884990e-08	5.488415e-08	2.053850e-09
4.520000e+03	4.560000e+03	3.397642e-08	6.933750e-09	2.862850e-09
4.560000e+03	4.600000e+03	7.458520e-08	5.750705e-08	0.000000e+00
4.600000e+03	4.640000e+03	2.896770e-08	6.622170e-09	4.219625e-09
4.640000e+03	4.680000e+03	2.524233e-08	7.793450e-10	1.590245e-08
4.680000e+03	4.720000e+03	3.244923e-08	1.254396e-08	0.000000e+00
4.720000e+03	4.760000e+03	9.351203e-08	7.564853e-08	0.000000e+00
4.760000e+03	4.800000e+03	2.274807e-08	2.689326e-08	0.000000e+00
4.800000e+03	4.840000e+03	2.522917e-08	1.063320e-08	0.000000e+00
4.840000e+03	4.880000e+03	1.356197e-08	0.000000e+00	4.318857e-09
4.880000e+03	4.920000e+03	9.430855e-09	0.000000e+00	7.760047e-09
4.920000e+03	4.960000e+03	9.032928e-09	4.719530e-09	2.970135e-09
4.960000e+03	5.000000e+03	1.370261e-08	2.902238e-09	0.000000e+00
5.000000e+03	5.040000e+03	1.122524e-08	1.717698e-09	5.908893e-09
5.040000e+03	5.080000e+03	-1.128202e-08	0.000000e+00	2.319025e-08
5.080000e+03	5.120000e+03	1.520502e-08	9.389040e-09	0.000000e+00
5.120000e+03	5.160000e+03	7.168400e-09	0.000000e+00	4.262773e-09
5.160000e+03	5.200000e+03	7.687233e-09	2.521515e-09	0.000000e+00
5.200000e+03	5.240000e+03	9.067393e-09	3.681988e-09	9.358575e-10
5.240000e+03	5.280000e+03	6.396222e-09	3.779825e-10	0.000000e+00
5.280000e+03	5.320000e+03	1.088870e-08	5.466530e-09	0.000000e+00
5.320000e+03	5.360000e+03	3.673380e-09	0.000000e+00	2.789090e-09
5.360000e+03	5.400000e+03	6.488855e-09	1.764248e-09	1.204484e-08
5.400000e+03	5.440000e+03	1.159586e-08	6.945110e-09	0.000000e+00
5.440000e+03	5.480000e+03	2.703250e-09	1.344024e-09	4.778927e-09
5.480000e+03	5.520000e+03	4.046960e-09	1.041855e-09	0.000000e+00
5.520000e+03	5.560000e+03	2.860505e-09	7.110343e-10	2.464950e-10
5.560000e+03	5.600000e+03	2.204560e-09	0.000000e+00	3.684085e-09
5.600000e+03	5.640000e+03	3.035808e-09	1.395899e-08	0.000000e+00
5.640000e+03	5.680000e+03	4.252938e-09	2.266524e-09	0.000000e+00
5.680000e+03	5.720000e+03	1.163056e-09	0.000000e+00	1.215493e-09
5.720000e+03	5.760000e+03	7.417410e-10	0.000000e+00	1.607517e-09
5.760000e+03	5.800000e+03	1.659738e-09	1.312063e-10	1.155914e-09
5.800000e+03	5.840000e+03	-2.835105e-09	0.000000e+00	6.292660e-09
5.840000e+03	5.880000e+03	2.492472e-09	1.707970e-09	0.000000e+00
5.880000e+03	5.920000e+03	1.665833e-09	1.097365e-09	0.000000e+00
5.920000e+03	5.960000e+03	1.351302e-09	3.966512e-10	0.000000e+00
5.960000e+03	6.000000e+03	-1.114976e-09	0.000000e+00	3.341752e-09
# END HISTO1D


# BEGIN HISTO1D //homes/tinghua1/Merging-Project/Production/HJETS/ratio-plots/hjets-vbfnlo/H-N2-3-4-25gev-vbfnlo-combine.yoda/MC_H2JETS_04_INC/j2j3_mass
ErrorBandColor=cyan
ErrorBandOpacity=0.3
ErrorBands=1
ErrorType=env
LineColor=cyan
LineStyle=solid
Path=//homes/tinghua1/Merging-Project/Production/HJETS/ratio-plots/hjets-vbfnlo/H-N2-3-4-25gev-vbfnlo-combine.yoda/MC_H2JETS_04_INC/j2j3_mass
RatioPlotSameStyle=1
Title=h(2*,3,4)-vbfnlo
# xlow	 xhigh	 val	 errminus	 errplus
0.000000e+00	4.000000e+01	1.590615e-03	3.784550e-05	1.170995e-04
4.000000e+01	8.000000e+01	2.145421e-03	1.445123e-04	1.562487e-04
8.000000e+01	1.200000e+02	1.393043e-03	8.902000e-05	9.702175e-05
1.200000e+02	1.600000e+02	8.742970e-04	5.033350e-05	4.971800e-05
1.600000e+02	2.000000e+02	6.708268e-04	3.834625e-05	3.545250e-05
2.000000e+02	2.400000e+02	5.714450e-04	2.588250e-05	3.243400e-05
2.400000e+02	2.800000e+02	5.138097e-04	2.611275e-05	2.320950e-05
2.800000e+02	3.200000e+02	4.675215e-04	2.442425e-05	2.273575e-05
3.200000e+02	3.600000e+02	4.241960e-04	2.005650e-05	2.519175e-05
3.600000e+02	4.000000e+02	3.883140e-04	1.339875e-05	2.292600e-05
4.000000e+02	4.400000e+02	3.535425e-04	1.997425e-05	2.044200e-05
4.400000e+02	4.800000e+02	3.209783e-04	1.814750e-05	2.017800e-05
4.800000e+02	5.200000e+02	2.926765e-04	1.831325e-05	1.977950e-05
5.200000e+02	5.600000e+02	2.665807e-04	1.644950e-05	1.872925e-05
5.600000e+02	6.000000e+02	2.428719e-04	1.517555e-05	1.550532e-05
6.000000e+02	6.400000e+02	2.203999e-04	1.340663e-05	1.452150e-05
6.400000e+02	6.800000e+02	1.992870e-04	1.175797e-05	1.635418e-05
6.800000e+02	7.200000e+02	1.829065e-04	1.203425e-05	1.220260e-05
7.200000e+02	7.600000e+02	1.658996e-04	1.118683e-05	1.249250e-05
7.600000e+02	8.000000e+02	1.520639e-04	1.151082e-05	1.185978e-05
8.000000e+02	8.400000e+02	1.404975e-04	1.261055e-05	7.200350e-06
8.400000e+02	8.800000e+02	1.271376e-04	1.165513e-05	8.261575e-06
8.800000e+02	9.200000e+02	1.152344e-04	9.778275e-06	8.942025e-06
9.200000e+02	9.600000e+02	1.041048e-04	8.045700e-06	8.613775e-06
9.600000e+02	1.000000e+03	9.606420e-05	7.948175e-06	7.023800e-06
1.000000e+03	1.040000e+03	8.812418e-05	7.924650e-06	6.649925e-06
1.040000e+03	1.080000e+03	7.966605e-05	6.543675e-06	5.402050e-06
1.080000e+03	1.120000e+03	7.358477e-05	7.187650e-06	6.159250e-06
1.120000e+03	1.160000e+03	6.698598e-05	6.232325e-06	6.893525e-06
1.160000e+03	1.200000e+03	6.148205e-05	4.805125e-06	5.397525e-06
1.200000e+03	1.240000e+03	5.581305e-05	5.090075e-06	5.278100e-06
1.240000e+03	1.280000e+03	5.202652e-05	4.723250e-06	4.237975e-06
1.280000e+03	1.320000e+03	4.785222e-05	4.095300e-06	4.011525e-06
1.320000e+03	1.360000e+03	4.382793e-05	4.188175e-06	4.596425e-06
1.360000e+03	1.400000e+03	3.944257e-05	3.003650e-06	4.776625e-06
1.400000e+03	1.440000e+03	3.628545e-05	2.923800e-06	4.593375e-06
1.440000e+03	1.480000e+03	3.351490e-05	3.366075e-06	3.307075e-06
1.480000e+03	1.520000e+03	3.055415e-05	3.151200e-06	3.045450e-06
1.520000e+03	1.560000e+03	2.808497e-05	2.587875e-06	2.906675e-06
1.560000e+03	1.600000e+03	2.578307e-05	2.459668e-06	2.508950e-06
1.600000e+03	1.640000e+03	2.431082e-05	2.638045e-06	1.694327e-06
1.640000e+03	1.680000e+03	2.222196e-05	2.548520e-06	2.074875e-06
1.680000e+03	1.720000e+03	2.029993e-05	2.461117e-06	1.292690e-06
1.720000e+03	1.760000e+03	1.869927e-05	2.327955e-06	1.351295e-06
1.760000e+03	1.800000e+03	1.681750e-05	1.750175e-06	1.822998e-06
1.800000e+03	1.840000e+03	1.541850e-05	1.383780e-06	1.828890e-06
1.840000e+03	1.880000e+03	1.432658e-05	1.874780e-06	1.324795e-06
1.880000e+03	1.920000e+03	1.331382e-05	1.278893e-06	1.164990e-06
1.920000e+03	1.960000e+03	1.230140e-05	1.415943e-06	8.917800e-07
1.960000e+03	2.000000e+03	1.098633e-05	1.316250e-06	1.119300e-06
2.000000e+03	2.040000e+03	1.005911e-05	7.885375e-07	1.068527e-06
2.040000e+03	2.080000e+03	9.349083e-06	1.035788e-06	1.211430e-06
2.080000e+03	2.120000e+03	8.558490e-06	7.279500e-07	1.052978e-06
2.120000e+03	2.160000e+03	7.850730e-06	7.693075e-07	1.088440e-06
2.160000e+03	2.200000e+03	7.205808e-06	9.032475e-07	1.112325e-06
2.200000e+03	2.240000e+03	6.411112e-06	2.693250e-07	8.517100e-07
2.240000e+03	2.280000e+03	6.177865e-06	5.621175e-07	5.145675e-07
2.280000e+03	2.320000e+03	5.566998e-06	5.584550e-07	6.275275e-07
2.320000e+03	2.360000e+03	5.118567e-06	3.561725e-07	1.148225e-07
2.360000e+03	2.400000e+03	4.519865e-06	4.338950e-07	6.802725e-07
2.400000e+03	2.440000e+03	4.395770e-06	5.591050e-07	3.072725e-07
2.440000e+03	2.480000e+03	3.958545e-06	4.699275e-07	5.656200e-07
2.480000e+03	2.520000e+03	3.853647e-06	6.669125e-07	2.271975e-07
2.520000e+03	2.560000e+03	3.333025e-06	2.782100e-07	4.299475e-07
2.560000e+03	2.600000e+03	2.968718e-06	3.564050e-07	3.020650e-07
2.600000e+03	2.640000e+03	2.847990e-06	3.030550e-07	1.913475e-07
2.640000e+03	2.680000e+03	2.643517e-06	2.620922e-07	1.174000e-08
2.680000e+03	2.720000e+03	2.342527e-06	2.893265e-07	3.177727e-07
2.720000e+03	2.760000e+03	2.103401e-06	0.000000e+00	4.784965e-07
2.760000e+03	2.800000e+03	1.929390e-06	2.117965e-07	2.096365e-07
2.800000e+03	2.840000e+03	1.797125e-06	1.489997e-07	2.054402e-07
2.840000e+03	2.880000e+03	1.665671e-06	3.257462e-07	1.494808e-07
2.880000e+03	2.920000e+03	1.442793e-06	8.308400e-08	3.106925e-07
2.920000e+03	2.960000e+03	1.452802e-06	1.748192e-07	1.613025e-07
2.960000e+03	3.000000e+03	1.247717e-06	2.653775e-08	1.976430e-07
3.000000e+03	3.040000e+03	1.124443e-06	1.352480e-07	1.532400e-08
3.040000e+03	3.080000e+03	1.074389e-06	1.496325e-07	4.521150e-08
3.080000e+03	3.120000e+03	9.631752e-07	1.312735e-07	1.361705e-07
3.120000e+03	3.160000e+03	8.456312e-07	3.967100e-08	1.108502e-07
3.160000e+03	3.200000e+03	7.827090e-07	6.024025e-08	1.282423e-07
3.200000e+03	3.240000e+03	7.056350e-07	9.637325e-08	1.879052e-07
3.240000e+03	3.280000e+03	6.982490e-07	1.335475e-07	0.000000e+00
3.280000e+03	3.320000e+03	6.058798e-07	1.829200e-08	6.965875e-08
3.320000e+03	3.360000e+03	4.701670e-07	0.000000e+00	1.206430e-07
3.360000e+03	3.400000e+03	4.874245e-07	2.708000e-08	6.012875e-08
3.400000e+03	3.440000e+03	5.021513e-07	5.996050e-08	2.620800e-08
3.440000e+03	3.480000e+03	4.135570e-07	2.929075e-08	5.327200e-08
3.480000e+03	3.520000e+03	3.572135e-07	0.000000e+00	5.632575e-08
3.520000e+03	3.560000e+03	3.198595e-07	1.470725e-08	9.368275e-08
3.560000e+03	3.600000e+03	3.870470e-07	8.496925e-08	0.000000e+00
3.600000e+03	3.640000e+03	2.859315e-07	3.704222e-08	0.000000e+00
3.640000e+03	3.680000e+03	3.027827e-07	7.831772e-08	1.820400e-08
3.680000e+03	3.720000e+03	2.500642e-07	1.652910e-08	2.590250e-08
3.720000e+03	3.760000e+03	2.305848e-07	1.673503e-08	8.126495e-08
3.760000e+03	3.800000e+03	2.312381e-07	4.666883e-08	1.386250e-10
3.800000e+03	3.840000e+03	1.762970e-07	3.213840e-08	4.200255e-08
3.840000e+03	3.880000e+03	1.746280e-07	1.840108e-08	4.039992e-08
3.880000e+03	3.920000e+03	1.571660e-07	1.904930e-08	3.148423e-08
3.920000e+03	3.960000e+03	1.576874e-07	4.152160e-08	0.000000e+00
3.960000e+03	4.000000e+03	1.073694e-07	0.000000e+00	5.979615e-08
4.000000e+03	4.040000e+03	1.210757e-07	1.430150e-09	1.865000e-11
4.040000e+03	4.080000e+03	9.223880e-08	0.000000e+00	1.608935e-08
4.080000e+03	4.120000e+03	9.356835e-08	1.190460e-08	2.154313e-08
4.120000e+03	4.160000e+03	1.430898e-07	5.778532e-08	0.000000e+00
4.160000e+03	4.200000e+03	6.904342e-08	0.000000e+00	1.487170e-08
4.200000e+03	4.240000e+03	6.370188e-08	0.000000e+00	3.702770e-08
4.240000e+03	4.280000e+03	7.059237e-08	1.985178e-08	1.688647e-08
4.280000e+03	4.320000e+03	7.255075e-08	3.496410e-08	1.272500e-11
4.320000e+03	4.360000e+03	4.813925e-08	0.000000e+00	8.072725e-09
4.360000e+03	4.400000e+03	5.253213e-08	1.037388e-08	4.668387e-08
4.400000e+03	4.440000e+03	4.878873e-08	8.170600e-09	0.000000e+00
4.440000e+03	4.480000e+03	3.811065e-08	6.405925e-09	1.883550e-08
4.480000e+03	4.520000e+03	4.382580e-08	4.991875e-09	0.000000e+00
4.520000e+03	4.560000e+03	9.146943e-09	0.000000e+00	2.913533e-08
4.560000e+03	4.600000e+03	3.020170e-08	4.112175e-09	0.000000e+00
4.600000e+03	4.640000e+03	2.914810e-08	8.675500e-10	1.972050e-09
4.640000e+03	4.680000e+03	2.675590e-08	8.930750e-10	2.578575e-09
4.680000e+03	4.720000e+03	2.516575e-08	1.277084e-08	0.000000e+00
4.720000e+03	4.760000e+03	1.721030e-08	0.000000e+00	2.034130e-08
4.760000e+03	4.800000e+03	1.975035e-08	4.527740e-09	1.134343e-08
4.800000e+03	4.840000e+03	2.497681e-08	1.051007e-08	4.714690e-09
4.840000e+03	4.880000e+03	1.668605e-09	0.000000e+00	1.830064e-08
4.880000e+03	4.920000e+03	2.237248e-09	0.000000e+00	1.610959e-08
4.920000e+03	4.960000e+03	1.403328e-08	2.109773e-09	5.706900e-10
4.960000e+03	5.000000e+03	2.490202e-08	1.575957e-08	0.000000e+00
5.000000e+03	5.040000e+03	1.620863e-08	8.678425e-09	0.000000e+00
5.040000e+03	5.080000e+03	7.518480e-09	0.000000e+00	5.256088e-09
5.080000e+03	5.120000e+03	9.482517e-09	1.683542e-09	1.407183e-09
5.120000e+03	5.160000e+03	9.092462e-09	1.532075e-09	2.220330e-09
5.160000e+03	5.200000e+03	1.065662e-08	5.758947e-09	7.418750e-11
5.200000e+03	5.240000e+03	6.991123e-09	0.000000e+00	7.587002e-09
5.240000e+03	5.280000e+03	7.056772e-09	0.000000e+00	4.381070e-09
5.280000e+03	5.320000e+03	6.978970e-09	2.437210e-09	0.000000e+00
5.320000e+03	5.360000e+03	5.829825e-09	8.185775e-10	9.221425e-10
5.360000e+03	5.400000e+03	4.676095e-09	2.119660e-09	0.000000e+00
5.400000e+03	5.440000e+03	4.363682e-09	0.000000e+00	4.301528e-09
5.440000e+03	5.480000e+03	3.393102e-09	1.653100e-10	1.133848e-09
5.480000e+03	5.520000e+03	4.830465e-09	1.567493e-09	1.838114e-08
5.520000e+03	5.560000e+03	4.485213e-09	1.732463e-09	0.000000e+00
5.560000e+03	5.600000e+03	3.543435e-09	1.543402e-09	0.000000e+00
5.600000e+03	5.640000e+03	4.449738e-09	2.495225e-09	0.000000e+00
5.640000e+03	5.680000e+03	2.950508e-09	1.298207e-09	0.000000e+00
5.680000e+03	5.720000e+03	2.128282e-09	0.000000e+00	1.537426e-09
5.720000e+03	5.760000e+03	3.708468e-09	1.701427e-09	0.000000e+00
5.760000e+03	5.800000e+03	1.600949e-09	1.075080e-10	2.402042e-10
5.800000e+03	5.840000e+03	1.477500e-09	1.590247e-10	4.688325e-11
5.840000e+03	5.880000e+03	9.010677e-10	0.000000e+00	8.691710e-10
5.880000e+03	5.920000e+03	2.155784e-09	1.181895e-09	2.398635e-10
5.920000e+03	5.960000e+03	1.033099e-09	1.825561e-08	0.000000e+00
5.960000e+03	6.000000e+03	7.539110e-10	0.000000e+00	4.210601e-09
# END HISTO1D


# BEGIN HISTO1D //homes/tinghua1/Merging-Project/Production/HJETS/ratio-plots/hjets-vbfnlo/H-2-3-4-25gev-combine.yoda/MC_H2JETS_04_INC/j2j3_mass
ErrorBandColor=yellow
ErrorBandOpacity=0.3
ErrorBands=1
ErrorType=env
LineColor=yellow
LineStyle=solid
Path=//homes/tinghua1/Merging-Project/Production/HJETS/ratio-plots/hjets-vbfnlo/H-2-3-4-25gev-combine.yoda/MC_H2JETS_04_INC/j2j3_mass
RatioPlotSameStyle=1
Title=h(2,3,4)
# xlow	 xhigh	 val	 errminus	 errplus
0.000000e+00	4.000000e+01	2.241925e-03	9.836250e-05	2.167570e-04
4.000000e+01	8.000000e+01	4.693518e-03	2.877775e-04	2.431350e-04
8.000000e+01	1.200000e+02	3.358325e-03	9.648250e-05	7.963750e-05
1.200000e+02	1.600000e+02	1.743042e-03	1.046005e-04	9.369050e-05
1.600000e+02	2.000000e+02	1.159593e-03	6.807425e-05	7.170050e-05
2.000000e+02	2.400000e+02	8.811850e-04	6.193050e-05	4.820150e-05
2.400000e+02	2.800000e+02	7.243120e-04	6.008975e-05	3.999775e-05
2.800000e+02	3.200000e+02	6.146253e-04	4.911125e-05	4.007700e-05
3.200000e+02	3.600000e+02	5.289790e-04	4.005450e-05	4.520550e-05
3.600000e+02	4.000000e+02	4.710720e-04	4.070850e-05	3.456425e-05
4.000000e+02	4.400000e+02	4.134855e-04	3.013400e-05	3.999125e-05
4.400000e+02	4.800000e+02	3.731822e-04	3.685450e-05	3.401150e-05
4.800000e+02	5.200000e+02	3.327440e-04	3.096550e-05	3.263500e-05
5.200000e+02	5.600000e+02	2.989195e-04	2.707950e-05	3.022725e-05
5.600000e+02	6.000000e+02	2.701850e-04	2.663470e-05	3.000000e-05
6.000000e+02	6.400000e+02	2.400168e-04	2.342030e-05	2.908517e-05
6.400000e+02	6.800000e+02	2.182983e-04	2.314533e-05	2.483762e-05
6.800000e+02	7.200000e+02	1.980155e-04	2.184010e-05	2.848790e-05
7.200000e+02	7.600000e+02	1.823085e-04	2.254945e-05	2.134887e-05
7.600000e+02	8.000000e+02	1.650214e-04	1.982360e-05	1.926682e-05
8.000000e+02	8.400000e+02	1.476323e-04	1.695343e-05	1.893432e-05
8.400000e+02	8.800000e+02	1.349744e-04	1.629895e-05	1.784605e-05
8.800000e+02	9.200000e+02	1.223588e-04	1.610093e-05	1.650230e-05
9.200000e+02	9.600000e+02	1.113386e-04	1.343663e-05	1.505932e-05
9.600000e+02	1.000000e+03	1.014712e-04	1.232805e-05	1.443370e-05
1.000000e+03	1.040000e+03	9.284202e-05	1.283850e-05	1.466053e-05
1.040000e+03	1.080000e+03	8.590228e-05	1.179995e-05	9.896225e-06
1.080000e+03	1.120000e+03	7.781053e-05	1.077543e-05	1.076570e-05
1.120000e+03	1.160000e+03	7.135350e-05	1.074703e-05	9.710950e-06
1.160000e+03	1.200000e+03	6.396927e-05	8.322175e-06	1.025973e-05
1.200000e+03	1.240000e+03	5.857185e-05	8.246900e-06	1.044455e-05
1.240000e+03	1.280000e+03	5.301505e-05	7.674475e-06	9.537550e-06
1.280000e+03	1.320000e+03	4.993032e-05	7.337000e-06	6.831850e-06
1.320000e+03	1.360000e+03	4.485762e-05	6.000100e-06	7.976125e-06
1.360000e+03	1.400000e+03	4.103140e-05	5.909325e-06	7.176475e-06
1.400000e+03	1.440000e+03	3.724358e-05	6.685900e-06	6.336125e-06
1.440000e+03	1.480000e+03	3.496940e-05	5.086400e-06	5.377950e-06
1.480000e+03	1.520000e+03	3.189225e-05	4.828100e-06	4.889175e-06
1.520000e+03	1.560000e+03	2.898875e-05	4.224320e-06	4.919750e-06
1.560000e+03	1.600000e+03	2.656735e-05	3.773473e-06	5.145625e-06
1.600000e+03	1.640000e+03	2.379842e-05	2.401805e-06	4.691153e-06
1.640000e+03	1.680000e+03	2.200186e-05	3.123418e-06	4.613570e-06
1.680000e+03	1.720000e+03	2.036496e-05	2.331483e-06	4.145248e-06
1.720000e+03	1.760000e+03	1.856859e-05	2.360175e-06	3.136225e-06
1.760000e+03	1.800000e+03	1.728492e-05	2.429095e-06	2.754858e-06
1.800000e+03	1.840000e+03	1.586367e-05	2.585430e-06	2.954265e-06
1.840000e+03	1.880000e+03	1.473159e-05	2.709805e-06	2.550102e-06
1.880000e+03	1.920000e+03	1.335045e-05	2.047055e-06	2.680448e-06
1.920000e+03	1.960000e+03	1.219797e-05	1.891440e-06	2.319490e-06
1.960000e+03	2.000000e+03	1.132808e-05	1.803225e-06	1.955370e-06
2.000000e+03	2.040000e+03	1.050609e-05	2.043715e-06	1.764413e-06
2.040000e+03	2.080000e+03	9.549292e-06	1.622202e-06	1.528572e-06
2.080000e+03	2.120000e+03	8.596222e-06	1.088960e-06	1.325048e-06
2.120000e+03	2.160000e+03	8.152318e-06	1.273128e-06	1.919855e-06
2.160000e+03	2.200000e+03	7.337480e-06	1.286890e-06	1.393728e-06
2.200000e+03	2.240000e+03	6.449932e-06	7.758450e-07	1.472755e-06
2.240000e+03	2.280000e+03	5.989942e-06	8.063400e-07	1.206473e-06
2.280000e+03	2.320000e+03	5.452160e-06	8.534350e-07	1.382215e-06
2.320000e+03	2.360000e+03	5.266273e-06	9.346150e-07	9.745075e-07
2.360000e+03	2.400000e+03	4.612775e-06	6.059675e-07	9.419450e-07
2.400000e+03	2.440000e+03	4.332380e-06	7.869850e-07	9.614100e-07
2.440000e+03	2.480000e+03	3.949970e-06	5.964400e-07	9.745100e-07
2.480000e+03	2.520000e+03	3.565050e-06	6.376925e-07	7.567100e-07
2.520000e+03	2.560000e+03	3.359290e-06	6.050925e-07	4.951675e-07
2.560000e+03	2.600000e+03	2.966448e-06	4.779650e-07	3.697875e-07
2.600000e+03	2.640000e+03	2.806270e-06	3.851458e-07	5.842925e-07
2.640000e+03	2.680000e+03	2.568290e-06	2.586473e-07	6.701125e-07
2.680000e+03	2.720000e+03	2.232517e-06	2.783103e-07	5.269375e-07
2.720000e+03	2.760000e+03	2.235104e-06	4.810920e-07	2.996710e-07
2.760000e+03	2.800000e+03	2.000054e-06	4.697275e-07	3.607330e-07
2.800000e+03	2.840000e+03	1.780500e-06	2.859982e-07	3.769322e-07
2.840000e+03	2.880000e+03	1.637883e-06	2.099758e-07	1.805938e-07
2.880000e+03	2.920000e+03	1.523943e-06	3.262643e-07	3.082145e-07
2.920000e+03	2.960000e+03	1.341401e-06	2.154215e-07	3.578582e-07
2.960000e+03	3.000000e+03	1.178945e-06	1.312742e-07	4.108045e-07
3.000000e+03	3.040000e+03	1.258444e-06	2.684792e-07	1.611665e-07
3.040000e+03	3.080000e+03	1.078542e-06	3.393370e-07	2.292940e-07
3.080000e+03	3.120000e+03	9.551892e-07	1.978205e-07	7.550325e-08
3.120000e+03	3.160000e+03	9.112645e-07	1.449730e-07	1.665693e-07
3.160000e+03	3.200000e+03	8.711673e-07	2.434745e-07	1.616450e-08
3.200000e+03	3.240000e+03	7.220582e-07	1.482930e-07	1.612765e-07
3.240000e+03	3.280000e+03	5.582558e-07	1.385725e-08	1.855573e-07
3.280000e+03	3.320000e+03	5.755488e-07	6.942100e-08	0.000000e+00
3.320000e+03	3.360000e+03	5.878958e-07	8.925275e-08	7.873150e-08
3.360000e+03	3.400000e+03	4.489275e-07	6.266000e-08	1.466402e-07
3.400000e+03	3.440000e+03	4.931822e-07	8.384425e-08	6.565250e-08
3.440000e+03	3.480000e+03	4.721725e-07	1.280318e-07	0.000000e+00
3.480000e+03	3.520000e+03	3.685408e-07	2.290783e-07	9.877950e-08
3.520000e+03	3.560000e+03	3.368810e-07	4.815750e-08	7.575900e-08
3.560000e+03	3.600000e+03	2.951612e-07	2.785925e-08	1.175365e-07
3.600000e+03	3.640000e+03	2.991200e-07	8.785873e-07	4.273375e-08
3.640000e+03	3.680000e+03	2.631047e-07	4.147470e-08	5.448475e-08
3.680000e+03	3.720000e+03	1.945269e-07	1.752823e-08	1.770151e-07
3.720000e+03	3.760000e+03	2.650245e-07	9.251505e-08	1.678725e-08
3.760000e+03	3.800000e+03	1.944104e-07	1.988508e-08	6.605458e-08
3.800000e+03	3.840000e+03	1.893514e-07	1.214648e-08	0.000000e+00
3.840000e+03	3.880000e+03	1.473080e-07	3.454750e-09	7.217043e-08
3.880000e+03	3.920000e+03	1.396814e-07	3.094477e-08	1.608350e-08
3.920000e+03	3.960000e+03	1.286910e-07	1.776900e-08	3.882348e-08
3.960000e+03	4.000000e+03	1.435480e-07	5.212880e-08	8.592800e-09
4.000000e+03	4.040000e+03	1.741489e-07	7.236433e-08	0.000000e+00
4.040000e+03	4.080000e+03	1.123251e-07	2.353250e-08	3.808275e-09
4.080000e+03	4.120000e+03	8.221945e-08	3.002457e-08	2.715325e-08
4.120000e+03	4.160000e+03	1.029516e-07	3.565435e-08	1.913450e-09
4.160000e+03	4.200000e+03	7.561420e-08	1.388343e-08	2.136727e-08
4.200000e+03	4.240000e+03	7.194640e-08	1.911500e-08	1.929843e-08
4.240000e+03	4.280000e+03	6.669965e-08	7.062728e-08	2.114667e-08
4.280000e+03	4.320000e+03	5.841468e-08	8.663300e-09	9.984550e-09
4.320000e+03	4.360000e+03	7.937267e-08	3.434117e-08	0.000000e+00
4.360000e+03	4.400000e+03	4.801565e-08	5.613575e-09	2.570355e-08
4.400000e+03	4.440000e+03	4.571420e-08	0.000000e+00	1.376818e-08
4.440000e+03	4.480000e+03	3.651952e-08	5.839975e-09	2.370748e-08
4.480000e+03	4.520000e+03	2.529560e-08	0.000000e+00	2.096467e-08
4.520000e+03	4.560000e+03	3.147622e-08	5.597350e-09	2.719778e-08
4.560000e+03	4.600000e+03	2.738985e-08	4.873697e-09	4.611600e-09
4.600000e+03	4.640000e+03	2.852040e-08	1.093189e-08	6.346975e-09
4.640000e+03	4.680000e+03	2.305667e-08	0.000000e+00	5.646383e-09
4.680000e+03	4.720000e+03	1.939956e-08	2.566145e-09	6.975042e-09
4.720000e+03	4.760000e+03	1.248113e-08	0.000000e+00	1.576976e-08
4.760000e+03	4.800000e+03	1.687438e-08	0.000000e+00	1.550470e-09
4.800000e+03	4.840000e+03	1.600543e-08	1.399885e-09	2.151277e-08
4.840000e+03	4.880000e+03	1.265251e-08	0.000000e+00	6.678465e-09
4.880000e+03	4.920000e+03	1.869933e-08	8.322257e-09	7.357375e-10
4.920000e+03	4.960000e+03	1.430144e-08	4.750902e-09	2.234326e-08
4.960000e+03	5.000000e+03	1.231146e-08	2.751272e-09	5.466268e-09
5.000000e+03	5.040000e+03	1.629349e-08	5.145803e-09	5.553667e-09
5.040000e+03	5.080000e+03	9.288898e-09	7.702488e-09	0.000000e+00
5.080000e+03	5.120000e+03	9.031770e-09	3.778533e-09	3.209675e-09
5.120000e+03	5.160000e+03	6.738530e-09	2.049647e-09	3.235205e-09
5.160000e+03	5.200000e+03	5.436988e-09	1.731155e-09	0.000000e+00
5.200000e+03	5.240000e+03	5.740583e-09	5.622550e-10	3.742090e-09
5.240000e+03	5.280000e+03	2.667665e-09	0.000000e+00	2.986482e-09
5.280000e+03	5.320000e+03	4.747818e-09	3.660800e-10	7.276075e-10
5.320000e+03	5.360000e+03	5.130223e-09	1.687928e-09	7.565525e-10
5.360000e+03	5.400000e+03	5.312110e-09	2.261673e-09	8.792975e-10
5.400000e+03	5.440000e+03	2.918445e-09	0.000000e+00	6.037848e-09
5.440000e+03	5.480000e+03	4.122783e-09	9.728875e-10	1.589605e-09
5.480000e+03	5.520000e+03	2.332514e-09	0.000000e+00	1.561376e-09
5.520000e+03	5.560000e+03	9.326705e-10	0.000000e+00	1.805175e-09
5.560000e+03	5.600000e+03	2.514835e-09	0.000000e+00	1.676447e-09
5.600000e+03	5.640000e+03	2.296774e-09	9.941765e-10	6.518560e-10
5.640000e+03	5.680000e+03	2.732870e-09	1.323799e-09	0.000000e+00
5.680000e+03	5.720000e+03	1.646192e-09	0.000000e+00	2.154023e-09
5.720000e+03	5.760000e+03	1.995617e-09	2.864353e-10	0.000000e+00
5.760000e+03	5.800000e+03	2.113190e-09	6.504240e-10	0.000000e+00
5.800000e+03	5.840000e+03	1.568352e-09	2.336670e-10	0.000000e+00
5.840000e+03	5.880000e+03	8.928915e-10	0.000000e+00	8.155672e-10
5.880000e+03	5.920000e+03	1.069721e-09	8.052950e-11	4.285403e-10
5.920000e+03	5.960000e+03	5.681607e-10	0.000000e+00	1.414375e-09
5.960000e+03	6.000000e+03	1.150719e-09	1.414060e-09	7.682008e-10
# END HISTO1D


# BEGIN HISTO1D //homes/tinghua1/Merging-Project/Production/HJETS/ratio-plots/hjets-vbfnlo/H-2-3-4-25gev-vbfnlo-combine.yoda/MC_H2JETS_04_INC/j2j3_mass
ErrorBandColor=green
ErrorBandOpacity=0.3
ErrorBands=1
ErrorType=env
LineColor=green
LineStyle=solid
Path=//homes/tinghua1/Merging-Project/Production/HJETS/ratio-plots/hjets-vbfnlo/H-2-3-4-25gev-vbfnlo-combine.yoda/MC_H2JETS_04_INC/j2j3_mass
RatioPlotSameStyle=1
Title=h(2,3,4)-vbfnlo
# xlow	 xhigh	 val	 errminus	 errplus
0.000000e+00	4.000000e+01	1.694903e-03	9.763250e-05	1.857957e-04
4.000000e+01	8.000000e+01	2.253337e-03	2.008558e-04	2.112027e-04
8.000000e+01	1.200000e+02	1.430633e-03	1.090728e-04	1.063352e-04
1.200000e+02	1.600000e+02	9.016765e-04	6.147550e-05	4.853375e-05
1.600000e+02	2.000000e+02	6.918742e-04	4.039725e-05	3.664000e-05
2.000000e+02	2.400000e+02	5.973790e-04	3.311300e-05	3.050175e-05
2.400000e+02	2.800000e+02	5.383107e-04	3.225625e-05	2.818375e-05
2.800000e+02	3.200000e+02	4.925618e-04	3.445125e-05	3.063225e-05
3.200000e+02	3.600000e+02	4.494922e-04	3.150600e-05	3.225150e-05
3.600000e+02	4.000000e+02	4.100045e-04	3.082875e-05	3.047700e-05
4.000000e+02	4.400000e+02	3.719987e-04	3.071450e-05	3.255850e-05
4.400000e+02	4.800000e+02	3.391065e-04	2.956775e-05	3.115150e-05
4.800000e+02	5.200000e+02	3.095600e-04	2.866300e-05	2.723975e-05
5.200000e+02	5.600000e+02	2.803020e-04	2.737250e-05	2.796275e-05
5.600000e+02	6.000000e+02	2.558793e-04	2.617213e-05	2.389550e-05
6.000000e+02	6.400000e+02	2.300424e-04	2.239980e-05	2.585757e-05
6.400000e+02	6.800000e+02	2.112695e-04	2.407568e-05	2.077822e-05
6.800000e+02	7.200000e+02	1.907051e-04	2.082922e-05	2.127158e-05
7.200000e+02	7.600000e+02	1.735716e-04	1.937400e-05	1.921412e-05
7.600000e+02	8.000000e+02	1.562458e-04	1.707960e-05	2.059238e-05
8.000000e+02	8.400000e+02	1.450715e-04	1.762365e-05	1.624165e-05
8.400000e+02	8.800000e+02	1.303331e-04	1.507023e-05	1.714522e-05
8.800000e+02	9.200000e+02	1.182205e-04	1.315503e-05	1.628963e-05
9.200000e+02	9.600000e+02	1.084525e-04	1.241135e-05	1.500915e-05
9.600000e+02	1.000000e+03	9.881873e-05	1.192648e-05	1.366745e-05
1.000000e+03	1.040000e+03	9.079327e-05	1.193365e-05	1.209440e-05
1.040000e+03	1.080000e+03	8.364677e-05	1.098760e-05	9.872675e-06
1.080000e+03	1.120000e+03	7.530352e-05	1.060998e-05	1.144042e-05
1.120000e+03	1.160000e+03	6.894598e-05	9.049175e-06	9.970300e-06
1.160000e+03	1.200000e+03	6.325207e-05	8.818650e-06	8.916250e-06
1.200000e+03	1.240000e+03	5.765745e-05	7.732600e-06	8.881375e-06
1.240000e+03	1.280000e+03	5.267805e-05	6.841300e-06	8.287225e-06
1.280000e+03	1.320000e+03	4.823925e-05	6.662550e-06	8.056500e-06
1.320000e+03	1.360000e+03	4.414480e-05	5.668875e-06	7.363500e-06
1.360000e+03	1.400000e+03	4.049327e-05	5.576375e-06	6.936500e-06
1.400000e+03	1.440000e+03	3.723678e-05	5.339450e-06	5.923725e-06
1.440000e+03	1.480000e+03	3.449420e-05	4.977850e-06	5.211600e-06
1.480000e+03	1.520000e+03	3.157093e-05	4.909425e-06	4.740825e-06
1.520000e+03	1.560000e+03	2.894010e-05	4.207833e-06	4.492400e-06
1.560000e+03	1.600000e+03	2.625825e-05	3.730145e-06	4.594825e-06
1.600000e+03	1.640000e+03	2.435642e-05	4.164890e-06	4.328860e-06
1.640000e+03	1.680000e+03	2.209320e-05	3.414600e-06	3.863828e-06
1.680000e+03	1.720000e+03	2.018058e-05	2.002585e-06	3.591940e-06
1.720000e+03	1.760000e+03	1.885471e-05	3.066560e-06	3.236015e-06
1.760000e+03	1.800000e+03	1.710641e-05	2.559675e-06	2.890455e-06
1.800000e+03	1.840000e+03	1.568263e-05	2.346392e-06	2.831258e-06
1.840000e+03	1.880000e+03	1.441547e-05	2.490913e-06	2.540752e-06
1.880000e+03	1.920000e+03	1.304469e-05	1.932335e-06	2.260005e-06
1.920000e+03	1.960000e+03	1.200438e-05	1.766278e-06	2.514207e-06
1.960000e+03	2.000000e+03	1.090578e-05	1.497745e-06	2.075017e-06
2.000000e+03	2.040000e+03	1.011888e-05	1.771830e-06	2.664407e-06
2.040000e+03	2.080000e+03	9.605375e-06	1.726812e-06	1.803480e-06
2.080000e+03	2.120000e+03	8.577858e-06	1.324550e-06	1.551445e-06
2.120000e+03	2.160000e+03	7.863290e-06	1.212040e-06	1.529970e-06
2.160000e+03	2.200000e+03	7.205005e-06	1.204488e-06	1.272783e-06
2.200000e+03	2.240000e+03	6.522975e-06	7.971125e-07	1.244315e-06
2.240000e+03	2.280000e+03	6.125365e-06	1.095953e-06	1.262040e-06
2.280000e+03	2.320000e+03	5.815948e-06	1.261280e-06	5.146050e-07
2.320000e+03	2.360000e+03	5.024733e-06	6.891925e-07	1.088268e-06
2.360000e+03	2.400000e+03	4.716615e-06	8.537600e-07	1.012290e-06
2.400000e+03	2.440000e+03	4.479335e-06	8.939975e-07	7.970350e-07
2.440000e+03	2.480000e+03	3.943402e-06	6.680100e-07	6.126825e-07
2.480000e+03	2.520000e+03	3.586838e-06	5.658500e-07	7.065175e-07
2.520000e+03	2.560000e+03	3.369798e-06	6.142950e-07	6.691025e-07
2.560000e+03	2.600000e+03	2.962115e-06	5.244945e-07	7.711775e-07
2.600000e+03	2.640000e+03	2.707165e-06	1.507600e-07	6.235250e-07
2.640000e+03	2.680000e+03	2.454329e-06	3.664267e-07	5.170463e-07
2.680000e+03	2.720000e+03	2.338074e-06	4.714787e-07	4.489805e-07
2.720000e+03	2.760000e+03	2.141833e-06	4.921943e-07	4.525497e-07
2.760000e+03	2.800000e+03	1.919793e-06	3.039498e-07	3.097300e-07
2.800000e+03	2.840000e+03	1.763371e-06	2.198640e-07	5.230185e-07
2.840000e+03	2.880000e+03	1.638101e-06	2.844150e-07	3.837248e-07
2.880000e+03	2.920000e+03	1.592337e-06	3.359677e-07	1.789895e-07
2.920000e+03	2.960000e+03	1.334680e-06	2.495080e-07	3.096458e-07
2.960000e+03	3.000000e+03	1.244525e-06	2.226450e-07	2.441282e-07
3.000000e+03	3.040000e+03	1.138182e-06	2.147985e-07	2.178933e-07
3.040000e+03	3.080000e+03	1.066851e-06	2.229392e-07	2.287620e-07
3.080000e+03	3.120000e+03	1.003630e-06	2.366980e-07	7.289250e-08
3.120000e+03	3.160000e+03	8.918452e-07	2.005577e-07	1.757038e-07
3.160000e+03	3.200000e+03	7.878072e-07	1.794435e-07	2.033653e-07
3.200000e+03	3.240000e+03	7.095300e-07	1.015472e-07	1.973735e-07
3.240000e+03	3.280000e+03	6.904945e-07	1.646557e-07	1.010417e-07
3.280000e+03	3.320000e+03	5.878533e-07	4.757825e-08	1.554557e-07
3.320000e+03	3.360000e+03	5.567840e-07	1.228430e-07	1.025255e-07
3.360000e+03	3.400000e+03	4.943665e-07	5.418775e-08	1.232223e-07
3.400000e+03	3.440000e+03	4.348920e-07	7.012525e-08	1.517045e-07
3.440000e+03	3.480000e+03	3.992203e-07	8.496150e-08	6.288925e-08
3.480000e+03	3.520000e+03	3.775770e-07	6.947475e-08	7.346150e-08
3.520000e+03	3.560000e+03	3.331037e-07	2.958900e-08	5.198125e-08
3.560000e+03	3.600000e+03	2.890348e-07	2.288925e-08	8.564825e-08
3.600000e+03	3.640000e+03	3.047642e-07	7.914812e-08	5.831175e-08
3.640000e+03	3.680000e+03	2.830395e-07	8.767020e-08	0.000000e+00
3.680000e+03	3.720000e+03	2.514497e-07	6.711715e-08	3.314450e-08
3.720000e+03	3.760000e+03	2.172248e-07	2.556125e-08	6.716217e-08
3.760000e+03	3.800000e+03	2.022266e-07	2.078280e-08	3.392105e-08
3.800000e+03	3.840000e+03	2.030077e-07	5.310495e-08	2.592765e-08
3.840000e+03	3.880000e+03	1.667153e-07	2.077212e-08	5.969168e-08
3.880000e+03	3.920000e+03	1.298484e-07	6.486500e-10	5.109935e-08
3.920000e+03	3.960000e+03	1.392334e-07	3.396222e-08	6.862805e-08
3.960000e+03	4.000000e+03	1.438330e-07	2.864825e-08	6.139875e-09
4.000000e+03	4.040000e+03	1.219341e-07	2.446278e-08	1.476500e-10
4.040000e+03	4.080000e+03	1.025404e-07	2.927622e-08	0.000000e+00
4.080000e+03	4.120000e+03	4.656348e-08	0.000000e+00	7.392190e-08
4.120000e+03	4.160000e+03	9.935062e-08	2.729515e-08	0.000000e+00
4.160000e+03	4.200000e+03	6.281843e-08	0.000000e+00	3.015515e-08
4.200000e+03	4.240000e+03	6.744513e-08	1.620458e-08	2.651057e-08
4.240000e+03	4.280000e+03	6.497960e-08	1.131505e-08	1.308850e-08
4.280000e+03	4.320000e+03	6.160755e-08	1.147840e-08	1.599277e-08
4.320000e+03	4.360000e+03	6.147082e-08	1.782200e-08	0.000000e+00
4.360000e+03	4.400000e+03	5.059925e-08	1.059638e-08	3.830375e-09
4.400000e+03	4.440000e+03	4.252642e-08	0.000000e+00	7.845150e-09
4.440000e+03	4.480000e+03	4.131503e-08	3.107150e-09	3.341350e-09
4.480000e+03	4.520000e+03	4.276207e-08	1.264295e-08	1.074053e-08
4.520000e+03	4.560000e+03	3.071467e-08	5.204975e-09	2.338960e-08
4.560000e+03	4.600000e+03	3.657785e-08	1.199544e-08	6.438350e-09
4.600000e+03	4.640000e+03	4.437685e-08	2.410015e-08	0.000000e+00
4.640000e+03	4.680000e+03	2.995305e-08	1.243984e-08	2.413875e-09
4.680000e+03	4.720000e+03	2.328690e-08	2.505352e-09	7.290850e-09
4.720000e+03	4.760000e+03	1.608458e-08	8.682750e-10	1.613624e-08
4.760000e+03	4.800000e+03	1.614476e-08	5.383350e-10	1.015461e-08
4.800000e+03	4.840000e+03	1.065660e-08	0.000000e+00	9.115670e-09
4.840000e+03	4.880000e+03	1.919270e-08	7.188505e-09	7.738150e-10
4.880000e+03	4.920000e+03	1.242653e-08	0.000000e+00	2.527585e-09
4.920000e+03	4.960000e+03	1.255068e-08	3.247962e-09	2.907877e-09
4.960000e+03	5.000000e+03	8.853053e-09	0.000000e+00	5.264035e-09
5.000000e+03	5.040000e+03	1.048005e-08	1.005620e-09	2.449910e-09
5.040000e+03	5.080000e+03	1.087688e-08	3.803788e-09	2.779750e-09
5.080000e+03	5.120000e+03	1.224352e-08	4.276880e-09	0.000000e+00
5.120000e+03	5.160000e+03	7.355262e-09	2.431337e-09	3.693050e-09
5.160000e+03	5.200000e+03	4.862897e-09	0.000000e+00	6.867307e-09
5.200000e+03	5.240000e+03	6.807155e-09	2.422982e-09	3.250775e-09
5.240000e+03	5.280000e+03	6.013320e-09	2.416650e-10	0.000000e+00
5.280000e+03	5.320000e+03	5.911733e-09	6.418775e-10	5.512437e-09
5.320000e+03	5.360000e+03	5.848310e-09	1.060655e-09	3.637525e-10
5.360000e+03	5.400000e+03	5.708535e-09	2.475882e-09	1.372722e-09
5.400000e+03	5.440000e+03	3.240580e-09	1.274025e-10	3.555543e-09
5.440000e+03	5.480000e+03	3.662438e-09	3.798775e-10	1.935217e-09
5.480000e+03	5.520000e+03	3.933265e-09	6.152750e-10	2.599170e-09
5.520000e+03	5.560000e+03	2.802605e-09	1.403334e-09	0.000000e+00
5.560000e+03	5.600000e+03	7.754580e-10	1.643056e-09	5.624625e-09
5.600000e+03	5.640000e+03	2.465659e-09	0.000000e+00	3.857068e-09
5.640000e+03	5.680000e+03	7.623143e-10	0.000000e+00	2.592861e-09
5.680000e+03	5.720000e+03	3.710697e-09	2.214267e-09	0.000000e+00
5.720000e+03	5.760000e+03	4.122262e-09	2.577598e-09	0.000000e+00
5.760000e+03	5.800000e+03	1.755203e-09	1.075175e-09	7.892493e-10
5.800000e+03	5.840000e+03	1.469389e-09	1.364883e-10	6.056392e-10
5.840000e+03	5.880000e+03	1.343672e-09	2.463800e-11	2.878138e-10
5.880000e+03	5.920000e+03	1.613551e-09	6.837043e-10	4.084687e-10
5.920000e+03	5.960000e+03	5.713563e-11	0.000000e+00	1.669349e-09
5.960000e+03	6.000000e+03	-1.836665e-09	0.000000e+00	3.031476e-09
# END HISTO1D


# BEGIN HISTO1D //homes/tinghua1/Merging-Project/Production/HJETS/ratio-plots/hjets-vbfnlo/H-2-3-25gev-combine.yoda/MC_H2JETS_04_INC/j2j3_mass
ErrorBandColor=purple
ErrorBandOpacity=0.3
ErrorBands=1
ErrorType=env
LineColor=purple
LineStyle=solid
Path=//homes/tinghua1/Merging-Project/Production/HJETS/ratio-plots/hjets-vbfnlo/H-2-3-25gev-combine.yoda/MC_H2JETS_04_INC/j2j3_mass
RatioPlotSameStyle=1
Title=h(2,3)
# xlow	 xhigh	 val	 errminus	 errplus
0.000000e+00	4.000000e+01	2.167803e-03	0.000000e+00	3.313367e-04
4.000000e+01	8.000000e+01	4.476957e-03	0.000000e+00	5.656700e-04
8.000000e+01	1.200000e+02	3.270880e-03	0.000000e+00	1.488675e-04
1.200000e+02	1.600000e+02	1.583379e-03	0.000000e+00	1.686183e-04
1.600000e+02	2.000000e+02	1.042601e-03	0.000000e+00	1.155165e-04
2.000000e+02	2.400000e+02	7.806907e-04	0.000000e+00	9.656750e-05
2.400000e+02	2.800000e+02	6.411550e-04	0.000000e+00	8.122575e-05
2.800000e+02	3.200000e+02	5.401407e-04	0.000000e+00	7.659875e-05
3.200000e+02	3.600000e+02	4.694165e-04	0.000000e+00	7.662375e-05
3.600000e+02	4.000000e+02	4.164837e-04	0.000000e+00	6.894575e-05
4.000000e+02	4.400000e+02	3.667045e-04	0.000000e+00	6.500250e-05
4.400000e+02	4.800000e+02	3.274888e-04	0.000000e+00	6.286425e-05
4.800000e+02	5.200000e+02	2.928115e-04	0.000000e+00	6.024950e-05
5.200000e+02	5.600000e+02	2.642888e-04	0.000000e+00	5.539050e-05
5.600000e+02	6.000000e+02	2.404926e-04	0.000000e+00	4.870320e-05
6.000000e+02	6.400000e+02	2.135143e-04	0.000000e+00	4.863265e-05
6.400000e+02	6.800000e+02	1.921179e-04	0.000000e+00	4.549350e-05
6.800000e+02	7.200000e+02	1.732630e-04	0.000000e+00	4.261070e-05
7.200000e+02	7.600000e+02	1.563842e-04	0.000000e+00	3.996987e-05
7.600000e+02	8.000000e+02	1.412242e-04	0.000000e+00	3.780090e-05
8.000000e+02	8.400000e+02	1.277781e-04	0.000000e+00	3.494772e-05
8.400000e+02	8.800000e+02	1.165280e-04	0.000000e+00	3.152808e-05
8.800000e+02	9.200000e+02	1.050833e-04	0.000000e+00	3.063038e-05
9.200000e+02	9.600000e+02	9.555272e-05	0.000000e+00	2.763045e-05
9.600000e+02	1.000000e+03	8.691255e-05	0.000000e+00	2.630590e-05
1.000000e+03	1.040000e+03	7.871075e-05	0.000000e+00	2.353332e-05
1.040000e+03	1.080000e+03	7.218387e-05	0.000000e+00	2.200495e-05
1.080000e+03	1.120000e+03	6.526955e-05	0.000000e+00	2.037395e-05
1.120000e+03	1.160000e+03	5.975290e-05	0.000000e+00	1.914358e-05
1.160000e+03	1.200000e+03	5.456588e-05	0.000000e+00	1.755255e-05
1.200000e+03	1.240000e+03	4.989248e-05	0.000000e+00	1.613760e-05
1.240000e+03	1.280000e+03	4.536000e-05	0.000000e+00	1.476140e-05
1.280000e+03	1.320000e+03	4.149255e-05	0.000000e+00	1.377005e-05
1.320000e+03	1.360000e+03	3.807248e-05	0.000000e+00	1.286180e-05
1.360000e+03	1.400000e+03	3.490500e-05	0.000000e+00	1.147458e-05
1.400000e+03	1.440000e+03	3.192382e-05	0.000000e+00	1.082255e-05
1.440000e+03	1.480000e+03	2.883667e-05	0.000000e+00	1.027145e-05
1.480000e+03	1.520000e+03	2.657193e-05	0.000000e+00	9.398950e-06
1.520000e+03	1.560000e+03	2.395754e-05	0.000000e+00	8.908905e-06
1.560000e+03	1.600000e+03	2.220934e-05	0.000000e+00	8.071913e-06
1.600000e+03	1.640000e+03	1.992143e-05	0.000000e+00	8.007592e-06
1.640000e+03	1.680000e+03	1.870334e-05	0.000000e+00	6.725690e-06
1.680000e+03	1.720000e+03	1.689418e-05	0.000000e+00	6.462588e-06
1.720000e+03	1.760000e+03	1.584709e-05	0.000000e+00	5.808568e-06
1.760000e+03	1.800000e+03	1.435001e-05	0.000000e+00	5.283138e-06
1.800000e+03	1.840000e+03	1.301674e-05	0.000000e+00	5.266360e-06
1.840000e+03	1.880000e+03	1.178454e-05	0.000000e+00	4.721375e-06
1.880000e+03	1.920000e+03	1.089200e-05	0.000000e+00	4.602820e-06
1.920000e+03	1.960000e+03	1.015666e-05	0.000000e+00	3.822775e-06
1.960000e+03	2.000000e+03	9.226165e-06	0.000000e+00	3.946933e-06
2.000000e+03	2.040000e+03	8.275570e-06	0.000000e+00	3.349965e-06
2.040000e+03	2.080000e+03	7.697682e-06	0.000000e+00	3.217925e-06
2.080000e+03	2.120000e+03	6.995867e-06	0.000000e+00	2.937578e-06
2.120000e+03	2.160000e+03	6.561732e-06	0.000000e+00	2.465383e-06
2.160000e+03	2.200000e+03	6.004530e-06	0.000000e+00	2.394182e-06
2.200000e+03	2.240000e+03	5.311292e-06	0.000000e+00	2.253360e-06
2.240000e+03	2.280000e+03	4.806218e-06	0.000000e+00	2.310027e-06
2.280000e+03	2.320000e+03	4.753540e-06	0.000000e+00	1.767680e-06
2.320000e+03	2.360000e+03	3.978290e-06	0.000000e+00	1.932005e-06
2.360000e+03	2.400000e+03	3.847865e-06	0.000000e+00	1.556148e-06
2.400000e+03	2.440000e+03	3.531655e-06	0.000000e+00	1.515822e-06
2.440000e+03	2.480000e+03	3.188458e-06	0.000000e+00	1.386628e-06
2.480000e+03	2.520000e+03	2.897035e-06	0.000000e+00	1.293910e-06
2.520000e+03	2.560000e+03	2.680032e-06	0.000000e+00	1.188320e-06
2.560000e+03	2.600000e+03	2.404099e-06	0.000000e+00	1.162736e-06
2.600000e+03	2.640000e+03	2.270624e-06	0.000000e+00	1.098233e-06
2.640000e+03	2.680000e+03	2.053325e-06	0.000000e+00	9.148498e-07
2.680000e+03	2.720000e+03	1.972086e-06	0.000000e+00	7.063560e-07
2.720000e+03	2.760000e+03	1.742918e-06	0.000000e+00	6.922470e-07
2.760000e+03	2.800000e+03	1.532724e-06	0.000000e+00	7.154282e-07
2.800000e+03	2.840000e+03	1.413539e-06	0.000000e+00	6.233465e-07
2.840000e+03	2.880000e+03	1.315213e-06	0.000000e+00	5.956565e-07
2.880000e+03	2.920000e+03	1.214812e-06	0.000000e+00	4.570745e-07
2.920000e+03	2.960000e+03	1.049404e-06	0.000000e+00	5.400480e-07
2.960000e+03	3.000000e+03	9.788712e-07	0.000000e+00	4.455820e-07
3.000000e+03	3.040000e+03	8.998245e-07	0.000000e+00	3.826183e-07
3.040000e+03	3.080000e+03	8.403313e-07	0.000000e+00	2.628432e-07
3.080000e+03	3.120000e+03	7.219018e-07	0.000000e+00	3.854055e-07
3.120000e+03	3.160000e+03	6.929263e-07	0.000000e+00	2.775610e-07
3.160000e+03	3.200000e+03	6.233490e-07	0.000000e+00	3.262092e-07
3.200000e+03	3.240000e+03	5.558080e-07	0.000000e+00	2.017570e-07
3.240000e+03	3.280000e+03	5.326597e-07	0.000000e+00	2.005877e-07
3.280000e+03	3.320000e+03	4.518480e-07	0.000000e+00	2.600390e-07
3.320000e+03	3.360000e+03	4.067898e-07	0.000000e+00	2.273267e-07
3.360000e+03	3.400000e+03	4.186740e-07	0.000000e+00	1.907123e-07
3.400000e+03	3.440000e+03	3.688858e-07	0.000000e+00	1.540677e-07
3.440000e+03	3.480000e+03	3.133283e-07	0.000000e+00	1.534875e-07
3.480000e+03	3.520000e+03	2.878295e-07	0.000000e+00	1.391805e-07
3.520000e+03	3.560000e+03	2.803287e-07	0.000000e+00	1.218227e-07
3.560000e+03	3.600000e+03	2.484847e-07	0.000000e+00	1.569508e-07
3.600000e+03	3.640000e+03	2.131159e-07	0.000000e+00	1.234216e-07
3.640000e+03	3.680000e+03	1.930131e-07	0.000000e+00	1.489897e-07
3.680000e+03	3.720000e+03	1.936414e-07	0.000000e+00	1.134383e-07
3.720000e+03	3.760000e+03	1.806844e-07	0.000000e+00	4.969138e-08
3.760000e+03	3.800000e+03	1.599698e-07	0.000000e+00	5.554680e-08
3.800000e+03	3.840000e+03	1.447539e-07	0.000000e+00	7.055650e-08
3.840000e+03	3.880000e+03	1.315527e-07	0.000000e+00	6.945550e-08
3.880000e+03	3.920000e+03	1.100134e-07	0.000000e+00	6.647623e-08
3.920000e+03	3.960000e+03	1.089788e-07	0.000000e+00	4.862655e-08
3.960000e+03	4.000000e+03	9.625992e-08	0.000000e+00	3.562652e-08
4.000000e+03	4.040000e+03	1.295385e-07	3.352500e-08	3.204500e-09
4.040000e+03	4.080000e+03	7.904043e-08	0.000000e+00	4.166395e-08
4.080000e+03	4.120000e+03	6.282543e-08	0.000000e+00	3.927513e-08
4.120000e+03	4.160000e+03	6.079508e-08	0.000000e+00	4.249415e-08
4.160000e+03	4.200000e+03	5.604258e-08	0.000000e+00	4.496580e-08
4.200000e+03	4.240000e+03	5.188408e-08	0.000000e+00	3.104190e-08
4.240000e+03	4.280000e+03	4.547875e-08	0.000000e+00	3.334523e-08
4.280000e+03	4.320000e+03	4.890793e-08	0.000000e+00	1.752822e-08
4.320000e+03	4.360000e+03	4.281368e-08	0.000000e+00	2.328243e-08
4.360000e+03	4.400000e+03	3.550935e-08	0.000000e+00	1.965955e-08
4.400000e+03	4.440000e+03	3.207450e-08	0.000000e+00	1.919280e-08
4.440000e+03	4.480000e+03	3.124867e-08	0.000000e+00	2.245077e-08
4.480000e+03	4.520000e+03	2.668375e-08	0.000000e+00	1.696117e-08
4.520000e+03	4.560000e+03	2.660115e-08	0.000000e+00	1.324312e-08
4.560000e+03	4.600000e+03	1.702438e-08	0.000000e+00	1.505924e-08
4.600000e+03	4.640000e+03	2.552187e-08	0.000000e+00	1.026890e-08
4.640000e+03	4.680000e+03	1.922929e-08	0.000000e+00	2.018151e-08
4.680000e+03	4.720000e+03	2.155246e-08	0.000000e+00	3.010722e-09
4.720000e+03	4.760000e+03	1.638409e-08	0.000000e+00	6.301887e-09
4.760000e+03	4.800000e+03	1.440865e-08	0.000000e+00	9.117050e-09
4.800000e+03	4.840000e+03	1.358348e-08	1.129550e-10	4.741505e-09
4.840000e+03	4.880000e+03	1.281655e-08	0.000000e+00	3.803970e-09
4.880000e+03	4.920000e+03	9.181670e-09	0.000000e+00	6.085042e-09
4.920000e+03	4.960000e+03	8.193877e-09	0.000000e+00	5.859053e-09
4.960000e+03	5.000000e+03	1.119504e-08	2.637070e-09	3.945102e-09
5.000000e+03	5.040000e+03	8.742723e-09	0.000000e+00	2.298772e-09
5.040000e+03	5.080000e+03	7.425097e-09	0.000000e+00	4.760693e-09
5.080000e+03	5.120000e+03	6.047150e-09	0.000000e+00	5.636370e-09
5.120000e+03	5.160000e+03	5.974628e-09	1.228590e-09	5.579447e-09
5.160000e+03	5.200000e+03	4.029987e-09	0.000000e+00	2.045833e-09
5.200000e+03	5.240000e+03	4.036385e-09	0.000000e+00	3.637822e-09
5.240000e+03	5.280000e+03	3.628733e-09	0.000000e+00	4.495175e-09
5.280000e+03	5.320000e+03	-2.979618e-09	0.000000e+00	9.153393e-09
5.320000e+03	5.360000e+03	2.988793e-09	0.000000e+00	1.740022e-09
5.360000e+03	5.400000e+03	2.175986e-09	0.000000e+00	3.086704e-09
5.400000e+03	5.440000e+03	2.631615e-09	0.000000e+00	2.989323e-09
5.440000e+03	5.480000e+03	1.748984e-09	0.000000e+00	2.440223e-09
5.480000e+03	5.520000e+03	2.602045e-09	0.000000e+00	6.460650e-10
5.520000e+03	5.560000e+03	2.016584e-09	0.000000e+00	1.525554e-09
5.560000e+03	5.600000e+03	1.865205e-09	0.000000e+00	6.935453e-10
5.600000e+03	5.640000e+03	1.284093e-09	0.000000e+00	2.569487e-09
5.640000e+03	5.680000e+03	1.183333e-09	0.000000e+00	1.091488e-09
5.680000e+03	5.720000e+03	1.439132e-09	0.000000e+00	6.228767e-10
5.720000e+03	5.760000e+03	1.295895e-09	0.000000e+00	1.255977e-09
5.760000e+03	5.800000e+03	1.462516e-09	0.000000e+00	1.088803e-10
5.800000e+03	5.840000e+03	1.123295e-09	0.000000e+00	3.984325e-10
5.840000e+03	5.880000e+03	1.017410e-09	0.000000e+00	4.999443e-10
5.880000e+03	5.920000e+03	9.266038e-10	1.707725e-11	9.455038e-10
5.920000e+03	5.960000e+03	6.470283e-10	0.000000e+00	3.625580e-10
5.960000e+03	6.000000e+03	6.184960e-10	0.000000e+00	3.302422e-10
# END HISTO1D


# BEGIN HISTO1D //homes/tinghua1/Merging-Project/Production/HJETS/ratio-plots/hjets-vbfnlo/H-2-3-25gev-vbfnlo-combine.yoda/MC_H2JETS_04_INC/j2j3_mass
ErrorBandColor=violet
ErrorBandOpacity=0.3
ErrorBands=1
ErrorType=env
LineColor=violet
LineStyle=solid
Path=//homes/tinghua1/Merging-Project/Production/HJETS/ratio-plots/hjets-vbfnlo/H-2-3-25gev-vbfnlo-combine.yoda/MC_H2JETS_04_INC/j2j3_mass
RatioPlotSameStyle=1
Title=h(2,3)-vbfnlo
# xlow	 xhigh	 val	 errminus	 errplus
0.000000e+00	4.000000e+01	1.893200e-03	2.876708e-04	0.000000e+00
4.000000e+01	8.000000e+01	2.445312e-03	4.060155e-04	0.000000e+00
8.000000e+01	1.200000e+02	1.489400e-03	1.924925e-04	0.000000e+00
1.200000e+02	1.600000e+02	9.222928e-04	9.777725e-05	0.000000e+00
1.600000e+02	2.000000e+02	7.097915e-04	6.811400e-05	0.000000e+00
2.000000e+02	2.400000e+02	6.176133e-04	6.115075e-05	0.000000e+00
2.400000e+02	2.800000e+02	5.617343e-04	6.117850e-05	0.000000e+00
2.800000e+02	3.200000e+02	5.156240e-04	5.943550e-05	0.000000e+00
3.200000e+02	3.600000e+02	4.761115e-04	6.175000e-05	0.000000e+00
3.600000e+02	4.000000e+02	4.355332e-04	5.999050e-05	0.000000e+00
4.000000e+02	4.400000e+02	4.007607e-04	5.983525e-05	0.000000e+00
4.400000e+02	4.800000e+02	3.642678e-04	5.587350e-05	0.000000e+00
4.800000e+02	5.200000e+02	3.338882e-04	5.440850e-05	0.000000e+00
5.200000e+02	5.600000e+02	3.043875e-04	5.228100e-05	0.000000e+00
5.600000e+02	6.000000e+02	2.777543e-04	4.922245e-05	0.000000e+00
6.000000e+02	6.400000e+02	2.531315e-04	4.662955e-05	0.000000e+00
6.400000e+02	6.800000e+02	2.311158e-04	4.444387e-05	0.000000e+00
6.800000e+02	7.200000e+02	2.106927e-04	4.139815e-05	0.000000e+00
7.200000e+02	7.600000e+02	1.918776e-04	3.889260e-05	0.000000e+00
7.600000e+02	8.000000e+02	1.748929e-04	3.544187e-05	0.000000e+00
8.000000e+02	8.400000e+02	1.600739e-04	3.384403e-05	0.000000e+00
8.400000e+02	8.800000e+02	1.455144e-04	3.135567e-05	0.000000e+00
8.800000e+02	9.200000e+02	1.334792e-04	2.880805e-05	0.000000e+00
9.200000e+02	9.600000e+02	1.221032e-04	2.776778e-05	0.000000e+00
9.600000e+02	1.000000e+03	1.111650e-04	2.521325e-05	0.000000e+00
1.000000e+03	1.040000e+03	1.017729e-04	2.352885e-05	0.000000e+00
1.040000e+03	1.080000e+03	9.336263e-05	2.207115e-05	0.000000e+00
1.080000e+03	1.120000e+03	8.494463e-05	2.008217e-05	0.000000e+00
1.120000e+03	1.160000e+03	7.821168e-05	1.906790e-05	0.000000e+00
1.160000e+03	1.200000e+03	7.155690e-05	1.750382e-05	0.000000e+00
1.200000e+03	1.240000e+03	6.529212e-05	1.578330e-05	0.000000e+00
1.240000e+03	1.280000e+03	6.041538e-05	1.514233e-05	0.000000e+00
1.280000e+03	1.320000e+03	5.496833e-05	1.375563e-05	0.000000e+00
1.320000e+03	1.360000e+03	5.061050e-05	1.287270e-05	0.000000e+00
1.360000e+03	1.400000e+03	4.649805e-05	1.209605e-05	0.000000e+00
1.400000e+03	1.440000e+03	4.253785e-05	1.110300e-05	0.000000e+00
1.440000e+03	1.480000e+03	3.912485e-05	1.020680e-05	0.000000e+00
1.480000e+03	1.520000e+03	3.585765e-05	9.538300e-06	0.000000e+00
1.520000e+03	1.560000e+03	3.293238e-05	8.839255e-06	0.000000e+00
1.560000e+03	1.600000e+03	3.020845e-05	8.097135e-06	0.000000e+00
1.600000e+03	1.640000e+03	2.768373e-05	7.427065e-06	0.000000e+00
1.640000e+03	1.680000e+03	2.546078e-05	6.851128e-06	0.000000e+00
1.680000e+03	1.720000e+03	2.355733e-05	6.562505e-06	0.000000e+00
1.720000e+03	1.760000e+03	2.134217e-05	5.704538e-06	0.000000e+00
1.760000e+03	1.800000e+03	1.970738e-05	5.358873e-06	0.000000e+00
1.800000e+03	1.840000e+03	1.818571e-05	5.121700e-06	0.000000e+00
1.840000e+03	1.880000e+03	1.661118e-05	4.657052e-06	0.000000e+00
1.880000e+03	1.920000e+03	1.531991e-05	4.247785e-06	0.000000e+00
1.920000e+03	1.960000e+03	1.410772e-05	4.057188e-06	0.000000e+00
1.960000e+03	2.000000e+03	1.293065e-05	3.740053e-06	0.000000e+00
2.000000e+03	2.040000e+03	1.181308e-05	3.341932e-06	0.000000e+00
2.040000e+03	2.080000e+03	1.095918e-05	3.217890e-06	0.000000e+00
2.080000e+03	2.120000e+03	9.907500e-06	2.879522e-06	0.000000e+00
2.120000e+03	2.160000e+03	9.087720e-06	2.547603e-06	0.000000e+00
2.160000e+03	2.200000e+03	8.441920e-06	2.542713e-06	0.000000e+00
2.200000e+03	2.240000e+03	7.778408e-06	2.349660e-06	0.000000e+00
2.240000e+03	2.280000e+03	7.114025e-06	2.036632e-06	0.000000e+00
2.280000e+03	2.320000e+03	6.463640e-06	1.843295e-06	0.000000e+00
2.320000e+03	2.360000e+03	5.933543e-06	1.690548e-06	0.000000e+00
2.360000e+03	2.400000e+03	5.515925e-06	1.730395e-06	0.000000e+00
2.400000e+03	2.440000e+03	5.042510e-06	1.598818e-06	0.000000e+00
2.440000e+03	2.480000e+03	4.621725e-06	1.423943e-06	0.000000e+00
2.480000e+03	2.520000e+03	4.195835e-06	1.283832e-06	0.000000e+00
2.520000e+03	2.560000e+03	3.824360e-06	1.178470e-06	0.000000e+00
2.560000e+03	2.600000e+03	3.544228e-06	1.103602e-06	0.000000e+00
2.600000e+03	2.640000e+03	3.182055e-06	9.248040e-07	0.000000e+00
2.640000e+03	2.680000e+03	2.914558e-06	8.716008e-07	0.000000e+00
2.680000e+03	2.720000e+03	2.667955e-06	7.912027e-07	0.000000e+00
2.720000e+03	2.760000e+03	2.442035e-06	7.584930e-07	0.000000e+00
2.760000e+03	2.800000e+03	2.247077e-06	6.812677e-07	0.000000e+00
2.800000e+03	2.840000e+03	2.051880e-06	6.467655e-07	0.000000e+00
2.840000e+03	2.880000e+03	1.852837e-06	5.542093e-07	0.000000e+00
2.880000e+03	2.920000e+03	1.706461e-06	5.421942e-07	0.000000e+00
2.920000e+03	2.960000e+03	1.590322e-06	4.987758e-07	0.000000e+00
2.960000e+03	3.000000e+03	1.410644e-06	4.054345e-07	0.000000e+00
3.000000e+03	3.040000e+03	1.338905e-06	4.251545e-07	0.000000e+00
3.040000e+03	3.080000e+03	1.229708e-06	3.896065e-07	0.000000e+00
3.080000e+03	3.120000e+03	1.098046e-06	3.389442e-07	0.000000e+00
3.120000e+03	3.160000e+03	1.004974e-06	2.953430e-07	0.000000e+00
3.160000e+03	3.200000e+03	9.139872e-07	2.881895e-07	0.000000e+00
3.200000e+03	3.240000e+03	8.195463e-07	2.484917e-07	0.000000e+00
3.240000e+03	3.280000e+03	7.780870e-07	2.491715e-07	0.000000e+00
3.280000e+03	3.320000e+03	7.099918e-07	2.494935e-07	0.000000e+00
3.320000e+03	3.360000e+03	6.494252e-07	2.106420e-07	0.000000e+00
3.360000e+03	3.400000e+03	5.673843e-07	1.673515e-07	0.000000e+00
3.400000e+03	3.440000e+03	5.312477e-07	1.698282e-07	0.000000e+00
3.440000e+03	3.480000e+03	4.763730e-07	1.427497e-07	0.000000e+00
3.480000e+03	3.520000e+03	4.269340e-07	1.188062e-07	0.000000e+00
3.520000e+03	3.560000e+03	4.000567e-07	1.140395e-07	0.000000e+00
3.560000e+03	3.600000e+03	3.760512e-07	1.338951e-07	0.000000e+00
3.600000e+03	3.640000e+03	3.305388e-07	9.798787e-08	0.000000e+00
3.640000e+03	3.680000e+03	3.020460e-07	9.186812e-08	0.000000e+00
3.680000e+03	3.720000e+03	2.730133e-07	9.767788e-08	0.000000e+00
3.720000e+03	3.760000e+03	2.425182e-07	7.778198e-08	0.000000e+00
3.760000e+03	3.800000e+03	2.401325e-07	9.081918e-08	0.000000e+00
3.800000e+03	3.840000e+03	2.127934e-07	7.774175e-08	0.000000e+00
3.840000e+03	3.880000e+03	1.922369e-07	5.719812e-08	0.000000e+00
3.880000e+03	3.920000e+03	1.891303e-07	6.282815e-08	0.000000e+00
3.920000e+03	3.960000e+03	1.608010e-07	6.413478e-08	0.000000e+00
3.960000e+03	4.000000e+03	1.500488e-07	5.442637e-08	0.000000e+00
4.000000e+03	4.040000e+03	1.329039e-07	4.607118e-08	0.000000e+00
4.040000e+03	4.080000e+03	1.263753e-07	3.360247e-08	0.000000e+00
4.080000e+03	4.120000e+03	1.032979e-07	3.936888e-08	0.000000e+00
4.120000e+03	4.160000e+03	9.310308e-08	2.778895e-08	0.000000e+00
4.160000e+03	4.200000e+03	9.048878e-08	2.932445e-08	0.000000e+00
4.200000e+03	4.240000e+03	8.701638e-08	3.598360e-08	0.000000e+00
4.240000e+03	4.280000e+03	7.584833e-08	2.225353e-08	0.000000e+00
4.280000e+03	4.320000e+03	7.239120e-08	2.247840e-08	0.000000e+00
4.320000e+03	4.360000e+03	6.965147e-08	3.059445e-08	0.000000e+00
4.360000e+03	4.400000e+03	6.548150e-08	2.931420e-08	0.000000e+00
4.400000e+03	4.440000e+03	5.125280e-08	1.694407e-08	0.000000e+00
4.440000e+03	4.480000e+03	4.505570e-08	1.723427e-08	0.000000e+00
4.480000e+03	4.520000e+03	4.223915e-08	1.377075e-08	0.000000e+00
4.520000e+03	4.560000e+03	3.707242e-08	1.229732e-08	0.000000e+00
4.560000e+03	4.600000e+03	3.662687e-08	1.241873e-08	0.000000e+00
4.600000e+03	4.640000e+03	3.031117e-08	1.070049e-08	0.000000e+00
4.640000e+03	4.680000e+03	2.433756e-08	4.987227e-09	1.656163e-09
4.680000e+03	4.720000e+03	2.637038e-08	8.957295e-09	0.000000e+00
4.720000e+03	4.760000e+03	2.370683e-08	1.069501e-08	0.000000e+00
4.760000e+03	4.800000e+03	2.292338e-08	8.971417e-09	0.000000e+00
4.800000e+03	4.840000e+03	2.457065e-08	1.320501e-08	0.000000e+00
4.840000e+03	4.880000e+03	1.734302e-08	3.678665e-09	0.000000e+00
4.880000e+03	4.920000e+03	1.427057e-08	4.718600e-09	0.000000e+00
4.920000e+03	4.960000e+03	1.731521e-08	8.569342e-09	0.000000e+00
4.960000e+03	5.000000e+03	1.313380e-08	4.975130e-09	0.000000e+00
5.000000e+03	5.040000e+03	1.391860e-08	5.842710e-09	0.000000e+00
5.040000e+03	5.080000e+03	1.427832e-08	7.269500e-09	0.000000e+00
5.080000e+03	5.120000e+03	1.076948e-08	2.126305e-09	0.000000e+00
5.120000e+03	5.160000e+03	8.548202e-09	2.166538e-09	0.000000e+00
5.160000e+03	5.200000e+03	7.868285e-09	2.157920e-09	0.000000e+00
5.200000e+03	5.240000e+03	8.259087e-09	2.724287e-09	0.000000e+00
5.240000e+03	5.280000e+03	6.780183e-09	3.452088e-09	0.000000e+00
5.280000e+03	5.320000e+03	7.805653e-09	4.030510e-09	0.000000e+00
5.320000e+03	5.360000e+03	5.447910e-09	1.772585e-09	0.000000e+00
5.360000e+03	5.400000e+03	4.693047e-09	1.895287e-09	0.000000e+00
5.400000e+03	5.440000e+03	4.186770e-09	1.480535e-09	0.000000e+00
5.440000e+03	5.480000e+03	4.027583e-09	1.317413e-09	0.000000e+00
5.480000e+03	5.520000e+03	3.891627e-09	1.718195e-09	0.000000e+00
5.520000e+03	5.560000e+03	2.559142e-09	8.025545e-10	0.000000e+00
5.560000e+03	5.600000e+03	3.453655e-09	1.483343e-09	0.000000e+00
5.600000e+03	5.640000e+03	1.584899e-09	0.000000e+00	5.934112e-10
5.640000e+03	5.680000e+03	2.460442e-09	6.618993e-10	5.888628e-10
5.680000e+03	5.720000e+03	1.673242e-09	3.527388e-10	3.739625e-10
5.720000e+03	5.760000e+03	1.789977e-09	4.171070e-10	0.000000e+00
5.760000e+03	5.800000e+03	1.848298e-09	5.476098e-10	0.000000e+00
5.800000e+03	5.840000e+03	1.277880e-09	1.817415e-10	2.237300e-11
5.840000e+03	5.880000e+03	2.027123e-09	8.302660e-10	0.000000e+00
5.880000e+03	5.920000e+03	1.513191e-09	6.857277e-10	0.000000e+00
5.920000e+03	5.960000e+03	1.288933e-09	5.003010e-10	0.000000e+00
5.960000e+03	6.000000e+03	1.073189e-09	4.170270e-10	0.000000e+00
# END HISTO1D

