# BEGIN PLOT
Scale=1000.0
DrawOnly=//homes/tinghua1/Merging-Project/Production/HJETS/ratio-plots/hjets-vbfnlo/H-N2-N3-4-25gev-combine.yoda/MC_H2JETS_04_INC/j3j4_mass //homes/tinghua1/Merging-Project/Production/HJETS/ratio-plots/hjets-vbfnlo/H-N2-N3-4-25gev-vbfnlo-combine.yoda/MC_H2JETS_04_INC/j3j4_mass //homes/tinghua1/Merging-Project/Production/HJETS/ratio-plots/hjets-vbfnlo/H-N2-3-4-25gev-combine.yoda/MC_H2JETS_04_INC/j3j4_mass //homes/tinghua1/Merging-Project/Production/HJETS/ratio-plots/hjets-vbfnlo/H-N2-3-4-25gev-vbfnlo-combine.yoda/MC_H2JETS_04_INC/j3j4_mass //homes/tinghua1/Merging-Project/Production/HJETS/ratio-plots/hjets-vbfnlo/H-2-3-4-25gev-combine.yoda/MC_H2JETS_04_INC/j3j4_mass //homes/tinghua1/Merging-Project/Production/HJETS/ratio-plots/hjets-vbfnlo/H-2-3-4-25gev-vbfnlo-combine.yoda/MC_H2JETS_04_INC/j3j4_mass //homes/tinghua1/Merging-Project/Production/HJETS/ratio-plots/hjets-vbfnlo/H-2-3-25gev-combine.yoda/MC_H2JETS_04_INC/j3j4_mass //homes/tinghua1/Merging-Project/Production/HJETS/ratio-plots/hjets-vbfnlo/H-2-3-25gev-vbfnlo-combine.yoda/MC_H2JETS_04_INC/j3j4_mass
RightMargin=0.5
RatioPlotReference=//homes/tinghua1/Merging-Project/Production/HJETS/ratio-plots/hjets-vbfnlo/H-N2-N3-4-25gev-combine.yoda/MC_H2JETS_04_INC/j3j4_mass
#RatioPlot=1
LogY=1
RatioPlotYMax=2.0
RatioPlotYLabel=Ratio
#LegendOnly=//homes/tinghua1/Merging-Project/Production/HJETS/ratio-plots/hjets-vbfnlo/H-N2-N3-4-25gev-combine.yoda/MC_H2JETS_04_INC/j3j4_mass //homes/tinghua1/Merging-Project/Production/HJETS/ratio-plots/hjets-vbfnlo/H-N2-N3-4-25gev-vbfnlo-combine.yoda/MC_H2JETS_04_INC/j3j4_mass //homes/tinghua1/Merging-Project/Production/HJETS/ratio-plots/hjets-vbfnlo/H-N2-3-4-25gev-combine.yoda/MC_H2JETS_04_INC/j3j4_mass //homes/tinghua1/Merging-Project/Production/HJETS/ratio-plots/hjets-vbfnlo/H-N2-3-4-25gev-vbfnlo-combine.yoda/MC_H2JETS_04_INC/j3j4_mass //homes/tinghua1/Merging-Project/Production/HJETS/ratio-plots/hjets-vbfnlo/H-2-3-4-25gev-combine.yoda/MC_H2JETS_04_INC/j3j4_mass //homes/tinghua1/Merging-Project/Production/HJETS/ratio-plots/hjets-vbfnlo/H-2-3-4-25gev-vbfnlo-combine.yoda/MC_H2JETS_04_INC/j3j4_mass //homes/tinghua1/Merging-Project/Production/HJETS/ratio-plots/hjets-vbfnlo/H-2-3-25gev-combine.yoda/MC_H2JETS_04_INC/j3j4_mass //homes/tinghua1/Merging-Project/Production/HJETS/ratio-plots/hjets-vbfnlo/H-2-3-25gev-vbfnlo-combine.yoda/MC_H2JETS_04_INC/j3j4_mass
XLabel=$m_{j_3j_4}$ (GeV)
LegendAlign=r
XMax=1000
YLabel=$ \text{d} \sigma/ \text{d}  m_{j_3j_4}$ (fb/GeV)
Legend=1
RatioPlot=4
MainPlotSelection={"Selection":[1,2,3,4,5,6,7,8]}
RatioPlots={"RatioPlotYLabel":"","Selection":[1,2]};{"RatioPlotYLabel":"","Selection":[3,4]};{"RatioPlotYLabel":"","Selection":[5,6]};{"RatioPlotYLabel":"","Selection":[7,8]}
RatioPlotSameStyle=1
RatioPlotYMin=0.0
# END PLOT


# BEGIN SPECIAL /MC_H2JETS_04_INC/j3j4_mass
\rput[tl](0.05,0.75){\parbox{5cm}{\textcolor{gray}{{\bf Herwig 7.2.0} \\ HJETS/ColorFull}}}
# END SPECIAL

# BEGIN HISTO1D //homes/tinghua1/Merging-Project/Production/HJETS/ratio-plots/hjets-vbfnlo/H-N2-N3-4-25gev-combine.yoda/MC_H2JETS_04_INC/j3j4_mass
ErrorBandColor=orange
ErrorBandOpacity=0.3
ErrorBands=1
ErrorType=env
LineColor=orange
LineStyle=solid
Path=//homes/tinghua1/Merging-Project/Production/HJETS/ratio-plots/hjets-vbfnlo/H-N2-N3-4-25gev-combine.yoda/MC_H2JETS_04_INC/j3j4_mass
RatioPlotSameStyle=1
Title=h(2*,3*,4)
# xlow	 xhigh	 val	 errminus	 errplus
0.000000e+00	4.000000e+01	7.089930e-04	0.000000e+00	9.595825e-05
4.000000e+01	8.000000e+01	1.596952e-03	1.831660e-04	2.236243e-04
8.000000e+01	1.200000e+02	1.077068e-03	1.024748e-04	9.372525e-05
1.200000e+02	1.600000e+02	5.598403e-04	6.751400e-05	5.818150e-05
1.600000e+02	2.000000e+02	3.432583e-04	5.631325e-05	0.000000e+00
2.000000e+02	2.400000e+02	2.520945e-04	3.693590e-05	1.748250e-05
2.400000e+02	2.800000e+02	1.923099e-04	2.908765e-05	1.594207e-05
2.800000e+02	3.200000e+02	1.417680e-04	1.116485e-05	1.819585e-05
3.200000e+02	3.600000e+02	1.251975e-04	1.371990e-05	1.135445e-05
3.600000e+02	4.000000e+02	9.250617e-05	7.879825e-06	1.749043e-05
4.000000e+02	4.400000e+02	8.058750e-05	9.728025e-06	1.206258e-05
4.400000e+02	4.800000e+02	6.996762e-05	8.101950e-06	1.182485e-05
4.800000e+02	5.200000e+02	6.177025e-05	6.503800e-06	1.826342e-05
5.200000e+02	5.600000e+02	5.185403e-05	6.757025e-06	7.288100e-06
5.600000e+02	6.000000e+02	4.807657e-05	8.976900e-06	4.836750e-07
6.000000e+02	6.400000e+02	3.804323e-05	4.416450e-06	3.320125e-06
6.400000e+02	6.800000e+02	3.471327e-05	3.323100e-06	1.076350e-06
6.800000e+02	7.200000e+02	3.285005e-05	6.259750e-06	0.000000e+00
7.200000e+02	7.600000e+02	2.434924e-05	7.242225e-07	5.504485e-06
7.600000e+02	8.000000e+02	2.239807e-05	1.624093e-06	1.457462e-06
8.000000e+02	8.400000e+02	2.125238e-05	3.219775e-07	4.188000e-08
8.400000e+02	8.800000e+02	1.918583e-05	2.700012e-06	2.049493e-06
8.800000e+02	9.200000e+02	6.140735e-05	4.751339e-05	0.000000e+00
9.200000e+02	9.600000e+02	1.501861e-05	1.840917e-06	8.189435e-06
9.600000e+02	1.000000e+03	1.396835e-05	5.246405e-06	0.000000e+00
1.000000e+03	1.040000e+03	1.090776e-05	0.000000e+00	3.682200e-06
1.040000e+03	1.080000e+03	1.002616e-05	1.447325e-06	0.000000e+00
1.080000e+03	1.120000e+03	1.106852e-05	2.294590e-06	0.000000e+00
1.120000e+03	1.160000e+03	6.395198e-06	2.996525e-07	3.087960e-06
1.160000e+03	1.200000e+03	9.508460e-06	3.100017e-06	0.000000e+00
1.200000e+03	1.240000e+03	6.510165e-06	6.274850e-07	0.000000e+00
1.240000e+03	1.280000e+03	6.073243e-06	1.119768e-06	8.679000e-07
1.280000e+03	1.320000e+03	5.365320e-06	0.000000e+00	3.971302e-06
1.320000e+03	1.360000e+03	4.715662e-06	6.192925e-07	9.396025e-07
1.360000e+03	1.400000e+03	4.434135e-06	3.298428e-06	1.814753e-06
1.400000e+03	1.440000e+03	4.437195e-06	4.724300e-07	1.312700e-07
1.440000e+03	1.480000e+03	3.778500e-06	0.000000e+00	6.775775e-07
1.480000e+03	1.520000e+03	3.476718e-06	4.230525e-07	6.290650e-07
1.520000e+03	1.560000e+03	3.646985e-06	9.841300e-07	0.000000e+00
1.560000e+03	1.600000e+03	2.364949e-06	3.117598e-07	1.625540e-07
1.600000e+03	1.640000e+03	2.783348e-06	3.356952e-07	2.408425e-07
1.640000e+03	1.680000e+03	2.843840e-06	8.543730e-07	0.000000e+00
1.680000e+03	1.720000e+03	2.018307e-06	9.548250e-09	5.744250e-09
1.720000e+03	1.760000e+03	1.676875e-06	1.154270e-07	9.303777e-07
1.760000e+03	1.800000e+03	1.690919e-06	0.000000e+00	3.160268e-07
1.800000e+03	1.840000e+03	1.391954e-06	1.490793e-07	0.000000e+00
1.840000e+03	1.880000e+03	2.039978e-06	8.539835e-07	0.000000e+00
1.880000e+03	1.920000e+03	1.411682e-06	7.539850e-08	6.627868e-07
1.920000e+03	1.960000e+03	1.279835e-06	4.004440e-07	2.429833e-07
1.960000e+03	2.000000e+03	1.157564e-06	4.776515e-07	8.398900e-08
2.000000e+03	2.040000e+03	8.783798e-07	0.000000e+00	2.558597e-07
2.040000e+03	2.080000e+03	1.100949e-06	2.709185e-07	0.000000e+00
2.080000e+03	2.120000e+03	8.806905e-07	2.692415e-07	0.000000e+00
2.120000e+03	2.160000e+03	2.091334e-06	1.621178e-06	0.000000e+00
2.160000e+03	2.200000e+03	9.236380e-07	0.000000e+00	4.239980e-07
2.200000e+03	2.240000e+03	9.721625e-07	1.681340e-06	0.000000e+00
2.240000e+03	2.280000e+03	5.969217e-07	1.556258e-07	4.921000e-08
2.280000e+03	2.320000e+03	4.318308e-07	7.828743e-07	4.786400e-08
2.320000e+03	2.360000e+03	4.709788e-07	5.719700e-08	0.000000e+00
2.360000e+03	2.400000e+03	3.817527e-07	1.129022e-07	0.000000e+00
2.400000e+03	2.440000e+03	4.432142e-07	6.935425e-08	0.000000e+00
2.440000e+03	2.480000e+03	7.450533e-07	3.419458e-07	1.042891e-06
2.480000e+03	2.520000e+03	2.087987e-07	1.768263e-08	0.000000e+00
2.520000e+03	2.560000e+03	2.288539e-07	0.000000e+00	1.193826e-07
2.560000e+03	2.600000e+03	3.101425e-07	7.829578e-08	1.029725e-08
2.600000e+03	2.640000e+03	5.936943e-07	3.619709e-07	0.000000e+00
2.640000e+03	2.680000e+03	2.036323e-07	7.746170e-08	0.000000e+00
2.680000e+03	2.720000e+03	2.190065e-07	3.889642e-08	0.000000e+00
2.720000e+03	2.760000e+03	1.867789e-07	0.000000e+00	1.918822e-08
2.760000e+03	2.800000e+03	1.603493e-07	9.085880e-08	0.000000e+00
2.800000e+03	2.840000e+03	5.133563e-07	4.171449e-07	0.000000e+00
2.840000e+03	2.880000e+03	1.973977e-07	9.555540e-08	0.000000e+00
2.880000e+03	2.920000e+03	2.008045e-07	1.508374e-07	0.000000e+00
2.920000e+03	2.960000e+03	1.207215e-07	3.801835e-08	0.000000e+00
2.960000e+03	3.000000e+03	9.354310e-08	0.000000e+00	6.885007e-08
3.000000e+03	3.040000e+03	9.902430e-08	4.629442e-08	0.000000e+00
3.040000e+03	3.080000e+03	9.267455e-08	3.244688e-08	0.000000e+00
3.080000e+03	3.120000e+03	1.049456e-07	4.229462e-08	9.132305e-08
3.120000e+03	3.160000e+03	1.811097e-07	1.078867e-07	0.000000e+00
3.160000e+03	3.200000e+03	4.110522e-08	0.000000e+00	6.641733e-08
3.200000e+03	3.240000e+03	9.323590e-08	5.024755e-08	2.759500e-10
3.240000e+03	3.280000e+03	5.389925e-08	0.000000e+00	3.130358e-08
3.280000e+03	3.320000e+03	3.260930e-08	0.000000e+00	3.731023e-08
3.320000e+03	3.360000e+03	6.021323e-08	3.103933e-08	2.934400e-09
3.360000e+03	3.400000e+03	2.571810e-08	0.000000e+00	4.019270e-08
3.400000e+03	3.440000e+03	1.942725e-08	0.000000e+00	1.789040e-08
3.440000e+03	3.480000e+03	2.734112e-08	2.220840e-08	0.000000e+00
3.480000e+03	3.520000e+03	2.853495e-08	4.360440e-09	7.270500e-10
3.520000e+03	3.560000e+03	2.883803e-08	1.495275e-09	2.588397e-07
3.560000e+03	3.600000e+03	2.964125e-07	2.809113e-07	0.000000e+00
3.600000e+03	3.640000e+03	2.842585e-08	1.009980e-08	6.404100e-09
3.640000e+03	3.680000e+03	4.180607e-08	3.418514e-08	0.000000e+00
3.680000e+03	3.720000e+03	1.910688e-08	0.000000e+00	3.479122e-08
3.720000e+03	3.760000e+03	1.156656e-08	3.565050e-10	5.699883e-09
3.760000e+03	3.800000e+03	1.384114e-08	7.179570e-09	0.000000e+00
3.800000e+03	3.840000e+03	1.940500e-08	6.742787e-09	9.737750e-10
3.840000e+03	3.880000e+03	6.873470e-09	0.000000e+00	9.209388e-09
3.880000e+03	3.920000e+03	1.153521e-08	1.397972e-09	0.000000e+00
3.920000e+03	3.960000e+03	6.040313e-09	7.883157e-09	2.275269e-08
3.960000e+03	4.000000e+03	8.864335e-09	0.000000e+00	8.160165e-09
4.000000e+03	4.040000e+03	7.746408e-09	0.000000e+00	1.803882e-08
4.040000e+03	4.080000e+03	3.778315e-09	8.807025e-10	6.087348e-09
4.080000e+03	4.120000e+03	6.549207e-09	2.055890e-09	4.427853e-09
4.120000e+03	4.160000e+03	3.577587e-09	0.000000e+00	1.934510e-09
4.160000e+03	4.200000e+03	5.975697e-09	2.770965e-09	5.282807e-09
4.200000e+03	4.240000e+03	-1.499579e-08	0.000000e+00	1.989655e-08
4.240000e+03	4.280000e+03	8.868890e-09	4.316825e-09	0.000000e+00
4.280000e+03	4.320000e+03	3.650685e-09	1.640731e-09	2.576200e-09
4.320000e+03	4.360000e+03	4.270722e-09	2.449886e-09	0.000000e+00
4.360000e+03	4.400000e+03	-4.131028e-09	3.286320e-09	9.170540e-09
4.400000e+03	4.440000e+03	9.991045e-09	1.485028e-08	0.000000e+00
4.440000e+03	4.480000e+03	2.247522e-09	2.950337e-10	2.816316e-09
4.480000e+03	4.520000e+03	1.458389e-09	1.444875e-11	1.721896e-09
4.520000e+03	4.560000e+03	2.155259e-09	1.107335e-09	1.697668e-09
4.560000e+03	4.600000e+03	-6.129425e-10	2.898498e-10	1.626200e-09
4.600000e+03	4.640000e+03	4.556730e-09	3.222398e-09	0.000000e+00
4.640000e+03	4.680000e+03	2.535257e-09	4.748772e-09	0.000000e+00
4.680000e+03	4.720000e+03	3.473385e-09	2.781839e-09	0.000000e+00
4.720000e+03	4.760000e+03	1.450357e-09	1.099999e-07	2.555025e-10
4.760000e+03	4.800000e+03	6.882018e-10	0.000000e+00	5.076508e-10
4.800000e+03	4.840000e+03	2.428812e-10	0.000000e+00	1.499256e-09
4.840000e+03	4.880000e+03	5.103948e-09	4.652537e-09	0.000000e+00
4.880000e+03	4.920000e+03	4.088393e-09	2.619152e-09	0.000000e+00
4.920000e+03	4.960000e+03	4.590123e-10	0.000000e+00	1.120931e-09
4.960000e+03	5.000000e+03	7.284700e-10	2.698652e-10	3.291025e-09
5.000000e+03	5.040000e+03	4.318765e-10	0.000000e+00	1.202316e-09
5.040000e+03	5.080000e+03	1.130225e-09	9.328938e-10	0.000000e+00
5.080000e+03	5.120000e+03	8.990902e-10	1.798900e-10	0.000000e+00
5.120000e+03	5.160000e+03	5.463760e-10	2.428127e-10	4.373521e-09
5.160000e+03	5.200000e+03	4.922838e-10	1.739628e-10	1.732943e-10
5.200000e+03	5.240000e+03	7.384710e-10	0.000000e+00	8.669470e-10
5.240000e+03	5.280000e+03	1.120066e-10	0.000000e+00	4.081029e-10
5.280000e+03	5.320000e+03	3.310193e-10	7.913232e-09	5.007600e-11
5.320000e+03	5.360000e+03	6.265500e-11	0.000000e+00	4.212092e-10
5.360000e+03	5.400000e+03	1.861790e-10	0.000000e+00	1.097654e-09
5.400000e+03	5.440000e+03	2.306545e-10	1.388200e-10	2.722020e-10
5.440000e+03	5.480000e+03	9.976935e-10	9.263588e-10	0.000000e+00
5.480000e+03	5.520000e+03	1.625121e-11	0.000000e+00	1.666989e-10
5.520000e+03	5.560000e+03	1.535261e-09	1.161756e-09	0.000000e+00
5.560000e+03	5.600000e+03	1.018343e-09	8.194760e-10	0.000000e+00
5.600000e+03	5.640000e+03	3.128552e-10	3.584621e-10	5.573400e-10
5.640000e+03	5.680000e+03	2.813828e-10	2.170339e-10	0.000000e+00
5.680000e+03	5.720000e+03	1.082472e-10	5.258335e-11	1.093773e-10
5.720000e+03	5.760000e+03	5.628340e-11	0.000000e+00	1.152569e-09
5.760000e+03	5.800000e+03	1.592320e-10	1.348604e-10	0.000000e+00
5.800000e+03	5.840000e+03	5.759245e-11	1.312378e-10	0.000000e+00
5.840000e+03	5.880000e+03	1.056152e-10	1.270893e-10	0.000000e+00
5.880000e+03	5.920000e+03	2.714360e-11	2.258899e-11	0.000000e+00
5.920000e+03	5.960000e+03	5.291717e-12	0.000000e+00	1.021121e-10
5.960000e+03	6.000000e+03	-8.620253e-11	0.000000e+00	2.414494e-10
# END HISTO1D


# BEGIN HISTO1D //homes/tinghua1/Merging-Project/Production/HJETS/ratio-plots/hjets-vbfnlo/H-N2-N3-4-25gev-vbfnlo-combine.yoda/MC_H2JETS_04_INC/j3j4_mass
ErrorBandColor=red
ErrorBandOpacity=0.3
ErrorBands=1
ErrorType=env
LineColor=red
LineStyle=solid
Path=//homes/tinghua1/Merging-Project/Production/HJETS/ratio-plots/hjets-vbfnlo/H-N2-N3-4-25gev-vbfnlo-combine.yoda/MC_H2JETS_04_INC/j3j4_mass
RatioPlotSameStyle=1
Title=h(2*,3*,4)-vbfnlo
# xlow	 xhigh	 val	 errminus	 errplus
0.000000e+00	4.000000e+01	3.567245e-04	0.000000e+00	6.156275e-05
4.000000e+01	8.000000e+01	5.064893e-04	0.000000e+00	8.535375e-05
8.000000e+01	1.200000e+02	3.064843e-04	0.000000e+00	5.586600e-05
1.200000e+02	1.600000e+02	1.701737e-04	0.000000e+00	2.994498e-05
1.600000e+02	2.000000e+02	1.240322e-04	0.000000e+00	1.971857e-05
2.000000e+02	2.400000e+02	9.657595e-05	0.000000e+00	2.014342e-05
2.400000e+02	2.800000e+02	8.208280e-05	0.000000e+00	1.373315e-05
2.800000e+02	3.200000e+02	7.509480e-05	0.000000e+00	1.839925e-05
3.200000e+02	3.600000e+02	6.029798e-05	0.000000e+00	1.495725e-05
3.600000e+02	4.000000e+02	5.455558e-05	0.000000e+00	1.059197e-05
4.000000e+02	4.400000e+02	4.855165e-05	0.000000e+00	8.889750e-06
4.400000e+02	4.800000e+02	4.463480e-05	0.000000e+00	4.027425e-06
4.800000e+02	5.200000e+02	3.941750e-05	0.000000e+00	4.261050e-06
5.200000e+02	5.600000e+02	5.974023e-05	2.676575e-05	0.000000e+00
5.600000e+02	6.000000e+02	3.139743e-05	0.000000e+00	5.525150e-06
6.000000e+02	6.400000e+02	2.738238e-05	0.000000e+00	5.811625e-06
6.400000e+02	6.800000e+02	2.302092e-05	0.000000e+00	5.612128e-06
6.800000e+02	7.200000e+02	2.329048e-05	0.000000e+00	4.048498e-06
7.200000e+02	7.600000e+02	1.939009e-05	0.000000e+00	5.963530e-06
7.600000e+02	8.000000e+02	1.705500e-05	0.000000e+00	4.586605e-06
8.000000e+02	8.400000e+02	1.554593e-05	0.000000e+00	3.195433e-06
8.400000e+02	8.800000e+02	1.466111e-05	0.000000e+00	1.896200e-06
8.800000e+02	9.200000e+02	1.194535e-05	0.000000e+00	1.941285e-06
9.200000e+02	9.600000e+02	1.101045e-05	0.000000e+00	2.508603e-06
9.600000e+02	1.000000e+03	9.602160e-06	0.000000e+00	3.012235e-06
1.000000e+03	1.040000e+03	9.152458e-06	0.000000e+00	2.314125e-06
1.040000e+03	1.080000e+03	7.843208e-06	0.000000e+00	1.731102e-06
1.080000e+03	1.120000e+03	8.996557e-06	6.824250e-07	0.000000e+00
1.120000e+03	1.160000e+03	7.034170e-06	9.462825e-07	8.877625e-07
1.160000e+03	1.200000e+03	6.497993e-06	4.303500e-08	5.818150e-07
1.200000e+03	1.240000e+03	6.197838e-06	0.000000e+00	4.031300e-07
1.240000e+03	1.280000e+03	4.979237e-06	0.000000e+00	1.387585e-06
1.280000e+03	1.320000e+03	4.109080e-06	0.000000e+00	1.614250e-06
1.320000e+03	1.360000e+03	4.451495e-06	0.000000e+00	4.460325e-07
1.360000e+03	1.400000e+03	3.217403e-06	0.000000e+00	1.151083e-06
1.400000e+03	1.440000e+03	3.691928e-06	0.000000e+00	8.888325e-07
1.440000e+03	1.480000e+03	3.090393e-06	0.000000e+00	7.897475e-07
1.480000e+03	1.520000e+03	2.760970e-06	0.000000e+00	3.889575e-07
1.520000e+03	1.560000e+03	2.601037e-06	0.000000e+00	7.222600e-07
1.560000e+03	1.600000e+03	2.188380e-06	0.000000e+00	7.692247e-07
1.600000e+03	1.640000e+03	2.184718e-06	3.999475e-08	5.496043e-07
1.640000e+03	1.680000e+03	2.108845e-06	0.000000e+00	6.766805e-07
1.680000e+03	1.720000e+03	1.864704e-06	0.000000e+00	1.394735e-07
1.720000e+03	1.760000e+03	1.663412e-06	0.000000e+00	5.239695e-07
1.760000e+03	1.800000e+03	1.535968e-06	0.000000e+00	2.264367e-07
1.800000e+03	1.840000e+03	1.448191e-06	0.000000e+00	3.393287e-07
1.840000e+03	1.880000e+03	1.192523e-06	2.295150e-07	3.536262e-07
1.880000e+03	1.920000e+03	1.015132e-06	0.000000e+00	3.685307e-07
1.920000e+03	1.960000e+03	1.010526e-06	1.127705e-07	4.833595e-07
1.960000e+03	2.000000e+03	9.593822e-07	0.000000e+00	2.022298e-07
2.000000e+03	2.040000e+03	8.911053e-07	2.225108e-07	1.197380e-07
2.040000e+03	2.080000e+03	6.429555e-07	1.125322e-07	2.329120e-07
2.080000e+03	2.120000e+03	5.325905e-07	0.000000e+00	3.565640e-07
2.120000e+03	2.160000e+03	6.402160e-07	0.000000e+00	2.067565e-07
2.160000e+03	2.200000e+03	6.294805e-07	7.795475e-08	7.319425e-08
2.200000e+03	2.240000e+03	6.111640e-07	1.131633e-07	0.000000e+00
2.240000e+03	2.280000e+03	5.080145e-07	0.000000e+00	9.741025e-08
2.280000e+03	2.320000e+03	4.239827e-07	0.000000e+00	1.496313e-07
2.320000e+03	2.360000e+03	4.306563e-07	6.601300e-08	9.506850e-08
2.360000e+03	2.400000e+03	3.724803e-07	0.000000e+00	9.530100e-08
2.400000e+03	2.440000e+03	3.183105e-07	0.000000e+00	2.461827e-07
2.440000e+03	2.480000e+03	3.350583e-07	0.000000e+00	1.905107e-07
2.480000e+03	2.520000e+03	2.794865e-07	0.000000e+00	3.393500e-08
2.520000e+03	2.560000e+03	2.135031e-07	5.461924e-07	6.951938e-08
2.560000e+03	2.600000e+03	2.286752e-07	0.000000e+00	7.167910e-08
2.600000e+03	2.640000e+03	2.049683e-07	0.000000e+00	4.175673e-08
2.640000e+03	2.680000e+03	2.005544e-07	0.000000e+00	1.521321e-07
2.680000e+03	2.720000e+03	1.445431e-07	0.000000e+00	1.182564e-07
2.720000e+03	2.760000e+03	1.648990e-07	8.858925e-09	4.208615e-08
2.760000e+03	2.800000e+03	1.442123e-07	1.260681e-07	5.882683e-08
2.800000e+03	2.840000e+03	1.294392e-07	0.000000e+00	7.140650e-09
2.840000e+03	2.880000e+03	6.235233e-08	0.000000e+00	7.214133e-08
2.880000e+03	2.920000e+03	1.561043e-07	7.371005e-08	0.000000e+00
2.920000e+03	2.960000e+03	1.130400e-07	0.000000e+00	2.686297e-08
2.960000e+03	3.000000e+03	9.086325e-08	0.000000e+00	4.130675e-08
3.000000e+03	3.040000e+03	8.262243e-08	0.000000e+00	3.874150e-08
3.040000e+03	3.080000e+03	5.757463e-08	0.000000e+00	3.722025e-08
3.080000e+03	3.120000e+03	7.374607e-08	5.582275e-09	2.877725e-09
3.120000e+03	3.160000e+03	4.146925e-08	0.000000e+00	4.081222e-08
3.160000e+03	3.200000e+03	4.276037e-08	0.000000e+00	3.673827e-08
3.200000e+03	3.240000e+03	4.358970e-08	0.000000e+00	1.291863e-08
3.240000e+03	3.280000e+03	5.864678e-08	3.809266e-08	7.170650e-09
3.280000e+03	3.320000e+03	4.966055e-08	2.638875e-09	6.503650e-09
3.320000e+03	3.360000e+03	4.755468e-08	1.870863e-08	8.313650e-09
3.360000e+03	3.400000e+03	3.327645e-08	0.000000e+00	1.050612e-08
3.400000e+03	3.440000e+03	3.695852e-08	3.636425e-09	0.000000e+00
3.440000e+03	3.480000e+03	2.342544e-08	2.165005e-08	6.135187e-09
3.480000e+03	3.520000e+03	2.730330e-08	3.655500e-10	1.452812e-08
3.520000e+03	3.560000e+03	1.705728e-08	0.000000e+00	2.886635e-08
3.560000e+03	3.600000e+03	1.179692e-08	0.000000e+00	1.261332e-08
3.600000e+03	3.640000e+03	2.777277e-08	7.761480e-09	0.000000e+00
3.640000e+03	3.680000e+03	1.903132e-08	1.726148e-09	6.929685e-09
3.680000e+03	3.720000e+03	1.609560e-08	0.000000e+00	8.091142e-09
3.720000e+03	3.760000e+03	1.643973e-08	2.244807e-08	1.548942e-09
3.760000e+03	3.800000e+03	1.624746e-08	7.792060e-09	3.634380e-09
3.800000e+03	3.840000e+03	1.179225e-08	2.417528e-09	1.480793e-09
3.840000e+03	3.880000e+03	1.691101e-08	0.000000e+00	3.732320e-07
3.880000e+03	3.920000e+03	9.593192e-09	0.000000e+00	2.095193e-09
3.920000e+03	3.960000e+03	-2.826418e-08	0.000000e+00	4.131974e-08
3.960000e+03	4.000000e+03	6.799682e-09	6.287150e-10	3.170530e-09
4.000000e+03	4.040000e+03	6.328182e-09	3.583202e-09	4.305797e-09
4.040000e+03	4.080000e+03	8.136388e-09	0.000000e+00	1.298590e-08
4.080000e+03	4.120000e+03	6.695553e-09	0.000000e+00	2.634865e-09
4.120000e+03	4.160000e+03	5.547180e-09	5.635825e-10	1.652268e-09
4.160000e+03	4.200000e+03	4.978212e-09	0.000000e+00	9.600637e-09
4.200000e+03	4.240000e+03	4.573990e-09	2.774336e-09	0.000000e+00
4.240000e+03	4.280000e+03	3.626348e-09	0.000000e+00	2.963777e-09
4.280000e+03	4.320000e+03	4.551790e-09	1.604297e-09	1.124803e-09
4.320000e+03	4.360000e+03	2.069225e-09	0.000000e+00	2.039558e-09
4.360000e+03	4.400000e+03	3.383787e-09	0.000000e+00	1.960615e-09
4.400000e+03	4.440000e+03	4.731037e-09	1.054197e-09	4.061062e-09
4.440000e+03	4.480000e+03	1.795501e-09	0.000000e+00	2.396702e-09
4.480000e+03	4.520000e+03	6.165008e-10	0.000000e+00	3.111762e-09
4.520000e+03	4.560000e+03	2.111157e-09	1.936112e-09	7.839685e-10
4.560000e+03	4.600000e+03	9.446445e-10	0.000000e+00	1.016746e-09
4.600000e+03	4.640000e+03	2.061465e-09	0.000000e+00	1.373725e-09
4.640000e+03	4.680000e+03	3.652627e-09	4.083475e-10	4.872400e-10
4.680000e+03	4.720000e+03	1.163859e-08	9.731037e-09	0.000000e+00
4.720000e+03	4.760000e+03	1.069401e-09	2.724032e-10	1.163560e-09
4.760000e+03	4.800000e+03	1.551310e-09	0.000000e+00	1.066797e-10
4.800000e+03	4.840000e+03	1.431706e-09	0.000000e+00	2.598512e-09
4.840000e+03	4.880000e+03	5.792368e-09	4.726754e-09	0.000000e+00
4.880000e+03	4.920000e+03	4.172173e-09	2.681148e-09	0.000000e+00
4.920000e+03	4.960000e+03	1.517938e-10	0.000000e+00	1.795761e-09
4.960000e+03	5.000000e+03	6.052233e-10	0.000000e+00	6.133350e-10
5.000000e+03	5.040000e+03	6.577993e-10	5.247437e-10	7.511400e-10
5.040000e+03	5.080000e+03	2.723698e-09	2.999629e-09	0.000000e+00
5.080000e+03	5.120000e+03	6.290105e-11	0.000000e+00	1.856940e-09
5.120000e+03	5.160000e+03	1.540975e-09	1.463765e-09	0.000000e+00
5.160000e+03	5.200000e+03	1.391155e-09	1.484416e-09	0.000000e+00
5.200000e+03	5.240000e+03	3.103268e-10	0.000000e+00	1.671175e-10
5.240000e+03	5.280000e+03	5.081873e-10	1.590003e-10	3.590352e-10
5.280000e+03	5.320000e+03	2.454488e-10	4.718091e-10	0.000000e+00
5.320000e+03	5.360000e+03	2.949990e-10	0.000000e+00	1.634785e-10
5.360000e+03	5.400000e+03	4.622135e-10	2.063530e-09	0.000000e+00
5.400000e+03	5.440000e+03	2.984798e-10	2.906034e-10	0.000000e+00
5.440000e+03	5.480000e+03	2.875155e-10	1.358132e-10	6.791015e-10
5.480000e+03	5.520000e+03	1.193992e-10	1.907112e-10	1.154787e-10
5.520000e+03	5.560000e+03	5.170458e-10	4.129770e-10	4.429312e-10
5.560000e+03	5.600000e+03	3.326630e-10	2.916959e-10	4.788303e-10
5.600000e+03	5.640000e+03	1.142763e-10	0.000000e+00	3.698577e-10
5.640000e+03	5.680000e+03	7.203023e-11	0.000000e+00	3.152188e-10
5.680000e+03	5.720000e+03	1.844489e-10	4.329204e-10	1.990060e-11
5.720000e+03	5.760000e+03	1.050331e-11	0.000000e+00	2.052098e-10
5.760000e+03	5.800000e+03	1.288974e-10	6.147055e-11	2.012808e-10
5.800000e+03	5.840000e+03	1.800648e-10	0.000000e+00	1.869709e-10
5.840000e+03	5.880000e+03	6.160287e-11	3.446991e-10	0.000000e+00
5.880000e+03	5.920000e+03	-1.271399e-10	0.000000e+00	1.994400e-10
5.920000e+03	5.960000e+03	4.143245e-11	3.251837e-10	0.000000e+00
5.960000e+03	6.000000e+03	9.970995e-12	0.000000e+00	8.737261e-11
# END HISTO1D


# BEGIN HISTO1D //homes/tinghua1/Merging-Project/Production/HJETS/ratio-plots/hjets-vbfnlo/H-N2-3-4-25gev-combine.yoda/MC_H2JETS_04_INC/j3j4_mass
ErrorBandColor=blue
ErrorBandOpacity=0.3
ErrorBands=1
ErrorType=env
LineColor=blue
LineStyle=solid
Path=//homes/tinghua1/Merging-Project/Production/HJETS/ratio-plots/hjets-vbfnlo/H-N2-3-4-25gev-combine.yoda/MC_H2JETS_04_INC/j3j4_mass
RatioPlotSameStyle=1
Title=h(2*,3,4)
# xlow	 xhigh	 val	 errminus	 errplus
0.000000e+00	4.000000e+01	7.027312e-04	7.694050e-05	1.524027e-04
4.000000e+01	8.000000e+01	1.529351e-03	2.055518e-04	2.626075e-04
8.000000e+01	1.200000e+02	1.034888e-03	1.284687e-04	1.552083e-04
1.200000e+02	1.600000e+02	5.459425e-04	9.195800e-05	8.529075e-05
1.600000e+02	2.000000e+02	3.406977e-04	5.541125e-05	5.907375e-05
2.000000e+02	2.400000e+02	2.353518e-04	3.164747e-05	4.720198e-05
2.400000e+02	2.800000e+02	1.781450e-04	2.454612e-05	3.550382e-05
2.800000e+02	3.200000e+02	1.412579e-04	2.168460e-05	2.962628e-05
3.200000e+02	3.600000e+02	1.172518e-04	2.047828e-05	1.916390e-05
3.600000e+02	4.000000e+02	9.578465e-05	1.557567e-05	2.102110e-05
4.000000e+02	4.400000e+02	7.994958e-05	1.278523e-05	1.564190e-05
4.400000e+02	4.800000e+02	7.183242e-05	1.561927e-05	9.030525e-06
4.800000e+02	5.200000e+02	5.760637e-05	7.116850e-06	5.530650e-06
5.200000e+02	5.600000e+02	4.932525e-05	8.226050e-06	1.300117e-05
5.600000e+02	6.000000e+02	4.178133e-05	5.735850e-06	1.345102e-05
6.000000e+02	6.400000e+02	3.729853e-05	5.333900e-06	7.379975e-06
6.400000e+02	6.800000e+02	3.259770e-05	5.036775e-06	7.340250e-06
6.800000e+02	7.200000e+02	2.902345e-05	4.125145e-06	6.481475e-06
7.200000e+02	7.600000e+02	2.600175e-05	5.621515e-06	4.922025e-06
7.600000e+02	8.000000e+02	2.331494e-05	4.350180e-06	4.332382e-06
8.000000e+02	8.400000e+02	2.021868e-05	1.726890e-06	4.838620e-06
8.400000e+02	8.800000e+02	1.738394e-05	1.612340e-06	4.199475e-06
8.800000e+02	9.200000e+02	1.640604e-05	2.762340e-06	3.341870e-06
9.200000e+02	9.600000e+02	1.378185e-05	0.000000e+00	3.673340e-06
9.600000e+02	1.000000e+03	1.255451e-05	2.014855e-06	4.658927e-06
1.000000e+03	1.040000e+03	1.201224e-05	2.329470e-06	2.217185e-06
1.040000e+03	1.080000e+03	1.033963e-05	2.022835e-06	2.257283e-06
1.080000e+03	1.120000e+03	8.730470e-06	1.543133e-06	2.931097e-06
1.120000e+03	1.160000e+03	8.396620e-06	1.482860e-06	1.842798e-06
1.160000e+03	1.200000e+03	7.339162e-06	1.155325e-06	1.477718e-06
1.200000e+03	1.240000e+03	6.757537e-06	1.152737e-06	2.493653e-06
1.240000e+03	1.280000e+03	5.713643e-06	9.708850e-07	1.939655e-06
1.280000e+03	1.320000e+03	5.505868e-06	1.052650e-06	1.162463e-06
1.320000e+03	1.360000e+03	4.867940e-06	7.814750e-07	1.257895e-06
1.360000e+03	1.400000e+03	4.769783e-06	1.109973e-06	8.997225e-07
1.400000e+03	1.440000e+03	3.905323e-06	5.647825e-07	7.136925e-07
1.440000e+03	1.480000e+03	3.916802e-06	9.080000e-07	4.059925e-07
1.480000e+03	1.520000e+03	3.362835e-06	8.957455e-07	1.298560e-06
1.520000e+03	1.560000e+03	3.143563e-06	5.401275e-07	1.627475e-07
1.560000e+03	1.600000e+03	2.679643e-06	8.833358e-07	8.667225e-07
1.600000e+03	1.640000e+03	2.480343e-06	6.077742e-07	4.534347e-07
1.640000e+03	1.680000e+03	2.130923e-06	3.562248e-07	6.858993e-07
1.680000e+03	1.720000e+03	1.763678e-06	3.351660e-07	7.922898e-07
1.720000e+03	1.760000e+03	1.948040e-06	0.000000e+00	2.856520e-06
1.760000e+03	1.800000e+03	1.615400e-06	2.924595e-07	4.040142e-07
1.800000e+03	1.840000e+03	1.523542e-06	3.970313e-07	1.846505e-07
1.840000e+03	1.880000e+03	1.551082e-06	5.647505e-07	1.285980e-07
1.880000e+03	1.920000e+03	1.324938e-06	3.141967e-07	5.867785e-07
1.920000e+03	1.960000e+03	1.119069e-06	2.052613e-07	2.892308e-07
1.960000e+03	2.000000e+03	1.173798e-06	3.230430e-07	6.317325e-08
2.000000e+03	2.040000e+03	1.268955e-06	4.583487e-07	0.000000e+00
2.040000e+03	2.080000e+03	8.159410e-07	5.798025e-08	5.323310e-07
2.080000e+03	2.120000e+03	7.862460e-07	9.124475e-08	3.210223e-07
2.120000e+03	2.160000e+03	7.043613e-07	2.250205e-07	1.732502e-07
2.160000e+03	2.200000e+03	7.717238e-07	2.197393e-07	2.307025e-08
2.200000e+03	2.240000e+03	5.562063e-07	0.000000e+00	1.265665e-07
2.240000e+03	2.280000e+03	5.491845e-07	1.444988e-07	0.000000e+00
2.280000e+03	2.320000e+03	4.158920e-07	4.385500e-08	9.319200e-08
2.320000e+03	2.360000e+03	4.018603e-07	2.734900e-08	2.710600e-07
2.360000e+03	2.400000e+03	4.252625e-07	9.335025e-08	1.441525e-07
2.400000e+03	2.440000e+03	4.636940e-07	1.973225e-07	8.517500e-10
2.440000e+03	2.480000e+03	2.115192e-07	0.000000e+00	1.551350e-07
2.480000e+03	2.520000e+03	4.413830e-07	2.886648e-07	0.000000e+00
2.520000e+03	2.560000e+03	3.134167e-07	1.227711e-07	1.232963e-07
2.560000e+03	2.600000e+03	2.400446e-07	1.715631e-07	3.502815e-08
2.600000e+03	2.640000e+03	2.428224e-07	1.222112e-08	1.417794e-07
2.640000e+03	2.680000e+03	1.826207e-07	0.000000e+00	1.585190e-07
2.680000e+03	2.720000e+03	1.557377e-07	4.474975e-09	6.826668e-08
2.720000e+03	2.760000e+03	2.201409e-07	8.693290e-08	6.919725e-09
2.760000e+03	2.800000e+03	1.416017e-07	1.975907e-08	8.756702e-08
2.800000e+03	2.840000e+03	1.823159e-07	8.671920e-08	1.779440e-08
2.840000e+03	2.880000e+03	1.698852e-07	6.459482e-08	0.000000e+00
2.880000e+03	2.920000e+03	1.922068e-07	6.843505e-08	0.000000e+00
2.920000e+03	2.960000e+03	1.089413e-07	3.143950e-08	0.000000e+00
2.960000e+03	3.000000e+03	6.751220e-08	0.000000e+00	4.493595e-08
3.000000e+03	3.040000e+03	9.905340e-08	4.645625e-08	1.420377e-08
3.040000e+03	3.080000e+03	7.793035e-08	5.310149e-08	3.205900e-08
3.080000e+03	3.120000e+03	1.045162e-07	4.838200e-08	0.000000e+00
3.120000e+03	3.160000e+03	6.012925e-08	0.000000e+00	4.032407e-08
3.160000e+03	3.200000e+03	4.483815e-08	6.392825e-09	6.179337e-08
3.200000e+03	3.240000e+03	1.029399e-07	4.722097e-08	0.000000e+00
3.240000e+03	3.280000e+03	5.210205e-08	1.442172e-08	7.618975e-09
3.280000e+03	3.320000e+03	5.323750e-08	1.154480e-08	3.330975e-09
3.320000e+03	3.360000e+03	1.291740e-08	0.000000e+00	1.014217e-08
3.360000e+03	3.400000e+03	4.469805e-08	1.935670e-08	0.000000e+00
3.400000e+03	3.440000e+03	2.353833e-08	5.707775e-10	1.028786e-08
3.440000e+03	3.480000e+03	2.044730e-08	0.000000e+00	2.674178e-08
3.480000e+03	3.520000e+03	1.195657e-08	0.000000e+00	4.846958e-08
3.520000e+03	3.560000e+03	3.445282e-08	1.071563e-08	0.000000e+00
3.560000e+03	3.600000e+03	1.566821e-08	2.067137e-09	1.594174e-08
3.600000e+03	3.640000e+03	-5.985305e-08	0.000000e+00	1.143223e-07
3.640000e+03	3.680000e+03	2.161265e-08	1.667000e-08	2.428020e-09
3.680000e+03	3.720000e+03	2.297821e-08	4.862633e-09	0.000000e+00
3.720000e+03	3.760000e+03	8.549015e-09	0.000000e+00	1.753681e-08
3.760000e+03	3.800000e+03	1.372082e-08	6.203775e-10	2.650606e-08
3.800000e+03	3.840000e+03	1.408230e-08	7.101267e-09	3.767900e-10
3.840000e+03	3.880000e+03	7.775232e-09	0.000000e+00	6.640662e-09
3.880000e+03	3.920000e+03	5.219945e-09	0.000000e+00	6.759760e-09
3.920000e+03	3.960000e+03	1.201031e-08	6.990010e-09	0.000000e+00
3.960000e+03	4.000000e+03	5.067232e-09	0.000000e+00	8.404740e-09
4.000000e+03	4.040000e+03	9.875410e-09	4.042943e-09	5.505973e-09
4.040000e+03	4.080000e+03	4.342530e-09	0.000000e+00	2.791122e-09
4.080000e+03	4.120000e+03	-4.663860e-09	0.000000e+00	1.496973e-08
4.120000e+03	4.160000e+03	8.175080e-09	3.577315e-09	2.697937e-09
4.160000e+03	4.200000e+03	6.273715e-09	3.155235e-09	1.905835e-09
4.200000e+03	4.240000e+03	1.978998e-09	0.000000e+00	1.045256e-08
4.240000e+03	4.280000e+03	4.436508e-09	8.203225e-10	0.000000e+00
4.280000e+03	4.320000e+03	2.308388e-08	1.935239e-08	0.000000e+00
4.320000e+03	4.360000e+03	4.603625e-09	2.850322e-09	1.958130e-09
4.360000e+03	4.400000e+03	6.241787e-09	4.866345e-09	0.000000e+00
4.400000e+03	4.440000e+03	5.844102e-09	3.228402e-09	2.057455e-09
4.440000e+03	4.480000e+03	2.678585e-09	9.490348e-10	3.931250e-11
4.480000e+03	4.520000e+03	1.137429e-09	3.345433e-10	1.623221e-09
4.520000e+03	4.560000e+03	3.942075e-09	1.961383e-09	0.000000e+00
4.560000e+03	4.600000e+03	2.223065e-08	2.206082e-08	0.000000e+00
4.600000e+03	4.640000e+03	3.198538e-09	2.429780e-09	4.630377e-09
4.640000e+03	4.680000e+03	1.542383e-09	1.414890e-09	1.101242e-09
4.680000e+03	4.720000e+03	8.177635e-10	0.000000e+00	1.375515e-09
4.720000e+03	4.760000e+03	-1.582697e-09	0.000000e+00	5.420389e-09
4.760000e+03	4.800000e+03	7.178267e-09	7.958977e-09	0.000000e+00
4.800000e+03	4.840000e+03	2.746075e-09	0.000000e+00	2.410412e-09
4.840000e+03	4.880000e+03	7.434405e-10	0.000000e+00	1.386555e-09
4.880000e+03	4.920000e+03	1.111166e-09	7.167777e-10	0.000000e+00
4.920000e+03	4.960000e+03	1.449945e-09	1.031982e-09	0.000000e+00
4.960000e+03	5.000000e+03	1.302056e-09	1.297652e-10	4.785264e-09
5.000000e+03	5.040000e+03	-1.743040e-09	0.000000e+00	2.472413e-09
5.040000e+03	5.080000e+03	2.079223e-10	0.000000e+00	1.770418e-09
5.080000e+03	5.120000e+03	6.519992e-10	4.743129e-10	1.028664e-09
5.120000e+03	5.160000e+03	4.258837e-10	8.903105e-10	0.000000e+00
5.160000e+03	5.200000e+03	4.954580e-10	3.377807e-10	0.000000e+00
5.200000e+03	5.240000e+03	6.629890e-10	5.036425e-10	0.000000e+00
5.240000e+03	5.280000e+03	1.477719e-09	1.445139e-09	0.000000e+00
5.280000e+03	5.320000e+03	1.619736e-10	2.742440e-10	7.262650e-11
5.320000e+03	5.360000e+03	1.647452e-10	1.317669e-10	2.527401e-10
5.360000e+03	5.400000e+03	2.266749e-09	1.928883e-09	3.051857e-10
5.400000e+03	5.440000e+03	2.953852e-10	2.196353e-10	8.335145e-10
5.440000e+03	5.480000e+03	1.891999e-10	0.000000e+00	2.466278e-10
5.480000e+03	5.520000e+03	1.812340e-10	9.486685e-11	1.144442e-10
5.520000e+03	5.560000e+03	1.169052e-10	2.142906e-10	0.000000e+00
5.560000e+03	5.600000e+03	2.555053e-10	1.673227e-10	0.000000e+00
5.600000e+03	5.640000e+03	1.212262e-11	8.332575e-13	7.737835e-11
5.640000e+03	5.680000e+03	4.094770e-10	3.004860e-10	0.000000e+00
5.680000e+03	5.720000e+03	8.563948e-11	6.431433e-11	6.823332e-11
5.720000e+03	5.760000e+03	2.017486e-09	2.004021e-09	0.000000e+00
5.760000e+03	5.800000e+03	1.236011e-11	0.000000e+00	1.434796e-10
5.800000e+03	5.840000e+03	1.482653e-10	1.444242e-10	0.000000e+00
5.840000e+03	5.880000e+03	3.847590e-11	0.000000e+00	5.725992e-11
5.880000e+03	5.920000e+03	5.600832e-11	5.499837e-11	1.806860e-10
5.920000e+03	5.960000e+03	3.678757e-11	0.000000e+00	9.653573e-11
5.960000e+03	6.000000e+03	-5.087910e-12	0.000000e+00	9.018097e-10
# END HISTO1D


# BEGIN HISTO1D //homes/tinghua1/Merging-Project/Production/HJETS/ratio-plots/hjets-vbfnlo/H-N2-3-4-25gev-vbfnlo-combine.yoda/MC_H2JETS_04_INC/j3j4_mass
ErrorBandColor=cyan
ErrorBandOpacity=0.3
ErrorBands=1
ErrorType=env
LineColor=cyan
LineStyle=solid
Path=//homes/tinghua1/Merging-Project/Production/HJETS/ratio-plots/hjets-vbfnlo/H-N2-3-4-25gev-vbfnlo-combine.yoda/MC_H2JETS_04_INC/j3j4_mass
RatioPlotSameStyle=1
Title=h(2*,3,4)-vbfnlo
# xlow	 xhigh	 val	 errminus	 errplus
0.000000e+00	4.000000e+01	3.780208e-04	4.148350e-05	7.930475e-05
4.000000e+01	8.000000e+01	5.472902e-04	6.787925e-05	9.761875e-05
8.000000e+01	1.200000e+02	3.331587e-04	4.122575e-05	5.152850e-05
1.200000e+02	1.600000e+02	1.879493e-04	2.569660e-05	2.847507e-05
1.600000e+02	2.000000e+02	1.342682e-04	1.918625e-05	1.975547e-05
2.000000e+02	2.400000e+02	1.074396e-04	1.363768e-05	1.561713e-05
2.400000e+02	2.800000e+02	9.209818e-05	1.216800e-05	1.327730e-05
2.800000e+02	3.200000e+02	8.014187e-05	1.112885e-05	1.264760e-05
3.200000e+02	3.600000e+02	6.954277e-05	6.244275e-06	1.238735e-05
3.600000e+02	4.000000e+02	6.183027e-05	9.907225e-06	1.108273e-05
4.000000e+02	4.400000e+02	5.504355e-05	7.743075e-06	9.699600e-06
4.400000e+02	4.800000e+02	4.818568e-05	6.852775e-06	9.690525e-06
4.800000e+02	5.200000e+02	4.238875e-05	5.870375e-06	8.304450e-06
5.200000e+02	5.600000e+02	3.788072e-05	5.952675e-06	6.474025e-06
5.600000e+02	6.000000e+02	3.348985e-05	4.687025e-06	6.916950e-06
6.000000e+02	6.400000e+02	2.876140e-05	3.511175e-06	7.771075e-06
6.400000e+02	6.800000e+02	2.667320e-05	4.410722e-06	5.855775e-06
6.800000e+02	7.200000e+02	2.437000e-05	4.352225e-06	4.356300e-06
7.200000e+02	7.600000e+02	2.181129e-05	3.623102e-06	3.829382e-06
7.600000e+02	8.000000e+02	1.904408e-05	2.702197e-06	4.045008e-06
8.000000e+02	8.400000e+02	1.757830e-05	3.579078e-06	3.035890e-06
8.400000e+02	8.800000e+02	1.534948e-05	2.403950e-06	3.278577e-06
8.800000e+02	9.200000e+02	1.374925e-05	2.118988e-06	2.784265e-06
9.200000e+02	9.600000e+02	1.262011e-05	2.245628e-06	1.895585e-06
9.600000e+02	1.000000e+03	1.138348e-05	2.321162e-06	1.714615e-06
1.000000e+03	1.040000e+03	1.008786e-05	1.615470e-06	2.009940e-06
1.040000e+03	1.080000e+03	9.105035e-06	1.770415e-06	1.925890e-06
1.080000e+03	1.120000e+03	7.994200e-06	1.269700e-06	1.967318e-06
1.120000e+03	1.160000e+03	7.475810e-06	1.327605e-06	1.782877e-06
1.160000e+03	1.200000e+03	6.630930e-06	1.522392e-06	1.768550e-06
1.200000e+03	1.240000e+03	6.100875e-06	1.125158e-06	1.233467e-06
1.240000e+03	1.280000e+03	5.314975e-06	7.992950e-07	1.337808e-06
1.280000e+03	1.320000e+03	4.972425e-06	8.004600e-07	9.797300e-07
1.320000e+03	1.360000e+03	4.449965e-06	7.472825e-07	8.277275e-07
1.360000e+03	1.400000e+03	4.085710e-06	6.782525e-07	9.181125e-07
1.400000e+03	1.440000e+03	3.740557e-06	7.318000e-07	8.560275e-07
1.440000e+03	1.480000e+03	3.532887e-06	7.182175e-07	6.654725e-07
1.480000e+03	1.520000e+03	3.170437e-06	8.432560e-07	6.586175e-07
1.520000e+03	1.560000e+03	2.712570e-06	3.755053e-07	7.932550e-07
1.560000e+03	1.600000e+03	2.356525e-06	3.023423e-07	6.020620e-07
1.600000e+03	1.640000e+03	2.381910e-06	4.551870e-07	7.452550e-07
1.640000e+03	1.680000e+03	2.023146e-06	2.394002e-07	6.167035e-07
1.680000e+03	1.720000e+03	1.939407e-06	3.368053e-07	2.597845e-07
1.720000e+03	1.760000e+03	1.721066e-06	3.075690e-07	5.343587e-07
1.760000e+03	1.800000e+03	1.620064e-06	2.672360e-07	3.768220e-07
1.800000e+03	1.840000e+03	1.499829e-06	3.276285e-07	3.509583e-07
1.840000e+03	1.880000e+03	1.304589e-06	3.511382e-07	2.090455e-07
1.880000e+03	1.920000e+03	1.062119e-06	1.577515e-07	4.903568e-07
1.920000e+03	1.960000e+03	1.106374e-06	1.687482e-07	2.086547e-07
1.960000e+03	2.000000e+03	1.025027e-06	3.798173e-07	2.347655e-07
2.000000e+03	2.040000e+03	9.503410e-07	2.050562e-07	1.814900e-07
2.040000e+03	2.080000e+03	8.863767e-07	2.001547e-07	2.054750e-07
2.080000e+03	2.120000e+03	6.957137e-07	3.826275e-08	2.061000e-07
2.120000e+03	2.160000e+03	8.150390e-07	3.040540e-07	1.582935e-07
2.160000e+03	2.200000e+03	6.407590e-07	1.976700e-07	1.270665e-07
2.200000e+03	2.240000e+03	5.931472e-07	1.343557e-07	7.918925e-08
2.240000e+03	2.280000e+03	4.804123e-07	7.844400e-08	1.504815e-07
2.280000e+03	2.320000e+03	5.183845e-07	1.561302e-07	1.781460e-07
2.320000e+03	2.360000e+03	4.448330e-07	1.079010e-07	6.534875e-08
2.360000e+03	2.400000e+03	3.999542e-07	1.015590e-07	5.942675e-08
2.400000e+03	2.440000e+03	3.219968e-07	5.581175e-08	1.575765e-07
2.440000e+03	2.480000e+03	3.742050e-07	1.237185e-07	7.785350e-08
2.480000e+03	2.520000e+03	2.547882e-07	0.000000e+00	7.591400e-08
2.520000e+03	2.560000e+03	2.569835e-07	1.373275e-08	3.634600e-08
2.560000e+03	2.600000e+03	2.706485e-07	6.852670e-08	1.108300e-08
2.600000e+03	2.640000e+03	2.471203e-07	7.352205e-08	2.604268e-08
2.640000e+03	2.680000e+03	2.190811e-07	4.146068e-08	4.033162e-08
2.680000e+03	2.720000e+03	1.886431e-07	3.865305e-08	8.070542e-08
2.720000e+03	2.760000e+03	1.603643e-07	3.222225e-08	8.739843e-08
2.760000e+03	2.800000e+03	1.821320e-07	1.160904e-07	8.314100e-09
2.800000e+03	2.840000e+03	1.295685e-07	1.774240e-08	6.329530e-08
2.840000e+03	2.880000e+03	1.131681e-07	0.000000e+00	5.923923e-08
2.880000e+03	2.920000e+03	1.219172e-07	0.000000e+00	2.827425e-08
2.920000e+03	2.960000e+03	8.641698e-08	0.000000e+00	5.403630e-08
2.960000e+03	3.000000e+03	9.664455e-08	1.992040e-08	0.000000e+00
3.000000e+03	3.040000e+03	9.737250e-08	2.152555e-08	7.256275e-09
3.040000e+03	3.080000e+03	7.540908e-08	1.047313e-08	3.224018e-08
3.080000e+03	3.120000e+03	7.603958e-08	1.662153e-08	1.445288e-08
3.120000e+03	3.160000e+03	7.099300e-08	2.548482e-08	0.000000e+00
3.160000e+03	3.200000e+03	6.952262e-08	1.316585e-08	6.973800e-09
3.200000e+03	3.240000e+03	6.787858e-08	1.408963e-08	7.594325e-09
3.240000e+03	3.280000e+03	5.525745e-08	1.767263e-08	2.482617e-08
3.280000e+03	3.320000e+03	3.921692e-08	9.145425e-09	3.084570e-08
3.320000e+03	3.360000e+03	3.791218e-08	2.942550e-09	1.095685e-08
3.360000e+03	3.400000e+03	3.457283e-08	8.284050e-09	7.515800e-09
3.400000e+03	3.440000e+03	5.476803e-08	2.469973e-08	0.000000e+00
3.440000e+03	3.480000e+03	4.211133e-08	1.695107e-08	0.000000e+00
3.480000e+03	3.520000e+03	2.891487e-08	8.943927e-09	2.752505e-08
3.520000e+03	3.560000e+03	2.859205e-08	2.046600e-09	1.652250e-09
3.560000e+03	3.600000e+03	2.242289e-08	8.556867e-09	5.090005e-09
3.600000e+03	3.640000e+03	2.203399e-08	5.483860e-09	0.000000e+00
3.640000e+03	3.680000e+03	1.466541e-08	0.000000e+00	7.557780e-09
3.680000e+03	3.720000e+03	1.422179e-08	0.000000e+00	6.927963e-09
3.720000e+03	3.760000e+03	2.292236e-08	1.002835e-08	0.000000e+00
3.760000e+03	3.800000e+03	1.778261e-08	6.471063e-09	0.000000e+00
3.800000e+03	3.840000e+03	1.216767e-08	4.557275e-09	1.080311e-08
3.840000e+03	3.880000e+03	1.259806e-08	4.382733e-09	4.489427e-09
3.880000e+03	3.920000e+03	1.042547e-08	5.564925e-10	2.266150e-09
3.920000e+03	3.960000e+03	8.349480e-09	1.860917e-09	7.829982e-09
3.960000e+03	4.000000e+03	1.605951e-08	1.055675e-08	0.000000e+00
4.000000e+03	4.040000e+03	7.727430e-09	2.164387e-09	3.742135e-09
4.040000e+03	4.080000e+03	6.219203e-09	0.000000e+00	7.472162e-09
4.080000e+03	4.120000e+03	6.219620e-09	1.984131e-08	7.676920e-09
4.120000e+03	4.160000e+03	6.013390e-09	1.349900e-09	6.785273e-09
4.160000e+03	4.200000e+03	4.684967e-09	1.209132e-09	4.227490e-09
4.200000e+03	4.240000e+03	2.841283e-09	2.082586e-08	2.991497e-09
4.240000e+03	4.280000e+03	4.887642e-09	5.510775e-10	9.438150e-10
4.280000e+03	4.320000e+03	3.199630e-09	2.076800e-10	2.500980e-09
4.320000e+03	4.360000e+03	2.175872e-09	0.000000e+00	4.018083e-09
4.360000e+03	4.400000e+03	3.731272e-09	2.025688e-09	1.128965e-09
4.400000e+03	4.440000e+03	3.099803e-09	1.489354e-09	3.219657e-09
4.440000e+03	4.480000e+03	4.745883e-09	3.072061e-09	0.000000e+00
4.480000e+03	4.520000e+03	2.573390e-09	4.427045e-10	2.359577e-09
4.520000e+03	4.560000e+03	1.360884e-09	0.000000e+00	2.305519e-09
4.560000e+03	4.600000e+03	2.357391e-09	0.000000e+00	2.177552e-09
4.600000e+03	4.640000e+03	2.032820e-09	6.466735e-10	8.112905e-10
4.640000e+03	4.680000e+03	4.584463e-09	2.793727e-09	0.000000e+00
4.680000e+03	4.720000e+03	1.225205e-09	0.000000e+00	1.544705e-09
4.720000e+03	4.760000e+03	1.476895e-09	5.253465e-10	4.255175e-11
4.760000e+03	4.800000e+03	1.731799e-09	3.537865e-10	1.231158e-10
4.800000e+03	4.840000e+03	-3.504065e-10	0.000000e+00	2.594098e-09
4.840000e+03	4.880000e+03	8.723470e-10	0.000000e+00	5.486658e-09
4.880000e+03	4.920000e+03	1.763655e-09	1.009353e-09	0.000000e+00
4.920000e+03	4.960000e+03	1.195524e-09	8.175662e-10	0.000000e+00
4.960000e+03	5.000000e+03	7.243060e-10	9.563750e-11	5.098350e-11
5.000000e+03	5.040000e+03	2.870807e-09	1.844736e-09	0.000000e+00
5.040000e+03	5.080000e+03	5.589858e-10	0.000000e+00	1.144096e-09
5.080000e+03	5.120000e+03	6.352973e-10	7.384582e-10	2.706907e-10
5.120000e+03	5.160000e+03	6.037395e-10	1.739037e-10	0.000000e+00
5.160000e+03	5.200000e+03	4.339540e-10	2.078419e-10	9.816398e-10
5.200000e+03	5.240000e+03	6.794143e-10	3.886593e-10	2.418702e-10
5.240000e+03	5.280000e+03	9.171003e-10	6.860407e-10	0.000000e+00
5.280000e+03	5.320000e+03	5.198533e-10	2.296708e-10	0.000000e+00
5.320000e+03	5.360000e+03	5.399130e-10	0.000000e+00	1.287075e-10
5.360000e+03	5.400000e+03	4.191535e-10	2.392444e-10	0.000000e+00
5.400000e+03	5.440000e+03	4.243148e-10	1.154578e-10	3.396785e-10
5.440000e+03	5.480000e+03	2.786340e-10	5.380975e-11	1.149397e-10
5.480000e+03	5.520000e+03	1.771433e-10	3.156335e-11	6.811975e-11
5.520000e+03	5.560000e+03	2.196625e-10	7.347898e-11	0.000000e+00
5.560000e+03	5.600000e+03	2.475050e-10	3.641093e-11	5.424352e-11
5.600000e+03	5.640000e+03	7.520235e-11	1.303664e-10	1.376645e-11
5.640000e+03	5.680000e+03	2.749403e-10	2.387543e-10	0.000000e+00
5.680000e+03	5.720000e+03	2.292181e-10	1.487960e-10	0.000000e+00
5.720000e+03	5.760000e+03	1.431803e-10	7.532840e-10	0.000000e+00
5.760000e+03	5.800000e+03	4.477640e-11	0.000000e+00	4.412676e-10
5.800000e+03	5.840000e+03	8.656278e-11	5.343412e-11	3.869213e-11
5.840000e+03	5.880000e+03	1.235461e-10	9.329970e-11	0.000000e+00
5.880000e+03	5.920000e+03	2.360958e-11	7.896425e-12	3.625577e-10
5.920000e+03	5.960000e+03	1.865670e-12	0.000000e+00	4.504078e-11
5.960000e+03	6.000000e+03	1.346167e-10	2.348079e-10	8.877700e-11
# END HISTO1D


# BEGIN HISTO1D //homes/tinghua1/Merging-Project/Production/HJETS/ratio-plots/hjets-vbfnlo/H-2-3-4-25gev-combine.yoda/MC_H2JETS_04_INC/j3j4_mass
ErrorBandColor=yellow
ErrorBandOpacity=0.3
ErrorBands=1
ErrorType=env
LineColor=yellow
LineStyle=solid
Path=//homes/tinghua1/Merging-Project/Production/HJETS/ratio-plots/hjets-vbfnlo/H-2-3-4-25gev-combine.yoda/MC_H2JETS_04_INC/j3j4_mass
RatioPlotSameStyle=1
Title=h(2,3,4)
# xlow	 xhigh	 val	 errminus	 errplus
0.000000e+00	4.000000e+01	6.432355e-04	6.929350e-05	1.198785e-04
4.000000e+01	8.000000e+01	1.351228e-03	1.699388e-04	2.085412e-04
8.000000e+01	1.200000e+02	9.087612e-04	9.860225e-05	1.111015e-04
1.200000e+02	1.600000e+02	4.672125e-04	6.096700e-05	7.112875e-05
1.600000e+02	2.000000e+02	3.014922e-04	4.186700e-05	5.016650e-05
2.000000e+02	2.400000e+02	2.172917e-04	3.148595e-05	3.770455e-05
2.400000e+02	2.800000e+02	1.633862e-04	2.199857e-05	3.025155e-05
2.800000e+02	3.200000e+02	1.308813e-04	1.821090e-05	2.745520e-05
3.200000e+02	3.600000e+02	1.083688e-04	1.691385e-05	2.275870e-05
3.600000e+02	4.000000e+02	9.059495e-05	1.284338e-05	1.752665e-05
4.000000e+02	4.400000e+02	7.624848e-05	1.129560e-05	1.598465e-05
4.400000e+02	4.800000e+02	6.703550e-05	1.192452e-05	1.286575e-05
4.800000e+02	5.200000e+02	5.728630e-05	8.688650e-06	1.134785e-05
5.200000e+02	5.600000e+02	5.064308e-05	1.039450e-05	8.498125e-06
5.600000e+02	6.000000e+02	4.400240e-05	9.064725e-06	7.689100e-06
6.000000e+02	6.400000e+02	3.737092e-05	6.760850e-06	9.089025e-06
6.400000e+02	6.800000e+02	3.307792e-05	6.429500e-06	7.375475e-06
6.800000e+02	7.200000e+02	2.887445e-05	4.821218e-06	6.199200e-06
7.200000e+02	7.600000e+02	2.606570e-05	4.941760e-06	6.015025e-06
7.600000e+02	8.000000e+02	2.416885e-05	6.328150e-06	4.710400e-06
8.000000e+02	8.400000e+02	2.008234e-05	3.195418e-06	4.559595e-06
8.400000e+02	8.800000e+02	1.751461e-05	3.118773e-06	5.070740e-06
8.800000e+02	9.200000e+02	1.546300e-05	2.609125e-06	4.471437e-06
9.200000e+02	9.600000e+02	1.377706e-05	2.326940e-06	4.848445e-06
9.600000e+02	1.000000e+03	1.232086e-05	1.756337e-06	3.411780e-06
1.000000e+03	1.040000e+03	1.186932e-05	2.541017e-06	2.903658e-06
1.040000e+03	1.080000e+03	1.020701e-05	2.083223e-06	2.633790e-06
1.080000e+03	1.120000e+03	8.999040e-06	1.611330e-06	2.198500e-06
1.120000e+03	1.160000e+03	7.175767e-06	0.000000e+00	3.023278e-06
1.160000e+03	1.200000e+03	8.220028e-06	2.234465e-06	2.082732e-06
1.200000e+03	1.240000e+03	6.878502e-06	1.440532e-06	1.381575e-06
1.240000e+03	1.280000e+03	6.078215e-06	1.460763e-06	1.305367e-06
1.280000e+03	1.320000e+03	5.392420e-06	8.469675e-07	1.491475e-06
1.320000e+03	1.360000e+03	4.613768e-06	8.862875e-07	2.166987e-06
1.360000e+03	1.400000e+03	4.383828e-06	6.791425e-07	1.685852e-06
1.400000e+03	1.440000e+03	4.129843e-06	8.313725e-07	1.093325e-06
1.440000e+03	1.480000e+03	3.553430e-06	7.390400e-07	1.379057e-06
1.480000e+03	1.520000e+03	3.268505e-06	5.589500e-07	9.204125e-07
1.520000e+03	1.560000e+03	3.176740e-06	9.304932e-07	6.188375e-07
1.560000e+03	1.600000e+03	2.904073e-06	6.630503e-07	2.751175e-07
1.600000e+03	1.640000e+03	2.520005e-06	7.380362e-07	6.341750e-07
1.640000e+03	1.680000e+03	2.342793e-06	5.224520e-07	5.829922e-07
1.680000e+03	1.720000e+03	2.043754e-06	1.629965e-07	3.729437e-07
1.720000e+03	1.760000e+03	1.958544e-06	5.107545e-07	3.577575e-07
1.760000e+03	1.800000e+03	1.681820e-06	1.766085e-07	7.401317e-07
1.800000e+03	1.840000e+03	1.471467e-06	3.014370e-07	6.251922e-07
1.840000e+03	1.880000e+03	1.248399e-06	1.629773e-07	6.621330e-07
1.880000e+03	1.920000e+03	1.222198e-06	2.559780e-07	2.864945e-07
1.920000e+03	1.960000e+03	1.247503e-06	1.343925e-07	3.102370e-07
1.960000e+03	2.000000e+03	9.899677e-07	1.115670e-07	5.807570e-07
2.000000e+03	2.040000e+03	9.383010e-07	9.012500e-09	4.035938e-07
2.040000e+03	2.080000e+03	8.173540e-07	1.183848e-07	2.975560e-07
2.080000e+03	2.120000e+03	8.138693e-07	1.586172e-07	1.050535e-07
2.120000e+03	2.160000e+03	8.381407e-07	2.567710e-07	0.000000e+00
2.160000e+03	2.200000e+03	7.273695e-07	2.497262e-07	1.430915e-07
2.200000e+03	2.240000e+03	6.042675e-07	1.442485e-07	5.736950e-07
2.240000e+03	2.280000e+03	5.240008e-07	1.292003e-07	3.205980e-07
2.280000e+03	2.320000e+03	5.414210e-07	7.250625e-08	9.541775e-08
2.320000e+03	2.360000e+03	5.037148e-07	1.971070e-07	9.314475e-08
2.360000e+03	2.400000e+03	3.855817e-07	7.621625e-08	8.076650e-08
2.400000e+03	2.440000e+03	3.782725e-07	0.000000e+00	1.562180e-07
2.440000e+03	2.480000e+03	2.933875e-07	0.000000e+00	1.085115e-07
2.480000e+03	2.520000e+03	3.290435e-07	7.221900e-08	1.545927e-07
2.520000e+03	2.560000e+03	3.332960e-07	1.003931e-07	2.472350e-08
2.560000e+03	2.600000e+03	5.521052e-07	3.639040e-07	0.000000e+00
2.600000e+03	2.640000e+03	1.936937e-07	3.308318e-08	1.053268e-07
2.640000e+03	2.680000e+03	2.560020e-07	1.329392e-07	2.088375e-08
2.680000e+03	2.720000e+03	1.557965e-07	1.258208e-08	2.155840e-07
2.720000e+03	2.760000e+03	1.628472e-07	0.000000e+00	6.925855e-08
2.760000e+03	2.800000e+03	1.654237e-07	1.294360e-08	0.000000e+00
2.800000e+03	2.840000e+03	1.593484e-07	1.139907e-07	1.098320e-08
2.840000e+03	2.880000e+03	1.037943e-07	0.000000e+00	1.190763e-07
2.880000e+03	2.920000e+03	1.179281e-07	1.377072e-08	8.683140e-08
2.920000e+03	2.960000e+03	9.979300e-08	1.007200e-09	4.745030e-08
2.960000e+03	3.000000e+03	9.868830e-08	3.299607e-08	3.338705e-08
3.000000e+03	3.040000e+03	7.230865e-08	8.223100e-09	2.714327e-08
3.040000e+03	3.080000e+03	6.570435e-08	0.000000e+00	4.000708e-08
3.080000e+03	3.120000e+03	5.913008e-08	5.973700e-09	3.282148e-08
3.120000e+03	3.160000e+03	6.264775e-08	0.000000e+00	5.044950e-08
3.160000e+03	3.200000e+03	7.491562e-08	3.809697e-08	2.491285e-08
3.200000e+03	3.240000e+03	8.828288e-08	5.303368e-08	0.000000e+00
3.240000e+03	3.280000e+03	5.450993e-08	2.144885e-08	9.944175e-09
3.280000e+03	3.320000e+03	5.595280e-08	2.286782e-08	2.180900e-08
3.320000e+03	3.360000e+03	4.074695e-08	3.270400e-09	3.655175e-09
3.360000e+03	3.400000e+03	3.441633e-08	4.764000e-10	1.162362e-08
3.400000e+03	3.440000e+03	3.354690e-08	1.426056e-08	1.180050e-09
3.440000e+03	3.480000e+03	3.109115e-08	6.681905e-09	3.542000e-10
3.480000e+03	3.520000e+03	3.301775e-08	2.142075e-09	0.000000e+00
3.520000e+03	3.560000e+03	2.047926e-08	0.000000e+00	1.937874e-08
3.560000e+03	3.600000e+03	1.780110e-08	5.454802e-09	2.198640e-08
3.600000e+03	3.640000e+03	2.027272e-08	1.402385e-09	1.286428e-08
3.640000e+03	3.680000e+03	1.664948e-08	2.434878e-09	1.075787e-08
3.680000e+03	3.720000e+03	1.598656e-08	8.091683e-09	2.080690e-09
3.720000e+03	3.760000e+03	2.325952e-08	8.270708e-09	6.041657e-09
3.760000e+03	3.800000e+03	2.734178e-08	1.864225e-08	0.000000e+00
3.800000e+03	3.840000e+03	1.302083e-08	3.051442e-09	0.000000e+00
3.840000e+03	3.880000e+03	8.563012e-09	8.716600e-10	5.145908e-09
3.880000e+03	3.920000e+03	1.373326e-08	1.553447e-08	0.000000e+00
3.920000e+03	3.960000e+03	1.323939e-08	5.457825e-10	2.399255e-09
3.960000e+03	4.000000e+03	7.559208e-09	1.791322e-09	2.589375e-10
4.000000e+03	4.040000e+03	-3.584885e-09	0.000000e+00	1.375314e-08
4.040000e+03	4.080000e+03	9.052475e-09	0.000000e+00	7.548893e-09
4.080000e+03	4.120000e+03	8.141920e-09	5.339365e-09	1.399605e-09
4.120000e+03	4.160000e+03	2.858095e-09	0.000000e+00	5.671985e-09
4.160000e+03	4.200000e+03	8.611190e-09	5.584558e-09	0.000000e+00
4.200000e+03	4.240000e+03	4.932030e-09	2.922100e-10	9.941750e-10
4.240000e+03	4.280000e+03	2.979785e-09	0.000000e+00	4.255025e-09
4.280000e+03	4.320000e+03	2.904333e-09	8.749855e-09	0.000000e+00
4.320000e+03	4.360000e+03	3.874860e-09	2.546457e-09	1.024272e-09
4.360000e+03	4.400000e+03	2.689627e-09	4.772393e-09	6.694517e-09
4.400000e+03	4.440000e+03	1.617504e-09	1.636843e-09	2.631176e-09
4.440000e+03	4.480000e+03	4.556233e-09	4.113071e-09	0.000000e+00
4.480000e+03	4.520000e+03	1.347962e-09	5.457330e-10	1.885275e-10
4.520000e+03	4.560000e+03	2.700110e-09	8.122800e-10	0.000000e+00
4.560000e+03	4.600000e+03	1.839636e-09	9.972557e-10	4.260054e-09
4.600000e+03	4.640000e+03	1.582541e-09	5.142450e-11	4.556730e-10
4.640000e+03	4.680000e+03	-2.461540e-10	0.000000e+00	2.719568e-09
4.680000e+03	4.720000e+03	9.203217e-10	7.122081e-10	2.391993e-10
4.720000e+03	4.760000e+03	8.041538e-10	0.000000e+00	9.329322e-10
4.760000e+03	4.800000e+03	5.400423e-10	9.444050e-11	2.453968e-09
4.800000e+03	4.840000e+03	1.547785e-09	1.242658e-09	0.000000e+00
4.840000e+03	4.880000e+03	6.273582e-10	0.000000e+00	1.267490e-09
4.880000e+03	4.920000e+03	8.999603e-10	0.000000e+00	1.989385e-09
4.920000e+03	4.960000e+03	6.340045e-10	0.000000e+00	3.926503e-09
4.960000e+03	5.000000e+03	3.903208e-10	0.000000e+00	7.147728e-10
5.000000e+03	5.040000e+03	2.204590e-09	1.956045e-09	0.000000e+00
5.040000e+03	5.080000e+03	6.094170e-10	0.000000e+00	6.752953e-10
5.080000e+03	5.120000e+03	1.301418e-09	1.072089e-09	0.000000e+00
5.120000e+03	5.160000e+03	-1.739549e-10	0.000000e+00	1.449232e-09
5.160000e+03	5.200000e+03	5.088492e-10	2.260815e-10	0.000000e+00
5.200000e+03	5.240000e+03	6.207102e-10	2.600565e-10	0.000000e+00
5.240000e+03	5.280000e+03	1.868339e-09	1.308435e-09	0.000000e+00
5.280000e+03	5.320000e+03	8.786320e-10	7.367591e-10	0.000000e+00
5.320000e+03	5.360000e+03	3.829290e-10	2.176984e-10	0.000000e+00
5.360000e+03	5.400000e+03	1.970372e-10	2.196815e-10	3.984120e-10
5.400000e+03	5.440000e+03	3.848278e-10	3.595595e-10	0.000000e+00
5.440000e+03	5.480000e+03	4.469118e-10	4.117326e-10	0.000000e+00
5.480000e+03	5.520000e+03	1.795387e-10	1.512219e-10	2.723050e-12
5.520000e+03	5.560000e+03	4.222735e-11	2.276075e-10	4.502750e-11
5.560000e+03	5.600000e+03	5.901835e-11	0.000000e+00	1.233981e-10
5.600000e+03	5.640000e+03	1.928086e-10	1.702186e-10	0.000000e+00
5.640000e+03	5.680000e+03	9.426935e-11	0.000000e+00	8.756142e-10
5.680000e+03	5.720000e+03	8.102527e-11	4.975275e-12	2.341695e-10
5.720000e+03	5.760000e+03	2.402768e-10	2.289822e-10	2.448188e-09
5.760000e+03	5.800000e+03	1.109310e-10	4.712087e-11	2.303261e-10
5.800000e+03	5.840000e+03	2.288426e-11	0.000000e+00	1.926030e-10
5.840000e+03	5.880000e+03	4.220335e-10	3.611535e-10	1.176450e-11
5.880000e+03	5.920000e+03	2.544545e-10	2.009719e-10	0.000000e+00
5.920000e+03	5.960000e+03	1.010045e-10	6.947180e-11	0.000000e+00
5.960000e+03	6.000000e+03	1.686357e-11	0.000000e+00	2.984009e-10
# END HISTO1D


# BEGIN HISTO1D //homes/tinghua1/Merging-Project/Production/HJETS/ratio-plots/hjets-vbfnlo/H-2-3-4-25gev-vbfnlo-combine.yoda/MC_H2JETS_04_INC/j3j4_mass
ErrorBandColor=green
ErrorBandOpacity=0.3
ErrorBands=1
ErrorType=env
LineColor=green
LineStyle=solid
Path=//homes/tinghua1/Merging-Project/Production/HJETS/ratio-plots/hjets-vbfnlo/H-2-3-4-25gev-vbfnlo-combine.yoda/MC_H2JETS_04_INC/j3j4_mass
RatioPlotSameStyle=1
Title=h(2,3,4)-vbfnlo
# xlow	 xhigh	 val	 errminus	 errplus
0.000000e+00	4.000000e+01	3.972713e-04	5.356900e-05	8.997950e-05
4.000000e+01	8.000000e+01	5.650800e-04	8.650250e-05	1.072328e-04
8.000000e+01	1.200000e+02	3.384718e-04	5.050225e-05	5.504025e-05
1.200000e+02	1.600000e+02	1.904292e-04	2.702838e-05	2.883865e-05
1.600000e+02	2.000000e+02	1.355747e-04	1.782530e-05	2.333095e-05
2.000000e+02	2.400000e+02	1.106644e-04	1.540575e-05	1.896330e-05
2.400000e+02	2.800000e+02	9.444845e-05	1.379580e-05	1.748980e-05
2.800000e+02	3.200000e+02	8.251520e-05	1.165708e-05	1.585672e-05
3.200000e+02	3.600000e+02	7.257608e-05	1.093902e-05	1.389230e-05
3.600000e+02	4.000000e+02	6.427287e-05	1.070980e-05	1.228277e-05
4.000000e+02	4.400000e+02	5.670350e-05	9.244650e-06	1.175605e-05
4.400000e+02	4.800000e+02	5.041900e-05	8.610825e-06	1.042758e-05
4.800000e+02	5.200000e+02	4.399588e-05	6.543725e-06	1.034118e-05
5.200000e+02	5.600000e+02	3.972212e-05	7.258525e-06	8.928950e-06
5.600000e+02	6.000000e+02	3.494670e-05	6.046300e-06	7.498950e-06
6.000000e+02	6.400000e+02	3.097705e-05	4.729150e-06	6.547125e-06
6.400000e+02	6.800000e+02	2.783070e-05	5.063955e-06	6.486850e-06
6.800000e+02	7.200000e+02	2.472708e-05	4.413450e-06	5.897895e-06
7.200000e+02	7.600000e+02	2.293204e-05	4.934022e-06	4.832032e-06
7.600000e+02	8.000000e+02	2.023903e-05	4.247130e-06	4.611437e-06
8.000000e+02	8.400000e+02	1.764759e-05	3.504853e-06	4.395122e-06
8.400000e+02	8.800000e+02	1.585537e-05	3.143993e-06	3.811160e-06
8.800000e+02	9.200000e+02	1.432105e-05	2.926575e-06	3.189748e-06
9.200000e+02	9.600000e+02	1.428357e-05	3.646360e-06	1.486795e-06
9.600000e+02	1.000000e+03	1.160238e-05	2.236370e-06	2.804525e-06
1.000000e+03	1.040000e+03	1.053116e-05	2.262797e-06	2.241835e-06
1.040000e+03	1.080000e+03	9.528350e-06	2.243975e-06	2.343585e-06
1.080000e+03	1.120000e+03	8.524065e-06	1.602432e-06	1.882555e-06
1.120000e+03	1.160000e+03	7.591667e-06	1.513252e-06	2.337683e-06
1.160000e+03	1.200000e+03	6.702292e-06	1.327760e-06	1.716550e-06
1.200000e+03	1.240000e+03	6.411618e-06	1.569360e-06	1.411955e-06
1.240000e+03	1.280000e+03	5.605972e-06	1.221465e-06	1.567933e-06
1.280000e+03	1.320000e+03	5.047255e-06	9.708975e-07	1.434215e-06
1.320000e+03	1.360000e+03	4.648583e-06	1.050500e-06	1.262340e-06
1.360000e+03	1.400000e+03	4.206697e-06	9.821375e-07	1.055448e-06
1.400000e+03	1.440000e+03	3.696242e-06	5.908700e-07	7.053550e-07
1.440000e+03	1.480000e+03	3.545557e-06	8.547100e-07	8.429050e-07
1.480000e+03	1.520000e+03	3.194042e-06	7.757622e-07	8.188125e-07
1.520000e+03	1.560000e+03	2.978158e-06	6.533538e-07	8.568425e-07
1.560000e+03	1.600000e+03	2.523483e-06	5.628940e-07	8.565500e-07
1.600000e+03	1.640000e+03	2.595745e-06	7.260655e-07	4.331275e-07
1.640000e+03	1.680000e+03	2.209311e-06	6.015865e-07	4.166195e-07
1.680000e+03	1.720000e+03	2.041498e-06	3.603610e-07	4.996665e-07
1.720000e+03	1.760000e+03	1.865895e-06	4.961905e-07	3.745890e-07
1.760000e+03	1.800000e+03	1.648598e-06	3.370772e-07	3.675630e-07
1.800000e+03	1.840000e+03	1.452933e-06	3.417618e-07	4.234542e-07
1.840000e+03	1.880000e+03	1.384066e-06	3.814685e-07	2.922085e-07
1.880000e+03	1.920000e+03	1.178379e-06	1.371892e-07	3.674390e-07
1.920000e+03	1.960000e+03	1.081166e-06	1.956407e-07	3.632015e-07
1.960000e+03	2.000000e+03	9.919118e-07	2.082503e-07	2.818645e-07
2.000000e+03	2.040000e+03	9.010675e-07	1.710408e-07	3.046695e-07
2.040000e+03	2.080000e+03	8.165548e-07	9.500625e-08	2.295333e-07
2.080000e+03	2.120000e+03	7.105080e-07	1.648060e-07	2.352135e-07
2.120000e+03	2.160000e+03	7.067233e-07	1.951690e-07	1.897960e-07
2.160000e+03	2.200000e+03	6.186465e-07	1.159560e-07	1.890070e-07
2.200000e+03	2.240000e+03	5.633315e-07	1.498910e-07	1.718765e-07
2.240000e+03	2.280000e+03	5.729313e-07	1.344105e-07	1.538870e-07
2.280000e+03	2.320000e+03	4.652282e-07	6.759625e-08	1.543473e-07
2.320000e+03	2.360000e+03	4.530598e-07	1.226988e-07	9.859650e-08
2.360000e+03	2.400000e+03	5.449600e-07	2.500343e-07	0.000000e+00
2.400000e+03	2.440000e+03	4.423260e-07	2.100754e-07	1.593550e-08
2.440000e+03	2.480000e+03	3.203490e-07	5.954900e-08	9.655350e-08
2.480000e+03	2.520000e+03	2.586950e-07	2.522395e-08	1.026045e-07
2.520000e+03	2.560000e+03	2.864767e-07	1.895000e-08	6.280800e-08
2.560000e+03	2.600000e+03	2.280809e-07	5.372887e-08	7.612905e-08
2.600000e+03	2.640000e+03	2.582568e-07	8.889292e-08	2.598750e-08
2.640000e+03	2.680000e+03	2.107749e-07	7.418305e-08	4.943260e-08
2.680000e+03	2.720000e+03	1.668186e-07	1.344387e-08	5.743540e-08
2.720000e+03	2.760000e+03	1.680262e-07	4.005403e-08	6.212288e-08
2.760000e+03	2.800000e+03	1.569959e-07	2.655452e-08	6.958958e-08
2.800000e+03	2.840000e+03	1.496723e-07	3.733080e-08	3.893147e-08
2.840000e+03	2.880000e+03	1.138882e-07	1.329605e-08	4.471905e-08
2.880000e+03	2.920000e+03	1.252199e-07	3.622265e-08	1.600533e-08
2.920000e+03	2.960000e+03	1.004768e-07	7.088125e-09	2.135620e-08
2.960000e+03	3.000000e+03	1.253928e-07	4.488897e-08	1.767575e-08
3.000000e+03	3.040000e+03	8.986150e-08	1.315655e-08	3.727925e-09
3.040000e+03	3.080000e+03	8.415173e-08	1.884015e-08	2.037287e-08
3.080000e+03	3.120000e+03	8.176600e-08	3.256025e-08	1.170075e-09
3.120000e+03	3.160000e+03	8.109480e-08	0.000000e+00	8.518575e-09
3.160000e+03	3.200000e+03	5.210270e-08	2.994250e-09	3.575843e-08
3.200000e+03	3.240000e+03	5.415370e-08	1.731500e-08	1.240733e-08
3.240000e+03	3.280000e+03	5.152228e-08	1.778318e-08	1.299100e-09
3.280000e+03	3.320000e+03	4.967618e-08	1.629880e-08	1.058180e-08
3.320000e+03	3.360000e+03	4.809505e-08	2.826177e-08	7.233450e-09
3.360000e+03	3.400000e+03	3.547015e-08	1.561208e-08	0.000000e+00
3.400000e+03	3.440000e+03	4.304583e-08	8.033200e-09	2.325887e-08
3.440000e+03	3.480000e+03	3.549095e-08	1.216931e-08	2.434935e-08
3.480000e+03	3.520000e+03	2.828297e-08	1.041233e-08	3.367150e-09
3.520000e+03	3.560000e+03	3.022728e-08	1.310030e-08	0.000000e+00
3.560000e+03	3.600000e+03	2.760468e-08	7.825877e-09	4.005500e-10
3.600000e+03	3.640000e+03	4.456093e-08	2.947409e-08	4.017437e-08
3.640000e+03	3.680000e+03	1.802806e-08	2.720105e-09	1.010897e-08
3.680000e+03	3.720000e+03	1.614771e-08	1.787582e-09	2.369425e-10
3.720000e+03	3.760000e+03	1.686727e-08	5.980137e-09	4.911927e-09
3.760000e+03	3.800000e+03	9.484380e-09	0.000000e+00	1.257885e-08
3.800000e+03	3.840000e+03	1.320468e-08	3.473040e-09	9.880340e-09
3.840000e+03	3.880000e+03	8.893303e-09	0.000000e+00	6.069985e-09
3.880000e+03	3.920000e+03	7.364027e-09	2.644825e-10	7.638442e-09
3.920000e+03	3.960000e+03	1.276358e-08	7.396535e-09	0.000000e+00
3.960000e+03	4.000000e+03	7.736072e-09	1.637530e-09	1.976415e-09
4.000000e+03	4.040000e+03	6.807808e-09	0.000000e+00	5.358465e-09
4.040000e+03	4.080000e+03	5.971175e-09	0.000000e+00	4.262070e-09
4.080000e+03	4.120000e+03	4.826477e-09	4.934725e-10	9.479475e-10
4.120000e+03	4.160000e+03	5.559255e-09	8.125000e-10	3.489955e-09
4.160000e+03	4.200000e+03	7.289690e-09	2.582850e-09	3.492142e-09
4.200000e+03	4.240000e+03	6.214852e-09	8.005225e-10	3.239730e-09
4.240000e+03	4.280000e+03	6.582312e-09	4.262116e-09	0.000000e+00
4.280000e+03	4.320000e+03	4.395550e-09	1.399707e-09	9.649475e-10
4.320000e+03	4.360000e+03	4.285695e-09	1.292490e-09	3.134130e-09
4.360000e+03	4.400000e+03	3.192790e-09	0.000000e+00	9.765100e-10
4.400000e+03	4.440000e+03	2.857780e-09	0.000000e+00	1.619410e-09
4.440000e+03	4.480000e+03	3.588440e-09	1.868248e-09	3.389475e-10
4.480000e+03	4.520000e+03	3.695653e-09	1.661659e-09	0.000000e+00
4.520000e+03	4.560000e+03	2.258719e-09	5.440073e-10	7.867812e-10
4.560000e+03	4.600000e+03	2.890055e-09	1.805204e-09	0.000000e+00
4.600000e+03	4.640000e+03	1.129848e-09	0.000000e+00	7.743975e-10
4.640000e+03	4.680000e+03	3.368715e-09	1.672273e-09	0.000000e+00
4.680000e+03	4.720000e+03	3.288380e-10	0.000000e+00	2.156897e-09
4.720000e+03	4.760000e+03	1.786532e-09	9.226250e-10	0.000000e+00
4.760000e+03	4.800000e+03	1.291689e-09	8.505700e-11	2.663667e-10
4.800000e+03	4.840000e+03	7.803425e-10	0.000000e+00	2.601588e-10
4.840000e+03	4.880000e+03	1.089591e-09	7.744763e-10	0.000000e+00
4.880000e+03	4.920000e+03	6.748148e-10	1.811198e-10	7.263580e-10
4.920000e+03	4.960000e+03	1.902749e-09	1.157755e-09	4.989448e-10
4.960000e+03	5.000000e+03	7.772087e-10	3.627697e-10	4.812200e-11
5.000000e+03	5.040000e+03	2.260933e-10	0.000000e+00	6.688394e-10
5.040000e+03	5.080000e+03	4.051553e-10	1.158080e-10	7.368907e-10
5.080000e+03	5.120000e+03	5.285827e-10	1.101680e-10	4.615217e-10
5.120000e+03	5.160000e+03	7.541677e-10	4.465920e-10	0.000000e+00
5.160000e+03	5.200000e+03	9.191285e-10	3.873675e-10	0.000000e+00
5.200000e+03	5.240000e+03	5.956505e-10	4.506069e-10	2.504487e-10
5.240000e+03	5.280000e+03	7.274870e-10	4.775151e-10	0.000000e+00
5.280000e+03	5.320000e+03	3.754410e-10	1.231040e-10	6.301752e-10
5.320000e+03	5.360000e+03	4.037092e-10	2.959723e-10	1.970300e-11
5.360000e+03	5.400000e+03	2.209843e-10	0.000000e+00	3.989604e-10
5.400000e+03	5.440000e+03	-5.980277e-11	0.000000e+00	8.702013e-10
5.440000e+03	5.480000e+03	1.669675e-10	5.478727e-11	4.042567e-10
5.480000e+03	5.520000e+03	3.041007e-10	1.823310e-10	0.000000e+00
5.520000e+03	5.560000e+03	1.914932e-10	4.943115e-11	0.000000e+00
5.560000e+03	5.600000e+03	1.168223e-10	4.183662e-11	0.000000e+00
5.600000e+03	5.640000e+03	1.029713e-10	6.941098e-10	2.703462e-11
5.640000e+03	5.680000e+03	7.329735e-11	0.000000e+00	5.673275e-12
5.680000e+03	5.720000e+03	1.017293e-10	4.807130e-11	1.252919e-10
5.720000e+03	5.760000e+03	9.704403e-11	4.193793e-11	1.155208e-10
5.760000e+03	5.800000e+03	4.846055e-10	4.085836e-10	0.000000e+00
5.800000e+03	5.840000e+03	7.517253e-11	0.000000e+00	6.789785e-11
5.840000e+03	5.880000e+03	6.675925e-11	4.035590e-11	1.024909e-10
5.880000e+03	5.920000e+03	1.569776e-10	6.149090e-11	8.304782e-11
5.920000e+03	5.960000e+03	4.456358e-11	0.000000e+00	5.186623e-11
5.960000e+03	6.000000e+03	6.958145e-11	1.123193e-11	5.409913e-11
# END HISTO1D


# BEGIN HISTO1D //homes/tinghua1/Merging-Project/Production/HJETS/ratio-plots/hjets-vbfnlo/H-2-3-25gev-combine.yoda/MC_H2JETS_04_INC/j3j4_mass
ErrorBandColor=purple
ErrorBandOpacity=0.3
ErrorBands=1
ErrorType=env
LineColor=purple
LineStyle=solid
Path=//homes/tinghua1/Merging-Project/Production/HJETS/ratio-plots/hjets-vbfnlo/H-2-3-25gev-combine.yoda/MC_H2JETS_04_INC/j3j4_mass
RatioPlotSameStyle=1
Title=h(2,3)
# xlow	 xhigh	 val	 errminus	 errplus
0.000000e+00	4.000000e+01	5.871175e-04	0.000000e+00	2.004520e-04
4.000000e+01	8.000000e+01	1.072255e-03	0.000000e+00	3.118547e-04
8.000000e+01	1.200000e+02	6.601088e-04	0.000000e+00	1.757245e-04
1.200000e+02	1.600000e+02	3.266185e-04	0.000000e+00	1.009132e-04
1.600000e+02	2.000000e+02	2.044795e-04	0.000000e+00	6.767005e-05
2.000000e+02	2.400000e+02	1.461937e-04	0.000000e+00	4.902783e-05
2.400000e+02	2.800000e+02	1.119302e-04	0.000000e+00	4.101208e-05
2.800000e+02	3.200000e+02	9.036957e-05	0.000000e+00	3.354493e-05
3.200000e+02	3.600000e+02	7.386513e-05	0.000000e+00	2.952755e-05
3.600000e+02	4.000000e+02	6.250523e-05	0.000000e+00	2.526352e-05
4.000000e+02	4.400000e+02	5.276517e-05	0.000000e+00	2.173487e-05
4.400000e+02	4.800000e+02	4.480683e-05	0.000000e+00	2.053473e-05
4.800000e+02	5.200000e+02	3.888115e-05	0.000000e+00	1.793450e-05
5.200000e+02	5.600000e+02	3.342702e-05	0.000000e+00	1.615035e-05
5.600000e+02	6.000000e+02	2.919033e-05	0.000000e+00	1.451380e-05
6.000000e+02	6.400000e+02	2.584177e-05	0.000000e+00	1.217023e-05
6.400000e+02	6.800000e+02	2.250782e-05	0.000000e+00	1.132620e-05
6.800000e+02	7.200000e+02	2.009893e-05	0.000000e+00	9.491295e-06
7.200000e+02	7.600000e+02	1.766574e-05	0.000000e+00	8.525255e-06
7.600000e+02	8.000000e+02	1.560109e-05	0.000000e+00	7.533620e-06
8.000000e+02	8.400000e+02	1.341983e-05	0.000000e+00	7.465295e-06
8.400000e+02	8.800000e+02	1.198739e-05	0.000000e+00	6.800195e-06
8.800000e+02	9.200000e+02	1.095136e-05	0.000000e+00	5.698110e-06
9.200000e+02	9.600000e+02	9.555827e-06	0.000000e+00	5.377213e-06
9.600000e+02	1.000000e+03	8.453410e-06	0.000000e+00	4.720635e-06
1.000000e+03	1.040000e+03	7.552872e-06	0.000000e+00	4.226897e-06
1.040000e+03	1.080000e+03	6.755843e-06	0.000000e+00	3.558953e-06
1.080000e+03	1.120000e+03	6.063512e-06	0.000000e+00	3.490878e-06
1.120000e+03	1.160000e+03	5.357465e-06	0.000000e+00	3.307648e-06
1.160000e+03	1.200000e+03	4.850887e-06	0.000000e+00	2.763355e-06
1.200000e+03	1.240000e+03	4.255857e-06	0.000000e+00	2.662378e-06
1.240000e+03	1.280000e+03	3.813610e-06	0.000000e+00	2.446662e-06
1.280000e+03	1.320000e+03	3.248790e-06	0.000000e+00	2.419947e-06
1.320000e+03	1.360000e+03	3.123697e-06	0.000000e+00	1.907568e-06
1.360000e+03	1.400000e+03	2.791600e-06	0.000000e+00	1.873048e-06
1.400000e+03	1.440000e+03	2.549135e-06	0.000000e+00	1.523712e-06
1.440000e+03	1.480000e+03	2.338104e-06	0.000000e+00	1.301874e-06
1.480000e+03	1.520000e+03	2.075381e-06	0.000000e+00	1.261826e-06
1.520000e+03	1.560000e+03	1.930436e-06	0.000000e+00	1.121034e-06
1.560000e+03	1.600000e+03	1.675233e-06	0.000000e+00	1.120407e-06
1.600000e+03	1.640000e+03	1.520036e-06	0.000000e+00	9.218987e-07
1.640000e+03	1.680000e+03	1.399576e-06	0.000000e+00	8.572360e-07
1.680000e+03	1.720000e+03	1.208956e-06	0.000000e+00	9.173133e-07
1.720000e+03	1.760000e+03	1.082684e-06	0.000000e+00	7.150837e-07
1.760000e+03	1.800000e+03	9.987383e-07	0.000000e+00	6.798332e-07
1.800000e+03	1.840000e+03	9.138097e-07	0.000000e+00	5.956278e-07
1.840000e+03	1.880000e+03	8.798680e-07	0.000000e+00	5.519800e-07
1.880000e+03	1.920000e+03	8.201155e-07	0.000000e+00	4.384880e-07
1.920000e+03	1.960000e+03	7.243030e-07	0.000000e+00	4.409322e-07
1.960000e+03	2.000000e+03	6.832220e-07	0.000000e+00	3.511840e-07
2.000000e+03	2.040000e+03	5.569563e-07	0.000000e+00	3.922455e-07
2.040000e+03	2.080000e+03	5.107073e-07	0.000000e+00	3.065630e-07
2.080000e+03	2.120000e+03	4.826645e-07	0.000000e+00	3.368830e-07
2.120000e+03	2.160000e+03	4.254378e-07	0.000000e+00	3.005530e-07
2.160000e+03	2.200000e+03	3.798580e-07	0.000000e+00	2.656060e-07
2.200000e+03	2.240000e+03	3.785785e-07	0.000000e+00	1.805645e-07
2.240000e+03	2.280000e+03	3.191295e-07	0.000000e+00	2.334047e-07
2.280000e+03	2.320000e+03	2.748200e-07	0.000000e+00	1.997168e-07
2.320000e+03	2.360000e+03	2.475019e-07	0.000000e+00	1.832531e-07
2.360000e+03	2.400000e+03	2.453378e-07	0.000000e+00	1.548455e-07
2.400000e+03	2.440000e+03	2.282197e-07	0.000000e+00	1.349070e-07
2.440000e+03	2.480000e+03	2.009335e-07	0.000000e+00	9.752297e-08
2.480000e+03	2.520000e+03	1.590295e-07	0.000000e+00	1.315580e-07
2.520000e+03	2.560000e+03	1.553394e-07	0.000000e+00	1.205674e-07
2.560000e+03	2.600000e+03	1.377539e-07	0.000000e+00	9.419338e-08
2.600000e+03	2.640000e+03	1.271765e-07	0.000000e+00	1.176264e-07
2.640000e+03	2.680000e+03	1.235767e-07	0.000000e+00	6.591165e-08
2.680000e+03	2.720000e+03	1.044276e-07	0.000000e+00	8.611005e-08
2.720000e+03	2.760000e+03	1.138204e-07	0.000000e+00	4.648220e-08
2.760000e+03	2.800000e+03	9.221893e-08	0.000000e+00	5.964532e-08
2.800000e+03	2.840000e+03	8.176430e-08	0.000000e+00	3.727975e-08
2.840000e+03	2.880000e+03	7.393440e-08	0.000000e+00	4.142430e-08
2.880000e+03	2.920000e+03	7.535345e-08	0.000000e+00	2.789075e-08
2.920000e+03	2.960000e+03	6.624922e-08	5.730975e-09	1.832957e-08
2.960000e+03	3.000000e+03	4.725190e-08	0.000000e+00	4.987443e-08
3.000000e+03	3.040000e+03	4.800945e-08	0.000000e+00	2.851815e-08
3.040000e+03	3.080000e+03	3.894672e-08	0.000000e+00	3.280770e-08
3.080000e+03	3.120000e+03	4.208720e-08	0.000000e+00	2.337663e-08
3.120000e+03	3.160000e+03	3.464995e-08	0.000000e+00	2.063258e-08
3.160000e+03	3.200000e+03	3.689287e-08	0.000000e+00	1.039035e-08
3.200000e+03	3.240000e+03	2.584163e-08	0.000000e+00	2.303765e-08
3.240000e+03	3.280000e+03	2.711977e-08	0.000000e+00	1.210448e-08
3.280000e+03	3.320000e+03	2.154469e-08	2.998697e-09	1.788548e-08
3.320000e+03	3.360000e+03	-1.549943e-08	0.000000e+00	5.122420e-08
3.360000e+03	3.400000e+03	1.737666e-08	0.000000e+00	1.536696e-08
3.400000e+03	3.440000e+03	1.779296e-08	0.000000e+00	1.154589e-08
3.440000e+03	3.480000e+03	1.599521e-08	0.000000e+00	1.497601e-08
3.480000e+03	3.520000e+03	1.341901e-08	0.000000e+00	6.161798e-09
3.520000e+03	3.560000e+03	1.258665e-08	0.000000e+00	8.653235e-09
3.560000e+03	3.600000e+03	9.611675e-09	0.000000e+00	1.423502e-08
3.600000e+03	3.640000e+03	2.036546e-08	1.288084e-08	0.000000e+00
3.640000e+03	3.680000e+03	1.047473e-08	0.000000e+00	5.684355e-09
3.680000e+03	3.720000e+03	7.377423e-09	0.000000e+00	7.318457e-09
3.720000e+03	3.760000e+03	1.186289e-08	2.332170e-09	2.033315e-09
3.760000e+03	3.800000e+03	4.498692e-09	0.000000e+00	8.899425e-09
3.800000e+03	3.840000e+03	4.131868e-09	0.000000e+00	6.978868e-09
3.840000e+03	3.880000e+03	6.891727e-09	0.000000e+00	4.709957e-09
3.880000e+03	3.920000e+03	8.348787e-09	8.382800e-10	3.161588e-09
3.920000e+03	3.960000e+03	4.386353e-09	0.000000e+00	4.168170e-09
3.960000e+03	4.000000e+03	5.821225e-09	1.045495e-09	1.141580e-09
4.000000e+03	4.040000e+03	2.992470e-09	0.000000e+00	3.969238e-09
4.040000e+03	4.080000e+03	3.819745e-09	7.710100e-10	4.338020e-09
4.080000e+03	4.120000e+03	3.433015e-09	0.000000e+00	2.630657e-09
4.120000e+03	4.160000e+03	2.562967e-09	0.000000e+00	2.775350e-09
4.160000e+03	4.200000e+03	2.593855e-09	0.000000e+00	2.927920e-09
4.200000e+03	4.240000e+03	2.202525e-09	0.000000e+00	1.375285e-09
4.240000e+03	4.280000e+03	1.673525e-09	0.000000e+00	2.503060e-09
4.280000e+03	4.320000e+03	2.088064e-09	0.000000e+00	4.102606e-09
4.320000e+03	4.360000e+03	9.789745e-10	0.000000e+00	3.297361e-09
4.360000e+03	4.400000e+03	1.268745e-09	0.000000e+00	1.781625e-09
4.400000e+03	4.440000e+03	1.757365e-09	0.000000e+00	1.614920e-09
4.440000e+03	4.480000e+03	1.460182e-09	8.847750e-11	7.384745e-10
4.480000e+03	4.520000e+03	1.755719e-09	4.191892e-10	1.718038e-09
4.520000e+03	4.560000e+03	7.052077e-10	0.000000e+00	1.409973e-09
4.560000e+03	4.600000e+03	2.635567e-09	1.478567e-09	0.000000e+00
4.600000e+03	4.640000e+03	8.452360e-10	0.000000e+00	1.469056e-09
4.640000e+03	4.680000e+03	9.193232e-10	0.000000e+00	9.016765e-10
4.680000e+03	4.720000e+03	1.267521e-09	2.498233e-10	3.412015e-10
4.720000e+03	4.760000e+03	8.290148e-10	0.000000e+00	3.772085e-10
4.760000e+03	4.800000e+03	3.031328e-10	0.000000e+00	3.963735e-10
4.800000e+03	4.840000e+03	6.813455e-10	1.175215e-10	3.213008e-10
4.840000e+03	4.880000e+03	3.377600e-10	0.000000e+00	1.774343e-10
4.880000e+03	4.920000e+03	6.596823e-10	2.233563e-10	1.052895e-10
4.920000e+03	4.960000e+03	2.094686e-09	1.799306e-09	0.000000e+00
4.960000e+03	5.000000e+03	4.641935e-10	5.234075e-11	4.839250e-10
5.000000e+03	5.040000e+03	4.309222e-10	1.153970e-10	1.029380e-10
5.040000e+03	5.080000e+03	3.718718e-10	1.202015e-10	1.362165e-10
5.080000e+03	5.120000e+03	1.900215e-10	0.000000e+00	4.838797e-11
5.120000e+03	5.160000e+03	2.920588e-10	2.587425e-11	3.401500e-10
5.160000e+03	5.200000e+03	9.076062e-11	0.000000e+00	7.944390e-11
5.200000e+03	5.240000e+03	2.326822e-10	5.911425e-11	3.847901e-10
5.240000e+03	5.280000e+03	1.818943e-10	0.000000e+00	1.229924e-10
5.280000e+03	5.320000e+03	3.095153e-10	2.819139e-10	0.000000e+00
5.320000e+03	5.360000e+03	2.061856e-10	1.236200e-10	1.073604e-10
5.360000e+03	5.400000e+03	1.859082e-10	8.550388e-11	1.740908e-10
5.400000e+03	5.440000e+03	3.276102e-10	2.290108e-10	0.000000e+00
5.440000e+03	5.480000e+03	4.319483e-11	0.000000e+00	8.865682e-10
5.480000e+03	5.520000e+03	3.172917e-11	1.519953e-11	2.178856e-10
5.520000e+03	5.560000e+03	7.605550e-11	1.634334e-09	3.842498e-11
5.560000e+03	5.600000e+03	1.749212e-11	0.000000e+00	1.463436e-10
5.600000e+03	5.640000e+03	8.242810e-11	2.191348e-11	6.442344e-10
5.640000e+03	5.680000e+03	8.214595e-11	6.471529e-11	0.000000e+00
5.680000e+03	5.720000e+03	7.495235e-12	0.000000e+00	5.756714e-11
5.720000e+03	5.760000e+03	2.472423e-11	1.458727e-11	1.477439e-11
5.760000e+03	5.800000e+03	6.125610e-11	5.498000e-13	1.229747e-11
5.800000e+03	5.840000e+03	2.920402e-12	0.000000e+00	3.275363e-10
5.840000e+03	5.880000e+03	4.798380e-11	2.709623e-11	1.280980e-11
5.880000e+03	5.920000e+03	1.150545e-11	4.824108e-12	9.613503e-11
5.920000e+03	5.960000e+03	5.943225e-12	0.000000e+00	3.515442e-11
5.960000e+03	6.000000e+03	2.038353e-10	1.881869e-10	0.000000e+00
# END HISTO1D


# BEGIN HISTO1D //homes/tinghua1/Merging-Project/Production/HJETS/ratio-plots/hjets-vbfnlo/H-2-3-25gev-vbfnlo-combine.yoda/MC_H2JETS_04_INC/j3j4_mass
ErrorBandColor=violet
ErrorBandOpacity=0.3
ErrorBands=1
ErrorType=env
LineColor=violet
LineStyle=solid
Path=//homes/tinghua1/Merging-Project/Production/HJETS/ratio-plots/hjets-vbfnlo/H-2-3-25gev-vbfnlo-combine.yoda/MC_H2JETS_04_INC/j3j4_mass
RatioPlotSameStyle=1
Title=h(2,3)-vbfnlo
# xlow	 xhigh	 val	 errminus	 errplus
0.000000e+00	4.000000e+01	4.877998e-04	1.441190e-04	0.000000e+00
4.000000e+01	8.000000e+01	6.077060e-04	1.692915e-04	0.000000e+00
8.000000e+01	1.200000e+02	3.327913e-04	8.556728e-05	0.000000e+00
1.200000e+02	1.600000e+02	1.862226e-04	4.563343e-05	0.000000e+00
1.600000e+02	2.000000e+02	1.369895e-04	3.458203e-05	0.000000e+00
2.000000e+02	2.400000e+02	1.125056e-04	2.894970e-05	0.000000e+00
2.400000e+02	2.800000e+02	9.851710e-05	2.637688e-05	0.000000e+00
2.800000e+02	3.200000e+02	8.663145e-05	2.448968e-05	0.000000e+00
3.200000e+02	3.600000e+02	7.643277e-05	2.218285e-05	0.000000e+00
3.600000e+02	4.000000e+02	6.787115e-05	2.024203e-05	0.000000e+00
4.000000e+02	4.400000e+02	6.020500e-05	1.821673e-05	0.000000e+00
4.400000e+02	4.800000e+02	5.332025e-05	1.650503e-05	0.000000e+00
4.800000e+02	5.200000e+02	4.721795e-05	1.474212e-05	0.000000e+00
5.200000e+02	5.600000e+02	4.234787e-05	1.376167e-05	0.000000e+00
5.600000e+02	6.000000e+02	3.736777e-05	1.214192e-05	0.000000e+00
6.000000e+02	6.400000e+02	3.328983e-05	1.102025e-05	0.000000e+00
6.400000e+02	6.800000e+02	2.964560e-05	9.905677e-06	0.000000e+00
6.800000e+02	7.200000e+02	2.673017e-05	9.369232e-06	0.000000e+00
7.200000e+02	7.600000e+02	2.379912e-05	8.200717e-06	0.000000e+00
7.600000e+02	8.000000e+02	2.130740e-05	7.378703e-06	0.000000e+00
8.000000e+02	8.400000e+02	1.895570e-05	6.701237e-06	0.000000e+00
8.400000e+02	8.800000e+02	1.705522e-05	5.964940e-06	0.000000e+00
8.800000e+02	9.200000e+02	1.532643e-05	5.503105e-06	0.000000e+00
9.200000e+02	9.600000e+02	1.383339e-05	5.053263e-06	0.000000e+00
9.600000e+02	1.000000e+03	1.225519e-05	4.371895e-06	0.000000e+00
1.000000e+03	1.040000e+03	1.098953e-05	3.797793e-06	0.000000e+00
1.040000e+03	1.080000e+03	1.001908e-05	3.742465e-06	0.000000e+00
1.080000e+03	1.120000e+03	8.982777e-06	3.323293e-06	0.000000e+00
1.120000e+03	1.160000e+03	8.126560e-06	3.031493e-06	0.000000e+00
1.160000e+03	1.200000e+03	7.297203e-06	2.725443e-06	0.000000e+00
1.200000e+03	1.240000e+03	6.597390e-06	2.378825e-06	0.000000e+00
1.240000e+03	1.280000e+03	5.956345e-06	2.296215e-06	0.000000e+00
1.280000e+03	1.320000e+03	5.384827e-06	2.067392e-06	0.000000e+00
1.320000e+03	1.360000e+03	4.843520e-06	1.806670e-06	0.000000e+00
1.360000e+03	1.400000e+03	4.474352e-06	1.712620e-06	0.000000e+00
1.400000e+03	1.440000e+03	3.970675e-06	1.426935e-06	0.000000e+00
1.440000e+03	1.480000e+03	3.571360e-06	1.287881e-06	0.000000e+00
1.480000e+03	1.520000e+03	3.322517e-06	1.283812e-06	0.000000e+00
1.520000e+03	1.560000e+03	2.987958e-06	1.189769e-06	0.000000e+00
1.560000e+03	1.600000e+03	2.737370e-06	1.053311e-06	0.000000e+00
1.600000e+03	1.640000e+03	2.494519e-06	9.804578e-07	0.000000e+00
1.640000e+03	1.680000e+03	2.231380e-06	8.819230e-07	0.000000e+00
1.680000e+03	1.720000e+03	2.036545e-06	7.989927e-07	0.000000e+00
1.720000e+03	1.760000e+03	1.845908e-06	7.376947e-07	0.000000e+00
1.760000e+03	1.800000e+03	1.679792e-06	6.646972e-07	0.000000e+00
1.800000e+03	1.840000e+03	1.520732e-06	5.920855e-07	0.000000e+00
1.840000e+03	1.880000e+03	1.371001e-06	5.250868e-07	0.000000e+00
1.880000e+03	1.920000e+03	1.266550e-06	5.041293e-07	0.000000e+00
1.920000e+03	1.960000e+03	1.162362e-06	4.296230e-07	0.000000e+00
1.960000e+03	2.000000e+03	1.032113e-06	4.232572e-07	0.000000e+00
2.000000e+03	2.040000e+03	9.327118e-07	3.534445e-07	0.000000e+00
2.040000e+03	2.080000e+03	8.709750e-07	3.490353e-07	0.000000e+00
2.080000e+03	2.120000e+03	7.751600e-07	2.962375e-07	0.000000e+00
2.120000e+03	2.160000e+03	7.195353e-07	2.847410e-07	0.000000e+00
2.160000e+03	2.200000e+03	6.519290e-07	2.580813e-07	0.000000e+00
2.200000e+03	2.240000e+03	5.771653e-07	2.063767e-07	0.000000e+00
2.240000e+03	2.280000e+03	5.181857e-07	1.872135e-07	0.000000e+00
2.280000e+03	2.320000e+03	4.907302e-07	1.915332e-07	0.000000e+00
2.320000e+03	2.360000e+03	4.493378e-07	1.737038e-07	0.000000e+00
2.360000e+03	2.400000e+03	4.049935e-07	1.662644e-07	0.000000e+00
2.400000e+03	2.440000e+03	3.578028e-07	1.391429e-07	0.000000e+00
2.440000e+03	2.480000e+03	3.664753e-07	1.652163e-07	0.000000e+00
2.480000e+03	2.520000e+03	3.022848e-07	1.226303e-07	0.000000e+00
2.520000e+03	2.560000e+03	2.698457e-07	1.105265e-07	0.000000e+00
2.560000e+03	2.600000e+03	2.322601e-07	8.683632e-08	0.000000e+00
2.600000e+03	2.640000e+03	2.292844e-07	8.853980e-08	0.000000e+00
2.640000e+03	2.680000e+03	2.046661e-07	8.481945e-08	0.000000e+00
2.680000e+03	2.720000e+03	1.810559e-07	7.276155e-08	0.000000e+00
2.720000e+03	2.760000e+03	1.718954e-07	6.755827e-08	0.000000e+00
2.760000e+03	2.800000e+03	1.462081e-07	6.177200e-08	0.000000e+00
2.800000e+03	2.840000e+03	1.313422e-07	4.951013e-08	0.000000e+00
2.840000e+03	2.880000e+03	1.220429e-07	5.080305e-08	0.000000e+00
2.880000e+03	2.920000e+03	1.039529e-07	3.563475e-08	0.000000e+00
2.920000e+03	2.960000e+03	1.041660e-07	4.050547e-08	0.000000e+00
2.960000e+03	3.000000e+03	9.519208e-08	3.525535e-08	0.000000e+00
3.000000e+03	3.040000e+03	8.938285e-08	3.899688e-08	0.000000e+00
3.040000e+03	3.080000e+03	7.198415e-08	2.324910e-08	0.000000e+00
3.080000e+03	3.120000e+03	7.252687e-08	3.392110e-08	0.000000e+00
3.120000e+03	3.160000e+03	6.237657e-08	2.510210e-08	0.000000e+00
3.160000e+03	3.200000e+03	6.248837e-08	2.723130e-08	0.000000e+00
3.200000e+03	3.240000e+03	4.800030e-08	1.454500e-08	0.000000e+00
3.240000e+03	3.280000e+03	5.018715e-08	1.809032e-08	0.000000e+00
3.280000e+03	3.320000e+03	4.238800e-08	1.728027e-08	0.000000e+00
3.320000e+03	3.360000e+03	4.184213e-08	1.840699e-08	0.000000e+00
3.360000e+03	3.400000e+03	3.881680e-08	2.098327e-08	0.000000e+00
3.400000e+03	3.440000e+03	3.441373e-08	1.700242e-08	0.000000e+00
3.440000e+03	3.480000e+03	2.802247e-08	1.084145e-08	0.000000e+00
3.480000e+03	3.520000e+03	2.554182e-08	8.760822e-09	0.000000e+00
3.520000e+03	3.560000e+03	2.312759e-08	9.547532e-09	0.000000e+00
3.560000e+03	3.600000e+03	2.218855e-08	8.862150e-09	0.000000e+00
3.600000e+03	3.640000e+03	1.968682e-08	8.444700e-09	0.000000e+00
3.640000e+03	3.680000e+03	1.826888e-08	5.612823e-09	0.000000e+00
3.680000e+03	3.720000e+03	1.605730e-08	7.341218e-09	0.000000e+00
3.720000e+03	3.760000e+03	1.589360e-08	7.694495e-09	0.000000e+00
3.760000e+03	3.800000e+03	1.450564e-08	6.049380e-09	0.000000e+00
3.800000e+03	3.840000e+03	1.336620e-08	4.444250e-09	0.000000e+00
3.840000e+03	3.880000e+03	1.084589e-08	4.072775e-09	0.000000e+00
3.880000e+03	3.920000e+03	1.151202e-08	5.483312e-09	0.000000e+00
3.920000e+03	3.960000e+03	8.657778e-09	4.106120e-09	0.000000e+00
3.960000e+03	4.000000e+03	7.245685e-09	1.645952e-09	0.000000e+00
4.000000e+03	4.040000e+03	7.316462e-09	2.689955e-09	0.000000e+00
4.040000e+03	4.080000e+03	7.764495e-09	3.444807e-09	0.000000e+00
4.080000e+03	4.120000e+03	4.664742e-09	5.863700e-10	0.000000e+00
4.120000e+03	4.160000e+03	5.609225e-09	2.730537e-09	0.000000e+00
4.160000e+03	4.200000e+03	6.727220e-09	3.382633e-09	0.000000e+00
4.200000e+03	4.240000e+03	5.173048e-09	1.829663e-09	0.000000e+00
4.240000e+03	4.280000e+03	5.041875e-09	2.320313e-09	0.000000e+00
4.280000e+03	4.320000e+03	3.125175e-09	6.898260e-10	0.000000e+00
4.320000e+03	4.360000e+03	3.441367e-09	1.568542e-09	7.372575e-10
4.360000e+03	4.400000e+03	3.658978e-09	1.332513e-09	0.000000e+00
4.400000e+03	4.440000e+03	2.746693e-09	1.184010e-09	0.000000e+00
4.440000e+03	4.480000e+03	2.978055e-09	1.659250e-09	0.000000e+00
4.480000e+03	4.520000e+03	2.682550e-09	1.617388e-09	0.000000e+00
4.520000e+03	4.560000e+03	1.678501e-09	5.128167e-10	7.735875e-10
4.560000e+03	4.600000e+03	1.483107e-09	1.858395e-10	0.000000e+00
4.600000e+03	4.640000e+03	1.925373e-09	1.158130e-09	0.000000e+00
4.640000e+03	4.680000e+03	2.249050e-09	1.283690e-09	0.000000e+00
4.680000e+03	4.720000e+03	1.631850e-09	8.950010e-10	0.000000e+00
4.720000e+03	4.760000e+03	1.208788e-09	5.104172e-10	5.295300e-11
4.760000e+03	4.800000e+03	1.437016e-09	7.816863e-10	0.000000e+00
4.800000e+03	4.840000e+03	9.960335e-10	1.399093e-10	0.000000e+00
4.840000e+03	4.880000e+03	9.308438e-10	4.080098e-10	1.118100e-10
4.880000e+03	4.920000e+03	9.487168e-10	5.298957e-10	0.000000e+00
4.920000e+03	4.960000e+03	9.213572e-10	4.204902e-10	0.000000e+00
4.960000e+03	5.000000e+03	8.846708e-10	4.973693e-10	0.000000e+00
5.000000e+03	5.040000e+03	1.011364e-09	6.939975e-10	0.000000e+00
5.040000e+03	5.080000e+03	6.447795e-10	2.181897e-10	0.000000e+00
5.080000e+03	5.120000e+03	6.372905e-10	2.963525e-10	2.217025e-11
5.120000e+03	5.160000e+03	5.885508e-10	1.673348e-10	2.597650e-11
5.160000e+03	5.200000e+03	8.725365e-10	6.755180e-10	0.000000e+00
5.200000e+03	5.240000e+03	6.629370e-10	4.786759e-10	0.000000e+00
5.240000e+03	5.280000e+03	6.109387e-10	5.153106e-10	0.000000e+00
5.280000e+03	5.320000e+03	3.020348e-10	1.497559e-10	3.131813e-10
5.320000e+03	5.360000e+03	2.987525e-10	1.795407e-10	3.630745e-10
5.360000e+03	5.400000e+03	2.730865e-10	0.000000e+00	9.860800e-11
5.400000e+03	5.440000e+03	3.328908e-10	2.710623e-10	0.000000e+00
5.440000e+03	5.480000e+03	2.829342e-10	2.946475e-11	0.000000e+00
5.480000e+03	5.520000e+03	2.278485e-10	1.479772e-10	5.478378e-11
5.520000e+03	5.560000e+03	1.043829e-10	2.818140e-11	0.000000e+00
5.560000e+03	5.600000e+03	2.363364e-10	1.488901e-10	0.000000e+00
5.600000e+03	5.640000e+03	1.023530e-10	6.952300e-11	6.378068e-11
5.640000e+03	5.680000e+03	1.727439e-10	7.036318e-11	0.000000e+00
5.680000e+03	5.720000e+03	1.098821e-10	3.390010e-11	2.862168e-11
5.720000e+03	5.760000e+03	1.362380e-10	9.565035e-11	0.000000e+00
5.760000e+03	5.800000e+03	6.470500e-11	1.564935e-11	1.859080e-11
5.800000e+03	5.840000e+03	1.757807e-10	1.580429e-10	0.000000e+00
5.840000e+03	5.880000e+03	3.237063e-10	3.097411e-10	0.000000e+00
5.880000e+03	5.920000e+03	1.281521e-10	8.359243e-11	0.000000e+00
5.920000e+03	5.960000e+03	4.406580e-11	9.425300e-12	0.000000e+00
5.960000e+03	6.000000e+03	8.474025e-11	5.362585e-11	0.000000e+00
# END HISTO1D

