# BEGIN PLOT
Rebin=2
DrawOnly=//homes/tinghua1/Merging-Project/Production/HJETS/ratio-plots/hjets-vbfnlo/H-N2-N3-4-25gev-combine.yoda/MC_H2JETS_04_INC/jet1_mass //homes/tinghua1/Merging-Project/Production/HJETS/ratio-plots/hjets-vbfnlo/H-N2-N3-4-25gev-vbfnlo-combine.yoda/MC_H2JETS_04_INC/jet1_mass //homes/tinghua1/Merging-Project/Production/HJETS/ratio-plots/hjets-vbfnlo/H-N2-3-4-25gev-combine.yoda/MC_H2JETS_04_INC/jet1_mass //homes/tinghua1/Merging-Project/Production/HJETS/ratio-plots/hjets-vbfnlo/H-N2-3-4-25gev-vbfnlo-combine.yoda/MC_H2JETS_04_INC/jet1_mass //homes/tinghua1/Merging-Project/Production/HJETS/ratio-plots/hjets-vbfnlo/H-2-3-4-25gev-combine.yoda/MC_H2JETS_04_INC/jet1_mass //homes/tinghua1/Merging-Project/Production/HJETS/ratio-plots/hjets-vbfnlo/H-2-3-4-25gev-vbfnlo-combine.yoda/MC_H2JETS_04_INC/jet1_mass //homes/tinghua1/Merging-Project/Production/HJETS/ratio-plots/hjets-vbfnlo/H-2-3-25gev-combine.yoda/MC_H2JETS_04_INC/jet1_mass //homes/tinghua1/Merging-Project/Production/HJETS/ratio-plots/hjets-vbfnlo/H-2-3-25gev-vbfnlo-combine.yoda/MC_H2JETS_04_INC/jet1_mass
RightMargin=0.5
RatioPlotReference=//homes/tinghua1/Merging-Project/Production/HJETS/ratio-plots/hjets-vbfnlo/H-N2-N3-4-25gev-combine.yoda/MC_H2JETS_04_INC/jet1_mass
#RatioPlot=1
LogY=1
RatioPlotYMax=2.5
#LegendOnly=//homes/tinghua1/Merging-Project/Production/HJETS/ratio-plots/hjets-vbfnlo/H-N2-N3-4-25gev-combine.yoda/MC_H2JETS_04_INC/jet1_mass //homes/tinghua1/Merging-Project/Production/HJETS/ratio-plots/hjets-vbfnlo/H-N2-N3-4-25gev-vbfnlo-combine.yoda/MC_H2JETS_04_INC/jet1_mass //homes/tinghua1/Merging-Project/Production/HJETS/ratio-plots/hjets-vbfnlo/H-N2-3-4-25gev-combine.yoda/MC_H2JETS_04_INC/jet1_mass //homes/tinghua1/Merging-Project/Production/HJETS/ratio-plots/hjets-vbfnlo/H-N2-3-4-25gev-vbfnlo-combine.yoda/MC_H2JETS_04_INC/jet1_mass //homes/tinghua1/Merging-Project/Production/HJETS/ratio-plots/hjets-vbfnlo/H-2-3-4-25gev-combine.yoda/MC_H2JETS_04_INC/jet1_mass //homes/tinghua1/Merging-Project/Production/HJETS/ratio-plots/hjets-vbfnlo/H-2-3-4-25gev-vbfnlo-combine.yoda/MC_H2JETS_04_INC/jet1_mass //homes/tinghua1/Merging-Project/Production/HJETS/ratio-plots/hjets-vbfnlo/H-2-3-25gev-combine.yoda/MC_H2JETS_04_INC/jet1_mass //homes/tinghua1/Merging-Project/Production/HJETS/ratio-plots/hjets-vbfnlo/H-2-3-25gev-vbfnlo-combine.yoda/MC_H2JETS_04_INC/jet1_mass
RatioPlotYLabel=Ratio
Scale=1000.0
XLabel=$m_{j_1}$ (GeV)
LegendAlign=r
YLabel=$ \text{d} \sigma/ \text{d}  m_{j_1}$ (fb/GeV)
Legend=1
RatioPlot=4
MainPlotSelection={"Selection":[1,2,3,4,5,6,7,8]}
RatioPlots={"RatioPlotYLabel":"","Selection":[1,2]};{"RatioPlotYLabel":"","Selection":[3,4]};{"RatioPlotYLabel":"","Selection":[5,6]};{"RatioPlotYLabel":"","Selection":[7,8]}
RatioPlotSameStyle=1
RatioPlotYMin=0.0
# END PLOT


# BEGIN SPECIAL /MC_H2JETS_04_INC/jet1_mass
\rput[tl](0.05,0.75){\parbox{5cm}{\textcolor{gray}{{\bf Herwig 7.2.0} \\ HJETS/ColorFull}}}
# END SPECIAL

# BEGIN HISTO1D //homes/tinghua1/Merging-Project/Production/HJETS/ratio-plots/hjets-vbfnlo/H-N2-N3-4-25gev-combine.yoda/MC_H2JETS_04_INC/jet1_mass
ErrorBandColor=orange
ErrorBandOpacity=0.3
ErrorBands=1
ErrorType=env
LineColor=orange
LineStyle=solid
Path=//homes/tinghua1/Merging-Project/Production/HJETS/ratio-plots/hjets-vbfnlo/H-N2-N3-4-25gev-combine.yoda/MC_H2JETS_04_INC/jet1_mass
RatioPlotSameStyle=1
Title=h(2*,3*,4)
# xlow	 xhigh	 val	 errminus	 errplus
0.000000e+00	1.000000e+00	7.740786e-01	1.754979e-01	3.589204e-01
1.000000e+00	2.000000e+00	1.206364e-01	2.503574e-02	5.427960e-02
2.000000e+00	3.000000e+00	6.649846e-02	1.135021e-02	0.000000e+00
3.000000e+00	4.000000e+00	1.947133e-01	3.016210e-02	0.000000e+00
4.000000e+00	5.000000e+00	2.293994e-01	2.027640e-02	0.000000e+00
5.000000e+00	6.000000e+00	2.372898e-01	2.008600e-02	0.000000e+00
6.000000e+00	7.000000e+00	2.302731e-01	2.981220e-02	0.000000e+00
7.000000e+00	8.000000e+00	2.059656e-01	2.992020e-02	6.756600e-03
8.000000e+00	9.000000e+00	1.764140e-01	2.699180e-02	1.276150e-02
9.000000e+00	1.000000e+01	1.497313e-01	2.737430e-02	1.201450e-02
1.000000e+01	1.100000e+01	1.243792e-01	2.425020e-02	1.712090e-02
1.100000e+01	1.200000e+01	1.048636e-01	2.033541e-02	1.608010e-02
1.200000e+01	1.300000e+01	8.617032e-02	1.906672e-02	1.716028e-02
1.300000e+01	1.400000e+01	7.268521e-02	1.662512e-02	1.231449e-02
1.400000e+01	1.500000e+01	5.987658e-02	1.337519e-02	1.219327e-02
1.500000e+01	1.600000e+01	4.985332e-02	1.085161e-02	8.863790e-03
1.600000e+01	1.700000e+01	4.235211e-02	1.034462e-02	9.577760e-03
1.700000e+01	1.800000e+01	3.846826e-02	1.126895e-02	6.560280e-03
1.800000e+01	1.900000e+01	3.069482e-02	6.937570e-03	7.392740e-03
1.900000e+01	2.000000e+01	2.628770e-02	6.593140e-03	9.213440e-03
2.000000e+01	2.100000e+01	2.287990e-02	6.782650e-03	5.519090e-03
2.100000e+01	2.200000e+01	1.992098e-02	5.862780e-03	5.101280e-03
2.200000e+01	2.300000e+01	1.670511e-02	3.989180e-03	4.088220e-03
2.300000e+01	2.400000e+01	1.432678e-02	3.483170e-03	3.560630e-03
2.400000e+01	2.500000e+01	1.254821e-02	3.360367e-03	3.222760e-03
2.500000e+01	2.600000e+01	1.096234e-02	3.158373e-03	2.322980e-03
2.600000e+01	2.700000e+01	9.509581e-03	2.652891e-03	2.211899e-03
2.700000e+01	2.800000e+01	8.142082e-03	2.377651e-03	2.923358e-03
2.800000e+01	2.900000e+01	7.407058e-03	2.126215e-03	1.750103e-03
2.900000e+01	3.000000e+01	6.454992e-03	1.977707e-03	1.861339e-03
3.000000e+01	3.100000e+01	5.167600e-03	2.881543e-03	1.973545e-03
3.100000e+01	3.200000e+01	4.963576e-03	1.346349e-03	1.338950e-03
3.200000e+01	3.300000e+01	4.487079e-03	1.523308e-03	1.102424e-03
3.300000e+01	3.400000e+01	3.834061e-03	1.120698e-03	1.005438e-03
3.400000e+01	3.500000e+01	3.167422e-03	8.502590e-04	1.036964e-03
3.500000e+01	3.600000e+01	2.746439e-03	7.630730e-04	1.348634e-03
3.600000e+01	3.700000e+01	2.601928e-03	7.353140e-04	2.097060e-04
3.700000e+01	3.800000e+01	2.463411e-03	9.033550e-04	4.020030e-04
3.800000e+01	3.900000e+01	2.012978e-03	6.895920e-04	6.333620e-04
3.900000e+01	4.000000e+01	1.653290e-03	4.713000e-04	5.661900e-04
4.000000e+01	4.100000e+01	1.470480e-03	3.681600e-04	4.639860e-04
4.100000e+01	4.200000e+01	1.446807e-03	7.436926e-04	3.392860e-04
4.200000e+01	4.300000e+01	1.170934e-03	3.418636e-04	4.522690e-04
4.300000e+01	4.400000e+01	1.132022e-03	3.127701e-04	2.475330e-04
4.400000e+01	4.500000e+01	9.056876e-04	1.688538e-04	4.024424e-04
4.500000e+01	4.600000e+01	8.947653e-04	3.117726e-04	1.802197e-04
4.600000e+01	4.700000e+01	6.134900e-04	1.734260e-05	2.302428e-04
4.700000e+01	4.800000e+01	7.040132e-04	2.547828e-04	1.597574e-04
4.800000e+01	4.900000e+01	5.548502e-04	1.165620e-04	3.080058e-04
4.900000e+01	5.000000e+01	5.618364e-04	1.233246e-04	2.097833e-04
5.000000e+01	5.100000e+01	4.383935e-04	2.012390e-05	1.726163e-04
5.100000e+01	5.200000e+01	4.413255e-04	7.848730e-05	1.847270e-04
5.200000e+01	5.300000e+01	4.344711e-04	1.099757e-04	1.028549e-04
5.300000e+01	5.400000e+01	3.635138e-04	5.329040e-05	1.339055e-04
5.400000e+01	5.500000e+01	3.747974e-04	1.079709e-04	1.178043e-04
5.500000e+01	5.600000e+01	2.941469e-04	4.596470e-05	2.395645e-04
5.600000e+01	5.700000e+01	2.906915e-04	7.633390e-05	8.458930e-05
5.700000e+01	5.800000e+01	3.034635e-04	8.444950e-05	8.775720e-05
5.800000e+01	5.900000e+01	2.974761e-04	1.071739e-04	7.189790e-05
5.900000e+01	6.000000e+01	2.655665e-04	1.012023e-04	7.920240e-05
6.000000e+01	6.100000e+01	2.188740e-04	5.605150e-05	2.058970e-05
6.100000e+01	6.200000e+01	2.055080e-04	1.295260e-05	9.485060e-05
6.200000e+01	6.300000e+01	2.384334e-04	6.798100e-05	4.775470e-05
6.300000e+01	6.400000e+01	1.685155e-04	4.778000e-05	8.195000e-06
6.400000e+01	6.500000e+01	1.519402e-04	3.084080e-05	1.291205e-04
6.500000e+01	6.600000e+01	1.416174e-05	0.000000e+00	1.897689e-04
6.600000e+01	6.700000e+01	1.400017e-04	3.795180e-05	3.231540e-05
6.700000e+01	6.800000e+01	1.235173e-04	0.000000e+00	4.216880e-05
6.800000e+01	6.900000e+01	1.165321e-04	1.787276e-05	1.026762e-04
6.900000e+01	7.000000e+01	1.295844e-04	4.173492e-05	1.813470e-05
7.000000e+01	7.100000e+01	1.308821e-04	4.002020e-05	2.732780e-05
7.100000e+01	7.200000e+01	1.307358e-04	8.186856e-05	0.000000e+00
7.200000e+01	7.300000e+01	1.138248e-04	2.245709e-05	2.562640e-05
7.300000e+01	7.400000e+01	1.686120e-04	7.142006e-05	0.000000e+00
7.400000e+01	7.500000e+01	2.270004e-04	1.540480e-04	0.000000e+00
7.500000e+01	7.600000e+01	5.648241e-05	0.000000e+00	1.140055e-04
7.600000e+01	7.700000e+01	1.610120e-04	2.793569e-04	1.736320e-05
7.700000e+01	7.800000e+01	1.388948e-04	2.018340e-05	8.852300e-06
7.800000e+01	7.900000e+01	1.849666e-04	6.524780e-05	1.994258e-04
7.900000e+01	8.000000e+01	2.154914e-04	9.459800e-06	2.144250e-04
8.000000e+01	8.100000e+01	2.509666e-04	0.000000e+00	1.405474e-04
8.100000e+01	8.200000e+01	1.928794e-04	0.000000e+00	8.833410e-05
8.200000e+01	8.300000e+01	1.888755e-04	3.173000e-05	2.841800e-05
8.300000e+01	8.400000e+01	1.426172e-04	3.310480e-05	0.000000e+00
8.400000e+01	8.500000e+01	8.429088e-05	9.859800e-06	4.225662e-05
8.500000e+01	8.600000e+01	6.776034e-05	0.000000e+00	4.289066e-05
8.600000e+01	8.700000e+01	5.429009e-05	0.000000e+00	3.270627e-05
8.700000e+01	8.800000e+01	6.362395e-05	1.583183e-05	6.688685e-05
8.800000e+01	8.900000e+01	4.596163e-05	6.370040e-06	2.566074e-05
8.900000e+01	9.000000e+01	6.623662e-05	1.439802e-05	5.483760e-06
9.000000e+01	9.100000e+01	2.608272e-04	1.971008e-04	0.000000e+00
9.100000e+01	9.200000e+01	8.350683e-05	3.149790e-06	8.415020e-06
9.200000e+01	9.300000e+01	7.594101e-05	3.301842e-05	0.000000e+00
9.300000e+01	9.400000e+01	8.769624e-05	2.325184e-05	0.000000e+00
9.400000e+01	9.500000e+01	4.678641e-05	1.603783e-05	4.318055e-05
9.500000e+01	9.600000e+01	3.004412e-05	0.000000e+00	7.018540e-06
9.600000e+01	9.700000e+01	1.710423e-05	0.000000e+00	2.162765e-05
9.700000e+01	9.800000e+01	1.983366e-05	4.630010e-06	1.721604e-05
9.800000e+01	9.900000e+01	2.162653e-05	3.890730e-06	4.937810e-06
9.900000e+01	1.000000e+02	2.290456e-05	1.153872e-05	1.238144e-05
# END HISTO1D


# BEGIN HISTO1D //homes/tinghua1/Merging-Project/Production/HJETS/ratio-plots/hjets-vbfnlo/H-N2-N3-4-25gev-vbfnlo-combine.yoda/MC_H2JETS_04_INC/jet1_mass
ErrorBandColor=red
ErrorBandOpacity=0.3
ErrorBands=1
ErrorType=env
LineColor=red
LineStyle=solid
Path=//homes/tinghua1/Merging-Project/Production/HJETS/ratio-plots/hjets-vbfnlo/H-N2-N3-4-25gev-vbfnlo-combine.yoda/MC_H2JETS_04_INC/jet1_mass
RatioPlotSameStyle=1
Title=h(2*,3*,4)-vbfnlo
# xlow	 xhigh	 val	 errminus	 errplus
0.000000e+00	1.000000e+00	8.544059e-01	4.036095e-01	0.000000e+00
1.000000e+00	2.000000e+00	9.934853e-02	4.466661e-02	0.000000e+00
2.000000e+00	3.000000e+00	4.942984e-02	8.720760e-03	0.000000e+00
3.000000e+00	4.000000e+00	1.336122e-01	1.671200e-02	6.449800e-03
4.000000e+00	5.000000e+00	1.488566e-01	4.613600e-03	1.210580e-02
5.000000e+00	6.000000e+00	1.503124e-01	0.000000e+00	1.505880e-02
6.000000e+00	7.000000e+00	1.411258e-01	0.000000e+00	1.854920e-02
7.000000e+00	8.000000e+00	1.250422e-01	0.000000e+00	2.286130e-02
8.000000e+00	9.000000e+00	1.067482e-01	0.000000e+00	2.625480e-02
9.000000e+00	1.000000e+01	8.900811e-02	0.000000e+00	2.670019e-02
1.000000e+01	1.100000e+01	7.304499e-02	0.000000e+00	2.705301e-02
1.100000e+01	1.200000e+01	6.026015e-02	0.000000e+00	2.469646e-02
1.200000e+01	1.300000e+01	4.945063e-02	0.000000e+00	2.252885e-02
1.300000e+01	1.400000e+01	4.083838e-02	0.000000e+00	1.948303e-02
1.400000e+01	1.500000e+01	3.383970e-02	0.000000e+00	1.718175e-02
1.500000e+01	1.600000e+01	2.790725e-02	0.000000e+00	1.568145e-02
1.600000e+01	1.700000e+01	2.341976e-02	0.000000e+00	1.345830e-02
1.700000e+01	1.800000e+01	1.994754e-02	0.000000e+00	1.202169e-02
1.800000e+01	1.900000e+01	1.679769e-02	0.000000e+00	9.927010e-03
1.900000e+01	2.000000e+01	1.446234e-02	0.000000e+00	8.639310e-03
2.000000e+01	2.100000e+01	1.210943e-02	0.000000e+00	7.830370e-03
2.100000e+01	2.200000e+01	1.024895e-02	0.000000e+00	7.091480e-03
2.200000e+01	2.300000e+01	8.912551e-03	0.000000e+00	6.549969e-03
2.300000e+01	2.400000e+01	7.624568e-03	0.000000e+00	5.473142e-03
2.400000e+01	2.500000e+01	6.613320e-03	0.000000e+00	4.550620e-03
2.500000e+01	2.600000e+01	5.780131e-03	0.000000e+00	4.086841e-03
2.600000e+01	2.700000e+01	4.942465e-03	0.000000e+00	3.516041e-03
2.700000e+01	2.800000e+01	4.104850e-03	0.000000e+00	3.112501e-03
2.800000e+01	2.900000e+01	3.748011e-03	0.000000e+00	2.662122e-03
2.900000e+01	3.000000e+01	3.119830e-03	0.000000e+00	2.319789e-03
3.000000e+01	3.100000e+01	2.842977e-03	0.000000e+00	1.928910e-03
3.100000e+01	3.200000e+01	2.427497e-03	0.000000e+00	1.759663e-03
3.200000e+01	3.300000e+01	2.070271e-03	0.000000e+00	1.498793e-03
3.300000e+01	3.400000e+01	1.792548e-03	0.000000e+00	1.400118e-03
3.400000e+01	3.500000e+01	1.644569e-03	0.000000e+00	1.226613e-03
3.500000e+01	3.600000e+01	1.454252e-03	0.000000e+00	1.013266e-03
3.600000e+01	3.700000e+01	1.186179e-03	0.000000e+00	9.044790e-04
3.700000e+01	3.800000e+01	1.125569e-03	0.000000e+00	6.324480e-04
3.800000e+01	3.900000e+01	9.777250e-04	0.000000e+00	5.992840e-04
3.900000e+01	4.000000e+01	8.571958e-04	0.000000e+00	6.252422e-04
4.000000e+01	4.100000e+01	7.405229e-04	0.000000e+00	6.583191e-04
4.100000e+01	4.200000e+01	6.833367e-04	0.000000e+00	4.426873e-04
4.200000e+01	4.300000e+01	5.910220e-04	0.000000e+00	3.388162e-04
4.300000e+01	4.400000e+01	4.767524e-04	0.000000e+00	4.489183e-04
4.400000e+01	4.500000e+01	5.047750e-04	0.000000e+00	3.992884e-04
4.500000e+01	4.600000e+01	4.290881e-04	0.000000e+00	2.983857e-04
4.600000e+01	4.700000e+01	3.570058e-04	0.000000e+00	2.253300e-04
4.700000e+01	4.800000e+01	3.391168e-04	0.000000e+00	2.135935e-04
4.800000e+01	4.900000e+01	3.013606e-04	0.000000e+00	1.878178e-04
4.900000e+01	5.000000e+01	2.717034e-04	0.000000e+00	1.528666e-04
5.000000e+01	5.100000e+01	2.239298e-04	0.000000e+00	2.057857e-04
5.100000e+01	5.200000e+01	2.373482e-04	0.000000e+00	1.629139e-04
5.200000e+01	5.300000e+01	2.699611e-04	5.389200e-06	6.500450e-05
5.300000e+01	5.400000e+01	2.013032e-04	0.000000e+00	1.110579e-04
5.400000e+01	5.500000e+01	1.596993e-04	0.000000e+00	8.587150e-05
5.500000e+01	5.600000e+01	1.420404e-04	0.000000e+00	2.906255e-04
5.600000e+01	5.700000e+01	1.377072e-04	0.000000e+00	6.726470e-05
5.700000e+01	5.800000e+01	1.463381e-04	0.000000e+00	7.464630e-05
5.800000e+01	5.900000e+01	1.125611e-04	0.000000e+00	1.077920e-04
5.900000e+01	6.000000e+01	1.180792e-04	0.000000e+00	4.228860e-05
6.000000e+01	6.100000e+01	9.947606e-05	0.000000e+00	5.879684e-05
6.100000e+01	6.200000e+01	1.033890e-04	0.000000e+00	7.686560e-05
6.200000e+01	6.300000e+01	8.024227e-05	4.832910e-06	3.210263e-05
6.300000e+01	6.400000e+01	5.127468e-05	0.000000e+00	5.795182e-05
6.400000e+01	6.500000e+01	7.341103e-05	0.000000e+00	2.853867e-05
6.500000e+01	6.600000e+01	8.160091e-05	0.000000e+00	8.280370e-06
6.600000e+01	6.700000e+01	6.120510e-05	2.349909e-05	1.510682e-05
6.700000e+01	6.800000e+01	6.248539e-05	3.738220e-06	2.379690e-05
6.800000e+01	6.900000e+01	5.525817e-05	0.000000e+00	2.808634e-05
6.900000e+01	7.000000e+01	6.175630e-05	1.810612e-05	3.187894e-05
7.000000e+01	7.100000e+01	4.698360e-05	0.000000e+00	1.962053e-05
7.100000e+01	7.200000e+01	3.950459e-05	0.000000e+00	4.111915e-05
7.200000e+01	7.300000e+01	3.628833e-05	3.530200e-07	1.581445e-05
7.300000e+01	7.400000e+01	4.446361e-05	7.316850e-06	1.788280e-06
7.400000e+01	7.500000e+01	4.162315e-05	1.628777e-05	0.000000e+00
7.500000e+01	7.600000e+01	3.352890e-05	0.000000e+00	2.239057e-05
7.600000e+01	7.700000e+01	3.753803e-05	0.000000e+00	1.799759e-05
7.700000e+01	7.800000e+01	2.986341e-05	1.314549e-05	6.123530e-06
7.800000e+01	7.900000e+01	1.709635e-05	0.000000e+00	1.059557e-05
7.900000e+01	8.000000e+01	2.082878e-05	0.000000e+00	8.316920e-06
8.000000e+01	8.100000e+01	2.187939e-05	0.000000e+00	1.004119e-05
8.100000e+01	8.200000e+01	4.316144e-05	3.298756e-05	0.000000e+00
8.200000e+01	8.300000e+01	1.591171e-05	0.000000e+00	2.909670e-06
8.300000e+01	8.400000e+01	1.472441e-05	1.421890e-06	8.100240e-06
8.400000e+01	8.500000e+01	1.426942e-05	0.000000e+00	5.667610e-06
8.500000e+01	8.600000e+01	1.433478e-05	2.604420e-05	1.252374e-05
8.600000e+01	8.700000e+01	1.230211e-05	0.000000e+00	1.117375e-05
8.700000e+01	8.800000e+01	1.171158e-05	0.000000e+00	4.605860e-06
8.800000e+01	8.900000e+01	6.548470e-06	1.194896e-06	1.241135e-05
8.900000e+01	9.000000e+01	7.177761e-06	0.000000e+00	6.283419e-06
9.000000e+01	9.100000e+01	1.137650e-05	0.000000e+00	2.118050e-06
9.100000e+01	9.200000e+01	9.237517e-06	0.000000e+00	3.673953e-06
9.200000e+01	9.300000e+01	8.927301e-06	0.000000e+00	4.220459e-06
9.300000e+01	9.400000e+01	9.446494e-06	1.179370e-07	9.486466e-06
9.400000e+01	9.500000e+01	7.718160e-06	0.000000e+00	4.115950e-06
9.500000e+01	9.600000e+01	8.842330e-06	6.953080e-07	1.905570e-06
9.600000e+01	9.700000e+01	7.854062e-06	3.068730e-07	9.073898e-06
9.700000e+01	9.800000e+01	9.522935e-06	0.000000e+00	3.907945e-06
9.800000e+01	9.900000e+01	6.748009e-06	1.780469e-06	1.281358e-06
9.900000e+01	1.000000e+02	5.587161e-06	0.000000e+00	7.161089e-06
# END HISTO1D


# BEGIN HISTO1D //homes/tinghua1/Merging-Project/Production/HJETS/ratio-plots/hjets-vbfnlo/H-N2-3-4-25gev-combine.yoda/MC_H2JETS_04_INC/jet1_mass
ErrorBandColor=blue
ErrorBandOpacity=0.3
ErrorBands=1
ErrorType=env
LineColor=blue
LineStyle=solid
Path=//homes/tinghua1/Merging-Project/Production/HJETS/ratio-plots/hjets-vbfnlo/H-N2-3-4-25gev-combine.yoda/MC_H2JETS_04_INC/jet1_mass
RatioPlotSameStyle=1
Title=h(2*,3,4)
# xlow	 xhigh	 val	 errminus	 errplus
0.000000e+00	1.000000e+00	7.730638e-01	1.752076e-01	3.560342e-01
1.000000e+00	2.000000e+00	1.236432e-01	2.707846e-02	5.260860e-02
2.000000e+00	3.000000e+00	6.649311e-02	1.088639e-02	0.000000e+00
3.000000e+00	4.000000e+00	1.939308e-01	2.988340e-02	0.000000e+00
4.000000e+00	5.000000e+00	2.292437e-01	2.181280e-02	0.000000e+00
5.000000e+00	6.000000e+00	2.365176e-01	2.162010e-02	0.000000e+00
6.000000e+00	7.000000e+00	2.268628e-01	2.669490e-02	0.000000e+00
7.000000e+00	8.000000e+00	2.051015e-01	2.949420e-02	7.692200e-03
8.000000e+00	9.000000e+00	1.768842e-01	2.840240e-02	1.264800e-02
9.000000e+00	1.000000e+01	1.495317e-01	2.729040e-02	1.539790e-02
1.000000e+01	1.100000e+01	1.244576e-01	2.419510e-02	1.614090e-02
1.100000e+01	1.200000e+01	1.033165e-01	2.110805e-02	1.590420e-02
1.200000e+01	1.300000e+01	8.558471e-02	1.815743e-02	1.540409e-02
1.300000e+01	1.400000e+01	7.121175e-02	1.505573e-02	1.402502e-02
1.400000e+01	1.500000e+01	5.934525e-02	1.323918e-02	1.265594e-02
1.500000e+01	1.600000e+01	4.983682e-02	1.147056e-02	1.164093e-02
1.600000e+01	1.700000e+01	4.204485e-02	1.001659e-02	1.013973e-02
1.700000e+01	1.800000e+01	3.612490e-02	8.993130e-03	8.243950e-03
1.800000e+01	1.900000e+01	3.042103e-02	7.390180e-03	7.768530e-03
1.900000e+01	2.000000e+01	2.605691e-02	6.507350e-03	7.027470e-03
2.000000e+01	2.100000e+01	2.249025e-02	5.584200e-03	5.890640e-03
2.100000e+01	2.200000e+01	1.924563e-02	4.902540e-03	5.165070e-03
2.200000e+01	2.300000e+01	1.662022e-02	4.359920e-03	4.388190e-03
2.300000e+01	2.400000e+01	1.462292e-02	4.077520e-03	3.718100e-03
2.400000e+01	2.500000e+01	1.256376e-02	3.414195e-03	3.383960e-03
2.500000e+01	2.600000e+01	1.078940e-02	2.898732e-03	3.066840e-03
2.600000e+01	2.700000e+01	9.457816e-03	2.612474e-03	2.576454e-03
2.700000e+01	2.800000e+01	8.099723e-03	2.199860e-03	2.434977e-03
2.800000e+01	2.900000e+01	7.141166e-03	1.942796e-03	1.981322e-03
2.900000e+01	3.000000e+01	6.166841e-03	1.661900e-03	1.871570e-03
3.000000e+01	3.100000e+01	5.342463e-03	1.443444e-03	1.693844e-03
3.100000e+01	3.200000e+01	4.697191e-03	1.354858e-03	1.479086e-03
3.200000e+01	3.300000e+01	4.150386e-03	1.200361e-03	1.219295e-03
3.300000e+01	3.400000e+01	3.680519e-03	1.106159e-03	1.076738e-03
3.400000e+01	3.500000e+01	3.230332e-03	9.294340e-04	9.478170e-04
3.500000e+01	3.600000e+01	2.826522e-03	8.095800e-04	9.877750e-04
3.600000e+01	3.700000e+01	2.453907e-03	6.530630e-04	8.520480e-04
3.700000e+01	3.800000e+01	2.183059e-03	6.481680e-04	6.452440e-04
3.800000e+01	3.900000e+01	1.930506e-03	5.682230e-04	5.860660e-04
3.900000e+01	4.000000e+01	1.735191e-03	5.282380e-04	5.273120e-04
4.000000e+01	4.100000e+01	1.537742e-03	4.391480e-04	4.158640e-04
4.100000e+01	4.200000e+01	1.355416e-03	4.009412e-04	4.361670e-04
4.200000e+01	4.300000e+01	1.208628e-03	3.333406e-04	3.932810e-04
4.300000e+01	4.400000e+01	1.045837e-03	3.236688e-04	3.499700e-04
4.400000e+01	4.500000e+01	9.349964e-04	2.594586e-04	3.020306e-04
4.500000e+01	4.600000e+01	8.502738e-04	2.333034e-04	3.071252e-04
4.600000e+01	4.700000e+01	7.731117e-04	2.049287e-04	2.395043e-04
4.700000e+01	4.800000e+01	6.907178e-04	2.048248e-04	2.573747e-04
4.800000e+01	4.900000e+01	5.936214e-04	1.472360e-04	2.231874e-04
4.900000e+01	5.000000e+01	5.603309e-04	1.545652e-04	2.100374e-04
5.000000e+01	5.100000e+01	5.056525e-04	1.413571e-04	1.822868e-04
5.100000e+01	5.200000e+01	4.780107e-04	1.301683e-04	1.500862e-04
5.200000e+01	5.300000e+01	4.285343e-04	1.089368e-04	1.414303e-04
5.300000e+01	5.400000e+01	3.803064e-04	1.150452e-04	9.066430e-05
5.400000e+01	5.500000e+01	3.643316e-04	1.086031e-04	1.095494e-04
5.500000e+01	5.600000e+01	3.226216e-04	8.210110e-05	5.054254e-04
5.600000e+01	5.700000e+01	2.837038e-04	6.008860e-05	1.150254e-04
5.700000e+01	5.800000e+01	2.473611e-04	5.033430e-05	1.222312e-04
5.800000e+01	5.900000e+01	2.607438e-04	8.621910e-05	8.183950e-05
5.900000e+01	6.000000e+01	2.446842e-04	6.469190e-05	6.506800e-05
6.000000e+01	6.100000e+01	2.133944e-04	4.989440e-05	1.184414e-04
6.100000e+01	6.200000e+01	1.979186e-04	5.454920e-05	6.398430e-05
6.200000e+01	6.300000e+01	1.840391e-04	3.867030e-05	6.675220e-05
6.300000e+01	6.400000e+01	1.709160e-04	5.597020e-05	5.803830e-05
6.400000e+01	6.500000e+01	1.403970e-04	1.668480e-05	8.173930e-05
6.500000e+01	6.600000e+01	1.547764e-04	4.142980e-05	7.034190e-05
6.600000e+01	6.700000e+01	1.299862e-04	2.437330e-05	5.186680e-05
6.700000e+01	6.800000e+01	1.190106e-04	4.495700e-06	5.503000e-05
6.800000e+01	6.900000e+01	1.291870e-04	3.782377e-05	2.954970e-05
6.900000e+01	7.000000e+01	1.201606e-04	3.699058e-05	4.710510e-05
7.000000e+01	7.100000e+01	1.172344e-04	3.292420e-05	4.717180e-05
7.100000e+01	7.200000e+01	1.193604e-04	3.385769e-05	3.553490e-05
7.200000e+01	7.300000e+01	1.069924e-04	2.417342e-05	4.004860e-05
7.300000e+01	7.400000e+01	1.109951e-04	2.877669e-05	2.873580e-05
7.400000e+01	7.500000e+01	1.091635e-04	3.266795e-05	4.762460e-05
7.500000e+01	7.600000e+01	1.077125e-04	3.463066e-05	6.077380e-05
7.600000e+01	7.700000e+01	1.380794e-04	4.845069e-05	7.814900e-06
7.700000e+01	7.800000e+01	1.305489e-04	2.836780e-05	3.432660e-05
7.800000e+01	7.900000e+01	1.699039e-04	4.339490e-05	3.821260e-05
7.900000e+01	8.000000e+01	1.989556e-04	0.000000e+00	5.637830e-05
8.000000e+01	8.100000e+01	2.512940e-04	0.000000e+00	6.361300e-05
8.100000e+01	8.200000e+01	2.800550e-04	3.303830e-05	4.106550e-05
8.200000e+01	8.300000e+01	1.526156e-04	2.556290e-05	8.198390e-05
8.300000e+01	8.400000e+01	1.236788e-04	2.458664e-05	3.046670e-05
8.400000e+01	8.500000e+01	8.928118e-05	3.216391e-05	6.068542e-05
8.500000e+01	8.600000e+01	7.065090e-05	1.698390e-05	3.154150e-05
8.600000e+01	8.700000e+01	7.089378e-05	2.039602e-05	1.988493e-05
8.700000e+01	8.800000e+01	6.980580e-05	2.770083e-05	1.559859e-05
8.800000e+01	8.900000e+01	6.457043e-05	2.199260e-06	2.583377e-05
8.900000e+01	9.000000e+01	5.593190e-05	5.467280e-06	2.448864e-05
9.000000e+01	9.100000e+01	7.679112e-05	8.018220e-06	6.505720e-06
9.100000e+01	9.200000e+01	1.163104e-04	3.243246e-05	0.000000e+00
9.200000e+01	9.300000e+01	7.783418e-05	2.122960e-05	1.241938e-05
9.300000e+01	9.400000e+01	6.396986e-05	1.747249e-05	1.173557e-05
9.400000e+01	9.500000e+01	5.157077e-05	1.968536e-05	1.750250e-06
9.500000e+01	9.600000e+01	3.440479e-05	8.711610e-06	3.117060e-06
9.600000e+01	9.700000e+01	3.076703e-05	7.717550e-06	1.297576e-05
9.700000e+01	9.800000e+01	2.570822e-05	1.014211e-05	6.015280e-06
9.800000e+01	9.900000e+01	3.358940e-05	1.887897e-05	0.000000e+00
9.900000e+01	1.000000e+02	1.978382e-05	5.005670e-06	1.195170e-05
# END HISTO1D


# BEGIN HISTO1D //homes/tinghua1/Merging-Project/Production/HJETS/ratio-plots/hjets-vbfnlo/H-N2-3-4-25gev-vbfnlo-combine.yoda/MC_H2JETS_04_INC/jet1_mass
ErrorBandColor=cyan
ErrorBandOpacity=0.3
ErrorBands=1
ErrorType=env
LineColor=cyan
LineStyle=solid
Path=//homes/tinghua1/Merging-Project/Production/HJETS/ratio-plots/hjets-vbfnlo/H-N2-3-4-25gev-vbfnlo-combine.yoda/MC_H2JETS_04_INC/jet1_mass
RatioPlotSameStyle=1
Title=h(2*,3,4)-vbfnlo
# xlow	 xhigh	 val	 errminus	 errplus
0.000000e+00	1.000000e+00	5.828924e-01	1.351280e-01	2.689284e-01
1.000000e+00	2.000000e+00	6.976894e-02	1.514972e-02	2.930609e-02
2.000000e+00	3.000000e+00	4.938718e-02	8.863920e-03	0.000000e+00
3.000000e+00	4.000000e+00	1.393065e-01	2.272220e-02	0.000000e+00
4.000000e+00	5.000000e+00	1.611711e-01	1.613900e-02	0.000000e+00
5.000000e+00	6.000000e+00	1.653525e-01	1.583950e-02	0.000000e+00
6.000000e+00	7.000000e+00	1.591495e-01	1.873480e-02	0.000000e+00
7.000000e+00	8.000000e+00	1.448396e-01	2.038460e-02	3.459400e-03
8.000000e+00	9.000000e+00	1.258699e-01	1.979090e-02	7.127500e-03
9.000000e+00	1.000000e+01	1.066940e-01	1.850893e-02	9.545500e-03
1.000000e+01	1.100000e+01	8.948739e-02	1.662534e-02	1.068451e-02
1.100000e+01	1.200000e+01	7.447194e-02	1.463254e-02	1.048779e-02
1.200000e+01	1.300000e+01	6.172021e-02	1.272406e-02	1.029976e-02
1.300000e+01	1.400000e+01	5.152387e-02	1.090665e-02	9.734090e-03
1.400000e+01	1.500000e+01	4.308732e-02	9.305990e-03	8.423040e-03
1.500000e+01	1.600000e+01	3.606074e-02	7.962950e-03	7.633570e-03
1.600000e+01	1.700000e+01	3.054509e-02	6.963560e-03	6.610610e-03
1.700000e+01	1.800000e+01	2.577538e-02	6.119330e-03	5.889580e-03
1.800000e+01	1.900000e+01	2.188480e-02	5.137390e-03	5.137780e-03
1.900000e+01	2.000000e+01	1.862811e-02	4.429840e-03	4.455770e-03
2.000000e+01	2.100000e+01	1.594630e-02	3.839190e-03	4.064820e-03
2.100000e+01	2.200000e+01	1.379658e-02	3.403200e-03	3.438240e-03
2.200000e+01	2.300000e+01	1.184117e-02	2.912822e-03	2.994100e-03
2.300000e+01	2.400000e+01	1.021872e-02	2.312740e-03	2.637960e-03
2.400000e+01	2.500000e+01	8.815510e-03	2.280769e-03	2.232480e-03
2.500000e+01	2.600000e+01	7.677449e-03	1.997540e-03	1.892227e-03
2.600000e+01	2.700000e+01	6.616770e-03	1.754294e-03	1.783509e-03
2.700000e+01	2.800000e+01	5.732672e-03	1.496788e-03	1.504876e-03
2.800000e+01	2.900000e+01	5.011828e-03	1.339111e-03	1.276379e-03
2.900000e+01	3.000000e+01	4.366684e-03	1.184228e-03	1.185497e-03
3.000000e+01	3.100000e+01	3.737588e-03	9.567960e-04	9.969970e-04
3.100000e+01	3.200000e+01	3.309601e-03	8.811620e-04	8.404470e-04
3.200000e+01	3.300000e+01	2.867086e-03	7.661330e-04	7.513480e-04
3.300000e+01	3.400000e+01	2.533434e-03	6.818150e-04	6.527980e-04
3.400000e+01	3.500000e+01	2.211196e-03	5.966020e-04	5.954780e-04
3.500000e+01	3.600000e+01	1.901857e-03	5.042350e-04	5.737480e-04
3.600000e+01	3.700000e+01	1.703690e-03	4.674810e-04	4.626010e-04
3.700000e+01	3.800000e+01	1.488856e-03	4.072770e-04	1.253950e-04
3.800000e+01	3.900000e+01	1.297422e-03	3.457204e-04	3.583540e-04
3.900000e+01	4.000000e+01	1.140729e-03	2.947181e-04	3.400840e-04
4.000000e+01	4.100000e+01	1.006327e-03	2.493076e-04	2.930180e-04
4.100000e+01	4.200000e+01	9.021069e-04	2.560759e-04	2.322001e-04
4.200000e+01	4.300000e+01	8.039299e-04	2.323567e-04	2.202901e-04
4.300000e+01	4.400000e+01	7.040129e-04	1.983814e-04	1.805538e-04
4.400000e+01	4.500000e+01	6.245654e-04	1.576258e-04	1.454453e-04
4.500000e+01	4.600000e+01	5.501958e-04	1.370075e-04	1.797775e-04
4.600000e+01	4.700000e+01	4.846143e-04	1.181501e-04	1.485740e-04
4.700000e+01	4.800000e+01	4.446127e-04	1.203252e-04	9.030190e-05
4.800000e+01	4.900000e+01	3.966344e-04	9.196070e-05	1.337303e-04
4.900000e+01	5.000000e+01	3.575690e-04	1.007890e-04	9.975670e-05
5.000000e+01	5.100000e+01	2.957327e-04	6.458350e-05	1.230957e-04
5.100000e+01	5.200000e+01	3.015758e-04	9.096580e-05	8.274610e-05
5.200000e+01	5.300000e+01	2.637489e-04	7.260350e-05	9.285600e-05
5.300000e+01	5.400000e+01	2.416504e-04	6.574140e-05	4.515760e-05
5.400000e+01	5.500000e+01	2.126847e-04	5.014640e-05	5.585730e-05
5.500000e+01	5.600000e+01	1.835950e-04	3.594190e-05	4.022520e-05
5.600000e+01	5.700000e+01	1.858043e-04	4.942180e-05	3.699170e-05
5.700000e+01	5.800000e+01	1.657828e-04	4.416230e-05	3.236420e-05
5.800000e+01	5.900000e+01	1.603372e-04	5.186260e-05	2.888270e-05
5.900000e+01	6.000000e+01	1.344821e-04	2.597590e-05	6.587980e-05
6.000000e+01	6.100000e+01	1.316526e-04	3.429035e-05	3.494910e-05
6.100000e+01	6.200000e+01	1.150103e-04	3.316606e-05	2.847960e-05
6.200000e+01	6.300000e+01	1.094042e-04	3.546264e-05	1.144370e-05
6.300000e+01	6.400000e+01	9.667806e-05	2.494993e-05	2.395514e-05
6.400000e+01	6.500000e+01	8.277555e-05	2.005513e-05	2.511135e-05
6.500000e+01	6.600000e+01	7.348748e-05	8.046380e-06	3.185042e-05
6.600000e+01	6.700000e+01	7.314787e-05	1.737621e-05	1.046985e-05
6.700000e+01	6.800000e+01	6.259295e-05	1.350748e-05	1.633531e-05
6.800000e+01	6.900000e+01	5.851097e-05	1.734967e-05	1.961141e-05
6.900000e+01	7.000000e+01	6.608315e-05	2.197655e-05	0.000000e+00
7.000000e+01	7.100000e+01	5.637643e-05	1.883359e-05	1.118656e-05
7.100000e+01	7.200000e+01	4.260254e-05	5.853680e-06	1.307147e-05
7.200000e+01	7.300000e+01	4.562908e-05	1.063027e-05	1.978109e-05
7.300000e+01	7.400000e+01	4.207953e-05	6.129360e-06	1.336949e-05
7.400000e+01	7.500000e+01	3.551130e-05	4.979480e-06	1.581885e-05
7.500000e+01	7.600000e+01	3.262421e-05	5.478860e-06	8.180180e-06
7.600000e+01	7.700000e+01	3.547881e-05	7.043250e-06	1.081469e-05
7.700000e+01	7.800000e+01	3.215244e-05	8.385490e-06	1.272443e-05
7.800000e+01	7.900000e+01	2.783441e-05	3.056210e-06	9.173480e-06
7.900000e+01	8.000000e+01	2.938825e-05	6.603820e-06	3.109800e-07
8.000000e+01	8.100000e+01	8.264510e-06	0.000000e+00	2.301842e-05
8.100000e+01	8.200000e+01	4.055732e-05	2.606356e-05	0.000000e+00
8.200000e+01	8.300000e+01	1.962789e-05	5.440890e-06	0.000000e+00
8.300000e+01	8.400000e+01	2.163787e-05	6.459430e-06	1.367210e-06
8.400000e+01	8.500000e+01	1.839133e-05	0.000000e+00	1.142183e-05
8.500000e+01	8.600000e+01	2.006746e-05	9.628840e-06	4.102100e-07
8.600000e+01	8.700000e+01	1.796342e-05	3.882450e-06	0.000000e+00
8.700000e+01	8.800000e+01	1.351636e-05	6.796053e-06	2.792570e-06
8.800000e+01	8.900000e+01	1.300379e-05	3.920339e-06	1.623960e-06
8.900000e+01	9.000000e+01	1.343900e-05	3.469451e-06	1.524380e-06
9.000000e+01	9.100000e+01	1.201740e-05	1.302710e-06	1.214630e-06
9.100000e+01	9.200000e+01	1.219544e-05	4.186193e-06	4.262090e-06
9.200000e+01	9.300000e+01	1.034676e-05	1.970070e-06	4.320580e-06
9.300000e+01	9.400000e+01	1.124980e-05	8.712797e-06	0.000000e+00
9.400000e+01	9.500000e+01	1.092308e-05	5.200993e-06	0.000000e+00
9.500000e+01	9.600000e+01	8.736486e-06	1.516216e-06	4.733704e-06
9.600000e+01	9.700000e+01	8.679237e-06	2.747834e-06	1.378630e-07
9.700000e+01	9.800000e+01	8.962928e-06	2.785206e-06	1.361414e-05
9.800000e+01	9.900000e+01	5.215147e-06	1.150177e-06	3.101352e-06
9.900000e+01	1.000000e+02	5.846104e-06	1.094306e-06	1.079213e-06
# END HISTO1D


# BEGIN HISTO1D //homes/tinghua1/Merging-Project/Production/HJETS/ratio-plots/hjets-vbfnlo/H-2-3-4-25gev-combine.yoda/MC_H2JETS_04_INC/jet1_mass
ErrorBandColor=yellow
ErrorBandOpacity=0.3
ErrorBands=1
ErrorType=env
LineColor=yellow
LineStyle=solid
Path=//homes/tinghua1/Merging-Project/Production/HJETS/ratio-plots/hjets-vbfnlo/H-2-3-4-25gev-combine.yoda/MC_H2JETS_04_INC/jet1_mass
RatioPlotSameStyle=1
Title=h(2,3,4)
# xlow	 xhigh	 val	 errminus	 errplus
0.000000e+00	1.000000e+00	7.459054e-01	1.646438e-01	3.239806e-01
1.000000e+00	2.000000e+00	1.146449e-01	2.638146e-02	4.940650e-02
2.000000e+00	3.000000e+00	6.375496e-02	1.034546e-02	0.000000e+00
3.000000e+00	4.000000e+00	1.860325e-01	2.905600e-02	0.000000e+00
4.000000e+00	5.000000e+00	2.183084e-01	1.960380e-02	0.000000e+00
5.000000e+00	6.000000e+00	2.252670e-01	2.355700e-02	0.000000e+00
6.000000e+00	7.000000e+00	2.160399e-01	2.840100e-02	6.619000e-04
7.000000e+00	8.000000e+00	1.944493e-01	2.980430e-02	8.817500e-03
8.000000e+00	9.000000e+00	1.678569e-01	2.954020e-02	1.364130e-02
9.000000e+00	1.000000e+01	1.414306e-01	2.756950e-02	1.636960e-02
1.000000e+01	1.100000e+01	1.178135e-01	2.475153e-02	1.728170e-02
1.100000e+01	1.200000e+01	9.706445e-02	2.137827e-02	1.738535e-02
1.200000e+01	1.300000e+01	8.041410e-02	1.856358e-02	1.594551e-02
1.300000e+01	1.400000e+01	6.676035e-02	1.589212e-02	1.448195e-02
1.400000e+01	1.500000e+01	5.534778e-02	1.344663e-02	1.338321e-02
1.500000e+01	1.600000e+01	4.634942e-02	1.150203e-02	1.157187e-02
1.600000e+01	1.700000e+01	3.905404e-02	9.937800e-03	1.044556e-02
1.700000e+01	1.800000e+01	3.303464e-02	8.571850e-03	9.097100e-03
1.800000e+01	1.900000e+01	2.811401e-02	7.470850e-03	8.046250e-03
1.900000e+01	2.000000e+01	2.393177e-02	6.427330e-03	7.018890e-03
2.000000e+01	2.100000e+01	2.057462e-02	5.704150e-03	5.997980e-03
2.100000e+01	2.200000e+01	1.758149e-02	4.824620e-03	5.326780e-03
2.200000e+01	2.300000e+01	1.511347e-02	4.162240e-03	4.649300e-03
2.300000e+01	2.400000e+01	1.308210e-02	3.808445e-03	4.066720e-03
2.400000e+01	2.500000e+01	1.130531e-02	3.248701e-03	3.466020e-03
2.500000e+01	2.600000e+01	9.749634e-03	2.883434e-03	2.987466e-03
2.600000e+01	2.700000e+01	8.434843e-03	2.470958e-03	2.610787e-03
2.700000e+01	2.800000e+01	7.444596e-03	2.296508e-03	2.283603e-03
2.800000e+01	2.900000e+01	6.339763e-03	1.849693e-03	2.072818e-03
2.900000e+01	3.000000e+01	5.545462e-03	1.687894e-03	1.698424e-03
3.000000e+01	3.100000e+01	4.765661e-03	1.452093e-03	1.598252e-03
3.100000e+01	3.200000e+01	4.158526e-03	1.229314e-03	1.374613e-03
3.200000e+01	3.300000e+01	3.697447e-03	1.156891e-03	1.182829e-03
3.300000e+01	3.400000e+01	3.203417e-03	1.029707e-03	1.056656e-03
3.400000e+01	3.500000e+01	2.752092e-03	8.207840e-04	9.552820e-04
3.500000e+01	3.600000e+01	2.423405e-03	7.341380e-04	8.852660e-04
3.600000e+01	3.700000e+01	2.123086e-03	6.182940e-04	7.097980e-04
3.700000e+01	3.800000e+01	1.895389e-03	6.099620e-04	5.581580e-04
3.800000e+01	3.900000e+01	1.635453e-03	4.947710e-04	5.894630e-04
3.900000e+01	4.000000e+01	1.469678e-03	4.549880e-04	4.794080e-04
4.000000e+01	4.100000e+01	1.273257e-03	3.772120e-04	4.683940e-04
4.100000e+01	4.200000e+01	1.128481e-03	3.445265e-04	4.279460e-04
4.200000e+01	4.300000e+01	1.027760e-03	3.301514e-04	3.063110e-04
4.300000e+01	4.400000e+01	8.986400e-04	2.962440e-04	3.319270e-04
4.400000e+01	4.500000e+01	7.758758e-04	2.211492e-04	2.910942e-04
4.500000e+01	4.600000e+01	7.021197e-04	1.980685e-04	2.455087e-04
4.600000e+01	4.700000e+01	6.311596e-04	1.901356e-04	3.074258e-04
4.700000e+01	4.800000e+01	5.337111e-04	1.418519e-04	2.585957e-04
4.800000e+01	4.900000e+01	5.062247e-04	1.482583e-04	2.000385e-04
4.900000e+01	5.000000e+01	4.638699e-04	1.300410e-04	1.846489e-04
5.000000e+01	5.100000e+01	4.048054e-04	1.084236e-04	1.779940e-04
5.100000e+01	5.200000e+01	3.781098e-04	1.229895e-04	1.448127e-04
5.200000e+01	5.300000e+01	3.475567e-04	1.099305e-04	1.261379e-04
5.300000e+01	5.400000e+01	2.969768e-04	8.603940e-05	1.322552e-04
5.400000e+01	5.500000e+01	2.835556e-04	1.242728e-04	9.773970e-05
5.500000e+01	5.600000e+01	2.558416e-04	7.029390e-05	9.701110e-05
5.600000e+01	5.700000e+01	2.407812e-04	6.637030e-05	8.963010e-05
5.700000e+01	5.800000e+01	2.019793e-04	5.588600e-05	9.407820e-05
5.800000e+01	5.900000e+01	1.861797e-04	4.033340e-05	9.012240e-05
5.900000e+01	6.000000e+01	1.757275e-04	4.405430e-05	8.195220e-05
6.000000e+01	6.100000e+01	1.753366e-04	5.340660e-05	5.482500e-05
6.100000e+01	6.200000e+01	1.605449e-04	4.408010e-05	6.767200e-05
6.200000e+01	6.300000e+01	1.422811e-04	3.022890e-05	6.095280e-05
6.300000e+01	6.400000e+01	1.417364e-04	4.460336e-05	4.703540e-05
6.400000e+01	6.500000e+01	1.146374e-04	1.995509e-05	6.132470e-05
6.500000e+01	6.600000e+01	1.216222e-04	3.059194e-05	3.967990e-05
6.600000e+01	6.700000e+01	1.059764e-04	2.385156e-05	7.685430e-05
6.700000e+01	6.800000e+01	1.046165e-04	3.558619e-05	4.045960e-05
6.800000e+01	6.900000e+01	9.425794e-05	2.860776e-05	4.283316e-05
6.900000e+01	7.000000e+01	9.909240e-05	2.860031e-05	2.839380e-05
7.000000e+01	7.100000e+01	9.015996e-05	2.430341e-05	3.472474e-05
7.100000e+01	7.200000e+01	8.817316e-05	2.734975e-05	3.915934e-05
7.200000e+01	7.300000e+01	9.181671e-05	2.469297e-05	2.421089e-05
7.300000e+01	7.400000e+01	8.710585e-05	2.747515e-05	3.360185e-05
7.400000e+01	7.500000e+01	8.261775e-05	2.370216e-05	3.618325e-05
7.500000e+01	7.600000e+01	7.739441e-05	7.440830e-06	4.676789e-05
7.600000e+01	7.700000e+01	9.014459e-05	2.893452e-05	3.621611e-05
7.700000e+01	7.800000e+01	1.048751e-04	2.863560e-05	3.269830e-05
7.800000e+01	7.900000e+01	1.141583e-04	2.091446e-05	4.685480e-05
7.900000e+01	8.000000e+01	1.555584e-04	7.801400e-06	5.819380e-05
8.000000e+01	8.100000e+01	2.296103e-04	3.168480e-05	1.990110e-05
8.100000e+01	8.200000e+01	2.491096e-04	1.120156e-04	0.000000e+00
8.200000e+01	8.300000e+01	1.088080e-04	1.190452e-05	4.690240e-05
8.300000e+01	8.400000e+01	8.827190e-05	2.822674e-05	2.824240e-05
8.400000e+01	8.500000e+01	6.266912e-05	9.486590e-06	3.430631e-05
8.500000e+01	8.600000e+01	5.906206e-05	2.448894e-05	1.424972e-05
8.600000e+01	8.700000e+01	7.990428e-05	4.796558e-05	0.000000e+00
8.700000e+01	8.800000e+01	4.816289e-05	1.367711e-05	2.002980e-05
8.800000e+01	8.900000e+01	4.658460e-05	5.036970e-06	1.933510e-05
8.900000e+01	9.000000e+01	5.027890e-05	7.666250e-06	1.105447e-05
9.000000e+01	9.100000e+01	5.639653e-05	1.146040e-05	1.970841e-05
9.100000e+01	9.200000e+01	5.876258e-05	5.088450e-06	1.590496e-05
9.200000e+01	9.300000e+01	5.896853e-05	1.260912e-05	1.541660e-05
9.300000e+01	9.400000e+01	3.786543e-05	1.489680e-06	5.261420e-06
9.400000e+01	9.500000e+01	3.197283e-05	1.556050e-05	1.001126e-05
9.500000e+01	9.600000e+01	2.548037e-05	7.508310e-06	1.288848e-05
9.600000e+01	9.700000e+01	1.600221e-05	0.000000e+00	6.839153e-05
9.700000e+01	9.800000e+01	1.942755e-05	6.964950e-06	4.491650e-06
9.800000e+01	9.900000e+01	9.086187e-06	3.221860e-07	1.099321e-05
9.900000e+01	1.000000e+02	1.255164e-05	1.486390e-06	7.785700e-06
# END HISTO1D


# BEGIN HISTO1D //homes/tinghua1/Merging-Project/Production/HJETS/ratio-plots/hjets-vbfnlo/H-2-3-4-25gev-vbfnlo-combine.yoda/MC_H2JETS_04_INC/jet1_mass
ErrorBandColor=green
ErrorBandOpacity=0.3
ErrorBands=1
ErrorType=env
LineColor=green
LineStyle=solid
Path=//homes/tinghua1/Merging-Project/Production/HJETS/ratio-plots/hjets-vbfnlo/H-2-3-4-25gev-vbfnlo-combine.yoda/MC_H2JETS_04_INC/jet1_mass
RatioPlotSameStyle=1
Title=h(2,3,4)-vbfnlo
# xlow	 xhigh	 val	 errminus	 errplus
0.000000e+00	1.000000e+00	5.940061e-01	1.254782e-01	2.482126e-01
1.000000e+00	2.000000e+00	7.158751e-02	1.533945e-02	2.867709e-02
2.000000e+00	3.000000e+00	5.015288e-02	7.722300e-03	0.000000e+00
3.000000e+00	4.000000e+00	1.423664e-01	2.041410e-02	0.000000e+00
4.000000e+00	5.000000e+00	1.642407e-01	1.643470e-02	0.000000e+00
5.000000e+00	6.000000e+00	1.683112e-01	1.988550e-02	0.000000e+00
6.000000e+00	7.000000e+00	1.618323e-01	2.308470e-02	2.626600e-03
7.000000e+00	8.000000e+00	1.468351e-01	2.411250e-02	7.984100e-03
8.000000e+00	9.000000e+00	1.276217e-01	2.343390e-02	1.123800e-02
9.000000e+00	1.000000e+01	1.081924e-01	2.162571e-02	1.332880e-02
1.000000e+01	1.100000e+01	9.070599e-02	1.932970e-02	1.396911e-02
1.100000e+01	1.200000e+01	7.522454e-02	1.670300e-02	1.377981e-02
1.200000e+01	1.300000e+01	6.261451e-02	1.455721e-02	1.293707e-02
1.300000e+01	1.400000e+01	5.221082e-02	1.256420e-02	1.173297e-02
1.400000e+01	1.500000e+01	4.357478e-02	1.070612e-02	1.055979e-02
1.500000e+01	1.600000e+01	3.665528e-02	9.287970e-03	9.401670e-03
1.600000e+01	1.700000e+01	3.086392e-02	7.933490e-03	8.285180e-03
1.700000e+01	1.800000e+01	2.614289e-02	6.870090e-03	7.372850e-03
1.800000e+01	1.900000e+01	2.224240e-02	5.965420e-03	6.472640e-03
1.900000e+01	2.000000e+01	1.897812e-02	5.116400e-03	5.660340e-03
2.000000e+01	2.100000e+01	1.629019e-02	4.469440e-03	4.942990e-03
2.100000e+01	2.200000e+01	1.403939e-02	3.906680e-03	4.294360e-03
2.200000e+01	2.300000e+01	1.208350e-02	3.423850e-03	3.773020e-03
2.300000e+01	2.400000e+01	1.037185e-02	2.913848e-03	3.332920e-03
2.400000e+01	2.500000e+01	9.014305e-03	2.603977e-03	2.865775e-03
2.500000e+01	2.600000e+01	7.759639e-03	2.263388e-03	2.540391e-03
2.600000e+01	2.700000e+01	6.751886e-03	2.000953e-03	2.218734e-03
2.700000e+01	2.800000e+01	5.902072e-03	1.759702e-03	1.869048e-03
2.800000e+01	2.900000e+01	5.093195e-03	1.513330e-03	1.690232e-03
2.900000e+01	3.000000e+01	4.447479e-03	1.361769e-03	1.460662e-03
3.000000e+01	3.100000e+01	3.887961e-03	1.193942e-03	8.899190e-04
3.100000e+01	3.200000e+01	3.375138e-03	1.027735e-03	1.135730e-03
3.200000e+01	3.300000e+01	2.912389e-03	8.815820e-04	1.063479e-03
3.300000e+01	3.400000e+01	2.577134e-03	7.969170e-04	8.671230e-04
3.400000e+01	3.500000e+01	2.249239e-03	7.018700e-04	7.829250e-04
3.500000e+01	3.600000e+01	1.981889e-03	6.140160e-04	6.796010e-04
3.600000e+01	3.700000e+01	1.727476e-03	5.423750e-04	6.041360e-04
3.700000e+01	3.800000e+01	1.527710e-03	4.812900e-04	5.163620e-04
3.800000e+01	3.900000e+01	1.323889e-03	3.911619e-04	5.007190e-04
3.900000e+01	4.000000e+01	1.176790e-03	3.729213e-04	4.440330e-04
4.000000e+01	4.100000e+01	1.058032e-03	3.350252e-04	3.788630e-04
4.100000e+01	4.200000e+01	9.109949e-04	2.702715e-04	3.280691e-04
4.200000e+01	4.300000e+01	8.243175e-04	2.705803e-04	2.748495e-04
4.300000e+01	4.400000e+01	7.041628e-04	1.993723e-04	2.944765e-04
4.400000e+01	4.500000e+01	6.465511e-04	2.027791e-04	2.207937e-04
4.500000e+01	4.600000e+01	5.752279e-04	1.732209e-04	1.963833e-04
4.600000e+01	4.700000e+01	5.093274e-04	1.535394e-04	2.251105e-04
4.700000e+01	4.800000e+01	4.569458e-04	1.423071e-04	1.878587e-04
4.800000e+01	4.900000e+01	4.156536e-04	1.219671e-04	1.562024e-04
4.900000e+01	5.000000e+01	3.720903e-04	1.141910e-04	1.297632e-04
5.000000e+01	5.100000e+01	3.341840e-04	9.828590e-05	1.237358e-04
5.100000e+01	5.200000e+01	3.075089e-04	1.022733e-04	1.091637e-04
5.200000e+01	5.300000e+01	2.706668e-04	8.509840e-05	1.035405e-04
5.300000e+01	5.400000e+01	2.485573e-04	1.061592e-04	8.851370e-05
5.400000e+01	5.500000e+01	2.270702e-04	7.191360e-05	5.327650e-05
5.500000e+01	5.600000e+01	2.070345e-04	5.977530e-05	6.830810e-05
5.600000e+01	5.700000e+01	1.883218e-04	6.099690e-05	6.618030e-05
5.700000e+01	5.800000e+01	1.640381e-04	4.320010e-05	6.594680e-05
5.800000e+01	5.900000e+01	1.520140e-04	4.153280e-05	5.358430e-05
5.900000e+01	6.000000e+01	1.388983e-04	3.934068e-05	4.842720e-05
6.000000e+01	6.100000e+01	1.280741e-04	3.500399e-05	4.557020e-05
6.100000e+01	6.200000e+01	1.195039e-04	3.749509e-05	4.092580e-05
6.200000e+01	6.300000e+01	1.041052e-04	2.198914e-05	4.185550e-05
6.300000e+01	6.400000e+01	9.890567e-05	3.226900e-05	3.349423e-05
6.400000e+01	6.500000e+01	9.941278e-05	3.382367e-05	2.216382e-05
6.500000e+01	6.600000e+01	8.104891e-05	2.021805e-05	3.106569e-05
6.600000e+01	6.700000e+01	7.760508e-05	1.935779e-05	3.734852e-05
6.700000e+01	6.800000e+01	6.563060e-05	1.794654e-05	3.112979e-05
6.800000e+01	6.900000e+01	6.443640e-05	2.048288e-05	3.188304e-05
6.900000e+01	7.000000e+01	5.713648e-05	9.870450e-06	2.264650e-05
7.000000e+01	7.100000e+01	5.366706e-05	1.110005e-05	2.206752e-05
7.100000e+01	7.200000e+01	5.314230e-05	1.569335e-05	1.730238e-05
7.200000e+01	7.300000e+01	4.843682e-05	1.232901e-05	1.841112e-05
7.300000e+01	7.400000e+01	5.302236e-05	1.984362e-05	1.020547e-05
7.400000e+01	7.500000e+01	4.532812e-05	1.695887e-05	1.295530e-05
7.500000e+01	7.600000e+01	3.569057e-05	7.089120e-06	1.093039e-05
7.600000e+01	7.700000e+01	3.672942e-05	1.108984e-05	1.370185e-05
7.700000e+01	7.800000e+01	3.477498e-05	1.431289e-05	8.671720e-06
7.800000e+01	7.900000e+01	3.372080e-05	1.051705e-05	5.731800e-06
7.900000e+01	8.000000e+01	2.656767e-05	6.590590e-06	1.520879e-05
8.000000e+01	8.100000e+01	2.546782e-05	8.408270e-06	3.861580e-06
8.100000e+01	8.200000e+01	2.519993e-05	8.274460e-06	2.512760e-06
8.200000e+01	8.300000e+01	2.366694e-05	7.851540e-06	5.879360e-06
8.300000e+01	8.400000e+01	1.865423e-05	4.596380e-06	1.271619e-05
8.400000e+01	8.500000e+01	2.002907e-05	4.666320e-06	5.087400e-06
8.500000e+01	8.600000e+01	1.958615e-05	6.532930e-06	1.489948e-05
8.600000e+01	8.700000e+01	1.670661e-05	2.772490e-06	7.083100e-06
8.700000e+01	8.800000e+01	1.563430e-05	3.063030e-06	7.885040e-06
8.800000e+01	8.900000e+01	1.511639e-05	2.972350e-06	4.515490e-06
8.900000e+01	9.000000e+01	1.207857e-05	2.169354e-06	7.733150e-06
9.000000e+01	9.100000e+01	9.467713e-06	0.000000e+00	8.789157e-06
9.100000e+01	9.200000e+01	1.387340e-05	5.810671e-06	3.401280e-06
9.200000e+01	9.300000e+01	1.188093e-05	3.546560e-06	3.358510e-06
9.300000e+01	9.400000e+01	1.035576e-05	2.694017e-06	3.599870e-06
9.400000e+01	9.500000e+01	9.952630e-06	2.239812e-06	1.807320e-06
9.500000e+01	9.600000e+01	1.028077e-05	3.891775e-06	9.879000e-07
9.600000e+01	9.700000e+01	8.623354e-06	2.758719e-06	1.983726e-06
9.700000e+01	9.800000e+01	9.072168e-06	2.301177e-06	1.434712e-06
9.800000e+01	9.900000e+01	1.260015e-05	7.184133e-06	0.000000e+00
9.900000e+01	1.000000e+02	6.751771e-06	1.012362e-06	3.882709e-06
# END HISTO1D


# BEGIN HISTO1D //homes/tinghua1/Merging-Project/Production/HJETS/ratio-plots/hjets-vbfnlo/H-2-3-25gev-combine.yoda/MC_H2JETS_04_INC/jet1_mass
ErrorBandColor=purple
ErrorBandOpacity=0.3
ErrorBands=1
ErrorType=env
LineColor=purple
LineStyle=solid
Path=//homes/tinghua1/Merging-Project/Production/HJETS/ratio-plots/hjets-vbfnlo/H-2-3-25gev-combine.yoda/MC_H2JETS_04_INC/jet1_mass
RatioPlotSameStyle=1
Title=h(2,3)
# xlow	 xhigh	 val	 errminus	 errplus
0.000000e+00	1.000000e+00	1.068797e+00	4.878895e-01	0.000000e+00
1.000000e+00	2.000000e+00	1.642541e-01	7.614158e-02	0.000000e+00
2.000000e+00	3.000000e+00	6.262675e-02	9.107090e-03	1.075180e-03
3.000000e+00	4.000000e+00	1.748678e-01	1.724570e-02	1.085140e-02
4.000000e+00	5.000000e+00	1.995733e-01	1.194600e-03	1.888900e-02
5.000000e+00	6.000000e+00	2.015497e-01	0.000000e+00	2.382790e-02
6.000000e+00	7.000000e+00	1.877972e-01	0.000000e+00	2.886600e-02
7.000000e+00	8.000000e+00	1.642543e-01	0.000000e+00	3.865880e-02
8.000000e+00	9.000000e+00	1.381104e-01	0.000000e+00	4.315130e-02
9.000000e+00	1.000000e+01	1.137151e-01	0.000000e+00	4.390600e-02
1.000000e+01	1.100000e+01	9.311114e-02	0.000000e+00	4.158366e-02
1.100000e+01	1.200000e+01	7.577547e-02	0.000000e+00	3.824073e-02
1.200000e+01	1.300000e+01	6.188953e-02	0.000000e+00	3.453836e-02
1.300000e+01	1.400000e+01	5.070094e-02	0.000000e+00	3.048493e-02
1.400000e+01	1.500000e+01	4.201077e-02	0.000000e+00	2.654237e-02
1.500000e+01	1.600000e+01	3.484412e-02	0.000000e+00	2.323463e-02
1.600000e+01	1.700000e+01	2.914545e-02	0.000000e+00	2.031878e-02
1.700000e+01	1.800000e+01	2.451726e-02	0.000000e+00	1.774001e-02
1.800000e+01	1.900000e+01	2.066161e-02	0.000000e+00	1.509499e-02
1.900000e+01	2.000000e+01	1.755144e-02	0.000000e+00	1.342425e-02
2.000000e+01	2.100000e+01	1.496599e-02	0.000000e+00	1.164161e-02
2.100000e+01	2.200000e+01	1.277996e-02	0.000000e+00	1.021411e-02
2.200000e+01	2.300000e+01	1.097231e-02	0.000000e+00	8.802710e-03
2.300000e+01	2.400000e+01	9.397902e-03	0.000000e+00	7.710178e-03
2.400000e+01	2.500000e+01	8.025892e-03	0.000000e+00	6.824798e-03
2.500000e+01	2.600000e+01	6.959806e-03	0.000000e+00	5.891134e-03
2.600000e+01	2.700000e+01	5.980452e-03	0.000000e+00	5.156598e-03
2.700000e+01	2.800000e+01	5.151756e-03	0.000000e+00	4.564061e-03
2.800000e+01	2.900000e+01	4.475193e-03	0.000000e+00	4.109126e-03
2.900000e+01	3.000000e+01	3.861543e-03	0.000000e+00	3.469340e-03
3.000000e+01	3.100000e+01	3.346959e-03	0.000000e+00	3.059263e-03
3.100000e+01	3.200000e+01	2.920729e-03	0.000000e+00	2.645745e-03
3.200000e+01	3.300000e+01	2.531682e-03	0.000000e+00	2.355926e-03
3.300000e+01	3.400000e+01	2.218835e-03	0.000000e+00	2.013901e-03
3.400000e+01	3.500000e+01	1.931093e-03	0.000000e+00	1.786408e-03
3.500000e+01	3.600000e+01	1.681813e-03	0.000000e+00	1.596028e-03
3.600000e+01	3.700000e+01	1.471945e-03	0.000000e+00	1.439728e-03
3.700000e+01	3.800000e+01	1.295533e-03	0.000000e+00	1.208204e-03
3.800000e+01	3.900000e+01	1.158338e-03	0.000000e+00	1.063197e-03
3.900000e+01	4.000000e+01	1.012262e-03	0.000000e+00	9.454270e-04
4.000000e+01	4.100000e+01	8.848738e-04	0.000000e+00	8.615212e-04
4.100000e+01	4.200000e+01	7.856455e-04	0.000000e+00	7.779335e-04
4.200000e+01	4.300000e+01	6.940475e-04	0.000000e+00	6.825555e-04
4.300000e+01	4.400000e+01	6.223034e-04	0.000000e+00	5.891056e-04
4.400000e+01	4.500000e+01	5.456569e-04	0.000000e+00	5.397611e-04
4.500000e+01	4.600000e+01	4.981057e-04	0.000000e+00	4.654643e-04
4.600000e+01	4.700000e+01	4.461859e-04	0.000000e+00	4.126043e-04
4.700000e+01	4.800000e+01	3.912109e-04	0.000000e+00	3.846051e-04
4.800000e+01	4.900000e+01	3.497406e-04	0.000000e+00	3.536483e-04
4.900000e+01	5.000000e+01	3.133656e-04	0.000000e+00	3.135790e-04
5.000000e+01	5.100000e+01	2.869677e-04	0.000000e+00	2.901758e-04
5.100000e+01	5.200000e+01	2.734407e-04	0.000000e+00	2.403674e-04
5.200000e+01	5.300000e+01	2.349749e-04	0.000000e+00	2.255206e-04
5.300000e+01	5.400000e+01	2.152803e-04	0.000000e+00	2.073101e-04
5.400000e+01	5.500000e+01	1.965791e-04	0.000000e+00	1.915778e-04
5.500000e+01	5.600000e+01	1.838478e-04	0.000000e+00	1.616196e-04
5.600000e+01	5.700000e+01	1.649337e-04	0.000000e+00	1.538971e-04
5.700000e+01	5.800000e+01	1.490100e-04	0.000000e+00	1.465524e-04
5.800000e+01	5.900000e+01	1.419035e-04	0.000000e+00	1.265613e-04
5.900000e+01	6.000000e+01	1.279798e-04	0.000000e+00	1.166002e-04
6.000000e+01	6.100000e+01	1.179810e-04	0.000000e+00	1.171766e-04
6.100000e+01	6.200000e+01	1.096801e-04	0.000000e+00	1.000288e-04
6.200000e+01	6.300000e+01	9.956363e-05	0.000000e+00	9.556877e-05
6.300000e+01	6.400000e+01	9.282684e-05	0.000000e+00	8.908666e-05
6.400000e+01	6.500000e+01	8.924088e-05	0.000000e+00	7.510752e-05
6.500000e+01	6.600000e+01	7.983420e-05	0.000000e+00	7.643460e-05
6.600000e+01	6.700000e+01	7.509893e-05	0.000000e+00	7.026677e-05
6.700000e+01	6.800000e+01	6.941035e-05	0.000000e+00	7.099545e-05
6.800000e+01	6.900000e+01	6.850316e-05	0.000000e+00	3.866714e-05
6.900000e+01	7.000000e+01	6.431073e-05	0.000000e+00	5.670177e-05
7.000000e+01	7.100000e+01	6.311158e-05	0.000000e+00	5.266172e-05
7.100000e+01	7.200000e+01	5.910444e-05	0.000000e+00	5.624576e-05
7.200000e+01	7.300000e+01	5.928272e-05	0.000000e+00	5.251628e-05
7.300000e+01	7.400000e+01	5.491232e-05	0.000000e+00	5.413208e-05
7.400000e+01	7.500000e+01	5.582132e-05	0.000000e+00	5.727268e-05
7.500000e+01	7.600000e+01	6.024146e-05	0.000000e+00	4.679544e-05
7.600000e+01	7.700000e+01	6.040961e-05	0.000000e+00	5.164569e-05
7.700000e+01	7.800000e+01	7.092678e-05	0.000000e+00	5.009662e-05
7.800000e+01	7.900000e+01	8.567752e-05	0.000000e+00	5.388708e-05
7.900000e+01	8.000000e+01	1.247405e-04	0.000000e+00	4.566540e-05
8.000000e+01	8.100000e+01	1.816918e-04	0.000000e+00	4.178210e-05
8.100000e+01	8.200000e+01	1.410851e-04	0.000000e+00	5.700470e-05
8.200000e+01	8.300000e+01	8.551951e-05	0.000000e+00	5.252519e-05
8.300000e+01	8.400000e+01	5.910346e-05	0.000000e+00	4.469104e-05
8.400000e+01	8.500000e+01	4.342322e-05	0.000000e+00	3.590052e-05
8.500000e+01	8.600000e+01	3.542114e-05	0.000000e+00	3.249154e-05
8.600000e+01	8.700000e+01	3.137229e-05	0.000000e+00	2.963288e-05
8.700000e+01	8.800000e+01	3.082956e-05	0.000000e+00	2.714536e-05
8.800000e+01	8.900000e+01	3.043829e-05	0.000000e+00	2.391583e-05
8.900000e+01	9.000000e+01	3.439509e-05	0.000000e+00	2.143050e-05
9.000000e+01	9.100000e+01	4.330023e-05	0.000000e+00	1.789160e-05
9.100000e+01	9.200000e+01	5.051912e-05	0.000000e+00	1.908736e-05
9.200000e+01	9.300000e+01	3.729825e-05	0.000000e+00	2.089285e-05
9.300000e+01	9.400000e+01	2.577803e-05	0.000000e+00	1.835183e-05
9.400000e+01	9.500000e+01	1.967692e-05	0.000000e+00	1.527235e-05
9.500000e+01	9.600000e+01	1.622202e-05	0.000000e+00	1.200261e-05
9.600000e+01	9.700000e+01	1.183727e-05	0.000000e+00	1.231539e-05
9.700000e+01	9.800000e+01	1.063293e-05	0.000000e+00	1.090899e-05
9.800000e+01	9.900000e+01	8.802005e-06	0.000000e+00	1.002191e-05
9.900000e+01	1.000000e+02	8.251082e-06	0.000000e+00	7.679048e-06
# END HISTO1D


# BEGIN HISTO1D //homes/tinghua1/Merging-Project/Production/HJETS/ratio-plots/hjets-vbfnlo/H-2-3-25gev-vbfnlo-combine.yoda/MC_H2JETS_04_INC/jet1_mass
ErrorBandColor=violet
ErrorBandOpacity=0.3
ErrorBands=1
ErrorType=env
LineColor=violet
LineStyle=solid
Path=//homes/tinghua1/Merging-Project/Production/HJETS/ratio-plots/hjets-vbfnlo/H-2-3-25gev-vbfnlo-combine.yoda/MC_H2JETS_04_INC/jet1_mass
RatioPlotSameStyle=1
Title=h(2,3)-vbfnlo
# xlow	 xhigh	 val	 errminus	 errplus
0.000000e+00	1.000000e+00	4.682496e-01	0.000000e+00	3.737376e-01
1.000000e+00	2.000000e+00	5.624081e-02	0.000000e+00	4.404369e-02
2.000000e+00	3.000000e+00	4.233884e-02	0.000000e+00	7.903270e-03
3.000000e+00	4.000000e+00	1.219910e-01	0.000000e+00	2.029500e-02
4.000000e+00	5.000000e+00	1.511863e-01	3.374800e-03	1.297460e-02
5.000000e+00	6.000000e+00	1.639708e-01	1.578810e-02	4.340900e-03
6.000000e+00	7.000000e+00	1.644500e-01	2.578130e-02	0.000000e+00
7.000000e+00	8.000000e+00	1.544875e-01	3.184690e-02	0.000000e+00
8.000000e+00	9.000000e+00	1.389831e-01	3.478040e-02	0.000000e+00
9.000000e+00	1.000000e+01	1.214057e-01	3.484005e-02	0.000000e+00
1.000000e+01	1.100000e+01	1.045386e-01	3.322100e-02	0.000000e+00
1.100000e+01	1.200000e+01	8.908259e-02	3.051328e-02	0.000000e+00
1.200000e+01	1.300000e+01	7.548456e-02	2.739108e-02	0.000000e+00
1.300000e+01	1.400000e+01	6.386514e-02	2.419850e-02	0.000000e+00
1.400000e+01	1.500000e+01	5.426149e-02	2.135609e-02	0.000000e+00
1.500000e+01	1.600000e+01	4.609814e-02	1.870567e-02	0.000000e+00
1.600000e+01	1.700000e+01	3.922975e-02	1.624535e-02	0.000000e+00
1.700000e+01	1.800000e+01	3.351147e-02	1.420819e-02	0.000000e+00
1.800000e+01	1.900000e+01	2.875283e-02	1.241455e-02	0.000000e+00
1.900000e+01	2.000000e+01	2.470872e-02	1.081435e-02	0.000000e+00
2.000000e+01	2.100000e+01	2.123099e-02	9.411300e-03	0.000000e+00
2.100000e+01	2.200000e+01	1.831373e-02	8.219010e-03	0.000000e+00
2.200000e+01	2.300000e+01	1.587683e-02	7.215214e-03	0.000000e+00
2.300000e+01	2.400000e+01	1.372968e-02	6.282414e-03	0.000000e+00
2.400000e+01	2.500000e+01	1.190778e-02	5.505295e-03	0.000000e+00
2.500000e+01	2.600000e+01	1.036180e-02	4.845419e-03	0.000000e+00
2.600000e+01	2.700000e+01	8.996755e-03	4.194594e-03	0.000000e+00
2.700000e+01	2.800000e+01	7.809236e-03	3.665388e-03	0.000000e+00
2.800000e+01	2.900000e+01	6.803344e-03	3.214942e-03	0.000000e+00
2.900000e+01	3.000000e+01	5.943243e-03	2.824530e-03	0.000000e+00
3.000000e+01	3.100000e+01	5.191304e-03	2.484463e-03	0.000000e+00
3.100000e+01	3.200000e+01	4.527369e-03	2.169389e-03	0.000000e+00
3.200000e+01	3.300000e+01	3.879418e-03	1.829639e-03	0.000000e+00
3.300000e+01	3.400000e+01	3.468287e-03	1.690166e-03	0.000000e+00
3.400000e+01	3.500000e+01	3.056855e-03	1.497241e-03	0.000000e+00
3.500000e+01	3.600000e+01	2.686036e-03	1.317214e-03	0.000000e+00
3.600000e+01	3.700000e+01	2.342554e-03	1.140020e-03	0.000000e+00
3.700000e+01	3.800000e+01	2.075890e-03	1.017821e-03	0.000000e+00
3.800000e+01	3.900000e+01	1.831526e-03	9.037707e-04	0.000000e+00
3.900000e+01	4.000000e+01	1.614971e-03	7.989361e-04	0.000000e+00
4.000000e+01	4.100000e+01	1.437398e-03	7.138017e-04	0.000000e+00
4.100000e+01	4.200000e+01	1.272186e-03	6.354737e-04	0.000000e+00
4.200000e+01	4.300000e+01	1.131554e-03	5.657416e-04	0.000000e+00
4.300000e+01	4.400000e+01	1.004007e-03	4.969829e-04	0.000000e+00
4.400000e+01	4.500000e+01	8.895719e-04	4.416708e-04	0.000000e+00
4.500000e+01	4.600000e+01	8.024017e-04	4.035427e-04	0.000000e+00
4.600000e+01	4.700000e+01	7.186430e-04	3.596067e-04	0.000000e+00
4.700000e+01	4.800000e+01	6.404464e-04	3.168628e-04	0.000000e+00
4.800000e+01	4.900000e+01	5.741309e-04	2.846878e-04	0.000000e+00
4.900000e+01	5.000000e+01	5.135073e-04	2.499322e-04	0.000000e+00
5.000000e+01	5.100000e+01	4.627544e-04	2.294520e-04	0.000000e+00
5.100000e+01	5.200000e+01	4.202936e-04	2.072283e-04	0.000000e+00
5.200000e+01	5.300000e+01	3.764907e-04	1.848531e-04	0.000000e+00
5.300000e+01	5.400000e+01	3.412505e-04	1.659401e-04	0.000000e+00
5.400000e+01	5.500000e+01	3.063669e-04	1.494157e-04	0.000000e+00
5.500000e+01	5.600000e+01	2.841893e-04	1.407775e-04	0.000000e+00
5.600000e+01	5.700000e+01	2.564593e-04	1.248265e-04	0.000000e+00
5.700000e+01	5.800000e+01	2.325711e-04	1.157764e-04	0.000000e+00
5.800000e+01	5.900000e+01	2.105508e-04	1.035898e-04	0.000000e+00
5.900000e+01	6.000000e+01	1.921118e-04	9.337640e-05	0.000000e+00
6.000000e+01	6.100000e+01	1.744560e-04	8.311470e-05	0.000000e+00
6.100000e+01	6.200000e+01	1.598010e-04	7.625307e-05	0.000000e+00
6.200000e+01	6.300000e+01	1.508337e-04	7.436198e-05	0.000000e+00
6.300000e+01	6.400000e+01	1.341522e-04	6.274995e-05	0.000000e+00
6.400000e+01	6.500000e+01	1.259985e-04	6.185379e-05	0.000000e+00
6.500000e+01	6.600000e+01	1.151748e-04	5.761535e-05	0.000000e+00
6.600000e+01	6.700000e+01	1.041909e-04	4.758251e-05	0.000000e+00
6.700000e+01	6.800000e+01	9.815866e-05	4.902220e-05	0.000000e+00
6.800000e+01	6.900000e+01	8.951787e-05	4.177576e-05	0.000000e+00
6.900000e+01	7.000000e+01	8.178269e-05	4.007186e-05	0.000000e+00
7.000000e+01	7.100000e+01	7.397131e-05	3.422093e-05	0.000000e+00
7.100000e+01	7.200000e+01	6.945476e-05	3.297450e-05	0.000000e+00
7.200000e+01	7.300000e+01	6.425185e-05	3.157862e-05	0.000000e+00
7.300000e+01	7.400000e+01	5.800470e-05	2.694687e-05	0.000000e+00
7.400000e+01	7.500000e+01	5.533789e-05	2.682287e-05	0.000000e+00
7.500000e+01	7.600000e+01	4.949629e-05	2.369882e-05	0.000000e+00
7.600000e+01	7.700000e+01	4.630220e-05	2.169141e-05	0.000000e+00
7.700000e+01	7.800000e+01	4.287653e-05	1.995608e-05	0.000000e+00
7.800000e+01	7.900000e+01	4.073787e-05	1.950248e-05	0.000000e+00
7.900000e+01	8.000000e+01	3.617991e-05	1.535428e-05	0.000000e+00
8.000000e+01	8.100000e+01	3.420019e-05	1.666042e-05	0.000000e+00
8.100000e+01	8.200000e+01	3.009324e-05	1.333208e-05	0.000000e+00
8.200000e+01	8.300000e+01	3.086758e-05	1.476142e-05	0.000000e+00
8.300000e+01	8.400000e+01	2.679125e-05	1.211160e-05	0.000000e+00
8.400000e+01	8.500000e+01	2.550601e-05	1.184053e-05	0.000000e+00
8.500000e+01	8.600000e+01	2.395506e-05	1.118680e-05	0.000000e+00
8.600000e+01	8.700000e+01	2.190339e-05	1.036024e-05	0.000000e+00
8.700000e+01	8.800000e+01	2.191563e-05	1.111162e-05	0.000000e+00
8.800000e+01	8.900000e+01	2.044953e-05	1.005331e-05	0.000000e+00
8.900000e+01	9.000000e+01	1.919522e-05	9.410718e-06	0.000000e+00
9.000000e+01	9.100000e+01	1.739308e-05	8.087667e-06	0.000000e+00
9.100000e+01	9.200000e+01	1.631119e-05	8.055243e-06	0.000000e+00
9.200000e+01	9.300000e+01	1.504509e-05	7.072343e-06	0.000000e+00
9.300000e+01	9.400000e+01	1.380381e-05	7.045596e-06	0.000000e+00
9.400000e+01	9.500000e+01	1.340641e-05	6.714152e-06	0.000000e+00
9.500000e+01	9.600000e+01	1.254299e-05	6.421981e-06	0.000000e+00
9.600000e+01	9.700000e+01	1.143128e-05	5.280748e-06	0.000000e+00
9.700000e+01	9.800000e+01	1.094085e-05	5.590182e-06	0.000000e+00
9.800000e+01	9.900000e+01	9.372186e-06	4.518460e-06	0.000000e+00
9.900000e+01	1.000000e+02	1.001824e-05	4.780600e-06	0.000000e+00
# END HISTO1D

