# BEGIN PLOT
Rebin=2
DrawOnly=//homes/tinghua1/Merging-Project/Production/HJETS/ratio-plots/hjets-vbfnlo/H-N2-N3-4-25gev-combine.yoda/MC_H2JETS_04_INC/jet2_mass //homes/tinghua1/Merging-Project/Production/HJETS/ratio-plots/hjets-vbfnlo/H-N2-N3-4-25gev-vbfnlo-combine.yoda/MC_H2JETS_04_INC/jet2_mass //homes/tinghua1/Merging-Project/Production/HJETS/ratio-plots/hjets-vbfnlo/H-N2-3-4-25gev-combine.yoda/MC_H2JETS_04_INC/jet2_mass //homes/tinghua1/Merging-Project/Production/HJETS/ratio-plots/hjets-vbfnlo/H-N2-3-4-25gev-vbfnlo-combine.yoda/MC_H2JETS_04_INC/jet2_mass //homes/tinghua1/Merging-Project/Production/HJETS/ratio-plots/hjets-vbfnlo/H-2-3-4-25gev-combine.yoda/MC_H2JETS_04_INC/jet2_mass //homes/tinghua1/Merging-Project/Production/HJETS/ratio-plots/hjets-vbfnlo/H-2-3-4-25gev-vbfnlo-combine.yoda/MC_H2JETS_04_INC/jet2_mass //homes/tinghua1/Merging-Project/Production/HJETS/ratio-plots/hjets-vbfnlo/H-2-3-25gev-combine.yoda/MC_H2JETS_04_INC/jet2_mass //homes/tinghua1/Merging-Project/Production/HJETS/ratio-plots/hjets-vbfnlo/H-2-3-25gev-vbfnlo-combine.yoda/MC_H2JETS_04_INC/jet2_mass
RightMargin=0.5
RatioPlotReference=//homes/tinghua1/Merging-Project/Production/HJETS/ratio-plots/hjets-vbfnlo/H-N2-N3-4-25gev-combine.yoda/MC_H2JETS_04_INC/jet2_mass
#RatioPlot=1
LogY=1
RatioPlotYMax=3.0
#LegendOnly=//homes/tinghua1/Merging-Project/Production/HJETS/ratio-plots/hjets-vbfnlo/H-N2-N3-4-25gev-combine.yoda/MC_H2JETS_04_INC/jet2_mass //homes/tinghua1/Merging-Project/Production/HJETS/ratio-plots/hjets-vbfnlo/H-N2-N3-4-25gev-vbfnlo-combine.yoda/MC_H2JETS_04_INC/jet2_mass //homes/tinghua1/Merging-Project/Production/HJETS/ratio-plots/hjets-vbfnlo/H-N2-3-4-25gev-combine.yoda/MC_H2JETS_04_INC/jet2_mass //homes/tinghua1/Merging-Project/Production/HJETS/ratio-plots/hjets-vbfnlo/H-N2-3-4-25gev-vbfnlo-combine.yoda/MC_H2JETS_04_INC/jet2_mass //homes/tinghua1/Merging-Project/Production/HJETS/ratio-plots/hjets-vbfnlo/H-2-3-4-25gev-combine.yoda/MC_H2JETS_04_INC/jet2_mass //homes/tinghua1/Merging-Project/Production/HJETS/ratio-plots/hjets-vbfnlo/H-2-3-4-25gev-vbfnlo-combine.yoda/MC_H2JETS_04_INC/jet2_mass //homes/tinghua1/Merging-Project/Production/HJETS/ratio-plots/hjets-vbfnlo/H-2-3-25gev-combine.yoda/MC_H2JETS_04_INC/jet2_mass //homes/tinghua1/Merging-Project/Production/HJETS/ratio-plots/hjets-vbfnlo/H-2-3-25gev-vbfnlo-combine.yoda/MC_H2JETS_04_INC/jet2_mass
RatioPlotYLabel=Ratio
Scale=1000.0
XLabel=$m_{j_2}$ (GeV)
LegendAlign=r
YLabel=$ \text{d} \sigma/ \text{d}  m_{j_2}$ (fb/GeV)
Legend=1
RatioPlot=4
MainPlotSelection={"Selection":[1,2,3,4,5,6,7,8]}
RatioPlots={"RatioPlotYLabel":"","Selection":[1,2]};{"RatioPlotYLabel":"","Selection":[3,4]};{"RatioPlotYLabel":"","Selection":[5,6]};{"RatioPlotYLabel":"","Selection":[7,8]}
RatioPlotSameStyle=1
RatioPlotYMin=0.0
# END PLOT


# BEGIN SPECIAL /MC_H2JETS_04_INC/jet2_mass
\rput[tl](0.05,0.75){\parbox{5cm}{\textcolor{gray}{{\bf Herwig 7.2.0} \\ HJETS/ColorFull}}}
# END SPECIAL

# BEGIN HISTO1D //homes/tinghua1/Merging-Project/Production/HJETS/ratio-plots/hjets-vbfnlo/H-N2-N3-4-25gev-combine.yoda/MC_H2JETS_04_INC/jet2_mass
ErrorBandColor=orange
ErrorBandOpacity=0.3
ErrorBands=1
ErrorType=env
LineColor=orange
LineStyle=solid
Path=//homes/tinghua1/Merging-Project/Production/HJETS/ratio-plots/hjets-vbfnlo/H-N2-N3-4-25gev-combine.yoda/MC_H2JETS_04_INC/jet2_mass
RatioPlotSameStyle=1
Title=h(2*,3*,4)
# xlow	 xhigh	 val	 errminus	 errplus
0.000000e+00	1.000000e+00	1.118912e+00	1.899933e-01	3.661460e-01
1.000000e+00	2.000000e+00	1.778077e-01	2.757870e-02	4.635770e-02
2.000000e+00	3.000000e+00	1.086791e-01	1.069922e-02	0.000000e+00
3.000000e+00	4.000000e+00	3.033035e-01	3.450050e-02	0.000000e+00
4.000000e+00	5.000000e+00	3.432354e-01	4.891680e-02	0.000000e+00
5.000000e+00	6.000000e+00	2.876203e-01	4.459530e-02	1.573710e-02
6.000000e+00	7.000000e+00	2.219805e-01	4.482340e-02	1.979530e-02
7.000000e+00	8.000000e+00	1.621049e-01	3.779290e-02	2.010990e-02
8.000000e+00	9.000000e+00	1.160724e-01	2.831558e-02	2.036180e-02
9.000000e+00	1.000000e+01	8.262830e-02	2.087989e-02	1.861210e-02
1.000000e+01	1.100000e+01	6.120399e-02	1.461317e-02	1.423565e-02
1.100000e+01	1.200000e+01	4.545356e-02	1.249635e-02	1.161536e-02
1.200000e+01	1.300000e+01	3.467998e-02	9.677720e-03	6.408820e-03
1.300000e+01	1.400000e+01	2.686593e-02	7.704050e-03	5.782620e-03
1.400000e+01	1.500000e+01	2.306198e-02	8.334970e-03	4.580550e-03
1.500000e+01	1.600000e+01	1.711287e-02	5.393270e-03	4.248640e-03
1.600000e+01	1.700000e+01	1.388677e-02	4.489292e-03	4.019730e-03
1.700000e+01	1.800000e+01	1.124178e-02	4.128744e-03	3.308450e-03
1.800000e+01	1.900000e+01	8.156895e-03	2.058715e-03	3.293435e-03
1.900000e+01	2.000000e+01	7.066615e-03	2.345401e-03	2.814161e-03
2.000000e+01	2.100000e+01	5.447796e-03	1.906603e-03	2.236876e-03
2.100000e+01	2.200000e+01	4.566635e-03	1.620209e-03	1.737681e-03
2.200000e+01	2.300000e+01	2.631906e-03	0.000000e+00	2.150596e-03
2.300000e+01	2.400000e+01	2.946258e-03	1.046540e-03	1.032316e-03
2.400000e+01	2.500000e+01	2.281170e-03	7.703550e-04	9.907540e-04
2.500000e+01	2.600000e+01	1.956499e-03	7.901990e-04	6.794520e-04
2.600000e+01	2.700000e+01	1.672645e-03	6.868381e-04	4.267030e-04
2.700000e+01	2.800000e+01	1.202565e-03	3.243037e-04	5.952260e-04
2.800000e+01	2.900000e+01	1.078217e-03	4.433738e-04	1.727980e-04
2.900000e+01	3.000000e+01	9.159487e-04	2.518431e-04	3.964823e-04
3.000000e+01	3.100000e+01	6.952790e-04	2.697618e-04	3.083630e-04
3.100000e+01	3.200000e+01	5.741313e-04	1.955433e-04	2.729470e-04
3.200000e+01	3.300000e+01	4.603125e-04	2.063663e-04	2.823918e-04
3.300000e+01	3.400000e+01	3.638738e-04	1.250472e-04	1.959793e-04
3.400000e+01	3.500000e+01	3.993529e-04	1.823994e-04	0.000000e+00
3.500000e+01	3.600000e+01	2.699763e-04	1.359801e-04	6.699670e-05
3.600000e+01	3.700000e+01	1.978220e-04	3.902480e-05	1.432994e-04
3.700000e+01	3.800000e+01	1.987338e-04	6.196020e-05	1.160547e-04
3.800000e+01	3.900000e+01	1.639798e-04	5.726390e-05	6.392490e-05
3.900000e+01	4.000000e+01	1.622481e-04	8.983443e-05	4.727180e-05
4.000000e+01	4.100000e+01	1.517508e-04	8.234932e-05	4.977950e-05
4.100000e+01	4.200000e+01	6.421693e-05	0.000000e+00	1.023493e-04
4.200000e+01	4.300000e+01	9.989244e-05	6.840181e-05	4.470060e-06
4.300000e+01	4.400000e+01	1.265423e-04	1.428949e-04	7.959700e-06
4.400000e+01	4.500000e+01	6.927832e-05	3.990552e-05	1.951236e-05
4.500000e+01	4.600000e+01	8.234697e-05	3.417342e-05	4.655453e-05
4.600000e+01	4.700000e+01	4.800907e-05	1.959640e-05	1.928468e-05
4.700000e+01	4.800000e+01	4.528120e-05	2.802966e-05	4.442319e-05
4.800000e+01	4.900000e+01	9.651127e-05	6.851001e-05	0.000000e+00
4.900000e+01	5.000000e+01	4.228521e-05	1.763422e-05	1.326763e-05
5.000000e+01	5.100000e+01	3.611149e-05	1.928787e-05	2.983200e-07
5.100000e+01	5.200000e+01	3.467573e-05	9.969300e-06	6.947420e-06
5.200000e+01	5.300000e+01	3.323620e-05	7.487800e-06	2.195262e-05
5.300000e+01	5.400000e+01	2.825226e-05	2.958090e-06	9.477220e-06
5.400000e+01	5.500000e+01	2.569419e-05	9.104000e-06	0.000000e+00
5.500000e+01	5.600000e+01	3.916487e-06	0.000000e+00	2.975537e-05
5.600000e+01	5.700000e+01	2.430111e-05	9.039100e-06	2.828010e-06
5.700000e+01	5.800000e+01	2.246376e-05	1.470431e-05	4.895320e-06
5.800000e+01	5.900000e+01	4.788338e-06	0.000000e+00	2.456218e-05
5.900000e+01	6.000000e+01	1.563292e-05	4.094860e-06	6.721360e-06
6.000000e+01	6.100000e+01	1.320057e-05	6.270156e-06	1.145671e-05
6.100000e+01	6.200000e+01	1.502681e-05	5.442743e-06	9.092990e-06
6.200000e+01	6.300000e+01	2.943333e-05	1.806966e-05	5.311920e-06
6.300000e+01	6.400000e+01	1.378272e-05	4.629145e-06	2.038747e-05
6.400000e+01	6.500000e+01	2.048804e-05	1.810702e-05	3.137140e-06
6.500000e+01	6.600000e+01	1.011890e-05	5.777552e-06	1.363288e-05
6.600000e+01	6.700000e+01	1.089427e-05	6.567549e-06	3.528230e-06
6.700000e+01	6.800000e+01	-7.689191e-06	0.000000e+00	1.613882e-05
6.800000e+01	6.900000e+01	-8.365867e-06	0.000000e+00	1.795978e-05
6.900000e+01	7.000000e+01	1.599019e-05	1.144826e-05	0.000000e+00
7.000000e+01	7.100000e+01	3.968508e-06	0.000000e+00	1.201108e-06
7.100000e+01	7.200000e+01	2.418548e-05	1.983036e-05	0.000000e+00
7.200000e+01	7.300000e+01	8.017963e-06	2.803843e-06	0.000000e+00
7.300000e+01	7.400000e+01	1.173377e-05	1.014844e-05	2.067784e-05
7.400000e+01	7.500000e+01	9.835384e-06	1.485260e-05	0.000000e+00
7.500000e+01	7.600000e+01	4.777374e-06	1.833090e-06	6.650286e-06
7.600000e+01	7.700000e+01	9.714081e-06	4.232139e-06	0.000000e+00
7.700000e+01	7.800000e+01	7.968978e-06	8.920810e-07	3.130802e-06
7.800000e+01	7.900000e+01	1.536984e-05	7.946485e-06	0.000000e+00
7.900000e+01	8.000000e+01	2.395967e-05	2.287380e-05	0.000000e+00
8.000000e+01	8.100000e+01	1.374348e-05	0.000000e+00	8.187809e-05
8.100000e+01	8.200000e+01	9.477147e-06	0.000000e+00	8.954133e-06
8.200000e+01	8.300000e+01	9.022255e-06	0.000000e+00	2.666005e-06
8.300000e+01	8.400000e+01	4.686506e-06	0.000000e+00	4.454691e-06
8.400000e+01	8.500000e+01	1.470313e-05	1.119418e-05	2.578790e-06
8.500000e+01	8.600000e+01	6.101799e-06	2.362471e-06	0.000000e+00
8.600000e+01	8.700000e+01	2.541012e-06	4.705300e-08	4.871073e-06
8.700000e+01	8.800000e+01	6.126805e-06	3.412455e-06	0.000000e+00
8.800000e+01	8.900000e+01	3.612818e-06	5.037926e-06	9.804860e-07
8.900000e+01	9.000000e+01	5.755045e-06	6.920880e-07	0.000000e+00
9.000000e+01	9.100000e+01	5.965262e-06	1.325134e-06	2.583290e-07
9.100000e+01	9.200000e+01	1.325193e-06	0.000000e+00	4.489975e-06
9.200000e+01	9.300000e+01	6.230705e-06	2.519357e-06	2.717615e-06
9.300000e+01	9.400000e+01	3.473432e-06	1.340532e-05	0.000000e+00
9.400000e+01	9.500000e+01	2.292228e-06	0.000000e+00	1.580560e-06
9.500000e+01	9.600000e+01	2.067032e-06	1.588148e-06	0.000000e+00
9.600000e+01	9.700000e+01	2.424570e-06	7.930210e-07	6.812420e-07
9.700000e+01	9.800000e+01	2.478088e-06	1.620954e-06	0.000000e+00
9.800000e+01	9.900000e+01	2.368041e-06	2.590066e-06	0.000000e+00
9.900000e+01	1.000000e+02	1.563385e-06	0.000000e+00	9.399220e-07
# END HISTO1D


# BEGIN HISTO1D //homes/tinghua1/Merging-Project/Production/HJETS/ratio-plots/hjets-vbfnlo/H-N2-N3-4-25gev-vbfnlo-combine.yoda/MC_H2JETS_04_INC/jet2_mass
ErrorBandColor=red
ErrorBandOpacity=0.3
ErrorBands=1
ErrorType=env
LineColor=red
LineStyle=solid
Path=//homes/tinghua1/Merging-Project/Production/HJETS/ratio-plots/hjets-vbfnlo/H-N2-N3-4-25gev-vbfnlo-combine.yoda/MC_H2JETS_04_INC/jet2_mass
RatioPlotSameStyle=1
Title=h(2*,3*,4)-vbfnlo
# xlow	 xhigh	 val	 errminus	 errplus
0.000000e+00	1.000000e+00	1.125980e+00	4.198272e-01	0.000000e+00
1.000000e+00	2.000000e+00	1.342933e-01	4.466920e-02	0.000000e+00
2.000000e+00	3.000000e+00	7.233098e-02	0.000000e+00	8.195540e-03
3.000000e+00	4.000000e+00	1.910853e-01	0.000000e+00	2.712890e-02
4.000000e+00	5.000000e+00	2.056168e-01	0.000000e+00	3.506210e-02
5.000000e+00	6.000000e+00	1.694143e-01	0.000000e+00	4.121700e-02
6.000000e+00	7.000000e+00	1.235316e-01	0.000000e+00	4.244180e-02
7.000000e+00	8.000000e+00	8.764886e-02	0.000000e+00	3.827414e-02
8.000000e+00	9.000000e+00	6.235114e-02	0.000000e+00	2.990608e-02
9.000000e+00	1.000000e+01	4.324000e-02	0.000000e+00	2.443478e-02
1.000000e+01	1.100000e+01	3.134564e-02	0.000000e+00	1.937059e-02
1.100000e+01	1.200000e+01	2.332465e-02	0.000000e+00	1.549509e-02
1.200000e+01	1.300000e+01	1.716970e-02	0.000000e+00	1.217765e-02
1.300000e+01	1.400000e+01	1.331751e-02	0.000000e+00	9.494540e-03
1.400000e+01	1.500000e+01	1.035538e-02	0.000000e+00	8.082010e-03
1.500000e+01	1.600000e+01	8.021837e-03	0.000000e+00	6.251883e-03
1.600000e+01	1.700000e+01	6.242605e-03	0.000000e+00	5.423615e-03
1.700000e+01	1.800000e+01	4.866953e-03	0.000000e+00	3.979739e-03
1.800000e+01	1.900000e+01	3.896980e-03	0.000000e+00	3.448639e-03
1.900000e+01	2.000000e+01	3.166050e-03	0.000000e+00	2.710241e-03
2.000000e+01	2.100000e+01	2.535945e-03	0.000000e+00	2.120645e-03
2.100000e+01	2.200000e+01	1.880852e-03	0.000000e+00	1.975911e-03
2.200000e+01	2.300000e+01	1.562391e-03	0.000000e+00	1.165566e-03
2.300000e+01	2.400000e+01	1.239746e-03	0.000000e+00	1.209900e-03
2.400000e+01	2.500000e+01	9.126186e-04	0.000000e+00	1.124161e-03
2.500000e+01	2.600000e+01	7.118885e-04	0.000000e+00	9.320685e-04
2.600000e+01	2.700000e+01	6.256824e-04	0.000000e+00	5.454716e-04
2.700000e+01	2.800000e+01	4.719775e-04	0.000000e+00	4.904655e-04
2.800000e+01	2.900000e+01	3.324203e-04	0.000000e+00	5.240302e-04
2.900000e+01	3.000000e+01	3.102457e-04	0.000000e+00	3.567328e-04
3.000000e+01	3.100000e+01	2.822998e-04	0.000000e+00	2.759791e-04
3.100000e+01	3.200000e+01	2.566212e-04	0.000000e+00	1.625439e-04
3.200000e+01	3.300000e+01	1.885740e-04	0.000000e+00	1.428592e-04
3.300000e+01	3.400000e+01	1.238597e-04	0.000000e+00	1.764755e-04
3.400000e+01	3.500000e+01	8.998624e-05	0.000000e+00	1.596961e-04
3.500000e+01	3.600000e+01	9.216612e-05	0.000000e+00	9.449058e-05
3.600000e+01	3.700000e+01	7.777791e-05	0.000000e+00	5.609919e-05
3.700000e+01	3.800000e+01	5.980645e-05	0.000000e+00	7.484715e-05
3.800000e+01	3.900000e+01	5.321696e-05	0.000000e+00	5.629834e-05
3.900000e+01	4.000000e+01	4.247892e-05	0.000000e+00	6.301938e-05
4.000000e+01	4.100000e+01	1.076581e-05	0.000000e+00	4.861311e-05
4.100000e+01	4.200000e+01	3.508758e-05	0.000000e+00	3.815027e-05
4.200000e+01	4.300000e+01	2.540710e-05	0.000000e+00	1.293916e-05
4.300000e+01	4.400000e+01	2.397127e-05	0.000000e+00	1.448844e-05
4.400000e+01	4.500000e+01	2.699282e-05	0.000000e+00	1.490841e-05
4.500000e+01	4.600000e+01	1.649162e-05	0.000000e+00	3.688416e-05
4.600000e+01	4.700000e+01	1.124114e-05	0.000000e+00	1.435382e-05
4.700000e+01	4.800000e+01	8.917929e-06	0.000000e+00	1.688249e-05
4.800000e+01	4.900000e+01	1.109406e-05	0.000000e+00	9.693440e-06
4.900000e+01	5.000000e+01	7.813450e-06	0.000000e+00	6.904720e-06
5.000000e+01	5.100000e+01	1.177822e-05	0.000000e+00	3.414420e-06
5.100000e+01	5.200000e+01	1.938357e-06	5.445190e-07	3.352581e-06
5.200000e+01	5.300000e+01	1.042980e-05	8.305940e-07	4.666020e-06
5.300000e+01	5.400000e+01	7.392843e-06	3.628900e-07	0.000000e+00
5.400000e+01	5.500000e+01	3.893296e-06	0.000000e+00	5.671050e-06
5.500000e+01	5.600000e+01	3.780808e-06	0.000000e+00	9.122862e-06
5.600000e+01	5.700000e+01	7.121900e-06	8.833830e-07	8.291100e-08
5.700000e+01	5.800000e+01	1.929154e-06	0.000000e+00	1.100026e-05
5.800000e+01	5.900000e+01	1.969855e-06	0.000000e+00	1.362597e-06
5.900000e+01	6.000000e+01	3.386880e-06	0.000000e+00	2.595547e-06
6.000000e+01	6.100000e+01	3.400243e-06	4.922110e-07	2.734000e-06
6.100000e+01	6.200000e+01	1.174466e-06	3.052124e-06	2.928721e-06
6.200000e+01	6.300000e+01	2.344357e-06	4.978904e-06	6.977900e-08
6.300000e+01	6.400000e+01	1.401014e-06	0.000000e+00	3.553626e-06
6.400000e+01	6.500000e+01	1.307614e-06	1.064284e-06	3.278040e-07
6.500000e+01	6.600000e+01	9.640677e-07	3.612824e-07	6.554183e-07
6.600000e+01	6.700000e+01	1.105789e-06	3.309400e-08	8.906140e-07
6.700000e+01	6.800000e+01	9.887291e-07	0.000000e+00	2.308564e-06
6.800000e+01	6.900000e+01	1.141432e-06	0.000000e+00	1.060747e-06
6.900000e+01	7.000000e+01	4.829577e-07	0.000000e+00	2.795163e-06
7.000000e+01	7.100000e+01	6.876065e-07	0.000000e+00	1.032102e-06
7.100000e+01	7.200000e+01	7.680440e-07	4.119822e-07	8.351680e-07
7.200000e+01	7.300000e+01	4.150801e-07	0.000000e+00	5.826255e-07
7.300000e+01	7.400000e+01	4.620727e-07	6.493030e-08	0.000000e+00
7.400000e+01	7.500000e+01	3.343047e-07	0.000000e+00	6.686463e-07
7.500000e+01	7.600000e+01	5.686443e-07	1.172660e-08	1.832063e-05
7.600000e+01	7.700000e+01	2.574095e-07	3.758218e-07	7.993795e-07
7.700000e+01	7.800000e+01	3.442910e-07	1.041726e-05	1.675145e-06
7.800000e+01	7.900000e+01	4.168357e-07	1.979553e-07	3.025516e-07
7.900000e+01	8.000000e+01	3.791844e-07	0.000000e+00	3.533507e-07
8.000000e+01	8.100000e+01	2.900468e-07	3.852915e-07	0.000000e+00
8.100000e+01	8.200000e+01	3.747331e-07	5.121085e-07	6.023682e-07
8.200000e+01	8.300000e+01	4.070973e-07	0.000000e+00	7.302700e-08
8.300000e+01	8.400000e+01	5.710565e-07	2.148286e-07	0.000000e+00
8.400000e+01	8.500000e+01	3.743237e-07	0.000000e+00	2.500228e-07
8.500000e+01	8.600000e+01	1.004014e-07	2.291377e-07	1.493721e-07
8.600000e+01	8.700000e+01	1.194596e-06	1.092994e-06	0.000000e+00
8.700000e+01	8.800000e+01	1.652258e-07	0.000000e+00	7.153213e-07
8.800000e+01	8.900000e+01	9.284458e-08	0.000000e+00	1.664323e-07
8.900000e+01	9.000000e+01	7.532302e-08	0.000000e+00	1.272012e-06
9.000000e+01	9.100000e+01	3.683522e-07	2.705950e-07	0.000000e+00
9.100000e+01	9.200000e+01	1.291445e-07	0.000000e+00	7.589500e-08
9.200000e+01	9.300000e+01	5.207527e-07	3.672017e-07	0.000000e+00
9.300000e+01	9.400000e+01	1.116981e-08	0.000000e+00	7.186146e-07
9.400000e+01	9.500000e+01	8.464759e-08	0.000000e+00	1.051373e-06
9.500000e+01	9.600000e+01	5.221876e-08	0.000000e+00	3.922056e-07
9.600000e+01	9.700000e+01	7.418225e-08	1.102857e-07	4.038876e-07
9.700000e+01	9.800000e+01	7.104862e-08	4.523287e-08	5.036884e-07
9.800000e+01	9.900000e+01	9.717819e-08	1.035025e-07	2.384590e-09
9.900000e+01	1.000000e+02	4.601586e-07	3.859691e-07	0.000000e+00
# END HISTO1D


# BEGIN HISTO1D //homes/tinghua1/Merging-Project/Production/HJETS/ratio-plots/hjets-vbfnlo/H-N2-3-4-25gev-combine.yoda/MC_H2JETS_04_INC/jet2_mass
ErrorBandColor=blue
ErrorBandOpacity=0.3
ErrorBands=1
ErrorType=env
LineColor=blue
LineStyle=solid
Path=//homes/tinghua1/Merging-Project/Production/HJETS/ratio-plots/hjets-vbfnlo/H-N2-3-4-25gev-combine.yoda/MC_H2JETS_04_INC/jet2_mass
RatioPlotSameStyle=1
Title=h(2*,3,4)
# xlow	 xhigh	 val	 errminus	 errplus
0.000000e+00	1.000000e+00	1.113835e+00	1.872425e-01	3.744260e-01
1.000000e+00	2.000000e+00	1.751220e-01	2.655420e-02	5.146450e-02
2.000000e+00	3.000000e+00	1.094237e-01	1.122982e-02	0.000000e+00
3.000000e+00	4.000000e+00	3.035505e-01	3.719720e-02	0.000000e+00
4.000000e+00	5.000000e+00	3.425921e-01	4.955280e-02	0.000000e+00
5.000000e+00	6.000000e+00	2.894396e-01	4.816160e-02	1.404620e-02
6.000000e+00	7.000000e+00	2.203798e-01	4.509410e-02	2.076680e-02
7.000000e+00	8.000000e+00	1.603949e-01	3.662640e-02	2.184270e-02
8.000000e+00	9.000000e+00	1.143511e-01	2.836218e-02	2.165070e-02
9.000000e+00	1.000000e+01	8.224761e-02	2.157936e-02	1.911089e-02
1.000000e+01	1.100000e+01	6.063983e-02	1.628052e-02	1.461030e-02
1.100000e+01	1.200000e+01	4.575795e-02	1.305710e-02	1.122478e-02
1.200000e+01	1.300000e+01	3.447624e-02	9.718990e-03	9.863610e-03
1.300000e+01	1.400000e+01	2.670680e-02	7.987800e-03	8.301170e-03
1.400000e+01	1.500000e+01	2.102264e-02	6.354100e-03	6.355270e-03
1.500000e+01	1.600000e+01	1.688189e-02	5.515810e-03	5.005850e-03
1.600000e+01	1.700000e+01	1.356657e-02	4.561043e-03	4.130240e-03
1.700000e+01	1.800000e+01	1.085652e-02	3.634613e-03	3.260970e-03
1.800000e+01	1.900000e+01	8.662705e-03	2.950600e-03	2.869775e-03
1.900000e+01	2.000000e+01	6.926061e-03	2.375974e-03	2.340910e-03
2.000000e+01	2.100000e+01	5.566783e-03	2.017870e-03	1.705201e-03
2.100000e+01	2.200000e+01	4.478464e-03	1.613284e-03	1.496416e-03
2.200000e+01	2.300000e+01	3.605377e-03	1.302643e-03	1.226170e-03
2.300000e+01	2.400000e+01	2.913748e-03	1.081889e-03	1.060732e-03
2.400000e+01	2.500000e+01	2.369233e-03	8.833360e-04	8.727380e-04
2.500000e+01	2.600000e+01	1.928323e-03	7.482380e-04	5.745500e-04
2.600000e+01	2.700000e+01	1.541561e-03	5.620953e-04	6.364810e-04
2.700000e+01	2.800000e+01	1.412496e-03	6.516450e-04	3.247510e-04
2.800000e+01	2.900000e+01	1.062736e-03	4.161696e-04	2.608480e-04
2.900000e+01	3.000000e+01	8.309241e-04	3.119284e-04	3.529079e-04
3.000000e+01	3.100000e+01	6.814442e-04	2.583754e-04	3.245608e-04
3.100000e+01	3.200000e+01	5.425599e-04	1.930203e-04	2.108871e-04
3.200000e+01	3.300000e+01	4.808027e-04	1.985382e-04	2.053314e-04
3.300000e+01	3.400000e+01	3.476739e-04	1.204709e-04	1.844445e-04
3.400000e+01	3.500000e+01	3.032049e-04	8.899750e-05	1.581204e-04
3.500000e+01	3.600000e+01	2.706145e-04	1.059534e-04	1.035883e-04
3.600000e+01	3.700000e+01	2.277530e-04	9.489740e-05	1.180996e-04
3.700000e+01	3.800000e+01	1.891837e-04	5.068210e-05	9.674200e-05
3.800000e+01	3.900000e+01	1.645819e-04	6.675722e-05	7.750240e-05
3.900000e+01	4.000000e+01	1.430939e-04	5.298933e-05	8.273360e-05
4.000000e+01	4.100000e+01	1.155365e-04	4.075955e-05	5.096950e-05
4.100000e+01	4.200000e+01	1.042847e-04	4.014738e-05	4.890060e-05
4.200000e+01	4.300000e+01	8.504849e-05	3.103741e-05	3.878471e-05
4.300000e+01	4.400000e+01	7.480464e-05	2.545533e-05	4.930936e-05
4.400000e+01	4.500000e+01	6.392473e-05	2.113970e-05	3.114422e-05
4.500000e+01	4.600000e+01	5.549287e-05	2.000075e-05	3.461156e-05
4.600000e+01	4.700000e+01	4.646544e-05	1.859312e-05	2.947993e-05
4.700000e+01	4.800000e+01	4.217465e-05	1.394864e-05	1.742134e-05
4.800000e+01	4.900000e+01	4.329137e-05	1.887455e-05	1.328049e-05
4.900000e+01	5.000000e+01	3.726481e-05	1.747146e-05	1.682075e-05
5.000000e+01	5.100000e+01	3.378803e-05	1.321855e-05	2.260738e-05
5.100000e+01	5.200000e+01	3.068107e-05	1.215350e-05	1.526034e-05
5.200000e+01	5.300000e+01	2.335876e-05	6.774620e-06	1.592445e-05
5.300000e+01	5.400000e+01	2.245740e-05	7.167390e-06	2.052356e-05
5.400000e+01	5.500000e+01	2.428431e-05	1.042174e-05	1.087247e-05
5.500000e+01	5.600000e+01	2.096866e-05	7.287650e-06	9.891510e-06
5.600000e+01	5.700000e+01	2.121474e-05	9.561560e-06	5.008020e-06
5.700000e+01	5.800000e+01	1.238885e-05	1.269200e-06	1.272338e-05
5.800000e+01	5.900000e+01	1.324332e-05	4.071575e-06	1.159381e-05
5.900000e+01	6.000000e+01	1.462029e-05	7.222265e-06	1.011327e-05
6.000000e+01	6.100000e+01	1.415613e-05	3.693890e-06	1.199680e-05
6.100000e+01	6.200000e+01	1.418390e-05	5.867283e-06	5.020200e-06
6.200000e+01	6.300000e+01	1.441150e-05	6.788807e-06	2.352290e-06
6.300000e+01	6.400000e+01	1.035563e-05	3.500637e-06	7.171100e-07
6.400000e+01	6.500000e+01	8.116607e-06	1.580255e-06	5.231653e-06
6.500000e+01	6.600000e+01	7.450677e-06	3.576128e-06	5.010653e-06
6.600000e+01	6.700000e+01	7.229570e-06	2.474880e-06	2.979390e-06
6.700000e+01	6.800000e+01	8.329348e-06	4.018393e-06	1.015818e-05
6.800000e+01	6.900000e+01	6.117107e-06	1.580354e-06	4.481193e-06
6.900000e+01	7.000000e+01	7.984986e-06	3.575216e-06	0.000000e+00
7.000000e+01	7.100000e+01	5.887285e-06	2.174778e-06	3.587247e-06
7.100000e+01	7.200000e+01	6.799525e-06	2.959033e-06	2.936086e-06
7.200000e+01	7.300000e+01	3.614203e-06	0.000000e+00	2.066273e-06
7.300000e+01	7.400000e+01	5.696342e-06	2.113076e-06	2.116858e-06
7.400000e+01	7.500000e+01	6.088413e-06	1.699577e-06	3.074020e-06
7.500000e+01	7.600000e+01	5.352280e-06	2.418620e-06	0.000000e+00
7.600000e+01	7.700000e+01	5.090321e-06	4.269880e-07	8.579370e-07
7.700000e+01	7.800000e+01	5.777757e-06	0.000000e+00	5.450643e-06
7.800000e+01	7.900000e+01	1.015008e-05	4.226900e-06	0.000000e+00
7.900000e+01	8.000000e+01	1.007646e-05	0.000000e+00	9.024600e-07
8.000000e+01	8.100000e+01	1.755460e-05	6.494440e-06	0.000000e+00
8.100000e+01	8.200000e+01	1.300272e-05	2.894430e-06	0.000000e+00
8.200000e+01	8.300000e+01	8.543168e-06	2.757464e-06	0.000000e+00
8.300000e+01	8.400000e+01	7.368102e-06	2.820529e-06	0.000000e+00
8.400000e+01	8.500000e+01	4.201699e-06	2.217870e-07	3.141120e-06
8.500000e+01	8.600000e+01	3.699629e-06	1.306240e-07	3.121017e-06
8.600000e+01	8.700000e+01	4.312749e-06	2.183427e-06	0.000000e+00
8.700000e+01	8.800000e+01	2.519498e-06	0.000000e+00	3.769581e-06
8.800000e+01	8.900000e+01	3.961945e-06	1.677453e-06	9.782670e-07
8.900000e+01	9.000000e+01	3.582691e-06	3.792690e-07	2.711463e-06
9.000000e+01	9.100000e+01	4.161962e-06	1.778023e-06	1.351728e-06
9.100000e+01	9.200000e+01	5.452719e-06	2.730226e-06	0.000000e+00
9.200000e+01	9.300000e+01	5.244014e-06	2.461203e-06	0.000000e+00
9.300000e+01	9.400000e+01	2.781675e-06	1.401089e-06	1.589764e-06
9.400000e+01	9.500000e+01	3.308737e-06	2.051760e-06	0.000000e+00
9.500000e+01	9.600000e+01	1.527746e-06	5.207810e-07	1.106055e-06
9.600000e+01	9.700000e+01	1.733070e-06	8.748492e-07	9.305700e-07
9.700000e+01	9.800000e+01	1.036573e-07	0.000000e+00	1.188917e-06
9.800000e+01	9.900000e+01	1.096718e-06	1.290777e-06	5.515470e-07
9.900000e+01	1.000000e+02	1.108643e-06	1.297919e-06	2.751330e-07
# END HISTO1D


# BEGIN HISTO1D //homes/tinghua1/Merging-Project/Production/HJETS/ratio-plots/hjets-vbfnlo/H-N2-3-4-25gev-vbfnlo-combine.yoda/MC_H2JETS_04_INC/jet2_mass
ErrorBandColor=cyan
ErrorBandOpacity=0.3
ErrorBands=1
ErrorType=env
LineColor=cyan
LineStyle=solid
Path=//homes/tinghua1/Merging-Project/Production/HJETS/ratio-plots/hjets-vbfnlo/H-N2-3-4-25gev-vbfnlo-combine.yoda/MC_H2JETS_04_INC/jet2_mass
RatioPlotSameStyle=1
Title=h(2*,3,4)-vbfnlo
# xlow	 xhigh	 val	 errminus	 errplus
0.000000e+00	1.000000e+00	8.452113e-01	1.428650e-01	2.805357e-01
1.000000e+00	2.000000e+00	1.049973e-01	1.482261e-02	2.911440e-02
2.000000e+00	3.000000e+00	8.094392e-02	8.750420e-03	0.000000e+00
3.000000e+00	4.000000e+00	2.187967e-01	2.831870e-02	0.000000e+00
4.000000e+00	5.000000e+00	2.396778e-01	3.550450e-02	0.000000e+00
5.000000e+00	6.000000e+00	2.020713e-01	3.388200e-02	8.325200e-03
6.000000e+00	7.000000e+00	1.534876e-01	3.063830e-02	1.305680e-02
7.000000e+00	8.000000e+00	1.117705e-01	2.508366e-02	1.431500e-02
8.000000e+00	9.000000e+00	7.975539e-02	1.889376e-02	1.300472e-02
9.000000e+00	1.000000e+01	5.728060e-02	1.443311e-02	1.113069e-02
1.000000e+01	1.100000e+01	4.203326e-02	1.078756e-02	9.263260e-03
1.100000e+01	1.200000e+01	3.124496e-02	8.226570e-03	7.548560e-03
1.200000e+01	1.300000e+01	2.383552e-02	6.437550e-03	5.901320e-03
1.300000e+01	1.400000e+01	1.828614e-02	5.172960e-03	4.953590e-03
1.400000e+01	1.500000e+01	1.430306e-02	4.200030e-03	3.950160e-03
1.500000e+01	1.600000e+01	1.128249e-02	3.450499e-03	3.159110e-03
1.600000e+01	1.700000e+01	8.900668e-03	2.752916e-03	2.596192e-03
1.700000e+01	1.800000e+01	7.157915e-03	2.337380e-03	2.019349e-03
1.800000e+01	1.900000e+01	5.708960e-03	1.862603e-03	1.609801e-03
1.900000e+01	2.000000e+01	4.529044e-03	1.513234e-03	1.353853e-03
2.000000e+01	2.100000e+01	3.634949e-03	1.245728e-03	1.092686e-03
2.100000e+01	2.200000e+01	2.918074e-03	1.024887e-03	8.962380e-04
2.200000e+01	2.300000e+01	2.320589e-03	8.025980e-04	6.972520e-04
2.300000e+01	2.400000e+01	1.866079e-03	6.423690e-04	5.977330e-04
2.400000e+01	2.500000e+01	1.513582e-03	5.464937e-04	4.319270e-04
2.500000e+01	2.600000e+01	1.207250e-03	4.422953e-04	3.298770e-04
2.600000e+01	2.700000e+01	9.619360e-04	3.547903e-04	3.269940e-04
2.700000e+01	2.800000e+01	7.458863e-04	2.547548e-04	2.828137e-04
2.800000e+01	2.900000e+01	6.262243e-04	2.306410e-04	2.016585e-04
2.900000e+01	3.000000e+01	4.907678e-04	1.751886e-04	1.704711e-04
3.000000e+01	3.100000e+01	4.104938e-04	1.563643e-04	1.319540e-04
3.100000e+01	3.200000e+01	3.178102e-04	1.023622e-04	1.245400e-04
3.200000e+01	3.300000e+01	2.789218e-04	1.138172e-04	9.312040e-05
3.300000e+01	3.400000e+01	2.088887e-04	7.119300e-05	8.800760e-05
3.400000e+01	3.500000e+01	2.001079e-04	8.510620e-05	3.651720e-05
3.500000e+01	3.600000e+01	1.464070e-04	5.283786e-05	5.797690e-05
3.600000e+01	3.700000e+01	1.275330e-04	4.938121e-05	1.937790e-05
3.700000e+01	3.800000e+01	9.072722e-05	2.839480e-05	4.669568e-05
3.800000e+01	3.900000e+01	8.070094e-05	3.211413e-05	3.545186e-05
3.900000e+01	4.000000e+01	6.380245e-05	2.118916e-05	3.863655e-05
4.000000e+01	4.100000e+01	5.571613e-05	1.817319e-05	2.067864e-05
4.100000e+01	4.200000e+01	4.917743e-05	1.538846e-05	2.031783e-05
4.200000e+01	4.300000e+01	4.177290e-05	1.196178e-05	1.153802e-05
4.300000e+01	4.400000e+01	3.389967e-05	7.850720e-06	1.500668e-05
4.400000e+01	4.500000e+01	2.839048e-05	1.054911e-05	1.181357e-05
4.500000e+01	4.600000e+01	2.631382e-05	1.091850e-05	9.955320e-06
4.600000e+01	4.700000e+01	2.085329e-05	7.794370e-06	7.741300e-06
4.700000e+01	4.800000e+01	1.649249e-05	6.907571e-06	1.083181e-05
4.800000e+01	4.900000e+01	1.516042e-05	4.340290e-06	1.017959e-05
4.900000e+01	5.000000e+01	1.554214e-05	4.703250e-06	1.616770e-06
5.000000e+01	5.100000e+01	1.085096e-05	2.745564e-06	4.338630e-06
5.100000e+01	5.200000e+01	7.867438e-06	1.023922e-06	7.458012e-06
5.200000e+01	5.300000e+01	8.785719e-06	3.157099e-06	7.215061e-06
5.300000e+01	5.400000e+01	8.099638e-06	1.969429e-06	8.446572e-06
5.400000e+01	5.500000e+01	6.724187e-06	2.706547e-06	7.271220e-07
5.500000e+01	5.600000e+01	5.612073e-06	8.326840e-07	2.743571e-06
5.600000e+01	5.700000e+01	5.927844e-06	2.234803e-06	1.834157e-06
5.700000e+01	5.800000e+01	4.759944e-06	1.944782e-06	0.000000e+00
5.800000e+01	5.900000e+01	4.600931e-06	2.471635e-06	3.229480e-07
5.900000e+01	6.000000e+01	3.774857e-06	1.125502e-06	1.069062e-06
6.000000e+01	6.100000e+01	3.408246e-06	1.971147e-06	0.000000e+00
6.100000e+01	6.200000e+01	3.132170e-06	5.195930e-07	0.000000e+00
6.200000e+01	6.300000e+01	2.610290e-06	1.070259e-06	1.247380e-06
6.300000e+01	6.400000e+01	2.609279e-06	3.900390e-07	1.155800e-07
6.400000e+01	6.500000e+01	1.657823e-06	1.589750e-07	6.982160e-07
6.500000e+01	6.600000e+01	1.388933e-06	2.353990e-07	1.161660e-06
6.600000e+01	6.700000e+01	3.505657e-06	1.990504e-06	0.000000e+00
6.700000e+01	6.800000e+01	2.058982e-06	7.746950e-07	9.057100e-08
6.800000e+01	6.900000e+01	2.211654e-06	1.064065e-06	7.970120e-07
6.900000e+01	7.000000e+01	6.741207e-07	0.000000e+00	1.248796e-07
7.000000e+01	7.100000e+01	9.917159e-07	2.962355e-07	3.448671e-07
7.100000e+01	7.200000e+01	9.950480e-07	2.085718e-07	6.794880e-07
7.200000e+01	7.300000e+01	1.246487e-06	7.557965e-07	7.498630e-07
7.300000e+01	7.400000e+01	1.624910e-06	1.151015e-06	0.000000e+00
7.400000e+01	7.500000e+01	6.718367e-07	0.000000e+00	8.544813e-07
7.500000e+01	7.600000e+01	5.903070e-07	1.578021e-07	2.275331e-07
7.600000e+01	7.700000e+01	-2.657173e-07	0.000000e+00	1.343129e-06
7.700000e+01	7.800000e+01	1.155196e-06	6.405811e-07	0.000000e+00
7.800000e+01	7.900000e+01	4.558303e-07	6.421290e-07	0.000000e+00
7.900000e+01	8.000000e+01	3.516928e-07	0.000000e+00	4.419194e-07
8.000000e+01	8.100000e+01	1.613381e-07	0.000000e+00	4.869745e-07
8.100000e+01	8.200000e+01	5.815179e-07	5.373039e-07	2.884646e-07
8.200000e+01	8.300000e+01	7.407659e-07	3.923145e-07	0.000000e+00
8.300000e+01	8.400000e+01	5.540662e-07	5.996978e-07	0.000000e+00
8.400000e+01	8.500000e+01	3.896588e-07	2.838524e-07	8.671120e-08
8.500000e+01	8.600000e+01	2.087730e-07	0.000000e+00	4.748310e-08
8.600000e+01	8.700000e+01	1.379297e-07	5.429199e-08	3.259093e-07
8.700000e+01	8.800000e+01	2.734525e-07	6.404930e-08	0.000000e+00
8.800000e+01	8.900000e+01	2.216383e-07	4.046270e-08	1.621500e-07
8.900000e+01	9.000000e+01	5.695901e-07	3.675191e-07	0.000000e+00
9.000000e+01	9.100000e+01	1.962451e-07	6.885840e-08	1.978250e-07
9.100000e+01	9.200000e+01	1.103110e-07	5.125104e-08	2.022000e-09
9.200000e+01	9.300000e+01	2.200587e-07	1.411046e-07	0.000000e+00
9.300000e+01	9.400000e+01	-1.447554e-08	0.000000e+00	2.540557e-07
9.400000e+01	9.500000e+01	5.979006e-08	2.423028e-08	8.412384e-08
9.500000e+01	9.600000e+01	-1.013516e-07	0.000000e+00	2.295164e-07
9.600000e+01	9.700000e+01	2.170188e-07	2.147782e-07	0.000000e+00
9.700000e+01	9.800000e+01	1.498655e-07	8.999766e-08	0.000000e+00
9.800000e+01	9.900000e+01	3.544439e-07	2.650603e-07	0.000000e+00
9.900000e+01	1.000000e+02	1.178169e-07	7.251365e-08	4.053920e-08
# END HISTO1D


# BEGIN HISTO1D //homes/tinghua1/Merging-Project/Production/HJETS/ratio-plots/hjets-vbfnlo/H-2-3-4-25gev-combine.yoda/MC_H2JETS_04_INC/jet2_mass
ErrorBandColor=yellow
ErrorBandOpacity=0.3
ErrorBands=1
ErrorType=env
LineColor=yellow
LineStyle=solid
Path=//homes/tinghua1/Merging-Project/Production/HJETS/ratio-plots/hjets-vbfnlo/H-2-3-4-25gev-combine.yoda/MC_H2JETS_04_INC/jet2_mass
RatioPlotSameStyle=1
Title=h(2,3,4)
# xlow	 xhigh	 val	 errminus	 errplus
0.000000e+00	1.000000e+00	1.070424e+00	1.672631e-01	3.331570e-01
1.000000e+00	2.000000e+00	1.655351e-01	2.668800e-02	4.805700e-02
2.000000e+00	3.000000e+00	1.048165e-01	1.277783e-02	0.000000e+00
3.000000e+00	4.000000e+00	2.899768e-01	3.946940e-02	0.000000e+00
4.000000e+00	5.000000e+00	3.256965e-01	5.068060e-02	0.000000e+00
5.000000e+00	6.000000e+00	2.749682e-01	4.972220e-02	1.518450e-02
6.000000e+00	7.000000e+00	2.078899e-01	4.496920e-02	2.236410e-02
7.000000e+00	8.000000e+00	1.511166e-01	3.669930e-02	2.326460e-02
8.000000e+00	9.000000e+00	1.071742e-01	2.806928e-02	2.106340e-02
9.000000e+00	1.000000e+01	7.630370e-02	2.110229e-02	1.815727e-02
1.000000e+01	1.100000e+01	5.595554e-02	1.597070e-02	1.458441e-02
1.100000e+01	1.200000e+01	4.141553e-02	1.217132e-02	1.187264e-02
1.200000e+01	1.300000e+01	3.171755e-02	9.750190e-03	9.245960e-03
1.300000e+01	1.400000e+01	2.410016e-02	7.453870e-03	7.589360e-03
1.400000e+01	1.500000e+01	1.882436e-02	6.077110e-03	6.316800e-03
1.500000e+01	1.600000e+01	1.498899e-02	4.998905e-03	4.960870e-03
1.600000e+01	1.700000e+01	1.190412e-02	4.112559e-03	3.996090e-03
1.700000e+01	1.800000e+01	9.435376e-03	3.322867e-03	3.276544e-03
1.800000e+01	1.900000e+01	7.478424e-03	2.650715e-03	2.677296e-03
1.900000e+01	2.000000e+01	5.989146e-03	2.176416e-03	2.023711e-03
2.000000e+01	2.100000e+01	4.780338e-03	1.820089e-03	1.668477e-03
2.100000e+01	2.200000e+01	3.743053e-03	1.421232e-03	1.425309e-03
2.200000e+01	2.300000e+01	3.016403e-03	1.151223e-03	7.046030e-04
2.300000e+01	2.400000e+01	2.421520e-03	9.596060e-04	8.596630e-04
2.400000e+01	2.500000e+01	1.908571e-03	7.405960e-04	7.191060e-04
2.500000e+01	2.600000e+01	1.521934e-03	5.874769e-04	6.010340e-04
2.600000e+01	2.700000e+01	1.192807e-03	4.800428e-04	4.591100e-04
2.700000e+01	2.800000e+01	9.509262e-04	3.871492e-04	3.785498e-04
2.800000e+01	2.900000e+01	7.529599e-04	3.032209e-04	3.003651e-04
2.900000e+01	3.000000e+01	5.894334e-04	2.246901e-04	3.508482e-04
3.000000e+01	3.100000e+01	4.728426e-04	2.103938e-04	2.092449e-04
3.100000e+01	3.200000e+01	3.911083e-04	1.600573e-04	1.778591e-04
3.200000e+01	3.300000e+01	3.058504e-04	1.139323e-04	1.598967e-04
3.300000e+01	3.400000e+01	2.650868e-04	1.246921e-04	9.391860e-05
3.400000e+01	3.500000e+01	1.911183e-04	7.889920e-05	8.038720e-05
3.500000e+01	3.600000e+01	1.526446e-04	5.294511e-05	8.400430e-05
3.600000e+01	3.700000e+01	1.223222e-04	3.771964e-05	6.647560e-05
3.700000e+01	3.800000e+01	1.243118e-04	6.743057e-05	2.792010e-05
3.800000e+01	3.900000e+01	9.041009e-05	3.893496e-05	4.205531e-05
3.900000e+01	4.000000e+01	6.928751e-05	3.114684e-05	4.297329e-05
4.000000e+01	4.100000e+01	6.138061e-05	2.513849e-05	5.428899e-05
4.100000e+01	4.200000e+01	5.201398e-05	2.357701e-05	1.563724e-05
4.200000e+01	4.300000e+01	4.759303e-05	2.167711e-05	9.217410e-06
4.300000e+01	4.400000e+01	3.198676e-05	1.514679e-05	2.571375e-05
4.400000e+01	4.500000e+01	2.685310e-05	1.255408e-05	0.000000e+00
4.500000e+01	4.600000e+01	2.346494e-05	1.593439e-05	2.140783e-05
4.600000e+01	4.700000e+01	2.453234e-05	1.792494e-05	1.423636e-05
4.700000e+01	4.800000e+01	1.702887e-05	8.534610e-06	1.511372e-05
4.800000e+01	4.900000e+01	1.494971e-05	0.000000e+00	1.262425e-05
4.900000e+01	5.000000e+01	1.718947e-05	6.653170e-06	3.458000e-06
5.000000e+01	5.100000e+01	1.246608e-05	4.026268e-06	1.146719e-05
5.100000e+01	5.200000e+01	1.276417e-05	6.093859e-06	4.315240e-06
5.200000e+01	5.300000e+01	8.209594e-06	0.000000e+00	6.791966e-06
5.300000e+01	5.400000e+01	6.825913e-06	9.020730e-07	1.166215e-05
5.400000e+01	5.500000e+01	7.900212e-06	3.380972e-06	4.912488e-06
5.500000e+01	5.600000e+01	6.971454e-06	0.000000e+00	1.009688e-05
5.600000e+01	5.700000e+01	5.656072e-06	1.193255e-06	4.238507e-06
5.700000e+01	5.800000e+01	4.719101e-06	1.047610e-06	4.474613e-06
5.800000e+01	5.900000e+01	5.027139e-06	1.493865e-06	5.112301e-06
5.900000e+01	6.000000e+01	5.284521e-06	1.791898e-06	3.676820e-07
6.000000e+01	6.100000e+01	8.432049e-06	6.636282e-06	0.000000e+00
6.100000e+01	6.200000e+01	5.969180e-06	2.357319e-06	8.486610e-07
6.200000e+01	6.300000e+01	4.916868e-06	2.811137e-06	4.545910e-06
6.300000e+01	6.400000e+01	4.541966e-06	2.995988e-06	0.000000e+00
6.400000e+01	6.500000e+01	3.427705e-06	0.000000e+00	2.733931e-06
6.500000e+01	6.600000e+01	5.793853e-06	4.840321e-06	6.407950e-07
6.600000e+01	6.700000e+01	4.193793e-06	1.389912e-06	4.351000e-09
6.700000e+01	6.800000e+01	4.978313e-06	4.274528e-06	1.306316e-06
6.800000e+01	6.900000e+01	6.184456e-06	2.629417e-06	7.512700e-08
6.900000e+01	7.000000e+01	3.361417e-06	0.000000e+00	3.055324e-06
7.000000e+01	7.100000e+01	3.434136e-06	1.329705e-06	1.841398e-06
7.100000e+01	7.200000e+01	3.409251e-06	1.226792e-06	2.553481e-06
7.200000e+01	7.300000e+01	3.916819e-06	2.445940e-06	4.552290e-06
7.300000e+01	7.400000e+01	3.553047e-06	2.373470e-07	1.286239e-06
7.400000e+01	7.500000e+01	8.107081e-06	6.059211e-06	0.000000e+00
7.500000e+01	7.600000e+01	2.345641e-06	5.851740e-07	1.070096e-06
7.600000e+01	7.700000e+01	4.682723e-06	2.121922e-06	6.245540e-07
7.700000e+01	7.800000e+01	5.007791e-06	2.482980e-06	6.445750e-07
7.800000e+01	7.900000e+01	5.727218e-06	0.000000e+00	4.198357e-06
7.900000e+01	8.000000e+01	7.916007e-06	0.000000e+00	2.585183e-06
8.000000e+01	8.100000e+01	1.578502e-05	5.336020e-06	0.000000e+00
8.100000e+01	8.200000e+01	9.934248e-06	0.000000e+00	2.708102e-06
8.200000e+01	8.300000e+01	7.792372e-06	1.709354e-06	0.000000e+00
8.300000e+01	8.400000e+01	2.240109e-06	0.000000e+00	4.592886e-06
8.400000e+01	8.500000e+01	4.677719e-06	2.833014e-06	1.272138e-06
8.500000e+01	8.600000e+01	3.207048e-06	0.000000e+00	1.718621e-06
8.600000e+01	8.700000e+01	2.824973e-06	5.626430e-07	6.123790e-07
8.700000e+01	8.800000e+01	2.841030e-06	1.494105e-06	0.000000e+00
8.800000e+01	8.900000e+01	2.425002e-06	1.354854e-06	2.058249e-06
8.900000e+01	9.000000e+01	3.885854e-06	1.782657e-06	0.000000e+00
9.000000e+01	9.100000e+01	2.963110e-06	3.809700e-07	2.435509e-06
9.100000e+01	9.200000e+01	4.732606e-06	1.603550e-07	4.163220e-07
9.200000e+01	9.300000e+01	3.115560e-06	1.314460e-07	5.790250e-07
9.300000e+01	9.400000e+01	2.051611e-06	0.000000e+00	1.445456e-06
9.400000e+01	9.500000e+01	2.036144e-06	1.108378e-06	8.832020e-07
9.500000e+01	9.600000e+01	1.458920e-06	0.000000e+00	1.529328e-06
9.600000e+01	9.700000e+01	1.245395e-06	7.144734e-07	6.323090e-07
9.700000e+01	9.800000e+01	7.204175e-07	5.175050e-08	7.050055e-07
9.800000e+01	9.900000e+01	8.638671e-07	2.661829e-07	0.000000e+00
9.900000e+01	1.000000e+02	1.212741e-06	4.023986e-07	1.754000e-09
# END HISTO1D


# BEGIN HISTO1D //homes/tinghua1/Merging-Project/Production/HJETS/ratio-plots/hjets-vbfnlo/H-2-3-4-25gev-vbfnlo-combine.yoda/MC_H2JETS_04_INC/jet2_mass
ErrorBandColor=green
ErrorBandOpacity=0.3
ErrorBands=1
ErrorType=env
LineColor=green
LineStyle=solid
Path=//homes/tinghua1/Merging-Project/Production/HJETS/ratio-plots/hjets-vbfnlo/H-2-3-4-25gev-vbfnlo-combine.yoda/MC_H2JETS_04_INC/jet2_mass
RatioPlotSameStyle=1
Title=h(2,3,4)-vbfnlo
# xlow	 xhigh	 val	 errminus	 errplus
0.000000e+00	1.000000e+00	8.584867e-01	1.240482e-01	2.512863e-01
1.000000e+00	2.000000e+00	1.097506e-01	1.497707e-02	2.808750e-02
2.000000e+00	3.000000e+00	8.220057e-02	1.096943e-02	0.000000e+00
3.000000e+00	4.000000e+00	2.223965e-01	3.408300e-02	0.000000e+00
4.000000e+00	5.000000e+00	2.444488e-01	4.234830e-02	3.816800e-03
5.000000e+00	6.000000e+00	2.055094e-01	3.988470e-02	1.481740e-02
6.000000e+00	7.000000e+00	1.556850e-01	3.513410e-02	1.884000e-02
7.000000e+00	8.000000e+00	1.134545e-01	2.812337e-02	1.841630e-02
8.000000e+00	9.000000e+00	8.101996e-02	2.154588e-02	1.605530e-02
9.000000e+00	1.000000e+01	5.800521e-02	1.614204e-02	1.395815e-02
1.000000e+01	1.100000e+01	4.275263e-02	1.224979e-02	1.135697e-02
1.100000e+01	1.200000e+01	3.178234e-02	9.361820e-03	9.072410e-03
1.200000e+01	1.300000e+01	2.402643e-02	7.315550e-03	7.446480e-03
1.300000e+01	1.400000e+01	1.849094e-02	5.749930e-03	6.001110e-03
1.400000e+01	1.500000e+01	1.455368e-02	4.787171e-03	4.703840e-03
1.500000e+01	1.600000e+01	1.144946e-02	3.838623e-03	3.872760e-03
1.600000e+01	1.700000e+01	9.064451e-03	3.092690e-03	3.115589e-03
1.700000e+01	1.800000e+01	7.231919e-03	2.529291e-03	2.510500e-03
1.800000e+01	1.900000e+01	5.750023e-03	2.046030e-03	2.002412e-03
1.900000e+01	2.000000e+01	4.619288e-03	1.693710e-03	1.627142e-03
2.000000e+01	2.100000e+01	3.684282e-03	1.360705e-03	1.349771e-03
2.100000e+01	2.200000e+01	2.966012e-03	1.114338e-03	1.027081e-03
2.200000e+01	2.300000e+01	2.340920e-03	8.897700e-04	8.397840e-04
2.300000e+01	2.400000e+01	1.870912e-03	7.216530e-04	7.068050e-04
2.400000e+01	2.500000e+01	1.504995e-03	5.872562e-04	5.444500e-04
2.500000e+01	2.600000e+01	1.190290e-03	4.581087e-04	4.732360e-04
2.600000e+01	2.700000e+01	9.521279e-04	3.574524e-04	3.805221e-04
2.700000e+01	2.800000e+01	7.838401e-04	3.074910e-04	3.067569e-04
2.800000e+01	2.900000e+01	6.071166e-04	2.234221e-04	2.456456e-04
2.900000e+01	3.000000e+01	4.849435e-04	1.863790e-04	2.160658e-04
3.000000e+01	3.100000e+01	4.095228e-04	1.771190e-04	1.600271e-04
3.100000e+01	3.200000e+01	3.214880e-04	1.318213e-04	1.252703e-04
3.200000e+01	3.300000e+01	2.615534e-04	1.038812e-04	1.138364e-04
3.300000e+01	3.400000e+01	2.083942e-04	8.090090e-05	1.159753e-04
3.400000e+01	3.500000e+01	1.703030e-04	6.311820e-05	7.716180e-05
3.500000e+01	3.600000e+01	1.424558e-04	6.032385e-05	6.282940e-05
3.600000e+01	3.700000e+01	1.223656e-04	5.161575e-05	3.429390e-05
3.700000e+01	3.800000e+01	9.847971e-05	4.316803e-05	4.790039e-05
3.800000e+01	3.900000e+01	7.882383e-05	2.994968e-05	3.874917e-05
3.900000e+01	4.000000e+01	6.165086e-05	2.213337e-05	3.499435e-05
4.000000e+01	4.100000e+01	5.567941e-05	2.406249e-05	2.418435e-05
4.100000e+01	4.200000e+01	4.216528e-05	1.376454e-05	2.111640e-05
4.200000e+01	4.300000e+01	3.482618e-05	1.155553e-05	2.035926e-05
4.300000e+01	4.400000e+01	3.352167e-05	1.320610e-05	1.112106e-05
4.400000e+01	4.500000e+01	2.780436e-05	1.082615e-05	1.092596e-05
4.500000e+01	4.600000e+01	2.158697e-05	7.312370e-06	1.152186e-05
4.600000e+01	4.700000e+01	1.909496e-05	6.365160e-06	1.381972e-05
4.700000e+01	4.800000e+01	1.566012e-05	6.470983e-06	8.549530e-06
4.800000e+01	4.900000e+01	1.151235e-05	2.269402e-06	1.143620e-05
4.900000e+01	5.000000e+01	1.218435e-05	6.199972e-06	6.130160e-06
5.000000e+01	5.100000e+01	1.396915e-05	7.695406e-06	1.300770e-06
5.100000e+01	5.200000e+01	9.495750e-06	3.872258e-06	5.651390e-06
5.200000e+01	5.300000e+01	7.737945e-06	2.838198e-06	5.330015e-06
5.300000e+01	5.400000e+01	8.591580e-06	5.041752e-06	0.000000e+00
5.400000e+01	5.500000e+01	5.820127e-06	1.952247e-06	2.779433e-06
5.500000e+01	5.600000e+01	5.933854e-06	2.273114e-06	2.639441e-06
5.600000e+01	5.700000e+01	3.288391e-06	0.000000e+00	1.705521e-06
5.700000e+01	5.800000e+01	3.330168e-06	1.230995e-06	2.960332e-06
5.800000e+01	5.900000e+01	3.078307e-06	3.750850e-07	2.360142e-06
5.900000e+01	6.000000e+01	3.568778e-06	1.360979e-06	3.191447e-06
6.000000e+01	6.100000e+01	2.910788e-06	1.557079e-06	1.376095e-06
6.100000e+01	6.200000e+01	1.962930e-06	3.105630e-07	1.524837e-06
6.200000e+01	6.300000e+01	2.104053e-06	5.134340e-07	8.753000e-07
6.300000e+01	6.400000e+01	2.472700e-06	1.193334e-06	0.000000e+00
6.400000e+01	6.500000e+01	2.308999e-06	2.646177e-06	7.431480e-07
6.500000e+01	6.600000e+01	1.477910e-06	4.149850e-07	5.633310e-07
6.600000e+01	6.700000e+01	1.350870e-06	1.067384e-06	1.111854e-06
6.700000e+01	6.800000e+01	1.397459e-06	2.021050e-07	3.188180e-07
6.800000e+01	6.900000e+01	2.938060e-06	2.154644e-06	0.000000e+00
6.900000e+01	7.000000e+01	1.004178e-06	1.471717e-07	1.164002e-06
7.000000e+01	7.100000e+01	1.104769e-06	6.406701e-07	3.841200e-08
7.100000e+01	7.200000e+01	7.567246e-07	0.000000e+00	4.602984e-07
7.200000e+01	7.300000e+01	5.654451e-07	9.269070e-08	8.953959e-07
7.300000e+01	7.400000e+01	7.798405e-07	0.000000e+00	3.646475e-07
7.400000e+01	7.500000e+01	7.574736e-07	9.963400e-08	0.000000e+00
7.500000e+01	7.600000e+01	8.136882e-07	5.688906e-07	3.077960e-08
7.600000e+01	7.700000e+01	3.464890e-07	0.000000e+00	2.741403e-07
7.700000e+01	7.800000e+01	4.124144e-07	0.000000e+00	1.699175e-07
7.800000e+01	7.900000e+01	1.329178e-06	9.563126e-07	0.000000e+00
7.900000e+01	8.000000e+01	3.861488e-07	8.063680e-08	4.044806e-07
8.000000e+01	8.100000e+01	-1.536503e-07	0.000000e+00	7.264576e-07
8.100000e+01	8.200000e+01	4.222826e-07	2.209601e-07	8.558300e-09
8.200000e+01	8.300000e+01	3.258217e-07	1.359984e-07	3.988554e-06
8.300000e+01	8.400000e+01	4.356950e-07	2.390799e-07	0.000000e+00
8.400000e+01	8.500000e+01	3.012459e-07	1.007632e-07	2.091936e-07
8.500000e+01	8.600000e+01	1.809955e-07	6.395370e-08	1.019441e-07
8.600000e+01	8.700000e+01	2.284304e-07	6.825630e-08	7.842290e-08
8.700000e+01	8.800000e+01	2.690729e-07	1.638574e-07	7.138920e-08
8.800000e+01	8.900000e+01	1.673259e-07	4.152150e-08	1.785185e-07
8.900000e+01	9.000000e+01	1.588094e-07	6.007235e-08	3.666720e-07
9.000000e+01	9.100000e+01	3.516240e-08	0.000000e+00	2.719270e-07
9.100000e+01	9.200000e+01	1.454946e-07	1.677930e-08	1.903025e-07
9.200000e+01	9.300000e+01	8.059804e-08	4.245465e-08	3.072246e-08
9.300000e+01	9.400000e+01	1.145368e-07	4.513389e-08	1.579850e-07
9.400000e+01	9.500000e+01	1.519478e-07	9.206966e-08	0.000000e+00
9.500000e+01	9.600000e+01	7.014458e-08	1.132419e-07	0.000000e+00
9.600000e+01	9.700000e+01	9.190935e-08	4.961380e-09	4.113815e-08
9.700000e+01	9.800000e+01	8.000067e-08	1.447046e-08	4.202403e-08
9.800000e+01	9.900000e+01	8.669485e-08	5.700907e-08	1.886647e-07
9.900000e+01	1.000000e+02	4.167446e-08	4.086780e-09	5.715254e-08
# END HISTO1D


# BEGIN HISTO1D //homes/tinghua1/Merging-Project/Production/HJETS/ratio-plots/hjets-vbfnlo/H-2-3-25gev-combine.yoda/MC_H2JETS_04_INC/jet2_mass
ErrorBandColor=purple
ErrorBandOpacity=0.3
ErrorBands=1
ErrorType=env
LineColor=purple
LineStyle=solid
Path=//homes/tinghua1/Merging-Project/Production/HJETS/ratio-plots/hjets-vbfnlo/H-2-3-25gev-combine.yoda/MC_H2JETS_04_INC/jet2_mass
RatioPlotSameStyle=1
Title=h(2,3)
# xlow	 xhigh	 val	 errminus	 errplus
0.000000e+00	1.000000e+00	1.403830e+00	4.992285e-01	0.000000e+00
1.000000e+00	2.000000e+00	2.142432e-01	7.455820e-02	0.000000e+00
2.000000e+00	3.000000e+00	9.209489e-02	0.000000e+00	1.283861e-02
3.000000e+00	4.000000e+00	2.508974e-01	0.000000e+00	3.940630e-02
4.000000e+00	5.000000e+00	2.751710e-01	0.000000e+00	5.089140e-02
5.000000e+00	6.000000e+00	2.252325e-01	0.000000e+00	6.512120e-02
6.000000e+00	7.000000e+00	1.628410e-01	0.000000e+00	6.731720e-02
7.000000e+00	8.000000e+00	1.140254e-01	0.000000e+00	6.014500e-02
8.000000e+00	9.000000e+00	7.904011e-02	0.000000e+00	4.873169e-02
9.000000e+00	1.000000e+01	5.497114e-02	0.000000e+00	3.877964e-02
1.000000e+01	1.100000e+01	3.981781e-02	0.000000e+00	3.057373e-02
1.100000e+01	1.200000e+01	2.912923e-02	0.000000e+00	2.375449e-02
1.200000e+01	1.300000e+01	2.166174e-02	0.000000e+00	1.897472e-02
1.300000e+01	1.400000e+01	1.640777e-02	0.000000e+00	1.507846e-02
1.400000e+01	1.500000e+01	1.265005e-02	0.000000e+00	1.214973e-02
1.500000e+01	1.600000e+01	9.862072e-03	0.000000e+00	9.906518e-03
1.600000e+01	1.700000e+01	7.671005e-03	0.000000e+00	7.920935e-03
1.700000e+01	1.800000e+01	6.018078e-03	0.000000e+00	6.466792e-03
1.800000e+01	1.900000e+01	4.727932e-03	0.000000e+00	5.170301e-03
1.900000e+01	2.000000e+01	3.706958e-03	0.000000e+00	4.172411e-03
2.000000e+01	2.100000e+01	2.922744e-03	0.000000e+00	3.356234e-03
2.100000e+01	2.200000e+01	2.310192e-03	0.000000e+00	2.669663e-03
2.200000e+01	2.300000e+01	1.808973e-03	0.000000e+00	2.162135e-03
2.300000e+01	2.400000e+01	1.431213e-03	0.000000e+00	1.749875e-03
2.400000e+01	2.500000e+01	1.114352e-03	0.000000e+00	1.393318e-03
2.500000e+01	2.600000e+01	8.860318e-04	0.000000e+00	1.115604e-03
2.600000e+01	2.700000e+01	6.905600e-04	0.000000e+00	8.938800e-04
2.700000e+01	2.800000e+01	5.368793e-04	0.000000e+00	7.288897e-04
2.800000e+01	2.900000e+01	4.353035e-04	0.000000e+00	5.698965e-04
2.900000e+01	3.000000e+01	3.359537e-04	0.000000e+00	4.746603e-04
3.000000e+01	3.100000e+01	2.672560e-04	0.000000e+00	3.591040e-04
3.100000e+01	3.200000e+01	2.039263e-04	0.000000e+00	3.037896e-04
3.200000e+01	3.300000e+01	1.701449e-04	0.000000e+00	2.294236e-04
3.300000e+01	3.400000e+01	1.355025e-04	0.000000e+00	1.868034e-04
3.400000e+01	3.500000e+01	1.048934e-04	0.000000e+00	1.521557e-04
3.500000e+01	3.600000e+01	8.318385e-05	0.000000e+00	1.262671e-04
3.600000e+01	3.700000e+01	6.726320e-05	0.000000e+00	9.861910e-05
3.700000e+01	3.800000e+01	5.216606e-05	0.000000e+00	8.317704e-05
3.800000e+01	3.900000e+01	4.502805e-05	0.000000e+00	6.716165e-05
3.900000e+01	4.000000e+01	3.435516e-05	0.000000e+00	5.676200e-05
4.000000e+01	4.100000e+01	3.077534e-05	0.000000e+00	4.365932e-05
4.100000e+01	4.200000e+01	2.438165e-05	0.000000e+00	3.423788e-05
4.200000e+01	4.300000e+01	1.855646e-05	0.000000e+00	2.979373e-05
4.300000e+01	4.400000e+01	1.696888e-05	0.000000e+00	2.338930e-05
4.400000e+01	4.500000e+01	1.395050e-05	0.000000e+00	1.911961e-05
4.500000e+01	4.600000e+01	1.230552e-05	0.000000e+00	1.623092e-05
4.600000e+01	4.700000e+01	9.761934e-06	0.000000e+00	1.391516e-05
4.700000e+01	4.800000e+01	1.039374e-05	0.000000e+00	1.136273e-05
4.800000e+01	4.900000e+01	7.310736e-06	0.000000e+00	1.075550e-05
4.900000e+01	5.000000e+01	6.295862e-06	0.000000e+00	8.380418e-06
5.000000e+01	5.100000e+01	5.642573e-06	0.000000e+00	8.651737e-06
5.100000e+01	5.200000e+01	5.369695e-06	0.000000e+00	7.175655e-06
5.200000e+01	5.300000e+01	4.542290e-06	0.000000e+00	7.079630e-06
5.300000e+01	5.400000e+01	3.995590e-06	0.000000e+00	5.550179e-06
5.400000e+01	5.500000e+01	3.851570e-06	0.000000e+00	4.978048e-06
5.500000e+01	5.600000e+01	3.614202e-06	0.000000e+00	3.946336e-06
5.600000e+01	5.700000e+01	2.905492e-06	0.000000e+00	3.972489e-06
5.700000e+01	5.800000e+01	2.836869e-06	0.000000e+00	2.929029e-06
5.800000e+01	5.900000e+01	2.857607e-06	0.000000e+00	3.019896e-06
5.900000e+01	6.000000e+01	2.583327e-06	0.000000e+00	2.994979e-06
6.000000e+01	6.100000e+01	2.786960e-06	0.000000e+00	2.904671e-06
6.100000e+01	6.200000e+01	1.724251e-06	0.000000e+00	3.822870e-06
6.200000e+01	6.300000e+01	2.290839e-06	0.000000e+00	2.027956e-06
6.300000e+01	6.400000e+01	1.909326e-06	0.000000e+00	2.218688e-06
6.400000e+01	6.500000e+01	2.145848e-06	0.000000e+00	2.239064e-06
6.500000e+01	6.600000e+01	2.045537e-06	0.000000e+00	2.156676e-06
6.600000e+01	6.700000e+01	1.917804e-06	0.000000e+00	2.130783e-06
6.700000e+01	6.800000e+01	1.924022e-06	0.000000e+00	2.044106e-06
6.800000e+01	6.900000e+01	1.978451e-06	0.000000e+00	2.308927e-06
6.900000e+01	7.000000e+01	1.794990e-06	0.000000e+00	2.386313e-06
7.000000e+01	7.100000e+01	2.078096e-06	0.000000e+00	2.622020e-06
7.100000e+01	7.200000e+01	2.120862e-06	0.000000e+00	1.987303e-06
7.200000e+01	7.300000e+01	2.316481e-06	0.000000e+00	1.818711e-06
7.300000e+01	7.400000e+01	2.477903e-06	0.000000e+00	2.276217e-06
7.400000e+01	7.500000e+01	2.928415e-06	0.000000e+00	2.179261e-06
7.500000e+01	7.600000e+01	3.088538e-06	0.000000e+00	2.716237e-06
7.600000e+01	7.700000e+01	4.014869e-06	0.000000e+00	2.765371e-06
7.700000e+01	7.800000e+01	5.047249e-06	0.000000e+00	2.660232e-06
7.800000e+01	7.900000e+01	7.231508e-06	0.000000e+00	2.754691e-06
7.900000e+01	8.000000e+01	1.218805e-05	0.000000e+00	2.024050e-06
8.000000e+01	8.100000e+01	1.907488e-05	0.000000e+00	1.980130e-06
8.100000e+01	8.200000e+01	1.425704e-05	0.000000e+00	4.224420e-06
8.200000e+01	8.300000e+01	8.014089e-06	0.000000e+00	3.816021e-06
8.300000e+01	8.400000e+01	4.892151e-06	0.000000e+00	3.193532e-06
8.400000e+01	8.500000e+01	3.297931e-06	0.000000e+00	2.806023e-06
8.500000e+01	8.600000e+01	2.641141e-06	0.000000e+00	2.120136e-06
8.600000e+01	8.700000e+01	2.102660e-06	0.000000e+00	1.958201e-06
8.700000e+01	8.800000e+01	2.092382e-06	0.000000e+00	1.647684e-06
8.800000e+01	8.900000e+01	2.230580e-06	0.000000e+00	1.486393e-06
8.900000e+01	9.000000e+01	2.747499e-06	0.000000e+00	1.359875e-06
9.000000e+01	9.100000e+01	3.911861e-06	0.000000e+00	1.103077e-06
9.100000e+01	9.200000e+01	4.937772e-06	0.000000e+00	1.276095e-06
9.200000e+01	9.300000e+01	3.539361e-06	0.000000e+00	1.595870e-06
9.300000e+01	9.400000e+01	2.077386e-06	0.000000e+00	1.295260e-06
9.400000e+01	9.500000e+01	1.364798e-06	0.000000e+00	1.162680e-06
9.500000e+01	9.600000e+01	9.935111e-07	0.000000e+00	9.131269e-07
9.600000e+01	9.700000e+01	7.271003e-07	0.000000e+00	7.274727e-07
9.700000e+01	9.800000e+01	5.017249e-07	0.000000e+00	5.311261e-07
9.800000e+01	9.900000e+01	4.188215e-07	0.000000e+00	4.542956e-07
9.900000e+01	1.000000e+02	3.058261e-07	0.000000e+00	4.642546e-07
# END HISTO1D


# BEGIN HISTO1D //homes/tinghua1/Merging-Project/Production/HJETS/ratio-plots/hjets-vbfnlo/H-2-3-25gev-vbfnlo-combine.yoda/MC_H2JETS_04_INC/jet2_mass
ErrorBandColor=violet
ErrorBandOpacity=0.3
ErrorBands=1
ErrorType=env
LineColor=violet
LineStyle=solid
Path=//homes/tinghua1/Merging-Project/Production/HJETS/ratio-plots/hjets-vbfnlo/H-2-3-25gev-vbfnlo-combine.yoda/MC_H2JETS_04_INC/jet2_mass
RatioPlotSameStyle=1
Title=h(2,3)-vbfnlo
# xlow	 xhigh	 val	 errminus	 errplus
0.000000e+00	1.000000e+00	7.352770e-01	0.000000e+00	3.745820e-01
1.000000e+00	2.000000e+00	9.484627e-02	0.000000e+00	4.294803e-02
2.000000e+00	3.000000e+00	7.747308e-02	6.144080e-03	4.803310e-03
3.000000e+00	4.000000e+00	2.112842e-01	2.294130e-02	1.117810e-02
4.000000e+00	5.000000e+00	2.484484e-01	4.635220e-02	0.000000e+00
5.000000e+00	6.000000e+00	2.201392e-01	5.453570e-02	0.000000e+00
6.000000e+00	7.000000e+00	1.742374e-01	5.358340e-02	0.000000e+00
7.000000e+00	8.000000e+00	1.318109e-01	4.661496e-02	0.000000e+00
8.000000e+00	9.000000e+00	9.723435e-02	3.783747e-02	0.000000e+00
9.000000e+00	1.000000e+01	7.172787e-02	2.995552e-02	0.000000e+00
1.000000e+01	1.100000e+01	5.392707e-02	2.348175e-02	0.000000e+00
1.100000e+01	1.200000e+01	4.090259e-02	1.855872e-02	0.000000e+00
1.200000e+01	1.300000e+01	3.128846e-02	1.458437e-02	0.000000e+00
1.300000e+01	1.400000e+01	2.435497e-02	1.165406e-02	0.000000e+00
1.400000e+01	1.500000e+01	1.917345e-02	9.390799e-03	0.000000e+00
1.500000e+01	1.600000e+01	1.524449e-02	7.616741e-03	0.000000e+00
1.600000e+01	1.700000e+01	1.216119e-02	6.140167e-03	0.000000e+00
1.700000e+01	1.800000e+01	9.695559e-03	4.999955e-03	0.000000e+00
1.800000e+01	1.900000e+01	7.793583e-03	4.100515e-03	0.000000e+00
1.900000e+01	2.000000e+01	6.210919e-03	3.290932e-03	0.000000e+00
2.000000e+01	2.100000e+01	4.960276e-03	2.645422e-03	0.000000e+00
2.100000e+01	2.200000e+01	3.996206e-03	2.152452e-03	0.000000e+00
2.200000e+01	2.300000e+01	3.190153e-03	1.737939e-03	0.000000e+00
2.300000e+01	2.400000e+01	2.566851e-03	1.409672e-03	0.000000e+00
2.400000e+01	2.500000e+01	2.076872e-03	1.154745e-03	0.000000e+00
2.500000e+01	2.600000e+01	1.660278e-03	9.280401e-04	0.000000e+00
2.600000e+01	2.700000e+01	1.336486e-03	7.476961e-04	0.000000e+00
2.700000e+01	2.800000e+01	1.069673e-03	6.064507e-04	0.000000e+00
2.800000e+01	2.900000e+01	8.636954e-04	4.879341e-04	0.000000e+00
2.900000e+01	3.000000e+01	6.962492e-04	3.951198e-04	0.000000e+00
3.000000e+01	3.100000e+01	5.652811e-04	3.247247e-04	0.000000e+00
3.100000e+01	3.200000e+01	4.560584e-04	2.620056e-04	0.000000e+00
3.200000e+01	3.300000e+01	3.689808e-04	2.099914e-04	0.000000e+00
3.300000e+01	3.400000e+01	2.988152e-04	1.686588e-04	0.000000e+00
3.400000e+01	3.500000e+01	2.478290e-04	1.420741e-04	0.000000e+00
3.500000e+01	3.600000e+01	2.057045e-04	1.183062e-04	0.000000e+00
3.600000e+01	3.700000e+01	1.714839e-04	1.011784e-04	0.000000e+00
3.700000e+01	3.800000e+01	1.402326e-04	8.258448e-05	0.000000e+00
3.800000e+01	3.900000e+01	1.146806e-04	6.653432e-05	0.000000e+00
3.900000e+01	4.000000e+01	9.588898e-05	5.702743e-05	0.000000e+00
4.000000e+01	4.100000e+01	7.687117e-05	4.244342e-05	0.000000e+00
4.100000e+01	4.200000e+01	6.693957e-05	3.873194e-05	0.000000e+00
4.200000e+01	4.300000e+01	5.654932e-05	3.397639e-05	0.000000e+00
4.300000e+01	4.400000e+01	4.647741e-05	2.618013e-05	0.000000e+00
4.400000e+01	4.500000e+01	4.124340e-05	2.485961e-05	0.000000e+00
4.500000e+01	4.600000e+01	3.360657e-05	1.909547e-05	0.000000e+00
4.600000e+01	4.700000e+01	2.979921e-05	1.746060e-05	0.000000e+00
4.700000e+01	4.800000e+01	2.498586e-05	1.450884e-05	0.000000e+00
4.800000e+01	4.900000e+01	2.205542e-05	1.382467e-05	0.000000e+00
4.900000e+01	5.000000e+01	1.919171e-05	1.185404e-05	0.000000e+00
5.000000e+01	5.100000e+01	1.578387e-05	8.429073e-06	0.000000e+00
5.100000e+01	5.200000e+01	1.391452e-05	8.397596e-06	0.000000e+00
5.200000e+01	5.300000e+01	1.285948e-05	7.435078e-06	0.000000e+00
5.300000e+01	5.400000e+01	1.054835e-05	5.957024e-06	0.000000e+00
5.400000e+01	5.500000e+01	8.653698e-06	4.766796e-06	0.000000e+00
5.500000e+01	5.600000e+01	8.347463e-06	5.103593e-06	0.000000e+00
5.600000e+01	5.700000e+01	6.788350e-06	3.609322e-06	0.000000e+00
5.700000e+01	5.800000e+01	6.164780e-06	3.600934e-06	0.000000e+00
5.800000e+01	5.900000e+01	5.436976e-06	2.803871e-06	0.000000e+00
5.900000e+01	6.000000e+01	5.335661e-06	3.323493e-06	0.000000e+00
6.000000e+01	6.100000e+01	4.189986e-06	2.160620e-06	0.000000e+00
6.100000e+01	6.200000e+01	3.881130e-06	2.164369e-06	0.000000e+00
6.200000e+01	6.300000e+01	3.720595e-06	2.093573e-06	0.000000e+00
6.300000e+01	6.400000e+01	2.992407e-06	1.799965e-06	0.000000e+00
6.400000e+01	6.500000e+01	2.332624e-06	1.254370e-06	0.000000e+00
6.500000e+01	6.600000e+01	2.304385e-06	1.285534e-06	0.000000e+00
6.600000e+01	6.700000e+01	2.278877e-06	1.231368e-06	0.000000e+00
6.700000e+01	6.800000e+01	2.196580e-06	1.230309e-06	0.000000e+00
6.800000e+01	6.900000e+01	1.835262e-06	1.023152e-06	0.000000e+00
6.900000e+01	7.000000e+01	1.370684e-06	6.728560e-07	0.000000e+00
7.000000e+01	7.100000e+01	1.363203e-06	6.838058e-07	0.000000e+00
7.100000e+01	7.200000e+01	1.161451e-06	4.814804e-07	0.000000e+00
7.200000e+01	7.300000e+01	1.245786e-06	6.862809e-07	0.000000e+00
7.300000e+01	7.400000e+01	1.099569e-06	6.046577e-07	0.000000e+00
7.400000e+01	7.500000e+01	9.764775e-07	5.053324e-07	0.000000e+00
7.500000e+01	7.600000e+01	7.763859e-07	3.636712e-07	0.000000e+00
7.600000e+01	7.700000e+01	8.391283e-07	4.583610e-07	0.000000e+00
7.700000e+01	7.800000e+01	6.987824e-07	4.112263e-07	0.000000e+00
7.800000e+01	7.900000e+01	5.318798e-07	2.138618e-07	0.000000e+00
7.900000e+01	8.000000e+01	5.697161e-07	2.962607e-07	0.000000e+00
8.000000e+01	8.100000e+01	5.882591e-07	3.251054e-07	0.000000e+00
8.100000e+01	8.200000e+01	5.006324e-07	2.550095e-07	0.000000e+00
8.200000e+01	8.300000e+01	3.688625e-07	1.699013e-07	0.000000e+00
8.300000e+01	8.400000e+01	3.902339e-07	2.089488e-07	0.000000e+00
8.400000e+01	8.500000e+01	4.649967e-07	3.632441e-07	0.000000e+00
8.500000e+01	8.600000e+01	4.526985e-07	2.980478e-07	0.000000e+00
8.600000e+01	8.700000e+01	2.765167e-07	1.532285e-07	9.347050e-08
8.700000e+01	8.800000e+01	3.049922e-07	1.957317e-07	0.000000e+00
8.800000e+01	8.900000e+01	2.759852e-07	1.047332e-07	0.000000e+00
8.900000e+01	9.000000e+01	1.358135e-07	1.267600e-09	1.109840e-08
9.000000e+01	9.100000e+01	2.214026e-07	1.073572e-07	0.000000e+00
9.100000e+01	9.200000e+01	3.003949e-07	1.660733e-07	0.000000e+00
9.200000e+01	9.300000e+01	1.441805e-07	5.456263e-08	0.000000e+00
9.300000e+01	9.400000e+01	2.266191e-07	1.565713e-07	0.000000e+00
9.400000e+01	9.500000e+01	1.524700e-07	9.162980e-08	0.000000e+00
9.500000e+01	9.600000e+01	3.290539e-07	3.013265e-07	0.000000e+00
9.600000e+01	9.700000e+01	2.170483e-07	1.638260e-07	0.000000e+00
9.700000e+01	9.800000e+01	1.146052e-07	4.749491e-08	0.000000e+00
9.800000e+01	9.900000e+01	2.652071e-08	0.000000e+00	4.726221e-08
9.900000e+01	1.000000e+02	1.167360e-07	6.391437e-08	0.000000e+00
# END HISTO1D

