# BEGIN PLOT
Rebin=2
DrawOnly=//homes/tinghua1/Merging-Project/Production/HJETS/ratio-plots/hjets-vbfnlo/H-N2-N3-4-25gev-combine.yoda/MC_H2JETS_04_INC/jet4_mass //homes/tinghua1/Merging-Project/Production/HJETS/ratio-plots/hjets-vbfnlo/H-N2-N3-4-25gev-vbfnlo-combine.yoda/MC_H2JETS_04_INC/jet4_mass //homes/tinghua1/Merging-Project/Production/HJETS/ratio-plots/hjets-vbfnlo/H-N2-3-4-25gev-combine.yoda/MC_H2JETS_04_INC/jet4_mass //homes/tinghua1/Merging-Project/Production/HJETS/ratio-plots/hjets-vbfnlo/H-N2-3-4-25gev-vbfnlo-combine.yoda/MC_H2JETS_04_INC/jet4_mass //homes/tinghua1/Merging-Project/Production/HJETS/ratio-plots/hjets-vbfnlo/H-2-3-4-25gev-combine.yoda/MC_H2JETS_04_INC/jet4_mass //homes/tinghua1/Merging-Project/Production/HJETS/ratio-plots/hjets-vbfnlo/H-2-3-4-25gev-vbfnlo-combine.yoda/MC_H2JETS_04_INC/jet4_mass //homes/tinghua1/Merging-Project/Production/HJETS/ratio-plots/hjets-vbfnlo/H-2-3-25gev-combine.yoda/MC_H2JETS_04_INC/jet4_mass //homes/tinghua1/Merging-Project/Production/HJETS/ratio-plots/hjets-vbfnlo/H-2-3-25gev-vbfnlo-combine.yoda/MC_H2JETS_04_INC/jet4_mass
RightMargin=0.5
RatioPlotReference=//homes/tinghua1/Merging-Project/Production/HJETS/ratio-plots/hjets-vbfnlo/H-N2-N3-4-25gev-combine.yoda/MC_H2JETS_04_INC/jet4_mass
#RatioPlot=1
LogY=1
RatioPlotYMax=3.0
#LegendOnly=//homes/tinghua1/Merging-Project/Production/HJETS/ratio-plots/hjets-vbfnlo/H-N2-N3-4-25gev-combine.yoda/MC_H2JETS_04_INC/jet4_mass //homes/tinghua1/Merging-Project/Production/HJETS/ratio-plots/hjets-vbfnlo/H-N2-N3-4-25gev-vbfnlo-combine.yoda/MC_H2JETS_04_INC/jet4_mass //homes/tinghua1/Merging-Project/Production/HJETS/ratio-plots/hjets-vbfnlo/H-N2-3-4-25gev-combine.yoda/MC_H2JETS_04_INC/jet4_mass //homes/tinghua1/Merging-Project/Production/HJETS/ratio-plots/hjets-vbfnlo/H-N2-3-4-25gev-vbfnlo-combine.yoda/MC_H2JETS_04_INC/jet4_mass //homes/tinghua1/Merging-Project/Production/HJETS/ratio-plots/hjets-vbfnlo/H-2-3-4-25gev-combine.yoda/MC_H2JETS_04_INC/jet4_mass //homes/tinghua1/Merging-Project/Production/HJETS/ratio-plots/hjets-vbfnlo/H-2-3-4-25gev-vbfnlo-combine.yoda/MC_H2JETS_04_INC/jet4_mass //homes/tinghua1/Merging-Project/Production/HJETS/ratio-plots/hjets-vbfnlo/H-2-3-25gev-combine.yoda/MC_H2JETS_04_INC/jet4_mass //homes/tinghua1/Merging-Project/Production/HJETS/ratio-plots/hjets-vbfnlo/H-2-3-25gev-vbfnlo-combine.yoda/MC_H2JETS_04_INC/jet4_mass
RatioPlotYLabel=Ratio
Scale=1000.0
XLabel=$m_{j_4}$ (GeV)
LegendAlign=r
YLabel=$ \text{d} \sigma/ \text{d}  m_{j_4}$ (fb/GeV)
Legend=1
RatioPlot=4
MainPlotSelection={"Selection":[1,2,3,4,5,6,7,8]}
RatioPlots={"RatioPlotYLabel":"","Selection":[1,2]};{"RatioPlotYLabel":"","Selection":[3,4]};{"RatioPlotYLabel":"","Selection":[5,6]};{"RatioPlotYLabel":"","Selection":[7,8]}
RatioPlotSameStyle=1
RatioPlotYMin=0.0
# END PLOT


# BEGIN SPECIAL /MC_H2JETS_04_INC/jet4_mass
\rput[tl](0.05,0.75){\parbox{5cm}{\textcolor{gray}{{\bf Herwig 7.2.0} \\ HJETS/ColorFull}}}
# END SPECIAL

# BEGIN HISTO1D //homes/tinghua1/Merging-Project/Production/HJETS/ratio-plots/hjets-vbfnlo/H-N2-N3-4-25gev-combine.yoda/MC_H2JETS_04_INC/jet4_mass
ErrorBandColor=orange
ErrorBandOpacity=0.3
ErrorBands=1
ErrorType=env
LineColor=orange
LineStyle=solid
Path=//homes/tinghua1/Merging-Project/Production/HJETS/ratio-plots/hjets-vbfnlo/H-N2-N3-4-25gev-combine.yoda/MC_H2JETS_04_INC/jet4_mass
RatioPlotSameStyle=1
Title=h(2*,3*,4)
# xlow	 xhigh	 val	 errminus	 errplus
0.000000e+00	1.000000e+00	7.322542e-02	3.668990e-03	1.816923e-02
1.000000e+00	2.000000e+00	1.152267e-02	0.000000e+00	3.740000e-04
2.000000e+00	3.000000e+00	9.804390e-03	2.107174e-03	6.463400e-04
3.000000e+00	4.000000e+00	2.828286e-02	6.027250e-03	1.877050e-03
4.000000e+00	5.000000e+00	3.263945e-02	6.945720e-03	3.422000e-03
5.000000e+00	6.000000e+00	2.633936e-02	7.956040e-03	4.008140e-03
6.000000e+00	7.000000e+00	1.646788e-02	5.707970e-03	5.146760e-03
7.000000e+00	8.000000e+00	1.029562e-02	3.556021e-03	3.601760e-03
8.000000e+00	9.000000e+00	7.904384e-03	4.235895e-03	9.149040e-04
9.000000e+00	1.000000e+01	3.762035e-03	1.541253e-03	1.695397e-03
1.000000e+01	1.100000e+01	3.098576e-03	1.290402e-03	5.170580e-04
1.100000e+01	1.200000e+01	2.168075e-03	9.037830e-04	8.415990e-04
1.200000e+01	1.300000e+01	1.638995e-03	7.638598e-04	6.695300e-04
1.300000e+01	1.400000e+01	1.247934e-03	5.505285e-04	5.199560e-04
1.400000e+01	1.500000e+01	1.030619e-03	4.696026e-04	4.340270e-04
1.500000e+01	1.600000e+01	7.958563e-04	3.431419e-04	4.254847e-04
1.600000e+01	1.700000e+01	5.858800e-04	2.372298e-04	2.686266e-04
1.700000e+01	1.800000e+01	4.073439e-04	1.932074e-04	2.238882e-04
1.800000e+01	1.900000e+01	3.263971e-04	1.911537e-04	1.987513e-04
1.900000e+01	2.000000e+01	2.265874e-04	1.234452e-04	1.511307e-04
2.000000e+01	2.100000e+01	1.913734e-04	1.102381e-04	1.049312e-04
2.100000e+01	2.200000e+01	1.005950e-04	4.851481e-05	9.721800e-05
2.200000e+01	2.300000e+01	8.044197e-05	3.568865e-05	7.292363e-05
2.300000e+01	2.400000e+01	8.052595e-05	5.357161e-05	3.155785e-05
2.400000e+01	2.500000e+01	5.571232e-05	3.457615e-05	8.583348e-05
2.500000e+01	2.600000e+01	3.359659e-05	1.219110e-05	4.381813e-05
2.600000e+01	2.700000e+01	2.639708e-05	1.203677e-05	3.561833e-05
2.700000e+01	2.800000e+01	2.383683e-05	1.450179e-05	2.267513e-05
2.800000e+01	2.900000e+01	1.992552e-05	1.198652e-05	1.415014e-05
2.900000e+01	3.000000e+01	1.047678e-05	5.463456e-06	1.710210e-06
3.000000e+01	3.100000e+01	1.038607e-05	5.030367e-06	7.162750e-06
3.100000e+01	3.200000e+01	7.976754e-06	5.346027e-06	1.656844e-06
3.200000e+01	3.300000e+01	5.606776e-06	2.674579e-06	5.413784e-06
3.300000e+01	3.400000e+01	2.881749e-06	1.173268e-06	7.748971e-06
3.400000e+01	3.500000e+01	4.663834e-06	3.062285e-06	3.214486e-06
3.500000e+01	3.600000e+01	3.221520e-06	1.573118e-06	3.387592e-06
3.600000e+01	3.700000e+01	4.340495e-06	3.358899e-06	1.301642e-06
3.700000e+01	3.800000e+01	-1.637260e-06	0.000000e+00	5.782126e-06
3.800000e+01	3.900000e+01	1.558739e-06	5.644953e-07	2.037998e-06
3.900000e+01	4.000000e+01	1.378353e-06	6.997197e-07	1.101832e-06
4.000000e+01	4.100000e+01	8.970967e-07	5.590861e-07	1.653702e-06
4.100000e+01	4.200000e+01	1.021357e-06	6.045345e-07	1.055211e-06
4.200000e+01	4.300000e+01	7.825937e-07	5.341758e-07	7.597163e-07
4.300000e+01	4.400000e+01	6.613972e-07	2.715007e-07	4.901588e-07
4.400000e+01	4.500000e+01	2.876816e-07	1.159556e-07	1.133637e-06
4.500000e+01	4.600000e+01	3.620478e-07	2.347510e-07	5.123550e-07
4.600000e+01	4.700000e+01	3.920425e-07	2.594544e-07	2.342050e-07
4.700000e+01	4.800000e+01	3.626657e-07	2.074822e-07	5.318554e-07
4.800000e+01	4.900000e+01	2.951520e-07	2.365129e-07	3.346369e-07
4.900000e+01	5.000000e+01	2.966260e-07	9.439100e-08	2.542124e-07
5.000000e+01	5.100000e+01	2.907333e-07	2.147624e-07	3.344487e-07
5.100000e+01	5.200000e+01	1.650002e-07	2.841280e-08	1.566865e-07
5.200000e+01	5.300000e+01	5.738878e-08	6.367000e-10	2.016046e-07
5.300000e+01	5.400000e+01	1.395904e-07	9.267094e-08	9.261530e-08
5.400000e+01	5.500000e+01	-4.029042e-08	0.000000e+00	2.525392e-07
5.500000e+01	5.600000e+01	6.114547e-08	7.683880e-09	1.586207e-07
5.600000e+01	5.700000e+01	6.209177e-08	4.845620e-08	7.748913e-08
5.700000e+01	5.800000e+01	7.143430e-08	3.238300e-08	1.709537e-07
5.800000e+01	5.900000e+01	1.710959e-07	1.501747e-07	0.000000e+00
5.900000e+01	6.000000e+01	7.703908e-08	5.005809e-08	6.902502e-08
6.000000e+01	6.100000e+01	6.908522e-08	5.401403e-08	3.292508e-08
6.100000e+01	6.200000e+01	4.455780e-08	3.119830e-09	7.379720e-08
6.200000e+01	6.300000e+01	3.298734e-08	2.042718e-08	7.770790e-09
6.300000e+01	6.400000e+01	2.948197e-08	2.118457e-08	3.515331e-08
6.400000e+01	6.500000e+01	7.953635e-08	4.084639e-08	8.024845e-08
6.500000e+01	6.600000e+01	3.263015e-08	2.702416e-08	0.000000e+00
6.600000e+01	6.700000e+01	1.538854e-08	2.295860e-09	2.738730e-08
6.700000e+01	6.800000e+01	1.209832e-08	5.405202e-09	2.317966e-08
6.800000e+01	6.900000e+01	1.984600e-08	1.230487e-08	1.995149e-08
6.900000e+01	7.000000e+01	3.159192e-08	2.422283e-08	4.791850e-09
7.000000e+01	7.100000e+01	4.843727e-08	4.512827e-08	7.476220e-09
7.100000e+01	7.200000e+01	1.855252e-08	0.000000e+00	4.800683e-08
7.200000e+01	7.300000e+01	1.098625e-08	7.663215e-09	2.950910e-09
7.300000e+01	7.400000e+01	8.070706e-09	5.676085e-09	1.453458e-08
7.400000e+01	7.500000e+01	4.989607e-09	0.000000e+00	1.349628e-08
7.500000e+01	7.600000e+01	9.970502e-09	2.395369e-09	7.145849e-08
7.600000e+01	7.700000e+01	1.549309e-08	1.308512e-08	1.496891e-08
7.700000e+01	7.800000e+01	2.078060e-08	2.499130e-09	0.000000e+00
7.800000e+01	7.900000e+01	5.860061e-09	0.000000e+00	1.482273e-08
7.900000e+01	8.000000e+01	4.716168e-09	0.000000e+00	3.840530e-08
8.000000e+01	8.100000e+01	1.807349e-08	4.272030e-09	2.397684e-08
8.100000e+01	8.200000e+01	1.659226e-08	7.465424e-09	8.409120e-09
8.200000e+01	8.300000e+01	1.255578e-08	1.130027e-08	1.652180e-09
8.300000e+01	8.400000e+01	4.339761e-09	0.000000e+00	1.540460e-08
8.400000e+01	8.500000e+01	4.016968e-09	0.000000e+00	8.248532e-09
8.500000e+01	8.600000e+01	2.558630e-09	8.679200e-11	6.743425e-09
8.600000e+01	8.700000e+01	1.323013e-09	3.616598e-10	5.114636e-09
8.700000e+01	8.800000e+01	2.844184e-09	2.271065e-09	3.107424e-09
8.800000e+01	8.900000e+01	-5.438208e-10	0.000000e+00	5.656820e-09
8.900000e+01	9.000000e+01	6.849891e-10	0.000000e+00	7.083670e-09
9.000000e+01	9.100000e+01	-2.113508e-09	0.000000e+00	1.015765e-08
9.100000e+01	9.200000e+01	9.374032e-10	0.000000e+00	1.052722e-08
9.200000e+01	9.300000e+01	1.907497e-09	5.657810e-10	8.410810e-10
9.300000e+01	9.400000e+01	8.833075e-10	4.581179e-10	2.546792e-08
9.400000e+01	9.500000e+01	2.926556e-09	2.381460e-09	1.316029e-09
9.500000e+01	9.600000e+01	3.291041e-10	0.000000e+00	4.286428e-09
9.600000e+01	9.700000e+01	9.129271e-10	3.543376e-10	2.209881e-09
9.700000e+01	9.800000e+01	4.397791e-09	4.321106e-09	0.000000e+00
9.800000e+01	9.900000e+01	3.126869e-09	3.007364e-09	0.000000e+00
9.900000e+01	1.000000e+02	4.358450e-10	3.629614e-10	1.231933e-08
# END HISTO1D


# BEGIN HISTO1D //homes/tinghua1/Merging-Project/Production/HJETS/ratio-plots/hjets-vbfnlo/H-N2-N3-4-25gev-vbfnlo-combine.yoda/MC_H2JETS_04_INC/jet4_mass
ErrorBandColor=red
ErrorBandOpacity=0.3
ErrorBands=1
ErrorType=env
LineColor=red
LineStyle=solid
Path=//homes/tinghua1/Merging-Project/Production/HJETS/ratio-plots/hjets-vbfnlo/H-N2-N3-4-25gev-vbfnlo-combine.yoda/MC_H2JETS_04_INC/jet4_mass
RatioPlotSameStyle=1
Title=h(2*,3*,4)-vbfnlo
# xlow	 xhigh	 val	 errminus	 errplus
0.000000e+00	1.000000e+00	4.280744e-02	1.040789e-02	0.000000e+00
1.000000e+00	2.000000e+00	4.604086e-03	2.356830e-04	0.000000e+00
2.000000e+00	3.000000e+00	3.509135e-03	0.000000e+00	1.171991e-03
3.000000e+00	4.000000e+00	1.102695e-02	0.000000e+00	2.278020e-03
4.000000e+00	5.000000e+00	1.161726e-02	0.000000e+00	4.657280e-03
5.000000e+00	6.000000e+00	8.130306e-03	0.000000e+00	4.594744e-03
6.000000e+00	7.000000e+00	4.340074e-03	0.000000e+00	3.952000e-03
7.000000e+00	8.000000e+00	2.539171e-03	0.000000e+00	2.789212e-03
8.000000e+00	9.000000e+00	1.469513e-03	0.000000e+00	1.685081e-03
9.000000e+00	1.000000e+01	8.174444e-04	0.000000e+00	1.016209e-03
1.000000e+01	1.100000e+01	6.079100e-04	0.000000e+00	7.805890e-04
1.100000e+01	1.200000e+01	5.035550e-04	0.000000e+00	5.556240e-04
1.200000e+01	1.300000e+01	2.895445e-04	0.000000e+00	4.055699e-04
1.300000e+01	1.400000e+01	2.608147e-04	0.000000e+00	3.882128e-04
1.400000e+01	1.500000e+01	1.747601e-04	0.000000e+00	5.703336e-04
1.500000e+01	1.600000e+01	1.532536e-04	0.000000e+00	2.211299e-04
1.600000e+01	1.700000e+01	1.060191e-04	0.000000e+00	1.802787e-04
1.700000e+01	1.800000e+01	7.500827e-05	0.000000e+00	1.079184e-04
1.800000e+01	1.900000e+01	5.380370e-05	0.000000e+00	8.024260e-05
1.900000e+01	2.000000e+01	3.963911e-05	0.000000e+00	6.316129e-05
2.000000e+01	2.100000e+01	2.419968e-05	0.000000e+00	5.798388e-05
2.100000e+01	2.200000e+01	2.167815e-05	0.000000e+00	3.913563e-05
2.200000e+01	2.300000e+01	1.557377e-05	0.000000e+00	1.541189e-05
2.300000e+01	2.400000e+01	6.940601e-06	0.000000e+00	2.040103e-05
2.400000e+01	2.500000e+01	2.065308e-06	0.000000e+00	1.665903e-05
2.500000e+01	2.600000e+01	3.463759e-06	0.000000e+00	1.538433e-05
2.600000e+01	2.700000e+01	2.084864e-06	0.000000e+00	6.744033e-06
2.700000e+01	2.800000e+01	2.789130e-06	0.000000e+00	5.290518e-06
2.800000e+01	2.900000e+01	1.688321e-06	0.000000e+00	2.227393e-06
2.900000e+01	3.000000e+01	1.534786e-06	0.000000e+00	2.982557e-06
3.000000e+01	3.100000e+01	6.337157e-07	0.000000e+00	1.909723e-06
3.100000e+01	3.200000e+01	7.910317e-07	3.498857e-07	1.481612e-06
3.200000e+01	3.300000e+01	9.899965e-07	1.338592e-06	6.802435e-07
3.300000e+01	3.400000e+01	2.285110e-07	0.000000e+00	1.488443e-06
3.400000e+01	3.500000e+01	3.385018e-07	2.722682e-07	5.644204e-07
3.500000e+01	3.600000e+01	1.512408e-07	0.000000e+00	9.819062e-07
3.600000e+01	3.700000e+01	8.912708e-08	0.000000e+00	4.989686e-07
3.700000e+01	3.800000e+01	1.148906e-07	0.000000e+00	2.349037e-07
3.800000e+01	3.900000e+01	9.295672e-08	3.207541e-07	5.098550e-07
3.900000e+01	4.000000e+01	7.125304e-08	3.277557e-08	1.719698e-07
4.000000e+01	4.100000e+01	6.427913e-08	0.000000e+00	5.553627e-08
4.100000e+01	4.200000e+01	5.781260e-08	5.276674e-08	2.610784e-07
4.200000e+01	4.300000e+01	2.563517e-08	0.000000e+00	1.623870e-07
4.300000e+01	4.400000e+01	1.504009e-08	1.025680e-06	6.605653e-08
4.400000e+01	4.500000e+01	7.765160e-10	0.000000e+00	1.595838e-07
4.500000e+01	4.600000e+01	1.641892e-08	0.000000e+00	1.410864e-07
4.600000e+01	4.700000e+01	1.017846e-08	0.000000e+00	4.906042e-08
4.700000e+01	4.800000e+01	7.466590e-09	8.578713e-09	2.010512e-08
4.800000e+01	4.900000e+01	-8.137311e-08	0.000000e+00	1.045463e-07
4.900000e+01	5.000000e+01	7.761120e-10	8.598892e-09	8.826722e-09
5.000000e+01	5.100000e+01	2.978949e-09	0.000000e+00	6.003318e-09
5.100000e+01	5.200000e+01	2.265329e-09	0.000000e+00	5.997346e-09
5.200000e+01	5.300000e+01	1.524844e-09	0.000000e+00	2.485834e-08
5.300000e+01	5.400000e+01	2.090700e-09	0.000000e+00	5.422111e-08
5.400000e+01	5.500000e+01	1.295306e-09	2.551254e-08	6.283872e-09
5.500000e+01	5.600000e+01	-3.281182e-10	0.000000e+00	5.336327e-09
5.600000e+01	5.700000e+01	7.722994e-10	0.000000e+00	3.677770e-09
5.700000e+01	5.800000e+01	4.923628e-09	1.441853e-09	3.207134e-09
5.800000e+01	5.900000e+01	1.016810e-09	0.000000e+00	9.053140e-09
5.900000e+01	6.000000e+01	1.520384e-09	1.517908e-09	1.912858e-09
6.000000e+01	6.100000e+01	-2.354984e-10	2.101291e-10	1.758767e-09
6.100000e+01	6.200000e+01	5.075896e-10	0.000000e+00	1.427404e-09
6.200000e+01	6.300000e+01	1.029371e-09	3.739818e-09	1.020106e-09
6.300000e+01	6.400000e+01	1.449826e-09	8.641235e-10	2.589129e-09
6.400000e+01	6.500000e+01	1.379183e-10	0.000000e+00	7.770923e-10
6.500000e+01	6.600000e+01	1.695880e-10	0.000000e+00	1.756035e-09
6.600000e+01	6.700000e+01	2.704925e-10	0.000000e+00	9.532575e-10
6.700000e+01	6.800000e+01	1.276949e-10	0.000000e+00	7.854086e-10
6.800000e+01	6.900000e+01	1.339304e-10	0.000000e+00	6.182010e-10
6.900000e+01	7.000000e+01	6.807693e-11	2.105354e-10	1.111974e-09
7.000000e+01	7.100000e+01	4.025278e-10	4.330410e-11	0.000000e+00
7.100000e+01	7.200000e+01	-1.888504e-10	0.000000e+00	7.521741e-10
7.200000e+01	7.300000e+01	5.260796e-11	0.000000e+00	4.729052e-10
7.300000e+01	7.400000e+01	5.237327e-10	2.031858e-09	0.000000e+00
7.400000e+01	7.500000e+01	-1.235416e-12	0.000000e+00	3.846795e-10
7.500000e+01	7.600000e+01	8.996297e-12	0.000000e+00	3.355155e-10
7.600000e+01	7.700000e+01	4.220428e-11	0.000000e+00	8.315722e-10
7.700000e+01	7.800000e+01	3.843486e-11	0.000000e+00	3.927341e-11
7.800000e+01	7.900000e+01	2.849391e-11	4.901026e-11	1.065220e-10
7.900000e+01	8.000000e+01	1.559149e-11	0.000000e+00	2.191002e-09
8.000000e+01	8.100000e+01	1.478598e-11	0.000000e+00	7.903594e-11
8.100000e+01	8.200000e+01	1.414367e-11	0.000000e+00	1.462480e-10
8.200000e+01	8.300000e+01	2.672523e-11	1.720440e-09	3.394431e-11
8.300000e+01	8.400000e+01	3.552534e-11	9.174518e-10	0.000000e+00
8.400000e+01	8.500000e+01	8.414571e-12	0.000000e+00	1.153167e-10
8.500000e+01	8.600000e+01	3.094448e-12	0.000000e+00	1.333861e-10
8.600000e+01	8.700000e+01	9.993968e-13	0.000000e+00	1.469642e-10
8.700000e+01	8.800000e+01	2.252876e-11	1.128810e-11	1.953045e-10
8.800000e+01	8.900000e+01	1.636465e-10	9.943962e-11	0.000000e+00
8.900000e+01	9.000000e+01	5.989567e-12	0.000000e+00	2.382847e-11
9.000000e+01	9.100000e+01	1.065047e-12	0.000000e+00	1.561885e-10
9.100000e+01	9.200000e+01	1.534885e-11	3.973928e-11	0.000000e+00
9.200000e+01	9.300000e+01	4.962189e-13	6.124250e-12	1.342769e-11
9.300000e+01	9.400000e+01	1.239071e-12	1.471933e-12	1.852249e-10
9.400000e+01	9.500000e+01	8.371193e-12	5.015143e-12	1.737377e-12
9.500000e+01	9.600000e+01	2.465623e-13	0.000000e+00	2.465349e-11
9.600000e+01	9.700000e+01	2.389680e-13	0.000000e+00	1.512296e-11
9.700000e+01	9.800000e+01	1.319679e-12	1.411160e-13	7.859434e-12
9.800000e+01	9.900000e+01	1.940992e-12	0.000000e+00	3.189168e-11
9.900000e+01	1.000000e+02	6.227978e-14	4.021537e-12	1.940097e-12
# END HISTO1D


# BEGIN HISTO1D //homes/tinghua1/Merging-Project/Production/HJETS/ratio-plots/hjets-vbfnlo/H-N2-3-4-25gev-combine.yoda/MC_H2JETS_04_INC/jet4_mass
ErrorBandColor=blue
ErrorBandOpacity=0.3
ErrorBands=1
ErrorType=env
LineColor=blue
LineStyle=solid
Path=//homes/tinghua1/Merging-Project/Production/HJETS/ratio-plots/hjets-vbfnlo/H-N2-3-4-25gev-combine.yoda/MC_H2JETS_04_INC/jet4_mass
RatioPlotSameStyle=1
Title=h(2*,3,4)
# xlow	 xhigh	 val	 errminus	 errplus
0.000000e+00	1.000000e+00	7.191727e-02	0.000000e+00	1.098171e-02
1.000000e+00	2.000000e+00	1.119838e-02	0.000000e+00	9.959700e-04
2.000000e+00	3.000000e+00	9.391209e-03	2.267331e-03	1.352671e-03
3.000000e+00	4.000000e+00	2.739589e-02	6.095000e-03	2.898630e-03
4.000000e+00	5.000000e+00	3.144313e-02	7.208180e-03	6.382230e-03
5.000000e+00	6.000000e+00	2.420472e-02	7.140690e-03	6.401110e-03
6.000000e+00	7.000000e+00	1.605945e-02	5.974820e-03	5.499900e-03
7.000000e+00	8.000000e+00	9.908993e-03	4.018120e-03	4.040177e-03
8.000000e+00	9.000000e+00	5.944804e-03	2.485417e-03	2.702417e-03
9.000000e+00	1.000000e+01	3.639427e-03	1.572323e-03	1.936035e-03
1.000000e+01	1.100000e+01	2.681013e-03	1.036697e-03	1.377015e-03
1.100000e+01	1.200000e+01	2.067973e-03	8.767740e-04	1.096235e-03
1.200000e+01	1.300000e+01	1.613644e-03	7.033658e-04	8.035520e-04
1.300000e+01	1.400000e+01	1.220898e-03	5.293243e-04	7.006890e-04
1.400000e+01	1.500000e+01	9.908283e-04	4.864330e-04	5.126887e-04
1.500000e+01	1.600000e+01	7.506161e-04	3.211615e-04	4.561589e-04
1.600000e+01	1.700000e+01	6.379044e-04	3.462268e-04	2.820877e-04
1.700000e+01	1.800000e+01	4.587028e-04	2.281536e-04	2.426490e-04
1.800000e+01	1.900000e+01	3.362435e-04	1.921839e-04	1.688971e-04
1.900000e+01	2.000000e+01	2.424086e-04	1.341478e-04	1.348504e-04
2.000000e+01	2.100000e+01	1.725821e-04	9.256747e-05	1.124712e-04
2.100000e+01	2.200000e+01	1.261031e-04	6.999018e-05	7.724080e-05
2.200000e+01	2.300000e+01	9.437988e-05	5.485605e-05	6.161172e-05
2.300000e+01	2.400000e+01	5.904019e-05	2.422026e-05	5.311091e-05
2.400000e+01	2.500000e+01	5.613812e-05	3.596557e-05	3.110328e-05
2.500000e+01	2.600000e+01	3.844344e-05	2.257041e-05	2.486884e-05
2.600000e+01	2.700000e+01	2.995300e-05	1.817046e-05	2.825906e-05
2.700000e+01	2.800000e+01	2.129011e-05	1.093763e-05	2.182294e-05
2.800000e+01	2.900000e+01	1.420737e-05	5.719855e-06	1.512489e-05
2.900000e+01	3.000000e+01	1.412110e-05	7.953678e-06	1.092755e-05
3.000000e+01	3.100000e+01	1.010672e-05	5.253991e-06	5.891250e-06
3.100000e+01	3.200000e+01	7.187288e-06	3.747293e-06	8.041942e-06
3.200000e+01	3.300000e+01	6.884320e-06	3.726702e-06	4.464610e-06
3.300000e+01	3.400000e+01	6.137381e-06	4.585219e-06	1.641798e-06
3.400000e+01	3.500000e+01	3.285380e-06	1.489601e-06	3.350223e-06
3.500000e+01	3.600000e+01	2.671261e-06	8.406680e-07	2.072814e-06
3.600000e+01	3.700000e+01	1.896969e-06	2.225670e-07	2.686790e-06
3.700000e+01	3.800000e+01	2.477565e-06	1.738661e-06	9.105910e-07
3.800000e+01	3.900000e+01	1.850499e-06	9.511099e-07	4.958920e-07
3.900000e+01	4.000000e+01	1.096575e-06	0.000000e+00	1.237067e-06
4.000000e+01	4.100000e+01	1.299285e-06	9.662389e-07	6.632960e-07
4.100000e+01	4.200000e+01	5.206544e-07	1.139568e-07	1.011400e-06
4.200000e+01	4.300000e+01	8.163160e-07	5.436406e-07	5.355660e-07
4.300000e+01	4.400000e+01	6.319537e-07	3.186309e-07	4.419013e-07
4.400000e+01	4.500000e+01	4.979554e-07	2.742044e-07	5.034166e-07
4.500000e+01	4.600000e+01	4.324905e-07	7.360870e-08	4.576358e-07
4.600000e+01	4.700000e+01	4.213734e-07	2.318946e-07	2.039116e-07
4.700000e+01	4.800000e+01	2.633640e-07	6.437060e-08	4.805399e-07
4.800000e+01	4.900000e+01	2.086755e-07	1.066749e-07	3.604201e-07
4.900000e+01	5.000000e+01	3.078367e-07	2.280932e-07	1.643018e-07
5.000000e+01	5.100000e+01	2.669749e-07	2.167110e-07	1.466623e-07
5.100000e+01	5.200000e+01	2.018558e-07	1.155625e-07	2.404147e-07
5.200000e+01	5.300000e+01	1.298951e-07	6.423127e-08	2.141224e-07
5.300000e+01	5.400000e+01	6.899323e-08	3.053943e-08	1.040077e-07
5.400000e+01	5.500000e+01	2.682713e-07	1.420830e-07	0.000000e+00
5.500000e+01	5.600000e+01	6.220488e-08	9.386860e-09	7.418022e-08
5.600000e+01	5.700000e+01	5.301838e-08	3.675610e-09	1.378752e-07
5.700000e+01	5.800000e+01	9.122779e-08	7.015519e-08	1.774475e-07
5.800000e+01	5.900000e+01	4.916623e-08	1.904944e-08	5.377717e-08
5.900000e+01	6.000000e+01	7.872144e-08	4.665148e-08	0.000000e+00
6.000000e+01	6.100000e+01	4.810469e-08	2.326628e-08	4.844635e-08
6.100000e+01	6.200000e+01	5.710960e-08	3.789397e-08	2.340833e-08
6.200000e+01	6.300000e+01	2.451404e-08	1.670590e-08	1.424884e-07
6.300000e+01	6.400000e+01	3.465208e-08	2.478493e-08	0.000000e+00
6.400000e+01	6.500000e+01	7.707610e-08	6.759863e-08	0.000000e+00
6.500000e+01	6.600000e+01	3.110995e-08	2.542442e-08	1.251852e-08
6.600000e+01	6.700000e+01	2.640070e-08	1.455473e-08	1.170395e-08
6.700000e+01	6.800000e+01	2.230832e-08	6.339430e-09	8.947950e-09
6.800000e+01	6.900000e+01	2.355668e-08	1.656110e-08	7.032670e-09
6.900000e+01	7.000000e+01	7.157167e-09	0.000000e+00	4.445887e-08
7.000000e+01	7.100000e+01	1.407168e-08	5.984265e-09	1.529200e-08
7.100000e+01	7.200000e+01	8.847485e-09	0.000000e+00	9.681425e-09
7.200000e+01	7.300000e+01	9.233675e-09	2.447464e-09	3.341288e-08
7.300000e+01	7.400000e+01	1.103429e-08	2.665400e-09	1.169455e-08
7.400000e+01	7.500000e+01	1.675136e-08	1.490473e-08	0.000000e+00
7.500000e+01	7.600000e+01	1.112810e-08	9.456701e-09	2.308179e-08
7.600000e+01	7.700000e+01	2.931730e-08	1.964800e-08	9.844860e-09
7.700000e+01	7.800000e+01	7.611332e-09	0.000000e+00	3.142828e-09
7.800000e+01	7.900000e+01	1.234069e-08	0.000000e+00	2.407537e-08
7.900000e+01	8.000000e+01	6.649275e-09	0.000000e+00	1.566931e-08
8.000000e+01	8.100000e+01	5.350692e-08	4.519179e-08	0.000000e+00
8.100000e+01	8.200000e+01	9.278676e-09	0.000000e+00	1.720386e-08
8.200000e+01	8.300000e+01	1.325885e-08	3.684655e-09	2.565500e-10
8.300000e+01	8.400000e+01	1.213477e-08	1.065162e-08	3.306490e-09
8.400000e+01	8.500000e+01	4.556529e-09	5.173410e-10	2.851593e-09
8.500000e+01	8.600000e+01	7.912243e-09	4.848207e-09	1.531652e-09
8.600000e+01	8.700000e+01	1.262430e-09	5.983020e-10	1.045434e-08
8.700000e+01	8.800000e+01	4.344511e-09	3.466102e-09	3.878085e-09
8.800000e+01	8.900000e+01	5.872013e-09	3.512243e-09	0.000000e+00
8.900000e+01	9.000000e+01	3.520633e-09	0.000000e+00	4.759423e-09
9.000000e+01	9.100000e+01	2.260245e-09	1.369260e-09	2.612331e-08
9.100000e+01	9.200000e+01	1.844635e-09	1.197449e-09	7.085070e-10
9.200000e+01	9.300000e+01	1.728856e-09	9.809915e-10	1.005976e-09
9.300000e+01	9.400000e+01	3.951553e-09	3.422229e-09	2.740950e-10
9.400000e+01	9.500000e+01	2.481567e-09	7.422840e-10	0.000000e+00
9.500000e+01	9.600000e+01	7.124469e-10	4.264154e-10	2.606254e-09
9.600000e+01	9.700000e+01	9.679144e-10	8.516710e-11	1.738650e-09
9.700000e+01	9.800000e+01	2.422999e-10	1.464243e-10	8.574861e-10
9.800000e+01	9.900000e+01	2.333644e-09	2.137439e-09	2.658912e-09
9.900000e+01	1.000000e+02	4.994522e-10	4.744823e-10	9.693968e-10
# END HISTO1D


# BEGIN HISTO1D //homes/tinghua1/Merging-Project/Production/HJETS/ratio-plots/hjets-vbfnlo/H-N2-3-4-25gev-vbfnlo-combine.yoda/MC_H2JETS_04_INC/jet4_mass
ErrorBandColor=cyan
ErrorBandOpacity=0.3
ErrorBands=1
ErrorType=env
LineColor=cyan
LineStyle=solid
Path=//homes/tinghua1/Merging-Project/Production/HJETS/ratio-plots/hjets-vbfnlo/H-N2-3-4-25gev-vbfnlo-combine.yoda/MC_H2JETS_04_INC/jet4_mass
RatioPlotSameStyle=1
Title=h(2*,3,4)-vbfnlo
# xlow	 xhigh	 val	 errminus	 errplus
0.000000e+00	1.000000e+00	3.413634e-02	0.000000e+00	5.580910e-03
1.000000e+00	2.000000e+00	4.508908e-03	1.137150e-04	5.582060e-04
2.000000e+00	3.000000e+00	4.539628e-03	1.198379e-03	6.898620e-04
3.000000e+00	4.000000e+00	1.287149e-02	2.896124e-03	1.599830e-03
4.000000e+00	5.000000e+00	1.460576e-02	3.648720e-03	2.902910e-03
5.000000e+00	6.000000e+00	1.080737e-02	3.278608e-03	3.136570e-03
6.000000e+00	7.000000e+00	6.779392e-03	2.515842e-03	2.413523e-03
7.000000e+00	8.000000e+00	4.090705e-03	1.697423e-03	1.597788e-03
8.000000e+00	9.000000e+00	2.316453e-03	9.856580e-04	1.191142e-03
9.000000e+00	1.000000e+01	1.381261e-03	5.907075e-04	7.805440e-04
1.000000e+01	1.100000e+01	1.039279e-03	4.191124e-04	4.978630e-04
1.100000e+01	1.200000e+01	7.962901e-04	3.109749e-04	3.462419e-04
1.200000e+01	1.300000e+01	6.200924e-04	2.852489e-04	2.736620e-04
1.300000e+01	1.400000e+01	4.821283e-04	2.250736e-04	2.379970e-04
1.400000e+01	1.500000e+01	3.542750e-04	1.486340e-04	2.091187e-04
1.500000e+01	1.600000e+01	2.763036e-04	1.290795e-04	1.448307e-04
1.600000e+01	1.700000e+01	2.286045e-04	1.217528e-04	9.027420e-05
1.700000e+01	1.800000e+01	1.416504e-04	7.090078e-05	9.421390e-05
1.800000e+01	1.900000e+01	1.040193e-04	5.047585e-05	4.955390e-05
1.900000e+01	2.000000e+01	6.726325e-05	3.459100e-05	4.749825e-05
2.000000e+01	2.100000e+01	5.099824e-05	2.622341e-05	2.784095e-05
2.100000e+01	2.200000e+01	3.770484e-05	2.113999e-05	1.801966e-05
2.200000e+01	2.300000e+01	2.402511e-05	1.368864e-05	1.609250e-05
2.300000e+01	2.400000e+01	1.770541e-05	1.077351e-05	1.492674e-05
2.400000e+01	2.500000e+01	1.127876e-05	5.896751e-06	7.641690e-06
2.500000e+01	2.600000e+01	8.070593e-06	4.864238e-06	5.737667e-06
2.600000e+01	2.700000e+01	6.836550e-06	3.502101e-06	5.536760e-06
2.700000e+01	2.800000e+01	4.308402e-06	2.544109e-06	3.554753e-06
2.800000e+01	2.900000e+01	1.916827e-06	4.555400e-07	3.608829e-06
2.900000e+01	3.000000e+01	2.516655e-06	1.499806e-06	1.333860e-06
3.000000e+01	3.100000e+01	1.929925e-06	1.391166e-06	1.178377e-06
3.100000e+01	3.200000e+01	1.400264e-06	1.150470e-06	8.755640e-07
3.200000e+01	3.300000e+01	5.592480e-07	7.871370e-08	1.087370e-06
3.300000e+01	3.400000e+01	2.925897e-07	1.134423e-07	1.778362e-06
3.400000e+01	3.500000e+01	4.184261e-07	3.141337e-07	5.592899e-07
3.500000e+01	3.600000e+01	3.856103e-07	2.106556e-07	2.665394e-07
3.600000e+01	3.700000e+01	2.401740e-07	8.684380e-08	6.448959e-07
3.700000e+01	3.800000e+01	1.826925e-07	7.455040e-08	1.995748e-07
3.800000e+01	3.900000e+01	1.709786e-07	1.409037e-07	4.231730e-08
3.900000e+01	4.000000e+01	1.574831e-07	9.947371e-08	2.086598e-07
4.000000e+01	4.100000e+01	5.675898e-08	0.000000e+00	1.040785e-07
4.100000e+01	4.200000e+01	1.301213e-07	1.020473e-07	0.000000e+00
4.200000e+01	4.300000e+01	1.078106e-07	8.481865e-08	0.000000e+00
4.300000e+01	4.400000e+01	5.259712e-08	3.321880e-08	4.627477e-08
4.400000e+01	4.500000e+01	6.116923e-08	4.251564e-08	2.096717e-08
4.500000e+01	4.600000e+01	2.919170e-08	3.292150e-09	5.350963e-08
4.600000e+01	4.700000e+01	1.560040e-08	7.623100e-10	3.311961e-08
4.700000e+01	4.800000e+01	2.520400e-08	1.806810e-08	9.322210e-09
4.800000e+01	4.900000e+01	1.241827e-08	7.739138e-09	2.478726e-08
4.900000e+01	5.000000e+01	8.178530e-09	1.851469e-09	3.128129e-08
5.000000e+01	5.100000e+01	1.884972e-08	1.567185e-08	8.479390e-09
5.100000e+01	5.200000e+01	-3.255466e-09	0.000000e+00	2.001403e-08
5.200000e+01	5.300000e+01	8.632980e-09	2.274777e-09	3.733770e-09
5.300000e+01	5.400000e+01	3.951672e-09	3.153265e-09	4.951264e-09
5.400000e+01	5.500000e+01	5.424570e-09	4.084775e-09	6.641000e-10
5.500000e+01	5.600000e+01	3.630358e-09	2.007930e-09	1.795561e-08
5.600000e+01	5.700000e+01	2.690245e-09	1.833559e-09	2.119913e-08
5.700000e+01	5.800000e+01	1.823204e-09	7.046280e-10	3.207564e-09
5.800000e+01	5.900000e+01	3.217623e-09	2.530534e-09	3.461154e-09
5.900000e+01	6.000000e+01	1.861265e-09	2.016692e-09	3.692422e-09
6.000000e+01	6.100000e+01	9.808456e-10	0.000000e+00	1.336109e-09
6.100000e+01	6.200000e+01	7.593299e-10	1.209661e-10	1.847832e-09
6.200000e+01	6.300000e+01	1.435859e-09	4.108040e-10	3.421958e-09
6.300000e+01	6.400000e+01	7.185359e-10	2.891608e-10	3.377978e-09
6.400000e+01	6.500000e+01	3.680588e-09	3.199774e-09	0.000000e+00
6.500000e+01	6.600000e+01	5.168151e-10	3.048109e-10	9.833569e-10
6.600000e+01	6.700000e+01	7.184599e-10	5.934303e-10	0.000000e+00
6.700000e+01	6.800000e+01	3.154594e-10	1.984009e-10	6.130699e-10
6.800000e+01	6.900000e+01	6.956709e-10	5.816543e-10	4.277200e-11
6.900000e+01	7.000000e+01	2.254077e-10	1.727936e-10	1.879839e-10
7.000000e+01	7.100000e+01	1.727349e-10	1.032909e-10	1.887880e-10
7.100000e+01	7.200000e+01	2.936509e-10	5.355360e-11	2.686193e-10
7.200000e+01	7.300000e+01	2.068514e-09	2.013723e-09	0.000000e+00
7.300000e+01	7.400000e+01	1.837706e-10	1.246443e-10	5.903237e-10
7.400000e+01	7.500000e+01	1.046197e-10	0.000000e+00	1.584471e-10
7.500000e+01	7.600000e+01	6.972206e-11	3.080310e-11	9.030924e-11
7.600000e+01	7.700000e+01	6.799487e-11	4.300498e-11	2.137646e-10
7.700000e+01	7.800000e+01	1.270967e-10	1.010523e-10	0.000000e+00
7.800000e+01	7.900000e+01	1.245322e-10	6.688335e-11	0.000000e+00
7.900000e+01	8.000000e+01	2.806674e-10	2.286378e-10	1.380400e-12
8.000000e+01	8.100000e+01	1.710322e-11	0.000000e+00	1.125265e-10
8.100000e+01	8.200000e+01	-2.411877e-11	0.000000e+00	1.554599e-10
8.200000e+01	8.300000e+01	2.118871e-11	1.695689e-11	1.103737e-10
8.300000e+01	8.400000e+01	2.400066e-11	1.331468e-11	4.258999e-10
8.400000e+01	8.500000e+01	6.370852e-11	5.340122e-11	0.000000e+00
8.500000e+01	8.600000e+01	8.115539e-12	1.721409e-12	2.117202e-11
8.600000e+01	8.700000e+01	1.690406e-11	1.352430e-11	6.430583e-11
8.700000e+01	8.800000e+01	9.039827e-12	7.901170e-12	9.181617e-11
8.800000e+01	8.900000e+01	1.447031e-11	5.636895e-12	6.225135e-11
8.900000e+01	9.000000e+01	7.189206e-12	0.000000e+00	5.595600e-11
9.000000e+01	9.100000e+01	3.087083e-12	1.277557e-12	4.978948e-11
9.100000e+01	9.200000e+01	2.119965e-12	1.330670e-13	6.631168e-11
9.200000e+01	9.300000e+01	4.747948e-13	0.000000e+00	1.060058e-10
9.300000e+01	9.400000e+01	4.021815e-12	2.968084e-12	2.684806e-12
9.400000e+01	9.500000e+01	9.134056e-12	4.869090e-11	2.976374e-12
9.500000e+01	9.600000e+01	7.292960e-12	7.151777e-12	0.000000e+00
9.600000e+01	9.700000e+01	2.936131e-12	2.561723e-12	2.664377e-11
9.700000e+01	9.800000e+01	6.352063e-11	6.323244e-11	0.000000e+00
9.800000e+01	9.900000e+01	1.330499e-10	1.324234e-10	0.000000e+00
9.900000e+01	1.000000e+02	2.140806e-12	0.000000e+00	7.238816e-12
# END HISTO1D


# BEGIN HISTO1D //homes/tinghua1/Merging-Project/Production/HJETS/ratio-plots/hjets-vbfnlo/H-2-3-4-25gev-combine.yoda/MC_H2JETS_04_INC/jet4_mass
ErrorBandColor=yellow
ErrorBandOpacity=0.3
ErrorBands=1
ErrorType=env
LineColor=yellow
LineStyle=solid
Path=//homes/tinghua1/Merging-Project/Production/HJETS/ratio-plots/hjets-vbfnlo/H-2-3-4-25gev-combine.yoda/MC_H2JETS_04_INC/jet4_mass
RatioPlotSameStyle=1
Title=h(2,3,4)
# xlow	 xhigh	 val	 errminus	 errplus
0.000000e+00	1.000000e+00	6.557275e-02	0.000000e+00	1.018000e-02
1.000000e+00	2.000000e+00	1.014619e-02	0.000000e+00	7.474500e-04
2.000000e+00	3.000000e+00	8.368100e-03	1.747785e-03	1.456233e-03
3.000000e+00	4.000000e+00	2.487686e-02	5.434850e-03	2.788510e-03
4.000000e+00	5.000000e+00	2.862610e-02	6.768020e-03	5.395030e-03
5.000000e+00	6.000000e+00	2.179370e-02	6.172760e-03	5.747120e-03
6.000000e+00	7.000000e+00	1.426063e-02	5.103675e-03	4.591680e-03
7.000000e+00	8.000000e+00	8.818846e-03	3.522873e-03	3.247584e-03
8.000000e+00	9.000000e+00	5.153019e-03	2.137110e-03	2.340605e-03
9.000000e+00	1.000000e+01	3.239005e-03	1.400867e-03	1.616850e-03
1.000000e+01	1.100000e+01	2.407613e-03	9.964050e-04	1.166972e-03
1.100000e+01	1.200000e+01	1.801108e-03	7.173050e-04	8.472420e-04
1.200000e+01	1.300000e+01	1.362042e-03	5.536146e-04	7.547230e-04
1.300000e+01	1.400000e+01	1.081002e-03	4.882057e-04	5.834380e-04
1.400000e+01	1.500000e+01	8.803628e-04	4.177298e-04	4.664532e-04
1.500000e+01	1.600000e+01	6.722813e-04	3.053995e-04	3.605787e-04
1.600000e+01	1.700000e+01	5.147573e-04	2.311913e-04	3.211303e-04
1.700000e+01	1.800000e+01	3.773406e-04	1.880346e-04	2.252112e-04
1.800000e+01	1.900000e+01	2.683149e-04	1.014540e-04	2.027833e-04
1.900000e+01	2.000000e+01	2.069506e-04	1.099460e-04	1.935871e-04
2.000000e+01	2.100000e+01	1.444584e-04	7.740753e-05	9.385900e-05
2.100000e+01	2.200000e+01	1.054624e-04	5.783628e-05	7.490680e-05
2.200000e+01	2.300000e+01	7.047651e-05	3.599673e-05	5.592179e-05
2.300000e+01	2.400000e+01	6.322004e-05	4.211011e-05	3.635033e-05
2.400000e+01	2.500000e+01	4.119908e-05	2.127630e-05	3.223830e-05
2.500000e+01	2.600000e+01	3.113449e-05	1.833321e-05	2.735401e-05
2.600000e+01	2.700000e+01	2.432417e-05	9.821530e-06	1.774018e-05
2.700000e+01	2.800000e+01	2.078498e-05	9.794800e-06	1.441065e-05
2.800000e+01	2.900000e+01	1.453195e-05	8.768020e-06	9.930600e-06
2.900000e+01	3.000000e+01	1.103485e-05	6.421295e-06	1.026932e-05
3.000000e+01	3.100000e+01	9.907280e-06	6.405397e-06	6.074310e-06
3.100000e+01	3.200000e+01	6.616680e-06	4.347805e-06	5.921350e-06
3.200000e+01	3.300000e+01	5.498174e-06	3.098944e-06	4.514096e-06
3.300000e+01	3.400000e+01	3.646847e-06	2.088614e-06	5.753255e-06
3.400000e+01	3.500000e+01	5.141311e-06	3.756437e-06	2.416623e-06
3.500000e+01	3.600000e+01	2.105818e-06	3.225040e-07	2.160641e-06
3.600000e+01	3.700000e+01	1.880887e-06	3.695950e-07	2.316672e-06
3.700000e+01	3.800000e+01	2.348869e-06	1.624519e-06	1.323666e-06
3.800000e+01	3.900000e+01	1.315439e-06	5.031642e-07	1.459415e-06
3.900000e+01	4.000000e+01	1.533445e-06	1.143296e-06	9.886030e-07
4.000000e+01	4.100000e+01	1.883145e-06	1.440539e-06	5.136280e-07
4.100000e+01	4.200000e+01	8.605123e-07	5.103841e-07	6.333707e-07
4.200000e+01	4.300000e+01	8.613607e-07	5.808669e-07	5.049373e-07
4.300000e+01	4.400000e+01	5.309882e-07	3.501192e-07	8.649848e-07
4.400000e+01	4.500000e+01	5.053938e-07	3.727667e-07	3.986972e-07
4.500000e+01	4.600000e+01	3.779344e-07	2.123303e-07	6.723116e-07
4.600000e+01	4.700000e+01	2.774008e-07	1.783496e-07	2.858839e-07
4.700000e+01	4.800000e+01	2.493595e-07	1.472899e-07	2.938159e-07
4.800000e+01	4.900000e+01	2.780256e-07	1.629619e-07	2.984393e-07
4.900000e+01	5.000000e+01	1.349997e-07	6.447475e-08	2.547596e-07
5.000000e+01	5.100000e+01	1.498460e-07	8.516053e-08	2.229158e-07
5.100000e+01	5.200000e+01	1.915210e-07	1.552630e-07	1.075447e-07
5.200000e+01	5.300000e+01	1.134330e-07	3.640088e-08	2.169559e-07
5.300000e+01	5.400000e+01	9.256554e-08	5.244888e-08	2.116739e-07
5.400000e+01	5.500000e+01	8.028206e-08	4.365373e-08	9.355034e-08
5.500000e+01	5.600000e+01	9.164884e-08	6.498686e-08	4.671926e-08
5.600000e+01	5.700000e+01	5.534242e-08	3.149738e-08	5.013878e-08
5.700000e+01	5.800000e+01	9.938867e-08	8.805751e-08	1.228333e-08
5.800000e+01	5.900000e+01	7.634019e-08	5.923684e-08	5.509761e-08
5.900000e+01	6.000000e+01	6.169351e-08	4.350454e-08	4.280079e-08
6.000000e+01	6.100000e+01	3.311092e-08	1.968374e-08	2.727505e-08
6.100000e+01	6.200000e+01	3.965640e-08	2.744516e-08	3.763692e-08
6.200000e+01	6.300000e+01	3.233427e-08	1.897846e-08	7.412473e-08
6.300000e+01	6.400000e+01	1.028317e-08	0.000000e+00	6.943431e-08
6.400000e+01	6.500000e+01	3.929509e-08	3.330291e-08	4.882061e-08
6.500000e+01	6.600000e+01	1.372631e-07	1.295209e-07	0.000000e+00
6.600000e+01	6.700000e+01	1.064950e-08	0.000000e+00	3.106780e-08
6.700000e+01	6.800000e+01	3.083298e-08	1.820169e-08	5.136600e-09
6.800000e+01	6.900000e+01	2.348768e-08	2.095790e-08	1.944670e-08
6.900000e+01	7.000000e+01	1.877981e-08	1.451169e-08	6.589720e-09
7.000000e+01	7.100000e+01	1.862836e-08	1.756821e-08	1.642472e-08
7.100000e+01	7.200000e+01	1.446826e-08	2.558590e-09	5.010933e-08
7.200000e+01	7.300000e+01	9.898253e-09	6.123970e-09	1.301564e-08
7.300000e+01	7.400000e+01	6.126158e-09	1.777722e-09	1.275475e-08
7.400000e+01	7.500000e+01	2.831550e-08	2.525751e-08	0.000000e+00
7.500000e+01	7.600000e+01	1.096902e-08	5.717090e-09	8.545960e-09
7.600000e+01	7.700000e+01	5.317947e-09	0.000000e+00	2.504114e-08
7.700000e+01	7.800000e+01	8.892831e-09	6.377474e-09	1.867183e-08
7.800000e+01	7.900000e+01	1.279644e-08	2.667700e-10	1.221498e-08
7.900000e+01	8.000000e+01	1.686891e-08	0.000000e+00	2.067810e-08
8.000000e+01	8.100000e+01	5.137280e-08	3.624058e-08	0.000000e+00
8.100000e+01	8.200000e+01	2.450309e-08	1.682790e-08	8.936200e-09
8.200000e+01	8.300000e+01	1.441462e-08	9.973327e-09	5.302630e-09
8.300000e+01	8.400000e+01	8.389699e-09	4.591302e-09	9.679321e-09
8.400000e+01	8.500000e+01	4.384027e-09	3.404601e-09	1.234694e-08
8.500000e+01	8.600000e+01	3.335513e-09	2.674338e-09	3.208029e-09
8.600000e+01	8.700000e+01	1.216749e-08	1.117742e-08	1.620610e-09
8.700000e+01	8.800000e+01	9.037088e-09	1.864973e-09	1.253574e-08
8.800000e+01	8.900000e+01	1.315789e-09	0.000000e+00	2.312083e-09
8.900000e+01	9.000000e+01	1.271971e-09	0.000000e+00	3.191237e-09
9.000000e+01	9.100000e+01	2.236969e-09	0.000000e+00	1.048826e-08
9.100000e+01	9.200000e+01	4.389431e-09	0.000000e+00	3.698734e-09
9.200000e+01	9.300000e+01	1.446545e-09	0.000000e+00	5.078374e-09
9.300000e+01	9.400000e+01	6.115180e-09	2.174396e-09	1.126639e-09
9.400000e+01	9.500000e+01	9.278870e-09	8.922496e-09	0.000000e+00
9.500000e+01	9.600000e+01	6.244039e-09	5.973057e-09	0.000000e+00
9.600000e+01	9.700000e+01	3.459553e-10	1.282253e-10	1.086367e-09
9.700000e+01	9.800000e+01	1.204562e-09	1.042780e-09	1.620050e-09
9.800000e+01	9.900000e+01	1.408213e-09	1.124504e-09	0.000000e+00
9.900000e+01	1.000000e+02	2.869812e-10	2.775878e-10	1.554157e-09
# END HISTO1D


# BEGIN HISTO1D //homes/tinghua1/Merging-Project/Production/HJETS/ratio-plots/hjets-vbfnlo/H-2-3-4-25gev-vbfnlo-combine.yoda/MC_H2JETS_04_INC/jet4_mass
ErrorBandColor=green
ErrorBandOpacity=0.3
ErrorBands=1
ErrorType=env
LineColor=green
LineStyle=solid
Path=//homes/tinghua1/Merging-Project/Production/HJETS/ratio-plots/hjets-vbfnlo/H-2-3-4-25gev-vbfnlo-combine.yoda/MC_H2JETS_04_INC/jet4_mass
RatioPlotSameStyle=1
Title=h(2,3,4)-vbfnlo
# xlow	 xhigh	 val	 errminus	 errplus
0.000000e+00	1.000000e+00	3.558270e-02	0.000000e+00	4.026940e-03
1.000000e+00	2.000000e+00	4.622562e-03	1.777400e-04	6.986080e-04
2.000000e+00	3.000000e+00	4.607044e-03	1.197436e-03	8.035100e-04
3.000000e+00	4.000000e+00	1.326115e-02	3.236290e-03	2.059280e-03
4.000000e+00	5.000000e+00	1.508034e-02	3.961450e-03	3.310630e-03
5.000000e+00	6.000000e+00	1.108159e-02	3.380028e-03	3.486800e-03
6.000000e+00	7.000000e+00	6.976660e-03	2.635319e-03	2.652484e-03
7.000000e+00	8.000000e+00	4.229574e-03	1.780502e-03	1.688678e-03
8.000000e+00	9.000000e+00	2.371326e-03	1.046340e-03	1.187965e-03
9.000000e+00	1.000000e+01	1.425745e-03	6.190076e-04	7.743210e-04
1.000000e+01	1.100000e+01	1.068370e-03	4.476472e-04	5.478060e-04
1.100000e+01	1.200000e+01	8.117108e-04	3.329695e-04	3.989262e-04
1.200000e+01	1.300000e+01	6.119523e-04	2.574302e-04	3.347695e-04
1.300000e+01	1.400000e+01	4.845818e-04	2.263146e-04	2.644937e-04
1.400000e+01	1.500000e+01	3.759736e-04	1.839321e-04	1.909642e-04
1.500000e+01	1.600000e+01	2.710467e-04	1.267065e-04	1.721564e-04
1.600000e+01	1.700000e+01	2.110844e-04	1.096659e-04	1.048100e-04
1.700000e+01	1.800000e+01	1.524109e-04	8.247512e-05	8.214840e-05
1.800000e+01	1.900000e+01	9.863227e-05	5.177545e-05	6.456843e-05
1.900000e+01	2.000000e+01	7.710091e-05	4.113544e-05	3.527629e-05
2.000000e+01	2.100000e+01	5.166169e-05	2.924172e-05	2.901430e-05
2.100000e+01	2.200000e+01	3.325834e-05	1.630117e-05	2.165345e-05
2.200000e+01	2.300000e+01	2.324050e-05	1.263490e-05	1.710256e-05
2.300000e+01	2.400000e+01	1.711295e-05	9.776667e-06	1.064325e-05
2.400000e+01	2.500000e+01	1.181782e-05	5.521782e-06	7.607740e-06
2.500000e+01	2.600000e+01	7.850148e-06	4.503024e-06	5.644022e-06
2.600000e+01	2.700000e+01	6.276861e-06	3.816334e-06	4.179429e-06
2.700000e+01	2.800000e+01	3.514384e-06	1.747590e-06	4.276505e-06
2.800000e+01	2.900000e+01	3.288671e-06	1.991599e-06	1.796286e-06
2.900000e+01	3.000000e+01	2.381950e-06	1.610310e-06	1.196590e-06
3.000000e+01	3.100000e+01	2.338352e-06	1.685072e-06	7.227190e-07
3.100000e+01	3.200000e+01	-2.745714e-07	0.000000e+00	2.276271e-06
3.200000e+01	3.300000e+01	9.063107e-07	1.472181e-07	1.041097e-06
3.300000e+01	3.400000e+01	5.524331e-07	3.463511e-07	5.353369e-07
3.400000e+01	3.500000e+01	4.726834e-07	2.046687e-07	1.060823e-06
3.500000e+01	3.600000e+01	4.465455e-07	2.821820e-07	2.742060e-07
3.600000e+01	3.700000e+01	2.844553e-07	2.000338e-07	2.153288e-07
3.700000e+01	3.800000e+01	1.951864e-07	9.720291e-08	2.504833e-07
3.800000e+01	3.900000e+01	3.103765e-07	2.488017e-07	0.000000e+00
3.900000e+01	4.000000e+01	1.139560e-07	6.402722e-08	8.270570e-08
4.000000e+01	4.100000e+01	9.935356e-08	5.469620e-08	9.916104e-08
4.100000e+01	4.200000e+01	4.203780e-08	0.000000e+00	2.022148e-08
4.200000e+01	4.300000e+01	7.523219e-08	5.951856e-08	4.206201e-08
4.300000e+01	4.400000e+01	3.932285e-08	1.792781e-08	3.565910e-08
4.400000e+01	4.500000e+01	1.856790e-08	1.027196e-08	1.373048e-07
4.500000e+01	4.600000e+01	4.856451e-08	3.425453e-08	1.174363e-08
4.600000e+01	4.700000e+01	1.981720e-08	5.186180e-09	2.301008e-08
4.700000e+01	4.800000e+01	1.154277e-08	1.774953e-09	1.637437e-08
4.800000e+01	4.900000e+01	2.736827e-08	2.232311e-08	1.374211e-08
4.900000e+01	5.000000e+01	1.055128e-08	5.017636e-09	1.479378e-08
5.000000e+01	5.100000e+01	9.341676e-09	5.166670e-09	1.023202e-08
5.100000e+01	5.200000e+01	1.114515e-08	4.635397e-09	2.886410e-09
5.200000e+01	5.300000e+01	2.495436e-08	2.364117e-08	0.000000e+00
5.300000e+01	5.400000e+01	2.396579e-08	2.049757e-08	0.000000e+00
5.400000e+01	5.500000e+01	5.258960e-09	3.247226e-09	0.000000e+00
5.500000e+01	5.600000e+01	1.440653e-09	1.597954e-09	7.572796e-09
5.600000e+01	5.700000e+01	3.137143e-09	1.841205e-09	1.227151e-09
5.700000e+01	5.800000e+01	2.272880e-09	0.000000e+00	4.896901e-09
5.800000e+01	5.900000e+01	1.113128e-09	5.455753e-10	2.099950e-09
5.900000e+01	6.000000e+01	3.349490e-09	2.760866e-09	0.000000e+00
6.000000e+01	6.100000e+01	1.677858e-09	1.385649e-09	1.347611e-09
6.100000e+01	6.200000e+01	1.125203e-09	0.000000e+00	1.457068e-09
6.200000e+01	6.300000e+01	1.201069e-09	0.000000e+00	9.909101e-09
6.300000e+01	6.400000e+01	5.441895e-10	4.866195e-10	1.929410e-09
6.400000e+01	6.500000e+01	-2.384079e-09	0.000000e+00	3.383453e-09
6.500000e+01	6.600000e+01	7.107880e-10	4.675740e-10	9.618520e-10
6.600000e+01	6.700000e+01	1.617166e-10	2.423258e-10	5.213808e-10
6.700000e+01	6.800000e+01	1.384511e-10	5.275546e-11	5.275198e-10
6.800000e+01	6.900000e+01	2.509050e-10	6.044430e-11	4.057718e-10
6.900000e+01	7.000000e+01	2.678472e-10	2.508859e-10	1.041863e-10
7.000000e+01	7.100000e+01	1.150633e-10	0.000000e+00	3.681823e-10
7.100000e+01	7.200000e+01	2.539583e-10	1.909460e-10	4.754665e-10
7.200000e+01	7.300000e+01	1.299777e-10	0.000000e+00	4.341082e-10
7.300000e+01	7.400000e+01	5.384519e-10	4.548172e-10	0.000000e+00
7.400000e+01	7.500000e+01	7.585198e-11	5.237029e-11	1.206684e-10
7.500000e+01	7.600000e+01	6.754483e-11	6.808988e-11	1.600030e-12
7.600000e+01	7.700000e+01	6.767568e-11	3.047626e-11	9.856982e-11
7.700000e+01	7.800000e+01	2.648215e-11	8.214930e-12	1.951273e-11
7.800000e+01	7.900000e+01	1.501391e-11	1.036888e-11	1.930543e-10
7.900000e+01	8.000000e+01	5.560382e-11	3.608210e-11	1.606105e-10
8.000000e+01	8.100000e+01	1.109189e-10	1.044314e-10	1.503940e-11
8.100000e+01	8.200000e+01	1.230236e-10	1.158282e-10	0.000000e+00
8.200000e+01	8.300000e+01	2.926987e-11	0.000000e+00	2.733112e-10
8.300000e+01	8.400000e+01	1.407290e-11	0.000000e+00	3.480227e-11
8.400000e+01	8.500000e+01	4.768691e-12	0.000000e+00	3.983401e-11
8.500000e+01	8.600000e+01	7.349378e-12	0.000000e+00	4.354640e-10
8.600000e+01	8.700000e+01	8.441993e-12	5.802442e-12	1.214126e-11
8.700000e+01	8.800000e+01	3.021295e-11	2.196376e-11	0.000000e+00
8.800000e+01	8.900000e+01	5.210942e-12	3.858851e-12	2.999445e-11
8.900000e+01	9.000000e+01	1.395110e-12	0.000000e+00	6.674194e-11
9.000000e+01	9.100000e+01	1.418827e-11	1.078762e-11	2.264421e-11
9.100000e+01	9.200000e+01	5.243119e-12	0.000000e+00	1.934978e-11
9.200000e+01	9.300000e+01	3.149030e-11	3.105899e-11	0.000000e+00
9.300000e+01	9.400000e+01	4.285572e-12	3.933837e-12	4.104702e-11
9.400000e+01	9.500000e+01	2.526112e-12	0.000000e+00	1.398643e-11
9.500000e+01	9.600000e+01	2.208342e-11	2.210199e-11	7.766009e-11
9.600000e+01	9.700000e+01	2.458906e-12	2.377342e-12	6.360223e-12
9.700000e+01	9.800000e+01	6.618102e-12	6.326409e-12	0.000000e+00
9.800000e+01	9.900000e+01	1.483313e-12	1.458194e-12	1.553169e-11
9.900000e+01	1.000000e+02	1.401638e-12	1.344832e-12	4.620078e-12
# END HISTO1D


# BEGIN HISTO1D //homes/tinghua1/Merging-Project/Production/HJETS/ratio-plots/hjets-vbfnlo/H-2-3-25gev-combine.yoda/MC_H2JETS_04_INC/jet4_mass
ErrorBandColor=purple
ErrorBandOpacity=0.3
ErrorBands=1
ErrorType=env
LineColor=purple
LineStyle=solid
Path=//homes/tinghua1/Merging-Project/Production/HJETS/ratio-plots/hjets-vbfnlo/H-2-3-25gev-combine.yoda/MC_H2JETS_04_INC/jet4_mass
RatioPlotSameStyle=1
Title=h(2,3)
# xlow	 xhigh	 val	 errminus	 errplus
0.000000e+00	1.000000e+00	6.690745e-02	9.368510e-03	0.000000e+00
1.000000e+00	2.000000e+00	8.650904e-03	1.035810e-04	6.156510e-04
2.000000e+00	3.000000e+00	5.865349e-03	0.000000e+00	2.955128e-03
3.000000e+00	4.000000e+00	1.733247e-02	0.000000e+00	7.349500e-03
4.000000e+00	5.000000e+00	1.946251e-02	0.000000e+00	1.114112e-02
5.000000e+00	6.000000e+00	1.341993e-02	0.000000e+00	1.070378e-02
6.000000e+00	7.000000e+00	7.446156e-03	0.000000e+00	8.516724e-03
7.000000e+00	8.000000e+00	4.129391e-03	0.000000e+00	5.682113e-03
8.000000e+00	9.000000e+00	2.220185e-03	0.000000e+00	3.518027e-03
9.000000e+00	1.000000e+01	1.269995e-03	0.000000e+00	2.202571e-03
1.000000e+01	1.100000e+01	1.012897e-03	0.000000e+00	1.468342e-03
1.100000e+01	1.200000e+01	7.523898e-04	0.000000e+00	1.119766e-03
1.200000e+01	1.300000e+01	5.707963e-04	0.000000e+00	8.438097e-04
1.300000e+01	1.400000e+01	4.279433e-04	0.000000e+00	7.141887e-04
1.400000e+01	1.500000e+01	3.276013e-04	0.000000e+00	5.744439e-04
1.500000e+01	1.600000e+01	2.459988e-04	0.000000e+00	4.587532e-04
1.600000e+01	1.700000e+01	1.871414e-04	0.000000e+00	3.500391e-04
1.700000e+01	1.800000e+01	1.242610e-04	0.000000e+00	2.608494e-04
1.800000e+01	1.900000e+01	8.458778e-05	0.000000e+00	1.855269e-04
1.900000e+01	2.000000e+01	6.133303e-05	0.000000e+00	1.233263e-04
2.000000e+01	2.100000e+01	3.747566e-05	0.000000e+00	8.990394e-05
2.100000e+01	2.200000e+01	2.520507e-05	0.000000e+00	6.779192e-05
2.200000e+01	2.300000e+01	1.701246e-05	0.000000e+00	4.063428e-05
2.300000e+01	2.400000e+01	1.145991e-05	0.000000e+00	2.890143e-05
2.400000e+01	2.500000e+01	6.271810e-06	0.000000e+00	2.215793e-05
2.500000e+01	2.600000e+01	4.413012e-06	0.000000e+00	1.570741e-05
2.600000e+01	2.700000e+01	3.582665e-06	0.000000e+00	8.093185e-06
2.700000e+01	2.800000e+01	2.099580e-06	0.000000e+00	6.646846e-06
2.800000e+01	2.900000e+01	1.460094e-06	0.000000e+00	4.969694e-06
2.900000e+01	3.000000e+01	9.033937e-07	0.000000e+00	3.424780e-06
3.000000e+01	3.100000e+01	9.569285e-07	0.000000e+00	1.980062e-06
3.100000e+01	3.200000e+01	4.356251e-07	0.000000e+00	1.350552e-06
3.200000e+01	3.300000e+01	3.262870e-07	0.000000e+00	9.936730e-07
3.300000e+01	3.400000e+01	2.687915e-07	0.000000e+00	7.132937e-07
3.400000e+01	3.500000e+01	1.451939e-07	0.000000e+00	5.353357e-07
3.500000e+01	3.600000e+01	1.174990e-07	0.000000e+00	5.390776e-07
3.600000e+01	3.700000e+01	1.016719e-07	0.000000e+00	3.893698e-07
3.700000e+01	3.800000e+01	5.270342e-08	0.000000e+00	1.798015e-07
3.800000e+01	3.900000e+01	2.640570e-08	0.000000e+00	2.598837e-07
3.900000e+01	4.000000e+01	2.013863e-08	0.000000e+00	1.211571e-07
4.000000e+01	4.100000e+01	2.519897e-08	0.000000e+00	7.034467e-08
4.100000e+01	4.200000e+01	1.333208e-08	0.000000e+00	8.768882e-08
4.200000e+01	4.300000e+01	1.950951e-08	2.498800e-09	2.239985e-08
4.300000e+01	4.400000e+01	1.039746e-08	0.000000e+00	5.861989e-08
4.400000e+01	4.500000e+01	7.201054e-09	0.000000e+00	2.120302e-08
4.500000e+01	4.600000e+01	4.615501e-09	0.000000e+00	1.575195e-08
4.600000e+01	4.700000e+01	2.394232e-09	0.000000e+00	2.152000e-08
4.700000e+01	4.800000e+01	2.460519e-09	0.000000e+00	1.983336e-08
4.800000e+01	4.900000e+01	1.417673e-09	0.000000e+00	1.310736e-08
4.900000e+01	5.000000e+01	2.325277e-09	0.000000e+00	1.336665e-08
5.000000e+01	5.100000e+01	1.538533e-09	0.000000e+00	1.356320e-08
5.100000e+01	5.200000e+01	1.670215e-09	0.000000e+00	5.889331e-09
5.200000e+01	5.300000e+01	9.285554e-10	0.000000e+00	3.522027e-09
5.300000e+01	5.400000e+01	5.355773e-10	0.000000e+00	3.242474e-09
5.400000e+01	5.500000e+01	1.451129e-09	4.157150e-10	1.575347e-09
5.500000e+01	5.600000e+01	-5.633000e-10	0.000000e+00	2.655402e-09
5.600000e+01	5.700000e+01	4.731593e-10	0.000000e+00	2.463700e-09
5.700000e+01	5.800000e+01	1.723750e-10	0.000000e+00	2.352580e-09
5.800000e+01	5.900000e+01	2.914554e-10	0.000000e+00	6.720584e-10
5.900000e+01	6.000000e+01	3.955629e-10	0.000000e+00	2.293003e-09
6.000000e+01	6.100000e+01	1.401121e-10	0.000000e+00	7.272776e-10
6.100000e+01	6.200000e+01	3.158780e-10	0.000000e+00	4.770151e-10
6.200000e+01	6.300000e+01	1.565034e-09	1.015258e-09	0.000000e+00
6.300000e+01	6.400000e+01	3.166913e-11	0.000000e+00	5.609677e-10
6.400000e+01	6.500000e+01	3.719904e-11	0.000000e+00	3.415122e-10
6.500000e+01	6.600000e+01	2.681515e-10	1.644942e-10	0.000000e+00
6.600000e+01	6.700000e+01	6.329428e-11	0.000000e+00	9.759122e-11
6.700000e+01	6.800000e+01	3.403833e-11	0.000000e+00	1.564488e-10
6.800000e+01	6.900000e+01	2.120401e-11	0.000000e+00	1.283750e-10
6.900000e+01	7.000000e+01	1.247146e-10	9.036973e-11	4.615910e-11
7.000000e+01	7.100000e+01	4.514354e-11	0.000000e+00	1.581797e-10
7.100000e+01	7.200000e+01	1.052182e-11	0.000000e+00	1.646277e-10
7.200000e+01	7.300000e+01	6.488522e-11	4.775007e-11	3.880738e-11
7.300000e+01	7.400000e+01	1.609760e-11	0.000000e+00	7.939593e-11
7.400000e+01	7.500000e+01	8.788647e-12	1.281461e-12	8.379461e-11
7.500000e+01	7.600000e+01	1.960099e-11	0.000000e+00	3.942495e-11
7.600000e+01	7.700000e+01	4.926165e-12	0.000000e+00	4.847513e-11
7.700000e+01	7.800000e+01	1.382144e-11	0.000000e+00	1.011858e-10
7.800000e+01	7.900000e+01	4.719691e-12	0.000000e+00	6.631108e-11
7.900000e+01	8.000000e+01	3.210071e-12	0.000000e+00	2.289135e-11
8.000000e+01	8.100000e+01	8.958096e-13	0.000000e+00	2.600239e-11
8.100000e+01	8.200000e+01	3.913818e-12	0.000000e+00	1.136822e-10
8.200000e+01	8.300000e+01	1.344330e-12	0.000000e+00	4.892926e-11
8.300000e+01	8.400000e+01	2.280277e-12	0.000000e+00	3.031593e-11
8.400000e+01	8.500000e+01	2.052883e-12	0.000000e+00	2.203303e-11
8.500000e+01	8.600000e+01	2.167427e-12	7.614740e-13	1.855282e-12
8.600000e+01	8.700000e+01	4.910899e-11	4.318675e-11	0.000000e+00
8.700000e+01	8.800000e+01	2.065876e-12	0.000000e+00	7.890386e-12
8.800000e+01	8.900000e+01	1.840227e-12	0.000000e+00	8.627083e-12
8.900000e+01	9.000000e+01	1.312076e-12	4.478711e-13	1.883713e-12
9.000000e+01	9.100000e+01	1.911639e-13	0.000000e+00	1.188062e-11
9.100000e+01	9.200000e+01	3.771240e-13	1.594309e-13	2.007881e-12
9.200000e+01	9.300000e+01	4.432985e-14	0.000000e+00	4.960014e-12
9.300000e+01	9.400000e+01	2.807019e-12	1.691827e-12	3.327000e-15
9.400000e+01	9.500000e+01	3.596502e-13	0.000000e+00	3.656392e-12
9.500000e+01	9.600000e+01	-5.676592e-16	0.000000e+00	2.804465e-11
9.600000e+01	9.700000e+01	5.812512e-14	0.000000e+00	7.675651e-13
9.700000e+01	9.800000e+01	4.141816e-13	0.000000e+00	2.487349e-12
9.800000e+01	9.900000e+01	6.402164e-14	0.000000e+00	8.976272e-13
9.900000e+01	1.000000e+02	2.747515e-14	2.516794e-14	2.619942e-12
# END HISTO1D


# BEGIN HISTO1D //homes/tinghua1/Merging-Project/Production/HJETS/ratio-plots/hjets-vbfnlo/H-2-3-25gev-vbfnlo-combine.yoda/MC_H2JETS_04_INC/jet4_mass
ErrorBandColor=violet
ErrorBandOpacity=0.3
ErrorBands=1
ErrorType=env
LineColor=violet
LineStyle=solid
Path=//homes/tinghua1/Merging-Project/Production/HJETS/ratio-plots/hjets-vbfnlo/H-2-3-25gev-vbfnlo-combine.yoda/MC_H2JETS_04_INC/jet4_mass
RatioPlotSameStyle=1
Title=h(2,3)-vbfnlo
# xlow	 xhigh	 val	 errminus	 errplus
0.000000e+00	1.000000e+00	3.305278e-02	1.230600e-03	2.864110e-03
1.000000e+00	2.000000e+00	4.730695e-03	7.918600e-04	0.000000e+00
2.000000e+00	3.000000e+00	4.977132e-03	1.868651e-03	0.000000e+00
3.000000e+00	4.000000e+00	1.390256e-02	4.722662e-03	0.000000e+00
4.000000e+00	5.000000e+00	1.676659e-02	6.672080e-03	0.000000e+00
5.000000e+00	6.000000e+00	1.311855e-02	6.245312e-03	0.000000e+00
6.000000e+00	7.000000e+00	8.488686e-03	4.722681e-03	0.000000e+00
7.000000e+00	8.000000e+00	5.152689e-03	3.058643e-03	0.000000e+00
8.000000e+00	9.000000e+00	2.998531e-03	1.881027e-03	0.000000e+00
9.000000e+00	1.000000e+01	1.836092e-03	1.183615e-03	0.000000e+00
1.000000e+01	1.100000e+01	1.336952e-03	8.093262e-04	0.000000e+00
1.100000e+01	1.200000e+01	1.019767e-03	6.169069e-04	0.000000e+00
1.200000e+01	1.300000e+01	7.779953e-04	4.810643e-04	0.000000e+00
1.300000e+01	1.400000e+01	5.985861e-04	3.819694e-04	0.000000e+00
1.400000e+01	1.500000e+01	4.760361e-04	3.097401e-04	0.000000e+00
1.500000e+01	1.600000e+01	3.653964e-04	2.448395e-04	0.000000e+00
1.600000e+01	1.700000e+01	2.772533e-04	1.931552e-04	0.000000e+00
1.700000e+01	1.800000e+01	1.934347e-04	1.345460e-04	0.000000e+00
1.800000e+01	1.900000e+01	1.307441e-04	9.097179e-05	0.000000e+00
1.900000e+01	2.000000e+01	8.868164e-05	6.346418e-05	0.000000e+00
2.000000e+01	2.100000e+01	6.430990e-05	4.743833e-05	0.000000e+00
2.100000e+01	2.200000e+01	4.318598e-05	3.132613e-05	0.000000e+00
2.200000e+01	2.300000e+01	2.928833e-05	2.085428e-05	0.000000e+00
2.300000e+01	2.400000e+01	1.993214e-05	1.459288e-05	0.000000e+00
2.400000e+01	2.500000e+01	1.433235e-05	1.031202e-05	0.000000e+00
2.500000e+01	2.600000e+01	1.010273e-05	7.826923e-06	0.000000e+00
2.600000e+01	2.700000e+01	6.725034e-06	5.196153e-06	0.000000e+00
2.700000e+01	2.800000e+01	5.026997e-06	3.858852e-06	0.000000e+00
2.800000e+01	2.900000e+01	3.616805e-06	2.856028e-06	0.000000e+00
2.900000e+01	3.000000e+01	2.600533e-06	2.011578e-06	0.000000e+00
3.000000e+01	3.100000e+01	1.865969e-06	1.471820e-06	0.000000e+00
3.100000e+01	3.200000e+01	1.391223e-06	1.080467e-06	0.000000e+00
3.200000e+01	3.300000e+01	8.541701e-07	6.705279e-07	0.000000e+00
3.300000e+01	3.400000e+01	7.013660e-07	5.558521e-07	0.000000e+00
3.400000e+01	3.500000e+01	4.148209e-07	3.293037e-07	0.000000e+00
3.500000e+01	3.600000e+01	2.685755e-07	1.785825e-07	0.000000e+00
3.600000e+01	3.700000e+01	2.553333e-07	1.784363e-07	0.000000e+00
3.700000e+01	3.800000e+01	1.807763e-07	1.448680e-07	0.000000e+00
3.800000e+01	3.900000e+01	1.608694e-07	1.285751e-07	0.000000e+00
3.900000e+01	4.000000e+01	1.244206e-07	1.017619e-07	0.000000e+00
4.000000e+01	4.100000e+01	8.194851e-08	6.602160e-08	0.000000e+00
4.100000e+01	4.200000e+01	7.871524e-08	6.765995e-08	0.000000e+00
4.200000e+01	4.300000e+01	4.372912e-08	3.539536e-08	0.000000e+00
4.300000e+01	4.400000e+01	3.036740e-08	2.198803e-08	0.000000e+00
4.400000e+01	4.500000e+01	2.793747e-08	2.394534e-08	0.000000e+00
4.500000e+01	4.600000e+01	2.643742e-08	2.059345e-08	0.000000e+00
4.600000e+01	4.700000e+01	2.621853e-08	2.015915e-08	0.000000e+00
4.700000e+01	4.800000e+01	1.409172e-08	1.164389e-08	0.000000e+00
4.800000e+01	4.900000e+01	9.560873e-09	6.843718e-09	0.000000e+00
4.900000e+01	5.000000e+01	9.150735e-09	7.052690e-09	0.000000e+00
5.000000e+01	5.100000e+01	8.691263e-09	4.006615e-09	0.000000e+00
5.100000e+01	5.200000e+01	4.155344e-09	2.793897e-09	0.000000e+00
5.200000e+01	5.300000e+01	4.758731e-09	3.528945e-09	0.000000e+00
5.300000e+01	5.400000e+01	4.368295e-09	3.666580e-09	0.000000e+00
5.400000e+01	5.500000e+01	4.204407e-09	3.712618e-09	0.000000e+00
5.500000e+01	5.600000e+01	1.971203e-09	1.448955e-09	0.000000e+00
5.600000e+01	5.700000e+01	2.499129e-09	2.281297e-09	0.000000e+00
5.700000e+01	5.800000e+01	1.323381e-09	9.540759e-10	1.190240e-10
5.800000e+01	5.900000e+01	2.902000e-09	2.767912e-09	0.000000e+00
5.900000e+01	6.000000e+01	1.216572e-09	1.035818e-09	0.000000e+00
6.000000e+01	6.100000e+01	9.585162e-10	8.312722e-10	0.000000e+00
6.100000e+01	6.200000e+01	6.654641e-10	5.071564e-10	0.000000e+00
6.200000e+01	6.300000e+01	7.855034e-10	7.066021e-10	0.000000e+00
6.300000e+01	6.400000e+01	7.260231e-10	5.848242e-10	0.000000e+00
6.400000e+01	6.500000e+01	4.398803e-10	4.052480e-10	0.000000e+00
6.500000e+01	6.600000e+01	1.703639e-10	1.094213e-10	0.000000e+00
6.600000e+01	6.700000e+01	2.445968e-10	2.028127e-10	0.000000e+00
6.700000e+01	6.800000e+01	2.068848e-10	1.604654e-10	1.870120e-11
6.800000e+01	6.900000e+01	1.436934e-10	5.304439e-11	5.639420e-11
6.900000e+01	7.000000e+01	1.337000e-10	1.239238e-10	0.000000e+00
7.000000e+01	7.100000e+01	1.597661e-10	1.293076e-10	0.000000e+00
7.100000e+01	7.200000e+01	6.635573e-11	5.421528e-11	0.000000e+00
7.200000e+01	7.300000e+01	3.602896e-11	1.055903e-11	1.627492e-10
7.300000e+01	7.400000e+01	8.707234e-11	2.494859e-11	5.266530e-12
7.400000e+01	7.500000e+01	3.063093e-10	2.974588e-10	0.000000e+00
7.500000e+01	7.600000e+01	3.130455e-11	1.459488e-11	2.079840e-12
7.600000e+01	7.700000e+01	6.480569e-11	6.141306e-11	0.000000e+00
7.700000e+01	7.800000e+01	6.868986e-11	6.572395e-11	0.000000e+00
7.800000e+01	7.900000e+01	1.409493e-10	1.352305e-10	0.000000e+00
7.900000e+01	8.000000e+01	2.537353e-11	2.109452e-11	0.000000e+00
8.000000e+01	8.100000e+01	4.891790e-11	4.450450e-11	0.000000e+00
8.100000e+01	8.200000e+01	2.264863e-11	2.115438e-11	0.000000e+00
8.200000e+01	8.300000e+01	3.205885e-11	2.985260e-11	0.000000e+00
8.300000e+01	8.400000e+01	1.459442e-11	1.384439e-11	0.000000e+00
8.400000e+01	8.500000e+01	1.770988e-11	1.261135e-11	0.000000e+00
8.500000e+01	8.600000e+01	7.267044e-12	3.733712e-12	6.622956e-12
8.600000e+01	8.700000e+01	2.906979e-11	2.365715e-11	0.000000e+00
8.700000e+01	8.800000e+01	9.740831e-12	8.080257e-12	1.538099e-12
8.800000e+01	8.900000e+01	1.188961e-11	1.170126e-11	7.522520e-12
8.900000e+01	9.000000e+01	2.213061e-11	2.102614e-11	0.000000e+00
9.000000e+01	9.100000e+01	2.805806e-12	2.541445e-12	0.000000e+00
9.100000e+01	9.200000e+01	1.549542e-11	1.522562e-11	0.000000e+00
9.200000e+01	9.300000e+01	3.675183e-12	3.273980e-12	0.000000e+00
9.300000e+01	9.400000e+01	1.684443e-13	0.000000e+00	9.065228e-12
9.400000e+01	9.500000e+01	2.835965e-12	6.299230e-13	6.807110e-13
9.500000e+01	9.600000e+01	4.114552e-12	3.685851e-12	0.000000e+00
9.600000e+01	9.700000e+01	2.658358e-12	2.433763e-12	6.008820e-13
9.700000e+01	9.800000e+01	1.815024e-11	1.551948e-11	0.000000e+00
9.800000e+01	9.900000e+01	5.014755e-13	4.840352e-13	2.581527e-12
9.900000e+01	1.000000e+02	1.690822e-12	1.467879e-12	0.000000e+00
# END HISTO1D

