# BEGIN PLOT
Scale=1000.0
DrawOnly=//homes/tinghua1/Merging-Project/Production/HJETS/ratio-plots/hjets-vbfnlo/H-N2-N3-4-25gev-combine.yoda/MC_H2JETS_04_INC/jet4_y_incl //homes/tinghua1/Merging-Project/Production/HJETS/ratio-plots/hjets-vbfnlo/H-N2-N3-4-25gev-vbfnlo-combine.yoda/MC_H2JETS_04_INC/jet4_y_incl //homes/tinghua1/Merging-Project/Production/HJETS/ratio-plots/hjets-vbfnlo/H-N2-3-4-25gev-combine.yoda/MC_H2JETS_04_INC/jet4_y_incl //homes/tinghua1/Merging-Project/Production/HJETS/ratio-plots/hjets-vbfnlo/H-N2-3-4-25gev-vbfnlo-combine.yoda/MC_H2JETS_04_INC/jet4_y_incl //homes/tinghua1/Merging-Project/Production/HJETS/ratio-plots/hjets-vbfnlo/H-2-3-4-25gev-combine.yoda/MC_H2JETS_04_INC/jet4_y_incl //homes/tinghua1/Merging-Project/Production/HJETS/ratio-plots/hjets-vbfnlo/H-2-3-4-25gev-vbfnlo-combine.yoda/MC_H2JETS_04_INC/jet4_y_incl //homes/tinghua1/Merging-Project/Production/HJETS/ratio-plots/hjets-vbfnlo/H-2-3-25gev-combine.yoda/MC_H2JETS_04_INC/jet4_y_incl //homes/tinghua1/Merging-Project/Production/HJETS/ratio-plots/hjets-vbfnlo/H-2-3-25gev-vbfnlo-combine.yoda/MC_H2JETS_04_INC/jet4_y_incl
RightMargin=0.5
RatioPlotReference=//homes/tinghua1/Merging-Project/Production/HJETS/ratio-plots/hjets-vbfnlo/H-N2-N3-4-25gev-combine.yoda/MC_H2JETS_04_INC/jet4_y_incl
#RatioPlot=1
LogY=1
RatioPlotYMax=2.0
RatioPlotYLabel=Ratio
#LegendOnly=//homes/tinghua1/Merging-Project/Production/HJETS/ratio-plots/hjets-vbfnlo/H-N2-N3-4-25gev-combine.yoda/MC_H2JETS_04_INC/jet4_y_incl //homes/tinghua1/Merging-Project/Production/HJETS/ratio-plots/hjets-vbfnlo/H-N2-N3-4-25gev-vbfnlo-combine.yoda/MC_H2JETS_04_INC/jet4_y_incl //homes/tinghua1/Merging-Project/Production/HJETS/ratio-plots/hjets-vbfnlo/H-N2-3-4-25gev-combine.yoda/MC_H2JETS_04_INC/jet4_y_incl //homes/tinghua1/Merging-Project/Production/HJETS/ratio-plots/hjets-vbfnlo/H-N2-3-4-25gev-vbfnlo-combine.yoda/MC_H2JETS_04_INC/jet4_y_incl //homes/tinghua1/Merging-Project/Production/HJETS/ratio-plots/hjets-vbfnlo/H-2-3-4-25gev-combine.yoda/MC_H2JETS_04_INC/jet4_y_incl //homes/tinghua1/Merging-Project/Production/HJETS/ratio-plots/hjets-vbfnlo/H-2-3-4-25gev-vbfnlo-combine.yoda/MC_H2JETS_04_INC/jet4_y_incl //homes/tinghua1/Merging-Project/Production/HJETS/ratio-plots/hjets-vbfnlo/H-2-3-25gev-combine.yoda/MC_H2JETS_04_INC/jet4_y_incl //homes/tinghua1/Merging-Project/Production/HJETS/ratio-plots/hjets-vbfnlo/H-2-3-25gev-vbfnlo-combine.yoda/MC_H2JETS_04_INC/jet4_y_incl
XLabel=$y_{j_4}^{incl}$ 
LegendAlign=r
YLabel=$ \text{d} \sigma/ \text{d}  y_{j_4}^{incl}$ (fb)
Legend=1
RatioPlot=4
MainPlotSelection={"Selection":[1,2,3,4,5,6,7,8]}
RatioPlots={"RatioPlotYLabel":"","Selection":[1,2]};{"RatioPlotYLabel":"","Selection":[3,4]};{"RatioPlotYLabel":"","Selection":[5,6]};{"RatioPlotYLabel":"","Selection":[7,8]}
RatioPlotSameStyle=1
RatioPlotYMin=0.2
# END PLOT


# BEGIN SPECIAL /MC_H2JETS_04_INC/jet4_y_incl
\rput[tl](0.05,0.75){\parbox{5cm}{\textcolor{gray}{{\bf Herwig 7.2.0} \\ HJETS/ColorFull}}}
# END SPECIAL

# BEGIN HISTO1D //homes/tinghua1/Merging-Project/Production/HJETS/ratio-plots/hjets-vbfnlo/H-N2-N3-4-25gev-combine.yoda/MC_H2JETS_04_INC/jet4_y_incl
ErrorBandColor=orange
ErrorBandOpacity=0.3
ErrorBands=1
ErrorType=env
LineColor=orange
LineStyle=solid
Path=//homes/tinghua1/Merging-Project/Production/HJETS/ratio-plots/hjets-vbfnlo/H-N2-N3-4-25gev-combine.yoda/MC_H2JETS_04_INC/jet4_y_incl
RatioPlotSameStyle=1
Title=h(2*,3*,4)
# xlow	 xhigh	 val	 errminus	 errplus
-5.000000e+00	-4.800000e+00	0.000000e+00	0.000000e+00	0.000000e+00
-4.800000e+00	-4.600000e+00	0.000000e+00	0.000000e+00	0.000000e+00
-4.600000e+00	-4.400000e+00	2.245054e-03	2.058030e-04	2.152670e-04
-4.400000e+00	-4.200000e+00	6.063220e-03	0.000000e+00	8.828150e-04
-4.200000e+00	-4.000000e+00	8.402505e-03	1.508415e-03	0.000000e+00
-4.000000e+00	-3.800000e+00	1.002498e-02	9.458900e-04	1.652810e-03
-3.800000e+00	-3.600000e+00	1.425476e-02	2.369330e-03	0.000000e+00
-3.600000e+00	-3.400000e+00	1.464171e-02	2.544280e-03	1.648040e-03
-3.400000e+00	-3.200000e+00	1.935180e-02	3.653555e-03	8.409000e-05
-3.200000e+00	-3.000000e+00	2.074687e-02	3.306635e-03	2.681000e-05
-3.000000e+00	-2.800000e+00	2.455904e-02	4.722555e-03	5.191950e-04
-2.800000e+00	-2.600000e+00	2.480751e-02	2.742455e-03	2.618685e-03
-2.600000e+00	-2.400000e+00	2.619498e-02	4.194810e-03	6.112670e-03
-2.400000e+00	-2.200000e+00	2.825933e-02	3.342345e-03	2.340355e-03
-2.200000e+00	-2.000000e+00	2.846445e-02	2.289670e-03	7.213310e-03
-2.000000e+00	-1.800000e+00	3.172073e-02	4.462935e-03	2.676065e-03
-1.800000e+00	-1.600000e+00	3.458187e-02	5.883495e-03	1.808545e-03
-1.600000e+00	-1.400000e+00	3.515371e-02	5.332775e-03	4.813365e-03
-1.400000e+00	-1.200000e+00	3.538556e-02	3.858515e-03	1.709175e-03
-1.200000e+00	-1.000000e+00	3.608118e-02	4.010205e-03	4.223150e-04
-1.000000e+00	-8.000000e-01	3.629294e-02	4.877510e-03	3.678600e-03
-8.000000e-01	-6.000000e-01	3.574301e-02	0.000000e+00	6.325060e-03
-6.000000e-01	-4.000000e-01	3.350251e-02	1.707875e-03	7.110375e-03
-4.000000e-01	-2.000000e-01	3.810579e-02	4.722575e-03	3.962485e-03
-2.000000e-01	0.000000e+00	3.679493e-02	2.504285e-03	5.874660e-03
0.000000e+00	2.000000e-01	3.531731e-02	2.080325e-03	5.200215e-03
2.000000e-01	4.000000e-01	3.543591e-02	1.901590e-03	7.206045e-03
4.000000e-01	6.000000e-01	3.735629e-02	4.938830e-03	7.047310e-03
6.000000e-01	8.000000e-01	3.557325e-02	1.110965e-03	3.762310e-03
8.000000e-01	1.000000e+00	3.525381e-02	3.741730e-03	2.403090e-03
1.000000e+00	1.200000e+00	3.507155e-02	4.886835e-03	4.758115e-03
1.200000e+00	1.400000e+00	3.486521e-02	1.897300e-03	3.338480e-03
1.400000e+00	1.600000e+00	3.386911e-02	3.003200e-03	4.488990e-03
1.600000e+00	1.800000e+00	3.244748e-02	4.351530e-03	0.000000e+00
1.800000e+00	2.000000e+00	3.333657e-02	5.124150e-03	2.883945e-03
2.000000e+00	2.200000e+00	3.220319e-02	3.458870e-03	2.963735e-03
2.200000e+00	2.400000e+00	2.736245e-02	2.240890e-03	4.466430e-03
2.400000e+00	2.600000e+00	3.506020e-02	1.098731e-02	0.000000e+00
2.600000e+00	2.800000e+00	2.572258e-02	3.724485e-03	1.048825e-03
2.800000e+00	3.000000e+00	2.229311e-02	1.351410e-03	2.486890e-03
3.000000e+00	3.200000e+00	1.899809e-02	7.220000e-04	2.031290e-03
3.200000e+00	3.400000e+00	1.678110e-02	1.258235e-03	3.861585e-03
3.400000e+00	3.600000e+00	1.502672e-02	1.503585e-03	1.433080e-03
3.600000e+00	3.800000e+00	1.273576e-02	2.337545e-03	1.089600e-04
3.800000e+00	4.000000e+00	1.012621e-02	6.516950e-04	1.243600e-04
4.000000e+00	4.200000e+00	7.363435e-03	5.755500e-04	2.097360e-03
4.200000e+00	4.400000e+00	6.030385e-03	6.805900e-04	2.888900e-04
4.400000e+00	4.600000e+00	2.594789e-03	5.114825e-04	0.000000e+00
4.600000e+00	4.800000e+00	0.000000e+00	0.000000e+00	0.000000e+00
4.800000e+00	5.000000e+00	0.000000e+00	0.000000e+00	0.000000e+00
# END HISTO1D


# BEGIN HISTO1D //homes/tinghua1/Merging-Project/Production/HJETS/ratio-plots/hjets-vbfnlo/H-N2-N3-4-25gev-vbfnlo-combine.yoda/MC_H2JETS_04_INC/jet4_y_incl
ErrorBandColor=red
ErrorBandOpacity=0.3
ErrorBands=1
ErrorType=env
LineColor=red
LineStyle=solid
Path=//homes/tinghua1/Merging-Project/Production/HJETS/ratio-plots/hjets-vbfnlo/H-N2-N3-4-25gev-vbfnlo-combine.yoda/MC_H2JETS_04_INC/jet4_y_incl
RatioPlotSameStyle=1
Title=h(2*,3*,4)-vbfnlo
# xlow	 xhigh	 val	 errminus	 errplus
-5.000000e+00	-4.800000e+00	0.000000e+00	0.000000e+00	0.000000e+00
-4.800000e+00	-4.600000e+00	0.000000e+00	0.000000e+00	0.000000e+00
-4.600000e+00	-4.400000e+00	1.533476e-03	0.000000e+00	4.087840e-04
-4.400000e+00	-4.200000e+00	4.027659e-03	0.000000e+00	9.290585e-04
-4.200000e+00	-4.000000e+00	5.316120e-03	0.000000e+00	8.735700e-04
-4.000000e+00	-3.800000e+00	6.624065e-03	0.000000e+00	1.059940e-03
-3.800000e+00	-3.600000e+00	7.848000e-03	0.000000e+00	1.721485e-03
-3.600000e+00	-3.400000e+00	9.036760e-03	0.000000e+00	2.033045e-03
-3.400000e+00	-3.200000e+00	1.007254e-02	0.000000e+00	2.198655e-03
-3.200000e+00	-3.000000e+00	1.122964e-02	0.000000e+00	2.317815e-03
-3.000000e+00	-2.800000e+00	1.185845e-02	0.000000e+00	2.211680e-03
-2.800000e+00	-2.600000e+00	1.271221e-02	0.000000e+00	2.512465e-03
-2.600000e+00	-2.400000e+00	1.327092e-02	0.000000e+00	1.219495e-03
-2.400000e+00	-2.200000e+00	1.309903e-02	0.000000e+00	1.119815e-03
-2.200000e+00	-2.000000e+00	1.302879e-02	0.000000e+00	2.613250e-03
-2.000000e+00	-1.800000e+00	1.646185e-02	2.259865e-03	0.000000e+00
-1.800000e+00	-1.600000e+00	1.246719e-02	0.000000e+00	1.893615e-03
-1.600000e+00	-1.400000e+00	1.257121e-02	0.000000e+00	7.717850e-04
-1.400000e+00	-1.200000e+00	1.175161e-02	0.000000e+00	2.199465e-03
-1.200000e+00	-1.000000e+00	1.099416e-02	0.000000e+00	1.953885e-03
-1.000000e+00	-8.000000e-01	1.110386e-02	0.000000e+00	1.425760e-03
-8.000000e-01	-6.000000e-01	1.031302e-02	0.000000e+00	1.986990e-03
-6.000000e-01	-4.000000e-01	1.015725e-02	0.000000e+00	1.267760e-03
-4.000000e-01	-2.000000e-01	1.010912e-02	0.000000e+00	2.239610e-03
-2.000000e-01	0.000000e+00	1.007700e-02	4.567500e-05	1.767240e-03
0.000000e+00	2.000000e-01	9.633760e-03	0.000000e+00	1.835850e-03
2.000000e-01	4.000000e-01	9.622620e-03	0.000000e+00	2.040825e-03
4.000000e-01	6.000000e-01	1.044286e-02	0.000000e+00	9.940800e-04
6.000000e-01	8.000000e-01	1.013076e-02	0.000000e+00	2.582980e-03
8.000000e-01	1.000000e+00	1.084903e-02	0.000000e+00	2.795160e-03
1.000000e+00	1.200000e+00	1.108049e-02	0.000000e+00	2.170000e-03
1.200000e+00	1.400000e+00	1.171572e-02	0.000000e+00	2.788810e-03
1.400000e+00	1.600000e+00	1.230333e-02	0.000000e+00	2.228495e-03
1.600000e+00	1.800000e+00	1.282821e-02	0.000000e+00	1.444015e-03
1.800000e+00	2.000000e+00	1.228591e-02	0.000000e+00	2.743620e-03
2.000000e+00	2.200000e+00	1.269906e-02	0.000000e+00	2.581970e-03
2.200000e+00	2.400000e+00	1.343599e-02	0.000000e+00	1.910830e-03
2.400000e+00	2.600000e+00	1.192637e-02	0.000000e+00	3.420920e-03
2.600000e+00	2.800000e+00	1.236308e-02	0.000000e+00	2.284565e-03
2.800000e+00	3.000000e+00	1.206472e-02	0.000000e+00	1.487705e-03
3.000000e+00	3.200000e+00	1.263942e-02	2.412750e-04	1.134730e-03
3.200000e+00	3.400000e+00	1.017880e-02	0.000000e+00	1.676765e-03
3.400000e+00	3.600000e+00	9.143525e-03	0.000000e+00	1.355695e-03
3.600000e+00	3.800000e+00	7.879915e-03	0.000000e+00	1.882145e-03
3.800000e+00	4.000000e+00	6.482095e-03	0.000000e+00	7.409800e-04
4.000000e+00	4.200000e+00	5.282180e-03	0.000000e+00	1.372605e-03
4.200000e+00	4.400000e+00	3.968054e-03	0.000000e+00	8.551300e-04
4.400000e+00	4.600000e+00	1.436945e-03	0.000000e+00	5.247925e-04
4.600000e+00	4.800000e+00	0.000000e+00	0.000000e+00	0.000000e+00
4.800000e+00	5.000000e+00	0.000000e+00	0.000000e+00	0.000000e+00
# END HISTO1D


# BEGIN HISTO1D //homes/tinghua1/Merging-Project/Production/HJETS/ratio-plots/hjets-vbfnlo/H-N2-3-4-25gev-combine.yoda/MC_H2JETS_04_INC/jet4_y_incl
ErrorBandColor=blue
ErrorBandOpacity=0.3
ErrorBands=1
ErrorType=env
LineColor=blue
LineStyle=solid
Path=//homes/tinghua1/Merging-Project/Production/HJETS/ratio-plots/hjets-vbfnlo/H-N2-3-4-25gev-combine.yoda/MC_H2JETS_04_INC/jet4_y_incl
RatioPlotSameStyle=1
Title=h(2*,3,4)
# xlow	 xhigh	 val	 errminus	 errplus
-5.000000e+00	-4.800000e+00	0.000000e+00	0.000000e+00	0.000000e+00
-4.800000e+00	-4.600000e+00	0.000000e+00	0.000000e+00	0.000000e+00
-4.600000e+00	-4.400000e+00	2.094906e-03	2.838265e-04	4.656985e-04
-4.400000e+00	-4.200000e+00	5.716310e-03	1.018901e-03	1.219700e-03
-4.200000e+00	-4.000000e+00	7.823690e-03	1.255670e-03	1.436250e-03
-4.000000e+00	-3.800000e+00	9.595195e-03	1.464695e-03	1.976865e-03
-3.800000e+00	-3.600000e+00	1.178064e-02	1.610275e-03	2.378775e-03
-3.600000e+00	-3.400000e+00	1.425998e-02	2.116215e-03	2.911755e-03
-3.400000e+00	-3.200000e+00	1.630735e-02	1.240915e-03	3.549715e-03
-3.200000e+00	-3.000000e+00	1.942453e-02	3.203655e-03	3.349700e-03
-3.000000e+00	-2.800000e+00	2.190840e-02	3.519815e-03	3.978625e-03
-2.800000e+00	-2.600000e+00	2.361784e-02	3.309060e-03	4.731145e-03
-2.600000e+00	-2.400000e+00	2.586374e-02	3.568500e-03	4.083885e-03
-2.400000e+00	-2.200000e+00	2.767139e-02	3.782590e-03	4.841955e-03
-2.200000e+00	-2.000000e+00	2.933577e-02	3.873905e-03	4.325520e-03
-2.000000e+00	-1.800000e+00	3.083349e-02	4.066740e-03	5.824510e-03
-1.800000e+00	-1.600000e+00	3.213636e-02	4.436045e-03	5.130485e-03
-1.600000e+00	-1.400000e+00	3.292362e-02	4.232380e-03	6.359100e-03
-1.400000e+00	-1.200000e+00	3.375005e-02	4.730045e-03	6.160295e-03
-1.200000e+00	-1.000000e+00	3.477560e-02	5.287900e-03	5.032720e-03
-1.000000e+00	-8.000000e-01	3.468152e-02	4.454130e-03	6.504835e-03
-8.000000e-01	-6.000000e-01	3.556334e-02	4.987530e-03	5.717770e-03
-6.000000e-01	-4.000000e-01	3.510380e-02	5.067995e-03	1.091199e-02
-4.000000e-01	-2.000000e-01	3.510074e-02	3.845330e-03	7.271635e-03
-2.000000e-01	0.000000e+00	3.537225e-02	4.672580e-03	5.382385e-03
0.000000e+00	2.000000e-01	3.487239e-02	4.861790e-03	7.515885e-03
2.000000e-01	4.000000e-01	3.473518e-02	4.095740e-03	6.374450e-03
4.000000e-01	6.000000e-01	3.476166e-02	4.374990e-03	7.186930e-03
6.000000e-01	8.000000e-01	3.660840e-02	6.466485e-03	4.090605e-03
8.000000e-01	1.000000e+00	3.529253e-02	5.390375e-03	5.475680e-03
1.000000e+00	1.200000e+00	3.426699e-02	4.777120e-03	5.404105e-03
1.200000e+00	1.400000e+00	3.404246e-02	4.177390e-03	5.825255e-03
1.400000e+00	1.600000e+00	3.395617e-02	5.198725e-03	5.580690e-03
1.600000e+00	1.800000e+00	3.198766e-02	4.482570e-03	5.901615e-03
1.800000e+00	2.000000e+00	3.100934e-02	4.766635e-03	4.637635e-03
2.000000e+00	2.200000e+00	2.985851e-02	4.229290e-03	4.503470e-03
2.200000e+00	2.400000e+00	2.787105e-02	3.980085e-03	4.970230e-03
2.400000e+00	2.600000e+00	2.619373e-02	4.082960e-03	4.420330e-03
2.600000e+00	2.800000e+00	2.367304e-02	2.206375e-03	4.759535e-03
2.800000e+00	3.000000e+00	2.136072e-02	2.821595e-03	4.159450e-03
3.000000e+00	3.200000e+00	1.927349e-02	3.020655e-03	3.843530e-03
3.200000e+00	3.400000e+00	1.719767e-02	2.659495e-03	2.380670e-03
3.400000e+00	3.600000e+00	1.409347e-02	1.846285e-03	3.290255e-03
3.600000e+00	3.800000e+00	1.200453e-02	1.728135e-03	1.940335e-03
3.800000e+00	4.000000e+00	9.398165e-03	1.049730e-03	2.450800e-03
4.000000e+00	4.200000e+00	7.637055e-03	1.425730e-03	1.520770e-03
4.200000e+00	4.400000e+00	6.083455e-03	1.046450e-03	5.044800e-04
4.400000e+00	4.600000e+00	2.085088e-03	2.219595e-04	4.267735e-04
4.600000e+00	4.800000e+00	0.000000e+00	0.000000e+00	0.000000e+00
4.800000e+00	5.000000e+00	0.000000e+00	0.000000e+00	0.000000e+00
# END HISTO1D


# BEGIN HISTO1D //homes/tinghua1/Merging-Project/Production/HJETS/ratio-plots/hjets-vbfnlo/H-N2-3-4-25gev-vbfnlo-combine.yoda/MC_H2JETS_04_INC/jet4_y_incl
ErrorBandColor=cyan
ErrorBandOpacity=0.3
ErrorBands=1
ErrorType=env
LineColor=cyan
LineStyle=solid
Path=//homes/tinghua1/Merging-Project/Production/HJETS/ratio-plots/hjets-vbfnlo/H-N2-3-4-25gev-vbfnlo-combine.yoda/MC_H2JETS_04_INC/jet4_y_incl
RatioPlotSameStyle=1
Title=h(2*,3,4)-vbfnlo
# xlow	 xhigh	 val	 errminus	 errplus
-5.000000e+00	-4.800000e+00	0.000000e+00	0.000000e+00	0.000000e+00
-4.800000e+00	-4.600000e+00	0.000000e+00	0.000000e+00	0.000000e+00
-4.600000e+00	-4.400000e+00	1.717876e-03	2.523845e-04	4.260230e-04
-4.400000e+00	-4.200000e+00	4.343819e-03	7.374550e-04	8.249510e-04
-4.200000e+00	-4.000000e+00	5.729935e-03	9.522545e-04	1.189420e-03
-4.000000e+00	-3.800000e+00	7.163915e-03	1.153030e-03	1.278100e-03
-3.800000e+00	-3.600000e+00	8.804635e-03	1.542825e-03	1.593075e-03
-3.600000e+00	-3.400000e+00	1.001518e-02	1.575640e-03	1.818490e-03
-3.400000e+00	-3.200000e+00	1.075132e-02	1.337320e-03	2.480410e-03
-3.200000e+00	-3.000000e+00	1.225752e-02	1.686585e-03	2.349400e-03
-3.000000e+00	-2.800000e+00	1.295106e-02	1.738640e-03	2.803805e-03
-2.800000e+00	-2.600000e+00	1.381575e-02	2.072190e-03	2.288620e-03
-2.600000e+00	-2.400000e+00	1.399782e-02	2.115230e-03	2.646565e-03
-2.400000e+00	-2.200000e+00	1.424024e-02	1.844150e-03	2.532450e-03
-2.200000e+00	-2.000000e+00	1.401144e-02	1.763685e-03	2.664760e-03
-2.000000e+00	-1.800000e+00	1.371302e-02	1.667220e-03	2.791830e-03
-1.800000e+00	-1.600000e+00	1.364884e-02	1.841140e-03	2.463890e-03
-1.600000e+00	-1.400000e+00	1.311913e-02	1.480405e-03	2.557455e-03
-1.400000e+00	-1.200000e+00	1.274931e-02	1.778650e-03	1.808305e-03
-1.200000e+00	-1.000000e+00	1.213335e-02	1.519055e-03	2.124745e-03
-1.000000e+00	-8.000000e-01	1.168079e-02	1.424635e-03	1.838990e-03
-8.000000e-01	-6.000000e-01	1.103469e-02	8.810550e-04	1.955680e-03
-6.000000e-01	-4.000000e-01	1.091386e-02	1.070385e-03	1.540920e-03
-4.000000e-01	-2.000000e-01	1.074820e-02	1.311090e-03	1.486520e-03
-2.000000e-01	0.000000e+00	1.061521e-02	1.321345e-03	1.725645e-03
0.000000e+00	2.000000e-01	1.086966e-02	1.433090e-03	1.249620e-03
2.000000e-01	4.000000e-01	1.083989e-02	6.390500e-05	1.646220e-03
4.000000e-01	6.000000e-01	1.084409e-02	1.321300e-03	1.850085e-03
6.000000e-01	8.000000e-01	1.151791e-02	1.813520e-03	1.391805e-03
8.000000e-01	1.000000e+00	1.191965e-02	1.658840e-03	1.863080e-03
1.000000e+00	1.200000e+00	1.199242e-02	1.418910e-03	2.158805e-03
1.200000e+00	1.400000e+00	1.272885e-02	1.566725e-03	2.053185e-03
1.400000e+00	1.600000e+00	1.313896e-02	1.632955e-03	2.310145e-03
1.600000e+00	1.800000e+00	1.354836e-02	1.637680e-03	2.478220e-03
1.800000e+00	2.000000e+00	1.395570e-02	1.883765e-03	2.509760e-03
2.000000e+00	2.200000e+00	1.420778e-02	1.998275e-03	2.362530e-03
2.200000e+00	2.400000e+00	1.421799e-02	1.910405e-03	2.657265e-03
2.400000e+00	2.600000e+00	1.390712e-02	1.465935e-03	2.660685e-03
2.600000e+00	2.800000e+00	1.369558e-02	1.980440e-03	2.605860e-03
2.800000e+00	3.000000e+00	1.331260e-02	2.102765e-03	2.236075e-03
3.000000e+00	3.200000e+00	1.220046e-02	1.870155e-03	2.434110e-03
3.200000e+00	3.400000e+00	1.108791e-02	1.635400e-03	2.310445e-03
3.400000e+00	3.600000e+00	9.991400e-03	1.612635e-03	1.915150e-03
3.600000e+00	3.800000e+00	8.632320e-03	1.395035e-03	1.762840e-03
3.800000e+00	4.000000e+00	7.062100e-03	8.219050e-04	1.395850e-03
4.000000e+00	4.200000e+00	5.637700e-03	8.650135e-04	1.154445e-03
4.200000e+00	4.400000e+00	4.410304e-03	7.380440e-04	7.170460e-04
4.400000e+00	4.600000e+00	1.718720e-03	2.802105e-04	3.017210e-04
4.600000e+00	4.800000e+00	0.000000e+00	0.000000e+00	0.000000e+00
4.800000e+00	5.000000e+00	0.000000e+00	0.000000e+00	0.000000e+00
# END HISTO1D


# BEGIN HISTO1D //homes/tinghua1/Merging-Project/Production/HJETS/ratio-plots/hjets-vbfnlo/H-2-3-4-25gev-combine.yoda/MC_H2JETS_04_INC/jet4_y_incl
ErrorBandColor=yellow
ErrorBandOpacity=0.3
ErrorBands=1
ErrorType=env
LineColor=yellow
LineStyle=solid
Path=//homes/tinghua1/Merging-Project/Production/HJETS/ratio-plots/hjets-vbfnlo/H-2-3-4-25gev-combine.yoda/MC_H2JETS_04_INC/jet4_y_incl
RatioPlotSameStyle=1
Title=h(2,3,4)
# xlow	 xhigh	 val	 errminus	 errplus
-5.000000e+00	-4.800000e+00	0.000000e+00	0.000000e+00	0.000000e+00
-4.800000e+00	-4.600000e+00	0.000000e+00	0.000000e+00	0.000000e+00
-4.600000e+00	-4.400000e+00	2.026754e-03	1.348955e-04	4.845115e-04
-4.400000e+00	-4.200000e+00	5.288450e-03	9.518075e-04	1.625565e-03
-4.200000e+00	-4.000000e+00	7.213740e-03	1.118340e-03	1.701225e-03
-4.000000e+00	-3.800000e+00	9.531330e-03	1.927680e-03	1.543550e-03
-3.800000e+00	-3.600000e+00	1.138936e-02	1.738465e-03	2.594210e-03
-3.600000e+00	-3.400000e+00	1.382994e-02	1.744325e-03	2.755190e-03
-3.400000e+00	-3.200000e+00	1.627357e-02	2.571715e-03	3.185850e-03
-3.200000e+00	-3.000000e+00	1.846632e-02	3.046860e-03	3.601255e-03
-3.000000e+00	-2.800000e+00	2.049379e-02	2.414805e-03	3.670890e-03
-2.800000e+00	-2.600000e+00	2.202547e-02	2.362210e-03	4.706610e-03
-2.600000e+00	-2.400000e+00	2.410144e-02	3.070195e-03	4.751535e-03
-2.400000e+00	-2.200000e+00	2.559715e-02	2.963835e-03	4.584255e-03
-2.200000e+00	-2.000000e+00	2.674483e-02	3.422695e-03	4.974165e-03
-2.000000e+00	-1.800000e+00	2.819451e-02	3.840490e-03	4.374295e-03
-1.800000e+00	-1.600000e+00	2.881871e-02	3.179090e-03	4.611585e-03
-1.600000e+00	-1.400000e+00	2.945691e-02	3.548200e-03	5.370890e-03
-1.400000e+00	-1.200000e+00	3.004060e-02	3.857885e-03	4.127020e-03
-1.200000e+00	-1.000000e+00	3.031051e-02	3.758400e-03	4.371830e-03
-1.000000e+00	-8.000000e-01	3.044638e-02	3.232535e-03	4.067050e-03
-8.000000e-01	-6.000000e-01	3.018545e-02	3.454045e-03	4.358375e-03
-6.000000e-01	-4.000000e-01	3.006442e-02	2.955425e-03	4.823050e-03
-4.000000e-01	-2.000000e-01	3.012551e-02	3.223675e-03	4.936075e-03
-2.000000e-01	0.000000e+00	3.030302e-02	3.530045e-03	4.208665e-03
0.000000e+00	2.000000e-01	3.017281e-02	2.930095e-03	4.092950e-03
2.000000e-01	4.000000e-01	3.035296e-02	3.462065e-03	4.307685e-03
4.000000e-01	6.000000e-01	3.032882e-02	3.183710e-03	4.394265e-03
6.000000e-01	8.000000e-01	3.050527e-02	3.665130e-03	4.302230e-03
8.000000e-01	1.000000e+00	3.034031e-02	3.464330e-03	4.756165e-03
1.000000e+00	1.200000e+00	3.025431e-02	3.895705e-03	4.286935e-03
1.200000e+00	1.400000e+00	2.957960e-02	3.394410e-03	4.857775e-03
1.400000e+00	1.600000e+00	2.982729e-02	4.454300e-03	4.191700e-03
1.600000e+00	1.800000e+00	2.885709e-02	3.987195e-03	5.085140e-03
1.800000e+00	2.000000e+00	2.851652e-02	4.321985e-03	4.139780e-03
2.000000e+00	2.200000e+00	2.736180e-02	4.317595e-03	4.147680e-03
2.200000e+00	2.400000e+00	2.552199e-02	3.782450e-03	4.855600e-03
2.400000e+00	2.600000e+00	2.469855e-02	4.475595e-03	4.601470e-03
2.600000e+00	2.800000e+00	2.260478e-02	3.456965e-03	3.981730e-03
2.800000e+00	3.000000e+00	2.066044e-02	2.996990e-03	3.596015e-03
3.000000e+00	3.200000e+00	1.869505e-02	3.287460e-03	3.488360e-03
3.200000e+00	3.400000e+00	1.623897e-02	2.419690e-03	3.091430e-03
3.400000e+00	3.600000e+00	1.417627e-02	2.620135e-03	2.873650e-03
3.600000e+00	3.800000e+00	1.169875e-02	1.992025e-03	2.156970e-03
3.800000e+00	4.000000e+00	9.320045e-03	1.475675e-03	2.057560e-03
4.000000e+00	4.200000e+00	6.870560e-03	8.714100e-04	1.972945e-03
4.200000e+00	4.400000e+00	5.410640e-03	9.467865e-04	1.232130e-03
4.400000e+00	4.600000e+00	2.085296e-03	2.695275e-04	5.526110e-04
4.600000e+00	4.800000e+00	0.000000e+00	0.000000e+00	0.000000e+00
4.800000e+00	5.000000e+00	0.000000e+00	0.000000e+00	0.000000e+00
# END HISTO1D


# BEGIN HISTO1D //homes/tinghua1/Merging-Project/Production/HJETS/ratio-plots/hjets-vbfnlo/H-2-3-4-25gev-vbfnlo-combine.yoda/MC_H2JETS_04_INC/jet4_y_incl
ErrorBandColor=green
ErrorBandOpacity=0.3
ErrorBands=1
ErrorType=env
LineColor=green
LineStyle=solid
Path=//homes/tinghua1/Merging-Project/Production/HJETS/ratio-plots/hjets-vbfnlo/H-2-3-4-25gev-vbfnlo-combine.yoda/MC_H2JETS_04_INC/jet4_y_incl
RatioPlotSameStyle=1
Title=h(2,3,4)-vbfnlo
# xlow	 xhigh	 val	 errminus	 errplus
-5.000000e+00	-4.800000e+00	0.000000e+00	0.000000e+00	0.000000e+00
-4.800000e+00	-4.600000e+00	0.000000e+00	0.000000e+00	0.000000e+00
-4.600000e+00	-4.400000e+00	1.684817e-03	2.244240e-04	3.957375e-04
-4.400000e+00	-4.200000e+00	4.383386e-03	8.444115e-04	9.618885e-04
-4.200000e+00	-4.000000e+00	5.763630e-03	1.038363e-03	1.291355e-03
-4.000000e+00	-3.800000e+00	7.324725e-03	1.288655e-03	1.596120e-03
-3.800000e+00	-3.600000e+00	8.891970e-03	1.672185e-03	1.889875e-03
-3.600000e+00	-3.400000e+00	1.034080e-02	1.724135e-03	2.273895e-03
-3.400000e+00	-3.200000e+00	1.154181e-02	1.872335e-03	2.606660e-03
-3.200000e+00	-3.000000e+00	1.274606e-02	1.951605e-03	2.938225e-03
-3.000000e+00	-2.800000e+00	1.389124e-02	2.525545e-03	2.661605e-03
-2.800000e+00	-2.600000e+00	1.452065e-02	2.518325e-03	2.834460e-03
-2.600000e+00	-2.400000e+00	1.476586e-02	2.567420e-03	2.846915e-03
-2.400000e+00	-2.200000e+00	1.448466e-02	2.122805e-03	3.482045e-03
-2.200000e+00	-2.000000e+00	1.486925e-02	2.550035e-03	2.693650e-03
-2.000000e+00	-1.800000e+00	1.448935e-02	2.235225e-03	2.966795e-03
-1.800000e+00	-1.600000e+00	1.404178e-02	1.970115e-03	2.822520e-03
-1.600000e+00	-1.400000e+00	1.343073e-02	1.797840e-03	2.718100e-03
-1.400000e+00	-1.200000e+00	1.317002e-02	1.996985e-03	2.149220e-03
-1.200000e+00	-1.000000e+00	1.250714e-02	1.799900e-03	2.002105e-03
-1.000000e+00	-8.000000e-01	1.178120e-02	1.555070e-03	2.171550e-03
-8.000000e-01	-6.000000e-01	1.143458e-02	1.546395e-03	1.937030e-03
-6.000000e-01	-4.000000e-01	1.112133e-02	1.559405e-03	1.477240e-03
-4.000000e-01	-2.000000e-01	1.089187e-02	1.415375e-03	1.719470e-03
-2.000000e-01	0.000000e+00	1.066950e-02	1.330280e-03	1.824470e-03
0.000000e+00	2.000000e-01	1.070061e-02	1.368335e-03	1.637115e-03
2.000000e-01	4.000000e-01	1.102116e-02	1.669585e-03	1.537625e-03
4.000000e-01	6.000000e-01	1.114005e-02	1.451685e-03	1.844995e-03
6.000000e-01	8.000000e-01	1.143948e-02	1.316325e-03	1.783465e-03
8.000000e-01	1.000000e+00	1.195873e-02	1.653135e-03	2.112160e-03
1.000000e+00	1.200000e+00	1.250101e-02	1.705440e-03	2.364785e-03
1.200000e+00	1.400000e+00	1.287815e-02	1.685515e-03	2.350390e-03
1.400000e+00	1.600000e+00	1.341927e-02	1.787595e-03	2.612320e-03
1.600000e+00	1.800000e+00	1.416652e-02	2.215860e-03	2.512625e-03
1.800000e+00	2.000000e+00	1.453235e-02	2.269700e-03	2.681115e-03
2.000000e+00	2.200000e+00	1.472059e-02	2.163480e-03	2.907490e-03
2.200000e+00	2.400000e+00	1.483239e-02	2.254040e-03	2.949215e-03
2.400000e+00	2.600000e+00	1.471913e-02	2.358385e-03	2.937110e-03
2.600000e+00	2.800000e+00	1.435225e-02	2.191850e-03	2.986145e-03
2.800000e+00	3.000000e+00	1.367429e-02	2.330705e-03	3.215670e-03
3.000000e+00	3.200000e+00	1.282605e-02	2.150915e-03	2.816405e-03
3.200000e+00	3.400000e+00	1.168136e-02	2.050270e-03	2.601030e-03
3.400000e+00	3.600000e+00	1.073628e-02	2.299020e-03	1.837015e-03
3.600000e+00	3.800000e+00	8.716640e-03	1.460540e-03	2.179500e-03
3.800000e+00	4.000000e+00	7.318935e-03	1.359340e-03	1.621395e-03
4.000000e+00	4.200000e+00	5.784145e-03	1.022133e-03	1.418380e-03
4.200000e+00	4.400000e+00	4.328902e-03	7.512835e-04	1.086788e-03
4.400000e+00	4.600000e+00	1.644290e-03	1.645650e-04	5.043185e-04
4.600000e+00	4.800000e+00	0.000000e+00	0.000000e+00	0.000000e+00
4.800000e+00	5.000000e+00	0.000000e+00	0.000000e+00	0.000000e+00
# END HISTO1D


# BEGIN HISTO1D //homes/tinghua1/Merging-Project/Production/HJETS/ratio-plots/hjets-vbfnlo/H-2-3-25gev-combine.yoda/MC_H2JETS_04_INC/jet4_y_incl
ErrorBandColor=purple
ErrorBandOpacity=0.3
ErrorBands=1
ErrorType=env
LineColor=purple
LineStyle=solid
Path=//homes/tinghua1/Merging-Project/Production/HJETS/ratio-plots/hjets-vbfnlo/H-2-3-25gev-combine.yoda/MC_H2JETS_04_INC/jet4_y_incl
RatioPlotSameStyle=1
Title=h(2,3)
# xlow	 xhigh	 val	 errminus	 errplus
-5.000000e+00	-4.800000e+00	0.000000e+00	0.000000e+00	0.000000e+00
-4.800000e+00	-4.600000e+00	0.000000e+00	0.000000e+00	0.000000e+00
-4.600000e+00	-4.400000e+00	1.475441e-03	0.000000e+00	6.983430e-04
-4.400000e+00	-4.200000e+00	3.808354e-03	0.000000e+00	1.765746e-03
-4.200000e+00	-4.000000e+00	5.174205e-03	0.000000e+00	2.382595e-03
-4.000000e+00	-3.800000e+00	6.739820e-03	0.000000e+00	2.996930e-03
-3.800000e+00	-3.600000e+00	8.401540e-03	0.000000e+00	3.712765e-03
-3.600000e+00	-3.400000e+00	1.022479e-02	0.000000e+00	4.381735e-03
-3.400000e+00	-3.200000e+00	1.183113e-02	0.000000e+00	4.973080e-03
-3.200000e+00	-3.000000e+00	1.362596e-02	0.000000e+00	5.476315e-03
-3.000000e+00	-2.800000e+00	1.524968e-02	0.000000e+00	6.023790e-03
-2.800000e+00	-2.600000e+00	1.676354e-02	0.000000e+00	6.266535e-03
-2.600000e+00	-2.400000e+00	1.790590e-02	0.000000e+00	6.794705e-03
-2.400000e+00	-2.200000e+00	1.930066e-02	0.000000e+00	6.765450e-03
-2.200000e+00	-2.000000e+00	2.022495e-02	0.000000e+00	6.937785e-03
-2.000000e+00	-1.800000e+00	2.100458e-02	0.000000e+00	6.963440e-03
-1.800000e+00	-1.600000e+00	2.175959e-02	0.000000e+00	7.047285e-03
-1.600000e+00	-1.400000e+00	2.226027e-02	0.000000e+00	6.879955e-03
-1.400000e+00	-1.200000e+00	2.246222e-02	0.000000e+00	6.751865e-03
-1.200000e+00	-1.000000e+00	2.287258e-02	0.000000e+00	6.784010e-03
-1.000000e+00	-8.000000e-01	2.291983e-02	0.000000e+00	6.452465e-03
-8.000000e-01	-6.000000e-01	2.293785e-02	0.000000e+00	6.372915e-03
-6.000000e-01	-4.000000e-01	2.328823e-02	0.000000e+00	6.080025e-03
-4.000000e-01	-2.000000e-01	2.306675e-02	0.000000e+00	6.365075e-03
-2.000000e-01	0.000000e+00	2.314930e-02	0.000000e+00	6.160670e-03
0.000000e+00	2.000000e-01	2.313816e-02	0.000000e+00	6.180335e-03
2.000000e-01	4.000000e-01	2.319176e-02	0.000000e+00	6.095180e-03
4.000000e-01	6.000000e-01	2.320478e-02	0.000000e+00	6.189880e-03
6.000000e-01	8.000000e-01	2.303222e-02	0.000000e+00	6.356060e-03
8.000000e-01	1.000000e+00	2.279579e-02	0.000000e+00	6.583240e-03
1.000000e+00	1.200000e+00	2.276257e-02	0.000000e+00	6.617500e-03
1.200000e+00	1.400000e+00	2.246804e-02	0.000000e+00	6.826645e-03
1.400000e+00	1.600000e+00	2.226468e-02	0.000000e+00	7.130890e-03
1.600000e+00	1.800000e+00	2.170806e-02	0.000000e+00	6.884415e-03
1.800000e+00	2.000000e+00	2.111933e-02	0.000000e+00	6.940670e-03
2.000000e+00	2.200000e+00	2.022661e-02	0.000000e+00	6.938345e-03
2.200000e+00	2.400000e+00	1.937813e-02	0.000000e+00	6.851205e-03
2.400000e+00	2.600000e+00	1.809727e-02	0.000000e+00	6.483370e-03
2.600000e+00	2.800000e+00	1.679358e-02	0.000000e+00	6.342925e-03
2.800000e+00	3.000000e+00	1.522074e-02	0.000000e+00	6.056480e-03
3.000000e+00	3.200000e+00	1.354476e-02	0.000000e+00	5.725205e-03
3.200000e+00	3.400000e+00	1.184934e-02	0.000000e+00	5.041695e-03
3.400000e+00	3.600000e+00	1.022804e-02	0.000000e+00	4.206620e-03
3.600000e+00	3.800000e+00	8.425260e-03	0.000000e+00	3.700205e-03
3.800000e+00	4.000000e+00	6.726035e-03	0.000000e+00	3.065150e-03
4.000000e+00	4.200000e+00	5.145455e-03	0.000000e+00	2.443950e-03
4.200000e+00	4.400000e+00	3.789738e-03	0.000000e+00	1.736987e-03
4.400000e+00	4.600000e+00	1.501121e-03	0.000000e+00	6.632450e-04
4.600000e+00	4.800000e+00	0.000000e+00	0.000000e+00	0.000000e+00
4.800000e+00	5.000000e+00	0.000000e+00	0.000000e+00	0.000000e+00
# END HISTO1D


# BEGIN HISTO1D //homes/tinghua1/Merging-Project/Production/HJETS/ratio-plots/hjets-vbfnlo/H-2-3-25gev-vbfnlo-combine.yoda/MC_H2JETS_04_INC/jet4_y_incl
ErrorBandColor=violet
ErrorBandOpacity=0.3
ErrorBands=1
ErrorType=env
LineColor=violet
LineStyle=solid
Path=//homes/tinghua1/Merging-Project/Production/HJETS/ratio-plots/hjets-vbfnlo/H-2-3-25gev-vbfnlo-combine.yoda/MC_H2JETS_04_INC/jet4_y_incl
RatioPlotSameStyle=1
Title=h(2,3)-vbfnlo
# xlow	 xhigh	 val	 errminus	 errplus
-5.000000e+00	-4.800000e+00	0.000000e+00	0.000000e+00	0.000000e+00
-4.800000e+00	-4.600000e+00	0.000000e+00	0.000000e+00	0.000000e+00
-4.600000e+00	-4.400000e+00	1.768857e-03	5.831660e-04	0.000000e+00
-4.400000e+00	-4.200000e+00	4.603706e-03	1.544910e-03	0.000000e+00
-4.200000e+00	-4.000000e+00	6.109395e-03	2.025979e-03	0.000000e+00
-4.000000e+00	-3.800000e+00	7.835960e-03	2.582420e-03	0.000000e+00
-3.800000e+00	-3.600000e+00	9.538480e-03	3.105045e-03	0.000000e+00
-3.600000e+00	-3.400000e+00	1.111788e-02	3.587680e-03	0.000000e+00
-3.400000e+00	-3.200000e+00	1.255510e-02	4.001675e-03	0.000000e+00
-3.200000e+00	-3.000000e+00	1.392389e-02	4.482415e-03	0.000000e+00
-3.000000e+00	-2.800000e+00	1.481409e-02	4.555960e-03	0.000000e+00
-2.800000e+00	-2.600000e+00	1.551992e-02	4.724905e-03	0.000000e+00
-2.600000e+00	-2.400000e+00	1.593144e-02	4.890365e-03	0.000000e+00
-2.400000e+00	-2.200000e+00	1.598910e-02	4.673545e-03	0.000000e+00
-2.200000e+00	-2.000000e+00	1.587527e-02	4.595745e-03	0.000000e+00
-2.000000e+00	-1.800000e+00	1.552039e-02	4.362675e-03	0.000000e+00
-1.800000e+00	-1.600000e+00	1.507619e-02	4.216065e-03	0.000000e+00
-1.600000e+00	-1.400000e+00	1.468045e-02	4.164935e-03	0.000000e+00
-1.400000e+00	-1.200000e+00	1.375850e-02	3.611860e-03	0.000000e+00
-1.200000e+00	-1.000000e+00	1.311164e-02	3.333940e-03	0.000000e+00
-1.000000e+00	-8.000000e-01	1.260538e-02	3.284360e-03	0.000000e+00
-8.000000e-01	-6.000000e-01	1.198793e-02	2.988305e-03	0.000000e+00
-6.000000e-01	-4.000000e-01	1.150917e-02	2.704845e-03	0.000000e+00
-4.000000e-01	-2.000000e-01	1.131072e-02	2.748740e-03	0.000000e+00
-2.000000e-01	0.000000e+00	1.117689e-02	2.729050e-03	0.000000e+00
0.000000e+00	2.000000e-01	1.107898e-02	2.554015e-03	0.000000e+00
2.000000e-01	4.000000e-01	1.121518e-02	2.659180e-03	0.000000e+00
4.000000e-01	6.000000e-01	1.161639e-02	2.839775e-03	0.000000e+00
6.000000e-01	8.000000e-01	1.214733e-02	3.131140e-03	0.000000e+00
8.000000e-01	1.000000e+00	1.247441e-02	3.100730e-03	0.000000e+00
1.000000e+00	1.200000e+00	1.304731e-02	3.323770e-03	0.000000e+00
1.200000e+00	1.400000e+00	1.378957e-02	3.623370e-03	0.000000e+00
1.400000e+00	1.600000e+00	1.448500e-02	4.016965e-03	0.000000e+00
1.600000e+00	1.800000e+00	1.506082e-02	4.149695e-03	0.000000e+00
1.800000e+00	2.000000e+00	1.552766e-02	4.462500e-03	0.000000e+00
2.000000e+00	2.200000e+00	1.584997e-02	4.563935e-03	0.000000e+00
2.200000e+00	2.400000e+00	1.601888e-02	4.803665e-03	0.000000e+00
2.400000e+00	2.600000e+00	1.592196e-02	4.760415e-03	0.000000e+00
2.600000e+00	2.800000e+00	1.553421e-02	4.762795e-03	0.000000e+00
2.800000e+00	3.000000e+00	1.482336e-02	4.537270e-03	0.000000e+00
3.000000e+00	3.200000e+00	1.385602e-02	4.375975e-03	0.000000e+00
3.200000e+00	3.400000e+00	1.264981e-02	4.041835e-03	0.000000e+00
3.400000e+00	3.600000e+00	1.118547e-02	3.655875e-03	0.000000e+00
3.600000e+00	3.800000e+00	9.508115e-03	3.137735e-03	0.000000e+00
3.800000e+00	4.000000e+00	7.802100e-03	2.580505e-03	0.000000e+00
4.000000e+00	4.200000e+00	6.128575e-03	2.019436e-03	0.000000e+00
4.200000e+00	4.400000e+00	4.637336e-03	1.587497e-03	0.000000e+00
4.400000e+00	4.600000e+00	1.795555e-03	6.124375e-04	0.000000e+00
4.600000e+00	4.800000e+00	0.000000e+00	0.000000e+00	0.000000e+00
4.800000e+00	5.000000e+00	0.000000e+00	0.000000e+00	0.000000e+00
# END HISTO1D

