# BEGIN PLOT
Rebin=2
DrawOnly=//homes/tinghua1/Merging-Project/Production/HJETS/ratio-plots/hjets-vbfnlo/H-N2-N3-4-25gev-combine.yoda/MC_H2JETS_04_INC/log10_d_23 //homes/tinghua1/Merging-Project/Production/HJETS/ratio-plots/hjets-vbfnlo/H-N2-N3-4-25gev-vbfnlo-combine.yoda/MC_H2JETS_04_INC/log10_d_23 //homes/tinghua1/Merging-Project/Production/HJETS/ratio-plots/hjets-vbfnlo/H-N2-3-4-25gev-combine.yoda/MC_H2JETS_04_INC/log10_d_23 //homes/tinghua1/Merging-Project/Production/HJETS/ratio-plots/hjets-vbfnlo/H-N2-3-4-25gev-vbfnlo-combine.yoda/MC_H2JETS_04_INC/log10_d_23 //homes/tinghua1/Merging-Project/Production/HJETS/ratio-plots/hjets-vbfnlo/H-2-3-4-25gev-combine.yoda/MC_H2JETS_04_INC/log10_d_23 //homes/tinghua1/Merging-Project/Production/HJETS/ratio-plots/hjets-vbfnlo/H-2-3-4-25gev-vbfnlo-combine.yoda/MC_H2JETS_04_INC/log10_d_23 //homes/tinghua1/Merging-Project/Production/HJETS/ratio-plots/hjets-vbfnlo/H-2-3-25gev-combine.yoda/MC_H2JETS_04_INC/log10_d_23 //homes/tinghua1/Merging-Project/Production/HJETS/ratio-plots/hjets-vbfnlo/H-2-3-25gev-vbfnlo-combine.yoda/MC_H2JETS_04_INC/log10_d_23
RightMargin=0.5
RatioPlotReference=//homes/tinghua1/Merging-Project/Production/HJETS/ratio-plots/hjets-vbfnlo/H-N2-N3-4-25gev-combine.yoda/MC_H2JETS_04_INC/log10_d_23
#RatioPlot=1
LogY=1
RatioPlotYMax=1.6
#LegendOnly=//homes/tinghua1/Merging-Project/Production/HJETS/ratio-plots/hjets-vbfnlo/H-N2-N3-4-25gev-combine.yoda/MC_H2JETS_04_INC/log10_d_23 //homes/tinghua1/Merging-Project/Production/HJETS/ratio-plots/hjets-vbfnlo/H-N2-N3-4-25gev-vbfnlo-combine.yoda/MC_H2JETS_04_INC/log10_d_23 //homes/tinghua1/Merging-Project/Production/HJETS/ratio-plots/hjets-vbfnlo/H-N2-3-4-25gev-combine.yoda/MC_H2JETS_04_INC/log10_d_23 //homes/tinghua1/Merging-Project/Production/HJETS/ratio-plots/hjets-vbfnlo/H-N2-3-4-25gev-vbfnlo-combine.yoda/MC_H2JETS_04_INC/log10_d_23 //homes/tinghua1/Merging-Project/Production/HJETS/ratio-plots/hjets-vbfnlo/H-2-3-4-25gev-combine.yoda/MC_H2JETS_04_INC/log10_d_23 //homes/tinghua1/Merging-Project/Production/HJETS/ratio-plots/hjets-vbfnlo/H-2-3-4-25gev-vbfnlo-combine.yoda/MC_H2JETS_04_INC/log10_d_23 //homes/tinghua1/Merging-Project/Production/HJETS/ratio-plots/hjets-vbfnlo/H-2-3-25gev-combine.yoda/MC_H2JETS_04_INC/log10_d_23 //homes/tinghua1/Merging-Project/Production/HJETS/ratio-plots/hjets-vbfnlo/H-2-3-25gev-vbfnlo-combine.yoda/MC_H2JETS_04_INC/log10_d_23
RatioPlotYLabel=Ratio
Scale=1000.0
XLabel=$\sqrt{d_{23}}$ (GeV)
LegendAlign=r
YLabel=$ \text{d} \sigma / \sqrt{d_{23}}$ (fb/GeV)
Legend=1
RatioPlot=4
MainPlotSelection={"Selection":[1,2,3,4,5,6,7,8]}
RatioPlots={"RatioPlotYLabel":"","Selection":[1,2]};{"RatioPlotYLabel":"","Selection":[3,4]};{"RatioPlotYLabel":"","Selection":[5,6]};{"RatioPlotYLabel":"","Selection":[7,8]}
RatioPlotSameStyle=1
RatioPlotYMin=0.0
# END PLOT


# BEGIN SPECIAL /MC_H2JETS_04_INC/log10_d_23
\rput[tl](0.05,0.75){\parbox{5cm}{\textcolor{gray}{{\bf Herwig 7.2.0} \\ HJETS/ColorFull}}}
# END SPECIAL

# BEGIN HISTO1D //homes/tinghua1/Merging-Project/Production/HJETS/ratio-plots/hjets-vbfnlo/H-N2-N3-4-25gev-combine.yoda/MC_H2JETS_04_INC/log10_d_23
ErrorBandColor=orange
ErrorBandOpacity=0.3
ErrorBands=1
ErrorType=env
LineColor=orange
LineStyle=solid
Path=//homes/tinghua1/Merging-Project/Production/HJETS/ratio-plots/hjets-vbfnlo/H-N2-N3-4-25gev-combine.yoda/MC_H2JETS_04_INC/log10_d_23
RatioPlotSameStyle=1
Title=h(2*,3*,4)
# xlow	 xhigh	 val	 errminus	 errplus
2.000000e-01	2.361292e-01	3.504189e+00	4.564271e-01	1.627746e-01
2.361291e-01	2.722583e-01	3.465911e+00	4.980625e-01	1.436484e-01
2.722583e-01	3.083875e-01	3.266043e+00	3.643600e-01	2.800513e-01
3.083874e-01	3.445165e-01	3.290112e+00	5.033699e-01	1.434439e-01
3.445165e-01	3.806457e-01	3.110728e+00	4.325025e-01	5.905196e-02
3.806457e-01	4.167748e-01	2.979050e+00	3.476524e-01	8.222181e-02
4.167748e-01	4.529039e-01	2.815625e+00	3.190478e-01	1.097758e-01
4.529039e-01	4.890331e-01	2.664281e+00	2.603138e-01	1.269430e-01
4.890331e-01	5.251621e-01	2.552652e+00	2.244850e-01	1.116875e-01
5.251623e-01	5.612913e-01	2.496363e+00	1.544589e-01	1.060339e-01
5.612913e-01	5.974205e-01	2.455837e+00	1.678988e-01	6.746205e-02
5.974204e-01	6.335495e-01	2.335300e+00	9.125110e-02	3.780886e-02
6.335497e-01	6.696787e-01	2.255232e+00	1.153973e-02	1.670260e-02
6.696787e-01	7.058079e-01	2.171044e+00	6.490263e-02	1.261694e-02
7.058080e-01	7.419370e-01	2.020745e+00	5.738117e-02	4.034975e-03
7.419370e-01	7.780660e-01	1.811153e+00	6.932860e-02	1.947400e-01
7.780661e-01	8.141953e-01	1.758589e+00	9.870825e-02	1.011619e-01
8.141954e-01	8.503245e-01	1.560595e+00	4.837153e-02	1.327561e-01
8.503244e-01	8.864534e-01	1.431709e+00	1.032174e-01	1.362888e-01
8.864535e-01	9.225827e-01	1.298400e+00	1.038133e-01	1.078266e-01
9.225828e-01	9.587118e-01	1.127498e+00	5.951657e-02	1.440302e-01
9.587118e-01	9.948408e-01	9.954159e-01	8.014814e-02	1.190093e-01
9.948404e-01	1.030970e+00	8.600494e-01	9.099286e-02	1.275800e-01
1.030970e+00	1.067098e+00	7.407446e-01	7.669379e-02	1.143187e-01
1.067100e+00	1.103228e+00	6.393194e-01	7.398904e-02	9.249218e-02
1.103229e+00	1.139358e+00	5.655997e-01	8.397852e-02	6.218938e-02
1.139357e+00	1.175487e+00	4.525239e-01	5.569305e-02	8.365873e-02
1.175487e+00	1.211615e+00	3.857057e-01	3.981787e-02	6.643444e-02
1.211617e+00	1.247745e+00	3.225860e-01	4.925157e-02	5.806637e-02
1.247746e+00	1.283875e+00	2.832888e-01	4.206593e-02	3.462177e-02
1.283874e+00	1.320002e+00	2.236431e-01	2.285676e-02	4.417587e-02
1.320002e+00	1.356131e+00	1.961103e-01	2.813432e-02	2.564801e-02
1.356132e+00	1.392261e+00	1.541342e-01	1.980492e-02	3.043049e-02
1.392261e+00	1.428391e+00	1.299745e-01	1.435223e-02	2.635646e-02
1.428391e+00	1.464519e+00	1.025926e-01	2.861386e-03	2.743115e-02
1.464519e+00	1.500648e+00	9.396432e-02	1.683598e-02	1.450173e-02
1.500649e+00	1.536778e+00	7.447126e-02	1.089216e-02	1.585588e-02
1.536778e+00	1.572906e+00	6.045794e-02	5.361953e-03	1.615923e-02
1.572906e+00	1.609035e+00	5.022057e-02	5.530543e-03	1.016715e-02
1.609036e+00	1.645165e+00	4.661435e-02	7.446733e-03	4.857538e-03
1.645165e+00	1.681293e+00	3.638260e-02	4.795400e-03	8.724183e-03
1.681294e+00	1.717424e+00	2.783404e-02	1.123916e-03	1.337268e-02
1.717423e+00	1.753552e+00	2.464134e-02	4.281978e-03	6.658751e-03
1.753553e+00	1.789682e+00	2.092890e-02	4.137922e-04	5.049976e-03
1.789682e+00	1.825811e+00	1.907514e-02	2.975601e-03	2.837374e-03
1.825812e+00	1.861940e+00	1.655279e-02	3.362354e-03	2.047278e-03
1.861940e+00	1.898069e+00	1.201430e-02	1.035625e-03	3.138368e-03
1.898069e+00	1.934198e+00	1.056831e-02	1.522212e-03	2.845357e-03
1.934198e+00	1.970328e+00	8.956031e-03	6.770191e-04	2.152555e-03
1.970329e+00	2.006458e+00	7.665692e-03	1.766246e-03	1.097800e-03
2.006458e+00	2.042587e+00	6.726469e-03	1.198032e-03	3.610673e-05
2.042585e+00	2.078714e+00	5.778142e-03	1.597863e-03	5.225581e-04
2.078715e+00	2.114844e+00	4.631750e-03	8.412217e-04	1.129298e-03
2.114845e+00	2.150974e+00	3.516964e-03	2.719976e-04	1.214523e-03
2.150972e+00	2.187101e+00	2.837159e-03	2.811514e-04	1.090459e-03
2.187102e+00	2.223231e+00	2.609891e-03	0.000000e+00	7.733416e-04
2.223231e+00	2.259361e+00	2.141608e-03	6.794077e-06	7.341268e-04
2.259362e+00	2.295491e+00	2.277880e-03	7.013324e-04	1.325420e-04
2.295489e+00	2.331618e+00	1.681479e-03	1.005851e-04	4.149547e-04
2.331619e+00	2.367748e+00	1.403016e-03	2.496579e-04	1.417720e-04
2.367749e+00	2.403878e+00	1.185350e-03	0.000000e+00	2.944449e-04
2.403876e+00	2.440005e+00	1.317013e-03	4.558288e-04	0.000000e+00
2.440006e+00	2.476135e+00	6.162412e-04	0.000000e+00	4.648606e-04
2.476135e+00	2.512265e+00	7.059552e-04	1.381317e-05	1.183786e-04
2.512266e+00	2.548395e+00	6.656763e-04	2.627620e-04	3.018157e-05
2.548393e+00	2.584522e+00	2.125049e-05	0.000000e+00	1.129228e-03
2.584523e+00	2.620652e+00	4.515838e-04	0.000000e+00	1.795231e-04
2.620653e+00	2.656782e+00	3.947621e-04	7.858258e-05	1.889369e-05
2.656780e+00	2.692909e+00	2.117757e-04	4.078815e-04	1.223772e-04
2.692910e+00	2.729039e+00	2.643101e-04	0.000000e+00	7.852285e-05
2.729040e+00	2.765169e+00	2.229660e-04	1.589343e-04	7.848936e-05
2.765168e+00	2.801298e+00	2.075921e-04	8.649784e-05	3.542735e-06
2.801297e+00	2.837426e+00	1.950649e-04	8.230931e-05	2.505254e-04
2.837427e+00	2.873556e+00	1.415140e-04	8.859077e-05	0.000000e+00
2.873557e+00	2.909686e+00	1.393183e-04	1.191627e-05	6.997730e-06
2.909686e+00	2.945815e+00	1.042302e-04	0.000000e+00	2.514473e-05
2.945813e+00	2.981942e+00	1.056388e-04	2.597049e-05	0.000000e+00
2.981943e+00	3.018072e+00	1.402057e-04	8.551762e-05	0.000000e+00
3.018072e+00	3.054202e+00	7.195062e-05	1.103177e-05	3.255328e-06
3.054203e+00	3.090332e+00	3.788607e-05	0.000000e+00	9.288328e-06
3.090330e+00	3.126459e+00	4.063182e-05	1.015860e-05	1.132843e-05
3.126460e+00	3.162589e+00	3.434266e-05	0.000000e+00	4.515763e-06
3.162590e+00	3.198719e+00	2.832008e-05	1.287315e-06	1.129359e-05
3.198717e+00	3.234846e+00	2.849185e-05	1.325743e-05	2.181765e-06
3.234847e+00	3.270976e+00	2.377785e-05	1.236405e-05	0.000000e+00
3.270977e+00	3.307106e+00	1.990416e-05	0.000000e+00	1.876658e-05
3.307105e+00	3.343235e+00	2.450622e-05	1.103100e-05	0.000000e+00
3.343234e+00	3.379363e+00	1.279797e-05	3.196031e-06	0.000000e+00
3.379364e+00	3.415493e+00	1.128476e-05	0.000000e+00	6.573520e-06
3.415494e+00	3.451623e+00	1.093060e-05	2.591647e-06	0.000000e+00
3.451621e+00	3.487750e+00	1.175985e-05	5.449293e-06	1.067835e-05
3.487751e+00	3.523880e+00	8.421722e-06	0.000000e+00	1.685408e-06
3.523881e+00	3.560010e+00	3.132099e-06	0.000000e+00	3.301306e-06
3.560009e+00	3.596139e+00	2.405342e-06	1.130815e-06	1.978179e-06
3.596138e+00	3.632267e+00	4.233015e-06	6.758781e-07	0.000000e+00
3.632268e+00	3.668397e+00	2.752791e-06	9.166326e-07	1.072385e-07
3.668398e+00	3.704527e+00	1.454233e-07	0.000000e+00	3.322636e-06
3.704525e+00	3.740654e+00	8.072319e-06	6.178471e-06	0.000000e+00
3.740655e+00	3.776784e+00	3.032356e-06	1.248732e-06	0.000000e+00
3.776785e+00	3.812914e+00	2.108080e-06	2.609613e-06	0.000000e+00
# END HISTO1D


# BEGIN HISTO1D //homes/tinghua1/Merging-Project/Production/HJETS/ratio-plots/hjets-vbfnlo/H-N2-N3-4-25gev-vbfnlo-combine.yoda/MC_H2JETS_04_INC/log10_d_23
ErrorBandColor=red
ErrorBandOpacity=0.3
ErrorBands=1
ErrorType=env
LineColor=red
LineStyle=solid
Path=//homes/tinghua1/Merging-Project/Production/HJETS/ratio-plots/hjets-vbfnlo/H-N2-N3-4-25gev-vbfnlo-combine.yoda/MC_H2JETS_04_INC/log10_d_23
RatioPlotSameStyle=1
Title=h(2*,3*,4)-vbfnlo
# xlow	 xhigh	 val	 errminus	 errplus
2.000000e-01	2.361292e-01	2.110296e+00	0.000000e+00	4.282988e-01
2.361291e-01	2.722583e-01	2.059062e+00	0.000000e+00	4.235646e-01
2.722583e-01	3.083875e-01	1.978777e+00	0.000000e+00	4.068490e-01
3.083874e-01	3.445165e-01	1.920983e+00	0.000000e+00	3.746376e-01
3.445165e-01	3.806457e-01	1.856751e+00	0.000000e+00	3.216097e-01
3.806457e-01	4.167748e-01	1.779352e+00	0.000000e+00	2.953212e-01
4.167748e-01	4.529039e-01	1.697419e+00	0.000000e+00	2.504900e-01
4.529039e-01	4.890331e-01	1.619194e+00	0.000000e+00	2.194668e-01
4.890331e-01	5.251621e-01	1.593873e+00	0.000000e+00	1.614510e-01
5.251623e-01	5.612913e-01	1.567033e+00	0.000000e+00	1.368044e-01
5.612913e-01	5.974205e-01	1.554027e+00	0.000000e+00	9.246316e-02
5.974204e-01	6.335495e-01	1.526920e+00	0.000000e+00	4.888857e-02
6.335497e-01	6.696787e-01	1.491265e+00	7.439709e-03	4.437143e-03
6.696787e-01	7.058079e-01	1.446964e+00	6.017819e-02	0.000000e+00
7.058080e-01	7.419370e-01	1.382771e+00	8.906615e-02	0.000000e+00
7.419370e-01	7.780660e-01	1.301842e+00	1.209125e-01	0.000000e+00
7.780661e-01	8.141953e-01	1.233125e+00	1.656347e-01	0.000000e+00
8.141954e-01	8.503245e-01	1.112669e+00	1.296556e-01	0.000000e+00
8.503244e-01	8.864534e-01	1.008911e+00	1.494269e-01	0.000000e+00
8.864535e-01	9.225827e-01	9.010152e-01	1.453085e-01	0.000000e+00
9.225828e-01	9.587118e-01	7.946470e-01	1.457875e-01	0.000000e+00
9.587118e-01	9.948408e-01	6.970326e-01	1.332652e-01	0.000000e+00
9.948404e-01	1.030970e+00	6.050616e-01	1.216526e-01	0.000000e+00
1.030970e+00	1.067098e+00	5.145266e-01	9.756096e-02	0.000000e+00
1.067100e+00	1.103228e+00	4.407886e-01	8.978798e-02	0.000000e+00
1.103229e+00	1.139358e+00	3.711597e-01	7.647790e-02	0.000000e+00
1.139357e+00	1.175487e+00	3.145043e-01	6.950235e-02	0.000000e+00
1.175487e+00	1.211615e+00	2.629781e-01	5.820693e-02	0.000000e+00
1.211617e+00	1.247745e+00	2.178962e-01	4.673954e-02	0.000000e+00
1.247746e+00	1.283875e+00	1.934956e-01	4.909710e-02	0.000000e+00
1.283874e+00	1.320002e+00	1.521048e-01	3.340818e-02	0.000000e+00
1.320002e+00	1.356131e+00	1.279170e-01	2.862841e-02	0.000000e+00
1.356132e+00	1.392261e+00	1.059498e-01	2.357984e-02	0.000000e+00
1.392261e+00	1.428391e+00	8.686280e-02	1.768921e-02	0.000000e+00
1.428391e+00	1.464519e+00	7.350973e-02	1.708428e-02	0.000000e+00
1.464519e+00	1.500648e+00	6.108221e-02	1.343796e-02	0.000000e+00
1.500649e+00	1.536778e+00	4.948825e-02	8.867890e-03	0.000000e+00
1.536778e+00	1.572906e+00	4.278610e-02	9.386393e-03	0.000000e+00
1.572906e+00	1.609035e+00	3.572905e-02	7.281823e-03	0.000000e+00
1.609036e+00	1.645165e+00	2.970149e-02	6.787880e-03	0.000000e+00
1.645165e+00	1.681293e+00	2.464422e-02	6.064272e-03	0.000000e+00
1.681294e+00	1.717424e+00	2.122586e-02	4.409366e-03	0.000000e+00
1.717423e+00	1.753552e+00	1.744504e-02	3.351136e-03	0.000000e+00
1.753553e+00	1.789682e+00	1.456019e-02	2.379750e-03	0.000000e+00
1.789682e+00	1.825811e+00	1.251590e-02	2.418661e-03	0.000000e+00
1.825812e+00	1.861940e+00	1.031112e-02	1.998215e-03	8.544936e-04
1.861940e+00	1.898069e+00	8.618423e-03	4.502311e-04	0.000000e+00
1.898069e+00	1.934198e+00	8.034061e-03	1.943931e-03	0.000000e+00
1.934198e+00	1.970328e+00	6.060119e-03	7.365901e-04	0.000000e+00
1.970329e+00	2.006458e+00	5.006264e-03	6.430928e-04	0.000000e+00
2.006458e+00	2.042587e+00	3.954148e-03	3.798860e-04	3.458994e-05
2.042585e+00	2.078714e+00	3.505444e-03	6.784771e-04	0.000000e+00
2.078715e+00	2.114844e+00	3.105417e-03	6.466359e-04	0.000000e+00
2.114845e+00	2.150974e+00	2.555967e-03	5.064707e-04	0.000000e+00
2.150972e+00	2.187101e+00	2.173342e-03	2.208165e-04	0.000000e+00
2.187102e+00	2.223231e+00	1.848998e-03	3.438421e-04	0.000000e+00
2.223231e+00	2.259361e+00	1.644629e-03	4.373227e-04	0.000000e+00
2.259362e+00	2.295491e+00	1.365836e-03	2.546077e-04	0.000000e+00
2.295489e+00	2.331618e+00	1.089413e-03	2.146918e-04	0.000000e+00
2.331619e+00	2.367748e+00	9.802123e-04	1.906167e-04	0.000000e+00
2.367749e+00	2.403878e+00	7.588004e-04	9.820753e-05	0.000000e+00
2.403876e+00	2.440005e+00	6.814484e-04	1.440087e-04	0.000000e+00
2.440006e+00	2.476135e+00	6.600858e-04	1.770943e-04	4.089928e-05
2.476135e+00	2.512265e+00	4.642029e-04	5.123388e-05	0.000000e+00
2.512266e+00	2.548395e+00	5.211606e-04	2.035232e-04	0.000000e+00
2.548393e+00	2.584522e+00	3.408951e-04	5.799386e-05	2.332819e-04
2.584523e+00	2.620652e+00	3.103941e-04	7.567832e-05	4.358521e-05
2.620653e+00	2.656782e+00	2.573615e-04	7.556246e-05	3.528844e-05
2.656780e+00	2.692909e+00	2.228808e-04	4.906640e-05	5.070575e-05
2.692910e+00	2.729039e+00	1.728859e-04	1.492394e-05	0.000000e+00
2.729040e+00	2.765169e+00	1.304263e-04	5.866728e-06	1.146129e-05
2.765168e+00	2.801298e+00	1.338267e-04	2.079269e-05	1.672737e-05
2.801297e+00	2.837426e+00	1.359196e-04	6.771455e-05	0.000000e+00
2.837427e+00	2.873556e+00	8.378712e-05	1.354942e-05	0.000000e+00
2.873557e+00	2.909686e+00	7.939918e-05	3.842822e-05	0.000000e+00
2.909686e+00	2.945815e+00	6.010269e-05	4.971297e-06	4.118520e-06
2.945813e+00	2.981942e+00	5.533004e-05	1.426915e-05	0.000000e+00
2.981943e+00	3.018072e+00	3.628514e-05	5.887514e-06	8.540286e-06
3.018072e+00	3.054202e+00	4.564880e-05	1.568054e-05	1.707551e-05
3.054203e+00	3.090332e+00	4.321268e-05	1.239918e-05	0.000000e+00
3.090330e+00	3.126459e+00	2.908392e-05	1.159733e-08	3.979739e-05
3.126460e+00	3.162589e+00	2.885856e-05	5.078671e-06	1.158762e-05
3.162590e+00	3.198719e+00	2.141922e-05	7.394605e-06	0.000000e+00
3.198717e+00	3.234846e+00	1.243249e-05	0.000000e+00	6.193490e-06
3.234847e+00	3.270976e+00	1.216309e-05	1.105923e-06	0.000000e+00
3.270977e+00	3.307106e+00	1.097369e-05	3.170353e-06	2.741238e-06
3.307105e+00	3.343235e+00	1.028015e-05	6.517077e-07	2.955206e-06
3.343234e+00	3.379363e+00	7.975878e-06	1.760793e-06	4.249135e-06
3.379364e+00	3.415493e+00	9.600310e-06	1.465555e-05	0.000000e+00
3.415494e+00	3.451623e+00	7.875806e-06	2.761632e-06	0.000000e+00
3.451621e+00	3.487750e+00	4.289651e-06	3.028532e-06	4.577420e-06
3.487751e+00	3.523880e+00	2.873174e-06	0.000000e+00	2.324069e-06
3.523881e+00	3.560010e+00	4.568197e-06	9.371364e-07	3.566913e-07
3.560009e+00	3.596139e+00	2.312247e-06	1.172964e-06	0.000000e+00
3.596138e+00	3.632267e+00	2.013463e-06	0.000000e+00	6.143788e-07
3.632268e+00	3.668397e+00	-2.115023e-06	0.000000e+00	3.925798e-06
3.668398e+00	3.704527e+00	2.193091e-06	1.218921e-06	0.000000e+00
3.704525e+00	3.740654e+00	2.105407e-06	9.269819e-07	0.000000e+00
3.740655e+00	3.776784e+00	1.104183e-06	2.803463e-07	5.631127e-08
3.776785e+00	3.812914e+00	8.527748e-07	0.000000e+00	3.725951e-07
# END HISTO1D


# BEGIN HISTO1D //homes/tinghua1/Merging-Project/Production/HJETS/ratio-plots/hjets-vbfnlo/H-N2-3-4-25gev-combine.yoda/MC_H2JETS_04_INC/log10_d_23
ErrorBandColor=blue
ErrorBandOpacity=0.3
ErrorBands=1
ErrorType=env
LineColor=blue
LineStyle=solid
Path=//homes/tinghua1/Merging-Project/Production/HJETS/ratio-plots/hjets-vbfnlo/H-N2-3-4-25gev-combine.yoda/MC_H2JETS_04_INC/log10_d_23
RatioPlotSameStyle=1
Title=h(2*,3,4)
# xlow	 xhigh	 val	 errminus	 errplus
2.000000e-01	2.361292e-01	3.475387e+00	4.728183e-01	1.782607e-01
2.361291e-01	2.722583e-01	3.416073e+00	4.801905e-01	1.781302e-01
2.722583e-01	3.083875e-01	3.317248e+00	4.530863e-01	2.117296e-01
3.083874e-01	3.445165e-01	3.211159e+00	4.284884e-01	1.878569e-01
3.445165e-01	3.806457e-01	3.091336e+00	4.010977e-01	1.638591e-01
3.806457e-01	4.167748e-01	2.931714e+00	3.311605e-01	1.687587e-01
4.167748e-01	4.529039e-01	2.793659e+00	3.021872e-01	1.552018e-01
4.529039e-01	4.890331e-01	2.648730e+00	2.508904e-01	1.197043e-01
4.890331e-01	5.251621e-01	2.553442e+00	2.290832e-01	1.204364e-01
5.251623e-01	5.612913e-01	2.503219e+00	1.935531e-01	1.209811e-01
5.612913e-01	5.974205e-01	2.425938e+00	1.355203e-01	6.401719e-02
5.974204e-01	6.335495e-01	2.333107e+00	6.427118e-02	5.040120e-02
6.335497e-01	6.696787e-01	2.248199e+00	3.067583e-02	0.000000e+00
6.696787e-01	7.058079e-01	2.129399e+00	1.048266e-02	3.167023e-02
7.058080e-01	7.419370e-01	2.018311e+00	4.553919e-02	5.779773e-02
7.419370e-01	7.780660e-01	1.879090e+00	5.627043e-02	9.225555e-02
7.780661e-01	8.141953e-01	1.734851e+00	7.691673e-02	1.134312e-01
8.141954e-01	8.503245e-01	1.585793e+00	8.899530e-02	1.443833e-01
8.503244e-01	8.864534e-01	1.424771e+00	8.501734e-02	1.457493e-01
8.864535e-01	9.225827e-01	1.281368e+00	1.002524e-01	1.451795e-01
9.225828e-01	9.587118e-01	1.131131e+00	9.269509e-02	1.360889e-01
9.587118e-01	9.948408e-01	9.890459e-01	8.467164e-02	1.338688e-01
9.948404e-01	1.030970e+00	8.704850e-01	8.439236e-02	1.195167e-01
1.030970e+00	1.067098e+00	7.410327e-01	7.790611e-02	1.114534e-01
1.067100e+00	1.103228e+00	6.317947e-01	6.264414e-02	1.259451e-01
1.103229e+00	1.139358e+00	5.389313e-01	5.734424e-02	9.356694e-02
1.139357e+00	1.175487e+00	4.608314e-01	5.269803e-02	7.194049e-02
1.175487e+00	1.211615e+00	3.845113e-01	4.220931e-02	6.744942e-02
1.211617e+00	1.247745e+00	3.247483e-01	4.079936e-02	5.628553e-02
1.247746e+00	1.283875e+00	2.737591e-01	3.418976e-02	4.781555e-02
1.283874e+00	1.320002e+00	2.255463e-01	2.558208e-02	4.207349e-02
1.320002e+00	1.356131e+00	1.880140e-01	2.158399e-02	3.564887e-02
1.356132e+00	1.392261e+00	1.567302e-01	1.922063e-02	2.785829e-02
1.392261e+00	1.428391e+00	1.311804e-01	1.693402e-02	2.394691e-02
1.428391e+00	1.464519e+00	1.095016e-01	1.376553e-02	1.933898e-02
1.464519e+00	1.500648e+00	9.107789e-02	3.483047e-03	1.874087e-02
1.500649e+00	1.536778e+00	7.579745e-02	9.007501e-03	1.516156e-02
1.536778e+00	1.572906e+00	6.379451e-02	9.952337e-03	1.202400e-02
1.572906e+00	1.609035e+00	5.122799e-02	6.819231e-03	1.145567e-02
1.609036e+00	1.645165e+00	4.359454e-02	5.129176e-03	9.669573e-03
1.645165e+00	1.681293e+00	3.617321e-02	3.280661e-03	7.853691e-03
1.681294e+00	1.717424e+00	3.027896e-02	2.579103e-03	6.183919e-03
1.717423e+00	1.753552e+00	2.583442e-02	3.432691e-03	4.429882e-03
1.753553e+00	1.789682e+00	2.182517e-02	3.320770e-03	3.079540e-03
1.789682e+00	1.825811e+00	1.777583e-02	2.173296e-03	3.964848e-03
1.825812e+00	1.861940e+00	1.550277e-02	1.805970e-03	2.515303e-03
1.861940e+00	1.898069e+00	1.261782e-02	1.252838e-03	3.149683e-03
1.898069e+00	1.934198e+00	9.836688e-03	2.434637e-04	3.063938e-03
1.934198e+00	1.970328e+00	8.993775e-03	1.185668e-03	2.114390e-03
1.970329e+00	2.006458e+00	7.369188e-03	7.224861e-04	1.749143e-03
2.006458e+00	2.042587e+00	6.204420e-03	1.985829e-04	1.647726e-03
2.042585e+00	2.078714e+00	5.345551e-03	7.771569e-04	9.638628e-04
2.078715e+00	2.114844e+00	4.346702e-03	1.463921e-05	1.152152e-03
2.114845e+00	2.150974e+00	3.850453e-03	3.630352e-04	6.777879e-04
2.150972e+00	2.187101e+00	3.173285e-03	6.539852e-04	7.257494e-04
2.187102e+00	2.223231e+00	2.632374e-03	1.694207e-06	5.937687e-04
2.223231e+00	2.259361e+00	2.337616e-03	2.103128e-04	5.486471e-04
2.259362e+00	2.295491e+00	1.975423e-03	2.103643e-04	3.687384e-04
2.295489e+00	2.331618e+00	1.665118e-03	2.494827e-04	3.746154e-04
2.331619e+00	2.367748e+00	1.311921e-03	1.086105e-04	3.304113e-04
2.367749e+00	2.403878e+00	1.317638e-03	2.449788e-04	9.799053e-05
2.403876e+00	2.440005e+00	8.949511e-04	2.343547e-05	2.727272e-04
2.440006e+00	2.476135e+00	8.187448e-04	1.141388e-04	1.467422e-04
2.476135e+00	2.512265e+00	8.007036e-04	2.256756e-04	3.545475e-05
2.512266e+00	2.548395e+00	6.705729e-04	4.756179e-05	2.719893e-05
2.548393e+00	2.584522e+00	5.339007e-04	6.884691e-05	6.549808e-05
2.584523e+00	2.620652e+00	2.648193e-04	0.000000e+00	2.248591e-04
2.620653e+00	2.656782e+00	3.544582e-04	2.497993e-05	6.929807e-05
2.656780e+00	2.692909e+00	3.038108e-04	2.088212e-05	4.198871e-05
2.692910e+00	2.729039e+00	2.748039e-04	7.115854e-05	5.459163e-05
2.729040e+00	2.765169e+00	2.107150e-04	2.205458e-05	5.328456e-05
2.765168e+00	2.801298e+00	1.911888e-04	2.710578e-05	3.592441e-05
2.801297e+00	2.837426e+00	1.187551e-04	0.000000e+00	6.751944e-05
2.837427e+00	2.873556e+00	1.243683e-04	0.000000e+00	5.780481e-06
2.873557e+00	2.909686e+00	1.012892e-04	1.776451e-05	5.225700e-05
2.909686e+00	2.945815e+00	9.017247e-05	4.445434e-05	2.003809e-05
2.945813e+00	2.981942e+00	7.615824e-05	0.000000e+00	1.574361e-05
2.981943e+00	3.018072e+00	6.682499e-05	1.193634e-05	3.382493e-05
3.018072e+00	3.054202e+00	7.072978e-05	1.710307e-05	1.300637e-05
3.054203e+00	3.090332e+00	4.342705e-05	7.983587e-06	1.261458e-05
3.090330e+00	3.126459e+00	3.344219e-05	1.769022e-06	5.254480e-05
3.126460e+00	3.162589e+00	3.827623e-05	7.304077e-06	3.716101e-06
3.162590e+00	3.198719e+00	3.404099e-05	2.249366e-05	4.669545e-06
3.198717e+00	3.234846e+00	3.122957e-05	1.857131e-05	0.000000e+00
3.234847e+00	3.270976e+00	2.629224e-05	9.071331e-06	1.069700e-05
3.270977e+00	3.307106e+00	1.517880e-05	0.000000e+00	8.095976e-06
3.307105e+00	3.343235e+00	1.461694e-05	0.000000e+00	7.392294e-06
3.343234e+00	3.379363e+00	8.477135e-06	0.000000e+00	6.336353e-06
3.379364e+00	3.415493e+00	8.092153e-06	0.000000e+00	8.215270e-06
3.415494e+00	3.451623e+00	7.264452e-06	0.000000e+00	5.062102e-06
3.451621e+00	3.487750e+00	1.029712e-05	3.932279e-06	1.633142e-06
3.487751e+00	3.523880e+00	5.456074e-06	4.573916e-07	5.409768e-06
3.523881e+00	3.560010e+00	5.448748e-06	7.762213e-07	1.536882e-06
3.560009e+00	3.596139e+00	8.696847e-06	1.008423e-05	0.000000e+00
3.596138e+00	3.632267e+00	2.818960e-06	5.940353e-07	1.861884e-06
3.632268e+00	3.668397e+00	3.732055e-06	0.000000e+00	1.147281e-06
3.668398e+00	3.704527e+00	2.081826e-06	0.000000e+00	1.726560e-07
3.704525e+00	3.740654e+00	2.628921e-06	1.881386e-06	1.569634e-06
3.740655e+00	3.776784e+00	2.146715e-06	0.000000e+00	5.353187e-07
3.776785e+00	3.812914e+00	6.422135e-06	5.689644e-06	0.000000e+00
# END HISTO1D


# BEGIN HISTO1D //homes/tinghua1/Merging-Project/Production/HJETS/ratio-plots/hjets-vbfnlo/H-N2-3-4-25gev-vbfnlo-combine.yoda/MC_H2JETS_04_INC/log10_d_23
ErrorBandColor=cyan
ErrorBandOpacity=0.3
ErrorBands=1
ErrorType=env
LineColor=cyan
LineStyle=solid
Path=//homes/tinghua1/Merging-Project/Production/HJETS/ratio-plots/hjets-vbfnlo/H-N2-3-4-25gev-vbfnlo-combine.yoda/MC_H2JETS_04_INC/log10_d_23
RatioPlotSameStyle=1
Title=h(2*,3,4)-vbfnlo
# xlow	 xhigh	 val	 errminus	 errplus
2.000000e-01	2.361292e-01	2.450341e+00	3.405302e-01	1.001600e-01
2.361291e-01	2.722583e-01	2.379130e+00	3.362812e-01	1.045910e-01
2.722583e-01	3.083875e-01	2.297566e+00	3.224213e-01	1.075903e-01
3.083874e-01	3.445165e-01	2.197769e+00	2.890689e-01	1.113128e-01
3.445165e-01	3.806457e-01	2.096150e+00	2.582919e-01	9.615408e-02
3.806457e-01	4.167748e-01	1.994317e+00	2.316747e-01	9.197987e-02
4.167748e-01	4.529039e-01	1.891739e+00	2.027070e-01	6.937676e-02
4.529039e-01	4.890331e-01	1.788875e+00	1.627822e-01	5.947073e-02
4.890331e-01	5.251621e-01	1.720150e+00	1.417843e-01	5.360084e-02
5.251623e-01	5.612913e-01	1.675457e+00	1.091001e-01	4.181532e-02
5.612913e-01	5.974205e-01	1.620387e+00	7.544701e-02	2.053049e-02
5.974204e-01	6.335495e-01	1.565115e+00	4.308964e-02	5.300436e-03
6.335497e-01	6.696787e-01	1.501509e+00	2.121559e-02	0.000000e+00
6.696787e-01	7.058079e-01	1.421512e+00	3.027108e-02	1.940259e-02
7.058080e-01	7.419370e-01	1.333149e+00	3.882909e-02	4.749634e-02
7.419370e-01	7.780660e-01	1.235408e+00	4.979809e-02	6.417514e-02
7.780661e-01	8.141953e-01	1.133285e+00	6.215194e-02	8.036796e-02
8.141954e-01	8.503245e-01	1.027370e+00	6.478766e-02	8.262453e-02
8.503244e-01	8.864534e-01	9.175997e-01	6.726987e-02	8.983617e-02
8.864535e-01	9.225827e-01	8.129923e-01	5.977409e-02	9.008780e-02
9.225828e-01	9.587118e-01	7.140325e-01	6.120911e-02	8.599688e-02
9.587118e-01	9.948408e-01	6.216139e-01	6.282664e-02	7.519534e-02
9.948404e-01	1.030970e+00	5.332225e-01	5.246187e-02	7.062783e-02
1.030970e+00	1.067098e+00	4.533516e-01	3.741731e-02	6.375211e-02
1.067100e+00	1.103228e+00	3.853032e-01	3.778544e-02	5.457776e-02
1.103229e+00	1.139358e+00	3.248604e-01	3.205514e-02	4.850978e-02
1.139357e+00	1.175487e+00	2.744897e-01	2.881843e-02	4.015632e-02
1.175487e+00	1.211615e+00	2.298571e-01	2.479568e-02	3.348432e-02
1.211617e+00	1.247745e+00	1.927082e-01	2.088455e-02	2.665501e-02
1.247746e+00	1.283875e+00	1.594258e-01	1.509865e-02	2.411669e-02
1.283874e+00	1.320002e+00	1.347953e-01	1.478151e-02	1.842310e-02
1.320002e+00	1.356131e+00	1.113432e-01	1.172606e-02	1.674494e-02
1.356132e+00	1.392261e+00	9.313845e-02	1.045393e-02	1.313961e-02
1.392261e+00	1.428391e+00	7.767185e-02	8.353557e-03	1.049516e-02
1.428391e+00	1.464519e+00	6.368311e-02	6.010324e-03	9.955216e-03
1.464519e+00	1.500648e+00	5.328097e-02	5.057405e-03	7.942262e-03
1.500649e+00	1.536778e+00	4.466584e-02	3.940795e-03	6.240223e-03
1.536778e+00	1.572906e+00	3.734396e-02	4.186083e-03	5.018988e-03
1.572906e+00	1.609035e+00	3.084702e-02	2.249606e-03	4.496969e-03
1.609036e+00	1.645165e+00	2.653464e-02	2.735072e-03	3.148831e-03
1.645165e+00	1.681293e+00	2.213440e-02	1.992137e-03	2.710822e-03
1.681294e+00	1.717424e+00	1.849368e-02	1.825541e-03	2.159923e-03
1.717423e+00	1.753552e+00	1.533912e-02	1.293285e-03	1.847070e-03
1.753553e+00	1.789682e+00	1.310801e-02	1.351449e-03	1.331210e-03
1.789682e+00	1.825811e+00	1.092664e-02	1.088857e-03	1.374862e-03
1.825812e+00	1.861940e+00	9.058136e-03	6.804949e-04	1.668992e-03
1.861940e+00	1.898069e+00	7.666758e-03	6.065598e-04	9.045421e-04
1.898069e+00	1.934198e+00	6.437015e-03	5.364140e-04	9.766752e-04
1.934198e+00	1.970328e+00	5.438655e-03	5.212427e-04	6.364988e-04
1.970329e+00	2.006458e+00	4.488292e-03	2.420133e-04	8.101747e-04
2.006458e+00	2.042587e+00	3.846129e-03	2.997315e-04	5.281242e-04
2.042585e+00	2.078714e+00	3.267284e-03	2.029146e-04	3.592986e-04
2.078715e+00	2.114844e+00	2.734322e-03	1.839021e-04	3.675297e-04
2.114845e+00	2.150974e+00	2.374034e-03	2.044098e-04	2.503072e-04
2.150972e+00	2.187101e+00	1.982031e-03	1.754067e-04	1.760270e-04
2.187102e+00	2.223231e+00	1.655397e-03	1.243721e-04	1.475493e-04
2.223231e+00	2.259361e+00	1.340746e-03	7.756158e-05	3.493947e-04
2.259362e+00	2.295491e+00	1.161990e-03	1.261873e-04	1.762080e-04
2.295489e+00	2.331618e+00	1.021805e-03	1.396424e-04	1.336669e-04
2.331619e+00	2.367748e+00	9.080617e-04	7.621301e-05	1.000246e-04
2.367749e+00	2.403878e+00	8.341737e-04	1.619560e-04	1.132597e-04
2.403876e+00	2.440005e+00	6.379770e-04	5.046279e-05	1.207421e-04
2.440006e+00	2.476135e+00	5.298425e-04	7.206095e-05	6.213734e-05
2.476135e+00	2.512265e+00	4.786573e-04	1.036197e-04	0.000000e+00
2.512266e+00	2.548395e+00	3.846209e-04	5.690166e-05	7.391569e-06
2.548393e+00	2.584522e+00	3.204703e-04	2.965485e-05	3.027153e-05
2.584523e+00	2.620652e+00	2.692107e-04	2.379097e-05	1.399416e-05
2.620653e+00	2.656782e+00	2.579727e-04	6.520795e-05	0.000000e+00
2.656780e+00	2.692909e+00	1.929966e-04	0.000000e+00	1.955551e-05
2.692910e+00	2.729039e+00	1.702879e-04	2.209018e-05	2.287675e-05
2.729040e+00	2.765169e+00	1.465849e-04	2.047890e-05	0.000000e+00
2.765168e+00	2.801298e+00	1.005887e-04	5.132494e-06	4.019668e-05
2.801297e+00	2.837426e+00	8.888832e-05	1.481118e-05	2.821836e-05
2.837427e+00	2.873556e+00	1.451886e-04	7.142415e-05	0.000000e+00
2.873557e+00	2.909686e+00	6.621005e-05	3.195859e-05	1.377248e-05
2.909686e+00	2.945815e+00	5.861657e-05	2.252872e-06	1.223142e-05
2.945813e+00	2.981942e+00	5.248521e-05	9.442498e-06	0.000000e+00
2.981943e+00	3.018072e+00	3.301938e-05	0.000000e+00	1.725464e-05
3.018072e+00	3.054202e+00	3.835372e-05	9.095793e-06	6.988597e-06
3.054203e+00	3.090332e+00	3.014315e-05	0.000000e+00	2.879183e-06
3.090330e+00	3.126459e+00	2.217806e-05	0.000000e+00	3.325030e-06
3.126460e+00	3.162589e+00	1.986085e-05	7.907664e-07	2.007700e-06
3.162590e+00	3.198719e+00	2.036689e-05	5.437455e-06	0.000000e+00
3.198717e+00	3.234846e+00	1.674722e-05	6.472355e-06	5.170650e-06
3.234847e+00	3.270976e+00	8.631936e-06	0.000000e+00	1.250714e-05
3.270977e+00	3.307106e+00	1.150355e-05	6.983996e-06	3.151562e-06
3.307105e+00	3.343235e+00	1.298734e-05	1.420720e-06	3.178577e-07
3.343234e+00	3.379363e+00	4.131221e-05	3.486459e-05	0.000000e+00
3.379364e+00	3.415493e+00	5.393269e-06	0.000000e+00	3.714528e-06
3.415494e+00	3.451623e+00	5.074143e-06	0.000000e+00	3.200850e-06
3.451621e+00	3.487750e+00	4.105098e-06	1.302962e-06	1.722331e-06
3.487751e+00	3.523880e+00	4.943688e-06	6.018302e-06	1.827092e-07
3.523881e+00	3.560010e+00	6.114780e-06	5.199520e-06	0.000000e+00
3.560009e+00	3.596139e+00	2.870039e-06	0.000000e+00	4.698298e-06
3.596138e+00	3.632267e+00	2.424206e-06	0.000000e+00	8.957693e-07
3.632268e+00	3.668397e+00	3.230626e-06	1.464924e-06	0.000000e+00
3.668398e+00	3.704527e+00	1.494569e-06	0.000000e+00	1.544139e-06
3.704525e+00	3.740654e+00	2.276845e-06	1.723998e-06	0.000000e+00
3.740655e+00	3.776784e+00	1.715457e-06	4.835703e-07	3.038351e-07
3.776785e+00	3.812914e+00	1.392895e-06	2.952725e-08	2.637737e-07
# END HISTO1D


# BEGIN HISTO1D //homes/tinghua1/Merging-Project/Production/HJETS/ratio-plots/hjets-vbfnlo/H-2-3-4-25gev-combine.yoda/MC_H2JETS_04_INC/log10_d_23
ErrorBandColor=yellow
ErrorBandOpacity=0.3
ErrorBands=1
ErrorType=env
LineColor=yellow
LineStyle=solid
Path=//homes/tinghua1/Merging-Project/Production/HJETS/ratio-plots/hjets-vbfnlo/H-2-3-4-25gev-combine.yoda/MC_H2JETS_04_INC/log10_d_23
RatioPlotSameStyle=1
Title=h(2,3,4)
# xlow	 xhigh	 val	 errminus	 errplus
2.000000e-01	2.361292e-01	3.290287e+00	4.899319e-01	1.835584e-01
2.361291e-01	2.722583e-01	3.222704e+00	4.819204e-01	1.830597e-01
2.722583e-01	3.083875e-01	3.124382e+00	4.523121e-01	2.105782e-01
3.083874e-01	3.445165e-01	3.023884e+00	4.371761e-01	1.764865e-01
3.445165e-01	3.806457e-01	2.893136e+00	3.874096e-01	1.730844e-01
3.806457e-01	4.167748e-01	2.752532e+00	3.400984e-01	1.696051e-01
4.167748e-01	4.529039e-01	2.622855e+00	3.063874e-01	1.454838e-01
4.529039e-01	4.890331e-01	2.490249e+00	2.604024e-01	1.215336e-01
4.890331e-01	5.251621e-01	2.393102e+00	2.155667e-01	1.076105e-01
5.251623e-01	5.612913e-01	2.340305e+00	1.853916e-01	8.629720e-02
5.612913e-01	5.974205e-01	2.271976e+00	1.366795e-01	6.543848e-02
5.974204e-01	6.335495e-01	2.189400e+00	7.989764e-02	4.045880e-02
6.335497e-01	6.696787e-01	2.105177e+00	3.957530e-02	9.714053e-03
6.696787e-01	7.058079e-01	2.006007e+00	1.719163e-02	4.885522e-03
7.058080e-01	7.419370e-01	1.891089e+00	4.413257e-02	4.979200e-02
7.419370e-01	7.780660e-01	1.762100e+00	5.247764e-02	8.003382e-02
7.780661e-01	8.141953e-01	1.629158e+00	7.777615e-02	9.969914e-02
8.141954e-01	8.503245e-01	1.486043e+00	8.356228e-02	1.153931e-01
8.503244e-01	8.864534e-01	1.341740e+00	8.823663e-02	1.276946e-01
8.864535e-01	9.225827e-01	1.195448e+00	9.741843e-02	1.272965e-01
9.225828e-01	9.587118e-01	1.057015e+00	8.976947e-02	1.288562e-01
9.587118e-01	9.948408e-01	9.278723e-01	8.568246e-02	1.187638e-01
9.948404e-01	1.030970e+00	8.032232e-01	7.606500e-02	1.146109e-01
1.030970e+00	1.067098e+00	6.899529e-01	6.610534e-02	1.045852e-01
1.067100e+00	1.103228e+00	5.900498e-01	5.840350e-02	9.304824e-02
1.103229e+00	1.139358e+00	5.057154e-01	5.969166e-02	7.737607e-02
1.139357e+00	1.175487e+00	4.261865e-01	4.953833e-02	6.911293e-02
1.175487e+00	1.211615e+00	3.587525e-01	4.393119e-02	5.916798e-02
1.211617e+00	1.247745e+00	3.005115e-01	3.589275e-02	5.195134e-02
1.247746e+00	1.283875e+00	2.512327e-01	3.112788e-02	4.484494e-02
1.283874e+00	1.320002e+00	2.092952e-01	2.365078e-02	3.936777e-02
1.320002e+00	1.356131e+00	1.755285e-01	2.131194e-02	3.060112e-02
1.356132e+00	1.392261e+00	1.433479e-01	1.449323e-02	2.770760e-02
1.392261e+00	1.428391e+00	1.212862e-01	1.450781e-02	2.184802e-02
1.428391e+00	1.464519e+00	1.010045e-01	1.306438e-02	1.806612e-02
1.464519e+00	1.500648e+00	8.425110e-02	1.049835e-02	1.491976e-02
1.500649e+00	1.536778e+00	6.953818e-02	8.177503e-03	1.349572e-02
1.536778e+00	1.572906e+00	5.702474e-02	7.169559e-03	1.187113e-02
1.572906e+00	1.609035e+00	4.846063e-02	6.026267e-03	9.117634e-03
1.609036e+00	1.645165e+00	4.046550e-02	4.555592e-03	7.619226e-03
1.645165e+00	1.681293e+00	3.335791e-02	3.310139e-03	6.752415e-03
1.681294e+00	1.717424e+00	2.791486e-02	3.073908e-03	6.140133e-03
1.717423e+00	1.753552e+00	2.356928e-02	2.733303e-03	4.446940e-03
1.753553e+00	1.789682e+00	1.997145e-02	2.206740e-03	3.704880e-03
1.789682e+00	1.825811e+00	1.676517e-02	1.944432e-03	3.198965e-03
1.825812e+00	1.861940e+00	1.396264e-02	1.488120e-03	2.973257e-03
1.861940e+00	1.898069e+00	1.156414e-02	9.354784e-04	2.745598e-03
1.898069e+00	1.934198e+00	9.651039e-03	8.469152e-04	2.052346e-03
1.934198e+00	1.970328e+00	7.441625e-03	0.000000e+00	2.499552e-03
1.970329e+00	2.006458e+00	6.774087e-03	5.720114e-04	1.519981e-03
2.006458e+00	2.042587e+00	5.907570e-03	6.112154e-04	1.065925e-03
2.042585e+00	2.078714e+00	5.127136e-03	5.859420e-04	7.705693e-04
2.078715e+00	2.114844e+00	4.168851e-03	4.529547e-04	8.669960e-04
2.114845e+00	2.150974e+00	3.392048e-03	3.902682e-05	7.637217e-04
2.150972e+00	2.187101e+00	3.189632e-03	5.255385e-04	2.262642e-04
2.187102e+00	2.223231e+00	2.522324e-03	2.306737e-04	4.370962e-04
2.223231e+00	2.259361e+00	2.076404e-03	1.241362e-04	5.531376e-04
2.259362e+00	2.295491e+00	1.854867e-03	2.248440e-04	2.691406e-04
2.295489e+00	2.331618e+00	1.541266e-03	2.014241e-04	2.732348e-04
2.331619e+00	2.367748e+00	1.242499e-03	3.720280e-05	2.964203e-04
2.367749e+00	2.403878e+00	1.061905e-03	1.696072e-04	2.633311e-04
2.403876e+00	2.440005e+00	9.608987e-04	1.893188e-04	1.153943e-04
2.440006e+00	2.476135e+00	7.163497e-04	0.000000e+00	2.221946e-04
2.476135e+00	2.512265e+00	6.875253e-04	9.662967e-05	6.177360e-05
2.512266e+00	2.548395e+00	5.186263e-04	1.377536e-05	1.770805e-04
2.548393e+00	2.584522e+00	4.637870e-04	6.348252e-05	7.472031e-05
2.584523e+00	2.620652e+00	4.144048e-04	9.210579e-05	5.977691e-05
2.620653e+00	2.656782e+00	3.346226e-04	1.853165e-05	6.010850e-05
2.656780e+00	2.692909e+00	2.703790e-04	0.000000e+00	7.628739e-05
2.692910e+00	2.729039e+00	2.283143e-04	0.000000e+00	4.968009e-05
2.729040e+00	2.765169e+00	2.060673e-04	2.755952e-05	5.170863e-05
2.765168e+00	2.801298e+00	1.807968e-04	2.351232e-05	1.275087e-05
2.801297e+00	2.837426e+00	1.460154e-04	1.051347e-05	3.822965e-05
2.837427e+00	2.873556e+00	1.257021e-04	1.048975e-05	1.330552e-05
2.873557e+00	2.909686e+00	9.725044e-05	7.507044e-06	3.062025e-05
2.909686e+00	2.945815e+00	9.337748e-05	4.810236e-06	2.399574e-05
2.945813e+00	2.981942e+00	8.204285e-05	1.285798e-05	1.526007e-05
2.981943e+00	3.018072e+00	5.586418e-05	4.218772e-07	5.295021e-05
3.018072e+00	3.054202e+00	5.514539e-05	1.055519e-05	8.546167e-06
3.054203e+00	3.090332e+00	4.707404e-05	0.000000e+00	3.653575e-06
3.090330e+00	3.126459e+00	4.252354e-05	7.567771e-06	2.373620e-05
3.126460e+00	3.162589e+00	3.075277e-05	0.000000e+00	5.877356e-06
3.162590e+00	3.198719e+00	2.394348e-05	3.911628e-06	8.315785e-06
3.198717e+00	3.234846e+00	2.426235e-05	5.070154e-06	0.000000e+00
3.234847e+00	3.270976e+00	2.288121e-05	3.166816e-06	4.080489e-07
3.270977e+00	3.307106e+00	1.685520e-05	1.821083e-06	3.966913e-06
3.307105e+00	3.343235e+00	1.250849e-05	7.109651e-06	4.270922e-06
3.343234e+00	3.379363e+00	1.120892e-05	2.665338e-07	4.756940e-06
3.379364e+00	3.415493e+00	1.245491e-05	4.523779e-06	0.000000e+00
3.415494e+00	3.451623e+00	8.247336e-06	2.384373e-07	5.220322e-07
3.451621e+00	3.487750e+00	5.504415e-06	0.000000e+00	4.798713e-06
3.487751e+00	3.523880e+00	8.100241e-06	4.193983e-06	0.000000e+00
3.523881e+00	3.560010e+00	4.873966e-06	1.133577e-06	5.886595e-06
3.560009e+00	3.596139e+00	5.808403e-06	4.575929e-06	0.000000e+00
3.596138e+00	3.632267e+00	3.504094e-06	2.905366e-06	2.894323e-07
3.632268e+00	3.668397e+00	5.454773e-06	2.989164e-06	0.000000e+00
3.668398e+00	3.704527e+00	2.604094e-06	6.451917e-07	8.173545e-07
3.704525e+00	3.740654e+00	1.622022e-06	0.000000e+00	3.613081e-07
3.740655e+00	3.776784e+00	1.785802e-06	0.000000e+00	1.054878e-07
3.776785e+00	3.812914e+00	2.651464e-06	1.323740e-05	0.000000e+00
# END HISTO1D


# BEGIN HISTO1D //homes/tinghua1/Merging-Project/Production/HJETS/ratio-plots/hjets-vbfnlo/H-2-3-4-25gev-vbfnlo-combine.yoda/MC_H2JETS_04_INC/log10_d_23
ErrorBandColor=green
ErrorBandOpacity=0.3
ErrorBands=1
ErrorType=env
LineColor=green
LineStyle=solid
Path=//homes/tinghua1/Merging-Project/Production/HJETS/ratio-plots/hjets-vbfnlo/H-2-3-4-25gev-vbfnlo-combine.yoda/MC_H2JETS_04_INC/log10_d_23
RatioPlotSameStyle=1
Title=h(2,3,4)-vbfnlo
# xlow	 xhigh	 val	 errminus	 errplus
2.000000e-01	2.361292e-01	2.496204e+00	4.123823e-01	1.717679e-01
2.361291e-01	2.722583e-01	2.421881e+00	3.989803e-01	1.787327e-01
2.722583e-01	3.083875e-01	2.337583e+00	3.786103e-01	1.742623e-01
3.083874e-01	3.445165e-01	2.239473e+00	3.473469e-01	1.692954e-01
3.445165e-01	3.806457e-01	2.140478e+00	3.163867e-01	1.560887e-01
3.806457e-01	4.167748e-01	2.033035e+00	2.822506e-01	1.410879e-01
4.167748e-01	4.529039e-01	1.926625e+00	2.448364e-01	1.259685e-01
4.529039e-01	4.890331e-01	1.826748e+00	2.167648e-01	1.048144e-01
4.890331e-01	5.251621e-01	1.755761e+00	1.851787e-01	9.837915e-02
5.251623e-01	5.612913e-01	1.706974e+00	1.526744e-01	8.874951e-02
5.612913e-01	5.974205e-01	1.656633e+00	1.174471e-01	6.832230e-02
5.974204e-01	6.335495e-01	1.595817e+00	8.070780e-02	5.024177e-02
6.335497e-01	6.696787e-01	1.527907e+00	4.655804e-02	2.902508e-02
6.696787e-01	7.058079e-01	1.447250e+00	1.235234e-02	9.374135e-03
7.058080e-01	7.419370e-01	1.362928e+00	1.158844e-02	1.114863e-02
7.419370e-01	7.780660e-01	1.263845e+00	2.406149e-02	3.439305e-02
7.780661e-01	8.141953e-01	1.159008e+00	3.465895e-02	5.043427e-02
8.141954e-01	8.503245e-01	1.050237e+00	4.380292e-02	6.308903e-02
8.503244e-01	8.864534e-01	9.395642e-01	4.618742e-02	6.941551e-02
8.864535e-01	9.225827e-01	8.323334e-01	4.647460e-02	6.962097e-02
9.225828e-01	9.587118e-01	7.278158e-01	4.407777e-02	7.062922e-02
9.587118e-01	9.948408e-01	6.326997e-01	4.393024e-02	6.617021e-02
9.948404e-01	1.030970e+00	5.454105e-01	4.150532e-02	6.024783e-02
1.030970e+00	1.067098e+00	4.670838e-01	3.786155e-02	5.289989e-02
1.067100e+00	1.103228e+00	3.956356e-01	4.260566e-02	4.645410e-02
1.103229e+00	1.139358e+00	3.338650e-01	2.720585e-02	4.112763e-02
1.139357e+00	1.175487e+00	2.805256e-01	2.404910e-02	3.541157e-02
1.175487e+00	1.211615e+00	2.338483e-01	1.909043e-02	3.160151e-02
1.211617e+00	1.247745e+00	1.966776e-01	1.721528e-02	2.437358e-02
1.247746e+00	1.283875e+00	1.647418e-01	1.482618e-02	1.997863e-02
1.283874e+00	1.320002e+00	1.371287e-01	1.207509e-02	1.707980e-02
1.320002e+00	1.356131e+00	1.137730e-01	9.665449e-03	1.413806e-02
1.356132e+00	1.392261e+00	9.528304e-02	9.089623e-03	1.105076e-02
1.392261e+00	1.428391e+00	7.916053e-02	6.647025e-03	9.073734e-03
1.428391e+00	1.464519e+00	6.584229e-02	5.147499e-03	6.917767e-03
1.464519e+00	1.500648e+00	5.505948e-02	4.269756e-03	6.149215e-03
1.500649e+00	1.536778e+00	4.586858e-02	3.889203e-03	5.200421e-03
1.536778e+00	1.572906e+00	3.805646e-02	2.775748e-03	4.331119e-03
1.572906e+00	1.609035e+00	3.210393e-02	2.764926e-03	3.594758e-03
1.609036e+00	1.645165e+00	2.662944e-02	2.012278e-03	2.960442e-03
1.645165e+00	1.681293e+00	2.257423e-02	1.793244e-03	2.444983e-03
1.681294e+00	1.717424e+00	1.870777e-02	1.148774e-03	2.044185e-03
1.717423e+00	1.753552e+00	1.562093e-02	9.222619e-04	1.855202e-03
1.753553e+00	1.789682e+00	1.311106e-02	7.028592e-04	1.572255e-03
1.789682e+00	1.825811e+00	1.100964e-02	7.854494e-04	1.239508e-03
1.825812e+00	1.861940e+00	9.281442e-03	6.215229e-04	1.108838e-03
1.861940e+00	1.898069e+00	7.817233e-03	4.742617e-04	9.422624e-04
1.898069e+00	1.934198e+00	6.681032e-03	1.104877e-03	6.460295e-04
1.934198e+00	1.970328e+00	5.644456e-03	4.110628e-04	5.386825e-04
1.970329e+00	2.006458e+00	4.679629e-03	3.143347e-04	6.081071e-04
2.006458e+00	2.042587e+00	3.894044e-03	1.420383e-04	4.383625e-04
2.042585e+00	2.078714e+00	3.326973e-03	2.507210e-04	4.581887e-04
2.078715e+00	2.114844e+00	2.871325e-03	2.891840e-04	2.121260e-04
2.114845e+00	2.150974e+00	2.358246e-03	1.243765e-05	2.891782e-04
2.150972e+00	2.187101e+00	2.008917e-03	1.012644e-04	7.528827e-05
2.187102e+00	2.223231e+00	1.672541e-03	7.419580e-05	1.740937e-04
2.223231e+00	2.259361e+00	1.438028e-03	1.057332e-04	1.231110e-04
2.259362e+00	2.295491e+00	1.217183e-03	6.837803e-05	1.364101e-04
2.295489e+00	2.331618e+00	1.052336e-03	8.366658e-05	5.714412e-05
2.331619e+00	2.367748e+00	8.649589e-04	5.419331e-05	7.416480e-05
2.367749e+00	2.403878e+00	7.310565e-04	5.291539e-05	7.420991e-05
2.403876e+00	2.440005e+00	6.295832e-04	3.799911e-05	4.164660e-05
2.440006e+00	2.476135e+00	5.198547e-04	1.394337e-05	6.363420e-05
2.476135e+00	2.512265e+00	4.556861e-04	3.922059e-05	1.438860e-05
2.512266e+00	2.548395e+00	3.729804e-04	1.457444e-05	3.070304e-05
2.548393e+00	2.584522e+00	3.131512e-04	2.385978e-05	4.859254e-05
2.584523e+00	2.620652e+00	2.645401e-04	5.310415e-07	4.303778e-05
2.620653e+00	2.656782e+00	2.266325e-04	7.700656e-06	1.479105e-05
2.656780e+00	2.692909e+00	1.996715e-04	2.616178e-05	1.602458e-05
2.692910e+00	2.729039e+00	1.716226e-04	4.900551e-06	1.999037e-05
2.729040e+00	2.765169e+00	1.296851e-04	0.000000e+00	2.682120e-05
2.765168e+00	2.801298e+00	1.252499e-04	2.577337e-05	9.721201e-06
2.801297e+00	2.837426e+00	9.267691e-05	4.428575e-06	1.491223e-05
2.837427e+00	2.873556e+00	9.151291e-05	3.287528e-05	0.000000e+00
2.873557e+00	2.909686e+00	7.558208e-05	1.555103e-05	1.386172e-06
2.909686e+00	2.945815e+00	5.634349e-05	0.000000e+00	1.342060e-05
2.945813e+00	2.981942e+00	5.510626e-05	0.000000e+00	3.304741e-06
2.981943e+00	3.018072e+00	4.132794e-05	1.481275e-06	4.822469e-06
3.018072e+00	3.054202e+00	3.683446e-05	7.469139e-07	0.000000e+00
3.054203e+00	3.090332e+00	2.530464e-05	0.000000e+00	1.467692e-05
3.090330e+00	3.126459e+00	2.658201e-05	1.783523e-06	1.991796e-06
3.126460e+00	3.162589e+00	1.982173e-05	0.000000e+00	4.371757e-06
3.162590e+00	3.198719e+00	1.662035e-05	0.000000e+00	5.555183e-06
3.198717e+00	3.234846e+00	1.322438e-05	0.000000e+00	1.979875e-06
3.234847e+00	3.270976e+00	1.296199e-05	1.721263e-06	3.817432e-07
3.270977e+00	3.307106e+00	1.260994e-05	1.525201e-07	2.703479e-07
3.307105e+00	3.343235e+00	8.518713e-06	0.000000e+00	3.179424e-06
3.343234e+00	3.379363e+00	6.945775e-06	0.000000e+00	2.231551e-06
3.379364e+00	3.415493e+00	6.862905e-06	9.386836e-07	4.142002e-06
3.415494e+00	3.451623e+00	6.418802e-06	0.000000e+00	1.473279e-06
3.451621e+00	3.487750e+00	4.299767e-06	9.554651e-07	0.000000e+00
3.487751e+00	3.523880e+00	4.225035e-06	4.229954e-07	0.000000e+00
3.523881e+00	3.560010e+00	3.553564e-06	8.047358e-07	5.365690e-07
3.560009e+00	3.596139e+00	2.482623e-06	0.000000e+00	2.164285e-06
3.596138e+00	3.632267e+00	2.013595e-06	2.490913e-07	6.732461e-07
3.632268e+00	3.668397e+00	2.256408e-06	1.149686e-06	4.188906e-08
3.668398e+00	3.704527e+00	1.239744e-06	0.000000e+00	7.939270e-07
3.704525e+00	3.740654e+00	1.508983e-06	3.793889e-07	4.726643e-07
3.740655e+00	3.776784e+00	2.554311e-06	1.099950e-06	0.000000e+00
3.776785e+00	3.812914e+00	1.132061e-06	8.234742e-08	1.257660e-07
# END HISTO1D


# BEGIN HISTO1D //homes/tinghua1/Merging-Project/Production/HJETS/ratio-plots/hjets-vbfnlo/H-2-3-25gev-combine.yoda/MC_H2JETS_04_INC/log10_d_23
ErrorBandColor=purple
ErrorBandOpacity=0.3
ErrorBands=1
ErrorType=env
LineColor=purple
LineStyle=solid
Path=//homes/tinghua1/Merging-Project/Production/HJETS/ratio-plots/hjets-vbfnlo/H-2-3-25gev-combine.yoda/MC_H2JETS_04_INC/log10_d_23
RatioPlotSameStyle=1
Title=h(2,3)
# xlow	 xhigh	 val	 errminus	 errplus
2.000000e-01	2.361292e-01	2.798705e+00	0.000000e+00	6.689538e-01
2.361291e-01	2.722583e-01	2.738161e+00	0.000000e+00	6.752638e-01
2.722583e-01	3.083875e-01	2.672247e+00	0.000000e+00	6.562225e-01
3.083874e-01	3.445165e-01	2.587402e+00	0.000000e+00	6.157026e-01
3.445165e-01	3.806457e-01	2.502387e+00	0.000000e+00	5.619435e-01
3.806457e-01	4.167748e-01	2.411427e+00	0.000000e+00	5.092302e-01
4.167748e-01	4.529039e-01	2.316437e+00	0.000000e+00	4.395061e-01
4.529039e-01	4.890331e-01	2.228869e+00	0.000000e+00	3.833987e-01
4.890331e-01	5.251621e-01	2.175198e+00	0.000000e+00	3.230341e-01
5.251623e-01	5.612913e-01	2.159574e+00	0.000000e+00	2.575741e-01
5.612913e-01	5.974205e-01	2.132781e+00	0.000000e+00	1.931983e-01
5.974204e-01	6.335495e-01	2.107420e+00	0.000000e+00	1.202715e-01
6.335497e-01	6.696787e-01	2.068720e+00	0.000000e+00	3.565021e-02
6.696787e-01	7.058079e-01	2.011353e+00	2.817416e-02	0.000000e+00
7.058080e-01	7.419370e-01	1.934316e+00	8.789840e-02	0.000000e+00
7.419370e-01	7.780660e-01	1.843409e+00	1.374634e-01	0.000000e+00
7.780661e-01	8.141953e-01	1.728811e+00	1.751799e-01	0.000000e+00
8.141954e-01	8.503245e-01	1.603405e+00	1.979557e-01	0.000000e+00
8.503244e-01	8.864534e-01	1.463563e+00	2.112414e-01	0.000000e+00
8.864535e-01	9.225827e-01	1.325724e+00	2.203467e-01	0.000000e+00
9.225828e-01	9.587118e-01	1.184691e+00	2.152453e-01	0.000000e+00
9.587118e-01	9.948408e-01	1.046940e+00	2.045880e-01	0.000000e+00
9.948404e-01	1.030970e+00	9.164361e-01	1.909735e-01	0.000000e+00
1.030970e+00	1.067098e+00	7.971638e-01	1.756943e-01	0.000000e+00
1.067100e+00	1.103228e+00	6.824224e-01	1.542024e-01	0.000000e+00
1.103229e+00	1.139358e+00	5.853085e-01	1.394583e-01	0.000000e+00
1.139357e+00	1.175487e+00	4.963734e-01	1.198669e-01	0.000000e+00
1.175487e+00	1.211615e+00	4.181525e-01	1.014772e-01	0.000000e+00
1.211617e+00	1.247745e+00	3.529702e-01	8.818545e-02	0.000000e+00
1.247746e+00	1.283875e+00	2.956669e-01	7.364663e-02	0.000000e+00
1.283874e+00	1.320002e+00	2.470183e-01	6.113745e-02	0.000000e+00
1.320002e+00	1.356131e+00	2.070317e-01	5.311639e-02	0.000000e+00
1.356132e+00	1.392261e+00	1.719733e-01	4.407725e-02	0.000000e+00
1.392261e+00	1.428391e+00	1.432810e-01	3.668168e-02	0.000000e+00
1.428391e+00	1.464519e+00	1.182840e-01	2.927045e-02	0.000000e+00
1.464519e+00	1.500648e+00	9.967491e-02	2.604254e-02	0.000000e+00
1.500649e+00	1.536778e+00	8.337767e-02	2.202444e-02	0.000000e+00
1.536778e+00	1.572906e+00	6.940826e-02	1.793235e-02	0.000000e+00
1.572906e+00	1.609035e+00	5.740231e-02	1.422265e-02	0.000000e+00
1.609036e+00	1.645165e+00	4.837344e-02	1.204359e-02	0.000000e+00
1.645165e+00	1.681293e+00	4.044643e-02	1.010593e-02	0.000000e+00
1.681294e+00	1.717424e+00	3.382353e-02	9.108528e-03	0.000000e+00
1.717423e+00	1.753552e+00	2.832437e-02	7.306161e-03	0.000000e+00
1.753553e+00	1.789682e+00	2.350347e-02	5.986363e-03	0.000000e+00
1.789682e+00	1.825811e+00	1.975720e-02	5.030809e-03	0.000000e+00
1.825812e+00	1.861940e+00	1.643900e-02	3.997968e-03	0.000000e+00
1.861940e+00	1.898069e+00	1.394917e-02	3.562241e-03	0.000000e+00
1.898069e+00	1.934198e+00	1.186630e-02	3.012001e-03	0.000000e+00
1.934198e+00	1.970328e+00	9.874664e-03	2.466299e-03	0.000000e+00
1.970329e+00	2.006458e+00	8.479537e-03	1.992696e-03	0.000000e+00
2.006458e+00	2.042587e+00	7.084306e-03	2.015461e-03	0.000000e+00
2.042585e+00	2.078714e+00	5.959254e-03	1.543251e-03	0.000000e+00
2.078715e+00	2.114844e+00	5.004564e-03	1.253780e-03	0.000000e+00
2.114845e+00	2.150974e+00	4.266506e-03	1.025987e-03	0.000000e+00
2.150972e+00	2.187101e+00	3.469310e-03	8.139727e-04	0.000000e+00
2.187102e+00	2.223231e+00	3.121066e-03	8.771552e-04	0.000000e+00
2.223231e+00	2.259361e+00	2.529667e-03	6.661735e-04	0.000000e+00
2.259362e+00	2.295491e+00	2.115129e-03	4.590174e-04	0.000000e+00
2.295489e+00	2.331618e+00	1.825977e-03	4.704470e-04	0.000000e+00
2.331619e+00	2.367748e+00	1.520178e-03	3.835550e-04	0.000000e+00
2.367749e+00	2.403878e+00	1.315030e-03	3.048723e-04	0.000000e+00
2.403876e+00	2.440005e+00	1.126592e-03	3.458117e-04	0.000000e+00
2.440006e+00	2.476135e+00	8.631659e-04	1.499078e-04	0.000000e+00
2.476135e+00	2.512265e+00	7.851531e-04	2.354996e-04	0.000000e+00
2.512266e+00	2.548395e+00	6.525013e-04	1.610667e-04	0.000000e+00
2.548393e+00	2.584522e+00	5.456044e-04	9.749370e-05	0.000000e+00
2.584523e+00	2.620652e+00	5.031169e-04	1.576088e-04	0.000000e+00
2.620653e+00	2.656782e+00	4.105414e-04	1.170619e-04	0.000000e+00
2.656780e+00	2.692909e+00	3.560361e-04	1.161216e-04	0.000000e+00
2.692910e+00	2.729039e+00	2.817706e-04	7.401525e-05	0.000000e+00
2.729040e+00	2.765169e+00	2.498773e-04	6.239193e-05	0.000000e+00
2.765168e+00	2.801298e+00	1.996564e-04	5.080426e-05	0.000000e+00
2.801297e+00	2.837426e+00	1.751006e-04	4.314971e-05	0.000000e+00
2.837427e+00	2.873556e+00	1.493493e-04	3.563893e-05	0.000000e+00
2.873557e+00	2.909686e+00	1.261876e-04	2.537853e-05	0.000000e+00
2.909686e+00	2.945815e+00	1.051912e-04	3.238711e-05	0.000000e+00
2.945813e+00	2.981942e+00	9.452022e-05	2.415719e-05	0.000000e+00
2.981943e+00	3.018072e+00	1.069619e-04	5.309037e-05	0.000000e+00
3.018072e+00	3.054202e+00	6.721450e-05	1.342812e-05	0.000000e+00
3.054203e+00	3.090332e+00	5.702845e-05	1.896803e-05	0.000000e+00
3.090330e+00	3.126459e+00	4.245160e-05	1.003067e-05	9.076642e-07
3.126460e+00	3.162589e+00	4.195917e-05	1.399862e-05	0.000000e+00
3.162590e+00	3.198719e+00	3.416065e-05	1.067213e-05	0.000000e+00
3.198717e+00	3.234846e+00	3.702577e-05	1.444366e-05	0.000000e+00
3.234847e+00	3.270976e+00	2.237374e-05	1.082881e-05	0.000000e+00
3.270977e+00	3.307106e+00	1.322624e-05	0.000000e+00	1.657876e-06
3.307105e+00	3.343235e+00	2.024038e-05	1.239021e-05	0.000000e+00
3.343234e+00	3.379363e+00	8.809690e-06	4.916881e-07	2.501603e-06
3.379364e+00	3.415493e+00	1.103263e-05	1.388713e-06	0.000000e+00
3.415494e+00	3.451623e+00	1.125120e-05	3.482493e-07	0.000000e+00
3.451621e+00	3.487750e+00	8.372593e-06	3.002524e-06	0.000000e+00
3.487751e+00	3.523880e+00	5.285267e-06	0.000000e+00	5.109718e-07
3.523881e+00	3.560010e+00	6.463589e-06	1.042505e-05	8.918154e-07
3.560009e+00	3.596139e+00	6.017193e-06	1.806457e-06	0.000000e+00
3.596138e+00	3.632267e+00	4.857793e-06	4.206565e-06	2.612859e-07
3.632268e+00	3.668397e+00	1.544653e-06	0.000000e+00	2.596032e-06
3.668398e+00	3.704527e+00	2.938448e-06	1.687074e-06	0.000000e+00
3.704525e+00	3.740654e+00	2.677100e-06	1.590948e-06	1.502629e-07
3.740655e+00	3.776784e+00	2.211587e-06	4.749426e-08	0.000000e+00
3.776785e+00	3.812914e+00	2.270916e-06	8.980334e-07	0.000000e+00
# END HISTO1D


# BEGIN HISTO1D //homes/tinghua1/Merging-Project/Production/HJETS/ratio-plots/hjets-vbfnlo/H-2-3-25gev-vbfnlo-combine.yoda/MC_H2JETS_04_INC/log10_d_23
ErrorBandColor=violet
ErrorBandOpacity=0.3
ErrorBands=1
ErrorType=env
LineColor=violet
LineStyle=solid
Path=//homes/tinghua1/Merging-Project/Production/HJETS/ratio-plots/hjets-vbfnlo/H-2-3-25gev-vbfnlo-combine.yoda/MC_H2JETS_04_INC/log10_d_23
RatioPlotSameStyle=1
Title=h(2,3)-vbfnlo
# xlow	 xhigh	 val	 errminus	 errplus
2.000000e-01	2.361292e-01	2.666022e+00	5.860237e-01	0.000000e+00
2.361291e-01	2.722583e-01	2.599964e+00	5.774498e-01	0.000000e+00
2.722583e-01	3.083875e-01	2.508739e+00	5.477571e-01	0.000000e+00
3.083874e-01	3.445165e-01	2.408583e+00	5.152439e-01	0.000000e+00
3.445165e-01	3.806457e-01	2.295592e+00	4.736598e-01	0.000000e+00
3.806457e-01	4.167748e-01	2.174391e+00	4.224689e-01	0.000000e+00
4.167748e-01	4.529039e-01	2.050355e+00	3.699530e-01	0.000000e+00
4.529039e-01	4.890331e-01	1.933676e+00	3.222070e-01	0.000000e+00
4.890331e-01	5.251621e-01	1.850104e+00	2.804717e-01	0.000000e+00
5.251623e-01	5.612913e-01	1.793347e+00	2.389869e-01	0.000000e+00
5.612913e-01	5.974205e-01	1.723823e+00	1.884946e-01	0.000000e+00
5.974204e-01	6.335495e-01	1.646495e+00	1.314946e-01	0.000000e+00
6.335497e-01	6.696787e-01	1.553382e+00	7.262954e-02	0.000000e+00
6.696787e-01	7.058079e-01	1.458650e+00	2.385909e-02	0.000000e+00
7.058080e-01	7.419370e-01	1.351232e+00	0.000000e+00	2.326546e-02
7.419370e-01	7.780660e-01	1.239493e+00	0.000000e+00	5.785392e-02
7.780661e-01	8.141953e-01	1.124236e+00	0.000000e+00	8.554410e-02
8.141954e-01	8.503245e-01	1.007176e+00	0.000000e+00	1.055872e-01
8.503244e-01	8.864534e-01	8.936979e-01	0.000000e+00	1.149522e-01
8.864535e-01	9.225827e-01	7.855590e-01	0.000000e+00	1.173364e-01
9.225828e-01	9.587118e-01	6.832407e-01	0.000000e+00	1.165113e-01
9.587118e-01	9.948408e-01	5.888201e-01	0.000000e+00	1.121368e-01
9.948404e-01	1.030970e+00	5.044845e-01	0.000000e+00	1.013532e-01
1.030970e+00	1.067098e+00	4.288541e-01	0.000000e+00	9.200033e-02
1.067100e+00	1.103228e+00	3.635202e-01	0.000000e+00	7.955604e-02
1.103229e+00	1.139358e+00	3.056655e-01	0.000000e+00	7.029229e-02
1.139357e+00	1.175487e+00	2.569697e-01	0.000000e+00	5.915870e-02
1.175487e+00	1.211615e+00	2.144086e-01	0.000000e+00	5.066182e-02
1.211617e+00	1.247745e+00	1.793337e-01	0.000000e+00	4.264391e-02
1.247746e+00	1.283875e+00	1.498991e-01	0.000000e+00	3.504124e-02
1.283874e+00	1.320002e+00	1.251336e-01	0.000000e+00	2.903139e-02
1.320002e+00	1.356131e+00	1.033503e-01	0.000000e+00	2.474995e-02
1.356132e+00	1.392261e+00	8.763309e-02	0.000000e+00	1.905547e-02
1.392261e+00	1.428391e+00	7.254489e-02	0.000000e+00	1.617260e-02
1.428391e+00	1.464519e+00	6.044100e-02	0.000000e+00	1.325124e-02
1.464519e+00	1.500648e+00	5.045119e-02	0.000000e+00	1.240425e-02
1.500649e+00	1.536778e+00	4.199953e-02	0.000000e+00	9.240333e-03
1.536778e+00	1.572906e+00	3.508918e-02	0.000000e+00	7.809045e-03
1.572906e+00	1.609035e+00	2.944828e-02	0.000000e+00	6.096847e-03
1.609036e+00	1.645165e+00	2.465431e-02	0.000000e+00	5.145825e-03
1.645165e+00	1.681293e+00	2.065065e-02	0.000000e+00	4.264530e-03
1.681294e+00	1.717424e+00	1.733935e-02	0.000000e+00	3.641755e-03
1.717423e+00	1.753552e+00	1.449417e-02	0.000000e+00	3.100861e-03
1.753553e+00	1.789682e+00	1.223222e-02	0.000000e+00	2.492134e-03
1.789682e+00	1.825811e+00	1.027915e-02	0.000000e+00	1.997523e-03
1.825812e+00	1.861940e+00	8.766916e-03	0.000000e+00	1.549285e-03
1.861940e+00	1.898069e+00	7.361153e-03	0.000000e+00	1.378195e-03
1.898069e+00	1.934198e+00	6.296047e-03	0.000000e+00	9.490105e-04
1.934198e+00	1.970328e+00	5.026521e-03	0.000000e+00	1.185763e-03
1.970329e+00	2.006458e+00	4.381179e-03	0.000000e+00	8.549918e-04
2.006458e+00	2.042587e+00	3.656500e-03	0.000000e+00	7.579784e-04
2.042585e+00	2.078714e+00	3.120369e-03	0.000000e+00	6.042791e-04
2.078715e+00	2.114844e+00	2.580892e-03	0.000000e+00	5.485801e-04
2.114845e+00	2.150974e+00	2.261436e-03	0.000000e+00	4.136746e-04
2.150972e+00	2.187101e+00	1.930842e-03	0.000000e+00	2.901622e-04
2.187102e+00	2.223231e+00	1.609490e-03	0.000000e+00	2.956060e-04
2.223231e+00	2.259361e+00	1.379430e-03	0.000000e+00	2.406598e-04
2.259362e+00	2.295491e+00	1.168413e-03	0.000000e+00	1.594390e-04
2.295489e+00	2.331618e+00	9.627969e-04	0.000000e+00	2.020432e-04
2.331619e+00	2.367748e+00	8.150799e-04	0.000000e+00	1.335296e-04
2.367749e+00	2.403878e+00	6.650007e-04	0.000000e+00	1.385530e-04
2.403876e+00	2.440005e+00	5.715697e-04	0.000000e+00	1.119760e-04
2.440006e+00	2.476135e+00	4.582610e-04	0.000000e+00	1.120759e-04
2.476135e+00	2.512265e+00	4.436723e-04	0.000000e+00	5.029062e-05
2.512266e+00	2.548395e+00	3.540366e-04	0.000000e+00	4.239503e-05
2.548393e+00	2.584522e+00	3.002203e-04	0.000000e+00	5.125772e-05
2.584523e+00	2.620652e+00	2.406666e-04	0.000000e+00	5.577924e-05
2.620653e+00	2.656782e+00	2.294616e-04	0.000000e+00	2.962000e-05
2.656780e+00	2.692909e+00	1.925951e-04	0.000000e+00	1.782441e-05
2.692910e+00	2.729039e+00	1.632742e-04	0.000000e+00	8.650087e-06
2.729040e+00	2.765169e+00	1.195193e-04	0.000000e+00	4.283454e-05
2.765168e+00	2.801298e+00	1.145206e-04	0.000000e+00	1.875118e-05
2.801297e+00	2.837426e+00	9.696322e-05	0.000000e+00	1.732755e-05
2.837427e+00	2.873556e+00	7.961172e-05	0.000000e+00	9.370146e-06
2.873557e+00	2.909686e+00	6.456091e-05	3.300839e-06	8.164162e-06
2.909686e+00	2.945815e+00	6.112976e-05	1.295137e-06	0.000000e+00
2.945813e+00	2.981942e+00	4.975208e-05	0.000000e+00	6.526281e-06
2.981943e+00	3.018072e+00	4.109746e-05	0.000000e+00	8.340640e-06
3.018072e+00	3.054202e+00	3.282231e-05	0.000000e+00	9.602048e-06
3.054203e+00	3.090332e+00	3.169268e-05	1.800354e-06	3.913809e-06
3.090330e+00	3.126459e+00	1.664747e-05	0.000000e+00	1.124372e-05
3.126460e+00	3.162589e+00	2.279887e-05	0.000000e+00	1.540605e-06
3.162590e+00	3.198719e+00	1.108063e-05	0.000000e+00	7.808273e-06
3.198717e+00	3.234846e+00	1.626384e-05	8.903180e-07	1.370691e-06
3.234847e+00	3.270976e+00	1.261070e-05	0.000000e+00	2.909106e-06
3.270977e+00	3.307106e+00	1.069763e-05	0.000000e+00	1.088594e-06
3.307105e+00	3.343235e+00	9.379070e-06	3.716333e-06	1.453252e-06
3.343234e+00	3.379363e+00	8.027084e-06	6.081818e-07	2.785131e-07
3.379364e+00	3.415493e+00	6.040068e-06	0.000000e+00	1.163431e-06
3.415494e+00	3.451623e+00	5.573130e-06	0.000000e+00	1.518326e-06
3.451621e+00	3.487750e+00	4.645797e-06	0.000000e+00	1.809823e-06
3.487751e+00	3.523880e+00	3.703659e-06	0.000000e+00	1.506042e-06
3.523881e+00	3.560010e+00	2.959337e-06	4.202713e-07	7.810623e-07
3.560009e+00	3.596139e+00	2.573639e-06	0.000000e+00	1.157000e-06
3.596138e+00	3.632267e+00	2.686244e-06	4.918835e-07	0.000000e+00
3.632268e+00	3.668397e+00	2.580965e-06	2.250341e-06	0.000000e+00
3.668398e+00	3.704527e+00	1.299656e-06	0.000000e+00	1.209077e-06
3.704525e+00	3.740654e+00	7.043887e-08	0.000000e+00	1.787097e-06
3.740655e+00	3.776784e+00	8.771328e-07	0.000000e+00	8.884265e-07
3.776785e+00	3.812914e+00	1.540140e-06	2.148986e-07	3.317808e-07
# END HISTO1D

