# BEGIN PLOT
Rebin=2
DrawOnly=//homes/tinghua1/Merging-Project/Production/HJETS/ratio-plots/hjets-vbfnlo/H-N2-N3-4-25gev-combine.yoda/MC_H2JETS_04_INC/log10_d_12 //homes/tinghua1/Merging-Project/Production/HJETS/ratio-plots/hjets-vbfnlo/H-N2-N3-4-25gev-vbfnlo-combine.yoda/MC_H2JETS_04_INC/log10_d_12 //homes/tinghua1/Merging-Project/Production/HJETS/ratio-plots/hjets-vbfnlo/H-N2-3-4-25gev-combine.yoda/MC_H2JETS_04_INC/log10_d_12 //homes/tinghua1/Merging-Project/Production/HJETS/ratio-plots/hjets-vbfnlo/H-N2-3-4-25gev-vbfnlo-combine.yoda/MC_H2JETS_04_INC/log10_d_12 //homes/tinghua1/Merging-Project/Production/HJETS/ratio-plots/hjets-vbfnlo/H-2-3-4-25gev-combine.yoda/MC_H2JETS_04_INC/log10_d_12 //homes/tinghua1/Merging-Project/Production/HJETS/ratio-plots/hjets-vbfnlo/H-2-3-4-25gev-vbfnlo-combine.yoda/MC_H2JETS_04_INC/log10_d_12 //homes/tinghua1/Merging-Project/Production/HJETS/ratio-plots/hjets-vbfnlo/H-2-3-25gev-combine.yoda/MC_H2JETS_04_INC/log10_d_12 //homes/tinghua1/Merging-Project/Production/HJETS/ratio-plots/hjets-vbfnlo/H-2-3-25gev-vbfnlo-combine.yoda/MC_H2JETS_04_INC/log10_d_12
RightMargin=0.5
RatioPlotReference=//homes/tinghua1/Merging-Project/Production/HJETS/ratio-plots/hjets-vbfnlo/H-N2-N3-4-25gev-combine.yoda/MC_H2JETS_04_INC/log10_d_12
#RatioPlot=1
LogY=1
RatioPlotYMax=1.6
#LegendOnly=//homes/tinghua1/Merging-Project/Production/HJETS/ratio-plots/hjets-vbfnlo/H-N2-N3-4-25gev-combine.yoda/MC_H2JETS_04_INC/log10_d_12 //homes/tinghua1/Merging-Project/Production/HJETS/ratio-plots/hjets-vbfnlo/H-N2-N3-4-25gev-vbfnlo-combine.yoda/MC_H2JETS_04_INC/log10_d_12 //homes/tinghua1/Merging-Project/Production/HJETS/ratio-plots/hjets-vbfnlo/H-N2-3-4-25gev-combine.yoda/MC_H2JETS_04_INC/log10_d_12 //homes/tinghua1/Merging-Project/Production/HJETS/ratio-plots/hjets-vbfnlo/H-N2-3-4-25gev-vbfnlo-combine.yoda/MC_H2JETS_04_INC/log10_d_12 //homes/tinghua1/Merging-Project/Production/HJETS/ratio-plots/hjets-vbfnlo/H-2-3-4-25gev-combine.yoda/MC_H2JETS_04_INC/log10_d_12 //homes/tinghua1/Merging-Project/Production/HJETS/ratio-plots/hjets-vbfnlo/H-2-3-4-25gev-vbfnlo-combine.yoda/MC_H2JETS_04_INC/log10_d_12 //homes/tinghua1/Merging-Project/Production/HJETS/ratio-plots/hjets-vbfnlo/H-2-3-25gev-combine.yoda/MC_H2JETS_04_INC/log10_d_12 //homes/tinghua1/Merging-Project/Production/HJETS/ratio-plots/hjets-vbfnlo/H-2-3-25gev-vbfnlo-combine.yoda/MC_H2JETS_04_INC/log10_d_12
RatioPlotYLabel=Ratio
Scale=1000.0
XLabel=$\sqrt{d_{12}}$ (GeV)
LegendAlign=r
YLabel=$ \text{d} \sigma / \sqrt{d_{12}}$ (fb/GeV)
Legend=1
RatioPlot=4
MainPlotSelection={"Selection":[1,2,3,4,5,6,7,8]}
RatioPlots={"RatioPlotYLabel":"","Selection":[1,2]};{"RatioPlotYLabel":"","Selection":[3,4]};{"RatioPlotYLabel":"","Selection":[5,6]};{"RatioPlotYLabel":"","Selection":[7,8]}
RatioPlotSameStyle=1
RatioPlotYMin=0.0
# END PLOT


# BEGIN SPECIAL /MC_H2JETS_04_INC/log10_d_12
\rput[tl](0.05,0.75){\parbox{5cm}{\textcolor{gray}{{\bf Herwig 7.2.0} \\ HJETS/ColorFull}}}
# END SPECIAL

# BEGIN HISTO1D //homes/tinghua1/Merging-Project/Production/HJETS/ratio-plots/hjets-vbfnlo/H-N2-N3-4-25gev-combine.yoda/MC_H2JETS_04_INC/log10_d_12
ErrorBandColor=orange
ErrorBandOpacity=0.3
ErrorBands=1
ErrorType=env
LineColor=orange
LineStyle=solid
Path=//homes/tinghua1/Merging-Project/Production/HJETS/ratio-plots/hjets-vbfnlo/H-N2-N3-4-25gev-combine.yoda/MC_H2JETS_04_INC/log10_d_12
RatioPlotSameStyle=1
Title=h(2*,3*,4)
# xlow	 xhigh	 val	 errminus	 errplus
2.000000e-01	2.361292e-01	1.454256e+00	1.317838e-01	2.404378e-02
2.361291e-01	2.722583e-01	1.529332e+00	7.533685e-02	1.816813e-02
2.722583e-01	3.083875e-01	1.596515e+00	5.798927e-03	3.761788e-02
3.083874e-01	3.445165e-01	1.748390e+00	1.065966e-01	0.000000e+00
3.445165e-01	3.806457e-01	1.807541e+00	1.064045e-01	0.000000e+00
3.806457e-01	4.167748e-01	1.850544e+00	1.854090e-01	0.000000e+00
4.167748e-01	4.529039e-01	1.840624e+00	4.274228e-02	0.000000e+00
4.529039e-01	4.890331e-01	1.873758e+00	7.552921e-02	0.000000e+00
4.890331e-01	5.251621e-01	1.889250e+00	8.410506e-02	0.000000e+00
5.251623e-01	5.612913e-01	1.922145e+00	7.246790e-02	1.135124e-02
5.612913e-01	5.974205e-01	1.935881e+00	3.325454e-02	0.000000e+00
5.974204e-01	6.335495e-01	1.950692e+00	5.516440e-02	0.000000e+00
6.335497e-01	6.696787e-01	1.910027e+00	9.751973e-03	2.039602e-02
6.696787e-01	7.058079e-01	1.949056e+00	7.167388e-02	0.000000e+00
7.058080e-01	7.419370e-01	1.916257e+00	8.749540e-02	5.888799e-02
7.419370e-01	7.780660e-01	1.802486e+00	0.000000e+00	1.435430e-01
7.780661e-01	8.141953e-01	1.812567e+00	8.829562e-02	9.533895e-02
8.141954e-01	8.503245e-01	1.767332e+00	2.167447e-01	8.977971e-02
8.503244e-01	8.864534e-01	1.709356e+00	9.543166e-02	1.161828e-01
8.864535e-01	9.225827e-01	1.630803e+00	1.287432e-01	1.570641e-01
9.225828e-01	9.587118e-01	1.529938e+00	1.169429e-01	1.592052e-01
9.587118e-01	9.948408e-01	1.452255e+00	1.539122e-01	1.194478e-01
9.948404e-01	1.030970e+00	1.351935e+00	1.475741e-01	1.643789e-01
1.030970e+00	1.067098e+00	1.235512e+00	1.451701e-01	1.863210e-01
1.067100e+00	1.103228e+00	1.143152e+00	1.509336e-01	1.734272e-01
1.103229e+00	1.139358e+00	1.058195e+00	1.682142e-01	1.692715e-01
1.139357e+00	1.175487e+00	9.268447e-01	1.027420e-01	1.702314e-01
1.175487e+00	1.211615e+00	8.586828e-01	1.090149e-01	1.740588e-01
1.211617e+00	1.247745e+00	7.883119e-01	1.407996e-01	1.647646e-01
1.247746e+00	1.283875e+00	7.102403e-01	1.093797e-01	1.446160e-01
1.283874e+00	1.320002e+00	6.218844e-01	9.847989e-02	1.428315e-01
1.320002e+00	1.356131e+00	5.618766e-01	8.235656e-02	1.440386e-01
1.356132e+00	1.392261e+00	4.992388e-01	8.256470e-02	1.164452e-01
1.392261e+00	1.428391e+00	4.441544e-01	7.721616e-02	1.045389e-01
1.428391e+00	1.464519e+00	3.819176e-01	6.100003e-02	1.063796e-01
1.464519e+00	1.500648e+00	3.491195e-01	7.937878e-02	9.021285e-02
1.500649e+00	1.536778e+00	2.943228e-01	5.759528e-02	8.709181e-02
1.536778e+00	1.572906e+00	2.598283e-01	4.790714e-02	7.820787e-02
1.572906e+00	1.609035e+00	2.206388e-01	3.726118e-02	7.451767e-02
1.609036e+00	1.645165e+00	1.978274e-01	3.510648e-02	6.264699e-02
1.645165e+00	1.681293e+00	1.707253e-01	3.523173e-02	6.017238e-02
1.681294e+00	1.717424e+00	1.428088e-01	2.740670e-02	5.696468e-02
1.717423e+00	1.753552e+00	1.321675e-01	3.563877e-02	4.213300e-02
1.753553e+00	1.789682e+00	1.116401e-01	1.982950e-02	4.091536e-02
1.789682e+00	1.825811e+00	1.000352e-01	2.645163e-02	2.988810e-02
1.825812e+00	1.861940e+00	8.531545e-02	2.199690e-02	3.643688e-02
1.861940e+00	1.898069e+00	7.273426e-02	1.448045e-02	2.517094e-02
1.898069e+00	1.934198e+00	6.332592e-02	1.354665e-02	2.240394e-02
1.934198e+00	1.970328e+00	5.265292e-02	1.311921e-02	2.182524e-02
1.970329e+00	2.006458e+00	4.288264e-02	7.187273e-03	1.959935e-02
2.006458e+00	2.042587e+00	3.865175e-02	8.450663e-03	1.472615e-02
2.042585e+00	2.078714e+00	3.514996e-02	8.637969e-03	1.092225e-02
2.078715e+00	2.114844e+00	3.389227e-02	1.441114e-02	4.805309e-03
2.114845e+00	2.150974e+00	2.487462e-02	5.076149e-03	8.784431e-03
2.150972e+00	2.187101e+00	2.052603e-02	4.373730e-03	7.001852e-03
2.187102e+00	2.223231e+00	1.812512e-02	2.379739e-03	7.314235e-03
2.223231e+00	2.259361e+00	1.544515e-02	3.063432e-03	4.908921e-03
2.259362e+00	2.295491e+00	1.271235e-02	2.386886e-03	6.591112e-03
2.295489e+00	2.331618e+00	1.101680e-02	1.760348e-03	6.110208e-03
2.331619e+00	2.367748e+00	1.198939e-02	5.585557e-03	3.936173e-05
2.367749e+00	2.403878e+00	7.922209e-03	1.556190e-03	2.682809e-03
2.403876e+00	2.440005e+00	7.253887e-03	1.864439e-03	2.054245e-03
2.440006e+00	2.476135e+00	5.473249e-03	1.051214e-03	2.453251e-03
2.476135e+00	2.512265e+00	4.559053e-03	2.461611e-04	2.185776e-03
2.512266e+00	2.548395e+00	4.178261e-03	1.191868e-03	1.544972e-03
2.548393e+00	2.584522e+00	3.735373e-03	1.367859e-03	2.012076e-03
2.584523e+00	2.620652e+00	3.188588e-03	5.066548e-04	5.565225e-04
2.620653e+00	2.656782e+00	2.858394e-03	9.671140e-04	5.424451e-04
2.656780e+00	2.692909e+00	2.094999e-03	8.863340e-04	9.499651e-04
2.692910e+00	2.729039e+00	1.652145e-03	0.000000e+00	1.189198e-03
2.729040e+00	2.765169e+00	1.397680e-03	2.301796e-04	8.305569e-04
2.765168e+00	2.801298e+00	1.140591e-03	0.000000e+00	5.418898e-04
2.801297e+00	2.837426e+00	9.822337e-04	1.763129e-04	7.899449e-04
2.837427e+00	2.873556e+00	1.007558e-03	2.009397e-04	1.560929e-04
2.873557e+00	2.909686e+00	9.098317e-04	3.506247e-04	1.412270e-04
2.909686e+00	2.945815e+00	6.278499e-04	0.000000e+00	3.253492e-04
2.945813e+00	2.981942e+00	5.255180e-04	8.022641e-06	2.511517e-04
2.981943e+00	3.018072e+00	4.746038e-04	3.538833e-04	3.118691e-04
3.018072e+00	3.054202e+00	3.738544e-04	7.584805e-05	2.192029e-04
3.054203e+00	3.090332e+00	3.160273e-04	1.760746e-05	1.117806e-04
3.090330e+00	3.126459e+00	2.379037e-04	1.936849e-05	1.546803e-04
3.126460e+00	3.162589e+00	2.678919e-04	9.385344e-05	8.169684e-05
3.162590e+00	3.198719e+00	2.527851e-04	1.092543e-04	4.253943e-05
3.198717e+00	3.234846e+00	1.831070e-04	6.876238e-05	2.481383e-04
3.234847e+00	3.270976e+00	5.835614e-04	4.226123e-04	0.000000e+00
3.270977e+00	3.307106e+00	1.500350e-04	5.450411e-05	5.275416e-05
3.307105e+00	3.343235e+00	1.118887e-04	9.600637e-06	4.276236e-05
3.343234e+00	3.379363e+00	8.356968e-05	3.927427e-06	3.493606e-05
3.379364e+00	3.415493e+00	7.597592e-05	8.175759e-06	2.336807e-05
3.415494e+00	3.451623e+00	6.293086e-05	1.526729e-05	5.438058e-05
3.451621e+00	3.487750e+00	5.805981e-05	2.466719e-05	2.545263e-05
3.487751e+00	3.523880e+00	4.346829e-05	9.173600e-06	2.216615e-05
3.523881e+00	3.560010e+00	3.192172e-05	0.000000e+00	1.790564e-05
3.560009e+00	3.596139e+00	3.160246e-05	0.000000e+00	2.877861e-04
3.596138e+00	3.632267e+00	2.723638e-05	0.000000e+00	1.425959e-05
3.632268e+00	3.668397e+00	-5.881176e-07	0.000000e+00	4.858341e-05
3.668398e+00	3.704527e+00	2.310252e-05	9.675682e-06	1.248368e-05
3.704525e+00	3.740654e+00	1.916480e-05	2.375086e-06	5.218343e-06
3.740655e+00	3.776784e+00	1.194819e-05	8.458241e-06	2.878532e-06
3.776785e+00	3.812914e+00	6.519441e-06	0.000000e+00	1.188989e-05
# END HISTO1D


# BEGIN HISTO1D //homes/tinghua1/Merging-Project/Production/HJETS/ratio-plots/hjets-vbfnlo/H-N2-N3-4-25gev-vbfnlo-combine.yoda/MC_H2JETS_04_INC/log10_d_12
ErrorBandColor=red
ErrorBandOpacity=0.3
ErrorBands=1
ErrorType=env
LineColor=red
LineStyle=solid
Path=//homes/tinghua1/Merging-Project/Production/HJETS/ratio-plots/hjets-vbfnlo/H-N2-N3-4-25gev-vbfnlo-combine.yoda/MC_H2JETS_04_INC/log10_d_12
RatioPlotSameStyle=1
Title=h(2*,3*,4)-vbfnlo
# xlow	 xhigh	 val	 errminus	 errplus
2.000000e-01	2.361292e-01	9.504447e-01	7.584496e-02	3.379547e-03
2.361291e-01	2.722583e-01	1.018827e+00	7.007767e-02	5.769295e-03
2.722583e-01	3.083875e-01	1.049032e+00	5.484665e-02	2.446228e-02
3.083874e-01	3.445165e-01	1.088018e+00	3.463026e-02	2.545400e-02
3.445165e-01	3.806457e-01	1.127973e+00	0.000000e+00	5.288908e-02
3.806457e-01	4.167748e-01	1.147809e+00	3.643407e-02	2.572109e-02
4.167748e-01	4.529039e-01	1.157458e+00	1.783244e-02	3.744655e-02
4.529039e-01	4.890331e-01	1.164089e+00	1.297953e-02	3.190992e-02
4.890331e-01	5.251621e-01	1.185256e+00	1.625449e-02	1.958117e-02
5.251623e-01	5.612913e-01	1.191761e+00	5.051053e-03	3.536429e-02
5.612913e-01	5.974205e-01	1.215247e+00	1.327043e-02	2.515500e-02
5.974204e-01	6.335495e-01	1.241742e+00	2.830295e-02	8.920787e-04
6.335497e-01	6.696787e-01	1.254269e+00	4.144831e-02	5.431356e-03
6.696787e-01	7.058079e-01	1.274670e+00	7.336088e-02	0.000000e+00
7.058080e-01	7.419370e-01	1.279659e+00	9.589361e-02	0.000000e+00
7.419370e-01	7.780660e-01	1.275432e+00	1.253884e-01	0.000000e+00
7.780661e-01	8.141953e-01	1.261598e+00	1.518434e-01	0.000000e+00
8.141954e-01	8.503245e-01	1.230998e+00	1.694507e-01	0.000000e+00
8.503244e-01	8.864534e-01	1.202995e+00	2.000113e-01	0.000000e+00
8.864535e-01	9.225827e-01	1.151517e+00	2.062257e-01	0.000000e+00
9.225828e-01	9.587118e-01	1.097965e+00	2.213518e-01	0.000000e+00
9.587118e-01	9.948408e-01	1.041264e+00	2.326731e-01	0.000000e+00
9.948404e-01	1.030970e+00	9.786203e-01	2.312510e-01	0.000000e+00
1.030970e+00	1.067098e+00	9.072673e-01	2.252650e-01	0.000000e+00
1.067100e+00	1.103228e+00	8.370093e-01	2.168873e-01	0.000000e+00
1.103229e+00	1.139358e+00	7.666293e-01	2.098619e-01	0.000000e+00
1.139357e+00	1.175487e+00	6.963878e-01	2.005436e-01	0.000000e+00
1.175487e+00	1.211615e+00	6.345426e-01	1.928766e-01	0.000000e+00
1.211617e+00	1.247745e+00	5.698527e-01	1.831296e-01	0.000000e+00
1.247746e+00	1.283875e+00	5.132760e-01	1.610255e-01	0.000000e+00
1.283874e+00	1.320002e+00	4.578663e-01	1.528772e-01	0.000000e+00
1.320002e+00	1.356131e+00	4.283025e-01	1.596801e-01	0.000000e+00
1.356132e+00	1.392261e+00	3.550400e-01	1.227143e-01	0.000000e+00
1.392261e+00	1.428391e+00	3.182369e-01	1.124699e-01	0.000000e+00
1.428391e+00	1.464519e+00	2.777708e-01	1.029208e-01	0.000000e+00
1.464519e+00	1.500648e+00	2.474124e-01	9.365986e-02	0.000000e+00
1.500649e+00	1.536778e+00	2.142440e-01	8.088228e-02	0.000000e+00
1.536778e+00	1.572906e+00	1.879147e-01	7.194223e-02	0.000000e+00
1.572906e+00	1.609035e+00	1.617722e-01	6.155664e-02	0.000000e+00
1.609036e+00	1.645165e+00	1.406235e-01	5.512965e-02	0.000000e+00
1.645165e+00	1.681293e+00	1.213251e-01	4.847422e-02	0.000000e+00
1.681294e+00	1.717424e+00	1.056429e-01	4.219870e-02	0.000000e+00
1.717423e+00	1.753552e+00	9.034645e-02	3.623156e-02	0.000000e+00
1.753553e+00	1.789682e+00	8.548573e-02	3.831266e-02	0.000000e+00
1.789682e+00	1.825811e+00	6.734446e-02	2.616712e-02	0.000000e+00
1.825812e+00	1.861940e+00	5.750217e-02	2.504542e-02	0.000000e+00
1.861940e+00	1.898069e+00	4.939293e-02	2.038947e-02	0.000000e+00
1.898069e+00	1.934198e+00	4.322732e-02	1.866632e-02	0.000000e+00
1.934198e+00	1.970328e+00	3.577476e-02	1.473088e-02	0.000000e+00
1.970329e+00	2.006458e+00	3.054375e-02	1.303020e-02	0.000000e+00
2.006458e+00	2.042587e+00	2.571401e-02	1.061262e-02	0.000000e+00
2.042585e+00	2.078714e+00	2.246716e-02	9.380423e-03	0.000000e+00
2.078715e+00	2.114844e+00	1.991564e-02	9.164807e-03	0.000000e+00
2.114845e+00	2.150974e+00	1.652161e-02	7.273362e-03	0.000000e+00
2.150972e+00	2.187101e+00	1.360663e-02	5.844748e-03	0.000000e+00
2.187102e+00	2.223231e+00	1.160807e-02	4.931523e-03	0.000000e+00
2.223231e+00	2.259361e+00	9.865904e-03	4.256349e-03	0.000000e+00
2.259362e+00	2.295491e+00	8.177359e-03	3.225046e-03	0.000000e+00
2.295489e+00	2.331618e+00	7.104608e-03	3.102054e-03	0.000000e+00
2.331619e+00	2.367748e+00	5.969797e-03	2.515146e-03	0.000000e+00
2.367749e+00	2.403878e+00	5.107332e-03	2.212065e-03	0.000000e+00
2.403876e+00	2.440005e+00	4.215957e-03	1.842019e-03	0.000000e+00
2.440006e+00	2.476135e+00	3.748811e-03	1.432956e-03	0.000000e+00
2.476135e+00	2.512265e+00	3.043604e-03	1.286239e-03	0.000000e+00
2.512266e+00	2.548395e+00	2.498671e-03	1.078248e-03	0.000000e+00
2.548393e+00	2.584522e+00	2.260581e-03	9.485723e-04	0.000000e+00
2.584523e+00	2.620652e+00	1.861568e-03	5.045991e-04	0.000000e+00
2.620653e+00	2.656782e+00	1.701908e-03	8.288920e-04	0.000000e+00
2.656780e+00	2.692909e+00	1.383774e-03	5.915494e-04	0.000000e+00
2.692910e+00	2.729039e+00	1.146707e-03	5.335188e-04	0.000000e+00
2.729040e+00	2.765169e+00	9.748083e-04	4.218755e-04	0.000000e+00
2.765168e+00	2.801298e+00	9.433994e-04	4.908796e-04	0.000000e+00
2.801297e+00	2.837426e+00	7.274541e-04	3.205298e-04	0.000000e+00
2.837427e+00	2.873556e+00	6.020269e-04	3.121606e-04	0.000000e+00
2.873557e+00	2.909686e+00	4.834133e-04	1.983163e-04	0.000000e+00
2.909686e+00	2.945815e+00	4.102876e-04	1.440172e-04	0.000000e+00
2.945813e+00	2.981942e+00	3.605179e-04	2.025905e-04	0.000000e+00
2.981943e+00	3.018072e+00	3.032564e-04	1.543862e-04	0.000000e+00
3.018072e+00	3.054202e+00	2.664132e-04	1.016418e-04	0.000000e+00
3.054203e+00	3.090332e+00	1.978446e-04	5.818868e-05	0.000000e+00
3.090330e+00	3.126459e+00	1.971949e-04	9.388538e-05	0.000000e+00
3.126460e+00	3.162589e+00	1.435141e-04	6.472413e-05	0.000000e+00
3.162590e+00	3.198719e+00	1.448251e-04	6.969271e-05	0.000000e+00
3.198717e+00	3.234846e+00	1.043446e-04	4.098018e-05	0.000000e+00
3.234847e+00	3.270976e+00	9.379695e-05	4.806336e-05	0.000000e+00
3.270977e+00	3.307106e+00	7.773437e-05	3.014415e-05	0.000000e+00
3.307105e+00	3.343235e+00	6.953330e-05	3.164337e-05	0.000000e+00
3.343234e+00	3.379363e+00	6.182241e-05	4.726216e-05	0.000000e+00
3.379364e+00	3.415493e+00	4.978602e-05	2.687875e-05	0.000000e+00
3.415494e+00	3.451623e+00	4.363417e-05	1.594785e-05	0.000000e+00
3.451621e+00	3.487750e+00	2.955042e-05	1.031114e-05	0.000000e+00
3.487751e+00	3.523880e+00	1.989267e-05	2.398209e-06	4.693720e-06
3.523881e+00	3.560010e+00	2.468724e-05	1.130808e-05	0.000000e+00
3.560009e+00	3.596139e+00	1.522173e-05	2.903072e-06	0.000000e+00
3.596138e+00	3.632267e+00	1.928610e-05	6.541540e-06	0.000000e+00
3.632268e+00	3.668397e+00	8.071948e-06	0.000000e+00	3.061299e-05
3.668398e+00	3.704527e+00	1.185099e-05	6.364881e-06	0.000000e+00
3.704525e+00	3.740654e+00	9.141975e-06	3.065944e-06	0.000000e+00
3.740655e+00	3.776784e+00	9.670971e-06	4.574364e-06	0.000000e+00
3.776785e+00	3.812914e+00	8.764713e-06	7.988217e-06	0.000000e+00
# END HISTO1D


# BEGIN HISTO1D //homes/tinghua1/Merging-Project/Production/HJETS/ratio-plots/hjets-vbfnlo/H-N2-3-4-25gev-combine.yoda/MC_H2JETS_04_INC/log10_d_12
ErrorBandColor=blue
ErrorBandOpacity=0.3
ErrorBands=1
ErrorType=env
LineColor=blue
LineStyle=solid
Path=//homes/tinghua1/Merging-Project/Production/HJETS/ratio-plots/hjets-vbfnlo/H-N2-3-4-25gev-combine.yoda/MC_H2JETS_04_INC/log10_d_12
RatioPlotSameStyle=1
Title=h(2*,3,4)
# xlow	 xhigh	 val	 errminus	 errplus
2.000000e-01	2.361292e-01	1.430745e+00	1.096908e-01	1.309941e-02
2.361291e-01	2.722583e-01	1.558131e+00	1.048149e-01	0.000000e+00
2.722583e-01	3.083875e-01	1.640764e+00	6.799118e-02	0.000000e+00
3.083874e-01	3.445165e-01	1.724920e+00	7.114348e-02	0.000000e+00
3.445165e-01	3.806457e-01	1.783825e+00	6.630233e-02	0.000000e+00
3.806457e-01	4.167748e-01	1.826124e+00	6.467058e-02	0.000000e+00
4.167748e-01	4.529039e-01	1.854608e+00	7.120936e-02	0.000000e+00
4.529039e-01	4.890331e-01	1.861089e+00	6.550546e-02	0.000000e+00
4.890331e-01	5.251621e-01	1.880474e+00	6.376356e-02	0.000000e+00
5.251623e-01	5.612913e-01	1.914916e+00	6.983955e-02	0.000000e+00
5.612913e-01	5.974205e-01	1.917090e+00	5.197569e-02	0.000000e+00
5.974204e-01	6.335495e-01	1.929889e+00	3.465074e-02	0.000000e+00
6.335497e-01	6.696787e-01	1.929142e+00	3.366068e-02	0.000000e+00
6.696787e-01	7.058079e-01	1.917659e+00	8.169569e-03	1.879532e-02
7.058080e-01	7.419370e-01	1.901115e+00	5.934634e-02	3.955205e-02
7.419370e-01	7.780660e-01	1.864172e+00	7.535366e-02	7.883341e-02
7.780661e-01	8.141953e-01	1.818434e+00	8.662744e-02	8.835346e-02
8.141954e-01	8.503245e-01	1.759078e+00	1.126427e-01	1.176135e-01
8.503244e-01	8.864534e-01	1.687269e+00	1.133599e-01	1.379926e-01
8.864535e-01	9.225827e-01	1.612389e+00	1.196024e-01	1.567070e-01
9.225828e-01	9.587118e-01	1.520787e+00	1.177743e-01	1.842363e-01
9.587118e-01	9.948408e-01	1.432986e+00	1.353441e-01	1.820917e-01
9.948404e-01	1.030970e+00	1.347390e+00	1.475589e-01	1.772491e-01
1.030970e+00	1.067098e+00	1.236938e+00	1.363747e-01	1.894843e-01
1.067100e+00	1.103228e+00	1.129172e+00	1.280893e-01	1.942265e-01
1.103229e+00	1.139358e+00	1.045494e+00	1.378580e-01	1.977351e-01
1.139357e+00	1.175487e+00	9.565190e-01	1.410609e-01	1.719502e-01
1.175487e+00	1.211615e+00	8.599361e-01	1.185162e-01	1.788383e-01
1.211617e+00	1.247745e+00	7.794351e-01	1.175695e-01	1.594091e-01
1.247746e+00	1.283875e+00	7.020244e-01	1.221689e-01	1.557322e-01
1.283874e+00	1.320002e+00	6.288591e-01	1.022317e-01	1.455673e-01
1.320002e+00	1.356131e+00	5.558194e-01	9.454898e-02	1.351681e-01
1.356132e+00	1.392261e+00	5.014293e-01	9.195383e-02	1.184763e-01
1.392261e+00	1.428391e+00	4.380208e-01	7.597398e-02	1.168597e-01
1.428391e+00	1.464519e+00	3.862496e-01	6.907028e-02	1.050060e-01
1.464519e+00	1.500648e+00	3.400194e-01	5.232279e-02	9.934955e-02
1.500649e+00	1.536778e+00	2.993523e-01	5.646879e-02	9.115281e-02
1.536778e+00	1.572906e+00	2.634827e-01	5.323131e-02	7.669000e-02
1.572906e+00	1.609035e+00	2.296428e-01	4.808489e-02	6.864441e-02
1.609036e+00	1.645165e+00	1.966330e-01	3.656960e-02	6.618323e-02
1.645165e+00	1.681293e+00	1.763475e-01	3.843226e-02	5.389078e-02
1.681294e+00	1.717424e+00	1.510218e-01	2.982762e-02	5.102217e-02
1.717423e+00	1.753552e+00	1.328359e-01	3.008835e-02	4.326347e-02
1.753553e+00	1.789682e+00	1.145064e-01	2.360215e-02	3.775931e-02
1.789682e+00	1.825811e+00	9.862999e-02	2.101149e-02	3.413612e-02
1.825812e+00	1.861940e+00	8.638617e-02	1.883116e-02	2.823399e-02
1.861940e+00	1.898069e+00	7.262033e-02	1.525727e-02	2.670890e-02
1.898069e+00	1.934198e+00	6.283357e-02	1.358775e-02	2.263675e-02
1.934198e+00	1.970328e+00	5.432793e-02	1.122948e-02	1.929571e-02
1.970329e+00	2.006458e+00	4.685560e-02	1.083235e-02	1.641842e-02
2.006458e+00	2.042587e+00	3.952542e-02	8.139915e-03	1.520657e-02
2.042585e+00	2.078714e+00	3.436065e-02	7.747746e-03	1.168159e-02
2.078715e+00	2.114844e+00	2.993692e-02	6.224515e-03	9.653575e-03
2.114845e+00	2.150974e+00	2.480981e-02	5.839005e-03	9.287647e-03
2.150972e+00	2.187101e+00	2.126223e-02	4.569396e-03	7.983415e-03
2.187102e+00	2.223231e+00	1.779083e-02	3.302455e-03	7.258266e-03
2.223231e+00	2.259361e+00	1.528059e-02	3.047091e-03	6.024702e-03
2.259362e+00	2.295491e+00	1.340700e-02	3.243212e-03	4.575850e-03
2.295489e+00	2.331618e+00	1.116762e-02	2.372720e-03	4.321595e-03
2.331619e+00	2.367748e+00	9.402367e-03	2.163461e-03	3.530327e-03
2.367749e+00	2.403878e+00	8.112973e-03	1.864596e-03	2.810656e-03
2.403876e+00	2.440005e+00	6.681602e-03	1.145742e-03	2.659808e-03
2.440006e+00	2.476135e+00	5.795890e-03	1.305049e-03	2.134128e-03
2.476135e+00	2.512265e+00	4.824113e-03	9.601937e-04	1.630662e-03
2.512266e+00	2.548395e+00	4.320427e-03	1.207731e-03	1.207506e-03
2.548393e+00	2.584522e+00	3.600376e-03	1.058350e-03	1.128216e-03
2.584523e+00	2.620652e+00	2.927128e-03	3.897512e-04	1.280082e-03
2.620653e+00	2.656782e+00	2.468939e-03	5.600219e-04	1.181204e-03
2.656780e+00	2.692909e+00	2.243576e-03	7.163251e-04	7.257173e-04
2.692910e+00	2.729039e+00	1.691226e-03	3.837383e-04	7.802765e-04
2.729040e+00	2.765169e+00	1.617216e-03	3.996828e-04	4.687666e-04
2.765168e+00	2.801298e+00	1.272451e-03	1.514838e-04	5.882530e-04
2.801297e+00	2.837426e+00	1.134538e-03	2.528276e-04	4.422865e-04
2.837427e+00	2.873556e+00	9.304916e-04	2.210986e-04	3.431551e-04
2.873557e+00	2.909686e+00	7.407163e-04	1.947646e-04	3.647862e-04
2.909686e+00	2.945815e+00	6.925769e-04	1.748169e-04	3.021387e-04
2.945813e+00	2.981942e+00	5.053409e-04	0.000000e+00	2.212306e-04
2.981943e+00	3.018072e+00	4.679006e-04	9.403139e-05	2.123325e-04
3.018072e+00	3.054202e+00	3.844736e-04	8.862192e-05	1.470426e-04
3.054203e+00	3.090332e+00	3.246746e-04	4.682997e-05	1.497276e-04
3.090330e+00	3.126459e+00	2.728267e-04	1.210801e-04	1.602642e-04
3.126460e+00	3.162589e+00	2.504122e-04	7.994888e-05	6.489299e-05
3.162590e+00	3.198719e+00	2.299143e-04	9.133707e-05	7.552426e-05
3.198717e+00	3.234846e+00	1.790936e-04	1.918893e-05	5.534535e-05
3.234847e+00	3.270976e+00	1.624790e-04	5.068989e-05	6.081561e-05
3.270977e+00	3.307106e+00	1.314032e-04	3.513812e-05	4.308713e-05
3.307105e+00	3.343235e+00	8.531232e-05	0.000000e+00	7.869211e-05
3.343234e+00	3.379363e+00	6.932680e-05	0.000000e+00	5.772302e-05
3.379364e+00	3.415493e+00	7.517020e-05	3.514407e-06	4.473229e-05
3.415494e+00	3.451623e+00	5.867743e-05	3.017410e-06	3.050558e-05
3.451621e+00	3.487750e+00	6.575039e-05	3.004298e-05	3.277744e-05
3.487751e+00	3.523880e+00	2.289393e-05	0.000000e+00	5.258399e-05
3.523881e+00	3.560010e+00	3.313848e-05	1.753937e-06	1.122395e-06
3.560009e+00	3.596139e+00	3.991353e-05	1.463411e-05	3.535898e-06
3.596138e+00	3.632267e+00	2.915107e-05	9.970115e-06	9.680118e-06
3.632268e+00	3.668397e+00	2.849556e-05	4.956218e-06	1.534418e-06
3.668398e+00	3.704527e+00	2.108154e-05	6.376252e-06	7.231534e-06
3.704525e+00	3.740654e+00	2.204267e-05	1.281512e-05	3.887074e-06
3.740655e+00	3.776784e+00	1.378702e-05	1.488228e-06	1.869365e-06
3.776785e+00	3.812914e+00	2.259190e-05	1.455083e-05	0.000000e+00
# END HISTO1D


# BEGIN HISTO1D //homes/tinghua1/Merging-Project/Production/HJETS/ratio-plots/hjets-vbfnlo/H-N2-3-4-25gev-vbfnlo-combine.yoda/MC_H2JETS_04_INC/log10_d_12
ErrorBandColor=cyan
ErrorBandOpacity=0.3
ErrorBands=1
ErrorType=env
LineColor=cyan
LineStyle=solid
Path=//homes/tinghua1/Merging-Project/Production/HJETS/ratio-plots/hjets-vbfnlo/H-N2-3-4-25gev-vbfnlo-combine.yoda/MC_H2JETS_04_INC/log10_d_12
RatioPlotSameStyle=1
Title=h(2*,3,4)-vbfnlo
# xlow	 xhigh	 val	 errminus	 errplus
2.000000e-01	2.361292e-01	9.529056e-01	7.505473e-02	0.000000e+00
2.361291e-01	2.722583e-01	1.017194e+00	6.875823e-02	0.000000e+00
2.722583e-01	3.083875e-01	1.073285e+00	6.607914e-02	0.000000e+00
3.083874e-01	3.445165e-01	1.120201e+00	5.907343e-02	0.000000e+00
3.445165e-01	3.806457e-01	1.155150e+00	5.447256e-02	0.000000e+00
3.806457e-01	4.167748e-01	1.178240e+00	5.557764e-02	0.000000e+00
4.167748e-01	4.529039e-01	1.188936e+00	5.071895e-02	0.000000e+00
4.529039e-01	4.890331e-01	1.194846e+00	5.286832e-02	0.000000e+00
4.890331e-01	5.251621e-01	1.204824e+00	4.018035e-02	0.000000e+00
5.251623e-01	5.612913e-01	1.229475e+00	3.658187e-02	0.000000e+00
5.612913e-01	5.974205e-01	1.235321e+00	3.432902e-02	0.000000e+00
5.974204e-01	6.335495e-01	1.245061e+00	3.309825e-02	0.000000e+00
6.335497e-01	6.696787e-01	1.254668e+00	4.231049e-02	1.463363e-03
6.696787e-01	7.058079e-01	1.246188e+00	4.421908e-02	2.329695e-02
7.058080e-01	7.419370e-01	1.235658e+00	5.624137e-02	3.677673e-02
7.419370e-01	7.780660e-01	1.215287e+00	6.546302e-02	6.177347e-02
7.780661e-01	8.141953e-01	1.183027e+00	7.593442e-02	7.685971e-02
8.141954e-01	8.503245e-01	1.141816e+00	7.482307e-02	9.224309e-02
8.503244e-01	8.864534e-01	1.094151e+00	9.351271e-02	1.029577e-01
8.864535e-01	9.225827e-01	1.039727e+00	9.340201e-02	1.159270e-01
9.225828e-01	9.587118e-01	9.773742e-01	1.003593e-01	1.260037e-01
9.587118e-01	9.948408e-01	9.141614e-01	1.072836e-01	1.259995e-01
9.948404e-01	1.030970e+00	8.448821e-01	1.001904e-01	1.320999e-01
1.030970e+00	1.067098e+00	7.762819e-01	9.054084e-02	1.313092e-01
1.067100e+00	1.103228e+00	7.084143e-01	9.327078e-02	1.312107e-01
1.103229e+00	1.139358e+00	6.406139e-01	8.581361e-02	1.283650e-01
1.139357e+00	1.175487e+00	5.812967e-01	8.558096e-02	1.197719e-01
1.175487e+00	1.211615e+00	5.190398e-01	7.821224e-02	1.173066e-01
1.211617e+00	1.247745e+00	4.652077e-01	7.328766e-02	1.069064e-01
1.247746e+00	1.283875e+00	4.125174e-01	6.511556e-02	9.980874e-02
1.283874e+00	1.320002e+00	3.670733e-01	6.123723e-02	9.030668e-02
1.320002e+00	1.356131e+00	3.227056e-01	5.565640e-02	8.551579e-02
1.356132e+00	1.392261e+00	2.838758e-01	5.038498e-02	7.649700e-02
1.392261e+00	1.428391e+00	2.483048e-01	4.480177e-02	6.995397e-02
1.428391e+00	1.464519e+00	2.163235e-01	3.995945e-02	6.357965e-02
1.464519e+00	1.500648e+00	1.884807e-01	3.545839e-02	5.743884e-02
1.500649e+00	1.536778e+00	1.640372e-01	3.117778e-02	4.970641e-02
1.536778e+00	1.572906e+00	1.422093e-01	2.808608e-02	4.534540e-02
1.572906e+00	1.609035e+00	1.235021e-01	2.448280e-02	3.911307e-02
1.609036e+00	1.645165e+00	1.064166e-01	2.161629e-02	3.470046e-02
1.645165e+00	1.681293e+00	9.200792e-02	1.877367e-02	2.976138e-02
1.681294e+00	1.717424e+00	7.925547e-02	1.694445e-02	2.606388e-02
1.717423e+00	1.753552e+00	6.753732e-02	1.408489e-02	2.328858e-02
1.753553e+00	1.789682e+00	5.832583e-02	1.189812e-02	2.031875e-02
1.789682e+00	1.825811e+00	5.042168e-02	1.093972e-02	1.701904e-02
1.825812e+00	1.861940e+00	4.210537e-02	8.528744e-03	1.588389e-02
1.861940e+00	1.898069e+00	3.647485e-02	7.848266e-03	1.288015e-02
1.898069e+00	1.934198e+00	3.097664e-02	6.946586e-03	1.140004e-02
1.934198e+00	1.970328e+00	2.638999e-02	5.571818e-03	9.612414e-03
1.970329e+00	2.006458e+00	2.249710e-02	4.760242e-03	8.603180e-03
2.006458e+00	2.042587e+00	1.927589e-02	3.836752e-03	7.065618e-03
2.042585e+00	2.078714e+00	1.633896e-02	3.435647e-03	6.035058e-03
2.078715e+00	2.114844e+00	1.414605e-02	3.102045e-03	4.805979e-03
2.114845e+00	2.150974e+00	1.177067e-02	2.467860e-03	4.194711e-03
2.150972e+00	2.187101e+00	1.011219e-02	2.389521e-03	3.569739e-03
2.187102e+00	2.223231e+00	8.477475e-03	1.822940e-03	3.211614e-03
2.223231e+00	2.259361e+00	7.156629e-03	1.745727e-03	2.833277e-03
2.259362e+00	2.295491e+00	6.044153e-03	1.207861e-03	2.443646e-03
2.295489e+00	2.331618e+00	5.112608e-03	1.085975e-03	1.929735e-03
2.331619e+00	2.367748e+00	4.470990e-03	1.007227e-03	1.601428e-03
2.367749e+00	2.403878e+00	3.920311e-03	1.032943e-03	1.289659e-03
2.403876e+00	2.440005e+00	3.144762e-03	8.080237e-04	1.224792e-03
2.440006e+00	2.476135e+00	2.662596e-03	6.520521e-04	1.119316e-03
2.476135e+00	2.512265e+00	2.384557e-03	6.767044e-04	6.953983e-04
2.512266e+00	2.548395e+00	1.904713e-03	3.154117e-04	7.315071e-04
2.548393e+00	2.584522e+00	1.615471e-03	3.077124e-04	6.685480e-04
2.584523e+00	2.620652e+00	1.386959e-03	3.151972e-04	4.855839e-04
2.620653e+00	2.656782e+00	1.247924e-03	2.985502e-04	3.632176e-04
2.656780e+00	2.692909e+00	9.891921e-04	1.903056e-04	3.488519e-04
2.692910e+00	2.729039e+00	8.210393e-04	1.577351e-04	3.051208e-04
2.729040e+00	2.765169e+00	7.271544e-04	1.806408e-04	2.073116e-04
2.765168e+00	2.801298e+00	5.523786e-04	8.430999e-05	2.827224e-04
2.801297e+00	2.837426e+00	5.098433e-04	1.252852e-04	1.770151e-04
2.837427e+00	2.873556e+00	4.587110e-04	9.372969e-05	1.075037e-04
2.873557e+00	2.909686e+00	3.786783e-04	1.044641e-04	1.061469e-04
2.909686e+00	2.945815e+00	2.978328e-04	4.962595e-05	1.228180e-04
2.945813e+00	2.981942e+00	2.595272e-04	6.658155e-05	7.923527e-05
2.981943e+00	3.018072e+00	2.122602e-04	0.000000e+00	1.167367e-04
3.018072e+00	3.054202e+00	1.950294e-04	5.784855e-05	6.906892e-05
3.054203e+00	3.090332e+00	1.534775e-04	3.398901e-05	6.271070e-05
3.090330e+00	3.126459e+00	1.256991e-04	3.182900e-05	8.088931e-05
3.126460e+00	3.162589e+00	1.310449e-04	5.778300e-05	2.390974e-05
3.162590e+00	3.198719e+00	9.599541e-05	3.099507e-05	3.845044e-05
3.198717e+00	3.234846e+00	6.761505e-05	1.202906e-05	4.924750e-05
3.234847e+00	3.270976e+00	6.346129e-05	1.427839e-05	4.130463e-05
3.270977e+00	3.307106e+00	5.691339e-05	2.043812e-05	2.996537e-05
3.307105e+00	3.343235e+00	4.532488e-05	0.000000e+00	1.942065e-05
3.343234e+00	3.379363e+00	7.398190e-05	4.816486e-05	0.000000e+00
3.379364e+00	3.415493e+00	3.484229e-05	6.065238e-06	1.237004e-05
3.415494e+00	3.451623e+00	3.408171e-05	7.960007e-06	4.344737e-06
3.451621e+00	3.487750e+00	2.182404e-05	6.765476e-06	1.017319e-05
3.487751e+00	3.523880e+00	3.009413e-05	2.222429e-05	0.000000e+00
3.523881e+00	3.560010e+00	2.046811e-05	7.141272e-06	1.015488e-05
3.560009e+00	3.596139e+00	1.996876e-05	9.071536e-06	4.477567e-06
3.596138e+00	3.632267e+00	9.606358e-06	0.000000e+00	6.540685e-06
3.632268e+00	3.668397e+00	1.229694e-05	3.789418e-06	2.971992e-06
3.668398e+00	3.704527e+00	1.820193e-05	1.022644e-05	0.000000e+00
3.704525e+00	3.740654e+00	9.431476e-06	4.612115e-06	2.679202e-06
3.740655e+00	3.776784e+00	1.020083e-05	3.087736e-06	0.000000e+00
3.776785e+00	3.812914e+00	5.165798e-06	0.000000e+00	4.846863e-06
# END HISTO1D


# BEGIN HISTO1D //homes/tinghua1/Merging-Project/Production/HJETS/ratio-plots/hjets-vbfnlo/H-2-3-4-25gev-combine.yoda/MC_H2JETS_04_INC/log10_d_12
ErrorBandColor=yellow
ErrorBandOpacity=0.3
ErrorBands=1
ErrorType=env
LineColor=yellow
LineStyle=solid
Path=//homes/tinghua1/Merging-Project/Production/HJETS/ratio-plots/hjets-vbfnlo/H-2-3-4-25gev-combine.yoda/MC_H2JETS_04_INC/log10_d_12
RatioPlotSameStyle=1
Title=h(2,3,4)
# xlow	 xhigh	 val	 errminus	 errplus
2.000000e-01	2.361292e-01	1.353721e+00	1.064009e-01	0.000000e+00
2.361291e-01	2.722583e-01	1.464693e+00	9.708601e-02	0.000000e+00
2.722583e-01	3.083875e-01	1.542327e+00	7.841269e-02	0.000000e+00
3.083874e-01	3.445165e-01	1.618079e+00	8.344548e-02	0.000000e+00
3.445165e-01	3.806457e-01	1.674115e+00	7.557737e-02	0.000000e+00
3.806457e-01	4.167748e-01	1.703528e+00	6.232483e-02	0.000000e+00
4.167748e-01	4.529039e-01	1.730160e+00	6.724026e-02	0.000000e+00
4.529039e-01	4.890331e-01	1.739262e+00	6.531974e-02	0.000000e+00
4.890331e-01	5.251621e-01	1.757851e+00	6.407550e-02	0.000000e+00
5.251623e-01	5.612913e-01	1.787781e+00	7.212607e-02	0.000000e+00
5.612913e-01	5.974205e-01	1.803706e+00	6.278772e-02	0.000000e+00
5.974204e-01	6.335495e-01	1.804893e+00	4.401826e-02	0.000000e+00
6.335497e-01	6.696787e-01	1.803600e+00	3.758854e-02	0.000000e+00
6.696787e-01	7.058079e-01	1.801674e+00	5.628079e-02	4.096410e-03
7.058080e-01	7.419370e-01	1.782289e+00	6.736094e-02	2.392642e-02
7.419370e-01	7.780660e-01	1.745336e+00	7.400406e-02	6.116122e-02
7.780661e-01	8.141953e-01	1.709411e+00	9.321269e-02	7.848250e-02
8.141954e-01	8.503245e-01	1.648282e+00	9.756789e-02	1.066154e-01
8.503244e-01	8.864534e-01	1.588733e+00	1.178767e-01	1.209546e-01
8.864535e-01	9.225827e-01	1.511049e+00	1.244005e-01	1.368361e-01
9.225828e-01	9.587118e-01	1.431084e+00	1.297721e-01	1.471877e-01
9.587118e-01	9.948408e-01	1.337026e+00	1.292606e-01	1.650855e-01
9.948404e-01	1.030970e+00	1.247894e+00	1.309861e-01	1.718197e-01
1.030970e+00	1.067098e+00	1.157485e+00	1.338119e-01	1.681209e-01
1.067100e+00	1.103228e+00	1.064449e+00	1.335279e-01	1.729984e-01
1.103229e+00	1.139358e+00	9.755936e-01	1.288987e-01	1.713349e-01
1.139357e+00	1.175487e+00	8.885480e-01	1.254647e-01	1.632818e-01
1.175487e+00	1.211615e+00	7.997943e-01	1.159022e-01	1.624991e-01
1.211617e+00	1.247745e+00	7.195408e-01	1.075189e-01	1.611083e-01
1.247746e+00	1.283875e+00	6.478225e-01	1.044214e-01	1.459924e-01
1.283874e+00	1.320002e+00	5.801539e-01	9.351131e-02	1.395760e-01
1.320002e+00	1.356131e+00	5.182405e-01	9.138864e-02	1.234299e-01
1.356132e+00	1.392261e+00	4.566686e-01	7.772233e-02	1.172244e-01
1.392261e+00	1.428391e+00	4.048292e-01	7.355909e-02	1.092214e-01
1.428391e+00	1.464519e+00	3.587664e-01	6.806554e-02	9.692380e-02
1.464519e+00	1.500648e+00	3.163063e-01	6.216460e-02	8.696089e-02
1.500649e+00	1.536778e+00	2.757233e-01	5.470373e-02	8.088082e-02
1.536778e+00	1.572906e+00	2.399904e-01	4.690362e-02	7.375258e-02
1.572906e+00	1.609035e+00	2.114979e-01	4.333422e-02	6.430621e-02
1.609036e+00	1.645165e+00	1.839987e-01	3.871649e-02	5.704290e-02
1.645165e+00	1.681293e+00	1.604542e-01	3.354912e-02	5.129118e-02
1.681294e+00	1.717424e+00	1.397817e-01	3.032557e-02	4.588932e-02
1.717423e+00	1.753552e+00	1.204148e-01	2.697119e-02	4.086615e-02
1.753553e+00	1.789682e+00	1.048562e-01	2.364364e-02	3.716942e-02
1.789682e+00	1.825811e+00	9.102724e-02	2.091550e-02	3.038637e-02
1.825812e+00	1.861940e+00	7.815046e-02	1.715162e-02	2.630366e-02
1.861940e+00	1.898069e+00	6.703659e-02	1.483141e-02	2.313701e-02
1.898069e+00	1.934198e+00	5.755648e-02	1.302051e-02	2.005112e-02
1.934198e+00	1.970328e+00	4.843092e-02	9.449156e-03	1.869535e-02
1.970329e+00	2.006458e+00	4.191683e-02	9.476625e-03	1.608146e-02
2.006458e+00	2.042587e+00	3.666830e-02	8.852944e-03	1.336107e-02
2.042585e+00	2.078714e+00	3.122248e-02	7.168311e-03	1.078524e-02
2.078715e+00	2.114844e+00	2.562065e-02	5.457450e-03	1.060753e-02
2.114845e+00	2.150974e+00	2.252743e-02	5.172593e-03	8.345523e-03
2.150972e+00	2.187101e+00	1.945321e-02	4.729027e-03	6.911780e-03
2.187102e+00	2.223231e+00	1.643839e-02	3.640771e-03	5.856450e-03
2.223231e+00	2.259361e+00	1.389751e-02	3.047913e-03	5.594672e-03
2.259362e+00	2.295491e+00	1.177751e-02	2.635835e-03	4.705096e-03
2.295489e+00	2.331618e+00	9.955020e-03	2.341975e-03	3.988508e-03
2.331619e+00	2.367748e+00	8.471538e-03	1.980495e-03	3.298699e-03
2.367749e+00	2.403878e+00	7.282178e-03	1.746699e-03	2.875067e-03
2.403876e+00	2.440005e+00	6.184669e-03	1.522085e-03	2.311830e-03
2.440006e+00	2.476135e+00	5.181812e-03	1.159443e-03	2.139882e-03
2.476135e+00	2.512265e+00	4.436745e-03	9.865126e-04	1.699430e-03
2.512266e+00	2.548395e+00	3.861250e-03	1.011797e-03	1.333292e-03
2.548393e+00	2.584522e+00	3.286180e-03	8.499787e-04	9.597276e-04
2.584523e+00	2.620652e+00	2.713390e-03	6.728708e-04	1.163521e-03
2.620653e+00	2.656782e+00	2.310869e-03	6.855955e-04	7.936680e-04
2.656780e+00	2.692909e+00	1.921083e-03	3.565596e-04	8.213183e-04
2.692910e+00	2.729039e+00	1.618101e-03	4.089139e-04	6.947311e-04
2.729040e+00	2.765169e+00	1.398570e-03	3.931205e-04	5.517997e-04
2.765168e+00	2.801298e+00	1.176594e-03	2.419148e-04	4.292732e-04
2.801297e+00	2.837426e+00	9.452315e-04	2.136547e-04	4.232359e-04
2.837427e+00	2.873556e+00	8.670185e-04	1.720097e-04	2.766556e-04
2.873557e+00	2.909686e+00	7.289623e-04	1.838041e-04	2.711033e-04
2.909686e+00	2.945815e+00	5.689665e-04	1.171751e-04	2.697819e-04
2.945813e+00	2.981942e+00	4.996061e-04	9.566941e-05	2.033746e-04
2.981943e+00	3.018072e+00	4.158421e-04	6.088627e-05	2.194356e-04
3.018072e+00	3.054202e+00	3.698990e-04	7.750540e-05	1.342945e-04
3.054203e+00	3.090332e+00	3.030898e-04	6.855183e-05	1.339647e-04
3.090330e+00	3.126459e+00	2.673767e-04	6.915965e-05	1.081663e-04
3.126460e+00	3.162589e+00	2.098157e-04	5.517593e-05	9.466329e-05
3.162590e+00	3.198719e+00	1.979396e-04	4.354225e-05	5.662111e-05
3.198717e+00	3.234846e+00	1.580817e-04	4.547314e-05	5.531858e-05
3.234847e+00	3.270976e+00	1.259935e-04	2.089449e-05	3.030640e-05
3.270977e+00	3.307106e+00	1.170213e-04	2.498597e-05	5.589111e-05
3.307105e+00	3.343235e+00	1.006805e-04	3.707279e-05	4.166084e-05
3.343234e+00	3.379363e+00	8.099435e-05	2.671463e-05	3.583457e-05
3.379364e+00	3.415493e+00	6.590044e-05	1.705494e-05	2.166318e-05
3.415494e+00	3.451623e+00	5.758084e-05	1.704121e-05	2.563121e-05
3.451621e+00	3.487750e+00	4.411841e-05	1.007872e-05	2.840087e-05
3.487751e+00	3.523880e+00	4.553627e-05	1.444900e-05	1.573420e-05
3.523881e+00	3.560010e+00	3.402616e-05	8.473658e-06	2.435370e-05
3.560009e+00	3.596139e+00	3.362707e-05	1.452348e-05	4.601827e-06
3.596138e+00	3.632267e+00	2.048662e-05	0.000000e+00	1.524340e-05
3.632268e+00	3.668397e+00	2.369860e-05	1.515612e-05	4.605170e-06
3.668398e+00	3.704527e+00	1.303940e-05	0.000000e+00	1.069775e-05
3.704525e+00	3.740654e+00	1.682986e-05	8.136201e-06	3.726685e-06
3.740655e+00	3.776784e+00	1.368097e-05	5.241814e-06	3.897221e-06
3.776785e+00	3.812914e+00	1.074486e-05	8.972043e-06	0.000000e+00
# END HISTO1D


# BEGIN HISTO1D //homes/tinghua1/Merging-Project/Production/HJETS/ratio-plots/hjets-vbfnlo/H-2-3-4-25gev-vbfnlo-combine.yoda/MC_H2JETS_04_INC/log10_d_12
ErrorBandColor=green
ErrorBandOpacity=0.3
ErrorBands=1
ErrorType=env
LineColor=green
LineStyle=solid
Path=//homes/tinghua1/Merging-Project/Production/HJETS/ratio-plots/hjets-vbfnlo/H-2-3-4-25gev-vbfnlo-combine.yoda/MC_H2JETS_04_INC/log10_d_12
RatioPlotSameStyle=1
Title=h(2,3,4)-vbfnlo
# xlow	 xhigh	 val	 errminus	 errplus
2.000000e-01	2.361292e-01	9.790490e-01	6.305360e-02	0.000000e+00
2.361291e-01	2.722583e-01	1.044893e+00	5.390737e-02	0.000000e+00
2.722583e-01	3.083875e-01	1.103425e+00	5.175717e-02	0.000000e+00
3.083874e-01	3.445165e-01	1.149581e+00	6.110448e-02	0.000000e+00
3.445165e-01	3.806457e-01	1.182981e+00	6.357987e-02	0.000000e+00
3.806457e-01	4.167748e-01	1.208036e+00	6.545693e-02	0.000000e+00
4.167748e-01	4.529039e-01	1.222683e+00	6.423852e-02	0.000000e+00
4.529039e-01	4.890331e-01	1.228004e+00	6.170909e-02	0.000000e+00
4.890331e-01	5.251621e-01	1.238848e+00	5.940253e-02	0.000000e+00
5.251623e-01	5.612913e-01	1.258768e+00	6.116842e-02	0.000000e+00
5.612913e-01	5.974205e-01	1.273070e+00	5.656671e-02	0.000000e+00
5.974204e-01	6.335495e-01	1.277671e+00	4.022298e-02	0.000000e+00
6.335497e-01	6.696787e-01	1.282584e+00	2.805550e-02	0.000000e+00
6.696787e-01	7.058079e-01	1.278512e+00	2.161991e-02	0.000000e+00
7.058080e-01	7.419370e-01	1.268533e+00	3.452619e-02	7.010692e-03
7.419370e-01	7.780660e-01	1.243482e+00	4.161576e-02	2.770066e-02
7.780661e-01	8.141953e-01	1.211971e+00	5.018987e-02	4.870991e-02
8.141954e-01	8.503245e-01	1.167543e+00	5.932033e-02	6.623110e-02
8.503244e-01	8.864534e-01	1.119531e+00	6.722808e-02	8.027905e-02
8.864535e-01	9.225827e-01	1.061776e+00	7.256319e-02	9.220575e-02
9.225828e-01	9.587118e-01	9.988184e-01	7.791254e-02	1.030017e-01
9.587118e-01	9.948408e-01	9.329762e-01	8.065576e-02	1.081463e-01
9.948404e-01	1.030970e+00	8.657835e-01	8.332895e-02	1.107871e-01
1.030970e+00	1.067098e+00	7.963365e-01	8.307675e-02	1.125730e-01
1.067100e+00	1.103228e+00	7.264469e-01	8.152924e-02	1.128351e-01
1.103229e+00	1.139358e+00	6.599563e-01	7.853248e-02	1.099817e-01
1.139357e+00	1.175487e+00	5.940700e-01	7.503515e-02	1.068727e-01
1.175487e+00	1.211615e+00	5.324700e-01	6.944477e-02	1.040090e-01
1.211617e+00	1.247745e+00	4.757785e-01	6.564948e-02	9.701874e-02
1.247746e+00	1.283875e+00	4.244560e-01	6.224861e-02	8.979684e-02
1.283874e+00	1.320002e+00	3.758396e-01	5.648648e-02	8.380304e-02
1.320002e+00	1.356131e+00	3.305707e-01	5.072103e-02	7.753633e-02
1.356132e+00	1.392261e+00	2.915157e-01	4.805093e-02	7.011736e-02
1.392261e+00	1.428391e+00	2.542861e-01	4.083368e-02	6.449610e-02
1.428391e+00	1.464519e+00	2.225224e-01	3.710161e-02	5.670151e-02
1.464519e+00	1.500648e+00	1.937064e-01	3.328653e-02	5.193520e-02
1.500649e+00	1.536778e+00	1.685974e-01	2.986213e-02	4.662186e-02
1.536778e+00	1.572906e+00	1.453226e-01	2.534302e-02	4.211902e-02
1.572906e+00	1.609035e+00	1.266436e-01	2.375313e-02	3.667713e-02
1.609036e+00	1.645165e+00	1.090495e-01	1.996399e-02	3.241208e-02
1.645165e+00	1.681293e+00	9.442788e-02	1.794755e-02	2.812151e-02
1.681294e+00	1.717424e+00	8.098409e-02	1.488921e-02	2.483349e-02
1.717423e+00	1.753552e+00	6.973296e-02	1.363744e-02	2.165620e-02
1.753553e+00	1.789682e+00	5.948831e-02	1.108018e-02	1.928982e-02
1.789682e+00	1.825811e+00	5.120394e-02	1.024922e-02	1.642658e-02
1.825812e+00	1.861940e+00	4.369238e-02	8.556949e-03	1.436904e-02
1.861940e+00	1.898069e+00	3.723801e-02	7.280190e-03	1.246827e-02
1.898069e+00	1.934198e+00	3.183440e-02	7.138551e-03	1.059705e-02
1.934198e+00	1.970328e+00	2.715655e-02	5.489679e-03	8.975392e-03
1.970329e+00	2.006458e+00	2.315024e-02	4.744623e-03	7.853359e-03
2.006458e+00	2.042587e+00	1.954670e-02	3.855476e-03	6.811689e-03
2.042585e+00	2.078714e+00	1.673099e-02	3.427485e-03	5.959647e-03
2.078715e+00	2.114844e+00	1.427765e-02	2.897268e-03	4.762955e-03
2.114845e+00	2.150974e+00	1.208068e-02	2.276136e-03	4.119749e-03
2.150972e+00	2.187101e+00	1.023528e-02	1.849678e-03	3.434078e-03
2.187102e+00	2.223231e+00	8.685671e-03	1.730114e-03	2.990897e-03
2.223231e+00	2.259361e+00	7.382059e-03	1.555306e-03	2.576258e-03
2.259362e+00	2.295491e+00	6.250425e-03	1.242207e-03	2.216862e-03
2.295489e+00	2.331618e+00	5.321379e-03	1.115373e-03	1.823615e-03
2.331619e+00	2.367748e+00	4.508464e-03	9.936699e-04	1.581644e-03
2.367749e+00	2.403878e+00	3.805093e-03	8.000083e-04	1.308301e-03
2.403876e+00	2.440005e+00	3.213222e-03	6.543040e-04	1.151562e-03
2.440006e+00	2.476135e+00	2.744500e-03	5.544139e-04	9.803889e-04
2.476135e+00	2.512265e+00	2.401870e-03	5.402663e-04	7.146371e-04
2.512266e+00	2.548395e+00	1.952858e-03	4.138257e-04	7.257109e-04
2.548393e+00	2.584522e+00	1.641779e-03	3.329508e-04	5.810615e-04
2.584523e+00	2.620652e+00	1.433741e-03	3.047571e-04	4.873824e-04
2.620653e+00	2.656782e+00	1.187545e-03	2.431653e-04	4.283047e-04
2.656780e+00	2.692909e+00	1.012261e-03	2.134579e-04	3.554635e-04
2.692910e+00	2.729039e+00	8.688201e-04	1.896753e-04	3.042894e-04
2.729040e+00	2.765169e+00	7.186235e-04	1.462144e-04	2.604625e-04
2.765168e+00	2.801298e+00	6.079543e-04	1.334022e-04	2.205657e-04
2.801297e+00	2.837426e+00	5.072631e-04	1.157015e-04	1.807202e-04
2.837427e+00	2.873556e+00	4.480968e-04	1.130798e-04	1.399898e-04
2.873557e+00	2.909686e+00	3.720344e-04	6.872817e-05	1.307542e-04
2.909686e+00	2.945815e+00	3.071264e-04	4.893615e-05	1.178804e-04
2.945813e+00	2.981942e+00	2.723749e-04	4.299012e-05	8.665496e-05
2.981943e+00	3.018072e+00	2.225583e-04	3.767251e-05	9.128407e-05
3.018072e+00	3.054202e+00	1.928084e-04	3.320155e-05	4.703324e-05
3.054203e+00	3.090332e+00	1.466843e-04	1.593750e-05	8.589587e-05
3.090330e+00	3.126459e+00	1.399763e-04	0.000000e+00	4.079033e-05
3.126460e+00	3.162589e+00	1.126799e-04	3.926322e-05	4.397949e-05
3.162590e+00	3.198719e+00	9.458560e-05	2.053627e-05	3.940162e-05
3.198717e+00	3.234846e+00	8.099541e-05	1.745714e-05	4.567597e-05
3.234847e+00	3.270976e+00	6.384328e-05	7.867724e-06	3.286532e-05
3.270977e+00	3.307106e+00	5.950082e-05	1.084323e-05	1.784854e-05
3.307105e+00	3.343235e+00	5.344334e-05	1.661085e-05	2.388364e-05
3.343234e+00	3.379363e+00	4.413936e-05	1.092377e-05	1.081821e-05
3.379364e+00	3.415493e+00	3.832547e-05	1.273953e-05	1.390268e-05
3.415494e+00	3.451623e+00	3.283005e-05	6.128036e-06	8.094246e-06
3.451621e+00	3.487750e+00	2.714284e-05	6.857087e-06	3.680905e-06
3.487751e+00	3.523880e+00	2.217303e-05	1.543716e-06	6.474068e-06
3.523881e+00	3.560010e+00	1.926973e-05	3.941858e-06	6.216627e-06
3.560009e+00	3.596139e+00	1.438989e-05	2.522253e-06	5.042286e-06
3.596138e+00	3.632267e+00	1.286893e-05	4.512442e-07	4.732699e-06
3.632268e+00	3.668397e+00	1.184633e-05	7.497094e-06	4.319419e-06
3.668398e+00	3.704527e+00	7.462080e-06	0.000000e+00	5.716001e-06
3.704525e+00	3.740654e+00	8.100335e-06	1.202200e-06	1.704329e-06
3.740655e+00	3.776784e+00	7.604365e-06	1.562836e-06	2.947477e-06
3.776785e+00	3.812914e+00	6.274677e-06	1.697617e-06	1.904298e-06
# END HISTO1D


# BEGIN HISTO1D //homes/tinghua1/Merging-Project/Production/HJETS/ratio-plots/hjets-vbfnlo/H-2-3-25gev-combine.yoda/MC_H2JETS_04_INC/log10_d_12
ErrorBandColor=purple
ErrorBandOpacity=0.3
ErrorBands=1
ErrorType=env
LineColor=purple
LineStyle=solid
Path=//homes/tinghua1/Merging-Project/Production/HJETS/ratio-plots/hjets-vbfnlo/H-2-3-25gev-combine.yoda/MC_H2JETS_04_INC/log10_d_12
RatioPlotSameStyle=1
Title=h(2,3)
# xlow	 xhigh	 val	 errminus	 errplus
2.000000e-01	2.361292e-01	1.352910e+00	1.023535e-01	6.904130e-03
2.361291e-01	2.722583e-01	1.433894e+00	6.709891e-02	2.303566e-02
2.722583e-01	3.083875e-01	1.501926e+00	3.494358e-02	4.892483e-02
3.083874e-01	3.445165e-01	1.560582e+00	1.264189e-02	6.341730e-02
3.445165e-01	3.806457e-01	1.609101e+00	6.805299e-03	6.406369e-02
3.806457e-01	4.167748e-01	1.643491e+00	0.000000e+00	6.986335e-02
4.167748e-01	4.529039e-01	1.671108e+00	0.000000e+00	6.381615e-02
4.529039e-01	4.890331e-01	1.677982e+00	0.000000e+00	6.795999e-02
4.890331e-01	5.251621e-01	1.695161e+00	0.000000e+00	6.719154e-02
5.251623e-01	5.612913e-01	1.721743e+00	0.000000e+00	6.491803e-02
5.612913e-01	5.974205e-01	1.742494e+00	0.000000e+00	5.565249e-02
5.974204e-01	6.335495e-01	1.767907e+00	0.000000e+00	4.133870e-02
6.335497e-01	6.696787e-01	1.790740e+00	3.042810e-02	1.968469e-02
6.696787e-01	7.058079e-01	1.805079e+00	5.470893e-02	0.000000e+00
7.058080e-01	7.419370e-01	1.808900e+00	8.952396e-02	0.000000e+00
7.419370e-01	7.780660e-01	1.803745e+00	1.275011e-01	0.000000e+00
7.780661e-01	8.141953e-01	1.784388e+00	1.659195e-01	0.000000e+00
8.141954e-01	8.503245e-01	1.754726e+00	2.047269e-01	0.000000e+00
8.503244e-01	8.864534e-01	1.706019e+00	2.318356e-01	0.000000e+00
8.864535e-01	9.225827e-01	1.649498e+00	2.605615e-01	0.000000e+00
9.225828e-01	9.587118e-01	1.578630e+00	2.761605e-01	0.000000e+00
9.587118e-01	9.948408e-01	1.502833e+00	2.943893e-01	0.000000e+00
9.948404e-01	1.030970e+00	1.420212e+00	3.052960e-01	0.000000e+00
1.030970e+00	1.067098e+00	1.331170e+00	3.054377e-01	0.000000e+00
1.067100e+00	1.103228e+00	1.241185e+00	3.071859e-01	0.000000e+00
1.103229e+00	1.139358e+00	1.148648e+00	3.018019e-01	0.000000e+00
1.139357e+00	1.175487e+00	1.055016e+00	2.907246e-01	0.000000e+00
1.175487e+00	1.211615e+00	9.626278e-01	2.750497e-01	0.000000e+00
1.211617e+00	1.247745e+00	8.789430e-01	2.667118e-01	0.000000e+00
1.247746e+00	1.283875e+00	7.946962e-01	2.475895e-01	0.000000e+00
1.283874e+00	1.320002e+00	7.168228e-01	2.313504e-01	0.000000e+00
1.320002e+00	1.356131e+00	6.453982e-01	2.165648e-01	0.000000e+00
1.356132e+00	1.392261e+00	5.767276e-01	1.990094e-01	0.000000e+00
1.392261e+00	1.428391e+00	5.134221e-01	1.819222e-01	0.000000e+00
1.428391e+00	1.464519e+00	4.569390e-01	1.658698e-01	0.000000e+00
1.464519e+00	1.500648e+00	4.044250e-01	1.484964e-01	0.000000e+00
1.500649e+00	1.536778e+00	3.572507e-01	1.348306e-01	0.000000e+00
1.536778e+00	1.572906e+00	3.145639e-01	1.208436e-01	0.000000e+00
1.572906e+00	1.609035e+00	2.759346e-01	1.073023e-01	0.000000e+00
1.609036e+00	1.645165e+00	2.427823e-01	9.330975e-02	0.000000e+00
1.645165e+00	1.681293e+00	2.121518e-01	8.515204e-02	0.000000e+00
1.681294e+00	1.717424e+00	1.853367e-01	7.467465e-02	0.000000e+00
1.717423e+00	1.753552e+00	1.600625e-01	6.534565e-02	0.000000e+00
1.753553e+00	1.789682e+00	1.398298e-01	5.814692e-02	0.000000e+00
1.789682e+00	1.825811e+00	1.212842e-01	5.068020e-02	0.000000e+00
1.825812e+00	1.861940e+00	1.050159e-01	4.437928e-02	0.000000e+00
1.861940e+00	1.898069e+00	9.060826e-02	3.879891e-02	0.000000e+00
1.898069e+00	1.934198e+00	7.841227e-02	3.370818e-02	0.000000e+00
1.934198e+00	1.970328e+00	6.741536e-02	2.932804e-02	0.000000e+00
1.970329e+00	2.006458e+00	5.805934e-02	2.541479e-02	0.000000e+00
2.006458e+00	2.042587e+00	4.973719e-02	2.183133e-02	0.000000e+00
2.042585e+00	2.078714e+00	4.282457e-02	1.898899e-02	0.000000e+00
2.078715e+00	2.114844e+00	3.669922e-02	1.636065e-02	0.000000e+00
2.114845e+00	2.150974e+00	3.121700e-02	1.389619e-02	0.000000e+00
2.150972e+00	2.187101e+00	2.630660e-02	1.151880e-02	0.000000e+00
2.187102e+00	2.223231e+00	2.257438e-02	1.014743e-02	0.000000e+00
2.223231e+00	2.259361e+00	1.930763e-02	8.653919e-03	0.000000e+00
2.259362e+00	2.295491e+00	1.625922e-02	7.219262e-03	0.000000e+00
2.295489e+00	2.331618e+00	1.394825e-02	6.281771e-03	0.000000e+00
2.331619e+00	2.367748e+00	1.188033e-02	5.378297e-03	0.000000e+00
2.367749e+00	2.403878e+00	9.996266e-03	4.446713e-03	0.000000e+00
2.403876e+00	2.440005e+00	8.469612e-03	3.883346e-03	0.000000e+00
2.440006e+00	2.476135e+00	7.164494e-03	3.163259e-03	0.000000e+00
2.476135e+00	2.512265e+00	6.171229e-03	2.900769e-03	0.000000e+00
2.512266e+00	2.548395e+00	5.170711e-03	2.400042e-03	0.000000e+00
2.548393e+00	2.584522e+00	4.172582e-03	1.631714e-03	0.000000e+00
2.584523e+00	2.620652e+00	3.791104e-03	1.676594e-03	0.000000e+00
2.620653e+00	2.656782e+00	3.138733e-03	1.410913e-03	0.000000e+00
2.656780e+00	2.692909e+00	2.672695e-03	1.227470e-03	0.000000e+00
2.692910e+00	2.729039e+00	2.294962e-03	1.037254e-03	0.000000e+00
2.729040e+00	2.765169e+00	1.903125e-03	7.899231e-04	0.000000e+00
2.765168e+00	2.801298e+00	1.658649e-03	8.157205e-04	0.000000e+00
2.801297e+00	2.837426e+00	1.418310e-03	6.779944e-04	0.000000e+00
2.837427e+00	2.873556e+00	1.179356e-03	5.314988e-04	0.000000e+00
2.873557e+00	2.909686e+00	9.786642e-04	4.176144e-04	0.000000e+00
2.909686e+00	2.945815e+00	8.435188e-04	3.794057e-04	0.000000e+00
2.945813e+00	2.981942e+00	6.969681e-04	2.724786e-04	0.000000e+00
2.981943e+00	3.018072e+00	6.459193e-04	3.098527e-04	0.000000e+00
3.018072e+00	3.054202e+00	4.581564e-04	1.664932e-04	0.000000e+00
3.054203e+00	3.090332e+00	4.139553e-04	1.799474e-04	0.000000e+00
3.090330e+00	3.126459e+00	3.678037e-04	1.445350e-04	0.000000e+00
3.126460e+00	3.162589e+00	3.156669e-04	1.655532e-04	0.000000e+00
3.162590e+00	3.198719e+00	2.576662e-04	1.215862e-04	0.000000e+00
3.198717e+00	3.234846e+00	2.239701e-04	9.980509e-05	0.000000e+00
3.234847e+00	3.270976e+00	1.862646e-04	7.090409e-05	0.000000e+00
3.270977e+00	3.307106e+00	1.500991e-04	7.277284e-05	0.000000e+00
3.307105e+00	3.343235e+00	1.452473e-04	7.682228e-05	0.000000e+00
3.343234e+00	3.379363e+00	1.149112e-04	4.983454e-05	0.000000e+00
3.379364e+00	3.415493e+00	9.887010e-05	4.641809e-05	0.000000e+00
3.415494e+00	3.451623e+00	8.506701e-05	3.350843e-05	0.000000e+00
3.451621e+00	3.487750e+00	7.119807e-05	3.457411e-05	0.000000e+00
3.487751e+00	3.523880e+00	5.140198e-05	2.626770e-05	0.000000e+00
3.523881e+00	3.560010e+00	5.237604e-05	2.901801e-05	0.000000e+00
3.560009e+00	3.596139e+00	4.535621e-05	2.213653e-05	0.000000e+00
3.596138e+00	3.632267e+00	3.304924e-05	1.060546e-05	0.000000e+00
3.632268e+00	3.668397e+00	1.135844e-05	0.000000e+00	9.296958e-06
3.668398e+00	3.704527e+00	2.504728e-05	8.421354e-06	0.000000e+00
3.704525e+00	3.740654e+00	1.872526e-05	6.263586e-06	0.000000e+00
3.740655e+00	3.776784e+00	2.958305e-05	1.931500e-05	0.000000e+00
3.776785e+00	3.812914e+00	1.640019e-05	1.064532e-05	6.965563e-05
# END HISTO1D


# BEGIN HISTO1D //homes/tinghua1/Merging-Project/Production/HJETS/ratio-plots/hjets-vbfnlo/H-2-3-25gev-vbfnlo-combine.yoda/MC_H2JETS_04_INC/log10_d_12
ErrorBandColor=violet
ErrorBandOpacity=0.3
ErrorBands=1
ErrorType=env
LineColor=violet
LineStyle=solid
Path=//homes/tinghua1/Merging-Project/Production/HJETS/ratio-plots/hjets-vbfnlo/H-2-3-25gev-vbfnlo-combine.yoda/MC_H2JETS_04_INC/log10_d_12
RatioPlotSameStyle=1
Title=h(2,3)-vbfnlo
# xlow	 xhigh	 val	 errminus	 errplus
2.000000e-01	2.361292e-01	9.190196e-01	0.000000e+00	6.112829e-02
2.361291e-01	2.722583e-01	9.930671e-01	0.000000e+00	5.516646e-02
2.722583e-01	3.083875e-01	1.058720e+00	6.831335e-03	4.608723e-02
3.083874e-01	3.445165e-01	1.108875e+00	1.857976e-02	4.209681e-02
3.445165e-01	3.806457e-01	1.150095e+00	3.082410e-02	3.584386e-02
3.806457e-01	4.167748e-01	1.178202e+00	3.443927e-02	3.111896e-02
4.167748e-01	4.529039e-01	1.192375e+00	3.415612e-02	2.915821e-02
4.529039e-01	4.890331e-01	1.202237e+00	3.394761e-02	2.667095e-02
4.890331e-01	5.251621e-01	1.220705e+00	4.092297e-02	1.909154e-02
5.251623e-01	5.612913e-01	1.250318e+00	5.150197e-02	7.242915e-03
5.612913e-01	5.974205e-01	1.265736e+00	4.828615e-02	1.874384e-03
5.974204e-01	6.335495e-01	1.274862e+00	4.041617e-02	3.945019e-03
6.335497e-01	6.696787e-01	1.268072e+00	1.240856e-02	1.350739e-02
6.696787e-01	7.058079e-01	1.257516e+00	0.000000e+00	2.201682e-02
7.058080e-01	7.419370e-01	1.234231e+00	0.000000e+00	4.176606e-02
7.419370e-01	7.780660e-01	1.201893e+00	0.000000e+00	7.079861e-02
7.780661e-01	8.141953e-01	1.162135e+00	0.000000e+00	9.764512e-02
8.141954e-01	8.503245e-01	1.110083e+00	0.000000e+00	1.249624e-01
8.503244e-01	8.864534e-01	1.051216e+00	0.000000e+00	1.475116e-01
8.864535e-01	9.225827e-01	9.888608e-01	0.000000e+00	1.655852e-01
9.225828e-01	9.587118e-01	9.212898e-01	0.000000e+00	1.813223e-01
9.587118e-01	9.948408e-01	8.526216e-01	0.000000e+00	1.904058e-01
9.948404e-01	1.030970e+00	7.824333e-01	0.000000e+00	1.949301e-01
1.030970e+00	1.067098e+00	7.120023e-01	0.000000e+00	1.980309e-01
1.067100e+00	1.103228e+00	6.463439e-01	0.000000e+00	1.941305e-01
1.103229e+00	1.139358e+00	5.809890e-01	0.000000e+00	1.897401e-01
1.139357e+00	1.175487e+00	5.200221e-01	0.000000e+00	1.825068e-01
1.175487e+00	1.211615e+00	4.629392e-01	0.000000e+00	1.732998e-01
1.211617e+00	1.247745e+00	4.106338e-01	0.000000e+00	1.634601e-01
1.247746e+00	1.283875e+00	3.630624e-01	0.000000e+00	1.516848e-01
1.283874e+00	1.320002e+00	3.194282e-01	0.000000e+00	1.401680e-01
1.320002e+00	1.356131e+00	2.798682e-01	0.000000e+00	1.285865e-01
1.356132e+00	1.392261e+00	2.445430e-01	0.000000e+00	1.165846e-01
1.392261e+00	1.428391e+00	2.133880e-01	0.000000e+00	1.060380e-01
1.428391e+00	1.464519e+00	1.852767e-01	0.000000e+00	9.555670e-02
1.464519e+00	1.500648e+00	1.610771e-01	0.000000e+00	8.640004e-02
1.500649e+00	1.536778e+00	1.392841e-01	0.000000e+00	7.586557e-02
1.536778e+00	1.572906e+00	1.202378e-01	0.000000e+00	6.791932e-02
1.572906e+00	1.609035e+00	1.033344e-01	0.000000e+00	5.970273e-02
1.609036e+00	1.645165e+00	8.900033e-02	0.000000e+00	5.220053e-02
1.645165e+00	1.681293e+00	7.659764e-02	0.000000e+00	4.629469e-02
1.681294e+00	1.717424e+00	6.552167e-02	0.000000e+00	4.073756e-02
1.717423e+00	1.753552e+00	5.621365e-02	0.000000e+00	3.541678e-02
1.753553e+00	1.789682e+00	4.821149e-02	0.000000e+00	3.039248e-02
1.789682e+00	1.825811e+00	4.095225e-02	0.000000e+00	2.656240e-02
1.825812e+00	1.861940e+00	3.526666e-02	0.000000e+00	2.273747e-02
1.861940e+00	1.898069e+00	2.997573e-02	0.000000e+00	1.976072e-02
1.898069e+00	1.934198e+00	2.581776e-02	0.000000e+00	1.650389e-02
1.934198e+00	1.970328e+00	2.141566e-02	0.000000e+00	1.493120e-02
1.970329e+00	2.006458e+00	1.844884e-02	0.000000e+00	1.250643e-02
2.006458e+00	2.042587e+00	1.570831e-02	0.000000e+00	1.082941e-02
2.042585e+00	2.078714e+00	1.333678e-02	0.000000e+00	9.202062e-03
2.078715e+00	2.114844e+00	1.130489e-02	0.000000e+00	7.793025e-03
2.114845e+00	2.150974e+00	9.678845e-03	0.000000e+00	6.576362e-03
2.150972e+00	2.187101e+00	8.220864e-03	0.000000e+00	5.597144e-03
2.187102e+00	2.223231e+00	6.943024e-03	0.000000e+00	4.775355e-03
2.223231e+00	2.259361e+00	5.959621e-03	0.000000e+00	4.025497e-03
2.259362e+00	2.295491e+00	5.002646e-03	0.000000e+00	3.394049e-03
2.295489e+00	2.331618e+00	4.226973e-03	0.000000e+00	3.043937e-03
2.331619e+00	2.367748e+00	3.643381e-03	0.000000e+00	2.438969e-03
2.367749e+00	2.403878e+00	2.988419e-03	0.000000e+00	2.135788e-03
2.403876e+00	2.440005e+00	2.573823e-03	0.000000e+00	1.796890e-03
2.440006e+00	2.476135e+00	2.117030e-03	0.000000e+00	1.608009e-03
2.476135e+00	2.512265e+00	1.849979e-03	0.000000e+00	1.285654e-03
2.512266e+00	2.548395e+00	1.565454e-03	0.000000e+00	1.073590e-03
2.548393e+00	2.584522e+00	1.342082e-03	0.000000e+00	8.794694e-04
2.584523e+00	2.620652e+00	1.072513e-03	0.000000e+00	8.443824e-04
2.620653e+00	2.656782e+00	9.401744e-04	0.000000e+00	6.629995e-04
2.656780e+00	2.692909e+00	7.859598e-04	0.000000e+00	5.711509e-04
2.692910e+00	2.729039e+00	6.988898e-04	0.000000e+00	4.362905e-04
2.729040e+00	2.765169e+00	5.758648e-04	0.000000e+00	3.888026e-04
2.765168e+00	2.801298e+00	4.998868e-04	0.000000e+00	3.257551e-04
2.801297e+00	2.837426e+00	4.103310e-04	0.000000e+00	2.671225e-04
2.837427e+00	2.873556e+00	3.389944e-04	0.000000e+00	2.596535e-04
2.873557e+00	2.909686e+00	2.900933e-04	0.000000e+00	2.019405e-04
2.909686e+00	2.945815e+00	2.583350e-04	0.000000e+00	1.762073e-04
2.945813e+00	2.981942e+00	2.171229e-04	0.000000e+00	1.527847e-04
2.981943e+00	3.018072e+00	1.793511e-04	0.000000e+00	1.351345e-04
3.018072e+00	3.054202e+00	1.502151e-04	0.000000e+00	1.164164e-04
3.054203e+00	3.090332e+00	1.342803e-04	0.000000e+00	7.444538e-05
3.090330e+00	3.126459e+00	9.585051e-05	0.000000e+00	8.144291e-05
3.126460e+00	3.162589e+00	9.700017e-05	0.000000e+00	6.565410e-05
3.162590e+00	3.198719e+00	6.735434e-05	0.000000e+00	6.572947e-05
3.198717e+00	3.234846e+00	6.592247e-05	0.000000e+00	4.515633e-05
3.234847e+00	3.270976e+00	5.577420e-05	0.000000e+00	4.109148e-05
3.270977e+00	3.307106e+00	4.888270e-05	0.000000e+00	3.319320e-05
3.307105e+00	3.343235e+00	4.404348e-05	0.000000e+00	2.748118e-05
3.343234e+00	3.379363e+00	3.207540e-05	0.000000e+00	2.340632e-05
3.379364e+00	3.415493e+00	3.052636e-05	0.000000e+00	1.773620e-05
3.415494e+00	3.451623e+00	2.719712e-05	0.000000e+00	1.416766e-05
3.451621e+00	3.487750e+00	2.110940e-05	0.000000e+00	1.054304e-05
3.487751e+00	3.523880e+00	1.764709e-05	0.000000e+00	1.593435e-05
3.523881e+00	3.560010e+00	1.405461e-05	0.000000e+00	1.100206e-05
3.560009e+00	3.596139e+00	1.180042e-05	0.000000e+00	1.317261e-05
3.596138e+00	3.632267e+00	9.949539e-06	0.000000e+00	6.826012e-06
3.632268e+00	3.668397e+00	8.812328e-06	0.000000e+00	3.762529e-06
3.668398e+00	3.704527e+00	8.573846e-06	1.306679e-07	5.865767e-06
3.704525e+00	3.740654e+00	3.917321e-06	0.000000e+00	6.031875e-06
3.740655e+00	3.776784e+00	4.470420e-06	0.000000e+00	4.917119e-06
3.776785e+00	3.812914e+00	5.329212e-06	0.000000e+00	3.542752e-06
# END HISTO1D

