# BEGIN PLOT
Rebin=2
DrawOnly=//homes/tinghua1/Merging-Project/Production/HJETS/ratio-plots/hjets-vbfnlo/H-N2-N3-4-25gev-combine.yoda/MC_H2JETS_04_INC/log10_d_01 //homes/tinghua1/Merging-Project/Production/HJETS/ratio-plots/hjets-vbfnlo/H-N2-N3-4-25gev-vbfnlo-combine.yoda/MC_H2JETS_04_INC/log10_d_01 //homes/tinghua1/Merging-Project/Production/HJETS/ratio-plots/hjets-vbfnlo/H-N2-3-4-25gev-combine.yoda/MC_H2JETS_04_INC/log10_d_01 //homes/tinghua1/Merging-Project/Production/HJETS/ratio-plots/hjets-vbfnlo/H-N2-3-4-25gev-vbfnlo-combine.yoda/MC_H2JETS_04_INC/log10_d_01 //homes/tinghua1/Merging-Project/Production/HJETS/ratio-plots/hjets-vbfnlo/H-2-3-4-25gev-combine.yoda/MC_H2JETS_04_INC/log10_d_01 //homes/tinghua1/Merging-Project/Production/HJETS/ratio-plots/hjets-vbfnlo/H-2-3-4-25gev-vbfnlo-combine.yoda/MC_H2JETS_04_INC/log10_d_01 //homes/tinghua1/Merging-Project/Production/HJETS/ratio-plots/hjets-vbfnlo/H-2-3-25gev-combine.yoda/MC_H2JETS_04_INC/log10_d_01 //homes/tinghua1/Merging-Project/Production/HJETS/ratio-plots/hjets-vbfnlo/H-2-3-25gev-vbfnlo-combine.yoda/MC_H2JETS_04_INC/log10_d_01
RightMargin=0.5
RatioPlotReference=//homes/tinghua1/Merging-Project/Production/HJETS/ratio-plots/hjets-vbfnlo/H-N2-N3-4-25gev-combine.yoda/MC_H2JETS_04_INC/log10_d_01
#RatioPlot=1
LogY=1
RatioPlotYMax=2.0
#LegendOnly=//homes/tinghua1/Merging-Project/Production/HJETS/ratio-plots/hjets-vbfnlo/H-N2-N3-4-25gev-combine.yoda/MC_H2JETS_04_INC/log10_d_01 //homes/tinghua1/Merging-Project/Production/HJETS/ratio-plots/hjets-vbfnlo/H-N2-N3-4-25gev-vbfnlo-combine.yoda/MC_H2JETS_04_INC/log10_d_01 //homes/tinghua1/Merging-Project/Production/HJETS/ratio-plots/hjets-vbfnlo/H-N2-3-4-25gev-combine.yoda/MC_H2JETS_04_INC/log10_d_01 //homes/tinghua1/Merging-Project/Production/HJETS/ratio-plots/hjets-vbfnlo/H-N2-3-4-25gev-vbfnlo-combine.yoda/MC_H2JETS_04_INC/log10_d_01 //homes/tinghua1/Merging-Project/Production/HJETS/ratio-plots/hjets-vbfnlo/H-2-3-4-25gev-combine.yoda/MC_H2JETS_04_INC/log10_d_01 //homes/tinghua1/Merging-Project/Production/HJETS/ratio-plots/hjets-vbfnlo/H-2-3-4-25gev-vbfnlo-combine.yoda/MC_H2JETS_04_INC/log10_d_01 //homes/tinghua1/Merging-Project/Production/HJETS/ratio-plots/hjets-vbfnlo/H-2-3-25gev-combine.yoda/MC_H2JETS_04_INC/log10_d_01 //homes/tinghua1/Merging-Project/Production/HJETS/ratio-plots/hjets-vbfnlo/H-2-3-25gev-vbfnlo-combine.yoda/MC_H2JETS_04_INC/log10_d_01
RatioPlotYLabel=Ratio
Scale=1000.0
XLabel=$\sqrt{d_{01}}$ (GeV)
LegendAlign=r
YLabel=$ \text{d} \sigma / \sqrt{d_{01}}$ (fb/GeV)
Legend=1
RatioPlot=4
MainPlotSelection={"Selection":[1,2,3,4,5,6,7,8]}
RatioPlots={"RatioPlotYLabel":"","Selection":[1,2]};{"RatioPlotYLabel":"","Selection":[3,4]};{"RatioPlotYLabel":"","Selection":[5,6]};{"RatioPlotYLabel":"","Selection":[7,8]}
RatioPlotSameStyle=1
RatioPlotYMin=0.0
# END PLOT


# BEGIN SPECIAL /MC_H2JETS_04_INC/log10_d_01
\rput[tl](0.05,0.75){\parbox{5cm}{\textcolor{gray}{{\bf Herwig 7.2.0} \\ HJETS/ColorFull}}}
# END SPECIAL

# BEGIN HISTO1D //homes/tinghua1/Merging-Project/Production/HJETS/ratio-plots/hjets-vbfnlo/H-N2-N3-4-25gev-combine.yoda/MC_H2JETS_04_INC/log10_d_01
ErrorBandColor=orange
ErrorBandOpacity=0.3
ErrorBands=1
ErrorType=env
LineColor=orange
LineStyle=solid
Path=//homes/tinghua1/Merging-Project/Production/HJETS/ratio-plots/hjets-vbfnlo/H-N2-N3-4-25gev-combine.yoda/MC_H2JETS_04_INC/log10_d_01
RatioPlotSameStyle=1
Title=h(2*,3*,4)
# xlow	 xhigh	 val	 errminus	 errplus
2.000000e-01	2.361292e-01	1.017245e-01	1.565013e-02	3.190558e-03
2.361291e-01	2.722583e-01	1.177657e-01	1.231212e-02	5.575103e-03
2.722583e-01	3.083875e-01	1.433374e-01	1.969238e-02	5.163981e-03
3.083874e-01	3.445165e-01	1.751817e-01	3.174674e-02	0.000000e+00
3.445165e-01	3.806457e-01	1.960016e-01	2.565014e-02	0.000000e+00
3.806457e-01	4.167748e-01	2.145566e-01	2.806571e-02	0.000000e+00
4.167748e-01	4.529039e-01	2.224988e-01	1.428917e-02	7.530052e-03
4.529039e-01	4.890331e-01	2.437038e-01	1.713246e-02	0.000000e+00
4.890331e-01	5.251621e-01	2.704060e-01	1.788478e-02	0.000000e+00
5.251623e-01	5.612913e-01	2.897816e-01	2.834004e-03	0.000000e+00
5.612913e-01	5.974205e-01	3.073699e-01	7.183386e-03	0.000000e+00
5.974204e-01	6.335495e-01	3.278811e-01	2.372963e-02	5.040258e-03
6.335497e-01	6.696787e-01	3.536493e-01	2.674991e-02	0.000000e+00
6.696787e-01	7.058079e-01	3.583204e-01	0.000000e+00	9.813669e-03
7.058080e-01	7.419370e-01	3.747674e-01	0.000000e+00	1.697496e-02
7.419370e-01	7.780660e-01	3.981289e-01	4.194984e-02	1.591183e-02
7.780661e-01	8.141953e-01	4.002405e-01	3.249338e-02	4.614965e-02
8.141954e-01	8.503245e-01	4.019170e-01	3.453200e-02	4.202762e-02
8.503244e-01	8.864534e-01	4.004404e-01	2.599926e-02	1.548336e-02
8.864535e-01	9.225827e-01	4.017617e-01	4.988873e-02	5.020205e-02
9.225828e-01	9.587118e-01	3.878087e-01	4.806707e-02	6.832443e-02
9.587118e-01	9.948408e-01	3.763589e-01	5.329499e-02	6.507497e-02
9.948404e-01	1.030970e+00	3.757603e-01	5.888134e-02	5.766266e-02
1.030970e+00	1.067098e+00	3.468460e-01	4.525700e-02	6.795178e-02
1.067100e+00	1.103228e+00	3.326679e-01	6.397310e-02	6.400537e-02
1.103229e+00	1.139358e+00	3.103845e-01	5.701943e-02	6.364970e-02
1.139357e+00	1.175487e+00	2.824797e-01	5.163775e-02	4.034542e-02
1.175487e+00	1.211615e+00	2.617106e-01	6.226953e-02	6.098857e-02
1.211617e+00	1.247745e+00	2.269757e-01	3.829766e-02	6.905018e-02
1.247746e+00	1.283875e+00	2.108733e-01	4.628005e-02	6.036284e-02
1.283874e+00	1.320002e+00	2.029878e-01	4.474699e-02	4.156680e-02
1.320002e+00	1.356131e+00	1.690833e-01	3.548861e-02	5.300119e-02
1.356132e+00	1.392261e+00	1.525509e-01	3.080857e-02	4.480716e-02
1.392261e+00	1.428391e+00	1.302762e-01	2.788749e-02	4.447667e-02
1.428391e+00	1.464519e+00	1.146451e-01	2.650151e-02	4.002533e-02
1.464519e+00	1.500648e+00	1.044077e-01	2.594628e-02	3.346074e-02
1.500649e+00	1.536778e+00	8.899485e-02	2.126026e-02	2.991774e-02
1.536778e+00	1.572906e+00	7.746436e-02	1.931775e-02	2.779236e-02
1.572906e+00	1.609035e+00	6.380827e-02	1.449675e-02	2.809178e-02
1.609036e+00	1.645165e+00	5.515658e-02	9.883971e-03	2.410415e-02
1.645165e+00	1.681293e+00	4.812381e-02	8.450884e-03	1.863160e-02
1.681294e+00	1.717424e+00	4.210958e-02	1.635380e-02	1.855912e-02
1.717423e+00	1.753552e+00	3.675388e-02	1.367135e-02	1.636184e-02
1.753553e+00	1.789682e+00	3.208843e-02	8.348725e-03	1.224628e-02
1.789682e+00	1.825811e+00	2.606714e-02	2.489125e-03	1.224970e-02
1.825812e+00	1.861940e+00	2.225612e-02	5.373822e-03	1.348893e-02
1.861940e+00	1.898069e+00	1.935506e-02	5.678206e-03	8.485455e-03
1.898069e+00	1.934198e+00	1.663188e-02	4.466146e-03	6.633909e-03
1.934198e+00	1.970328e+00	1.453066e-02	4.838132e-03	5.567279e-03
1.970329e+00	2.006458e+00	1.161464e-02	1.570165e-03	5.255388e-03
2.006458e+00	2.042587e+00	1.001884e-02	2.576313e-03	6.806809e-03
2.042585e+00	2.078714e+00	8.876055e-03	1.790855e-03	3.446669e-03
2.078715e+00	2.114844e+00	8.752636e-03	2.960209e-03	1.574096e-03
2.114845e+00	2.150974e+00	6.032500e-03	8.971380e-04	3.501531e-03
2.150972e+00	2.187101e+00	5.739722e-03	1.403559e-03	2.061939e-03
2.187102e+00	2.223231e+00	4.667522e-03	1.487896e-03	1.734781e-03
2.223231e+00	2.259361e+00	3.291827e-03	4.779961e-04	2.321362e-03
2.259362e+00	2.295491e+00	2.854851e-03	2.393033e-04	1.876659e-03
2.295489e+00	2.331618e+00	2.901921e-03	6.086712e-04	1.173213e-03
2.331619e+00	2.367748e+00	2.893061e-03	1.042801e-03	6.737081e-04
2.367749e+00	2.403878e+00	2.237993e-03	9.133021e-04	8.241236e-04
2.403876e+00	2.440005e+00	1.600730e-03	2.828581e-04	6.685054e-04
2.440006e+00	2.476135e+00	1.447601e-03	2.800011e-04	3.720025e-04
2.476135e+00	2.512265e+00	1.298457e-03	3.645184e-04	3.803249e-04
2.512266e+00	2.548395e+00	1.138547e-03	4.753245e-05	2.553223e-04
2.548393e+00	2.584522e+00	1.015437e-03	3.161419e-04	2.035692e-04
2.584523e+00	2.620652e+00	7.189103e-04	1.411066e-04	3.333834e-04
2.620653e+00	2.656782e+00	4.453481e-04	0.000000e+00	3.889391e-04
2.656780e+00	2.692909e+00	4.885422e-04	2.617255e-04	3.110620e-04
2.692910e+00	2.729039e+00	2.683311e-04	1.175305e-04	4.566087e-04
2.729040e+00	2.765169e+00	6.346018e-04	3.143959e-04	0.000000e+00
2.765168e+00	2.801298e+00	3.140349e-04	1.663297e-04	8.537033e-05
2.801297e+00	2.837426e+00	2.390897e-04	3.950248e-05	1.602181e-04
2.837427e+00	2.873556e+00	1.939731e-04	3.848349e-06	1.373455e-04
2.873557e+00	2.909686e+00	2.183357e-04	1.297101e-04	0.000000e+00
2.909686e+00	2.945815e+00	7.979551e-05	0.000000e+00	1.472739e-04
2.945813e+00	2.981942e+00	1.564261e-04	4.054834e-05	1.107520e-04
2.981943e+00	3.018072e+00	3.455759e-05	1.479437e-04	5.619627e-05
3.018072e+00	3.054202e+00	6.877570e-05	0.000000e+00	4.917614e-05
3.054203e+00	3.090332e+00	8.448080e-05	0.000000e+00	3.796338e-05
3.090330e+00	3.126459e+00	7.495400e-05	2.169711e-05	9.128855e-05
3.126460e+00	3.162589e+00	1.302880e-04	7.238017e-05	0.000000e+00
3.162590e+00	3.198719e+00	4.683102e-05	4.647153e-06	3.642362e-05
3.198717e+00	3.234846e+00	4.558399e-05	1.101531e-05	1.822204e-05
3.234847e+00	3.270976e+00	3.859550e-05	2.261519e-05	7.506352e-06
3.270977e+00	3.307106e+00	3.294807e-05	1.187564e-05	6.533948e-06
3.307105e+00	3.343235e+00	2.945785e-05	6.336471e-06	1.666103e-05
3.343234e+00	3.379363e+00	2.057139e-05	1.093282e-06	9.831221e-06
3.379364e+00	3.415493e+00	2.498242e-05	8.485917e-06	2.014427e-05
3.415494e+00	3.451623e+00	1.813453e-05	0.000000e+00	1.251539e-05
3.451621e+00	3.487750e+00	8.916734e-06	3.610986e-06	7.161172e-06
3.487751e+00	3.523880e+00	8.884060e-06	1.209062e-06	1.874588e-07
3.523881e+00	3.560010e+00	3.418553e-06	0.000000e+00	9.206291e-06
3.560009e+00	3.596139e+00	-3.692851e-06	0.000000e+00	1.518265e-05
3.596138e+00	3.632267e+00	8.204763e-06	2.111548e-06	1.571363e-05
3.632268e+00	3.668397e+00	9.287578e-06	6.628337e-06	1.617011e-07
3.668398e+00	3.704527e+00	5.103186e-06	0.000000e+00	6.797611e-06
3.704525e+00	3.740654e+00	2.286494e-06	0.000000e+00	1.989661e-06
3.740655e+00	3.776784e+00	6.455977e-06	8.996585e-06	0.000000e+00
3.776785e+00	3.812914e+00	-1.138782e-06	0.000000e+00	3.273022e-06
# END HISTO1D


# BEGIN HISTO1D //homes/tinghua1/Merging-Project/Production/HJETS/ratio-plots/hjets-vbfnlo/H-N2-N3-4-25gev-vbfnlo-combine.yoda/MC_H2JETS_04_INC/log10_d_01
ErrorBandColor=red
ErrorBandOpacity=0.3
ErrorBands=1
ErrorType=env
LineColor=red
LineStyle=solid
Path=//homes/tinghua1/Merging-Project/Production/HJETS/ratio-plots/hjets-vbfnlo/H-N2-N3-4-25gev-vbfnlo-combine.yoda/MC_H2JETS_04_INC/log10_d_01
RatioPlotSameStyle=1
Title=h(2*,3*,4)-vbfnlo
# xlow	 xhigh	 val	 errminus	 errplus
2.000000e-01	2.361292e-01	5.956705e-02	1.230244e-02	0.000000e+00
2.361291e-01	2.722583e-01	6.972075e-02	7.037825e-03	3.177208e-04
2.722583e-01	3.083875e-01	8.125627e-02	9.449751e-03	0.000000e+00
3.083874e-01	3.445165e-01	9.479691e-02	1.554617e-02	0.000000e+00
3.445165e-01	3.806457e-01	1.034535e-01	7.772051e-03	2.512206e-03
3.806457e-01	4.167748e-01	1.145198e-01	8.920676e-03	4.198416e-03
4.167748e-01	4.529039e-01	1.279574e-01	8.935733e-03	1.804197e-03
4.529039e-01	4.890331e-01	1.370706e-01	8.454602e-03	2.592335e-03
4.890331e-01	5.251621e-01	1.500919e-01	7.851953e-03	3.285080e-03
5.251623e-01	5.612913e-01	1.614008e-01	6.753254e-03	3.151393e-03
5.612913e-01	5.974205e-01	1.779530e-01	1.042055e-02	3.693024e-03
5.974204e-01	6.335495e-01	1.949179e-01	1.364759e-02	0.000000e+00
6.335497e-01	6.696787e-01	2.109183e-01	1.969653e-02	0.000000e+00
6.696787e-01	7.058079e-01	2.271387e-01	2.023388e-02	0.000000e+00
7.058080e-01	7.419370e-01	2.424700e-01	3.272024e-02	0.000000e+00
7.419370e-01	7.780660e-01	2.575563e-01	3.731803e-02	0.000000e+00
7.780661e-01	8.141953e-01	2.665352e-01	4.710993e-02	0.000000e+00
8.141954e-01	8.503245e-01	2.756322e-01	5.691412e-02	0.000000e+00
8.503244e-01	8.864534e-01	2.854519e-01	6.392099e-02	0.000000e+00
8.864535e-01	9.225827e-01	2.832202e-01	6.317743e-02	0.000000e+00
9.225828e-01	9.587118e-01	2.834837e-01	7.089994e-02	0.000000e+00
9.587118e-01	9.948408e-01	2.806732e-01	7.664957e-02	0.000000e+00
9.948404e-01	1.030970e+00	2.666632e-01	7.359931e-02	0.000000e+00
1.030970e+00	1.067098e+00	2.633053e-01	8.242384e-02	0.000000e+00
1.067100e+00	1.103228e+00	2.500673e-01	7.867364e-02	0.000000e+00
1.103229e+00	1.139358e+00	2.381551e-01	7.992491e-02	0.000000e+00
1.139357e+00	1.175487e+00	2.199245e-01	7.788995e-02	0.000000e+00
1.175487e+00	1.211615e+00	2.075447e-01	7.877423e-02	0.000000e+00
1.211617e+00	1.247745e+00	1.896357e-01	7.267159e-02	0.000000e+00
1.247746e+00	1.283875e+00	1.723296e-01	6.740632e-02	0.000000e+00
1.283874e+00	1.320002e+00	1.564727e-01	6.255584e-02	0.000000e+00
1.320002e+00	1.356131e+00	1.389955e-01	5.882023e-02	0.000000e+00
1.356132e+00	1.392261e+00	1.232434e-01	5.065164e-02	0.000000e+00
1.392261e+00	1.428391e+00	1.091728e-01	4.627152e-02	0.000000e+00
1.428391e+00	1.464519e+00	9.608115e-02	4.035852e-02	0.000000e+00
1.464519e+00	1.500648e+00	8.518113e-02	3.661790e-02	0.000000e+00
1.500649e+00	1.536778e+00	7.512978e-02	3.382717e-02	0.000000e+00
1.536778e+00	1.572906e+00	6.572806e-02	2.972396e-02	0.000000e+00
1.572906e+00	1.609035e+00	5.678762e-02	2.551156e-02	0.000000e+00
1.609036e+00	1.645165e+00	4.912289e-02	2.202252e-02	0.000000e+00
1.645165e+00	1.681293e+00	4.217122e-02	1.899650e-02	0.000000e+00
1.681294e+00	1.717424e+00	3.709114e-02	1.641498e-02	0.000000e+00
1.717423e+00	1.753552e+00	3.146948e-02	1.459184e-02	0.000000e+00
1.753553e+00	1.789682e+00	2.757064e-02	1.346436e-02	0.000000e+00
1.789682e+00	1.825811e+00	2.308871e-02	1.042213e-02	0.000000e+00
1.825812e+00	1.861940e+00	1.947713e-02	8.755844e-03	0.000000e+00
1.861940e+00	1.898069e+00	1.675899e-02	7.940145e-03	0.000000e+00
1.898069e+00	1.934198e+00	1.477185e-02	7.091998e-03	0.000000e+00
1.934198e+00	1.970328e+00	1.232652e-02	5.504127e-03	0.000000e+00
1.970329e+00	2.006458e+00	1.048506e-02	4.945005e-03	0.000000e+00
2.006458e+00	2.042587e+00	8.718678e-03	3.993913e-03	0.000000e+00
2.042585e+00	2.078714e+00	7.619007e-03	4.117861e-03	0.000000e+00
2.078715e+00	2.114844e+00	6.383279e-03	2.902148e-03	0.000000e+00
2.114845e+00	2.150974e+00	5.529469e-03	2.619029e-03	0.000000e+00
2.150972e+00	2.187101e+00	4.727947e-03	2.427059e-03	0.000000e+00
2.187102e+00	2.223231e+00	3.769318e-03	1.665803e-03	0.000000e+00
2.223231e+00	2.259361e+00	3.345062e-03	1.611654e-03	0.000000e+00
2.259362e+00	2.295491e+00	2.933915e-03	1.508985e-03	0.000000e+00
2.295489e+00	2.331618e+00	2.496348e-03	1.199400e-03	0.000000e+00
2.331619e+00	2.367748e+00	2.096205e-03	9.895826e-04	0.000000e+00
2.367749e+00	2.403878e+00	1.710017e-03	8.595386e-04	0.000000e+00
2.403876e+00	2.440005e+00	1.390547e-03	7.651114e-04	0.000000e+00
2.440006e+00	2.476135e+00	1.303568e-03	5.816676e-04	0.000000e+00
2.476135e+00	2.512265e+00	1.012179e-03	4.708702e-04	0.000000e+00
2.512266e+00	2.548395e+00	9.135919e-04	4.592967e-04	0.000000e+00
2.548393e+00	2.584522e+00	7.385674e-04	4.275062e-04	0.000000e+00
2.584523e+00	2.620652e+00	6.061668e-04	2.438235e-04	0.000000e+00
2.620653e+00	2.656782e+00	5.190999e-04	1.930629e-04	0.000000e+00
2.656780e+00	2.692909e+00	4.469432e-04	2.197831e-04	0.000000e+00
2.692910e+00	2.729039e+00	3.953035e-04	1.783144e-04	0.000000e+00
2.729040e+00	2.765169e+00	3.474956e-04	1.586073e-04	0.000000e+00
2.765168e+00	2.801298e+00	2.733404e-04	1.536234e-04	0.000000e+00
2.801297e+00	2.837426e+00	2.139486e-04	1.069267e-04	0.000000e+00
2.837427e+00	2.873556e+00	1.818625e-04	5.663431e-05	0.000000e+00
2.873557e+00	2.909686e+00	1.641893e-04	7.245952e-05	0.000000e+00
2.909686e+00	2.945815e+00	1.393564e-04	6.969767e-05	0.000000e+00
2.945813e+00	2.981942e+00	1.384305e-04	7.095923e-05	0.000000e+00
2.981943e+00	3.018072e+00	1.194388e-04	7.840065e-05	0.000000e+00
3.018072e+00	3.054202e+00	8.719914e-05	4.570443e-05	0.000000e+00
3.054203e+00	3.090332e+00	7.993880e-05	4.777885e-05	0.000000e+00
3.090330e+00	3.126459e+00	6.787044e-05	3.152110e-05	0.000000e+00
3.126460e+00	3.162589e+00	5.202948e-05	3.179938e-05	0.000000e+00
3.162590e+00	3.198719e+00	4.356866e-05	1.895826e-05	9.317584e-06
3.198717e+00	3.234846e+00	6.282504e-05	5.033089e-05	0.000000e+00
3.234847e+00	3.270976e+00	3.516555e-05	2.586908e-05	0.000000e+00
3.270977e+00	3.307106e+00	2.951842e-05	1.163004e-05	0.000000e+00
3.307105e+00	3.343235e+00	2.300727e-05	7.365931e-06	0.000000e+00
3.343234e+00	3.379363e+00	1.676984e-05	1.319057e-05	1.518622e-06
3.379364e+00	3.415493e+00	1.363995e-05	8.214321e-06	7.944172e-07
3.415494e+00	3.451623e+00	1.072863e-05	2.372864e-06	3.455152e-06
3.451621e+00	3.487750e+00	1.042000e-05	5.414731e-06	0.000000e+00
3.487751e+00	3.523880e+00	1.521558e-05	1.121045e-05	0.000000e+00
3.523881e+00	3.560010e+00	4.960533e-06	0.000000e+00	5.293446e-06
3.560009e+00	3.596139e+00	1.030897e-05	4.976717e-06	0.000000e+00
3.596138e+00	3.632267e+00	4.378139e-06	1.851675e-06	3.011110e-06
3.632268e+00	3.668397e+00	4.490930e-06	9.870243e-07	2.360633e-06
3.668398e+00	3.704527e+00	5.428669e-06	3.113904e-06	0.000000e+00
3.704525e+00	3.740654e+00	3.161042e-06	1.992574e-06	0.000000e+00
3.740655e+00	3.776784e+00	2.940903e-06	3.467234e-06	0.000000e+00
3.776785e+00	3.812914e+00	2.992167e-06	2.589468e-06	0.000000e+00
# END HISTO1D


# BEGIN HISTO1D //homes/tinghua1/Merging-Project/Production/HJETS/ratio-plots/hjets-vbfnlo/H-N2-3-4-25gev-combine.yoda/MC_H2JETS_04_INC/log10_d_01
ErrorBandColor=blue
ErrorBandOpacity=0.3
ErrorBands=1
ErrorType=env
LineColor=blue
LineStyle=solid
Path=//homes/tinghua1/Merging-Project/Production/HJETS/ratio-plots/hjets-vbfnlo/H-N2-3-4-25gev-combine.yoda/MC_H2JETS_04_INC/log10_d_01
RatioPlotSameStyle=1
Title=h(2*,3,4)
# xlow	 xhigh	 val	 errminus	 errplus
2.000000e-01	2.361292e-01	1.011265e-01	2.060699e-02	5.525352e-03
2.361291e-01	2.722583e-01	1.234826e-01	1.768664e-02	2.027308e-03
2.722583e-01	3.083875e-01	1.436424e-01	1.874608e-02	3.472852e-03
3.083874e-01	3.445165e-01	1.721813e-01	2.332051e-02	0.000000e+00
3.445165e-01	3.806457e-01	1.896400e-01	2.321156e-02	0.000000e+00
3.806457e-01	4.167748e-01	2.089208e-01	2.148791e-02	0.000000e+00
4.167748e-01	4.529039e-01	2.302332e-01	2.206844e-02	0.000000e+00
4.529039e-01	4.890331e-01	2.475014e-01	2.223708e-02	0.000000e+00
4.890331e-01	5.251621e-01	2.672728e-01	2.271820e-02	0.000000e+00
5.251623e-01	5.612913e-01	2.864818e-01	1.625720e-02	0.000000e+00
5.612913e-01	5.974205e-01	3.077173e-01	1.759408e-02	0.000000e+00
5.974204e-01	6.335495e-01	3.319089e-01	2.608700e-02	0.000000e+00
6.335497e-01	6.696787e-01	3.466712e-01	1.926923e-02	1.154471e-03
6.696787e-01	7.058079e-01	3.647933e-01	2.259281e-02	8.851843e-03
7.058080e-01	7.419370e-01	3.812024e-01	2.938462e-02	1.240717e-02
7.419370e-01	7.780660e-01	3.938955e-01	3.437838e-02	1.785126e-02
7.780661e-01	8.141953e-01	3.984074e-01	3.305498e-02	2.845593e-02
8.141954e-01	8.503245e-01	4.024053e-01	3.740946e-02	3.650990e-02
8.503244e-01	8.864534e-01	4.068247e-01	4.475672e-02	3.933976e-02
8.864535e-01	9.225827e-01	4.023967e-01	5.109219e-02	4.982535e-02
9.225828e-01	9.587118e-01	3.914983e-01	4.639529e-02	5.955144e-02
9.587118e-01	9.948408e-01	3.850746e-01	5.723973e-02	5.699201e-02
9.948404e-01	1.030970e+00	3.663194e-01	5.571298e-02	6.511316e-02
1.030970e+00	1.067098e+00	3.452130e-01	5.445321e-02	6.883252e-02
1.067100e+00	1.103228e+00	3.248080e-01	5.521553e-02	7.051261e-02
1.103229e+00	1.139358e+00	3.030325e-01	5.127784e-02	7.069196e-02
1.139357e+00	1.175487e+00	2.794869e-01	5.289582e-02	6.661777e-02
1.175487e+00	1.211615e+00	2.582180e-01	4.930934e-02	6.530355e-02
1.211617e+00	1.247745e+00	2.336945e-01	4.614933e-02	6.269008e-02
1.247746e+00	1.283875e+00	2.102927e-01	4.904935e-02	6.159177e-02
1.283874e+00	1.320002e+00	1.886271e-01	3.921531e-02	5.747593e-02
1.320002e+00	1.356131e+00	1.683396e-01	3.524759e-02	5.345578e-02
1.356132e+00	1.392261e+00	1.488492e-01	3.071195e-02	4.836727e-02
1.392261e+00	1.428391e+00	1.334489e-01	3.198104e-02	4.273153e-02
1.428391e+00	1.464519e+00	1.159387e-01	2.710476e-02	3.906452e-02
1.464519e+00	1.500648e+00	1.025158e-01	2.369216e-02	3.787608e-02
1.500649e+00	1.536778e+00	8.896720e-02	2.151969e-02	3.355916e-02
1.536778e+00	1.572906e+00	7.659697e-02	1.854364e-02	2.947942e-02
1.572906e+00	1.609035e+00	6.675801e-02	1.606059e-02	2.492953e-02
1.609036e+00	1.645165e+00	5.626934e-02	1.511608e-02	2.373866e-02
1.645165e+00	1.681293e+00	5.036685e-02	1.257815e-02	1.898563e-02
1.681294e+00	1.717424e+00	4.288270e-02	1.091121e-02	1.732735e-02
1.717423e+00	1.753552e+00	3.671145e-02	8.612389e-03	1.452880e-02
1.753553e+00	1.789682e+00	3.175192e-02	8.076141e-03	1.310011e-02
1.789682e+00	1.825811e+00	2.733896e-02	6.778452e-03	1.070399e-02
1.825812e+00	1.861940e+00	2.271061e-02	5.355064e-03	9.773788e-03
1.861940e+00	1.898069e+00	1.930955e-02	4.348869e-03	8.408982e-03
1.898069e+00	1.934198e+00	1.690822e-02	4.354328e-03	6.631684e-03
1.934198e+00	1.970328e+00	1.474499e-02	4.299958e-03	5.593894e-03
1.970329e+00	2.006458e+00	1.194685e-02	2.976066e-03	5.492961e-03
2.006458e+00	2.042587e+00	1.027043e-02	2.054668e-03	5.221146e-03
2.042585e+00	2.078714e+00	8.596723e-03	1.779255e-03	4.252301e-03
2.078715e+00	2.114844e+00	7.347541e-03	1.777710e-03	3.573536e-03
2.114845e+00	2.150974e+00	6.352977e-03	1.725259e-03	2.713842e-03
2.150972e+00	2.187101e+00	5.549293e-03	1.647458e-03	2.104177e-03
2.187102e+00	2.223231e+00	4.533951e-03	1.239777e-03	2.306889e-03
2.223231e+00	2.259361e+00	3.947631e-03	1.057658e-03	1.557631e-03
2.259362e+00	2.295491e+00	3.364328e-03	9.280492e-04	1.374735e-03
2.295489e+00	2.331618e+00	2.755687e-03	7.187074e-04	1.288704e-03
2.331619e+00	2.367748e+00	2.286584e-03	5.433677e-04	1.142960e-03
2.367749e+00	2.403878e+00	2.028534e-03	5.942301e-04	1.207072e-03
2.403876e+00	2.440005e+00	1.699460e-03	3.934003e-04	7.580202e-04
2.440006e+00	2.476135e+00	1.502610e-03	3.815669e-04	5.898840e-04
2.476135e+00	2.512265e+00	1.179821e-03	2.773504e-04	5.884993e-04
2.512266e+00	2.548395e+00	1.042694e-03	2.388826e-04	4.753301e-04
2.548393e+00	2.584522e+00	8.424595e-04	1.922824e-04	4.109004e-04
2.584523e+00	2.620652e+00	7.867757e-04	2.387558e-04	1.791624e-04
2.620653e+00	2.656782e+00	6.988151e-04	2.459193e-04	1.756619e-04
2.656780e+00	2.692909e+00	4.819491e-04	9.677655e-05	2.194254e-04
2.692910e+00	2.729039e+00	4.326452e-04	3.670210e-05	2.068446e-04
2.729040e+00	2.765169e+00	4.041980e-04	8.250325e-05	1.464630e-04
2.765168e+00	2.801298e+00	3.575768e-04	8.353440e-05	1.023515e-04
2.801297e+00	2.837426e+00	3.072867e-04	8.953547e-05	7.203161e-05
2.837427e+00	2.873556e+00	2.475043e-04	4.517147e-05	1.115352e-04
2.873557e+00	2.909686e+00	1.644191e-04	2.606399e-05	1.491044e-04
2.909686e+00	2.945815e+00	1.945252e-04	3.702411e-05	0.000000e+00
2.945813e+00	2.981942e+00	1.756466e-04	6.617626e-05	0.000000e+00
2.981943e+00	3.018072e+00	9.576991e-05	2.696338e-06	6.605832e-05
3.018072e+00	3.054202e+00	9.558229e-05	2.622380e-05	3.796366e-05
3.054203e+00	3.090332e+00	6.036530e-05	4.289850e-06	6.218791e-05
3.090330e+00	3.126459e+00	1.884294e-05	0.000000e+00	5.380537e-04
3.126460e+00	3.162589e+00	3.316671e-05	0.000000e+00	5.236414e-05
3.162590e+00	3.198719e+00	5.680667e-05	7.849318e-06	1.376562e-05
3.198717e+00	3.234846e+00	4.729027e-05	0.000000e+00	1.405497e-05
3.234847e+00	3.270976e+00	3.857793e-05	1.527238e-05	0.000000e+00
3.270977e+00	3.307106e+00	3.048258e-05	1.866625e-05	1.498170e-05
3.307105e+00	3.343235e+00	2.642322e-05	9.898337e-06	0.000000e+00
3.343234e+00	3.379363e+00	2.538028e-05	4.343763e-06	1.098164e-05
3.379364e+00	3.415493e+00	2.159957e-05	8.594331e-06	9.320609e-06
3.415494e+00	3.451623e+00	2.438564e-05	1.670182e-05	0.000000e+00
3.451621e+00	3.487750e+00	1.977124e-05	1.076971e-05	1.486889e-05
3.487751e+00	3.523880e+00	3.023209e-05	2.123207e-05	0.000000e+00
3.523881e+00	3.560010e+00	9.971638e-06	0.000000e+00	6.932616e-06
3.560009e+00	3.596139e+00	1.631340e-05	9.910313e-06	0.000000e+00
3.596138e+00	3.632267e+00	8.580285e-06	4.076025e-06	2.860539e-06
3.632268e+00	3.668397e+00	9.876473e-06	5.798743e-06	0.000000e+00
3.668398e+00	3.704527e+00	3.836015e-06	1.688861e-06	1.325412e-06
3.704525e+00	3.740654e+00	7.193980e-06	5.489325e-06	8.474716e-07
3.740655e+00	3.776784e+00	5.069213e-06	3.808797e-06	0.000000e+00
3.776785e+00	3.812914e+00	4.329605e-06	3.265462e-06	0.000000e+00
# END HISTO1D


# BEGIN HISTO1D //homes/tinghua1/Merging-Project/Production/HJETS/ratio-plots/hjets-vbfnlo/H-N2-3-4-25gev-vbfnlo-combine.yoda/MC_H2JETS_04_INC/log10_d_01
ErrorBandColor=cyan
ErrorBandOpacity=0.3
ErrorBands=1
ErrorType=env
LineColor=cyan
LineStyle=solid
Path=//homes/tinghua1/Merging-Project/Production/HJETS/ratio-plots/hjets-vbfnlo/H-N2-3-4-25gev-vbfnlo-combine.yoda/MC_H2JETS_04_INC/log10_d_01
RatioPlotSameStyle=1
Title=h(2*,3,4)-vbfnlo
# xlow	 xhigh	 val	 errminus	 errplus
2.000000e-01	2.361292e-01	5.780584e-02	9.105735e-03	4.944214e-04
2.361291e-01	2.722583e-01	6.901927e-02	9.515184e-03	2.407471e-04
2.722583e-01	3.083875e-01	8.193963e-02	1.114838e-02	0.000000e+00
3.083874e-01	3.445165e-01	9.418712e-02	1.202693e-02	0.000000e+00
3.445165e-01	3.806457e-01	1.073571e-01	1.263236e-02	0.000000e+00
3.806457e-01	4.167748e-01	1.183922e-01	1.227971e-02	0.000000e+00
4.167748e-01	4.529039e-01	1.301607e-01	1.331561e-02	0.000000e+00
4.529039e-01	4.890331e-01	1.399830e-01	1.362909e-02	0.000000e+00
4.890331e-01	5.251621e-01	1.521669e-01	1.186180e-02	0.000000e+00
5.251623e-01	5.612913e-01	1.673540e-01	1.250255e-02	0.000000e+00
5.612913e-01	5.974205e-01	1.805082e-01	1.265353e-02	0.000000e+00
5.974204e-01	6.335495e-01	1.947040e-01	1.441445e-02	0.000000e+00
6.335497e-01	6.696787e-01	2.071698e-01	1.521809e-02	1.997171e-03
6.696787e-01	7.058079e-01	2.197192e-01	1.717879e-02	5.784103e-03
7.058080e-01	7.419370e-01	2.320759e-01	1.901221e-02	8.107343e-03
7.419370e-01	7.780660e-01	2.416067e-01	2.420736e-02	1.331132e-02
7.780661e-01	8.141953e-01	2.469579e-01	2.579271e-02	1.985524e-02
8.141954e-01	8.503245e-01	2.516607e-01	2.789344e-02	2.465329e-02
8.503244e-01	8.864534e-01	2.519607e-01	3.072413e-02	3.064303e-02
8.864535e-01	9.225827e-01	2.509952e-01	3.104602e-02	3.594832e-02
9.225828e-01	9.587118e-01	2.482408e-01	3.938529e-02	3.662707e-02
9.587118e-01	9.948408e-01	2.395817e-01	3.752609e-02	4.123961e-02
9.948404e-01	1.030970e+00	2.296230e-01	3.631862e-02	4.502099e-02
1.030970e+00	1.067098e+00	2.187098e-01	3.790274e-02	4.558784e-02
1.067100e+00	1.103228e+00	2.050234e-01	3.697996e-02	4.717551e-02
1.103229e+00	1.139358e+00	1.924894e-01	3.590556e-02	4.471712e-02
1.139357e+00	1.175487e+00	1.768726e-01	3.431367e-02	4.583349e-02
1.175487e+00	1.211615e+00	1.606310e-01	3.141122e-02	4.618766e-02
1.211617e+00	1.247745e+00	1.478489e-01	3.207011e-02	4.104251e-02
1.247746e+00	1.283875e+00	1.322169e-01	2.835896e-02	4.155656e-02
1.283874e+00	1.320002e+00	1.184706e-01	2.497099e-02	3.735401e-02
1.320002e+00	1.356131e+00	1.053664e-01	2.228434e-02	3.468242e-02
1.356132e+00	1.392261e+00	9.289701e-02	2.071466e-02	3.194857e-02
1.392261e+00	1.428391e+00	8.154631e-02	1.756070e-02	2.934044e-02
1.428391e+00	1.464519e+00	7.225057e-02	1.767395e-02	2.528371e-02
1.464519e+00	1.500648e+00	6.323405e-02	1.516419e-02	2.225921e-02
1.500649e+00	1.536778e+00	5.486714e-02	1.282745e-02	2.011066e-02
1.536778e+00	1.572906e+00	4.818581e-02	1.220518e-02	1.724925e-02
1.572906e+00	1.609035e+00	4.087201e-02	9.793877e-03	1.513798e-02
1.609036e+00	1.645165e+00	3.576899e-02	9.557829e-03	1.386908e-02
1.645165e+00	1.681293e+00	3.064308e-02	7.677719e-03	1.181765e-02
1.681294e+00	1.717424e+00	2.632926e-02	6.866084e-03	1.014559e-02
1.717423e+00	1.753552e+00	2.254393e-02	5.657619e-03	8.925246e-03
1.753553e+00	1.789682e+00	1.948758e-02	5.120864e-03	7.608810e-03
1.789682e+00	1.825811e+00	1.666617e-02	4.174065e-03	6.465460e-03
1.825812e+00	1.861940e+00	1.390536e-02	3.501976e-03	5.799136e-03
1.861940e+00	1.898069e+00	1.189612e-02	2.929785e-03	5.088466e-03
1.898069e+00	1.934198e+00	1.032234e-02	2.477915e-03	4.082424e-03
1.934198e+00	1.970328e+00	8.948613e-03	2.436933e-03	3.399200e-03
1.970329e+00	2.006458e+00	7.316344e-03	1.819599e-03	3.212248e-03
2.006458e+00	2.042587e+00	6.261186e-03	1.600479e-03	2.779440e-03
2.042585e+00	2.078714e+00	5.181201e-03	1.188264e-03	2.580368e-03
2.078715e+00	2.114844e+00	4.531567e-03	1.046708e-03	1.871718e-03
2.114845e+00	2.150974e+00	3.860876e-03	1.073171e-03	1.598090e-03
2.150972e+00	2.187101e+00	3.241374e-03	8.355529e-04	1.416784e-03
2.187102e+00	2.223231e+00	2.770353e-03	7.421468e-04	1.238108e-03
2.223231e+00	2.259361e+00	2.288980e-03	5.977800e-04	1.036517e-03
2.259362e+00	2.295491e+00	1.990822e-03	5.346976e-04	8.465413e-04
2.295489e+00	2.331618e+00	1.650659e-03	4.311229e-04	6.402832e-04
2.331619e+00	2.367748e+00	1.431132e-03	3.102167e-04	5.956063e-04
2.367749e+00	2.403878e+00	1.193516e-03	2.945706e-04	5.490069e-04
2.403876e+00	2.440005e+00	1.057562e-03	2.961953e-04	3.745515e-04
2.440006e+00	2.476135e+00	8.569664e-04	1.751399e-04	3.273794e-04
2.476135e+00	2.512265e+00	7.607110e-04	1.708395e-04	3.060869e-04
2.512266e+00	2.548395e+00	6.391785e-04	1.571286e-04	2.394968e-04
2.548393e+00	2.584522e+00	4.929292e-04	9.390822e-05	2.128664e-04
2.584523e+00	2.620652e+00	4.692950e-04	1.277259e-04	1.233693e-04
2.620653e+00	2.656782e+00	4.112818e-04	1.218539e-04	1.156135e-04
2.656780e+00	2.692909e+00	3.162053e-04	9.527150e-05	1.646193e-04
2.692910e+00	2.729039e+00	2.555896e-04	7.523585e-05	1.297507e-04
2.729040e+00	2.765169e+00	2.238741e-04	4.822849e-05	1.032042e-04
2.765168e+00	2.801298e+00	1.888511e-04	4.088993e-05	9.012621e-05
2.801297e+00	2.837426e+00	1.466144e-04	2.288369e-05	9.769648e-05
2.837427e+00	2.873556e+00	6.682715e-05	0.000000e+00	1.108554e-04
2.873557e+00	2.909686e+00	1.111211e-04	3.605799e-05	5.670658e-05
2.909686e+00	2.945815e+00	8.706731e-05	0.000000e+00	5.249188e-05
2.945813e+00	2.981942e+00	8.346993e-05	1.159083e-05	3.783675e-05
2.981943e+00	3.018072e+00	6.543585e-05	9.972515e-06	2.552833e-05
3.018072e+00	3.054202e+00	5.694509e-05	7.491115e-06	1.667611e-05
3.054203e+00	3.090332e+00	5.028852e-05	2.064989e-05	2.099837e-05
3.090330e+00	3.126459e+00	4.184270e-05	1.349664e-05	2.426115e-05
3.126460e+00	3.162589e+00	3.492881e-05	9.990885e-06	1.484710e-05
3.162590e+00	3.198719e+00	7.524125e-06	0.000000e+00	3.929386e-05
3.198717e+00	3.234846e+00	2.001470e-05	0.000000e+00	1.922677e-05
3.234847e+00	3.270976e+00	2.037230e-05	1.979523e-06	1.211172e-05
3.270977e+00	3.307106e+00	1.190149e-05	0.000000e+00	1.242068e-05
3.307105e+00	3.343235e+00	1.631860e-05	2.870033e-06	3.698397e-06
3.343234e+00	3.379363e+00	1.469688e-05	1.126176e-06	9.133236e-06
3.379364e+00	3.415493e+00	7.874115e-06	0.000000e+00	7.576437e-06
3.415494e+00	3.451623e+00	1.132375e-05	0.000000e+00	4.267663e-06
3.451621e+00	3.487750e+00	4.140909e-06	0.000000e+00	7.863567e-06
3.487751e+00	3.523880e+00	5.556456e-06	1.591658e-06	3.859717e-06
3.523881e+00	3.560010e+00	7.334972e-06	2.184528e-06	8.138642e-07
3.560009e+00	3.596139e+00	7.744772e-06	4.580833e-06	0.000000e+00
3.596138e+00	3.632267e+00	6.554009e-06	3.453431e-06	0.000000e+00
3.632268e+00	3.668397e+00	2.565571e-06	0.000000e+00	4.030693e-06
3.668398e+00	3.704527e+00	2.882842e-06	1.934122e-07	2.597418e-06
3.704525e+00	3.740654e+00	2.278394e-06	3.314540e-07	1.432138e-06
3.740655e+00	3.776784e+00	2.286699e-06	8.283415e-07	2.499451e-06
3.776785e+00	3.812914e+00	1.810441e-06	0.000000e+00	2.504957e-06
# END HISTO1D


# BEGIN HISTO1D //homes/tinghua1/Merging-Project/Production/HJETS/ratio-plots/hjets-vbfnlo/H-2-3-4-25gev-combine.yoda/MC_H2JETS_04_INC/log10_d_01
ErrorBandColor=yellow
ErrorBandOpacity=0.3
ErrorBands=1
ErrorType=env
LineColor=yellow
LineStyle=solid
Path=//homes/tinghua1/Merging-Project/Production/HJETS/ratio-plots/hjets-vbfnlo/H-2-3-4-25gev-combine.yoda/MC_H2JETS_04_INC/log10_d_01
RatioPlotSameStyle=1
Title=h(2,3,4)
# xlow	 xhigh	 val	 errminus	 errplus
2.000000e-01	2.361292e-01	9.555107e-02	1.773056e-02	4.790543e-03
2.361291e-01	2.722583e-01	1.157427e-01	2.025594e-02	3.700663e-03
2.722583e-01	3.083875e-01	1.362552e-01	2.136582e-02	2.546451e-03
3.083874e-01	3.445165e-01	1.555476e-01	2.058070e-02	2.330255e-03
3.445165e-01	3.806457e-01	1.763925e-01	2.352297e-02	9.267573e-04
3.806457e-01	4.167748e-01	1.950133e-01	2.391659e-02	6.307104e-04
4.167748e-01	4.529039e-01	2.128186e-01	2.408596e-02	1.812666e-04
4.529039e-01	4.890331e-01	2.309547e-01	2.552445e-02	0.000000e+00
4.890331e-01	5.251621e-01	2.468005e-01	2.097412e-02	0.000000e+00
5.251623e-01	5.612913e-01	2.695199e-01	2.367078e-02	0.000000e+00
5.612913e-01	5.974205e-01	2.894387e-01	2.624368e-02	0.000000e+00
5.974204e-01	6.335495e-01	3.141338e-01	3.189368e-02	0.000000e+00
6.335497e-01	6.696787e-01	3.257834e-01	2.617392e-02	5.092848e-03
6.696787e-01	7.058079e-01	3.435836e-01	3.144437e-02	7.022575e-03
7.058080e-01	7.419370e-01	3.564573e-01	3.455829e-02	1.454036e-02
7.419370e-01	7.780660e-01	3.682287e-01	3.751104e-02	2.302964e-02
7.780661e-01	8.141953e-01	3.782057e-01	4.245956e-02	2.634545e-02
8.141954e-01	8.503245e-01	3.800914e-01	4.181228e-02	3.648140e-02
8.503244e-01	8.864534e-01	3.819871e-01	5.023098e-02	4.331052e-02
8.864535e-01	9.225827e-01	3.763734e-01	5.091311e-02	4.924853e-02
9.225828e-01	9.587118e-01	3.703300e-01	5.386877e-02	5.384967e-02
9.587118e-01	9.948408e-01	3.598191e-01	5.717690e-02	5.879554e-02
9.948404e-01	1.030970e+00	3.424320e-01	5.498975e-02	6.696707e-02
1.030970e+00	1.067098e+00	3.289197e-01	5.798071e-02	6.368541e-02
1.067100e+00	1.103228e+00	3.087614e-01	5.718528e-02	6.528550e-02
1.103229e+00	1.139358e+00	2.860813e-01	5.401716e-02	6.928589e-02
1.139357e+00	1.175487e+00	2.649846e-01	5.191824e-02	6.649089e-02
1.175487e+00	1.211615e+00	2.437322e-01	5.128789e-02	6.404489e-02
1.211617e+00	1.247745e+00	2.200303e-01	4.528869e-02	6.437477e-02
1.247746e+00	1.283875e+00	1.979933e-01	4.170143e-02	6.004088e-02
1.283874e+00	1.320002e+00	1.786924e-01	3.958889e-02	5.678485e-02
1.320002e+00	1.356131e+00	1.606367e-01	3.766307e-02	5.098486e-02
1.356132e+00	1.392261e+00	1.417681e-01	3.309491e-02	4.794342e-02
1.392261e+00	1.428391e+00	1.249466e-01	3.088503e-02	4.438904e-02
1.428391e+00	1.464519e+00	1.101477e-01	2.715005e-02	4.122694e-02
1.464519e+00	1.500648e+00	9.560395e-02	2.208420e-02	3.622705e-02
1.500649e+00	1.536778e+00	8.454823e-02	2.179169e-02	3.146868e-02
1.536778e+00	1.572906e+00	7.309942e-02	1.851474e-02	2.831412e-02
1.572906e+00	1.609035e+00	6.304315e-02	1.626336e-02	2.532381e-02
1.609036e+00	1.645165e+00	5.457228e-02	1.402928e-02	2.204473e-02
1.645165e+00	1.681293e+00	4.717872e-02	1.188937e-02	1.897138e-02
1.681294e+00	1.717424e+00	4.050122e-02	1.047551e-02	1.692117e-02
1.717423e+00	1.753552e+00	3.489230e-02	8.804880e-03	1.484857e-02
1.753553e+00	1.789682e+00	2.962426e-02	7.821420e-03	1.242163e-02
1.789682e+00	1.825811e+00	2.569530e-02	6.380877e-03	1.082276e-02
1.825812e+00	1.861940e+00	2.179812e-02	5.982980e-03	9.559152e-03
1.861940e+00	1.898069e+00	1.860363e-02	4.635669e-03	8.003438e-03
1.898069e+00	1.934198e+00	1.584791e-02	4.168128e-03	6.777694e-03
1.934198e+00	1.970328e+00	1.363270e-02	3.792848e-03	5.705140e-03
1.970329e+00	2.006458e+00	1.149027e-02	3.151587e-03	5.128420e-03
2.006458e+00	2.042587e+00	9.697755e-03	2.552097e-03	4.486891e-03
2.042585e+00	2.078714e+00	8.346777e-03	2.379335e-03	3.752993e-03
2.078715e+00	2.114844e+00	7.119040e-03	1.947305e-03	3.187105e-03
2.114845e+00	2.150974e+00	5.951554e-03	1.464627e-03	2.777553e-03
2.150972e+00	2.187101e+00	5.033181e-03	1.376277e-03	2.392815e-03
2.187102e+00	2.223231e+00	4.409975e-03	1.197603e-03	1.946600e-03
2.223231e+00	2.259361e+00	3.685037e-03	9.636239e-04	1.603393e-03
2.259362e+00	2.295491e+00	3.132752e-03	7.588547e-04	1.453932e-03
2.295489e+00	2.331618e+00	2.688181e-03	7.259985e-04	1.151596e-03
2.331619e+00	2.367748e+00	2.312192e-03	7.024637e-04	9.780434e-04
2.367749e+00	2.403878e+00	1.888653e-03	4.582593e-04	8.032168e-04
2.403876e+00	2.440005e+00	1.618983e-03	4.361790e-04	7.263406e-04
2.440006e+00	2.476135e+00	1.371840e-03	4.437593e-04	5.992496e-04
2.476135e+00	2.512265e+00	1.153248e-03	2.984442e-04	4.825940e-04
2.512266e+00	2.548395e+00	9.843187e-04	2.727864e-04	3.761289e-04
2.548393e+00	2.584522e+00	8.037073e-04	1.837100e-04	3.415796e-04
2.584523e+00	2.620652e+00	7.107947e-04	1.957904e-04	3.044715e-04
2.620653e+00	2.656782e+00	5.927286e-04	1.840959e-04	2.545506e-04
2.656780e+00	2.692909e+00	4.732373e-04	9.624900e-05	2.693969e-04
2.692910e+00	2.729039e+00	4.067306e-04	1.583521e-04	2.078768e-04
2.729040e+00	2.765169e+00	3.285674e-04	7.153511e-05	2.055451e-04
2.765168e+00	2.801298e+00	3.155198e-04	1.060159e-04	1.297000e-04
2.801297e+00	2.837426e+00	2.282115e-04	6.232201e-05	1.649618e-04
2.837427e+00	2.873556e+00	2.369726e-04	1.014644e-04	1.325981e-04
2.873557e+00	2.909686e+00	1.926397e-04	4.708328e-05	5.439868e-05
2.909686e+00	2.945815e+00	1.535384e-04	3.493257e-05	6.899380e-05
2.945813e+00	2.981942e+00	1.336907e-04	4.325450e-05	5.508021e-05
2.981943e+00	3.018072e+00	1.117547e-04	2.641648e-05	4.239674e-05
3.018072e+00	3.054202e+00	1.009184e-04	3.092962e-05	4.658074e-05
3.054203e+00	3.090332e+00	9.191433e-05	3.660741e-05	1.965573e-05
3.090330e+00	3.126459e+00	6.788710e-05	1.098763e-05	3.206280e-05
3.126460e+00	3.162589e+00	6.807318e-05	2.683528e-05	1.393379e-05
3.162590e+00	3.198719e+00	4.668302e-05	7.694428e-06	2.228149e-05
3.198717e+00	3.234846e+00	4.192150e-05	1.486826e-05	2.378663e-05
3.234847e+00	3.270976e+00	3.085120e-05	3.683188e-06	1.736887e-05
3.270977e+00	3.307106e+00	3.051455e-05	1.470849e-05	1.790124e-05
3.307105e+00	3.343235e+00	3.419242e-05	1.241093e-05	0.000000e+00
3.343234e+00	3.379363e+00	2.093579e-05	7.396601e-06	1.359447e-05
3.379364e+00	3.415493e+00	2.020913e-05	4.456827e-06	0.000000e+00
3.415494e+00	3.451623e+00	1.877217e-05	7.030386e-06	2.203097e-06
3.451621e+00	3.487750e+00	9.857566e-06	3.786017e-06	9.495189e-06
3.487751e+00	3.523880e+00	1.049575e-05	7.524579e-06	0.000000e+00
3.523881e+00	3.560010e+00	1.225676e-05	3.189828e-06	0.000000e+00
3.560009e+00	3.596139e+00	9.925956e-06	4.830232e-06	0.000000e+00
3.596138e+00	3.632267e+00	7.409640e-06	3.619325e-06	2.969357e-06
3.632268e+00	3.668397e+00	6.484677e-06	6.214978e-06	0.000000e+00
3.668398e+00	3.704527e+00	1.820636e-06	0.000000e+00	3.005548e-06
3.704525e+00	3.740654e+00	4.784605e-06	1.979933e-06	6.247031e-07
3.740655e+00	3.776784e+00	3.144380e-06	0.000000e+00	8.213928e-07
3.776785e+00	3.812914e+00	2.685310e-06	2.149398e-06	1.721065e-06
# END HISTO1D


# BEGIN HISTO1D //homes/tinghua1/Merging-Project/Production/HJETS/ratio-plots/hjets-vbfnlo/H-2-3-4-25gev-vbfnlo-combine.yoda/MC_H2JETS_04_INC/log10_d_01
ErrorBandColor=green
ErrorBandOpacity=0.3
ErrorBands=1
ErrorType=env
LineColor=green
LineStyle=solid
Path=//homes/tinghua1/Merging-Project/Production/HJETS/ratio-plots/hjets-vbfnlo/H-2-3-4-25gev-vbfnlo-combine.yoda/MC_H2JETS_04_INC/log10_d_01
RatioPlotSameStyle=1
Title=h(2,3,4)-vbfnlo
# xlow	 xhigh	 val	 errminus	 errplus
2.000000e-01	2.361292e-01	6.082429e-02	9.432341e-03	6.273890e-04
2.361291e-01	2.722583e-01	7.348272e-02	1.060984e-02	0.000000e+00
2.722583e-01	3.083875e-01	8.628153e-02	1.127565e-02	0.000000e+00
3.083874e-01	3.445165e-01	9.944759e-02	1.168667e-02	0.000000e+00
3.445165e-01	3.806457e-01	1.121108e-01	1.298861e-02	0.000000e+00
3.806457e-01	4.167748e-01	1.247884e-01	1.330534e-02	0.000000e+00
4.167748e-01	4.529039e-01	1.370831e-01	1.455666e-02	0.000000e+00
4.529039e-01	4.890331e-01	1.477076e-01	1.347312e-02	0.000000e+00
4.890331e-01	5.251621e-01	1.608150e-01	1.395725e-02	0.000000e+00
5.251623e-01	5.612913e-01	1.750441e-01	1.266904e-02	0.000000e+00
5.612913e-01	5.974205e-01	1.887672e-01	1.287283e-02	0.000000e+00
5.974204e-01	6.335495e-01	2.026202e-01	1.226169e-02	0.000000e+00
6.335497e-01	6.696787e-01	2.177207e-01	1.576604e-02	0.000000e+00
6.696787e-01	7.058079e-01	2.295979e-01	1.608145e-02	2.652204e-03
7.058080e-01	7.419370e-01	2.417528e-01	1.891979e-02	6.384051e-03
7.419370e-01	7.780660e-01	2.516974e-01	2.272188e-02	1.132993e-02
7.780661e-01	8.141953e-01	2.578505e-01	2.427690e-02	1.651899e-02
8.141954e-01	8.503245e-01	2.627202e-01	2.845247e-02	2.105718e-02
8.503244e-01	8.864534e-01	2.638467e-01	3.126433e-02	2.641350e-02
8.864535e-01	9.225827e-01	2.614951e-01	3.317234e-02	3.360971e-02
9.225828e-01	9.587118e-01	2.566181e-01	3.501626e-02	3.697955e-02
9.587118e-01	9.948408e-01	2.498169e-01	3.736542e-02	3.833564e-02
9.948404e-01	1.030970e+00	2.397919e-01	3.807507e-02	4.177837e-02
1.030970e+00	1.067098e+00	2.282320e-01	3.735509e-02	4.433284e-02
1.067100e+00	1.103228e+00	2.151030e-01	3.823798e-02	4.498345e-02
1.103229e+00	1.139358e+00	1.996378e-01	3.655008e-02	4.584245e-02
1.139357e+00	1.175487e+00	1.843713e-01	3.459089e-02	4.387484e-02
1.175487e+00	1.211615e+00	1.688789e-01	3.294957e-02	4.345207e-02
1.211617e+00	1.247745e+00	1.534488e-01	3.157738e-02	4.140112e-02
1.247746e+00	1.283875e+00	1.379434e-01	2.851690e-02	3.936846e-02
1.283874e+00	1.320002e+00	1.216072e-01	2.421531e-02	3.913421e-02
1.320002e+00	1.356131e+00	1.103735e-01	2.411719e-02	3.371912e-02
1.356132e+00	1.392261e+00	9.761864e-02	2.203579e-02	3.161560e-02
1.392261e+00	1.428391e+00	8.635109e-02	1.993000e-02	2.798528e-02
1.428391e+00	1.464519e+00	7.552827e-02	1.747079e-02	2.529157e-02
1.464519e+00	1.500648e+00	6.584630e-02	1.552036e-02	2.313798e-02
1.500649e+00	1.536778e+00	5.725506e-02	1.348878e-02	2.051950e-02
1.536778e+00	1.572906e+00	4.996158e-02	1.225395e-02	1.780199e-02
1.572906e+00	1.609035e+00	4.312154e-02	1.049896e-02	1.565025e-02
1.609036e+00	1.645165e+00	3.698331e-02	9.008138e-03	1.431130e-02
1.645165e+00	1.681293e+00	3.208425e-02	8.468684e-03	1.217761e-02
1.681294e+00	1.717424e+00	2.762983e-02	6.896025e-03	1.049724e-02
1.717423e+00	1.753552e+00	2.363524e-02	5.893864e-03	9.163345e-03
1.753553e+00	1.789682e+00	2.021402e-02	5.106075e-03	7.937131e-03
1.789682e+00	1.825811e+00	1.733808e-02	4.496465e-03	6.745235e-03
1.825812e+00	1.861940e+00	1.484175e-02	3.871906e-03	5.675778e-03
1.861940e+00	1.898069e+00	1.251805e-02	3.222602e-03	4.975693e-03
1.898069e+00	1.934198e+00	1.071574e-02	2.657527e-03	4.336669e-03
1.934198e+00	1.970328e+00	9.022660e-03	2.357603e-03	3.764166e-03
1.970329e+00	2.006458e+00	7.596349e-03	1.771978e-03	3.274765e-03
2.006458e+00	2.042587e+00	6.506884e-03	1.723114e-03	2.679576e-03
2.042585e+00	2.078714e+00	5.607880e-03	1.397110e-03	2.138877e-03
2.078715e+00	2.114844e+00	4.760096e-03	1.291018e-03	1.833499e-03
2.114845e+00	2.150974e+00	4.046658e-03	1.025044e-03	1.651513e-03
2.150972e+00	2.187101e+00	3.376922e-03	8.545479e-04	1.433668e-03
2.187102e+00	2.223231e+00	2.912782e-03	7.031003e-04	1.172186e-03
2.223231e+00	2.259361e+00	2.435851e-03	6.022726e-04	1.016834e-03
2.259362e+00	2.295491e+00	2.099936e-03	5.221398e-04	8.617460e-04
2.295489e+00	2.331618e+00	1.721248e-03	4.194658e-04	7.540203e-04
2.331619e+00	2.367748e+00	1.478610e-03	4.013773e-04	6.537657e-04
2.367749e+00	2.403878e+00	1.273347e-03	3.441349e-04	5.080368e-04
2.403876e+00	2.440005e+00	1.063502e-03	2.964502e-04	4.559700e-04
2.440006e+00	2.476135e+00	8.943746e-04	2.352169e-04	3.930712e-04
2.476135e+00	2.512265e+00	7.705394e-04	2.024705e-04	3.200711e-04
2.512266e+00	2.548395e+00	6.521188e-04	1.746630e-04	2.675527e-04
2.548393e+00	2.584522e+00	5.718309e-04	1.693360e-04	2.225085e-04
2.584523e+00	2.620652e+00	4.673644e-04	1.399928e-04	1.934056e-04
2.620653e+00	2.656782e+00	4.083545e-04	1.143093e-04	1.542052e-04
2.656780e+00	2.692909e+00	3.357566e-04	8.416555e-05	1.388123e-04
2.692910e+00	2.729039e+00	2.841045e-04	7.152498e-05	1.085070e-04
2.729040e+00	2.765169e+00	2.294486e-04	5.248861e-05	1.134872e-04
2.765168e+00	2.801298e+00	2.034568e-04	4.040670e-05	8.283053e-05
2.801297e+00	2.837426e+00	1.657455e-04	3.996490e-05	8.064621e-05
2.837427e+00	2.873556e+00	1.496365e-04	4.570176e-05	7.232580e-05
2.873557e+00	2.909686e+00	1.165532e-04	2.189233e-05	6.434964e-05
2.909686e+00	2.945815e+00	1.095055e-04	3.635188e-05	4.629990e-05
2.945813e+00	2.981942e+00	9.634950e-05	3.356229e-05	2.609236e-05
2.981943e+00	3.018072e+00	7.446093e-05	1.637803e-05	3.554441e-05
3.018072e+00	3.054202e+00	6.663183e-05	2.043166e-05	2.575840e-05
3.054203e+00	3.090332e+00	5.282933e-05	1.094996e-05	2.214362e-05
3.090330e+00	3.126459e+00	4.895439e-05	1.643320e-05	1.115309e-05
3.126460e+00	3.162589e+00	4.259205e-05	2.909969e-05	9.796535e-06
3.162590e+00	3.198719e+00	2.946926e-05	4.992372e-06	2.267995e-05
3.198717e+00	3.234846e+00	2.656101e-05	5.579728e-06	1.198919e-05
3.234847e+00	3.270976e+00	2.426800e-05	7.438534e-06	7.269495e-06
3.270977e+00	3.307106e+00	1.807633e-05	4.598594e-06	1.090637e-05
3.307105e+00	3.343235e+00	1.527022e-05	4.257050e-06	7.652616e-06
3.343234e+00	3.379363e+00	1.493299e-05	4.392704e-06	2.261662e-06
3.379364e+00	3.415493e+00	1.243156e-05	4.459426e-06	1.530707e-06
3.415494e+00	3.451623e+00	1.141007e-05	3.014653e-06	2.233951e-06
3.451621e+00	3.487750e+00	8.503142e-06	2.527186e-06	2.762363e-06
3.487751e+00	3.523880e+00	6.242254e-06	3.594896e-08	4.978629e-06
3.523881e+00	3.560010e+00	8.434269e-06	3.917332e-06	1.178942e-07
3.560009e+00	3.596139e+00	5.652682e-06	1.332729e-06	2.040955e-06
3.596138e+00	3.632267e+00	4.827432e-06	7.879958e-07	2.375167e-06
3.632268e+00	3.668397e+00	2.675286e-06	0.000000e+00	3.139588e-06
3.668398e+00	3.704527e+00	3.693947e-06	1.754313e-06	1.254732e-06
3.704525e+00	3.740654e+00	4.129940e-06	2.724108e-06	0.000000e+00
3.740655e+00	3.776784e+00	2.392726e-06	8.330308e-07	7.041081e-07
3.776785e+00	3.812914e+00	2.528592e-06	1.129510e-06	0.000000e+00
# END HISTO1D


# BEGIN HISTO1D //homes/tinghua1/Merging-Project/Production/HJETS/ratio-plots/hjets-vbfnlo/H-2-3-25gev-combine.yoda/MC_H2JETS_04_INC/log10_d_01
ErrorBandColor=purple
ErrorBandOpacity=0.3
ErrorBands=1
ErrorType=env
LineColor=purple
LineStyle=solid
Path=//homes/tinghua1/Merging-Project/Production/HJETS/ratio-plots/hjets-vbfnlo/H-2-3-25gev-combine.yoda/MC_H2JETS_04_INC/log10_d_01
RatioPlotSameStyle=1
Title=h(2,3)
# xlow	 xhigh	 val	 errminus	 errplus
2.000000e-01	2.361292e-01	1.018159e-01	2.294524e-02	0.000000e+00
2.361291e-01	2.722583e-01	1.207052e-01	2.480130e-02	0.000000e+00
2.722583e-01	3.083875e-01	1.392849e-01	2.309894e-02	0.000000e+00
3.083874e-01	3.445165e-01	1.591531e-01	2.264355e-02	0.000000e+00
3.445165e-01	3.806457e-01	1.775226e-01	2.364716e-02	0.000000e+00
3.806457e-01	4.167748e-01	1.966083e-01	2.235874e-02	5.542347e-04
4.167748e-01	4.529039e-01	2.142887e-01	2.426781e-02	8.031753e-04
4.529039e-01	4.890331e-01	2.314192e-01	2.441961e-02	1.697574e-03
4.890331e-01	5.251621e-01	2.487116e-01	2.346001e-02	1.519274e-03
5.251623e-01	5.612913e-01	2.676966e-01	2.158388e-02	3.307998e-03
5.612913e-01	5.974205e-01	2.863623e-01	2.140117e-02	3.377324e-03
5.974204e-01	6.335495e-01	3.084068e-01	2.443487e-02	1.063962e-03
6.335497e-01	6.696787e-01	3.317594e-01	3.134980e-02	0.000000e+00
6.696787e-01	7.058079e-01	3.519461e-01	3.809827e-02	0.000000e+00
7.058080e-01	7.419370e-01	3.719093e-01	4.682735e-02	0.000000e+00
7.419370e-01	7.780660e-01	3.893618e-01	5.634904e-02	0.000000e+00
7.780661e-01	8.141953e-01	4.054825e-01	6.797438e-02	0.000000e+00
8.141954e-01	8.503245e-01	4.175305e-01	7.870664e-02	0.000000e+00
8.503244e-01	8.864534e-01	4.242027e-01	8.853777e-02	0.000000e+00
8.864535e-01	9.225827e-01	4.300328e-01	1.025068e-01	0.000000e+00
9.225828e-01	9.587118e-01	4.268202e-01	1.099643e-01	0.000000e+00
9.587118e-01	9.948408e-01	4.193213e-01	1.144487e-01	0.000000e+00
9.948404e-01	1.030970e+00	4.107251e-01	1.227858e-01	0.000000e+00
1.030970e+00	1.067098e+00	3.949141e-01	1.228204e-01	0.000000e+00
1.067100e+00	1.103228e+00	3.764120e-01	1.235214e-01	0.000000e+00
1.103229e+00	1.139358e+00	3.563370e-01	1.235279e-01	0.000000e+00
1.139357e+00	1.175487e+00	3.328566e-01	1.212553e-01	0.000000e+00
1.175487e+00	1.211615e+00	3.099637e-01	1.157836e-01	0.000000e+00
1.211617e+00	1.247745e+00	2.847779e-01	1.106241e-01	0.000000e+00
1.247746e+00	1.283875e+00	2.593586e-01	1.033195e-01	0.000000e+00
1.283874e+00	1.320002e+00	2.357770e-01	9.552418e-02	0.000000e+00
1.320002e+00	1.356131e+00	2.125686e-01	8.876778e-02	0.000000e+00
1.356132e+00	1.392261e+00	1.898949e-01	8.100473e-02	0.000000e+00
1.392261e+00	1.428391e+00	1.686926e-01	7.291168e-02	0.000000e+00
1.428391e+00	1.464519e+00	1.497643e-01	6.645385e-02	0.000000e+00
1.464519e+00	1.500648e+00	1.323686e-01	6.013798e-02	0.000000e+00
1.500649e+00	1.536778e+00	1.156032e-01	5.221747e-02	0.000000e+00
1.536778e+00	1.572906e+00	1.016324e-01	4.696086e-02	0.000000e+00
1.572906e+00	1.609035e+00	8.842166e-02	4.106319e-02	0.000000e+00
1.609036e+00	1.645165e+00	7.665994e-02	3.550854e-02	0.000000e+00
1.645165e+00	1.681293e+00	6.645924e-02	3.129890e-02	0.000000e+00
1.681294e+00	1.717424e+00	5.760036e-02	2.741968e-02	0.000000e+00
1.717423e+00	1.753552e+00	4.950942e-02	2.368612e-02	0.000000e+00
1.753553e+00	1.789682e+00	4.276044e-02	2.075845e-02	0.000000e+00
1.789682e+00	1.825811e+00	3.650477e-02	1.769460e-02	0.000000e+00
1.825812e+00	1.861940e+00	3.143364e-02	1.507519e-02	0.000000e+00
1.861940e+00	1.898069e+00	2.674315e-02	1.288674e-02	0.000000e+00
1.898069e+00	1.934198e+00	2.276106e-02	1.103206e-02	0.000000e+00
1.934198e+00	1.970328e+00	1.947565e-02	9.379471e-03	0.000000e+00
1.970329e+00	2.006458e+00	1.654378e-02	8.037466e-03	0.000000e+00
2.006458e+00	2.042587e+00	1.414063e-02	6.984968e-03	0.000000e+00
2.042585e+00	2.078714e+00	1.188013e-02	5.846215e-03	0.000000e+00
2.078715e+00	2.114844e+00	1.025542e-02	5.047604e-03	0.000000e+00
2.114845e+00	2.150974e+00	8.742827e-03	4.409516e-03	0.000000e+00
2.150972e+00	2.187101e+00	7.380392e-03	3.626702e-03	0.000000e+00
2.187102e+00	2.223231e+00	6.242337e-03	3.096106e-03	0.000000e+00
2.223231e+00	2.259361e+00	5.370789e-03	2.688188e-03	0.000000e+00
2.259362e+00	2.295491e+00	4.458482e-03	2.169454e-03	0.000000e+00
2.295489e+00	2.331618e+00	3.867289e-03	1.916261e-03	0.000000e+00
2.331619e+00	2.367748e+00	3.294417e-03	1.692574e-03	0.000000e+00
2.367749e+00	2.403878e+00	2.927136e-03	1.573369e-03	0.000000e+00
2.403876e+00	2.440005e+00	2.275387e-03	9.927787e-04	0.000000e+00
2.440006e+00	2.476135e+00	2.004995e-03	9.694545e-04	0.000000e+00
2.476135e+00	2.512265e+00	1.682964e-03	8.477277e-04	0.000000e+00
2.512266e+00	2.548395e+00	1.406853e-03	7.223258e-04	0.000000e+00
2.548393e+00	2.584522e+00	1.205675e-03	6.138318e-04	0.000000e+00
2.584523e+00	2.620652e+00	1.009721e-03	5.073824e-04	0.000000e+00
2.620653e+00	2.656782e+00	8.652000e-04	4.322658e-04	0.000000e+00
2.656780e+00	2.692909e+00	7.282540e-04	3.883742e-04	0.000000e+00
2.692910e+00	2.729039e+00	6.280553e-04	3.083838e-04	0.000000e+00
2.729040e+00	2.765169e+00	5.305270e-04	2.661101e-04	0.000000e+00
2.765168e+00	2.801298e+00	4.455154e-04	2.299989e-04	0.000000e+00
2.801297e+00	2.837426e+00	3.825641e-04	1.866780e-04	0.000000e+00
2.837427e+00	2.873556e+00	3.230233e-04	1.744442e-04	0.000000e+00
2.873557e+00	2.909686e+00	2.724007e-04	2.056091e-04	0.000000e+00
2.909686e+00	2.945815e+00	2.176173e-04	1.259709e-04	0.000000e+00
2.945813e+00	2.981942e+00	1.919187e-04	9.496142e-05	0.000000e+00
2.981943e+00	3.018072e+00	1.511103e-04	6.067948e-05	0.000000e+00
3.018072e+00	3.054202e+00	1.354366e-04	6.678552e-05	0.000000e+00
3.054203e+00	3.090332e+00	1.157938e-04	4.960464e-05	0.000000e+00
3.090330e+00	3.126459e+00	8.590578e-05	3.913073e-05	0.000000e+00
3.126460e+00	3.162589e+00	8.683946e-05	4.156611e-05	0.000000e+00
3.162590e+00	3.198719e+00	6.813471e-05	3.868330e-05	0.000000e+00
3.198717e+00	3.234846e+00	6.417033e-05	3.524424e-05	0.000000e+00
3.234847e+00	3.270976e+00	5.794390e-05	2.963938e-05	0.000000e+00
3.270977e+00	3.307106e+00	4.449035e-05	2.628114e-05	0.000000e+00
3.307105e+00	3.343235e+00	3.795181e-05	1.794153e-05	0.000000e+00
3.343234e+00	3.379363e+00	2.971948e-05	1.130080e-05	0.000000e+00
3.379364e+00	3.415493e+00	2.159174e-05	7.870677e-06	0.000000e+00
3.415494e+00	3.451623e+00	1.967857e-05	7.348939e-06	1.472928e-06
3.451621e+00	3.487750e+00	1.965308e-05	1.200303e-05	0.000000e+00
3.487751e+00	3.523880e+00	1.488219e-05	8.770683e-06	0.000000e+00
3.523881e+00	3.560010e+00	1.604777e-05	6.914180e-06	0.000000e+00
3.560009e+00	3.596139e+00	1.065001e-05	5.660947e-06	0.000000e+00
3.596138e+00	3.632267e+00	1.014440e-05	5.212666e-06	9.135514e-07
3.632268e+00	3.668397e+00	6.454419e-06	1.581895e-06	0.000000e+00
3.668398e+00	3.704527e+00	6.894683e-06	4.581377e-06	0.000000e+00
3.704525e+00	3.740654e+00	5.241072e-06	5.606312e-06	0.000000e+00
3.740655e+00	3.776784e+00	4.291954e-06	1.942786e-06	4.923912e-07
3.776785e+00	3.812914e+00	8.778635e-06	1.933823e-05	0.000000e+00
# END HISTO1D


# BEGIN HISTO1D //homes/tinghua1/Merging-Project/Production/HJETS/ratio-plots/hjets-vbfnlo/H-2-3-25gev-vbfnlo-combine.yoda/MC_H2JETS_04_INC/log10_d_01
ErrorBandColor=violet
ErrorBandOpacity=0.3
ErrorBands=1
ErrorType=env
LineColor=violet
LineStyle=solid
Path=//homes/tinghua1/Merging-Project/Production/HJETS/ratio-plots/hjets-vbfnlo/H-2-3-25gev-vbfnlo-combine.yoda/MC_H2JETS_04_INC/log10_d_01
RatioPlotSameStyle=1
Title=h(2,3)-vbfnlo
# xlow	 xhigh	 val	 errminus	 errplus
2.000000e-01	2.361292e-01	5.188864e-02	0.000000e+00	9.616763e-03
2.361291e-01	2.722583e-01	6.307438e-02	0.000000e+00	1.066248e-02
2.722583e-01	3.083875e-01	7.560952e-02	0.000000e+00	1.091984e-02
3.083874e-01	3.445165e-01	8.772020e-02	0.000000e+00	1.209928e-02
3.445165e-01	3.806457e-01	1.000682e-01	0.000000e+00	1.281733e-02
3.806457e-01	4.167748e-01	1.119828e-01	0.000000e+00	1.327315e-02
4.167748e-01	4.529039e-01	1.232509e-01	0.000000e+00	1.427171e-02
4.529039e-01	4.890331e-01	1.341730e-01	0.000000e+00	1.482837e-02
4.890331e-01	5.251621e-01	1.474534e-01	0.000000e+00	1.391529e-02
5.251623e-01	5.612913e-01	1.626095e-01	0.000000e+00	1.269323e-02
5.612913e-01	5.974205e-01	1.762866e-01	0.000000e+00	1.256510e-02
5.974204e-01	6.335495e-01	1.910661e-01	0.000000e+00	1.219347e-02
6.335497e-01	6.696787e-01	2.032046e-01	0.000000e+00	1.470507e-02
6.696787e-01	7.058079e-01	2.141411e-01	0.000000e+00	1.873222e-02
7.058080e-01	7.419370e-01	2.230047e-01	0.000000e+00	2.569342e-02
7.419370e-01	7.780660e-01	2.290523e-01	0.000000e+00	3.338885e-02
7.780661e-01	8.141953e-01	2.329328e-01	0.000000e+00	4.239657e-02
8.141954e-01	8.503245e-01	2.348652e-01	0.000000e+00	4.944195e-02
8.503244e-01	8.864534e-01	2.332156e-01	0.000000e+00	5.683012e-02
8.864535e-01	9.225827e-01	2.285826e-01	0.000000e+00	6.491381e-02
9.225828e-01	9.587118e-01	2.219178e-01	0.000000e+00	7.136430e-02
9.587118e-01	9.948408e-01	2.134036e-01	0.000000e+00	7.605088e-02
9.948404e-01	1.030970e+00	2.031242e-01	0.000000e+00	7.939074e-02
1.030970e+00	1.067098e+00	1.906312e-01	0.000000e+00	8.189092e-02
1.067100e+00	1.103228e+00	1.777567e-01	0.000000e+00	8.209142e-02
1.103229e+00	1.139358e+00	1.671923e-01	0.000000e+00	7.867342e-02
1.139357e+00	1.175487e+00	1.496328e-01	0.000000e+00	7.989707e-02
1.175487e+00	1.211615e+00	1.362223e-01	0.000000e+00	7.627172e-02
1.211617e+00	1.247745e+00	1.225032e-01	0.000000e+00	7.217501e-02
1.247746e+00	1.283875e+00	1.094394e-01	0.000000e+00	6.907883e-02
1.283874e+00	1.320002e+00	9.713374e-02	0.000000e+00	6.373420e-02
1.320002e+00	1.356131e+00	8.653414e-02	0.000000e+00	5.821852e-02
1.356132e+00	1.392261e+00	7.571884e-02	0.000000e+00	5.335310e-02
1.392261e+00	1.428391e+00	6.663164e-02	0.000000e+00	4.799236e-02
1.428391e+00	1.464519e+00	5.796144e-02	0.000000e+00	4.336278e-02
1.464519e+00	1.500648e+00	5.070597e-02	0.000000e+00	3.813089e-02
1.500649e+00	1.536778e+00	4.395638e-02	0.000000e+00	3.438966e-02
1.536778e+00	1.572906e+00	3.812688e-02	0.000000e+00	2.987246e-02
1.572906e+00	1.609035e+00	3.274724e-02	0.000000e+00	2.648310e-02
1.609036e+00	1.645165e+00	2.805533e-02	0.000000e+00	2.321553e-02
1.645165e+00	1.681293e+00	2.430017e-02	0.000000e+00	2.001650e-02
1.681294e+00	1.717424e+00	2.079479e-02	0.000000e+00	1.739179e-02
1.717423e+00	1.753552e+00	1.775661e-02	0.000000e+00	1.497397e-02
1.753553e+00	1.789682e+00	1.523249e-02	0.000000e+00	1.282046e-02
1.789682e+00	1.825811e+00	1.293212e-02	0.000000e+00	1.103110e-02
1.825812e+00	1.861940e+00	1.100846e-02	0.000000e+00	9.562379e-03
1.861940e+00	1.898069e+00	9.345861e-03	0.000000e+00	8.186637e-03
1.898069e+00	1.934198e+00	8.030812e-03	0.000000e+00	6.869443e-03
1.934198e+00	1.970328e+00	6.712552e-03	0.000000e+00	6.067869e-03
1.970329e+00	2.006458e+00	5.763110e-03	0.000000e+00	5.146149e-03
2.006458e+00	2.042587e+00	4.915774e-03	0.000000e+00	4.359855e-03
2.042585e+00	2.078714e+00	4.147546e-03	0.000000e+00	3.725152e-03
2.078715e+00	2.114844e+00	3.521440e-03	0.000000e+00	3.139652e-03
2.114845e+00	2.150974e+00	2.980442e-03	0.000000e+00	2.741105e-03
2.150972e+00	2.187101e+00	2.573448e-03	0.000000e+00	2.214310e-03
2.187102e+00	2.223231e+00	2.166144e-03	0.000000e+00	1.940296e-03
2.223231e+00	2.259361e+00	1.826694e-03	0.000000e+00	1.700060e-03
2.259362e+00	2.295491e+00	1.549379e-03	0.000000e+00	1.378183e-03
2.295489e+00	2.331618e+00	1.328374e-03	0.000000e+00	1.176845e-03
2.331619e+00	2.367748e+00	1.121880e-03	0.000000e+00	9.923272e-04
2.367749e+00	2.403878e+00	9.341283e-04	0.000000e+00	8.512774e-04
2.403876e+00	2.440005e+00	7.773420e-04	0.000000e+00	7.312558e-04
2.440006e+00	2.476135e+00	6.729325e-04	0.000000e+00	6.157394e-04
2.476135e+00	2.512265e+00	5.974204e-04	0.000000e+00	4.820720e-04
2.512266e+00	2.548395e+00	4.861543e-04	0.000000e+00	4.031949e-04
2.548393e+00	2.584522e+00	3.986628e-04	0.000000e+00	3.862210e-04
2.584523e+00	2.620652e+00	3.289327e-04	0.000000e+00	3.317457e-04
2.620653e+00	2.656782e+00	2.913659e-04	0.000000e+00	2.738753e-04
2.656780e+00	2.692909e+00	2.389530e-04	0.000000e+00	2.239267e-04
2.692910e+00	2.729039e+00	1.934832e-04	0.000000e+00	2.074192e-04
2.729040e+00	2.765169e+00	1.796886e-04	0.000000e+00	1.656254e-04
2.765168e+00	2.801298e+00	1.488533e-04	0.000000e+00	1.307097e-04
2.801297e+00	2.837426e+00	1.278074e-04	0.000000e+00	1.043145e-04
2.837427e+00	2.873556e+00	1.165594e-04	0.000000e+00	9.788596e-05
2.873557e+00	2.909686e+00	9.042932e-05	0.000000e+00	9.409854e-05
2.909686e+00	2.945815e+00	7.389881e-05	0.000000e+00	7.369307e-05
2.945813e+00	2.981942e+00	7.276653e-05	0.000000e+00	4.832819e-05
2.981943e+00	3.018072e+00	6.125979e-05	0.000000e+00	4.151762e-05
3.018072e+00	3.054202e+00	4.362344e-05	0.000000e+00	5.043346e-05
3.054203e+00	3.090332e+00	3.730920e-05	0.000000e+00	4.381339e-05
3.090330e+00	3.126459e+00	3.350702e-05	0.000000e+00	3.043483e-05
3.126460e+00	3.162589e+00	2.988776e-05	0.000000e+00	2.124814e-05
3.162590e+00	3.198719e+00	2.220255e-05	0.000000e+00	2.508672e-05
3.198717e+00	3.234846e+00	1.970349e-05	0.000000e+00	1.885047e-05
3.234847e+00	3.270976e+00	1.949783e-05	0.000000e+00	1.556885e-05
3.270977e+00	3.307106e+00	1.351326e-05	0.000000e+00	1.574759e-05
3.307105e+00	3.343235e+00	1.210104e-05	0.000000e+00	1.044751e-05
3.343234e+00	3.379363e+00	1.006401e-05	0.000000e+00	9.237875e-06
3.379364e+00	3.415493e+00	8.138700e-06	0.000000e+00	7.524944e-06
3.415494e+00	3.451623e+00	6.423626e-06	0.000000e+00	7.223073e-06
3.451621e+00	3.487750e+00	6.322943e-06	0.000000e+00	4.342918e-06
3.487751e+00	3.523880e+00	5.875969e-06	0.000000e+00	3.847322e-06
3.523881e+00	3.560010e+00	5.199222e-06	0.000000e+00	4.393042e-06
3.560009e+00	3.596139e+00	4.003155e-06	0.000000e+00	2.966623e-06
3.596138e+00	3.632267e+00	3.286974e-06	0.000000e+00	2.958883e-06
3.632268e+00	3.668397e+00	2.142463e-06	0.000000e+00	3.731304e-06
3.668398e+00	3.704527e+00	4.017327e-06	1.387090e-06	3.063744e-07
3.704525e+00	3.740654e+00	1.165137e-06	0.000000e+00	2.919051e-06
3.740655e+00	3.776784e+00	7.597160e-07	0.000000e+00	2.052438e-06
3.776785e+00	3.812914e+00	2.804509e-06	8.596341e-07	0.000000e+00
# END HISTO1D

