# BEGIN PLOT
Scale=1000.0
DrawOnly=//homes/tinghua1/Merging-Project/Production/HJETS/ratio-plots/hjets-matched-errorband/H-N2-N3-4-25gev-combine.yoda/MC_H2JETS_04_INC/j1j3_mass //homes/tinghua1/Merging-Project/Production/HJETS/ratio-plots/hjets-matched-errorband/H-N2-3-4-25gev-combine.yoda/MC_H2JETS_04_INC/j1j3_mass //homes/tinghua1/Merging-Project/Production/HJETS/ratio-plots/hjets-matched-errorband/H-2-3-4-25gev-combine.yoda/MC_H2JETS_04_INC/j1j3_mass //homes/tinghua1/Merging-Project/Production/HJETS/ratio-plots/hjets-matched-errorband/H-N2-3-25gev-combine.yoda/MC_H2JETS_04_INC/j1j3_mass //homes/tinghua1/Merging-Project/Production/HJETS/ratio-plots/hjets-matched-errorband/H-2-3-25gev-combine.yoda/MC_H2JETS_04_INC/j1j3_mass //homes/tinghua1/Merging-Project/Production/HJETS/ratio-plots/hjets-matched-errorband/H3Jets-NLOPS-combine.yoda/MC_H2JETS_04_INC/j1j3_mass //homes/tinghua1/Merging-Project/Production/HJETS/ratio-plots/hjets-matched-errorband/H2Jets-NLOPS-combine.yoda/MC_H2JETS_04_INC/j1j3_mass
RightMargin=0.5
RatioPlotReference=//homes/tinghua1/Merging-Project/Production/HJETS/ratio-plots/hjets-matched-errorband/H-N2-N3-4-25gev-combine.yoda/MC_H2JETS_04_INC/j1j3_mass
#RatioPlot=1
LogY=1
RatioPlotYMax=1.6
RatioPlotYLabel=Ratio
#LegendOnly=//homes/tinghua1/Merging-Project/Production/HJETS/ratio-plots/hjets-matched-errorband/H-N2-N3-4-25gev-combine.yoda/MC_H2JETS_04_INC/j1j3_mass //homes/tinghua1/Merging-Project/Production/HJETS/ratio-plots/hjets-matched-errorband/H-N2-3-4-25gev-combine.yoda/MC_H2JETS_04_INC/j1j3_mass //homes/tinghua1/Merging-Project/Production/HJETS/ratio-plots/hjets-matched-errorband/H-2-3-4-25gev-combine.yoda/MC_H2JETS_04_INC/j1j3_mass //homes/tinghua1/Merging-Project/Production/HJETS/ratio-plots/hjets-matched-errorband/H-N2-3-25gev-combine.yoda/MC_H2JETS_04_INC/j1j3_mass //homes/tinghua1/Merging-Project/Production/HJETS/ratio-plots/hjets-matched-errorband/H-2-3-25gev-combine.yoda/MC_H2JETS_04_INC/j1j3_mass //homes/tinghua1/Merging-Project/Production/HJETS/ratio-plots/hjets-matched-errorband/H3Jets-NLOPS-combine.yoda/MC_H2JETS_04_INC/j1j3_mass //homes/tinghua1/Merging-Project/Production/HJETS/ratio-plots/hjets-matched-errorband/H2Jets-NLOPS-combine.yoda/MC_H2JETS_04_INC/j1j3_mass
XLabel=$m_{j_1j_3}$ (GeV)
LegendAlign=r
XMax=1000
YLabel=$ \text{d} \sigma/ \text{d}  m_{j_1j_3}$ (fb/GeV)
Legend=0
RatioPlot=6
MainPlotSelection={"Selection":[1,2,3,4,5,6,7]}
RatioPlots={"RatioPlotYLabel":"","Selection":[1,2]};{"RatioPlotYLabel":"","Selection":[1,3]};{"RatioPlotYLabel":"","Selection":[1,4]};{"RatioPlotYLabel":"","Selection":[1,5]};{"RatioPlotYLabel":"","Selection":[1,6]};{"RatioPlotYLabel":"","Selection":[1,7]}
RatioPlotSameStyle=1
RatioPlotYMin=0.0
# END PLOT


# BEGIN SPECIAL /MC_H2JETS_04_INC/j1j3_mass
\rput[tl](0.05,0.75){\parbox{5cm}{\textcolor{gray}{{\bf Herwig 7.2.0} \\ HJETS/ColorFull}}}
# END SPECIAL

# BEGIN HISTO1D //homes/tinghua1/Merging-Project/Production/HJETS/ratio-plots/hjets-matched-errorband/H-N2-N3-4-25gev-combine.yoda/MC_H2JETS_04_INC/j1j3_mass
ErrorBandColor=orange
ErrorBandOpacity=0.3
ErrorBands=1
ErrorType=env
LineColor=orange
LineStyle=solid
Path=//homes/tinghua1/Merging-Project/Production/HJETS/ratio-plots/hjets-matched-errorband/H-N2-N3-4-25gev-combine.yoda/MC_H2JETS_04_INC/j1j3_mass
RatioPlotSameStyle=1
Title=h(2*,3*,4)
# xlow	 xhigh	 val	 errminus	 errplus
0.000000e+00	4.000000e+01	1.257374e-03	4.090350e-05	1.338282e-04
4.000000e+01	8.000000e+01	4.176475e-03	2.728975e-04	2.363600e-04
8.000000e+01	1.200000e+02	3.985000e-03	0.000000e+00	1.379500e-05
1.200000e+02	1.600000e+02	2.487530e-03	4.249625e-05	4.137225e-05
1.600000e+02	2.000000e+02	1.707658e-03	8.589600e-05	1.757950e-05
2.000000e+02	2.400000e+02	1.228121e-03	4.124800e-05	2.136500e-05
2.400000e+02	2.800000e+02	9.324100e-04	4.932900e-05	0.000000e+00
2.800000e+02	3.200000e+02	7.404985e-04	0.000000e+00	2.664000e-05
3.200000e+02	3.600000e+02	6.233105e-04	2.089525e-05	0.000000e+00
3.600000e+02	4.000000e+02	5.556998e-04	3.422450e-05	0.000000e+00
4.000000e+02	4.400000e+02	4.762848e-04	0.000000e+00	2.234750e-05
4.400000e+02	4.800000e+02	4.143977e-04	5.821750e-06	2.755600e-05
4.800000e+02	5.200000e+02	4.200477e-04	6.649750e-05	0.000000e+00
5.200000e+02	5.600000e+02	3.515672e-04	3.013350e-05	0.000000e+00
5.600000e+02	6.000000e+02	2.705522e-04	0.000000e+00	2.915975e-05
6.000000e+02	6.400000e+02	2.594838e-04	0.000000e+00	1.768175e-05
6.400000e+02	6.800000e+02	2.525830e-04	1.934543e-05	0.000000e+00
6.800000e+02	7.200000e+02	2.234867e-04	1.417520e-05	3.438250e-06
7.200000e+02	7.600000e+02	1.972443e-04	1.983675e-06	1.325283e-05
7.600000e+02	8.000000e+02	1.886744e-04	1.600632e-05	0.000000e+00
8.000000e+02	8.400000e+02	1.627567e-04	0.000000e+00	5.338500e-06
8.400000e+02	8.800000e+02	1.481433e-04	1.759700e-06	1.356675e-06
8.800000e+02	9.200000e+02	1.421982e-04	3.441750e-06	8.266275e-06
9.200000e+02	9.600000e+02	1.269062e-04	4.667500e-08	1.730225e-06
9.600000e+02	1.000000e+03	1.195142e-04	5.290475e-06	0.000000e+00
1.000000e+03	1.040000e+03	1.123141e-04	5.384050e-06	0.000000e+00
1.040000e+03	1.080000e+03	9.989415e-05	1.130850e-06	1.691865e-05
1.080000e+03	1.120000e+03	8.904295e-05	2.653650e-06	4.031900e-06
1.120000e+03	1.160000e+03	8.683860e-05	0.000000e+00	5.940850e-06
1.160000e+03	1.200000e+03	7.813590e-05	9.080000e-08	7.833500e-07
1.200000e+03	1.240000e+03	7.436122e-05	4.292975e-06	0.000000e+00
1.240000e+03	1.280000e+03	6.575630e-05	0.000000e+00	7.255050e-06
1.280000e+03	1.320000e+03	6.025625e-05	1.602825e-06	0.000000e+00
1.320000e+03	1.360000e+03	5.684905e-05	8.582925e-06	0.000000e+00
1.360000e+03	1.400000e+03	5.287705e-05	1.617950e-06	0.000000e+00
1.400000e+03	1.440000e+03	4.429022e-05	0.000000e+00	6.086125e-06
1.440000e+03	1.480000e+03	4.636760e-05	1.917435e-05	0.000000e+00
1.480000e+03	1.520000e+03	4.045875e-05	9.513500e-07	1.014125e-06
1.520000e+03	1.560000e+03	3.819923e-05	9.783750e-07	0.000000e+00
1.560000e+03	1.600000e+03	3.596432e-05	1.039487e-05	0.000000e+00
1.600000e+03	1.640000e+03	2.865432e-05	0.000000e+00	4.496375e-06
1.640000e+03	1.680000e+03	3.154655e-05	1.684625e-06	0.000000e+00
1.680000e+03	1.720000e+03	3.078825e-05	6.155238e-06	0.000000e+00
1.720000e+03	1.760000e+03	2.697650e-05	2.060172e-06	0.000000e+00
1.760000e+03	1.800000e+03	2.384865e-05	8.379750e-07	4.679528e-06
1.800000e+03	1.840000e+03	2.269125e-05	5.169525e-07	9.915000e-09
1.840000e+03	1.880000e+03	2.199301e-05	1.366882e-06	0.000000e+00
1.880000e+03	1.920000e+03	1.949730e-05	8.787775e-07	6.690250e-08
1.920000e+03	1.960000e+03	1.834533e-05	1.812730e-06	0.000000e+00
1.960000e+03	2.000000e+03	1.568043e-05	0.000000e+00	2.545913e-06
2.000000e+03	2.040000e+03	1.583143e-05	2.095395e-06	2.265775e-07
2.040000e+03	2.080000e+03	1.543505e-05	1.383065e-06	0.000000e+00
2.080000e+03	2.120000e+03	1.328944e-05	5.030350e-07	1.073900e-07
2.120000e+03	2.160000e+03	1.211274e-05	6.633000e-07	1.088557e-06
2.160000e+03	2.200000e+03	1.136280e-05	4.512575e-07	0.000000e+00
2.200000e+03	2.240000e+03	1.036622e-05	8.154725e-07	0.000000e+00
2.240000e+03	2.280000e+03	9.630630e-06	6.035400e-07	0.000000e+00
2.280000e+03	2.320000e+03	8.979235e-06	6.726750e-07	0.000000e+00
2.320000e+03	2.360000e+03	7.886250e-06	2.821250e-08	6.575950e-07
2.360000e+03	2.400000e+03	7.178080e-06	0.000000e+00	4.632750e-07
2.400000e+03	2.440000e+03	6.457837e-06	0.000000e+00	4.751675e-07
2.440000e+03	2.480000e+03	6.569780e-06	1.201000e-08	5.009250e-08
2.480000e+03	2.520000e+03	6.249210e-06	0.000000e+00	8.706800e-07
2.520000e+03	2.560000e+03	9.406207e-06	4.285102e-06	0.000000e+00
2.560000e+03	2.600000e+03	4.553200e-06	0.000000e+00	7.482350e-07
2.600000e+03	2.640000e+03	4.623385e-06	0.000000e+00	2.569975e-07
2.640000e+03	2.680000e+03	4.819900e-06	8.318075e-07	0.000000e+00
2.680000e+03	2.720000e+03	4.339180e-06	1.220377e-06	0.000000e+00
2.720000e+03	2.760000e+03	4.093785e-06	3.640275e-07	0.000000e+00
2.760000e+03	2.800000e+03	3.460672e-06	0.000000e+00	1.755675e-07
2.800000e+03	2.840000e+03	3.052350e-06	2.233175e-07	1.890400e-07
2.840000e+03	2.880000e+03	-2.170547e-06	0.000000e+00	5.169787e-06
2.880000e+03	2.920000e+03	2.900120e-06	1.414275e-07	0.000000e+00
2.920000e+03	2.960000e+03	2.505575e-06	2.261168e-07	7.471550e-07
2.960000e+03	3.000000e+03	2.341051e-06	5.171360e-07	8.816000e-09
3.000000e+03	3.040000e+03	2.021545e-06	0.000000e+00	5.309055e-07
3.040000e+03	3.080000e+03	1.872527e-06	6.239575e-08	2.637675e-07
3.080000e+03	3.120000e+03	1.640429e-06	0.000000e+00	2.803345e-07
3.120000e+03	3.160000e+03	1.361260e-06	7.460105e-07	2.044465e-07
3.160000e+03	3.200000e+03	1.830911e-06	1.191012e-06	0.000000e+00
3.200000e+03	3.240000e+03	1.452301e-06	1.547858e-06	0.000000e+00
3.240000e+03	3.280000e+03	-7.173315e-07	0.000000e+00	2.485792e-06
3.280000e+03	3.320000e+03	1.229571e-06	4.832025e-08	0.000000e+00
3.320000e+03	3.360000e+03	1.121529e-06	4.266925e-08	2.290625e-08
3.360000e+03	3.400000e+03	1.629760e-06	5.854173e-07	0.000000e+00
3.400000e+03	3.440000e+03	9.745877e-07	1.985955e-07	0.000000e+00
3.440000e+03	3.480000e+03	9.132470e-07	3.958538e-07	0.000000e+00
3.480000e+03	3.520000e+03	7.924310e-07	4.469900e-08	1.462027e-07
3.520000e+03	3.560000e+03	5.954243e-07	2.425050e-08	0.000000e+00
3.560000e+03	3.600000e+03	6.803330e-07	3.413275e-08	0.000000e+00
3.600000e+03	3.640000e+03	6.634477e-07	1.403420e-07	1.728675e-08
3.640000e+03	3.680000e+03	5.589633e-07	1.912175e-08	1.774975e-08
3.680000e+03	3.720000e+03	7.852315e-07	3.083905e-07	0.000000e+00
3.720000e+03	3.760000e+03	4.477155e-07	6.608400e-08	0.000000e+00
3.760000e+03	3.800000e+03	4.091475e-07	0.000000e+00	1.791825e-08
3.800000e+03	3.840000e+03	4.086665e-07	5.775900e-08	0.000000e+00
3.840000e+03	3.880000e+03	4.195975e-07	1.175670e-07	0.000000e+00
3.880000e+03	3.920000e+03	2.926343e-07	0.000000e+00	3.950100e-08
3.920000e+03	3.960000e+03	3.182308e-07	6.417700e-08	0.000000e+00
3.960000e+03	4.000000e+03	1.922868e-07	0.000000e+00	1.032454e-07
4.000000e+03	4.040000e+03	2.541970e-07	2.901388e-08	0.000000e+00
4.040000e+03	4.080000e+03	3.783645e-07	1.869347e-07	0.000000e+00
4.080000e+03	4.120000e+03	2.214172e-07	7.433837e-08	3.887978e-08
4.120000e+03	4.160000e+03	2.014121e-07	2.721792e-08	0.000000e+00
4.160000e+03	4.200000e+03	1.336166e-07	0.000000e+00	1.654938e-08
4.200000e+03	4.240000e+03	1.547510e-07	1.188135e-08	1.671170e-08
4.240000e+03	4.280000e+03	5.199723e-07	3.897855e-07	0.000000e+00
4.280000e+03	4.320000e+03	1.360366e-07	5.226091e-07	0.000000e+00
4.320000e+03	4.360000e+03	1.345148e-07	8.701590e-08	5.225000e-11
4.360000e+03	4.400000e+03	1.561116e-07	4.482602e-08	0.000000e+00
4.400000e+03	4.440000e+03	1.147326e-07	2.538848e-08	0.000000e+00
4.440000e+03	4.480000e+03	9.138157e-08	2.172277e-08	0.000000e+00
4.480000e+03	4.520000e+03	4.891002e-08	0.000000e+00	4.380990e-08
4.520000e+03	4.560000e+03	2.221389e-07	2.069311e-07	0.000000e+00
4.560000e+03	4.600000e+03	2.215513e-08	0.000000e+00	4.030052e-08
4.600000e+03	4.640000e+03	8.564860e-08	3.040875e-08	1.178997e-08
4.640000e+03	4.680000e+03	6.888975e-08	1.519310e-08	0.000000e+00
4.680000e+03	4.720000e+03	7.519327e-08	1.721392e-08	0.000000e+00
4.720000e+03	4.760000e+03	3.731438e-08	0.000000e+00	1.580740e-08
4.760000e+03	4.800000e+03	3.380365e-08	0.000000e+00	1.261385e-08
4.800000e+03	4.840000e+03	3.606060e-08	0.000000e+00	1.225755e-08
4.840000e+03	4.880000e+03	3.889015e-08	1.068918e-08	0.000000e+00
4.880000e+03	4.920000e+03	3.370270e-08	3.172005e-08	0.000000e+00
4.920000e+03	4.960000e+03	2.416477e-08	0.000000e+00	3.062500e-09
4.960000e+03	5.000000e+03	2.225070e-08	0.000000e+00	7.966905e-09
5.000000e+03	5.040000e+03	1.380475e-08	0.000000e+00	1.085402e-08
5.040000e+03	5.080000e+03	2.004309e-08	3.516949e-08	1.655031e-08
5.080000e+03	5.120000e+03	2.165972e-08	2.572500e-09	1.140078e-08
5.120000e+03	5.160000e+03	2.113922e-08	5.545757e-09	2.433200e-10
5.160000e+03	5.200000e+03	1.613809e-08	1.282811e-08	2.245098e-09
5.200000e+03	5.240000e+03	2.327677e-08	6.989147e-09	1.100020e-09
5.240000e+03	5.280000e+03	1.922788e-08	8.922478e-09	0.000000e+00
5.280000e+03	5.320000e+03	1.673621e-08	7.921715e-09	0.000000e+00
5.320000e+03	5.360000e+03	5.866545e-09	0.000000e+00	4.808917e-09
5.360000e+03	5.400000e+03	2.856520e-08	2.058466e-08	0.000000e+00
5.400000e+03	5.440000e+03	-2.007685e-08	0.000000e+00	2.975925e-08
5.440000e+03	5.480000e+03	1.526536e-08	9.440542e-09	0.000000e+00
5.480000e+03	5.520000e+03	4.910108e-09	1.757470e-09	2.935005e-09
5.520000e+03	5.560000e+03	5.084362e-09	6.470275e-10	2.380650e-09
5.560000e+03	5.600000e+03	5.571012e-09	2.545225e-10	9.566500e-10
5.600000e+03	5.640000e+03	4.486742e-09	8.267150e-10	6.018375e-10
5.640000e+03	5.680000e+03	5.505808e-09	9.043200e-10	0.000000e+00
5.680000e+03	5.720000e+03	4.079033e-09	1.238392e-09	5.711175e-10
5.720000e+03	5.760000e+03	3.595197e-09	1.826704e-09	0.000000e+00
5.760000e+03	5.800000e+03	3.245535e-09	2.725950e-10	7.896225e-10
5.800000e+03	5.840000e+03	1.780330e-10	3.344338e-09	3.377962e-09
5.840000e+03	5.880000e+03	3.356933e-09	4.366303e-09	0.000000e+00
5.880000e+03	5.920000e+03	1.636357e-09	8.314847e-10	1.242339e-09
5.920000e+03	5.960000e+03	5.478862e-09	5.365043e-09	0.000000e+00
5.960000e+03	6.000000e+03	1.743623e-09	6.049220e-10	3.623398e-10
# END HISTO1D


# BEGIN HISTO1D //homes/tinghua1/Merging-Project/Production/HJETS/ratio-plots/hjets-matched-errorband/H-N2-3-4-25gev-combine.yoda/MC_H2JETS_04_INC/j1j3_mass
ErrorBandColor=blue
ErrorBandOpacity=0.3
ErrorBands=1
ErrorType=env
LineColor=blue
LineStyle=solid
Path=//homes/tinghua1/Merging-Project/Production/HJETS/ratio-plots/hjets-matched-errorband/H-N2-3-4-25gev-combine.yoda/MC_H2JETS_04_INC/j1j3_mass
RatioPlotSameStyle=1
Title=h(2*,3,4)
# xlow	 xhigh	 val	 errminus	 errplus
0.000000e+00	4.000000e+01	1.264790e-03	3.288200e-05	1.142765e-04
4.000000e+01	8.000000e+01	4.054642e-03	2.839325e-04	3.243600e-04
8.000000e+01	1.200000e+02	3.845582e-03	1.441600e-04	1.287450e-04
1.200000e+02	1.600000e+02	2.381206e-03	1.496635e-04	1.953943e-04
1.600000e+02	2.000000e+02	1.638552e-03	1.188403e-04	1.068510e-04
2.000000e+02	2.400000e+02	1.189815e-03	9.423875e-05	8.232825e-05
2.400000e+02	2.800000e+02	9.110202e-04	7.714175e-05	7.145775e-05
2.800000e+02	3.200000e+02	7.315793e-04	4.782075e-05	6.199625e-05
3.200000e+02	3.600000e+02	6.294595e-04	5.927150e-05	2.679725e-05
3.600000e+02	4.000000e+02	5.243750e-04	3.012000e-05	4.682050e-05
4.000000e+02	4.400000e+02	4.606625e-04	3.053425e-05	4.690900e-05
4.400000e+02	4.800000e+02	4.104532e-04	2.980500e-05	3.084450e-05
4.800000e+02	5.200000e+02	3.618727e-04	2.560950e-05	3.374500e-05
5.200000e+02	5.600000e+02	3.298420e-04	2.623150e-05	2.025750e-05
5.600000e+02	6.000000e+02	2.913842e-04	2.008650e-05	2.793775e-05
6.000000e+02	6.400000e+02	2.638883e-04	1.733360e-05	2.133175e-05
6.400000e+02	6.800000e+02	2.392413e-04	1.352820e-05	1.609123e-05
6.800000e+02	7.200000e+02	2.193549e-04	1.631335e-05	1.626582e-05
7.200000e+02	7.600000e+02	1.996705e-04	1.422122e-05	1.540148e-05
7.600000e+02	8.000000e+02	1.807466e-04	1.372583e-05	1.638325e-05
8.000000e+02	8.400000e+02	1.661712e-04	1.126838e-05	1.172992e-05
8.400000e+02	8.800000e+02	1.500069e-04	1.094885e-05	1.303205e-05
8.800000e+02	9.200000e+02	1.378254e-04	1.093948e-05	1.217425e-05
9.200000e+02	9.600000e+02	1.254714e-04	7.605375e-06	1.517077e-05
9.600000e+02	1.000000e+03	1.163569e-04	7.466175e-06	1.168015e-05
1.000000e+03	1.040000e+03	1.066718e-04	7.700925e-06	1.046178e-05
1.040000e+03	1.080000e+03	9.925520e-05	9.289750e-06	7.510050e-06
1.080000e+03	1.120000e+03	9.163728e-05	7.954475e-06	8.317700e-06
1.120000e+03	1.160000e+03	8.360578e-05	5.291050e-06	8.565675e-06
1.160000e+03	1.200000e+03	7.672675e-05	5.092750e-06	5.891875e-06
1.200000e+03	1.240000e+03	7.027000e-05	5.518975e-06	7.991050e-06
1.240000e+03	1.280000e+03	6.438050e-05	6.425200e-06	6.628350e-06
1.280000e+03	1.320000e+03	6.043853e-05	4.911400e-06	5.359075e-06
1.320000e+03	1.360000e+03	5.705407e-05	6.048175e-06	5.404650e-06
1.360000e+03	1.400000e+03	5.096142e-05	4.411000e-06	5.355425e-06
1.400000e+03	1.440000e+03	4.878450e-05	5.193725e-06	4.812625e-06
1.440000e+03	1.480000e+03	4.425525e-05	3.217375e-06	4.168250e-06
1.480000e+03	1.520000e+03	4.062050e-05	3.154900e-06	4.408550e-06
1.520000e+03	1.560000e+03	3.777037e-05	3.204775e-06	5.117700e-06
1.560000e+03	1.600000e+03	3.491658e-05	3.489075e-06	5.092975e-06
1.600000e+03	1.640000e+03	3.217535e-05	1.173600e-06	3.766125e-06
1.640000e+03	1.680000e+03	2.961303e-05	1.854000e-06	3.620325e-06
1.680000e+03	1.720000e+03	2.789300e-05	2.583200e-06	2.604850e-06
1.720000e+03	1.760000e+03	2.484002e-05	2.204785e-06	3.658055e-06
1.760000e+03	1.800000e+03	2.390830e-05	1.918300e-06	1.995127e-06
1.800000e+03	1.840000e+03	2.207163e-05	2.221960e-06	1.984720e-06
1.840000e+03	1.880000e+03	2.059276e-05	3.842107e-06	0.000000e+00
1.880000e+03	1.920000e+03	1.872729e-05	1.825778e-06	1.611768e-06
1.920000e+03	1.960000e+03	1.737071e-05	0.000000e+00	2.062078e-06
1.960000e+03	2.000000e+03	1.608096e-05	1.026622e-06	1.984235e-06
2.000000e+03	2.040000e+03	1.462385e-05	9.615550e-07	1.556608e-06
2.040000e+03	2.080000e+03	1.396033e-05	1.768695e-06	1.237837e-06
2.080000e+03	2.120000e+03	1.266815e-05	1.231755e-06	1.845225e-06
2.120000e+03	2.160000e+03	1.193502e-05	1.080340e-06	9.849700e-07
2.160000e+03	2.200000e+03	1.118687e-05	1.067562e-06	1.237230e-06
2.200000e+03	2.240000e+03	1.007947e-05	1.225438e-06	1.007965e-06
2.240000e+03	2.280000e+03	9.545243e-06	1.002178e-06	1.167457e-06
2.280000e+03	2.320000e+03	8.941332e-06	8.311900e-07	4.608650e-07
2.320000e+03	2.360000e+03	8.140970e-06	8.028300e-07	6.569700e-07
2.360000e+03	2.400000e+03	6.938145e-06	6.425500e-08	1.355950e-06
2.400000e+03	2.440000e+03	6.640200e-06	5.167450e-07	1.575715e-06
2.440000e+03	2.480000e+03	6.753662e-06	0.000000e+00	2.194203e-06
2.480000e+03	2.520000e+03	6.019140e-06	8.241400e-07	1.063087e-05
2.520000e+03	2.560000e+03	5.379057e-06	5.502325e-07	3.123975e-07
2.560000e+03	2.600000e+03	5.013568e-06	3.629425e-07	5.936450e-07
2.600000e+03	2.640000e+03	4.815608e-06	7.260850e-07	6.463025e-07
2.640000e+03	2.680000e+03	4.569777e-06	2.281025e-07	0.000000e+00
2.680000e+03	2.720000e+03	3.930155e-06	6.327425e-07	4.946025e-07
2.720000e+03	2.760000e+03	3.625880e-06	2.708875e-07	4.477000e-07
2.760000e+03	2.800000e+03	3.235852e-06	1.250650e-07	4.864150e-07
2.800000e+03	2.840000e+03	3.158027e-06	1.916500e-07	3.910875e-07
2.840000e+03	2.880000e+03	3.001175e-06	3.739725e-07	4.627075e-07
2.880000e+03	2.920000e+03	2.476960e-06	1.642005e-07	4.193047e-07
2.920000e+03	2.960000e+03	2.512625e-06	3.889907e-07	4.345500e-07
2.960000e+03	3.000000e+03	2.219791e-06	1.156935e-07	4.862113e-07
3.000000e+03	3.040000e+03	2.090311e-06	2.530223e-07	2.190007e-07
3.040000e+03	3.080000e+03	1.928325e-06	3.480075e-08	3.224168e-07
3.080000e+03	3.120000e+03	1.722851e-06	1.342737e-07	2.213855e-07
3.120000e+03	3.160000e+03	2.288153e-06	7.429738e-07	0.000000e+00
3.160000e+03	3.200000e+03	1.487303e-06	2.889603e-07	6.170100e-08
3.200000e+03	3.240000e+03	1.374843e-06	5.190352e-07	2.449643e-07
3.240000e+03	3.280000e+03	1.315303e-06	2.245720e-07	1.941637e-07
3.280000e+03	3.320000e+03	1.255552e-06	1.491718e-07	7.235425e-08
3.320000e+03	3.360000e+03	9.949925e-07	3.747075e-08	2.023590e-07
3.360000e+03	3.400000e+03	8.924933e-07	2.602375e-08	1.663092e-07
3.400000e+03	3.440000e+03	9.322575e-07	6.815400e-08	7.520450e-08
3.440000e+03	3.480000e+03	9.013585e-07	1.782535e-07	0.000000e+00
3.480000e+03	3.520000e+03	7.918790e-07	9.866225e-08	6.142750e-09
3.520000e+03	3.560000e+03	6.728978e-07	1.001153e-07	1.626030e-07
3.560000e+03	3.600000e+03	6.601032e-07	1.254560e-07	9.574175e-08
3.600000e+03	3.640000e+03	6.294495e-07	1.636555e-07	0.000000e+00
3.640000e+03	3.680000e+03	5.232107e-07	5.990525e-08	7.207500e-08
3.680000e+03	3.720000e+03	5.044933e-07	0.000000e+00	1.058630e-07
3.720000e+03	3.760000e+03	4.421950e-07	0.000000e+00	1.143998e-07
3.760000e+03	3.800000e+03	3.382197e-07	0.000000e+00	1.025907e-07
3.800000e+03	3.840000e+03	3.770015e-07	4.209900e-08	5.462100e-08
3.840000e+03	3.880000e+03	3.396430e-07	1.046450e-08	1.070525e-08
3.880000e+03	3.920000e+03	2.984558e-07	2.599825e-08	7.607225e-08
3.920000e+03	3.960000e+03	3.047612e-07	6.265675e-08	6.590325e-08
3.960000e+03	4.000000e+03	2.505933e-07	1.952543e-08	2.157625e-08
4.000000e+03	4.040000e+03	2.469809e-07	1.548027e-08	7.508125e-09
4.040000e+03	4.080000e+03	2.007195e-07	0.000000e+00	5.495123e-08
4.080000e+03	4.120000e+03	9.364090e-08	0.000000e+00	9.977470e-08
4.120000e+03	4.160000e+03	2.259800e-07	5.734412e-08	0.000000e+00
4.160000e+03	4.200000e+03	1.614524e-07	1.801885e-08	0.000000e+00
4.200000e+03	4.240000e+03	2.063406e-07	8.701412e-08	0.000000e+00
4.240000e+03	4.280000e+03	1.322560e-07	2.892882e-08	2.848052e-08
4.280000e+03	4.320000e+03	1.288808e-07	0.000000e+00	8.030920e-08
4.320000e+03	4.360000e+03	1.113627e-07	0.000000e+00	2.408475e-08
4.360000e+03	4.400000e+03	6.999747e-08	0.000000e+00	8.113098e-08
4.400000e+03	4.440000e+03	1.288606e-07	5.521942e-08	0.000000e+00
4.440000e+03	4.480000e+03	6.112845e-08	0.000000e+00	2.765115e-08
4.480000e+03	4.520000e+03	7.954110e-08	3.620375e-09	1.608247e-08
4.520000e+03	4.560000e+03	6.513425e-08	0.000000e+00	2.591967e-08
4.560000e+03	4.600000e+03	6.447487e-08	7.751300e-09	0.000000e+00
4.600000e+03	4.640000e+03	8.851142e-08	4.645720e-08	0.000000e+00
4.640000e+03	4.680000e+03	6.184852e-08	1.999775e-08	0.000000e+00
4.680000e+03	4.720000e+03	3.552140e-08	2.135186e-08	1.060430e-08
4.720000e+03	4.760000e+03	3.575488e-08	0.000000e+00	1.472452e-08
4.760000e+03	4.800000e+03	3.182578e-08	6.357550e-09	0.000000e+00
4.800000e+03	4.840000e+03	2.695663e-08	0.000000e+00	1.828062e-08
4.840000e+03	4.880000e+03	3.116263e-08	5.499750e-10	2.074900e-09
4.880000e+03	4.920000e+03	2.857732e-08	7.474617e-09	0.000000e+00
4.920000e+03	4.960000e+03	2.652217e-08	7.481967e-09	2.578335e-08
4.960000e+03	5.000000e+03	2.442665e-08	1.762600e-09	8.747700e-10
5.000000e+03	5.040000e+03	2.531503e-08	9.674320e-09	0.000000e+00
5.040000e+03	5.080000e+03	1.583492e-08	0.000000e+00	5.556262e-09
5.080000e+03	5.120000e+03	2.792363e-08	1.246472e-08	0.000000e+00
5.120000e+03	5.160000e+03	1.529947e-08	4.430495e-09	6.749038e-09
5.160000e+03	5.200000e+03	2.383241e-08	1.254709e-08	0.000000e+00
5.200000e+03	5.240000e+03	1.025550e-08	0.000000e+00	3.379123e-09
5.240000e+03	5.280000e+03	9.171477e-09	0.000000e+00	4.247615e-09
5.280000e+03	5.320000e+03	9.298408e-09	1.379343e-09	1.939985e-09
5.320000e+03	5.360000e+03	9.289250e-09	4.456193e-09	1.027810e-09
5.360000e+03	5.400000e+03	7.058582e-09	2.779025e-10	7.773838e-09
5.400000e+03	5.440000e+03	-1.374176e-09	0.000000e+00	1.413131e-08
5.440000e+03	5.480000e+03	6.867498e-09	0.000000e+00	1.589865e-09
5.480000e+03	5.520000e+03	7.810443e-09	2.477133e-09	1.550012e-09
5.520000e+03	5.560000e+03	5.142122e-09	0.000000e+00	2.750733e-09
5.560000e+03	5.600000e+03	3.596640e-09	1.471421e-09	1.408150e-09
5.600000e+03	5.640000e+03	5.698237e-09	8.592575e-10	3.539900e-10
5.640000e+03	5.680000e+03	4.479142e-09	7.179575e-10	1.260178e-09
5.680000e+03	5.720000e+03	4.065335e-09	1.494197e-09	0.000000e+00
5.720000e+03	5.760000e+03	2.751720e-09	0.000000e+00	1.010851e-08
5.760000e+03	5.800000e+03	3.898935e-09	1.250115e-09	4.235875e-10
5.800000e+03	5.840000e+03	2.239545e-09	0.000000e+00	1.770875e-09
5.840000e+03	5.880000e+03	2.884325e-09	5.926200e-10	7.571250e-11
5.880000e+03	5.920000e+03	3.003430e-09	1.150319e-09	9.774300e-10
5.920000e+03	5.960000e+03	1.487352e-09	6.691425e-11	9.752618e-10
5.960000e+03	6.000000e+03	2.180014e-09	2.044665e-09	0.000000e+00
# END HISTO1D


# BEGIN HISTO1D //homes/tinghua1/Merging-Project/Production/HJETS/ratio-plots/hjets-matched-errorband/H-2-3-4-25gev-combine.yoda/MC_H2JETS_04_INC/j1j3_mass
ErrorBandColor=yellow
ErrorBandOpacity=0.3
ErrorBands=1
ErrorType=env
LineColor=yellow
LineStyle=solid
Path=//homes/tinghua1/Merging-Project/Production/HJETS/ratio-plots/hjets-matched-errorband/H-2-3-4-25gev-combine.yoda/MC_H2JETS_04_INC/j1j3_mass
RatioPlotSameStyle=1
Title=h(2,3,4)
# xlow	 xhigh	 val	 errminus	 errplus
0.000000e+00	4.000000e+01	1.213549e-03	4.770925e-05	1.213300e-04
4.000000e+01	8.000000e+01	3.690603e-03	2.590350e-04	2.498425e-04
8.000000e+01	1.200000e+02	3.467635e-03	9.961000e-05	7.676000e-05
1.200000e+02	1.600000e+02	2.147624e-03	1.148880e-04	1.050177e-04
1.600000e+02	2.000000e+02	1.467055e-03	8.484050e-05	6.381575e-05
2.000000e+02	2.400000e+02	1.075036e-03	7.600500e-05	4.933125e-05
2.400000e+02	2.800000e+02	8.399470e-04	5.994600e-05	4.694050e-05
2.800000e+02	3.200000e+02	6.863455e-04	4.155900e-05	4.633650e-05
3.200000e+02	3.600000e+02	5.855395e-04	3.722350e-05	4.437950e-05
3.600000e+02	4.000000e+02	5.156687e-04	3.968125e-05	3.668675e-05
4.000000e+02	4.400000e+02	4.571565e-04	3.766825e-05	3.582750e-05
4.400000e+02	4.800000e+02	4.042650e-04	3.133850e-05	3.895175e-05
4.800000e+02	5.200000e+02	3.617203e-04	2.940625e-05	3.680275e-05
5.200000e+02	5.600000e+02	3.288225e-04	2.705425e-05	3.079125e-05
5.600000e+02	6.000000e+02	2.956922e-04	2.603050e-05	3.387975e-05
6.000000e+02	6.400000e+02	2.686985e-04	2.390788e-05	3.025300e-05
6.400000e+02	6.800000e+02	2.454999e-04	2.452290e-05	2.768865e-05
6.800000e+02	7.200000e+02	2.269541e-04	2.598625e-05	2.456388e-05
7.200000e+02	7.600000e+02	2.035202e-04	2.072163e-05	2.251970e-05
7.600000e+02	8.000000e+02	1.852793e-04	1.744747e-05	2.471242e-05
8.000000e+02	8.400000e+02	1.700315e-04	1.930110e-05	2.051133e-05
8.400000e+02	8.800000e+02	1.570023e-04	1.792635e-05	1.921238e-05
8.800000e+02	9.200000e+02	1.414973e-04	1.660108e-05	1.901743e-05
9.200000e+02	9.600000e+02	1.303736e-04	1.431892e-05	1.816217e-05
9.600000e+02	1.000000e+03	1.200530e-04	1.400685e-05	1.589773e-05
1.000000e+03	1.040000e+03	1.099813e-04	1.129433e-05	1.388262e-05
1.040000e+03	1.080000e+03	1.019820e-04	1.323672e-05	1.294680e-05
1.080000e+03	1.120000e+03	9.311750e-05	1.132888e-05	1.557222e-05
1.120000e+03	1.160000e+03	8.519648e-05	1.006523e-05	1.309075e-05
1.160000e+03	1.200000e+03	7.938137e-05	1.007525e-05	1.128197e-05
1.200000e+03	1.240000e+03	7.401413e-05	1.090408e-05	9.642775e-06
1.240000e+03	1.280000e+03	6.803935e-05	9.445025e-06	9.186250e-06
1.280000e+03	1.320000e+03	6.231865e-05	8.299350e-06	9.953100e-06
1.320000e+03	1.360000e+03	5.742278e-05	7.606800e-06	8.553775e-06
1.360000e+03	1.400000e+03	5.260995e-05	6.936500e-06	8.204100e-06
1.400000e+03	1.440000e+03	4.879970e-05	7.239225e-06	7.696000e-06
1.440000e+03	1.480000e+03	4.497902e-05	5.987900e-06	7.168975e-06
1.480000e+03	1.520000e+03	4.218783e-05	6.354525e-06	5.189750e-06
1.520000e+03	1.560000e+03	3.855688e-05	3.444500e-06	5.717250e-06
1.560000e+03	1.600000e+03	3.641848e-05	5.803475e-06	5.626300e-06
1.600000e+03	1.640000e+03	3.305310e-05	4.428125e-06	5.422175e-06
1.640000e+03	1.680000e+03	3.171857e-05	5.764600e-06	3.442650e-06
1.680000e+03	1.720000e+03	2.833500e-05	4.050220e-06	5.048875e-06
1.720000e+03	1.760000e+03	2.611762e-05	4.488627e-06	4.883275e-06
1.760000e+03	1.800000e+03	2.392889e-05	3.390368e-06	4.329858e-06
1.800000e+03	1.840000e+03	2.160703e-05	2.769435e-06	5.158823e-06
1.840000e+03	1.880000e+03	2.068519e-05	2.852107e-06	3.927147e-06
1.880000e+03	1.920000e+03	1.935687e-05	2.746455e-06	3.171607e-06
1.920000e+03	1.960000e+03	1.746220e-05	2.500230e-06	3.436748e-06
1.960000e+03	2.000000e+03	1.662835e-05	2.850293e-06	2.943205e-06
2.000000e+03	2.040000e+03	1.540177e-05	1.944232e-06	2.567583e-06
2.040000e+03	2.080000e+03	1.444684e-05	2.836227e-06	1.981495e-06
2.080000e+03	2.120000e+03	1.330047e-05	2.231135e-06	2.365667e-06
2.120000e+03	2.160000e+03	1.161690e-05	1.330380e-06	3.398970e-06
2.160000e+03	2.200000e+03	1.156091e-05	2.169000e-06	1.938680e-06
2.200000e+03	2.240000e+03	1.021344e-05	1.292090e-06	2.199685e-06
2.240000e+03	2.280000e+03	9.407200e-06	1.355963e-06	2.463983e-06
2.280000e+03	2.320000e+03	8.636497e-06	1.197567e-06	1.813233e-06
2.320000e+03	2.360000e+03	7.943355e-06	1.156867e-06	1.601683e-06
2.360000e+03	2.400000e+03	7.395123e-06	1.171893e-06	1.572350e-06
2.400000e+03	2.440000e+03	6.953918e-06	1.337723e-06	1.329957e-06
2.440000e+03	2.480000e+03	6.400240e-06	1.189555e-06	1.466875e-06
2.480000e+03	2.520000e+03	6.086463e-06	1.008970e-06	9.189150e-07
2.520000e+03	2.560000e+03	5.401500e-06	9.254050e-07	1.437315e-06
2.560000e+03	2.600000e+03	5.005820e-06	7.718375e-07	8.835000e-07
2.600000e+03	2.640000e+03	4.763645e-06	1.006205e-06	9.254750e-07
2.640000e+03	2.680000e+03	4.184165e-06	7.162300e-07	9.494175e-07
2.680000e+03	2.720000e+03	4.136235e-06	1.082683e-06	6.254700e-07
2.720000e+03	2.760000e+03	3.762092e-06	8.154425e-07	9.638475e-07
2.760000e+03	2.800000e+03	3.330840e-06	4.148425e-07	7.724000e-07
2.800000e+03	2.840000e+03	3.116893e-06	5.744400e-07	5.151400e-07
2.840000e+03	2.880000e+03	3.143133e-06	8.573038e-07	3.441200e-07
2.880000e+03	2.920000e+03	2.610573e-06	3.618412e-07	6.916875e-07
2.920000e+03	2.960000e+03	2.309126e-06	4.366610e-07	5.685990e-07
2.960000e+03	3.000000e+03	2.177921e-06	3.596783e-07	4.059965e-07
3.000000e+03	3.040000e+03	2.005505e-06	3.064500e-07	5.077500e-07
3.040000e+03	3.080000e+03	1.837077e-06	2.591170e-07	4.466310e-07
3.080000e+03	3.120000e+03	1.796583e-06	4.029965e-07	2.372590e-07
3.120000e+03	3.160000e+03	1.676413e-06	4.848732e-07	2.451348e-07
3.160000e+03	3.200000e+03	1.479275e-06	2.859265e-07	3.372240e-07
3.200000e+03	3.240000e+03	1.350193e-06	3.214490e-07	2.666450e-07
3.240000e+03	3.280000e+03	1.280886e-06	2.142412e-07	3.967532e-07
3.280000e+03	3.320000e+03	1.056063e-06	1.199153e-07	4.309897e-07
3.320000e+03	3.360000e+03	1.126114e-06	2.786365e-07	3.500953e-07
3.360000e+03	3.400000e+03	9.529418e-07	1.833997e-07	2.272482e-07
3.400000e+03	3.440000e+03	8.066025e-07	1.190088e-07	2.878118e-07
3.440000e+03	3.480000e+03	8.393712e-07	1.021660e-07	1.271725e-07
3.480000e+03	3.520000e+03	7.462783e-07	1.169448e-07	1.320407e-07
3.520000e+03	3.560000e+03	6.756378e-07	1.437220e-07	1.112070e-07
3.560000e+03	3.600000e+03	6.501690e-07	1.220055e-07	1.423183e-07
3.600000e+03	3.640000e+03	5.060785e-07	7.340875e-08	2.321813e-07
3.640000e+03	3.680000e+03	5.196735e-07	1.979700e-08	1.055348e-07
3.680000e+03	3.720000e+03	5.235517e-07	1.369160e-07	0.000000e+00
3.720000e+03	3.760000e+03	4.290493e-07	6.299425e-08	1.478770e-07
3.760000e+03	3.800000e+03	3.950498e-07	3.071000e-08	8.603275e-08
3.800000e+03	3.840000e+03	4.096978e-07	1.213813e-07	7.661100e-08
3.840000e+03	3.880000e+03	3.058475e-07	3.584625e-08	1.133097e-07
3.880000e+03	3.920000e+03	2.909703e-07	3.270200e-08	9.300100e-08
3.920000e+03	3.960000e+03	2.784520e-07	5.021430e-08	7.971650e-08
3.960000e+03	4.000000e+03	2.409691e-07	1.996815e-08	2.954518e-08
4.000000e+03	4.040000e+03	1.924936e-07	1.043625e-09	1.178034e-07
4.040000e+03	4.080000e+03	2.186554e-07	4.511027e-08	5.488008e-08
4.080000e+03	4.120000e+03	2.137652e-07	5.818677e-08	2.738145e-08
4.120000e+03	4.160000e+03	1.783894e-07	5.674652e-08	4.883632e-08
4.160000e+03	4.200000e+03	1.688512e-07	4.355212e-08	4.484712e-08
4.200000e+03	4.240000e+03	1.377726e-07	1.729462e-08	4.135490e-08
4.240000e+03	4.280000e+03	1.292583e-07	1.163918e-08	2.857340e-08
4.280000e+03	4.320000e+03	1.197252e-07	2.706082e-08	4.496688e-08
4.320000e+03	4.360000e+03	1.143106e-07	1.843627e-08	5.033870e-08
4.360000e+03	4.400000e+03	9.033578e-08	2.913300e-09	3.850548e-08
4.400000e+03	4.440000e+03	9.952650e-08	3.830827e-08	0.000000e+00
4.440000e+03	4.480000e+03	1.122406e-07	4.287855e-08	6.366750e-10
4.480000e+03	4.520000e+03	8.222525e-08	2.596853e-08	1.316915e-08
4.520000e+03	4.560000e+03	8.745010e-08	1.687502e-08	0.000000e+00
4.560000e+03	4.600000e+03	6.097327e-08	2.005765e-08	1.414760e-08
4.600000e+03	4.640000e+03	7.157865e-08	2.801763e-08	3.934800e-09
4.640000e+03	4.680000e+03	4.569415e-08	4.378425e-09	1.792165e-08
4.680000e+03	4.720000e+03	3.816783e-08	9.616825e-09	2.235652e-08
4.720000e+03	4.760000e+03	4.404848e-08	2.080250e-10	5.000975e-09
4.760000e+03	4.800000e+03	3.423105e-08	7.550375e-09	1.730848e-08
4.800000e+03	4.840000e+03	2.998173e-08	8.960608e-09	2.367250e-08
4.840000e+03	4.880000e+03	3.014740e-08	2.103675e-09	0.000000e+00
4.880000e+03	4.920000e+03	3.419292e-08	4.269442e-08	0.000000e+00
4.920000e+03	4.960000e+03	3.770950e-08	2.871387e-08	0.000000e+00
4.960000e+03	5.000000e+03	1.979386e-08	4.376620e-09	1.541374e-08
5.000000e+03	5.040000e+03	1.995553e-08	3.656057e-09	1.737117e-08
5.040000e+03	5.080000e+03	1.848554e-08	0.000000e+00	7.993580e-09
5.080000e+03	5.120000e+03	2.408109e-08	1.223488e-08	0.000000e+00
5.120000e+03	5.160000e+03	1.204194e-08	0.000000e+00	1.071971e-08
5.160000e+03	5.200000e+03	1.828875e-08	1.282833e-08	0.000000e+00
5.200000e+03	5.240000e+03	9.920415e-09	6.590760e-09	1.553861e-08
5.240000e+03	5.280000e+03	1.310984e-08	7.019150e-09	1.419975e-09
5.280000e+03	5.320000e+03	1.311680e-08	1.597820e-09	0.000000e+00
5.320000e+03	5.360000e+03	9.994605e-09	1.811700e-09	3.622628e-09
5.360000e+03	5.400000e+03	5.900905e-09	0.000000e+00	2.311120e-09
5.400000e+03	5.440000e+03	7.718273e-09	0.000000e+00	3.830170e-09
5.440000e+03	5.480000e+03	1.609698e-08	1.082053e-08	0.000000e+00
5.480000e+03	5.520000e+03	5.051513e-09	9.872750e-11	3.888467e-09
5.520000e+03	5.560000e+03	4.078550e-09	0.000000e+00	5.767505e-09
5.560000e+03	5.600000e+03	5.288055e-09	2.325870e-09	3.345835e-09
5.600000e+03	5.640000e+03	3.082922e-09	0.000000e+00	3.544608e-09
5.640000e+03	5.680000e+03	4.019937e-09	4.805500e-11	1.576023e-09
5.680000e+03	5.720000e+03	4.692728e-09	2.516881e-09	3.185280e-09
5.720000e+03	5.760000e+03	2.180634e-09	0.000000e+00	4.555868e-09
5.760000e+03	5.800000e+03	4.457492e-09	1.644497e-09	3.174450e-10
5.800000e+03	5.840000e+03	3.412188e-09	1.674137e-09	0.000000e+00
5.840000e+03	5.880000e+03	2.495234e-09	0.000000e+00	7.517165e-10
5.880000e+03	5.920000e+03	2.186896e-09	0.000000e+00	3.020780e-10
5.920000e+03	5.960000e+03	2.200004e-09	9.692088e-10	6.620940e-10
5.960000e+03	6.000000e+03	2.183790e-09	0.000000e+00	1.233910e-09
# END HISTO1D


# BEGIN HISTO1D //homes/tinghua1/Merging-Project/Production/HJETS/ratio-plots/hjets-matched-errorband/H-N2-3-25gev-combine.yoda/MC_H2JETS_04_INC/j1j3_mass
ErrorBandColor=green
ErrorBandOpacity=0.3
ErrorBands=1
ErrorType=env
LineColor=green
LineStyle=solid
Path=//homes/tinghua1/Merging-Project/Production/HJETS/ratio-plots/hjets-matched-errorband/H-N2-3-25gev-combine.yoda/MC_H2JETS_04_INC/j1j3_mass
RatioPlotSameStyle=1
Title=h(2*,3)
# xlow	 xhigh	 val	 errminus	 errplus
0.000000e+00	4.000000e+01	1.274422e-03	3.764275e-05	1.126763e-04
4.000000e+01	8.000000e+01	4.042225e-03	2.906225e-04	3.188275e-04
8.000000e+01	1.200000e+02	3.808745e-03	1.277850e-04	1.313325e-04
1.200000e+02	1.600000e+02	2.380008e-03	1.668150e-04	1.459023e-04
1.600000e+02	2.000000e+02	1.623595e-03	1.046747e-04	1.191510e-04
2.000000e+02	2.400000e+02	1.162050e-03	7.375900e-05	8.646125e-05
2.400000e+02	2.800000e+02	8.913850e-04	5.569075e-05	9.063300e-05
2.800000e+02	3.200000e+02	7.199077e-04	4.802875e-05	5.235450e-05
3.200000e+02	3.600000e+02	5.990805e-04	3.454725e-05	4.678975e-05
3.600000e+02	4.000000e+02	5.118490e-04	2.972075e-05	3.739975e-05
4.000000e+02	4.400000e+02	4.483018e-04	1.705375e-05	3.313350e-05
4.400000e+02	4.800000e+02	3.977838e-04	2.175250e-05	2.554450e-05
4.800000e+02	5.200000e+02	3.515592e-04	0.000000e+00	2.905125e-05
5.200000e+02	5.600000e+02	3.178570e-04	1.983475e-05	2.273675e-05
5.600000e+02	6.000000e+02	2.836530e-04	1.843150e-05	1.933500e-05
6.000000e+02	6.400000e+02	2.575568e-04	1.283110e-05	1.681025e-05
6.400000e+02	6.800000e+02	2.339999e-04	1.615637e-05	1.565823e-05
6.800000e+02	7.200000e+02	2.144737e-04	1.642415e-05	1.434355e-05
7.200000e+02	7.600000e+02	1.932608e-04	1.304108e-05	1.587300e-05
7.600000e+02	8.000000e+02	1.788719e-04	1.568392e-05	9.112450e-06
8.000000e+02	8.400000e+02	1.623528e-04	1.289370e-05	1.178557e-05
8.400000e+02	8.800000e+02	1.492178e-04	1.211510e-05	1.060247e-05
8.800000e+02	9.200000e+02	1.346865e-04	1.153393e-05	1.077908e-05
9.200000e+02	9.600000e+02	1.236021e-04	7.508900e-06	1.059315e-05
9.600000e+02	1.000000e+03	1.143451e-04	9.838600e-06	8.419475e-06
1.000000e+03	1.040000e+03	1.056358e-04	8.198725e-06	7.442950e-06
1.040000e+03	1.080000e+03	9.612540e-05	7.053850e-06	8.363100e-06
1.080000e+03	1.120000e+03	8.906622e-05	7.808100e-06	7.473525e-06
1.120000e+03	1.160000e+03	8.219400e-05	6.292350e-06	6.103400e-06
1.160000e+03	1.200000e+03	7.495533e-05	5.134325e-06	7.465950e-06
1.200000e+03	1.240000e+03	6.932115e-05	5.952675e-06	5.432650e-06
1.240000e+03	1.280000e+03	6.482265e-05	6.093225e-06	5.035550e-06
1.280000e+03	1.320000e+03	5.995770e-05	5.674325e-06	5.240850e-06
1.320000e+03	1.360000e+03	5.429795e-05	3.687225e-06	4.934875e-06
1.360000e+03	1.400000e+03	5.088628e-05	4.112975e-06	4.820725e-06
1.400000e+03	1.440000e+03	4.664230e-05	3.188250e-06	3.182925e-06
1.440000e+03	1.480000e+03	4.299767e-05	3.110900e-06	4.173400e-06
1.480000e+03	1.520000e+03	3.969718e-05	2.727475e-06	3.643825e-06
1.520000e+03	1.560000e+03	3.731140e-05	2.861675e-06	2.967700e-06
1.560000e+03	1.600000e+03	3.390125e-05	2.546250e-06	3.166200e-06
1.600000e+03	1.640000e+03	3.193438e-05	7.402397e-06	2.654125e-06
1.640000e+03	1.680000e+03	2.907747e-05	2.305500e-06	2.753975e-06
1.680000e+03	1.720000e+03	2.723373e-05	2.124800e-06	2.585950e-06
1.720000e+03	1.760000e+03	2.512325e-05	2.366790e-06	1.740650e-06
1.760000e+03	1.800000e+03	2.307374e-05	1.436625e-06	2.443610e-06
1.800000e+03	1.840000e+03	2.150284e-05	1.638395e-06	2.787413e-06
1.840000e+03	1.880000e+03	2.009036e-05	1.606117e-06	2.374283e-06
1.880000e+03	1.920000e+03	1.905133e-05	2.120620e-06	1.321672e-06
1.920000e+03	1.960000e+03	1.697281e-05	1.010440e-06	1.813018e-06
1.960000e+03	2.000000e+03	1.547377e-05	9.367150e-07	1.858165e-06
2.000000e+03	2.040000e+03	1.482845e-05	1.657713e-06	1.330608e-06
2.040000e+03	2.080000e+03	1.381620e-05	1.385485e-06	1.280677e-06
2.080000e+03	2.120000e+03	1.266506e-05	1.293337e-06	9.485650e-07
2.120000e+03	2.160000e+03	1.199274e-05	1.266278e-06	1.083635e-06
2.160000e+03	2.200000e+03	1.081058e-05	1.017727e-06	9.359700e-07
2.200000e+03	2.240000e+03	1.006184e-05	1.227935e-06	8.998700e-07
2.240000e+03	2.280000e+03	9.362510e-06	1.083638e-06	7.651800e-07
2.280000e+03	2.320000e+03	8.398432e-06	0.000000e+00	1.165550e-06
2.320000e+03	2.360000e+03	7.727532e-06	5.387475e-07	1.160878e-06
2.360000e+03	2.400000e+03	7.215358e-06	6.616400e-07	9.375575e-07
2.400000e+03	2.440000e+03	6.790867e-06	6.226375e-07	8.429050e-07
2.440000e+03	2.480000e+03	6.605140e-06	1.082747e-06	0.000000e+00
2.480000e+03	2.520000e+03	5.517980e-06	3.871425e-07	4.877875e-07
2.520000e+03	2.560000e+03	5.293737e-06	3.236275e-07	5.686800e-07
2.560000e+03	2.600000e+03	5.116115e-06	5.689675e-07	3.394925e-07
2.600000e+03	2.640000e+03	4.588078e-06	4.286600e-07	4.857050e-07
2.640000e+03	2.680000e+03	4.433038e-06	6.826000e-07	1.038950e-07
2.680000e+03	2.720000e+03	3.928798e-06	5.426300e-07	3.567675e-07
2.720000e+03	2.760000e+03	3.790320e-06	6.049825e-07	9.196250e-08
2.760000e+03	2.800000e+03	3.334133e-06	4.693475e-07	1.899575e-07
2.800000e+03	2.840000e+03	3.165485e-06	4.076000e-07	1.114625e-07
2.840000e+03	2.880000e+03	2.784282e-06	1.288275e-07	2.231475e-07
2.880000e+03	2.920000e+03	2.648930e-06	1.938110e-07	1.437525e-07
2.920000e+03	2.960000e+03	2.463456e-06	3.131335e-07	0.000000e+00
2.960000e+03	3.000000e+03	2.101798e-06	7.022700e-08	4.485523e-07
3.000000e+03	3.040000e+03	2.033198e-06	1.661395e-07	1.753170e-07
3.040000e+03	3.080000e+03	1.794025e-06	0.000000e+00	3.675835e-07
3.080000e+03	3.120000e+03	1.737158e-06	1.786725e-07	5.273375e-08
3.120000e+03	3.160000e+03	1.583345e-06	1.117100e-07	2.560595e-07
3.160000e+03	3.200000e+03	1.377350e-06	1.596148e-07	1.538027e-07
3.200000e+03	3.240000e+03	1.230872e-06	0.000000e+00	3.280987e-07
3.240000e+03	3.280000e+03	1.192610e-06	7.362550e-08	2.503753e-07
3.280000e+03	3.320000e+03	1.110060e-06	7.870075e-08	1.233557e-07
3.320000e+03	3.360000e+03	1.053891e-06	1.286558e-07	7.777725e-08
3.360000e+03	3.400000e+03	1.017799e-06	1.052065e-07	2.725275e-08
3.400000e+03	3.440000e+03	9.460757e-07	1.875042e-07	0.000000e+00
3.440000e+03	3.480000e+03	8.627995e-07	1.308300e-07	0.000000e+00
3.480000e+03	3.520000e+03	7.037485e-07	9.902075e-08	8.497225e-08
3.520000e+03	3.560000e+03	7.019488e-07	4.151550e-08	4.825500e-08
3.560000e+03	3.600000e+03	6.544960e-07	4.278350e-08	0.000000e+00
3.600000e+03	3.640000e+03	4.966048e-07	3.019525e-08	1.532855e-07
3.640000e+03	3.680000e+03	5.065992e-07	8.723875e-08	1.141120e-07
3.680000e+03	3.720000e+03	5.268233e-07	1.101178e-07	6.713200e-08
3.720000e+03	3.760000e+03	3.845582e-07	3.407225e-08	5.837475e-08
3.760000e+03	3.800000e+03	4.081733e-07	4.138575e-08	0.000000e+00
3.800000e+03	3.840000e+03	3.679108e-07	5.466575e-08	2.812450e-08
3.840000e+03	3.880000e+03	3.015835e-07	2.384075e-08	9.940225e-08
3.880000e+03	3.920000e+03	3.173882e-07	3.230750e-08	6.154150e-08
3.920000e+03	3.960000e+03	2.679060e-07	1.826588e-08	3.394675e-08
3.960000e+03	4.000000e+03	2.265339e-07	7.974750e-09	5.198885e-08
4.000000e+03	4.040000e+03	2.186146e-07	0.000000e+00	1.941388e-08
4.040000e+03	4.080000e+03	2.330247e-07	5.683677e-08	1.165290e-08
4.080000e+03	4.120000e+03	1.946131e-07	4.748893e-08	1.552560e-08
4.120000e+03	4.160000e+03	1.688638e-07	8.963025e-09	2.150077e-08
4.160000e+03	4.200000e+03	1.647035e-07	2.491748e-08	2.630855e-08
4.200000e+03	4.240000e+03	1.206774e-07	0.000000e+00	2.046795e-08
4.240000e+03	4.280000e+03	1.265967e-07	9.950125e-09	2.509995e-08
4.280000e+03	4.320000e+03	1.128117e-07	2.860365e-08	0.000000e+00
4.320000e+03	4.360000e+03	1.087407e-07	1.531367e-08	5.422250e-09
4.360000e+03	4.400000e+03	9.128120e-08	1.090922e-08	4.407970e-08
4.400000e+03	4.440000e+03	7.793518e-08	8.373250e-09	2.525678e-08
4.440000e+03	4.480000e+03	8.072390e-08	1.090492e-08	0.000000e+00
4.480000e+03	4.520000e+03	7.936253e-08	2.189495e-08	1.314852e-08
4.520000e+03	4.560000e+03	6.742382e-08	6.415725e-09	4.081135e-08
4.560000e+03	4.600000e+03	5.868403e-08	2.701000e-09	5.139175e-09
4.600000e+03	4.640000e+03	4.931582e-08	0.000000e+00	6.346275e-09
4.640000e+03	4.680000e+03	5.691100e-08	1.209748e-08	2.431315e-08
4.680000e+03	4.720000e+03	5.069997e-08	1.237993e-08	2.690825e-09
4.720000e+03	4.760000e+03	4.771818e-08	8.845875e-09	4.669275e-09
4.760000e+03	4.800000e+03	3.929485e-08	6.104325e-09	6.723825e-09
4.800000e+03	4.840000e+03	3.448822e-08	0.000000e+00	4.629375e-09
4.840000e+03	4.880000e+03	2.784060e-08	5.867120e-09	1.802070e-08
4.880000e+03	4.920000e+03	3.118170e-08	3.818600e-09	1.762855e-08
4.920000e+03	4.960000e+03	3.015620e-08	1.269071e-08	1.126248e-08
4.960000e+03	5.000000e+03	1.971534e-08	0.000000e+00	3.735197e-09
5.000000e+03	5.040000e+03	1.755782e-08	4.781800e-10	9.490758e-09
5.040000e+03	5.080000e+03	1.534598e-08	0.000000e+00	8.489430e-09
5.080000e+03	5.120000e+03	2.103167e-08	7.078572e-09	0.000000e+00
5.120000e+03	5.160000e+03	1.255074e-08	0.000000e+00	8.035935e-09
5.160000e+03	5.200000e+03	1.123040e-08	0.000000e+00	4.077385e-09
5.200000e+03	5.240000e+03	2.439913e-08	1.390112e-08	0.000000e+00
5.240000e+03	5.280000e+03	1.051411e-08	1.321582e-08	0.000000e+00
5.280000e+03	5.320000e+03	1.153449e-08	2.760013e-09	0.000000e+00
5.320000e+03	5.360000e+03	1.007870e-08	2.601650e-09	5.219310e-09
5.360000e+03	5.400000e+03	7.601462e-09	0.000000e+00	2.889502e-09
5.400000e+03	5.440000e+03	7.517820e-09	1.042753e-09	5.937525e-09
5.440000e+03	5.480000e+03	7.980300e-09	3.290943e-09	0.000000e+00
5.480000e+03	5.520000e+03	9.748653e-09	4.911235e-09	0.000000e+00
5.520000e+03	5.560000e+03	5.157950e-09	5.094000e-10	1.306740e-09
5.560000e+03	5.600000e+03	4.085250e-09	8.554575e-10	8.865825e-10
5.600000e+03	5.640000e+03	5.642242e-09	3.213380e-09	0.000000e+00
5.640000e+03	5.680000e+03	3.391015e-09	0.000000e+00	6.033750e-10
5.680000e+03	5.720000e+03	3.163275e-09	2.774500e-10	1.152547e-09
5.720000e+03	5.760000e+03	3.901215e-09	1.024628e-09	4.704200e-10
5.760000e+03	5.800000e+03	4.201490e-09	1.579927e-09	0.000000e+00
5.800000e+03	5.840000e+03	2.652410e-09	5.899398e-10	6.239000e-10
5.840000e+03	5.880000e+03	1.944309e-09	0.000000e+00	2.317962e-09
5.880000e+03	5.920000e+03	1.655674e-09	0.000000e+00	1.082966e-09
5.920000e+03	5.960000e+03	2.139927e-09	6.154718e-10	2.103135e-10
5.960000e+03	6.000000e+03	1.936525e-09	6.319225e-10	4.999825e-11
# END HISTO1D


# BEGIN HISTO1D //homes/tinghua1/Merging-Project/Production/HJETS/ratio-plots/hjets-matched-errorband/H-2-3-25gev-combine.yoda/MC_H2JETS_04_INC/j1j3_mass
ErrorBandColor=purple
ErrorBandOpacity=0.3
ErrorBands=1
ErrorType=env
LineColor=purple
LineStyle=solid
Path=//homes/tinghua1/Merging-Project/Production/HJETS/ratio-plots/hjets-matched-errorband/H-2-3-25gev-combine.yoda/MC_H2JETS_04_INC/j1j3_mass
RatioPlotSameStyle=1
Title=h(2,3)
# xlow	 xhigh	 val	 errminus	 errplus
0.000000e+00	4.000000e+01	1.174361e-03	0.000000e+00	1.705755e-04
4.000000e+01	8.000000e+01	3.428027e-03	0.000000e+00	5.053950e-04
8.000000e+01	1.200000e+02	3.342663e-03	0.000000e+00	1.426775e-04
1.200000e+02	1.600000e+02	2.011561e-03	0.000000e+00	2.052972e-04
1.600000e+02	2.000000e+02	1.371704e-03	0.000000e+00	1.454370e-04
2.000000e+02	2.400000e+02	9.894402e-04	0.000000e+00	1.136200e-04
2.400000e+02	2.800000e+02	7.683730e-04	0.000000e+00	9.481250e-05
2.800000e+02	3.200000e+02	6.302233e-04	0.000000e+00	8.218400e-05
3.200000e+02	3.600000e+02	5.380705e-04	0.000000e+00	7.345425e-05
3.600000e+02	4.000000e+02	4.646328e-04	0.000000e+00	7.288600e-05
4.000000e+02	4.400000e+02	4.075187e-04	0.000000e+00	6.775575e-05
4.400000e+02	4.800000e+02	3.645488e-04	0.000000e+00	6.052600e-05
4.800000e+02	5.200000e+02	3.245595e-04	0.000000e+00	5.964525e-05
5.200000e+02	5.600000e+02	2.930873e-04	0.000000e+00	5.545575e-05
5.600000e+02	6.000000e+02	2.632675e-04	0.000000e+00	5.328775e-05
6.000000e+02	6.400000e+02	2.394496e-04	0.000000e+00	4.925892e-05
6.400000e+02	6.800000e+02	2.159498e-04	0.000000e+00	4.967965e-05
6.800000e+02	7.200000e+02	1.964188e-04	0.000000e+00	4.353643e-05
7.200000e+02	7.600000e+02	1.785152e-04	0.000000e+00	4.246703e-05
7.600000e+02	8.000000e+02	1.626582e-04	0.000000e+00	4.019465e-05
8.000000e+02	8.400000e+02	1.484117e-04	0.000000e+00	3.716673e-05
8.400000e+02	8.800000e+02	1.353259e-04	0.000000e+00	3.547930e-05
8.800000e+02	9.200000e+02	1.246912e-04	0.000000e+00	3.166375e-05
9.200000e+02	9.600000e+02	1.138249e-04	0.000000e+00	3.095665e-05
9.600000e+02	1.000000e+03	1.039932e-04	0.000000e+00	2.925365e-05
1.000000e+03	1.040000e+03	9.633747e-05	0.000000e+00	2.591423e-05
1.040000e+03	1.080000e+03	8.713607e-05	0.000000e+00	2.604807e-05
1.080000e+03	1.120000e+03	8.011262e-05	0.000000e+00	2.351938e-05
1.120000e+03	1.160000e+03	7.338375e-05	0.000000e+00	2.298650e-05
1.160000e+03	1.200000e+03	6.811973e-05	0.000000e+00	2.044490e-05
1.200000e+03	1.240000e+03	6.187820e-05	0.000000e+00	2.008015e-05
1.240000e+03	1.280000e+03	5.755723e-05	0.000000e+00	1.863460e-05
1.280000e+03	1.320000e+03	5.311460e-05	0.000000e+00	1.701278e-05
1.320000e+03	1.360000e+03	4.886690e-05	0.000000e+00	1.644290e-05
1.360000e+03	1.400000e+03	4.485123e-05	0.000000e+00	1.481595e-05
1.400000e+03	1.440000e+03	4.156048e-05	0.000000e+00	1.350740e-05
1.440000e+03	1.480000e+03	3.852680e-05	0.000000e+00	1.219707e-05
1.480000e+03	1.520000e+03	3.533837e-05	0.000000e+00	1.265348e-05
1.520000e+03	1.560000e+03	3.285360e-05	0.000000e+00	1.095678e-05
1.560000e+03	1.600000e+03	2.993150e-05	0.000000e+00	1.075603e-05
1.600000e+03	1.640000e+03	2.762185e-05	0.000000e+00	1.026085e-05
1.640000e+03	1.680000e+03	2.596253e-05	0.000000e+00	8.721575e-06
1.680000e+03	1.720000e+03	2.351409e-05	0.000000e+00	8.985460e-06
1.720000e+03	1.760000e+03	2.200977e-05	0.000000e+00	8.032802e-06
1.760000e+03	1.800000e+03	2.021905e-05	0.000000e+00	7.534372e-06
1.800000e+03	1.840000e+03	1.870870e-05	0.000000e+00	7.570845e-06
1.840000e+03	1.880000e+03	1.742521e-05	0.000000e+00	6.594735e-06
1.880000e+03	1.920000e+03	1.613535e-05	0.000000e+00	5.818172e-06
1.920000e+03	1.960000e+03	1.496102e-05	0.000000e+00	5.618885e-06
1.960000e+03	2.000000e+03	1.363089e-05	0.000000e+00	5.183642e-06
2.000000e+03	2.040000e+03	1.255951e-05	0.000000e+00	5.201947e-06
2.040000e+03	2.080000e+03	1.170502e-05	0.000000e+00	4.599568e-06
2.080000e+03	2.120000e+03	1.080477e-05	0.000000e+00	4.395382e-06
2.120000e+03	2.160000e+03	9.924480e-06	0.000000e+00	4.057170e-06
2.160000e+03	2.200000e+03	9.055698e-06	0.000000e+00	3.928145e-06
2.200000e+03	2.240000e+03	8.339108e-06	0.000000e+00	3.658360e-06
2.240000e+03	2.280000e+03	8.039130e-06	0.000000e+00	3.185802e-06
2.280000e+03	2.320000e+03	7.197970e-06	0.000000e+00	3.285757e-06
2.320000e+03	2.360000e+03	6.732610e-06	0.000000e+00	2.927385e-06
2.360000e+03	2.400000e+03	6.209340e-06	0.000000e+00	2.507898e-06
2.400000e+03	2.440000e+03	5.735570e-06	0.000000e+00	2.447780e-06
2.440000e+03	2.480000e+03	5.246193e-06	0.000000e+00	2.191992e-06
2.480000e+03	2.520000e+03	4.897128e-06	0.000000e+00	2.099152e-06
2.520000e+03	2.560000e+03	4.554807e-06	0.000000e+00	1.966633e-06
2.560000e+03	2.600000e+03	4.076858e-06	0.000000e+00	1.869205e-06
2.600000e+03	2.640000e+03	3.848830e-06	0.000000e+00	1.636480e-06
2.640000e+03	2.680000e+03	3.488017e-06	0.000000e+00	1.536305e-06
2.680000e+03	2.720000e+03	3.239758e-06	0.000000e+00	1.563817e-06
2.720000e+03	2.760000e+03	2.971053e-06	0.000000e+00	1.315385e-06
2.760000e+03	2.800000e+03	2.669565e-06	0.000000e+00	1.311917e-06
2.800000e+03	2.840000e+03	2.579338e-06	0.000000e+00	1.172268e-06
2.840000e+03	2.880000e+03	2.298574e-06	0.000000e+00	1.028483e-06
2.880000e+03	2.920000e+03	2.106091e-06	0.000000e+00	9.737562e-07
2.920000e+03	2.960000e+03	1.964689e-06	0.000000e+00	9.486535e-07
2.960000e+03	3.000000e+03	1.856435e-06	0.000000e+00	8.568247e-07
3.000000e+03	3.040000e+03	1.688916e-06	0.000000e+00	7.098945e-07
3.040000e+03	3.080000e+03	1.542275e-06	0.000000e+00	6.514233e-07
3.080000e+03	3.120000e+03	1.421087e-06	0.000000e+00	6.214445e-07
3.120000e+03	3.160000e+03	1.228905e-06	0.000000e+00	6.331310e-07
3.160000e+03	3.200000e+03	1.141123e-06	0.000000e+00	6.395407e-07
3.200000e+03	3.240000e+03	1.085149e-06	0.000000e+00	6.060023e-07
3.240000e+03	3.280000e+03	9.287453e-07	0.000000e+00	5.978430e-07
3.280000e+03	3.320000e+03	9.131587e-07	0.000000e+00	3.919010e-07
3.320000e+03	3.360000e+03	8.359080e-07	0.000000e+00	4.353603e-07
3.360000e+03	3.400000e+03	7.883340e-07	0.000000e+00	3.451678e-07
3.400000e+03	3.440000e+03	7.582130e-07	0.000000e+00	3.217345e-07
3.440000e+03	3.480000e+03	6.164288e-07	0.000000e+00	3.251075e-07
3.480000e+03	3.520000e+03	5.788425e-07	0.000000e+00	3.247232e-07
3.520000e+03	3.560000e+03	5.252885e-07	0.000000e+00	3.498653e-07
3.560000e+03	3.600000e+03	4.964792e-07	0.000000e+00	2.784635e-07
3.600000e+03	3.640000e+03	4.691037e-07	0.000000e+00	2.183900e-07
3.640000e+03	3.680000e+03	3.987830e-07	0.000000e+00	2.516337e-07
3.680000e+03	3.720000e+03	3.892845e-07	0.000000e+00	1.736385e-07
3.720000e+03	3.760000e+03	3.479857e-07	0.000000e+00	1.467920e-07
3.760000e+03	3.800000e+03	3.262817e-07	0.000000e+00	1.903682e-07
3.800000e+03	3.840000e+03	2.730180e-07	0.000000e+00	1.595212e-07
3.840000e+03	3.880000e+03	2.657390e-07	0.000000e+00	1.204713e-07
3.880000e+03	3.920000e+03	2.301839e-07	0.000000e+00	1.375310e-07
3.920000e+03	3.960000e+03	2.358025e-07	0.000000e+00	1.068707e-07
3.960000e+03	4.000000e+03	1.738303e-07	0.000000e+00	1.283096e-07
4.000000e+03	4.040000e+03	1.943806e-07	0.000000e+00	8.430163e-08
4.040000e+03	4.080000e+03	1.466140e-07	0.000000e+00	1.132880e-07
4.080000e+03	4.120000e+03	1.442450e-07	0.000000e+00	9.299297e-08
4.120000e+03	4.160000e+03	1.238172e-07	0.000000e+00	1.097735e-07
4.160000e+03	4.200000e+03	1.134196e-07	0.000000e+00	9.149407e-08
4.200000e+03	4.240000e+03	1.289151e-07	0.000000e+00	4.800682e-08
4.240000e+03	4.280000e+03	9.517420e-08	0.000000e+00	5.707998e-08
4.280000e+03	4.320000e+03	8.618550e-08	0.000000e+00	7.034263e-08
4.320000e+03	4.360000e+03	8.515692e-08	0.000000e+00	6.351430e-08
4.360000e+03	4.400000e+03	8.988440e-08	0.000000e+00	3.345422e-08
4.400000e+03	4.440000e+03	7.124180e-08	0.000000e+00	2.989990e-08
4.440000e+03	4.480000e+03	6.318527e-08	0.000000e+00	3.151940e-08
4.480000e+03	4.520000e+03	6.211437e-08	0.000000e+00	2.948548e-08
4.520000e+03	4.560000e+03	5.405893e-08	0.000000e+00	6.268102e-08
4.560000e+03	4.600000e+03	4.955250e-08	0.000000e+00	2.957557e-08
4.600000e+03	4.640000e+03	4.064025e-08	0.000000e+00	2.327392e-08
4.640000e+03	4.680000e+03	4.161525e-08	0.000000e+00	2.411175e-08
4.680000e+03	4.720000e+03	3.015012e-08	0.000000e+00	2.331740e-08
4.720000e+03	4.760000e+03	3.117578e-08	0.000000e+00	1.511760e-08
4.760000e+03	4.800000e+03	2.904652e-08	0.000000e+00	1.402583e-08
4.800000e+03	4.840000e+03	3.602565e-08	3.141475e-09	1.013590e-08
4.840000e+03	4.880000e+03	2.504500e-08	0.000000e+00	1.993540e-08
4.880000e+03	4.920000e+03	2.488182e-08	0.000000e+00	1.853441e-08
4.920000e+03	4.960000e+03	1.901859e-08	0.000000e+00	1.680308e-08
4.960000e+03	5.000000e+03	1.662710e-08	0.000000e+00	8.841030e-09
5.000000e+03	5.040000e+03	2.009330e-08	0.000000e+00	3.285903e-09
5.040000e+03	5.080000e+03	1.819864e-08	1.891648e-09	7.766938e-09
5.080000e+03	5.120000e+03	1.112716e-08	0.000000e+00	1.489069e-08
5.120000e+03	5.160000e+03	1.184826e-08	0.000000e+00	7.015005e-09
5.160000e+03	5.200000e+03	1.132001e-08	0.000000e+00	5.704440e-09
5.200000e+03	5.240000e+03	1.109322e-08	0.000000e+00	7.579730e-09
5.240000e+03	5.280000e+03	6.988698e-09	0.000000e+00	7.628048e-09
5.280000e+03	5.320000e+03	1.239525e-08	4.091127e-09	0.000000e+00
5.320000e+03	5.360000e+03	8.190902e-09	0.000000e+00	7.230595e-09
5.360000e+03	5.400000e+03	4.760125e-09	0.000000e+00	5.167258e-09
5.400000e+03	5.440000e+03	7.465880e-09	0.000000e+00	8.852025e-10
5.440000e+03	5.480000e+03	5.931270e-09	0.000000e+00	2.775262e-09
5.480000e+03	5.520000e+03	4.563413e-09	0.000000e+00	3.624868e-09
5.520000e+03	5.560000e+03	3.290265e-09	0.000000e+00	1.026266e-08
5.560000e+03	5.600000e+03	4.824728e-09	0.000000e+00	1.367170e-09
5.600000e+03	5.640000e+03	3.020027e-09	0.000000e+00	4.342695e-09
5.640000e+03	5.680000e+03	3.312668e-09	0.000000e+00	4.165380e-09
5.680000e+03	5.720000e+03	1.996894e-09	0.000000e+00	3.746003e-09
5.720000e+03	5.760000e+03	2.421815e-09	0.000000e+00	2.042800e-09
5.760000e+03	5.800000e+03	3.477415e-09	0.000000e+00	6.863725e-10
5.800000e+03	5.840000e+03	2.978575e-09	7.321655e-10	1.533325e-10
5.840000e+03	5.880000e+03	1.861452e-09	0.000000e+00	9.583450e-10
5.880000e+03	5.920000e+03	1.782214e-09	0.000000e+00	1.014558e-09
5.920000e+03	5.960000e+03	1.638007e-09	0.000000e+00	6.520765e-10
5.960000e+03	6.000000e+03	1.004245e-09	0.000000e+00	1.330567e-09
# END HISTO1D


# BEGIN HISTO1D //homes/tinghua1/Merging-Project/Production/HJETS/ratio-plots/hjets-matched-errorband/H3Jets-NLOPS-combine.yoda/MC_H2JETS_04_INC/j1j3_mass
ErrorBandColor=red
ErrorBandOpacity=0.3
ErrorBands=1
ErrorType=env
LineColor=red
LineStyle=solid
Path=//homes/tinghua1/Merging-Project/Production/HJETS/ratio-plots/hjets-matched-errorband/H3Jets-NLOPS-combine.yoda/MC_H2JETS_04_INC/j1j3_mass
RatioPlotSameStyle=1
Title=h(3*) $\oplus$ PS
# xlow	 xhigh	 val	 errminus	 errplus
0.000000e+00	4.000000e+01	1.381398e-03	9.679550e-05	7.132975e-05
4.000000e+01	8.000000e+01	3.741570e-03	2.580550e-04	1.541000e-04
8.000000e+01	1.200000e+02	3.232835e-03	2.914750e-04	2.854425e-04
1.200000e+02	1.600000e+02	2.058459e-03	1.136622e-04	9.642725e-05
1.600000e+02	2.000000e+02	1.480639e-03	7.503775e-05	6.143050e-05
2.000000e+02	2.400000e+02	1.096668e-03	6.712500e-05	4.225125e-05
2.400000e+02	2.800000e+02	8.420995e-04	4.443000e-05	4.923900e-05
2.800000e+02	3.200000e+02	6.881117e-04	5.819175e-05	2.829325e-05
3.200000e+02	3.600000e+02	5.710542e-04	3.457150e-05	2.496550e-05
3.600000e+02	4.000000e+02	5.262980e-04	6.867150e-05	0.000000e+00
4.000000e+02	4.400000e+02	4.324967e-04	2.261500e-06	1.583475e-05
4.400000e+02	4.800000e+02	3.794387e-04	3.576825e-05	1.010925e-05
4.800000e+02	5.200000e+02	3.300462e-04	1.962175e-05	1.252125e-05
5.200000e+02	5.600000e+02	2.941353e-04	1.536775e-05	1.782525e-05
5.600000e+02	6.000000e+02	2.731215e-04	2.635327e-05	8.232000e-06
6.000000e+02	6.400000e+02	2.355104e-04	2.659573e-05	1.773957e-05
6.400000e+02	6.800000e+02	2.136570e-04	1.894375e-05	1.650275e-05
6.800000e+02	7.200000e+02	1.974264e-04	2.349018e-05	1.196020e-05
7.200000e+02	7.600000e+02	1.802120e-04	1.767885e-05	2.359925e-06
7.600000e+02	8.000000e+02	1.640484e-04	1.115843e-05	0.000000e+00
8.000000e+02	8.400000e+02	1.492664e-04	1.776640e-05	5.278175e-06
8.400000e+02	8.800000e+02	1.340688e-04	9.885325e-06	8.370800e-06
8.800000e+02	9.200000e+02	1.236724e-04	4.729350e-06	4.963525e-06
9.200000e+02	9.600000e+02	1.120410e-04	3.206250e-06	2.758325e-06
9.600000e+02	1.000000e+03	1.031115e-04	3.799900e-06	2.807375e-06
1.000000e+03	1.040000e+03	9.224575e-05	3.392900e-06	3.851225e-06
1.040000e+03	1.080000e+03	8.661407e-05	7.557375e-06	1.238850e-06
1.080000e+03	1.120000e+03	7.976563e-05	2.294450e-06	2.501600e-06
1.120000e+03	1.160000e+03	7.522332e-05	4.728575e-06	2.736050e-06
1.160000e+03	1.200000e+03	6.823388e-05	1.410508e-05	2.729625e-06
1.200000e+03	1.240000e+03	6.536087e-05	5.713400e-06	1.321400e-06
1.240000e+03	1.280000e+03	5.892882e-05	2.876150e-06	0.000000e+00
1.280000e+03	1.320000e+03	5.334300e-05	3.320050e-06	2.614025e-06
1.320000e+03	1.360000e+03	4.941305e-05	4.324150e-06	1.329775e-06
1.360000e+03	1.400000e+03	4.675785e-05	3.678925e-06	0.000000e+00
1.400000e+03	1.440000e+03	4.371972e-05	4.828275e-06	0.000000e+00
1.440000e+03	1.480000e+03	3.861115e-05	2.888050e-06	8.702000e-07
1.480000e+03	1.520000e+03	3.592880e-05	4.416375e-06	6.606000e-07
1.520000e+03	1.560000e+03	3.376925e-05	7.240575e-06	2.042600e-06
1.560000e+03	1.600000e+03	3.057027e-05	4.076500e-06	2.347250e-06
1.600000e+03	1.640000e+03	3.019582e-05	1.961800e-06	0.000000e+00
1.640000e+03	1.680000e+03	2.570838e-05	1.955045e-06	0.000000e+00
1.680000e+03	1.720000e+03	2.541288e-05	1.449437e-06	0.000000e+00
1.720000e+03	1.760000e+03	2.090761e-05	9.535575e-07	2.347632e-06
1.760000e+03	1.800000e+03	2.193286e-05	3.509540e-06	0.000000e+00
1.800000e+03	1.840000e+03	2.128234e-05	5.343203e-06	0.000000e+00
1.840000e+03	1.880000e+03	1.803337e-05	2.205435e-06	0.000000e+00
1.880000e+03	1.920000e+03	1.627423e-05	1.971845e-06	2.574025e-07
1.920000e+03	1.960000e+03	1.570656e-05	2.811590e-06	4.439800e-07
1.960000e+03	2.000000e+03	1.518298e-05	1.322633e-06	0.000000e+00
2.000000e+03	2.040000e+03	1.235800e-05	8.136400e-07	4.850075e-07
2.040000e+03	2.080000e+03	1.201913e-05	1.050273e-06	6.050800e-07
2.080000e+03	2.120000e+03	1.035075e-05	1.697825e-07	1.152750e-06
2.120000e+03	2.160000e+03	1.005514e-05	0.000000e+00	4.275875e-07
2.160000e+03	2.200000e+03	9.261087e-06	8.842250e-08	7.228350e-07
2.200000e+03	2.240000e+03	8.456758e-06	4.538275e-07	4.839575e-07
2.240000e+03	2.280000e+03	8.007810e-06	7.142750e-07	0.000000e+00
2.280000e+03	2.320000e+03	7.768630e-06	5.373975e-07	1.771000e-07
2.320000e+03	2.360000e+03	5.712978e-06	0.000000e+00	1.099078e-06
2.360000e+03	2.400000e+03	6.445238e-06	7.271100e-07	0.000000e+00
2.400000e+03	2.440000e+03	6.178790e-06	9.252050e-07	0.000000e+00
2.440000e+03	2.480000e+03	5.636223e-06	5.808225e-07	0.000000e+00
2.480000e+03	2.520000e+03	5.296567e-06	0.000000e+00	3.770075e-07
2.520000e+03	2.560000e+03	4.804998e-06	1.523050e-07	0.000000e+00
2.560000e+03	2.600000e+03	4.559540e-06	8.374175e-07	0.000000e+00
2.600000e+03	2.640000e+03	4.271665e-06	1.485390e-06	0.000000e+00
2.640000e+03	2.680000e+03	3.713195e-06	1.764050e-07	0.000000e+00
2.680000e+03	2.720000e+03	3.571908e-06	2.804725e-07	0.000000e+00
2.720000e+03	2.760000e+03	3.157598e-06	3.042700e-07	4.488500e-08
2.760000e+03	2.800000e+03	2.895130e-06	2.391072e-06	1.991500e-08
2.800000e+03	2.840000e+03	3.077765e-06	4.756775e-07	0.000000e+00
2.840000e+03	2.880000e+03	2.525290e-06	1.353482e-07	0.000000e+00
2.880000e+03	2.920000e+03	2.099640e-06	0.000000e+00	1.439555e-07
2.920000e+03	2.960000e+03	2.194163e-06	1.879690e-07	0.000000e+00
2.960000e+03	3.000000e+03	1.754460e-06	2.733500e-07	0.000000e+00
3.000000e+03	3.040000e+03	1.883211e-06	1.856958e-07	0.000000e+00
3.040000e+03	3.080000e+03	1.482010e-06	0.000000e+00	2.193230e-07
3.080000e+03	3.120000e+03	1.513886e-06	8.497300e-08	2.418787e-07
3.120000e+03	3.160000e+03	1.635683e-06	2.841230e-07	0.000000e+00
3.160000e+03	3.200000e+03	1.344145e-06	1.817585e-07	0.000000e+00
3.200000e+03	3.240000e+03	1.102181e-06	2.787140e-07	1.410165e-07
3.240000e+03	3.280000e+03	1.294508e-06	2.647590e-07	0.000000e+00
3.280000e+03	3.320000e+03	1.104107e-06	3.528657e-07	0.000000e+00
3.320000e+03	3.360000e+03	4.299263e-07	0.000000e+00	4.706317e-07
3.360000e+03	3.400000e+03	9.060930e-07	2.364593e-07	0.000000e+00
3.400000e+03	3.440000e+03	8.046782e-07	6.294350e-08	0.000000e+00
3.440000e+03	3.480000e+03	7.211765e-07	7.348500e-08	0.000000e+00
3.480000e+03	3.520000e+03	6.293897e-07	1.074695e-07	0.000000e+00
3.520000e+03	3.560000e+03	5.683812e-07	0.000000e+00	6.060300e-08
3.560000e+03	3.600000e+03	5.996103e-07	9.987000e-09	2.000145e-07
3.600000e+03	3.640000e+03	6.883050e-07	2.776525e-07	0.000000e+00
3.640000e+03	3.680000e+03	4.530675e-07	2.499250e-08	0.000000e+00
3.680000e+03	3.720000e+03	3.263410e-07	0.000000e+00	1.033293e-07
3.720000e+03	3.760000e+03	4.379525e-07	1.424853e-07	0.000000e+00
3.760000e+03	3.800000e+03	3.435880e-07	0.000000e+00	2.694200e-08
3.800000e+03	3.840000e+03	3.501735e-07	3.187325e-08	2.488500e-09
3.840000e+03	3.880000e+03	2.840012e-07	1.124875e-08	5.837500e-09
3.880000e+03	3.920000e+03	9.198607e-08	0.000000e+00	1.756619e-07
3.920000e+03	3.960000e+03	2.096169e-07	0.000000e+00	7.306613e-08
3.960000e+03	4.000000e+03	2.392672e-07	4.464633e-08	0.000000e+00
4.000000e+03	4.040000e+03	2.212126e-07	2.987710e-08	2.027625e-09
4.040000e+03	4.080000e+03	1.980224e-07	4.608087e-08	0.000000e+00
4.080000e+03	4.120000e+03	1.754068e-07	6.942679e-07	0.000000e+00
4.120000e+03	4.160000e+03	1.721567e-07	7.048750e-10	3.968200e-09
4.160000e+03	4.200000e+03	1.148535e-07	0.000000e+00	2.710838e-08
4.200000e+03	4.240000e+03	1.438730e-07	1.287905e-08	0.000000e+00
4.240000e+03	4.280000e+03	1.116643e-07	0.000000e+00	5.512750e-09
4.280000e+03	4.320000e+03	1.065253e-07	1.766252e-08	1.362520e-08
4.320000e+03	4.360000e+03	8.258562e-08	0.000000e+00	1.112472e-08
4.360000e+03	4.400000e+03	8.310155e-08	0.000000e+00	1.922718e-08
4.400000e+03	4.440000e+03	7.845017e-08	1.403712e-08	1.343043e-08
4.440000e+03	4.480000e+03	3.433960e-08	0.000000e+00	4.717383e-08
4.480000e+03	4.520000e+03	5.966285e-08	0.000000e+00	6.964450e-09
4.520000e+03	4.560000e+03	5.843870e-08	0.000000e+00	1.956250e-08
4.560000e+03	4.600000e+03	4.739790e-08	1.470043e-07	7.737800e-09
4.600000e+03	4.640000e+03	4.761982e-08	2.647550e-09	1.750525e-09
4.640000e+03	4.680000e+03	2.522840e-08	0.000000e+00	1.378800e-08
4.680000e+03	4.720000e+03	3.457520e-08	0.000000e+00	2.501100e-08
4.720000e+03	4.760000e+03	4.077650e-08	3.597525e-09	2.128900e-09
4.760000e+03	4.800000e+03	3.540883e-08	9.284950e-09	0.000000e+00
4.800000e+03	4.840000e+03	3.743277e-08	6.785300e-09	0.000000e+00
4.840000e+03	4.880000e+03	3.281360e-08	4.912575e-09	4.439375e-09
4.880000e+03	4.920000e+03	2.047057e-08	0.000000e+00	1.070063e-08
4.920000e+03	4.960000e+03	3.256342e-08	1.166105e-08	0.000000e+00
4.960000e+03	5.000000e+03	1.985614e-08	5.519053e-09	0.000000e+00
5.000000e+03	5.040000e+03	2.151944e-08	4.597360e-09	9.012387e-09
5.040000e+03	5.080000e+03	1.629614e-08	8.053305e-09	7.949878e-09
5.080000e+03	5.120000e+03	2.097938e-08	1.196717e-08	1.529902e-08
5.120000e+03	5.160000e+03	1.669212e-08	0.000000e+00	6.300490e-09
5.160000e+03	5.200000e+03	1.514855e-08	5.528972e-09	0.000000e+00
5.200000e+03	5.240000e+03	2.377629e-08	1.481113e-08	0.000000e+00
5.240000e+03	5.280000e+03	1.165067e-08	2.081900e-10	1.701700e-10
5.280000e+03	5.320000e+03	1.035144e-08	2.936342e-09	9.835075e-10
5.320000e+03	5.360000e+03	1.183549e-08	5.366427e-09	0.000000e+00
5.360000e+03	5.400000e+03	8.503685e-09	1.190165e-09	0.000000e+00
5.400000e+03	5.440000e+03	2.205858e-08	2.302061e-08	0.000000e+00
5.440000e+03	5.480000e+03	5.833753e-09	0.000000e+00	3.746232e-09
5.480000e+03	5.520000e+03	4.754972e-09	1.480617e-09	2.129165e-09
5.520000e+03	5.560000e+03	7.479635e-09	2.539840e-09	8.398862e-09
5.560000e+03	5.600000e+03	3.468425e-09	1.992944e-08	3.509742e-09
5.600000e+03	5.640000e+03	3.341770e-09	0.000000e+00	2.064575e-09
5.640000e+03	5.680000e+03	3.155973e-09	8.904925e-10	4.475000e-11
5.680000e+03	5.720000e+03	3.459677e-09	0.000000e+00	7.970350e-10
5.720000e+03	5.760000e+03	3.771605e-09	1.716092e-09	0.000000e+00
5.760000e+03	5.800000e+03	2.492973e-09	0.000000e+00	1.245582e-09
5.800000e+03	5.840000e+03	2.252896e-09	3.540033e-10	0.000000e+00
5.840000e+03	5.880000e+03	6.280550e-09	9.932762e-09	0.000000e+00
5.880000e+03	5.920000e+03	1.989487e-09	2.338750e-12	1.316627e-10
5.920000e+03	5.960000e+03	2.147209e-09	6.221275e-10	7.160040e-10
5.960000e+03	6.000000e+03	2.181985e-09	7.942842e-10	0.000000e+00
# END HISTO1D


# BEGIN HISTO1D //homes/tinghua1/Merging-Project/Production/HJETS/ratio-plots/hjets-matched-errorband/H2Jets-NLOPS-combine.yoda/MC_H2JETS_04_INC/j1j3_mass
ErrorBandColor=violet
ErrorBandOpacity=0.3
ErrorBands=1
ErrorType=env
LineColor=violet
LineStyle=solid
Path=//homes/tinghua1/Merging-Project/Production/HJETS/ratio-plots/hjets-matched-errorband/H2Jets-NLOPS-combine.yoda/MC_H2JETS_04_INC/j1j3_mass
RatioPlotSameStyle=1
Title=h(2*) $\oplus$ PS
# xlow	 xhigh	 val	 errminus	 errplus
0.000000e+00	4.000000e+01	1.305183e-03	4.165200e-05	1.152000e-04
4.000000e+01	8.000000e+01	3.339500e-03	1.841375e-04	2.196275e-04
8.000000e+01	1.200000e+02	2.835942e-03	6.902250e-05	5.417750e-05
1.200000e+02	1.600000e+02	1.757758e-03	9.271775e-05	1.126995e-04
1.600000e+02	2.000000e+02	1.234258e-03	7.214600e-05	8.469175e-05
2.000000e+02	2.400000e+02	9.075615e-04	5.416325e-05	6.863300e-05
2.400000e+02	2.800000e+02	7.071913e-04	4.093575e-05	5.283375e-05
2.800000e+02	3.200000e+02	5.789497e-04	3.739675e-05	3.951150e-05
3.200000e+02	3.600000e+02	4.827175e-04	2.782450e-05	4.227750e-05
3.600000e+02	4.000000e+02	4.163618e-04	2.687675e-05	3.186425e-05
4.000000e+02	4.400000e+02	3.632203e-04	2.110650e-05	2.621975e-05
4.400000e+02	4.800000e+02	3.203842e-04	1.769100e-05	1.659200e-05
4.800000e+02	5.200000e+02	2.846260e-04	1.617175e-05	2.203600e-05
5.200000e+02	5.600000e+02	2.550347e-04	1.433805e-05	1.737375e-05
5.600000e+02	6.000000e+02	2.289012e-04	1.404850e-05	1.704475e-05
6.000000e+02	6.400000e+02	2.061660e-04	8.248225e-06	1.544970e-05
6.400000e+02	6.800000e+02	1.900451e-04	1.409933e-05	1.083310e-05
6.800000e+02	7.200000e+02	1.699345e-04	9.626225e-06	1.236062e-05
7.200000e+02	7.600000e+02	1.546198e-04	8.955075e-06	1.116720e-05
7.600000e+02	8.000000e+02	1.406437e-04	7.887900e-06	1.054722e-05
8.000000e+02	8.400000e+02	1.278398e-04	6.500025e-06	1.038243e-05
8.400000e+02	8.800000e+02	1.179135e-04	7.731725e-06	8.804675e-06
8.800000e+02	9.200000e+02	1.075831e-04	5.353225e-06	7.631625e-06
9.200000e+02	9.600000e+02	9.876210e-05	6.440250e-06	6.036000e-06
9.600000e+02	1.000000e+03	9.038795e-05	5.455100e-06	6.538350e-06
1.000000e+03	1.040000e+03	8.338110e-05	5.382525e-06	5.701050e-06
1.040000e+03	1.080000e+03	7.626935e-05	4.365875e-06	5.258450e-06
1.080000e+03	1.120000e+03	7.032200e-05	4.618125e-06	5.112350e-06
1.120000e+03	1.160000e+03	6.413805e-05	3.737500e-06	5.355775e-06
1.160000e+03	1.200000e+03	5.944088e-05	3.596175e-06	4.519675e-06
1.200000e+03	1.240000e+03	5.483407e-05	3.294100e-06	4.276800e-06
1.240000e+03	1.280000e+03	5.062782e-05	3.410750e-06	3.769000e-06
1.280000e+03	1.320000e+03	4.668178e-05	3.242100e-06	3.283550e-06
1.320000e+03	1.360000e+03	4.286342e-05	2.759900e-06	4.219925e-06
1.360000e+03	1.400000e+03	3.994630e-05	2.699800e-06	2.874700e-06
1.400000e+03	1.440000e+03	3.685943e-05	2.619675e-06	2.438550e-06
1.440000e+03	1.480000e+03	3.376705e-05	2.033450e-06	2.706025e-06
1.480000e+03	1.520000e+03	3.126800e-05	1.799650e-06	2.142150e-06
1.520000e+03	1.560000e+03	2.876090e-05	1.612650e-06	2.404275e-06
1.560000e+03	1.600000e+03	2.669268e-05	1.786590e-06	1.969625e-06
1.600000e+03	1.640000e+03	2.508420e-05	2.034890e-06	1.713525e-06
1.640000e+03	1.680000e+03	2.276058e-05	1.266415e-06	1.823368e-06
1.680000e+03	1.720000e+03	2.133918e-05	1.720780e-06	1.341498e-06
1.720000e+03	1.760000e+03	1.961510e-05	1.277068e-06	1.233350e-06
1.760000e+03	1.800000e+03	1.825073e-05	1.472052e-06	1.171350e-06
1.800000e+03	1.840000e+03	1.697568e-05	1.428077e-06	1.566992e-06
1.840000e+03	1.880000e+03	1.553609e-05	1.083293e-06	1.338187e-06
1.880000e+03	1.920000e+03	1.429306e-05	8.889300e-07	1.052800e-06
1.920000e+03	1.960000e+03	1.348120e-05	1.051080e-06	7.711825e-07
1.960000e+03	2.000000e+03	1.239064e-05	8.969075e-07	8.264525e-07
2.000000e+03	2.040000e+03	1.136046e-05	6.572950e-07	8.375850e-07
2.040000e+03	2.080000e+03	1.053323e-05	7.951650e-07	8.678225e-07
2.080000e+03	2.120000e+03	9.871863e-06	8.339500e-07	6.120975e-07
2.120000e+03	2.160000e+03	9.092675e-06	7.661700e-07	6.024125e-07
2.160000e+03	2.200000e+03	8.419373e-06	6.544850e-07	6.031875e-07
2.200000e+03	2.240000e+03	7.813487e-06	6.071400e-07	6.524375e-07
2.240000e+03	2.280000e+03	7.078758e-06	4.550300e-07	5.636450e-07
2.280000e+03	2.320000e+03	6.520960e-06	3.568275e-07	4.650375e-07
2.320000e+03	2.360000e+03	6.182380e-06	5.881600e-07	3.712250e-07
2.360000e+03	2.400000e+03	5.676375e-06	5.177350e-07	3.977150e-07
2.400000e+03	2.440000e+03	5.263808e-06	4.278050e-07	3.183350e-07
2.440000e+03	2.480000e+03	4.794375e-06	4.191275e-07	4.103250e-07
2.480000e+03	2.520000e+03	4.439575e-06	2.984275e-07	2.867850e-07
2.520000e+03	2.560000e+03	4.159255e-06	3.586475e-07	3.088000e-07
2.560000e+03	2.600000e+03	3.841910e-06	3.057550e-07	3.007250e-07
2.600000e+03	2.640000e+03	3.522242e-06	3.293925e-07	2.809675e-07
2.640000e+03	2.680000e+03	3.236658e-06	2.795300e-07	2.775450e-07
2.680000e+03	2.720000e+03	2.968995e-06	2.075575e-07	2.538550e-07
2.720000e+03	2.760000e+03	2.712892e-06	1.458600e-07	2.498425e-07
2.760000e+03	2.800000e+03	2.448808e-06	1.529305e-07	3.683193e-07
2.800000e+03	2.840000e+03	2.328965e-06	1.847023e-07	2.056745e-07
2.840000e+03	2.880000e+03	2.161012e-06	1.738710e-07	1.362150e-07
2.880000e+03	2.920000e+03	1.998276e-06	1.091543e-07	1.189712e-07
2.920000e+03	2.960000e+03	1.844047e-06	8.856250e-08	9.750125e-08
2.960000e+03	3.000000e+03	1.695074e-06	1.443830e-07	9.722550e-08
3.000000e+03	3.040000e+03	1.548389e-06	1.427287e-07	9.078875e-08
3.040000e+03	3.080000e+03	1.431358e-06	1.274665e-07	1.439905e-07
3.080000e+03	3.120000e+03	1.289952e-06	8.131350e-08	1.319262e-07
3.120000e+03	3.160000e+03	1.170333e-06	5.353300e-08	1.519260e-07
3.160000e+03	3.200000e+03	1.070339e-06	6.543075e-08	1.318320e-07
3.200000e+03	3.240000e+03	9.890972e-07	5.994875e-08	1.130233e-07
3.240000e+03	3.280000e+03	1.002314e-06	1.366862e-07	2.590925e-08
3.280000e+03	3.320000e+03	8.697520e-07	8.420875e-08	4.879250e-08
3.320000e+03	3.360000e+03	7.982245e-07	6.207950e-08	6.270275e-08
3.360000e+03	3.400000e+03	7.451372e-07	7.458375e-08	5.499925e-08
3.400000e+03	3.440000e+03	6.435142e-07	3.532825e-08	6.976625e-08
3.440000e+03	3.480000e+03	6.033365e-07	3.712150e-08	5.327450e-08
3.480000e+03	3.520000e+03	5.591290e-07	4.575175e-08	0.000000e+00
3.520000e+03	3.560000e+03	5.040987e-07	6.370225e-08	3.423900e-08
3.560000e+03	3.600000e+03	3.845700e-07	0.000000e+00	1.336847e-07
3.600000e+03	3.640000e+03	4.096558e-07	7.402500e-09	1.998050e-08
3.640000e+03	3.680000e+03	3.724185e-07	1.967675e-08	3.528000e-08
3.680000e+03	3.720000e+03	3.508592e-07	2.318425e-08	2.545550e-08
3.720000e+03	3.760000e+03	3.297520e-07	4.321025e-08	7.103500e-09
3.760000e+03	3.800000e+03	2.899777e-07	2.322650e-08	3.926700e-08
3.800000e+03	3.840000e+03	2.679905e-07	1.330250e-08	1.117000e-08
3.840000e+03	3.880000e+03	2.508322e-07	3.645397e-08	1.824125e-08
3.880000e+03	3.920000e+03	2.235115e-07	1.581328e-08	0.000000e+00
3.920000e+03	3.960000e+03	1.912331e-07	2.074550e-09	3.425193e-08
3.960000e+03	4.000000e+03	1.939797e-07	6.856250e-10	6.622333e-08
4.000000e+03	4.040000e+03	1.642585e-07	2.241070e-08	1.911155e-08
4.040000e+03	4.080000e+03	1.649186e-07	2.393085e-08	4.550725e-09
4.080000e+03	4.120000e+03	1.533538e-07	3.048670e-08	1.157350e-09
4.120000e+03	4.160000e+03	1.320246e-07	1.635840e-08	6.107300e-09
4.160000e+03	4.200000e+03	1.115237e-07	2.697500e-09	1.120762e-08
4.200000e+03	4.240000e+03	1.103654e-07	9.621550e-09	9.263750e-09
4.240000e+03	4.280000e+03	8.962375e-08	0.000000e+00	2.186218e-08
4.280000e+03	4.320000e+03	9.670743e-08	1.493312e-08	1.974625e-09
4.320000e+03	4.360000e+03	7.349210e-08	3.587925e-09	1.265105e-08
4.360000e+03	4.400000e+03	7.419910e-08	4.068900e-09	7.373075e-09
4.400000e+03	4.440000e+03	6.133448e-08	0.000000e+00	1.040072e-08
4.440000e+03	4.480000e+03	5.432230e-08	0.000000e+00	1.618280e-08
4.480000e+03	4.520000e+03	5.123478e-08	6.320700e-09	8.448375e-09
4.520000e+03	4.560000e+03	5.334557e-08	1.980820e-08	0.000000e+00
4.560000e+03	4.600000e+03	4.598268e-08	7.609250e-09	6.546725e-09
4.600000e+03	4.640000e+03	3.912328e-08	4.314225e-09	5.954625e-09
4.640000e+03	4.680000e+03	3.705520e-08	3.773050e-09	2.811650e-09
4.680000e+03	4.720000e+03	3.319960e-08	5.819250e-09	6.870000e-11
4.720000e+03	4.760000e+03	4.100548e-08	1.239688e-08	0.000000e+00
4.760000e+03	4.800000e+03	2.693210e-08	3.163020e-09	1.553500e-09
4.800000e+03	4.840000e+03	2.382532e-08	4.287577e-09	0.000000e+00
4.840000e+03	4.880000e+03	2.135538e-08	1.510403e-09	4.422773e-09
4.880000e+03	4.920000e+03	2.519827e-08	6.509505e-09	0.000000e+00
4.920000e+03	4.960000e+03	1.863441e-08	3.550628e-09	1.003903e-09
4.960000e+03	5.000000e+03	1.732455e-08	1.676158e-09	2.599485e-09
5.000000e+03	5.040000e+03	1.524234e-08	1.037557e-09	1.284238e-09
5.040000e+03	5.080000e+03	1.449700e-08	1.714523e-09	2.437840e-09
5.080000e+03	5.120000e+03	1.641817e-08	4.267228e-09	0.000000e+00
5.120000e+03	5.160000e+03	1.387186e-08	2.998268e-09	0.000000e+00
5.160000e+03	5.200000e+03	9.517410e-09	9.762850e-10	1.531915e-09
5.200000e+03	5.240000e+03	9.326920e-09	6.466400e-10	2.502975e-09
5.240000e+03	5.280000e+03	8.801793e-09	1.140320e-09	3.260133e-09
5.280000e+03	5.320000e+03	7.757997e-09	1.009645e-09	3.219307e-09
5.320000e+03	5.360000e+03	6.713820e-09	9.464250e-11	1.557845e-09
5.360000e+03	5.400000e+03	5.682320e-09	8.279925e-10	3.166482e-09
5.400000e+03	5.440000e+03	4.777978e-09	0.000000e+00	2.538003e-09
5.440000e+03	5.480000e+03	5.063918e-09	1.142727e-09	1.002650e-09
5.480000e+03	5.520000e+03	4.492405e-09	2.695350e-10	1.323628e-09
5.520000e+03	5.560000e+03	4.914462e-09	1.374622e-09	7.624425e-10
5.560000e+03	5.600000e+03	3.503053e-09	3.521425e-10	3.659705e-09
5.600000e+03	5.640000e+03	4.625205e-09	8.164450e-10	0.000000e+00
5.640000e+03	5.680000e+03	2.987405e-09	0.000000e+00	4.841875e-10
5.680000e+03	5.720000e+03	2.832345e-09	1.825750e-10	5.174125e-10
5.720000e+03	5.760000e+03	3.995247e-09	1.549013e-09	0.000000e+00
5.760000e+03	5.800000e+03	1.836469e-09	3.805998e-10	1.528514e-09
5.800000e+03	5.840000e+03	2.278939e-09	0.000000e+00	1.418138e-10
5.840000e+03	5.880000e+03	1.966730e-09	0.000000e+00	3.003955e-10
5.880000e+03	5.920000e+03	1.610462e-09	2.017850e-11	1.768500e-12
5.920000e+03	5.960000e+03	1.324953e-09	2.434950e-11	2.598307e-10
5.960000e+03	6.000000e+03	1.023643e-09	0.000000e+00	3.067460e-10
# END HISTO1D

