# BEGIN PLOT
Scale=1000.0
DrawOnly=//homes/tinghua1/Merging-Project/Production/HJETS/ratio-plots/hjets-matched-errorband/H-N2-N3-4-25gev-combine.yoda/MC_H2JETS_04_INC/j1j4_mass //homes/tinghua1/Merging-Project/Production/HJETS/ratio-plots/hjets-matched-errorband/H-N2-3-4-25gev-combine.yoda/MC_H2JETS_04_INC/j1j4_mass //homes/tinghua1/Merging-Project/Production/HJETS/ratio-plots/hjets-matched-errorband/H-2-3-4-25gev-combine.yoda/MC_H2JETS_04_INC/j1j4_mass //homes/tinghua1/Merging-Project/Production/HJETS/ratio-plots/hjets-matched-errorband/H-N2-3-25gev-combine.yoda/MC_H2JETS_04_INC/j1j4_mass //homes/tinghua1/Merging-Project/Production/HJETS/ratio-plots/hjets-matched-errorband/H-2-3-25gev-combine.yoda/MC_H2JETS_04_INC/j1j4_mass //homes/tinghua1/Merging-Project/Production/HJETS/ratio-plots/hjets-matched-errorband/H3Jets-NLOPS-combine.yoda/MC_H2JETS_04_INC/j1j4_mass //homes/tinghua1/Merging-Project/Production/HJETS/ratio-plots/hjets-matched-errorband/H2Jets-NLOPS-combine.yoda/MC_H2JETS_04_INC/j1j4_mass
RightMargin=0.5
RatioPlotReference=//homes/tinghua1/Merging-Project/Production/HJETS/ratio-plots/hjets-matched-errorband/H-N2-N3-4-25gev-combine.yoda/MC_H2JETS_04_INC/j1j4_mass
#RatioPlot=1
LogY=1
RatioPlotYMax=1.8
RatioPlotYLabel=Ratio
#LegendOnly=//homes/tinghua1/Merging-Project/Production/HJETS/ratio-plots/hjets-matched-errorband/H-N2-N3-4-25gev-combine.yoda/MC_H2JETS_04_INC/j1j4_mass //homes/tinghua1/Merging-Project/Production/HJETS/ratio-plots/hjets-matched-errorband/H-N2-3-4-25gev-combine.yoda/MC_H2JETS_04_INC/j1j4_mass //homes/tinghua1/Merging-Project/Production/HJETS/ratio-plots/hjets-matched-errorband/H-2-3-4-25gev-combine.yoda/MC_H2JETS_04_INC/j1j4_mass //homes/tinghua1/Merging-Project/Production/HJETS/ratio-plots/hjets-matched-errorband/H-N2-3-25gev-combine.yoda/MC_H2JETS_04_INC/j1j4_mass //homes/tinghua1/Merging-Project/Production/HJETS/ratio-plots/hjets-matched-errorband/H-2-3-25gev-combine.yoda/MC_H2JETS_04_INC/j1j4_mass //homes/tinghua1/Merging-Project/Production/HJETS/ratio-plots/hjets-matched-errorband/H3Jets-NLOPS-combine.yoda/MC_H2JETS_04_INC/j1j4_mass //homes/tinghua1/Merging-Project/Production/HJETS/ratio-plots/hjets-matched-errorband/H2Jets-NLOPS-combine.yoda/MC_H2JETS_04_INC/j1j4_mass
XLabel=$m_{j_1j_4}$ (GeV)
LegendAlign=r
XMax=1000.0
YLabel=$ \text{d} \sigma/ \text{d}  m_{j_1j_4}$ (fb/GeV)
Legend=0
RatioPlot=6
MainPlotSelection={"Selection":[1,2,3,4,5,6,7]}
RatioPlots={"RatioPlotYLabel":"","Selection":[1,2]};{"RatioPlotYLabel":"","Selection":[1,3]};{"RatioPlotYLabel":"","Selection":[1,4]};{"RatioPlotYLabel":"","Selection":[1,5]};{"RatioPlotYLabel":"","Selection":[1,6]};{"RatioPlotYLabel":"","Selection":[1,7]}
RatioPlotSameStyle=1
RatioPlotYMin=0.2
# END PLOT


# BEGIN SPECIAL /MC_H2JETS_04_INC/j1j4_mass
\rput[tl](0.05,0.75){\parbox{5cm}{\textcolor{gray}{{\bf Herwig 7.2.0} \\ HJETS/ColorFull}}}
# END SPECIAL

# BEGIN HISTO1D //homes/tinghua1/Merging-Project/Production/HJETS/ratio-plots/hjets-matched-errorband/H-N2-N3-4-25gev-combine.yoda/MC_H2JETS_04_INC/j1j4_mass
ErrorBandColor=orange
ErrorBandOpacity=0.3
ErrorBands=1
ErrorType=env
LineColor=orange
LineStyle=solid
Path=//homes/tinghua1/Merging-Project/Production/HJETS/ratio-plots/hjets-matched-errorband/H-N2-N3-4-25gev-combine.yoda/MC_H2JETS_04_INC/j1j4_mass
RatioPlotSameStyle=1
Title=h(2*,3*,4)
# xlow	 xhigh	 val	 errminus	 errplus
0.000000e+00	4.000000e+01	2.941615e-04	1.338950e-05	3.379100e-05
4.000000e+01	8.000000e+01	9.852560e-04	1.158432e-04	1.259555e-04
8.000000e+01	1.200000e+02	1.067599e-03	8.373050e-05	9.379675e-05
1.200000e+02	1.600000e+02	7.778378e-04	9.813425e-05	7.221375e-05
1.600000e+02	2.000000e+02	5.356505e-04	3.182525e-05	4.381300e-05
2.000000e+02	2.400000e+02	3.693472e-04	4.233575e-05	2.580475e-05
2.400000e+02	2.800000e+02	2.698442e-04	4.223415e-05	3.443075e-05
2.800000e+02	3.200000e+02	2.459337e-04	6.301475e-05	0.000000e+00
3.200000e+02	3.600000e+02	1.653752e-04	1.890798e-05	2.433127e-05
3.600000e+02	4.000000e+02	1.408594e-04	2.260055e-05	1.311593e-05
4.000000e+02	4.400000e+02	1.117431e-04	1.155820e-05	1.157123e-05
4.400000e+02	4.800000e+02	9.371415e-05	7.805200e-06	1.563355e-05
4.800000e+02	5.200000e+02	8.121825e-05	9.000100e-06	1.248243e-05
5.200000e+02	5.600000e+02	6.918563e-05	5.842725e-06	7.215300e-06
5.600000e+02	6.000000e+02	6.109475e-05	8.595875e-06	8.681750e-06
6.000000e+02	6.400000e+02	5.537645e-05	7.915800e-06	6.336775e-06
6.400000e+02	6.800000e+02	5.016957e-05	1.063490e-05	6.802700e-06
6.800000e+02	7.200000e+02	4.143372e-05	4.838125e-06	3.134100e-06
7.200000e+02	7.600000e+02	4.082695e-05	8.094450e-06	0.000000e+00
7.600000e+02	8.000000e+02	3.342318e-05	3.165475e-06	4.663325e-06
8.000000e+02	8.400000e+02	2.982740e-05	2.035675e-06	0.000000e+00
8.400000e+02	8.800000e+02	2.909240e-05	2.954125e-06	0.000000e+00
8.800000e+02	9.200000e+02	2.371954e-05	3.104808e-06	4.547590e-06
9.200000e+02	9.600000e+02	2.086974e-05	2.671448e-06	1.862825e-06
9.600000e+02	1.000000e+03	1.805659e-05	2.748450e-07	3.369823e-06
1.000000e+03	1.040000e+03	1.853029e-05	2.585590e-06	1.610325e-06
1.040000e+03	1.080000e+03	1.535923e-05	9.525400e-07	3.925917e-06
1.080000e+03	1.120000e+03	1.381621e-05	0.000000e+00	3.228437e-06
1.120000e+03	1.160000e+03	1.359137e-05	7.006150e-07	6.193350e-07
1.160000e+03	1.200000e+03	8.369383e-06	0.000000e+00	4.505440e-06
1.200000e+03	1.240000e+03	1.128197e-05	1.375830e-06	2.105027e-06
1.240000e+03	1.280000e+03	9.512245e-06	8.159500e-08	2.746020e-06
1.280000e+03	1.320000e+03	8.471947e-06	6.298350e-07	2.130883e-06
1.320000e+03	1.360000e+03	8.116498e-06	1.333165e-06	2.653250e-08
1.360000e+03	1.400000e+03	7.995157e-06	1.316530e-06	5.994000e-07
1.400000e+03	1.440000e+03	7.001102e-06	7.103775e-07	1.404675e-07
1.440000e+03	1.480000e+03	6.049038e-06	6.625275e-07	4.207575e-07
1.480000e+03	1.520000e+03	5.507007e-06	0.000000e+00	4.279800e-07
1.520000e+03	1.560000e+03	5.160405e-06	1.695125e-07	1.587620e-06
1.560000e+03	1.600000e+03	5.203498e-06	1.124795e-06	0.000000e+00
1.600000e+03	1.640000e+03	4.225850e-06	6.271325e-07	1.074837e-06
1.640000e+03	1.680000e+03	4.120598e-06	2.371000e-07	0.000000e+00
1.680000e+03	1.720000e+03	3.712632e-06	1.866200e-07	6.869300e-07
1.720000e+03	1.760000e+03	3.284700e-06	0.000000e+00	1.383852e-06
1.760000e+03	1.800000e+03	3.117593e-06	8.567908e-07	1.622180e-06
1.800000e+03	1.840000e+03	3.290510e-06	4.766625e-07	1.243905e-06
1.840000e+03	1.880000e+03	2.672475e-06	2.210705e-07	0.000000e+00
1.880000e+03	1.920000e+03	2.665398e-06	1.350700e-06	0.000000e+00
1.920000e+03	1.960000e+03	1.909726e-06	0.000000e+00	9.606310e-07
1.960000e+03	2.000000e+03	2.185946e-06	5.758570e-07	1.590124e-06
2.000000e+03	2.040000e+03	2.427324e-06	4.739750e-07	0.000000e+00
2.040000e+03	2.080000e+03	1.368295e-06	0.000000e+00	1.837215e-07
2.080000e+03	2.120000e+03	2.029857e-06	4.985315e-07	0.000000e+00
2.120000e+03	2.160000e+03	7.237388e-07	0.000000e+00	9.378510e-07
2.160000e+03	2.200000e+03	1.838321e-06	7.023275e-07	0.000000e+00
2.200000e+03	2.240000e+03	1.427557e-06	3.200598e-07	3.005300e-07
2.240000e+03	2.280000e+03	1.039542e-06	8.210700e-08	0.000000e+00
2.280000e+03	2.320000e+03	1.105072e-06	8.493725e-08	2.202700e-08
2.320000e+03	2.360000e+03	7.567630e-07	0.000000e+00	4.587330e-07
2.360000e+03	2.400000e+03	9.481013e-07	2.938500e-08	1.059015e-06
2.400000e+03	2.440000e+03	7.912958e-07	3.139785e-07	0.000000e+00
2.440000e+03	2.480000e+03	1.598256e-06	9.275673e-07	0.000000e+00
2.480000e+03	2.520000e+03	7.068090e-07	1.351155e-07	7.282300e-08
2.520000e+03	2.560000e+03	5.007730e-07	0.000000e+00	1.237590e-07
2.560000e+03	2.600000e+03	5.107462e-07	4.437825e-08	1.428675e-08
2.600000e+03	2.640000e+03	4.280110e-07	0.000000e+00	6.109041e-06
2.640000e+03	2.680000e+03	8.660280e-07	4.709998e-07	0.000000e+00
2.680000e+03	2.720000e+03	5.008030e-07	1.241923e-07	0.000000e+00
2.720000e+03	2.760000e+03	3.573388e-07	2.020100e-08	2.186650e-07
2.760000e+03	2.800000e+03	2.842533e-07	0.000000e+00	1.471987e-07
2.800000e+03	2.840000e+03	3.902085e-07	3.681025e-08	8.261675e-08
2.840000e+03	2.880000e+03	4.290705e-07	2.106530e-07	0.000000e+00
2.880000e+03	2.920000e+03	2.218561e-07	0.000000e+00	9.586465e-08
2.920000e+03	2.960000e+03	2.333073e-07	4.915223e-08	5.636993e-08
2.960000e+03	3.000000e+03	2.092363e-07	3.333032e-08	1.984057e-07
3.000000e+03	3.040000e+03	1.926550e-07	1.662295e-08	8.648500e-09
3.040000e+03	3.080000e+03	2.001471e-07	1.425011e-07	0.000000e+00
3.080000e+03	3.120000e+03	1.909520e-07	7.106472e-08	1.633398e-08
3.120000e+03	3.160000e+03	1.603487e-07	1.029470e-08	0.000000e+00
3.160000e+03	3.200000e+03	1.281385e-07	0.000000e+00	1.429514e-06
3.200000e+03	3.240000e+03	1.641444e-07	5.344732e-08	0.000000e+00
3.240000e+03	3.280000e+03	8.543555e-08	1.580526e-07	1.365880e-08
3.280000e+03	3.320000e+03	4.314168e-08	0.000000e+00	1.874614e-07
3.320000e+03	3.360000e+03	7.642280e-08	0.000000e+00	1.028582e-07
3.360000e+03	3.400000e+03	1.319094e-07	8.494435e-08	0.000000e+00
3.400000e+03	3.440000e+03	1.010124e-07	3.264563e-08	0.000000e+00
3.440000e+03	3.480000e+03	1.075850e-07	7.193457e-08	7.653013e-08
3.480000e+03	3.520000e+03	7.569320e-08	2.772205e-08	1.521065e-08
3.520000e+03	3.560000e+03	4.230338e-08	0.000000e+00	5.846602e-08
3.560000e+03	3.600000e+03	2.004559e-07	1.500260e-07	0.000000e+00
3.600000e+03	3.640000e+03	5.010248e-08	0.000000e+00	1.696195e-08
3.640000e+03	3.680000e+03	1.598585e-07	1.223381e-07	0.000000e+00
3.680000e+03	3.720000e+03	3.769837e-08	2.278235e-08	2.331150e-08
3.720000e+03	3.760000e+03	1.014756e-07	6.256218e-08	0.000000e+00
3.760000e+03	3.800000e+03	3.353627e-08	0.000000e+00	1.961633e-08
3.800000e+03	3.840000e+03	4.026925e-08	1.100830e-08	2.768145e-08
3.840000e+03	3.880000e+03	2.239654e-08	0.000000e+00	8.305188e-09
3.880000e+03	3.920000e+03	-1.406460e-08	0.000000e+00	4.273105e-08
3.920000e+03	3.960000e+03	2.453853e-08	4.311325e-09	2.533999e-08
3.960000e+03	4.000000e+03	-1.006947e-08	0.000000e+00	2.739543e-08
4.000000e+03	4.040000e+03	1.393937e-08	4.582525e-10	1.058060e-09
4.040000e+03	4.080000e+03	2.031368e-08	1.471566e-08	4.480727e-09
4.080000e+03	4.120000e+03	3.146035e-08	1.696323e-08	0.000000e+00
4.120000e+03	4.160000e+03	1.547701e-08	9.331183e-09	0.000000e+00
4.160000e+03	4.200000e+03	8.648435e-09	0.000000e+00	6.499138e-09
4.200000e+03	4.240000e+03	5.177602e-09	1.738767e-09	4.658365e-09
4.240000e+03	4.280000e+03	5.178635e-09	7.023712e-09	3.156875e-09
4.280000e+03	4.320000e+03	1.353079e-08	1.093585e-08	0.000000e+00
4.320000e+03	4.360000e+03	5.377763e-09	9.207805e-09	6.596487e-09
4.360000e+03	4.400000e+03	1.278611e-09	0.000000e+00	7.327654e-09
4.400000e+03	4.440000e+03	1.018497e-08	5.063313e-09	0.000000e+00
4.440000e+03	4.480000e+03	4.219398e-09	0.000000e+00	9.853915e-09
4.480000e+03	4.520000e+03	5.321555e-09	1.451530e-09	7.617025e-10
4.520000e+03	4.560000e+03	4.515657e-09	0.000000e+00	1.023161e-08
4.560000e+03	4.600000e+03	1.608981e-08	1.331090e-08	0.000000e+00
4.600000e+03	4.640000e+03	2.971205e-09	1.287806e-09	4.275990e-09
4.640000e+03	4.680000e+03	2.316544e-09	5.256998e-10	1.119998e-09
4.680000e+03	4.720000e+03	4.686190e-09	0.000000e+00	2.860265e-09
4.720000e+03	4.760000e+03	2.494555e-09	7.475665e-10	1.704448e-07
4.760000e+03	4.800000e+03	2.521150e-09	0.000000e+00	4.075963e-09
4.800000e+03	4.840000e+03	1.728940e-09	2.598400e-11	6.272115e-10
4.840000e+03	4.880000e+03	1.771235e-09	3.286662e-10	8.048950e-10
4.880000e+03	4.920000e+03	7.938077e-10	0.000000e+00	1.423034e-09
4.920000e+03	4.960000e+03	6.345342e-09	5.811242e-09	0.000000e+00
4.960000e+03	5.000000e+03	1.493514e-09	9.659503e-10	0.000000e+00
5.000000e+03	5.040000e+03	1.464686e-09	9.535407e-10	0.000000e+00
5.040000e+03	5.080000e+03	8.799350e-10	0.000000e+00	1.100312e-09
5.080000e+03	5.120000e+03	6.512522e-10	1.369999e-09	0.000000e+00
5.120000e+03	5.160000e+03	9.084338e-10	7.167454e-10	1.455362e-09
5.160000e+03	5.200000e+03	3.851187e-09	3.458268e-09	0.000000e+00
5.200000e+03	5.240000e+03	2.345391e-09	1.845377e-09	0.000000e+00
5.240000e+03	5.280000e+03	5.202340e-10	9.756800e-11	2.992441e-09
5.280000e+03	5.320000e+03	1.262567e-09	6.300428e-10	0.000000e+00
5.320000e+03	5.360000e+03	1.689714e-10	9.748887e-11	1.374682e-09
5.360000e+03	5.400000e+03	4.306620e-10	1.730975e-10	4.619393e-10
5.400000e+03	5.440000e+03	2.772987e-10	1.172910e-09	0.000000e+00
5.440000e+03	5.480000e+03	3.963705e-09	6.324100e-09	0.000000e+00
5.480000e+03	5.520000e+03	7.550148e-11	0.000000e+00	7.205088e-10
5.520000e+03	5.560000e+03	1.677451e-09	1.636270e-09	0.000000e+00
5.560000e+03	5.600000e+03	1.578479e-10	0.000000e+00	1.374209e-10
5.600000e+03	5.640000e+03	2.780282e-10	1.019198e-09	0.000000e+00
5.640000e+03	5.680000e+03	-3.145820e-11	0.000000e+00	1.535302e-09
5.680000e+03	5.720000e+03	-3.308780e-11	0.000000e+00	6.213053e-09
5.720000e+03	5.760000e+03	1.029416e-10	6.569515e-11	4.360794e-10
5.760000e+03	5.800000e+03	8.420432e-10	7.395510e-10	0.000000e+00
5.800000e+03	5.840000e+03	-2.931850e-11	0.000000e+00	3.023492e-10
5.840000e+03	5.880000e+03	1.832558e-10	8.425532e-11	0.000000e+00
5.880000e+03	5.920000e+03	4.209957e-11	0.000000e+00	1.600464e-10
5.920000e+03	5.960000e+03	1.527840e-11	0.000000e+00	7.767863e-11
5.960000e+03	6.000000e+03	-6.265060e-11	1.886062e-09	1.736930e-10
# END HISTO1D


# BEGIN HISTO1D //homes/tinghua1/Merging-Project/Production/HJETS/ratio-plots/hjets-matched-errorband/H-N2-3-4-25gev-combine.yoda/MC_H2JETS_04_INC/j1j4_mass
ErrorBandColor=blue
ErrorBandOpacity=0.3
ErrorBands=1
ErrorType=env
LineColor=blue
LineStyle=solid
Path=//homes/tinghua1/Merging-Project/Production/HJETS/ratio-plots/hjets-matched-errorband/H-N2-3-4-25gev-combine.yoda/MC_H2JETS_04_INC/j1j4_mass
RatioPlotSameStyle=1
Title=h(2*,3,4)
# xlow	 xhigh	 val	 errminus	 errplus
0.000000e+00	4.000000e+01	2.854060e-04	2.779500e-05	5.511125e-05
4.000000e+01	8.000000e+01	9.230898e-04	1.240383e-04	1.753465e-04
8.000000e+01	1.200000e+02	1.039061e-03	1.241090e-04	1.556460e-04
1.200000e+02	1.600000e+02	7.441085e-04	9.953550e-05	1.540078e-04
1.600000e+02	2.000000e+02	5.036517e-04	6.624900e-05	8.720550e-05
2.000000e+02	2.400000e+02	3.584913e-04	4.909675e-05	6.028150e-05
2.400000e+02	2.800000e+02	2.610973e-04	3.684575e-05	4.783275e-05
2.800000e+02	3.200000e+02	2.014802e-04	3.157113e-05	4.150905e-05
3.200000e+02	3.600000e+02	1.625780e-04	2.533280e-05	2.573868e-05
3.600000e+02	4.000000e+02	1.398346e-04	2.812338e-05	1.814738e-05
4.000000e+02	4.400000e+02	1.086821e-04	1.645625e-05	2.209068e-05
4.400000e+02	4.800000e+02	9.366150e-05	1.408180e-05	1.112560e-05
4.800000e+02	5.200000e+02	7.854620e-05	1.067353e-05	1.765672e-05
5.200000e+02	5.600000e+02	7.020937e-05	1.149967e-05	1.296665e-05
5.600000e+02	6.000000e+02	6.317208e-05	1.303145e-05	9.880325e-06
6.000000e+02	6.400000e+02	5.216815e-05	7.947300e-06	1.192497e-05
6.400000e+02	6.800000e+02	4.778550e-05	7.992825e-06	1.123432e-05
6.800000e+02	7.200000e+02	4.323418e-05	8.756975e-06	4.714400e-06
7.200000e+02	7.600000e+02	3.780582e-05	7.941200e-06	5.795250e-06
7.600000e+02	8.000000e+02	3.300070e-05	5.505375e-06	6.667300e-06
8.000000e+02	8.400000e+02	3.374613e-05	9.706055e-06	1.142850e-06
8.400000e+02	8.800000e+02	2.581623e-05	4.689845e-06	6.291950e-06
8.800000e+02	9.200000e+02	2.392196e-05	4.676295e-06	4.264613e-06
9.200000e+02	9.600000e+02	2.083930e-05	3.029595e-06	4.709030e-06
9.600000e+02	1.000000e+03	2.000808e-05	4.126557e-06	3.936490e-06
1.000000e+03	1.040000e+03	1.711223e-05	3.070805e-06	4.764340e-06
1.040000e+03	1.080000e+03	1.566011e-05	2.791950e-06	2.772075e-06
1.080000e+03	1.120000e+03	1.398919e-05	2.085450e-06	3.551075e-06
1.120000e+03	1.160000e+03	1.438621e-05	3.544750e-06	7.512375e-07
1.160000e+03	1.200000e+03	1.166985e-05	1.877462e-06	3.585495e-06
1.200000e+03	1.240000e+03	1.094220e-05	1.315760e-06	2.583543e-06
1.240000e+03	1.280000e+03	9.226727e-06	5.861375e-07	2.703915e-06
1.280000e+03	1.320000e+03	8.732257e-06	1.383687e-06	3.517128e-06
1.320000e+03	1.360000e+03	7.586595e-06	9.222825e-07	1.926697e-06
1.360000e+03	1.400000e+03	7.793485e-06	1.649255e-06	2.043625e-06
1.400000e+03	1.440000e+03	6.730840e-06	1.172600e-06	1.755405e-06
1.440000e+03	1.480000e+03	5.869038e-06	9.798025e-07	1.758240e-06
1.480000e+03	1.520000e+03	5.342090e-06	3.485300e-07	1.402545e-06
1.520000e+03	1.560000e+03	4.986562e-06	7.363025e-07	2.023210e-06
1.560000e+03	1.600000e+03	5.300070e-06	1.385685e-06	3.253675e-07
1.600000e+03	1.640000e+03	4.127905e-06	3.595975e-07	1.044960e-06
1.640000e+03	1.680000e+03	3.695970e-06	5.517300e-07	1.661492e-06
1.680000e+03	1.720000e+03	3.557565e-06	4.621800e-07	1.205615e-06
1.720000e+03	1.760000e+03	3.383383e-06	7.675525e-07	1.486528e-06
1.760000e+03	1.800000e+03	2.849870e-06	3.324000e-07	6.931825e-07
1.800000e+03	1.840000e+03	2.636528e-06	3.108798e-07	1.943225e-07
1.840000e+03	1.880000e+03	2.670010e-06	6.012837e-07	5.675625e-07
1.880000e+03	1.920000e+03	2.227084e-06	2.172082e-07	9.862790e-07
1.920000e+03	1.960000e+03	2.080792e-06	1.800997e-07	4.786225e-07
1.960000e+03	2.000000e+03	1.985851e-06	3.079765e-07	1.039163e-07
2.000000e+03	2.040000e+03	1.902323e-06	3.947697e-07	8.713770e-07
2.040000e+03	2.080000e+03	1.619236e-06	3.073225e-07	3.939082e-07
2.080000e+03	2.120000e+03	1.808348e-06	5.393045e-07	1.427285e-07
2.120000e+03	2.160000e+03	1.646228e-06	4.491008e-07	2.451042e-07
2.160000e+03	2.200000e+03	1.662886e-06	7.365083e-07	0.000000e+00
2.200000e+03	2.240000e+03	1.354873e-06	4.859703e-07	1.629575e-08
2.240000e+03	2.280000e+03	1.035911e-06	0.000000e+00	8.225500e-07
2.280000e+03	2.320000e+03	9.300288e-07	3.014000e-08	2.262050e-07
2.320000e+03	2.360000e+03	1.186292e-06	2.347110e-07	0.000000e+00
2.360000e+03	2.400000e+03	9.757475e-07	0.000000e+00	4.796365e-07
2.400000e+03	2.440000e+03	8.314943e-07	2.353815e-07	2.265253e-07
2.440000e+03	2.480000e+03	5.307912e-07	1.157090e-07	3.742842e-07
2.480000e+03	2.520000e+03	7.383097e-07	2.198432e-07	0.000000e+00
2.520000e+03	2.560000e+03	6.244523e-07	1.792407e-07	6.981150e-08
2.560000e+03	2.600000e+03	4.564890e-07	4.020750e-09	2.184000e-09
2.600000e+03	2.640000e+03	6.435120e-07	2.606252e-07	7.474600e-08
2.640000e+03	2.680000e+03	5.435710e-07	1.619028e-07	8.694250e-09
2.680000e+03	2.720000e+03	4.165335e-07	1.717709e-07	1.378470e-07
2.720000e+03	2.760000e+03	4.598217e-07	1.473317e-07	0.000000e+00
2.760000e+03	2.800000e+03	3.459527e-07	8.334600e-08	1.183473e-07
2.800000e+03	2.840000e+03	3.468305e-07	4.563350e-08	3.409750e-08
2.840000e+03	2.880000e+03	4.096575e-07	1.492207e-07	4.595475e-08
2.880000e+03	2.920000e+03	2.761158e-07	5.723698e-08	1.141848e-07
2.920000e+03	2.960000e+03	2.641325e-07	5.995187e-08	6.850800e-08
2.960000e+03	3.000000e+03	1.291438e-07	0.000000e+00	1.794277e-07
3.000000e+03	3.040000e+03	2.630420e-07	6.821295e-08	6.268350e-08
3.040000e+03	3.080000e+03	1.833013e-07	0.000000e+00	8.658815e-08
3.080000e+03	3.120000e+03	1.623605e-07	2.925100e-09	6.586032e-08
3.120000e+03	3.160000e+03	1.295086e-07	2.468625e-09	1.183205e-07
3.160000e+03	3.200000e+03	1.737043e-07	5.407135e-08	3.996550e-09
3.200000e+03	3.240000e+03	1.274119e-07	6.389050e-09	1.235455e-08
3.240000e+03	3.280000e+03	1.229486e-07	5.825000e-12	9.057450e-09
3.280000e+03	3.320000e+03	1.063601e-07	2.969342e-08	0.000000e+00
3.320000e+03	3.360000e+03	1.590669e-07	8.990935e-08	0.000000e+00
3.360000e+03	3.400000e+03	6.994405e-08	0.000000e+00	2.490297e-08
3.400000e+03	3.440000e+03	6.659540e-08	2.437752e-08	2.500330e-08
3.440000e+03	3.480000e+03	1.040793e-07	3.667635e-08	5.274750e-09
3.480000e+03	3.520000e+03	4.335002e-08	0.000000e+00	2.848238e-08
3.520000e+03	3.560000e+03	5.182067e-08	7.907500e-11	3.189580e-08
3.560000e+03	3.600000e+03	6.379875e-08	2.605713e-08	1.413532e-08
3.600000e+03	3.640000e+03	6.688800e-08	3.070620e-08	4.872700e-09
3.640000e+03	3.680000e+03	5.430165e-08	1.085775e-09	4.274955e-08
3.680000e+03	3.720000e+03	4.015708e-08	0.000000e+00	2.636395e-08
3.720000e+03	3.760000e+03	3.247227e-08	7.232150e-09	1.148664e-07
3.760000e+03	3.800000e+03	3.344760e-08	1.603415e-08	1.341405e-08
3.800000e+03	3.840000e+03	2.979660e-08	5.313097e-09	2.645035e-08
3.840000e+03	3.880000e+03	2.991078e-08	1.175197e-08	8.201175e-09
3.880000e+03	3.920000e+03	1.893952e-08	0.000000e+00	9.237652e-09
3.920000e+03	3.960000e+03	3.094900e-08	6.737870e-09	6.284725e-09
3.960000e+03	4.000000e+03	2.885677e-08	1.327218e-08	2.328600e-09
4.000000e+03	4.040000e+03	2.049969e-08	9.738115e-09	1.527511e-08
4.040000e+03	4.080000e+03	2.762782e-08	8.066472e-09	8.082400e-09
4.080000e+03	4.120000e+03	1.500799e-08	0.000000e+00	6.610047e-09
4.120000e+03	4.160000e+03	1.073008e-08	1.700682e-09	1.009310e-08
4.160000e+03	4.200000e+03	1.244324e-08	2.411137e-09	4.538980e-09
4.200000e+03	4.240000e+03	7.723533e-09	0.000000e+00	7.332900e-09
4.240000e+03	4.280000e+03	1.569763e-08	9.857105e-09	0.000000e+00
4.280000e+03	4.320000e+03	6.199077e-09	0.000000e+00	3.017100e-08
4.320000e+03	4.360000e+03	7.825760e-09	8.436650e-10	6.755605e-09
4.360000e+03	4.400000e+03	6.213523e-09	1.610898e-09	3.321687e-09
4.400000e+03	4.440000e+03	1.773955e-09	0.000000e+00	2.549875e-08
4.440000e+03	4.480000e+03	1.771414e-08	1.083821e-08	0.000000e+00
4.480000e+03	4.520000e+03	7.239240e-09	1.004167e-08	2.402530e-09
4.520000e+03	4.560000e+03	1.020743e-08	4.524670e-09	0.000000e+00
4.560000e+03	4.600000e+03	1.271111e-09	0.000000e+00	4.138797e-09
4.600000e+03	4.640000e+03	4.071790e-09	2.742629e-09	2.044390e-09
4.640000e+03	4.680000e+03	2.293431e-08	2.172313e-08	0.000000e+00
4.680000e+03	4.720000e+03	2.322270e-08	1.644280e-08	0.000000e+00
4.720000e+03	4.760000e+03	2.850610e-09	4.974992e-10	3.947435e-09
4.760000e+03	4.800000e+03	2.544368e-09	1.419732e-09	1.143835e-09
4.800000e+03	4.840000e+03	2.063026e-09	9.548099e-09	0.000000e+00
4.840000e+03	4.880000e+03	3.302975e-09	1.596041e-09	0.000000e+00
4.880000e+03	4.920000e+03	1.616026e-09	9.122593e-10	2.651639e-09
4.920000e+03	4.960000e+03	-1.528467e-10	0.000000e+00	5.620224e-09
4.960000e+03	5.000000e+03	2.193013e-09	2.935366e-09	0.000000e+00
5.000000e+03	5.040000e+03	7.251110e-10	1.509175e-10	2.860379e-09
5.040000e+03	5.080000e+03	5.822598e-10	0.000000e+00	6.028723e-10
5.080000e+03	5.120000e+03	1.555980e-09	1.067167e-09	1.157147e-09
5.120000e+03	5.160000e+03	7.509362e-10	2.199722e-10	1.018084e-09
5.160000e+03	5.200000e+03	4.179025e-10	5.833375e-11	3.610700e-10
5.200000e+03	5.240000e+03	3.069600e-10	3.984450e-11	4.418608e-10
5.240000e+03	5.280000e+03	1.006988e-09	0.000000e+00	6.988828e-10
5.280000e+03	5.320000e+03	8.294605e-11	0.000000e+00	1.232140e-09
5.320000e+03	5.360000e+03	1.367624e-09	7.442875e-10	0.000000e+00
5.360000e+03	5.400000e+03	5.988005e-10	3.821176e-10	1.814684e-09
5.400000e+03	5.440000e+03	2.339932e-10	0.000000e+00	9.082385e-11
5.440000e+03	5.480000e+03	1.218128e-09	7.949285e-10	0.000000e+00
5.480000e+03	5.520000e+03	3.211875e-10	3.196815e-10	4.761275e-11
5.520000e+03	5.560000e+03	2.562525e-10	0.000000e+00	1.671868e-10
5.560000e+03	5.600000e+03	3.163760e-10	0.000000e+00	8.559455e-10
5.600000e+03	5.640000e+03	7.869927e-11	0.000000e+00	2.092837e-10
5.640000e+03	5.680000e+03	8.675570e-11	0.000000e+00	8.539066e-10
5.680000e+03	5.720000e+03	9.478280e-11	7.940800e-12	0.000000e+00
5.720000e+03	5.760000e+03	3.523602e-10	2.180015e-10	0.000000e+00
5.760000e+03	5.800000e+03	3.887890e-10	3.487390e-10	0.000000e+00
5.800000e+03	5.840000e+03	7.209105e-11	2.920290e-11	2.334995e-10
5.840000e+03	5.880000e+03	6.312440e-10	5.430649e-10	0.000000e+00
5.880000e+03	5.920000e+03	2.148542e-10	1.784775e-10	5.770877e-11
5.920000e+03	5.960000e+03	2.368432e-10	0.000000e+00	1.968763e-10
5.960000e+03	6.000000e+03	4.397255e-11	4.590402e-11	5.312410e-10
# END HISTO1D


# BEGIN HISTO1D //homes/tinghua1/Merging-Project/Production/HJETS/ratio-plots/hjets-matched-errorband/H-2-3-4-25gev-combine.yoda/MC_H2JETS_04_INC/j1j4_mass
ErrorBandColor=yellow
ErrorBandOpacity=0.3
ErrorBands=1
ErrorType=env
LineColor=yellow
LineStyle=solid
Path=//homes/tinghua1/Merging-Project/Production/HJETS/ratio-plots/hjets-matched-errorband/H-2-3-4-25gev-combine.yoda/MC_H2JETS_04_INC/j1j4_mass
RatioPlotSameStyle=1
Title=h(2,3,4)
# xlow	 xhigh	 val	 errminus	 errplus
0.000000e+00	4.000000e+01	2.641137e-04	2.446163e-05	5.355525e-05
4.000000e+01	8.000000e+01	8.308932e-04	1.104637e-04	1.432370e-04
8.000000e+01	1.200000e+02	9.269530e-04	1.009300e-04	1.176715e-04
1.200000e+02	1.600000e+02	6.584588e-04	7.826825e-05	8.826950e-05
1.600000e+02	2.000000e+02	4.382453e-04	4.997700e-05	6.679150e-05
2.000000e+02	2.400000e+02	3.074300e-04	3.951625e-05	4.912825e-05
2.400000e+02	2.800000e+02	2.325159e-04	3.354027e-05	3.494437e-05
2.800000e+02	3.200000e+02	1.794807e-04	2.252840e-05	3.178713e-05
3.200000e+02	3.600000e+02	1.437865e-04	1.809050e-05	3.025832e-05
3.600000e+02	4.000000e+02	1.210103e-04	1.712822e-05	2.378853e-05
4.000000e+02	4.400000e+02	1.063397e-04	1.970735e-05	1.644810e-05
4.400000e+02	4.800000e+02	8.857458e-05	1.394592e-05	1.400742e-05
4.800000e+02	5.200000e+02	7.581623e-05	1.253130e-05	1.620452e-05
5.200000e+02	5.600000e+02	6.646983e-05	1.174693e-05	1.194340e-05
5.600000e+02	6.000000e+02	5.845575e-05	9.440450e-06	1.318597e-05
6.000000e+02	6.400000e+02	5.117118e-05	9.299300e-06	1.117922e-05
6.400000e+02	6.800000e+02	4.479018e-05	7.967075e-06	1.085740e-05
6.800000e+02	7.200000e+02	4.086647e-05	6.735625e-06	1.022678e-05
7.200000e+02	7.600000e+02	3.589713e-05	5.941925e-06	8.527125e-06
7.600000e+02	8.000000e+02	3.232608e-05	6.046600e-06	6.566625e-06
8.000000e+02	8.400000e+02	2.866520e-05	5.005925e-06	6.551750e-06
8.400000e+02	8.800000e+02	2.613757e-05	4.320325e-06	6.333275e-06
8.800000e+02	9.200000e+02	2.394233e-05	4.528452e-06	6.573145e-06
9.200000e+02	9.600000e+02	2.023243e-05	3.033292e-06	6.263823e-06
9.600000e+02	1.000000e+03	1.992063e-05	4.653115e-06	5.111518e-06
1.000000e+03	1.040000e+03	1.803563e-05	3.768925e-06	3.493183e-06
1.040000e+03	1.080000e+03	1.575852e-05	2.594527e-06	3.535628e-06
1.080000e+03	1.120000e+03	1.430596e-05	8.869900e-07	3.814378e-06
1.120000e+03	1.160000e+03	1.280293e-05	1.938328e-06	4.420012e-06
1.160000e+03	1.200000e+03	1.171213e-05	1.825073e-06	3.254785e-06
1.200000e+03	1.240000e+03	1.127941e-05	2.744868e-06	2.207405e-06
1.240000e+03	1.280000e+03	9.665015e-06	2.134435e-06	2.793865e-06
1.280000e+03	1.320000e+03	8.849963e-06	1.631665e-06	3.056000e-06
1.320000e+03	1.360000e+03	8.086950e-06	1.318912e-06	1.903480e-06
1.360000e+03	1.400000e+03	7.611452e-06	1.687520e-06	1.823105e-06
1.400000e+03	1.440000e+03	6.701093e-06	1.271680e-06	1.998575e-06
1.440000e+03	1.480000e+03	6.117030e-06	9.323325e-07	1.598990e-06
1.480000e+03	1.520000e+03	5.807282e-06	0.000000e+00	1.545648e-06
1.520000e+03	1.560000e+03	5.021428e-06	8.087200e-07	2.343950e-06
1.560000e+03	1.600000e+03	4.726212e-06	1.011600e-06	1.165510e-06
1.600000e+03	1.640000e+03	4.456188e-06	1.107058e-06	1.251140e-06
1.640000e+03	1.680000e+03	4.244132e-06	1.339147e-06	1.206318e-06
1.680000e+03	1.720000e+03	3.639373e-06	6.741700e-07	1.177888e-06
1.720000e+03	1.760000e+03	3.431507e-06	7.627200e-07	9.266150e-07
1.760000e+03	1.800000e+03	3.208022e-06	8.291645e-07	8.020625e-07
1.800000e+03	1.840000e+03	3.131662e-06	1.051923e-06	2.622975e-07
1.840000e+03	1.880000e+03	2.718467e-06	7.952937e-07	7.468800e-07
1.880000e+03	1.920000e+03	2.384735e-06	2.619880e-07	6.621727e-07
1.920000e+03	1.960000e+03	3.923942e-06	1.986157e-06	0.000000e+00
1.960000e+03	2.000000e+03	2.088634e-06	4.808725e-07	6.731032e-07
2.000000e+03	2.040000e+03	1.912687e-06	3.363607e-07	4.995593e-07
2.040000e+03	2.080000e+03	1.764970e-06	4.104713e-07	2.820075e-07
2.080000e+03	2.120000e+03	1.623653e-06	2.867575e-07	5.887412e-07
2.120000e+03	2.160000e+03	1.502252e-06	3.977597e-07	6.848260e-07
2.160000e+03	2.200000e+03	1.322924e-06	2.743768e-07	2.892545e-07
2.200000e+03	2.240000e+03	1.202995e-06	2.882697e-07	5.639360e-07
2.240000e+03	2.280000e+03	1.086672e-06	2.190855e-07	2.245270e-07
2.280000e+03	2.320000e+03	1.191003e-06	3.547010e-07	2.812027e-07
2.320000e+03	2.360000e+03	7.679965e-07	5.536500e-08	6.385050e-07
2.360000e+03	2.400000e+03	9.693775e-07	2.470040e-07	1.038072e-07
2.400000e+03	2.440000e+03	7.734710e-07	2.125515e-07	3.824413e-07
2.440000e+03	2.480000e+03	7.222198e-07	7.389200e-08	1.056613e-07
2.480000e+03	2.520000e+03	6.980778e-07	1.894762e-07	1.413972e-07
2.520000e+03	2.560000e+03	5.539258e-07	1.690640e-07	2.067212e-07
2.560000e+03	2.600000e+03	5.045308e-07	6.760225e-08	2.161363e-07
2.600000e+03	2.640000e+03	5.000773e-07	1.645878e-07	1.133945e-07
2.640000e+03	2.680000e+03	4.404338e-07	4.966225e-08	2.055820e-07
2.680000e+03	2.720000e+03	4.228295e-07	4.665925e-08	1.378607e-07
2.720000e+03	2.760000e+03	3.652823e-07	3.426250e-08	1.180193e-07
2.760000e+03	2.800000e+03	4.016127e-07	0.000000e+00	3.136405e-07
2.800000e+03	2.840000e+03	3.622223e-07	4.234575e-08	0.000000e+00
2.840000e+03	2.880000e+03	3.063223e-07	7.813990e-08	1.065172e-07
2.880000e+03	2.920000e+03	3.364920e-07	1.059048e-07	0.000000e+00
2.920000e+03	2.960000e+03	2.442024e-07	6.796303e-08	7.925832e-08
2.960000e+03	3.000000e+03	2.472701e-07	3.971665e-08	0.000000e+00
3.000000e+03	3.040000e+03	7.014600e-08	0.000000e+00	1.771595e-07
3.040000e+03	3.080000e+03	1.838303e-07	8.415945e-08	4.990430e-08
3.080000e+03	3.120000e+03	2.283009e-07	7.188213e-08	2.953262e-08
3.120000e+03	3.160000e+03	1.626209e-07	8.820292e-08	8.595150e-08
3.160000e+03	3.200000e+03	1.821380e-07	8.353925e-08	3.687025e-09
3.200000e+03	3.240000e+03	1.635058e-07	1.563308e-08	1.996852e-08
3.240000e+03	3.280000e+03	1.492544e-07	2.958087e-08	0.000000e+00
3.280000e+03	3.320000e+03	9.940237e-08	4.590975e-09	1.239390e-07
3.320000e+03	3.360000e+03	1.433735e-07	8.838658e-08	0.000000e+00
3.360000e+03	3.400000e+03	9.165968e-08	3.427610e-08	1.414479e-07
3.400000e+03	3.440000e+03	1.009326e-07	3.678837e-08	0.000000e+00
3.440000e+03	3.480000e+03	8.877510e-08	2.449155e-08	3.252350e-08
3.480000e+03	3.520000e+03	8.385978e-08	1.581900e-08	3.580600e-08
3.520000e+03	3.560000e+03	7.660355e-08	3.572722e-08	1.975175e-09
3.560000e+03	3.600000e+03	6.858848e-08	0.000000e+00	8.398600e-09
3.600000e+03	3.640000e+03	3.482035e-08	1.109240e-08	4.831590e-08
3.640000e+03	3.680000e+03	1.456333e-07	1.042268e-07	0.000000e+00
3.680000e+03	3.720000e+03	3.965790e-08	8.089325e-09	9.766675e-09
3.720000e+03	3.760000e+03	3.622910e-08	5.733275e-09	3.438665e-08
3.760000e+03	3.800000e+03	2.655200e-08	0.000000e+00	1.872583e-08
3.800000e+03	3.840000e+03	2.522258e-08	1.944052e-09	1.121570e-08
3.840000e+03	3.880000e+03	1.363415e-08	2.572955e-09	1.775397e-08
3.880000e+03	3.920000e+03	4.013015e-08	2.239175e-08	0.000000e+00
3.920000e+03	3.960000e+03	3.053705e-08	6.148760e-09	8.253450e-08
3.960000e+03	4.000000e+03	1.291442e-08	1.684188e-09	7.923245e-09
4.000000e+03	4.040000e+03	2.474700e-08	1.325273e-08	0.000000e+00
4.040000e+03	4.080000e+03	3.027537e-08	2.562102e-08	0.000000e+00
4.080000e+03	4.120000e+03	1.239073e-08	3.186160e-09	2.087702e-08
4.120000e+03	4.160000e+03	2.892265e-08	1.788122e-08	0.000000e+00
4.160000e+03	4.200000e+03	8.217845e-09	0.000000e+00	1.733580e-08
4.200000e+03	4.240000e+03	3.781898e-08	3.050113e-08	0.000000e+00
4.240000e+03	4.280000e+03	6.793298e-09	2.231915e-09	1.419478e-08
4.280000e+03	4.320000e+03	6.736615e-09	0.000000e+00	6.636800e-09
4.320000e+03	4.360000e+03	3.180563e-09	0.000000e+00	3.477646e-08
4.360000e+03	4.400000e+03	7.118435e-08	6.372449e-08	0.000000e+00
4.400000e+03	4.440000e+03	8.015120e-09	3.585107e-09	4.370225e-09
4.440000e+03	4.480000e+03	5.195855e-09	0.000000e+00	4.925895e-09
4.480000e+03	4.520000e+03	7.400142e-09	1.300465e-09	0.000000e+00
4.520000e+03	4.560000e+03	4.181978e-09	0.000000e+00	1.000825e-09
4.560000e+03	4.600000e+03	5.093488e-09	2.108358e-09	1.579455e-09
4.600000e+03	4.640000e+03	5.164260e-09	2.712182e-09	4.180470e-09
4.640000e+03	4.680000e+03	2.802517e-09	4.528000e-11	1.169883e-09
4.680000e+03	4.720000e+03	2.861875e-09	1.753700e-10	1.426275e-09
4.720000e+03	4.760000e+03	2.268774e-09	4.373191e-09	1.480765e-10
4.760000e+03	4.800000e+03	5.299690e-09	3.608307e-09	1.851327e-09
4.800000e+03	4.840000e+03	2.686080e-09	2.770874e-09	5.104175e-10
4.840000e+03	4.880000e+03	3.325100e-09	5.118500e-10	9.805787e-09
4.880000e+03	4.920000e+03	2.549558e-09	1.014530e-09	0.000000e+00
4.920000e+03	4.960000e+03	2.018097e-09	8.715032e-10	5.820026e-09
4.960000e+03	5.000000e+03	1.618961e-09	1.021588e-09	2.710532e-09
5.000000e+03	5.040000e+03	1.304047e-09	0.000000e+00	2.448748e-09
5.040000e+03	5.080000e+03	1.618660e-09	1.214924e-09	0.000000e+00
5.080000e+03	5.120000e+03	1.065100e-09	0.000000e+00	5.401425e-09
5.120000e+03	5.160000e+03	1.079898e-09	0.000000e+00	1.077252e-09
5.160000e+03	5.200000e+03	1.011339e-09	1.595195e-10	6.474875e-11
5.200000e+03	5.240000e+03	1.939560e-09	1.698495e-09	0.000000e+00
5.240000e+03	5.280000e+03	5.292425e-10	3.212292e-10	1.580976e-09
5.280000e+03	5.320000e+03	3.521882e-10	5.224875e-11	6.180378e-10
5.320000e+03	5.360000e+03	5.894682e-10	0.000000e+00	4.115355e-10
5.360000e+03	5.400000e+03	3.341423e-10	5.463438e-10	0.000000e+00
5.400000e+03	5.440000e+03	9.371135e-10	6.251115e-10	0.000000e+00
5.440000e+03	5.480000e+03	7.507933e-10	5.477868e-10	0.000000e+00
5.480000e+03	5.520000e+03	4.000012e-10	0.000000e+00	4.903202e-10
5.520000e+03	5.560000e+03	1.918424e-09	2.262855e-09	0.000000e+00
5.560000e+03	5.600000e+03	5.650558e-10	0.000000e+00	7.578970e-10
5.600000e+03	5.640000e+03	1.057329e-10	1.199452e-10	2.312081e-10
5.640000e+03	5.680000e+03	2.091073e-10	0.000000e+00	8.051023e-11
5.680000e+03	5.720000e+03	6.843405e-10	1.232410e-10	0.000000e+00
5.720000e+03	5.760000e+03	1.507939e-10	1.026741e-10	2.971839e-09
5.760000e+03	5.800000e+03	2.049543e-10	1.611545e-10	0.000000e+00
5.800000e+03	5.840000e+03	2.519200e-10	2.001346e-10	0.000000e+00
5.840000e+03	5.880000e+03	1.693842e-10	9.361485e-11	0.000000e+00
5.880000e+03	5.920000e+03	2.630472e-10	5.823847e-10	1.838875e-11
5.920000e+03	5.960000e+03	8.739673e-10	7.941960e-10	0.000000e+00
5.960000e+03	6.000000e+03	3.397813e-11	0.000000e+00	8.806884e-10
# END HISTO1D


# BEGIN HISTO1D //homes/tinghua1/Merging-Project/Production/HJETS/ratio-plots/hjets-matched-errorband/H-N2-3-25gev-combine.yoda/MC_H2JETS_04_INC/j1j4_mass
ErrorBandColor=green
ErrorBandOpacity=0.3
ErrorBands=1
ErrorType=env
LineColor=green
LineStyle=solid
Path=//homes/tinghua1/Merging-Project/Production/HJETS/ratio-plots/hjets-matched-errorband/H-N2-3-25gev-combine.yoda/MC_H2JETS_04_INC/j1j4_mass
RatioPlotSameStyle=1
Title=h(2*,3)
# xlow	 xhigh	 val	 errminus	 errplus
0.000000e+00	4.000000e+01	2.891410e-04	2.687125e-05	5.146800e-05
4.000000e+01	8.000000e+01	8.779180e-04	1.152425e-04	1.670145e-04
8.000000e+01	1.200000e+02	9.365162e-04	1.080697e-04	1.367648e-04
1.200000e+02	1.600000e+02	6.528605e-04	8.070025e-05	1.125835e-04
1.600000e+02	2.000000e+02	4.301702e-04	5.844100e-05	8.621550e-05
2.000000e+02	2.400000e+02	2.916470e-04	3.995750e-05	5.202950e-05
2.400000e+02	2.800000e+02	2.096772e-04	3.072670e-05	3.709907e-05
2.800000e+02	3.200000e+02	1.608388e-04	2.440360e-05	5.162817e-05
3.200000e+02	3.600000e+02	1.251034e-04	1.679367e-05	2.823665e-05
3.600000e+02	4.000000e+02	1.036822e-04	1.429970e-05	1.914223e-05
4.000000e+02	4.400000e+02	8.685962e-05	1.315103e-05	1.535857e-05
4.400000e+02	4.800000e+02	7.430850e-05	1.211590e-05	1.376848e-05
4.800000e+02	5.200000e+02	6.294327e-05	9.140575e-06	1.240348e-05
5.200000e+02	5.600000e+02	5.507945e-05	8.040300e-06	1.027257e-05
5.600000e+02	6.000000e+02	4.904100e-05	6.920375e-06	1.001480e-05
6.000000e+02	6.400000e+02	4.321587e-05	7.427525e-06	8.314100e-06
6.400000e+02	6.800000e+02	3.754325e-05	5.090900e-06	7.924000e-06
6.800000e+02	7.200000e+02	3.309308e-05	4.617700e-06	8.020450e-06
7.200000e+02	7.600000e+02	2.940837e-05	4.125950e-06	6.200525e-06
7.600000e+02	8.000000e+02	2.755992e-05	4.759280e-06	4.570075e-06
8.000000e+02	8.400000e+02	2.472244e-05	4.468465e-06	3.704435e-06
8.400000e+02	8.800000e+02	2.112158e-05	2.901715e-06	5.280745e-06
8.800000e+02	9.200000e+02	1.895987e-05	2.478852e-06	4.479908e-06
9.200000e+02	9.600000e+02	1.740147e-05	2.456048e-06	3.913750e-06
9.600000e+02	1.000000e+03	1.597632e-05	2.751375e-06	3.601820e-06
1.000000e+03	1.040000e+03	1.446321e-05	2.429868e-06	2.502045e-06
1.040000e+03	1.080000e+03	1.302578e-05	2.389920e-06	2.930787e-06
1.080000e+03	1.120000e+03	1.161473e-05	1.692128e-06	2.570178e-06
1.120000e+03	1.160000e+03	1.050966e-05	1.301580e-06	2.528850e-06
1.160000e+03	1.200000e+03	9.965970e-06	1.706325e-06	1.686882e-06
1.200000e+03	1.240000e+03	8.827112e-06	1.454433e-06	2.148613e-06
1.240000e+03	1.280000e+03	8.152693e-06	1.417278e-06	1.882170e-06
1.280000e+03	1.320000e+03	7.063463e-06	1.116588e-06	1.937273e-06
1.320000e+03	1.360000e+03	6.743492e-06	1.197285e-06	1.199018e-06
1.360000e+03	1.400000e+03	6.580010e-06	1.598315e-06	1.879000e-07
1.400000e+03	1.440000e+03	5.676585e-06	9.777275e-07	1.098040e-06
1.440000e+03	1.480000e+03	5.224805e-06	9.326550e-07	8.636225e-07
1.480000e+03	1.520000e+03	4.739457e-06	8.362000e-07	1.037367e-06
1.520000e+03	1.560000e+03	4.178493e-06	6.845500e-07	1.064847e-06
1.560000e+03	1.600000e+03	3.901868e-06	5.709050e-07	1.741728e-06
1.600000e+03	1.640000e+03	3.662023e-06	3.036925e-07	5.123300e-07
1.640000e+03	1.680000e+03	3.370787e-06	7.154925e-07	5.868200e-07
1.680000e+03	1.720000e+03	3.043790e-06	5.700042e-07	6.312425e-07
1.720000e+03	1.760000e+03	2.696045e-06	6.067153e-07	7.209475e-07
1.760000e+03	1.800000e+03	2.481070e-06	4.987988e-07	6.292147e-07
1.800000e+03	1.840000e+03	2.313247e-06	4.671762e-07	4.752105e-07
1.840000e+03	1.880000e+03	2.080561e-06	3.739470e-07	4.403915e-07
1.880000e+03	1.920000e+03	1.858907e-06	3.428950e-07	5.588958e-07
1.920000e+03	1.960000e+03	1.679654e-06	2.267485e-07	6.496767e-07
1.960000e+03	2.000000e+03	1.547110e-06	1.635465e-07	5.338148e-07
2.000000e+03	2.040000e+03	1.570422e-06	3.726695e-07	2.162323e-07
2.040000e+03	2.080000e+03	1.325765e-06	1.565212e-07	3.600640e-07
2.080000e+03	2.120000e+03	1.110385e-06	1.496400e-07	3.876908e-07
2.120000e+03	2.160000e+03	1.203989e-06	2.527775e-07	2.848810e-07
2.160000e+03	2.200000e+03	1.011454e-06	1.595963e-07	3.096922e-07
2.200000e+03	2.240000e+03	8.403918e-07	1.459680e-07	2.751310e-07
2.240000e+03	2.280000e+03	9.499008e-07	2.833723e-07	4.422000e-09
2.280000e+03	2.320000e+03	7.940882e-07	1.809750e-07	1.184598e-07
2.320000e+03	2.360000e+03	7.205810e-07	1.208273e-07	1.934750e-07
2.360000e+03	2.400000e+03	6.916790e-07	1.051280e-07	1.122880e-07
2.400000e+03	2.440000e+03	5.236355e-07	0.000000e+00	2.535948e-07
2.440000e+03	2.480000e+03	5.634317e-07	1.054362e-07	1.144728e-07
2.480000e+03	2.520000e+03	5.438937e-07	1.084178e-07	6.560400e-08
2.520000e+03	2.560000e+03	4.358985e-07	6.250875e-08	1.390820e-07
2.560000e+03	2.600000e+03	4.132922e-07	8.301900e-08	1.145110e-07
2.600000e+03	2.640000e+03	3.764328e-07	6.415800e-08	1.353862e-07
2.640000e+03	2.680000e+03	3.618323e-07	7.582200e-08	8.798750e-09
2.680000e+03	2.720000e+03	3.313357e-07	1.790800e-08	9.281250e-08
2.720000e+03	2.760000e+03	3.254512e-07	7.599640e-08	9.008550e-08
2.760000e+03	2.800000e+03	2.459172e-07	3.454570e-08	4.326057e-08
2.800000e+03	2.840000e+03	2.514863e-07	2.176573e-08	4.375050e-08
2.840000e+03	2.880000e+03	2.181201e-07	5.830238e-08	7.129020e-08
2.880000e+03	2.920000e+03	1.744520e-07	9.722450e-09	9.193722e-08
2.920000e+03	2.960000e+03	1.859534e-07	6.600025e-08	3.725132e-08
2.960000e+03	3.000000e+03	1.653111e-07	1.907285e-08	2.473315e-08
3.000000e+03	3.040000e+03	1.497484e-07	2.543575e-08	3.100017e-08
3.040000e+03	3.080000e+03	1.498402e-07	2.902185e-08	2.722360e-08
3.080000e+03	3.120000e+03	1.241644e-07	1.137022e-08	6.408705e-08
3.120000e+03	3.160000e+03	1.190523e-07	1.979973e-08	5.793485e-08
3.160000e+03	3.200000e+03	9.125717e-08	3.768600e-09	4.049125e-08
3.200000e+03	3.240000e+03	9.862620e-08	2.679962e-08	1.378473e-07
3.240000e+03	3.280000e+03	9.923958e-08	3.101412e-08	1.138448e-08
3.280000e+03	3.320000e+03	8.192075e-08	2.282062e-08	3.878525e-08
3.320000e+03	3.360000e+03	6.987562e-08	1.131635e-08	1.902240e-08
3.360000e+03	3.400000e+03	6.680983e-08	1.133688e-08	4.606018e-08
3.400000e+03	3.440000e+03	4.185337e-08	0.000000e+00	4.356735e-08
3.440000e+03	3.480000e+03	5.046867e-08	5.558025e-09	1.417643e-08
3.480000e+03	3.520000e+03	4.435700e-08	1.247205e-08	1.460083e-08
3.520000e+03	3.560000e+03	4.234768e-08	6.387675e-09	1.483040e-08
3.560000e+03	3.600000e+03	3.458720e-08	4.321375e-09	3.070355e-08
3.600000e+03	3.640000e+03	3.903028e-08	1.325488e-08	2.400435e-08
3.640000e+03	3.680000e+03	3.396768e-08	6.465475e-09	8.458775e-09
3.680000e+03	3.720000e+03	3.322635e-08	4.250975e-09	7.538675e-09
3.720000e+03	3.760000e+03	3.358405e-08	1.516022e-08	0.000000e+00
3.760000e+03	3.800000e+03	9.921085e-08	7.943470e-08	0.000000e+00
3.800000e+03	3.840000e+03	2.939145e-08	1.332399e-08	0.000000e+00
3.840000e+03	3.880000e+03	2.174539e-08	6.575688e-09	0.000000e+00
3.880000e+03	3.920000e+03	1.353365e-08	7.314162e-09	0.000000e+00
3.920000e+03	3.960000e+03	1.632384e-08	6.358600e-09	1.222706e-08
3.960000e+03	4.000000e+03	1.128487e-08	3.190055e-09	1.579900e-09
4.000000e+03	4.040000e+03	1.496021e-08	3.715605e-09	0.000000e+00
4.040000e+03	4.080000e+03	1.447271e-08	8.182775e-09	0.000000e+00
4.080000e+03	4.120000e+03	1.582181e-08	5.893130e-09	2.437035e-09
4.120000e+03	4.160000e+03	9.317158e-09	1.769395e-09	2.991453e-09
4.160000e+03	4.200000e+03	8.898125e-09	6.458650e-10	0.000000e+00
4.200000e+03	4.240000e+03	7.371023e-09	0.000000e+00	4.952182e-09
4.240000e+03	4.280000e+03	7.444028e-09	2.692225e-09	2.832283e-09
4.280000e+03	4.320000e+03	4.976128e-09	0.000000e+00	2.986582e-09
4.320000e+03	4.360000e+03	5.579745e-09	5.033273e-09	3.126035e-09
4.360000e+03	4.400000e+03	6.013830e-09	2.721927e-09	0.000000e+00
4.400000e+03	4.440000e+03	3.865987e-09	9.173750e-10	4.336325e-10
4.440000e+03	4.480000e+03	3.741857e-09	5.842500e-12	7.893825e-10
4.480000e+03	4.520000e+03	2.186461e-09	0.000000e+00	5.269271e-09
4.520000e+03	4.560000e+03	3.145912e-09	2.586225e-10	2.183582e-09
4.560000e+03	4.600000e+03	1.502646e-09	0.000000e+00	2.863219e-09
4.600000e+03	4.640000e+03	4.330368e-09	2.818725e-09	0.000000e+00
4.640000e+03	4.680000e+03	2.753177e-09	1.112950e-10	0.000000e+00
4.680000e+03	4.720000e+03	5.190935e-10	4.591276e-09	1.287933e-09
4.720000e+03	4.760000e+03	1.498476e-09	6.155592e-10	1.132676e-09
4.760000e+03	4.800000e+03	2.131536e-08	1.941452e-08	0.000000e+00
4.800000e+03	4.840000e+03	1.549663e-09	3.913630e-10	7.120915e-10
4.840000e+03	4.880000e+03	1.599518e-09	8.439583e-10	1.243742e-09
4.880000e+03	4.920000e+03	1.618575e-09	7.800600e-10	2.030228e-09
4.920000e+03	4.960000e+03	1.014174e-09	2.313867e-10	3.567297e-10
4.960000e+03	5.000000e+03	8.963948e-10	2.437390e-10	4.504330e-10
5.000000e+03	5.040000e+03	-1.237891e-09	0.000000e+00	2.347393e-09
5.040000e+03	5.080000e+03	1.064430e-09	6.781007e-10	0.000000e+00
5.080000e+03	5.120000e+03	6.434825e-10	1.709405e-10	0.000000e+00
5.120000e+03	5.160000e+03	2.550452e-10	0.000000e+00	2.795250e-10
5.160000e+03	5.200000e+03	4.893463e-10	2.534746e-10	2.489202e-10
5.200000e+03	5.240000e+03	7.450680e-10	4.060370e-10	0.000000e+00
5.240000e+03	5.280000e+03	4.442765e-10	3.480584e-10	0.000000e+00
5.280000e+03	5.320000e+03	1.283815e-10	0.000000e+00	2.344580e-10
5.320000e+03	5.360000e+03	3.582380e-10	3.431143e-10	7.785900e-11
5.360000e+03	5.400000e+03	3.803950e-10	0.000000e+00	3.008295e-10
5.400000e+03	5.440000e+03	-1.684999e-10	3.694226e-10	3.129889e-10
5.440000e+03	5.480000e+03	1.251456e-10	0.000000e+00	2.962401e-10
5.480000e+03	5.520000e+03	2.039176e-10	5.060255e-11	0.000000e+00
5.520000e+03	5.560000e+03	4.685882e-10	2.620926e-10	2.958958e-10
5.560000e+03	5.600000e+03	1.291775e-10	4.312240e-11	7.492983e-11
5.600000e+03	5.640000e+03	8.119340e-11	5.416265e-11	7.288325e-11
5.640000e+03	5.680000e+03	9.578333e-11	2.139550e-12	7.873435e-11
5.680000e+03	5.720000e+03	1.136228e-09	8.261825e-10	0.000000e+00
5.720000e+03	5.760000e+03	7.171857e-11	4.065700e-12	1.981014e-10
5.760000e+03	5.800000e+03	6.172495e-11	2.393177e-11	2.333791e-10
5.800000e+03	5.840000e+03	5.394442e-11	1.054950e-12	1.012272e-09
5.840000e+03	5.880000e+03	8.724600e-11	6.142937e-11	5.096773e-11
5.880000e+03	5.920000e+03	2.276769e-11	3.895875e-12	5.835933e-12
5.920000e+03	5.960000e+03	7.886562e-11	1.063160e-10	0.000000e+00
5.960000e+03	6.000000e+03	2.527910e-11	4.695875e-11	0.000000e+00
# END HISTO1D


# BEGIN HISTO1D //homes/tinghua1/Merging-Project/Production/HJETS/ratio-plots/hjets-matched-errorband/H-2-3-25gev-combine.yoda/MC_H2JETS_04_INC/j1j4_mass
ErrorBandColor=purple
ErrorBandOpacity=0.3
ErrorBands=1
ErrorType=env
LineColor=purple
LineStyle=solid
Path=//homes/tinghua1/Merging-Project/Production/HJETS/ratio-plots/hjets-matched-errorband/H-2-3-25gev-combine.yoda/MC_H2JETS_04_INC/j1j4_mass
RatioPlotSameStyle=1
Title=h(2,3)
# xlow	 xhigh	 val	 errminus	 errplus
0.000000e+00	4.000000e+01	2.441776e-04	0.000000e+00	7.764395e-05
4.000000e+01	8.000000e+01	6.859448e-04	0.000000e+00	2.364467e-04
8.000000e+01	1.200000e+02	7.397515e-04	0.000000e+00	1.846872e-04
1.200000e+02	1.600000e+02	5.013793e-04	0.000000e+00	1.421823e-04
1.600000e+02	2.000000e+02	3.187150e-04	0.000000e+00	9.482050e-05
2.000000e+02	2.400000e+02	2.144730e-04	0.000000e+00	6.752653e-05
2.400000e+02	2.800000e+02	1.555051e-04	0.000000e+00	5.245500e-05
2.800000e+02	3.200000e+02	1.197862e-04	0.000000e+00	4.264525e-05
3.200000e+02	3.600000e+02	9.797442e-05	0.000000e+00	3.349327e-05
3.600000e+02	4.000000e+02	8.023262e-05	0.000000e+00	3.043570e-05
4.000000e+02	4.400000e+02	6.893910e-05	0.000000e+00	2.564305e-05
4.400000e+02	4.800000e+02	5.819470e-05	0.000000e+00	2.397215e-05
4.800000e+02	5.200000e+02	5.063012e-05	0.000000e+00	2.065323e-05
5.200000e+02	5.600000e+02	4.449570e-05	0.000000e+00	1.886175e-05
5.600000e+02	6.000000e+02	3.886318e-05	0.000000e+00	1.721615e-05
6.000000e+02	6.400000e+02	3.405805e-05	0.000000e+00	1.567558e-05
6.400000e+02	6.800000e+02	3.038065e-05	0.000000e+00	1.402655e-05
6.800000e+02	7.200000e+02	2.711348e-05	0.000000e+00	1.268940e-05
7.200000e+02	7.600000e+02	2.415838e-05	0.000000e+00	1.156435e-05
7.600000e+02	8.000000e+02	2.219385e-05	0.000000e+00	1.053868e-05
8.000000e+02	8.400000e+02	1.934752e-05	0.000000e+00	9.943225e-06
8.400000e+02	8.800000e+02	1.767545e-05	0.000000e+00	8.394725e-06
8.800000e+02	9.200000e+02	1.556070e-05	0.000000e+00	8.065455e-06
9.200000e+02	9.600000e+02	1.410081e-05	0.000000e+00	7.329020e-06
9.600000e+02	1.000000e+03	1.275843e-05	0.000000e+00	6.679223e-06
1.000000e+03	1.040000e+03	1.164045e-05	0.000000e+00	6.338385e-06
1.040000e+03	1.080000e+03	1.035427e-05	0.000000e+00	5.735195e-06
1.080000e+03	1.120000e+03	9.402415e-06	0.000000e+00	5.274300e-06
1.120000e+03	1.160000e+03	8.580098e-06	0.000000e+00	4.590402e-06
1.160000e+03	1.200000e+03	7.707840e-06	0.000000e+00	4.624218e-06
1.200000e+03	1.240000e+03	7.057003e-06	0.000000e+00	4.020545e-06
1.240000e+03	1.280000e+03	6.392127e-06	0.000000e+00	3.747400e-06
1.280000e+03	1.320000e+03	6.032792e-06	0.000000e+00	3.300860e-06
1.320000e+03	1.360000e+03	5.421850e-06	0.000000e+00	3.207617e-06
1.360000e+03	1.400000e+03	4.932035e-06	0.000000e+00	2.772717e-06
1.400000e+03	1.440000e+03	4.493425e-06	0.000000e+00	2.828882e-06
1.440000e+03	1.480000e+03	4.001102e-06	0.000000e+00	2.410950e-06
1.480000e+03	1.520000e+03	3.624178e-06	0.000000e+00	2.278265e-06
1.520000e+03	1.560000e+03	3.381475e-06	0.000000e+00	2.210060e-06
1.560000e+03	1.600000e+03	3.066445e-06	0.000000e+00	2.027195e-06
1.600000e+03	1.640000e+03	2.793580e-06	0.000000e+00	1.780670e-06
1.640000e+03	1.680000e+03	2.561705e-06	0.000000e+00	1.599990e-06
1.680000e+03	1.720000e+03	2.317883e-06	0.000000e+00	1.550149e-06
1.720000e+03	1.760000e+03	2.152452e-06	0.000000e+00	1.364875e-06
1.760000e+03	1.800000e+03	1.919570e-06	0.000000e+00	1.214695e-06
1.800000e+03	1.840000e+03	1.769517e-06	0.000000e+00	1.153021e-06
1.840000e+03	1.880000e+03	1.610256e-06	0.000000e+00	1.139829e-06
1.880000e+03	1.920000e+03	1.479034e-06	0.000000e+00	1.013510e-06
1.920000e+03	1.960000e+03	1.460854e-06	0.000000e+00	7.937250e-07
1.960000e+03	2.000000e+03	1.362602e-06	0.000000e+00	7.039945e-07
2.000000e+03	2.040000e+03	1.166292e-06	0.000000e+00	7.685455e-07
2.040000e+03	2.080000e+03	1.027046e-06	0.000000e+00	7.178198e-07
2.080000e+03	2.120000e+03	9.481260e-07	0.000000e+00	7.133078e-07
2.120000e+03	2.160000e+03	9.197330e-07	0.000000e+00	5.342863e-07
2.160000e+03	2.200000e+03	7.792475e-07	0.000000e+00	6.015587e-07
2.200000e+03	2.240000e+03	7.020213e-07	0.000000e+00	5.177185e-07
2.240000e+03	2.280000e+03	7.431478e-07	0.000000e+00	3.752882e-07
2.280000e+03	2.320000e+03	6.299395e-07	0.000000e+00	3.681307e-07
2.320000e+03	2.360000e+03	5.891280e-07	0.000000e+00	3.460970e-07
2.360000e+03	2.400000e+03	4.799928e-07	0.000000e+00	4.172052e-07
2.400000e+03	2.440000e+03	4.610213e-07	0.000000e+00	3.626568e-07
2.440000e+03	2.480000e+03	4.538678e-07	0.000000e+00	2.897717e-07
2.480000e+03	2.520000e+03	3.849018e-07	0.000000e+00	2.493728e-07
2.520000e+03	2.560000e+03	3.245395e-07	0.000000e+00	2.717025e-07
2.560000e+03	2.600000e+03	3.142290e-07	0.000000e+00	2.447467e-07
2.600000e+03	2.640000e+03	3.458232e-07	0.000000e+00	1.861305e-07
2.640000e+03	2.680000e+03	2.640755e-07	0.000000e+00	2.246232e-07
2.680000e+03	2.720000e+03	2.634347e-07	0.000000e+00	1.968765e-07
2.720000e+03	2.760000e+03	2.190412e-07	0.000000e+00	1.768028e-07
2.760000e+03	2.800000e+03	1.946072e-07	0.000000e+00	1.677738e-07
2.800000e+03	2.840000e+03	1.802642e-07	0.000000e+00	1.425298e-07
2.840000e+03	2.880000e+03	1.820828e-07	0.000000e+00	1.179807e-07
2.880000e+03	2.920000e+03	1.912632e-07	0.000000e+00	8.565280e-08
2.920000e+03	2.960000e+03	1.323239e-07	0.000000e+00	1.200741e-07
2.960000e+03	3.000000e+03	1.277230e-07	0.000000e+00	1.000245e-07
3.000000e+03	3.040000e+03	1.178721e-07	0.000000e+00	1.105608e-07
3.040000e+03	3.080000e+03	9.888362e-08	0.000000e+00	1.008545e-07
3.080000e+03	3.120000e+03	9.204917e-08	0.000000e+00	7.646858e-08
3.120000e+03	3.160000e+03	8.804777e-08	0.000000e+00	7.561560e-08
3.160000e+03	3.200000e+03	8.531203e-08	0.000000e+00	5.133885e-08
3.200000e+03	3.240000e+03	6.063432e-08	0.000000e+00	7.741440e-08
3.240000e+03	3.280000e+03	1.006941e-07	1.365690e-08	1.126330e-08
3.280000e+03	3.320000e+03	5.695823e-08	0.000000e+00	3.200997e-08
3.320000e+03	3.360000e+03	5.773803e-08	0.000000e+00	3.152357e-08
3.360000e+03	3.400000e+03	6.431377e-08	3.578175e-09	1.858673e-08
3.400000e+03	3.440000e+03	5.674025e-08	0.000000e+00	3.021865e-08
3.440000e+03	3.480000e+03	3.640668e-08	0.000000e+00	2.776570e-08
3.480000e+03	3.520000e+03	4.203287e-08	0.000000e+00	1.562635e-08
3.520000e+03	3.560000e+03	3.660757e-08	0.000000e+00	2.491680e-08
3.560000e+03	3.600000e+03	4.405410e-08	0.000000e+00	5.209525e-09
3.600000e+03	3.640000e+03	4.007257e-08	3.132725e-09	8.925475e-09
3.640000e+03	3.680000e+03	2.764235e-08	0.000000e+00	1.133122e-08
3.680000e+03	3.720000e+03	2.537153e-08	0.000000e+00	1.640942e-08
3.720000e+03	3.760000e+03	2.062942e-08	0.000000e+00	2.534768e-08
3.760000e+03	3.800000e+03	1.999976e-08	0.000000e+00	9.534918e-09
3.800000e+03	3.840000e+03	2.208495e-08	0.000000e+00	6.183748e-09
3.840000e+03	3.880000e+03	1.747765e-08	0.000000e+00	9.829253e-09
3.880000e+03	3.920000e+03	1.180561e-08	0.000000e+00	9.685905e-09
3.920000e+03	3.960000e+03	1.159063e-08	0.000000e+00	1.221244e-08
3.960000e+03	4.000000e+03	7.028303e-09	0.000000e+00	2.386192e-08
4.000000e+03	4.040000e+03	8.581992e-09	0.000000e+00	1.104112e-08
4.040000e+03	4.080000e+03	7.075610e-09	0.000000e+00	7.431375e-09
4.080000e+03	4.120000e+03	8.414025e-09	0.000000e+00	7.374370e-09
4.120000e+03	4.160000e+03	7.720712e-09	0.000000e+00	3.457480e-09
4.160000e+03	4.200000e+03	6.507987e-09	2.458000e-10	9.345753e-09
4.200000e+03	4.240000e+03	5.763577e-09	0.000000e+00	3.184807e-09
4.240000e+03	4.280000e+03	5.433845e-09	0.000000e+00	1.888960e-09
4.280000e+03	4.320000e+03	7.104023e-09	0.000000e+00	3.090680e-09
4.320000e+03	4.360000e+03	5.407360e-09	0.000000e+00	8.975000e-10
4.360000e+03	4.400000e+03	2.873337e-09	0.000000e+00	5.709650e-09
4.400000e+03	4.440000e+03	5.710180e-09	2.275442e-09	1.317102e-09
4.440000e+03	4.480000e+03	2.509865e-09	0.000000e+00	3.106648e-09
4.480000e+03	4.520000e+03	3.402600e-09	0.000000e+00	1.015220e-09
4.520000e+03	4.560000e+03	3.014795e-09	0.000000e+00	1.174713e-09
4.560000e+03	4.600000e+03	3.448215e-09	5.602725e-10	5.408750e-10
4.600000e+03	4.640000e+03	1.815374e-09	0.000000e+00	1.819289e-09
4.640000e+03	4.680000e+03	2.486254e-09	2.318285e-10	1.168170e-09
4.680000e+03	4.720000e+03	1.859793e-09	0.000000e+00	2.905579e-09
4.720000e+03	4.760000e+03	1.579364e-09	0.000000e+00	1.278649e-09
4.760000e+03	4.800000e+03	8.498070e-10	0.000000e+00	1.657858e-09
4.800000e+03	4.840000e+03	1.082200e-09	0.000000e+00	1.239777e-09
4.840000e+03	4.880000e+03	7.137318e-10	0.000000e+00	7.737470e-10
4.880000e+03	4.920000e+03	5.994002e-10	0.000000e+00	1.686145e-09
4.920000e+03	4.960000e+03	6.919257e-10	0.000000e+00	6.188830e-10
4.960000e+03	5.000000e+03	9.159430e-10	1.093560e-10	1.192678e-09
5.000000e+03	5.040000e+03	7.682267e-10	0.000000e+00	4.302443e-10
5.040000e+03	5.080000e+03	7.510420e-10	4.415448e-10	6.779372e-10
5.080000e+03	5.120000e+03	7.456213e-10	0.000000e+00	3.136597e-10
5.120000e+03	5.160000e+03	5.107413e-10	1.980841e-09	8.792075e-11
5.160000e+03	5.200000e+03	3.290880e-10	0.000000e+00	6.399790e-10
5.200000e+03	5.240000e+03	2.892960e-10	0.000000e+00	2.949575e-10
5.240000e+03	5.280000e+03	8.624322e-11	0.000000e+00	7.328615e-10
5.280000e+03	5.320000e+03	1.511809e-10	0.000000e+00	3.574621e-10
5.320000e+03	5.360000e+03	4.036843e-10	1.352153e-10	6.226800e-11
5.360000e+03	5.400000e+03	2.859620e-10	1.219120e-10	0.000000e+00
5.400000e+03	5.440000e+03	2.039680e-10	0.000000e+00	2.777347e-10
5.440000e+03	5.480000e+03	3.252420e-10	3.785195e-10	2.092640e-10
5.480000e+03	5.520000e+03	3.332092e-10	1.069616e-10	0.000000e+00
5.520000e+03	5.560000e+03	2.413852e-10	2.217482e-10	0.000000e+00
5.560000e+03	5.600000e+03	5.564158e-10	3.357605e-10	0.000000e+00
5.600000e+03	5.640000e+03	4.604570e-11	3.284275e-11	2.016553e-10
5.640000e+03	5.680000e+03	1.124192e-10	0.000000e+00	2.827145e-10
5.680000e+03	5.720000e+03	6.557432e-11	0.000000e+00	6.974883e-11
5.720000e+03	5.760000e+03	1.620442e-10	0.000000e+00	2.074446e-10
5.760000e+03	5.800000e+03	1.805653e-11	0.000000e+00	1.226716e-10
5.800000e+03	5.840000e+03	7.236988e-11	0.000000e+00	3.694869e-10
5.840000e+03	5.880000e+03	3.263433e-10	2.926754e-10	9.972077e-10
5.880000e+03	5.920000e+03	2.215040e-11	1.084079e-11	1.172581e-10
5.920000e+03	5.960000e+03	5.434553e-11	4.217828e-11	0.000000e+00
5.960000e+03	6.000000e+03	3.801595e-11	1.569300e-12	1.556133e-11
# END HISTO1D


# BEGIN HISTO1D //homes/tinghua1/Merging-Project/Production/HJETS/ratio-plots/hjets-matched-errorband/H3Jets-NLOPS-combine.yoda/MC_H2JETS_04_INC/j1j4_mass
ErrorBandColor=red
ErrorBandOpacity=0.3
ErrorBands=1
ErrorType=env
LineColor=red
LineStyle=solid
Path=//homes/tinghua1/Merging-Project/Production/HJETS/ratio-plots/hjets-matched-errorband/H3Jets-NLOPS-combine.yoda/MC_H2JETS_04_INC/j1j4_mass
RatioPlotSameStyle=1
Title=h(3*) $\oplus$ PS
# xlow	 xhigh	 val	 errminus	 errplus
0.000000e+00	4.000000e+01	2.784120e-04	3.645750e-06	0.000000e+00
4.000000e+01	8.000000e+01	8.251250e-04	2.214975e-05	0.000000e+00
8.000000e+01	1.200000e+02	8.601632e-04	5.030000e-06	7.196500e-06
1.200000e+02	1.600000e+02	6.548730e-04	2.384700e-05	1.500000e-06
1.600000e+02	2.000000e+02	4.625312e-04	2.127325e-05	1.272300e-05
2.000000e+02	2.400000e+02	3.177370e-04	5.237500e-06	1.154000e-05
2.400000e+02	2.800000e+02	2.343312e-04	5.264400e-06	6.876675e-06
2.800000e+02	3.200000e+02	1.731825e-04	0.000000e+00	4.814825e-06
3.200000e+02	3.600000e+02	1.453209e-04	4.896425e-06	4.835125e-06
3.600000e+02	4.000000e+02	1.142010e-04	3.070550e-06	6.861525e-06
4.000000e+02	4.400000e+02	9.250878e-05	1.744000e-07	8.436300e-06
4.400000e+02	4.800000e+02	8.285658e-05	7.732875e-06	3.323850e-06
4.800000e+02	5.200000e+02	6.928940e-05	2.879200e-06	4.312273e-05
5.200000e+02	5.600000e+02	5.986557e-05	1.463350e-06	1.673675e-06
5.600000e+02	6.000000e+02	5.301145e-05	5.509000e-07	9.513250e-07
6.000000e+02	6.400000e+02	4.777155e-05	2.849000e-06	0.000000e+00
6.400000e+02	6.800000e+02	4.077222e-05	3.593250e-07	0.000000e+00
6.800000e+02	7.200000e+02	3.712428e-05	2.844650e-06	0.000000e+00
7.200000e+02	7.600000e+02	3.260060e-05	7.349500e-07	5.220000e-07
7.600000e+02	8.000000e+02	2.821742e-05	3.792000e-07	0.000000e+00
8.000000e+02	8.400000e+02	2.373367e-05	0.000000e+00	3.373157e-06
8.400000e+02	8.800000e+02	2.245919e-05	5.139525e-07	0.000000e+00
8.800000e+02	9.200000e+02	2.086989e-05	1.073910e-06	1.521305e-06
9.200000e+02	9.600000e+02	1.827096e-05	2.097107e-06	0.000000e+00
9.600000e+02	1.000000e+03	1.676271e-05	1.483425e-07	0.000000e+00
1.000000e+03	1.040000e+03	1.482250e-05	1.030775e-07	7.027250e-07
1.040000e+03	1.080000e+03	1.421870e-05	1.195778e-06	0.000000e+00
1.080000e+03	1.120000e+03	1.196167e-05	7.742300e-07	0.000000e+00
1.120000e+03	1.160000e+03	1.132116e-05	2.737375e-07	5.487425e-07
1.160000e+03	1.200000e+03	1.070223e-05	1.013780e-06	0.000000e+00
1.200000e+03	1.240000e+03	9.610453e-06	1.041698e-06	0.000000e+00
1.240000e+03	1.280000e+03	1.114578e-05	3.074180e-06	0.000000e+00
1.280000e+03	1.320000e+03	8.267043e-06	3.310730e-06	0.000000e+00
1.320000e+03	1.360000e+03	7.147527e-06	1.370647e-06	0.000000e+00
1.360000e+03	1.400000e+03	6.497902e-06	2.509325e-07	3.389750e-08
1.400000e+03	1.440000e+03	5.812060e-06	3.870125e-07	9.690625e-07
1.440000e+03	1.480000e+03	5.186413e-06	0.000000e+00	9.302000e-07
1.480000e+03	1.520000e+03	4.700497e-06	2.191700e-07	3.447000e-08
1.520000e+03	1.560000e+03	5.138232e-06	1.009320e-06	0.000000e+00
1.560000e+03	1.600000e+03	3.928780e-06	0.000000e+00	1.176800e-07
1.600000e+03	1.640000e+03	9.773938e-06	6.450033e-06	0.000000e+00
1.640000e+03	1.680000e+03	3.302737e-06	0.000000e+00	8.756850e-07
1.680000e+03	1.720000e+03	3.278557e-06	3.277725e-07	7.842250e-08
1.720000e+03	1.760000e+03	2.685878e-06	0.000000e+00	2.727775e-07
1.760000e+03	1.800000e+03	2.739945e-06	9.310750e-08	1.686300e-07
1.800000e+03	1.840000e+03	2.575573e-06	5.581137e-07	0.000000e+00
1.840000e+03	1.880000e+03	2.298952e-06	1.034475e-07	1.178267e-07
1.880000e+03	1.920000e+03	1.478768e-06	8.337125e-08	4.359125e-07
1.920000e+03	1.960000e+03	1.994207e-06	5.572365e-07	7.801200e-08
1.960000e+03	2.000000e+03	1.770439e-06	2.485675e-08	3.173847e-07
2.000000e+03	2.040000e+03	1.541597e-06	7.406065e-07	6.013000e-09
2.040000e+03	2.080000e+03	1.576971e-06	1.976260e-07	5.074075e-08
2.080000e+03	2.120000e+03	1.348931e-06	2.968600e-08	3.550262e-07
2.120000e+03	2.160000e+03	1.439789e-06	2.781380e-07	0.000000e+00
2.160000e+03	2.200000e+03	1.613862e-06	3.802217e-07	0.000000e+00
2.200000e+03	2.240000e+03	1.108092e-06	0.000000e+00	1.588920e-07
2.240000e+03	2.280000e+03	1.055462e-06	2.938290e-07	0.000000e+00
2.280000e+03	2.320000e+03	9.347093e-07	3.029705e-07	3.708550e-08
2.320000e+03	2.360000e+03	1.051547e-06	2.602112e-07	0.000000e+00
2.360000e+03	2.400000e+03	6.168778e-07	2.631068e-07	0.000000e+00
2.400000e+03	2.440000e+03	7.310383e-07	1.054180e-07	0.000000e+00
2.440000e+03	2.480000e+03	6.385992e-07	1.020365e-07	1.460443e-07
2.480000e+03	2.520000e+03	5.931695e-07	6.116800e-08	0.000000e+00
2.520000e+03	2.560000e+03	6.055435e-07	2.067915e-07	0.000000e+00
2.560000e+03	2.600000e+03	4.225775e-07	0.000000e+00	1.063540e-07
2.600000e+03	2.640000e+03	6.300107e-07	3.084257e-07	8.681500e-09
2.640000e+03	2.680000e+03	4.198125e-07	1.811450e-08	6.696175e-08
2.680000e+03	2.720000e+03	4.289677e-07	6.489925e-08	0.000000e+00
2.720000e+03	2.760000e+03	3.513285e-07	0.000000e+00	7.093950e-08
2.760000e+03	2.800000e+03	3.517735e-07	5.322050e-08	0.000000e+00
2.800000e+03	2.840000e+03	2.628195e-07	3.306715e-08	2.157600e-08
2.840000e+03	2.880000e+03	3.251428e-07	5.958900e-08	2.340175e-08
2.880000e+03	2.920000e+03	2.472290e-07	1.367586e-07	1.919330e-08
2.920000e+03	2.960000e+03	2.554280e-07	8.381285e-08	0.000000e+00
2.960000e+03	3.000000e+03	3.483505e-07	1.823008e-07	0.000000e+00
3.000000e+03	3.040000e+03	1.821308e-07	2.460327e-08	9.298265e-08
3.040000e+03	3.080000e+03	1.478168e-07	1.513648e-08	7.193992e-08
3.080000e+03	3.120000e+03	1.921725e-07	5.987667e-08	2.809250e-08
3.120000e+03	3.160000e+03	1.945163e-07	7.526630e-08	0.000000e+00
3.160000e+03	3.200000e+03	1.472426e-07	3.418798e-08	0.000000e+00
3.200000e+03	3.240000e+03	1.341879e-07	3.262192e-08	0.000000e+00
3.240000e+03	3.280000e+03	1.063108e-07	0.000000e+00	2.530640e-08
3.280000e+03	3.320000e+03	6.681542e-08	0.000000e+00	4.401675e-08
3.320000e+03	3.360000e+03	1.128177e-07	4.683698e-08	5.216850e-09
3.360000e+03	3.400000e+03	6.057233e-08	0.000000e+00	3.905347e-08
3.400000e+03	3.440000e+03	9.049330e-08	2.835267e-08	0.000000e+00
3.440000e+03	3.480000e+03	5.978695e-08	2.217680e-08	6.313575e-09
3.480000e+03	3.520000e+03	8.734012e-08	3.465605e-08	7.677750e-10
3.520000e+03	3.560000e+03	4.670143e-08	3.966627e-08	0.000000e+00
3.560000e+03	3.600000e+03	3.281467e-08	0.000000e+00	2.735420e-08
3.600000e+03	3.640000e+03	-6.204748e-08	0.000000e+00	1.308967e-07
3.640000e+03	3.680000e+03	5.110585e-08	2.766545e-08	0.000000e+00
3.680000e+03	3.720000e+03	4.918662e-08	2.712080e-08	1.377110e-08
3.720000e+03	3.760000e+03	2.021046e-08	7.923201e-08	1.692321e-08
3.760000e+03	3.800000e+03	3.593203e-08	2.101529e-08	6.085475e-09
3.800000e+03	3.840000e+03	3.513013e-08	9.231175e-09	8.902725e-09
3.840000e+03	3.880000e+03	2.715547e-08	9.296968e-09	1.129910e-08
3.880000e+03	3.920000e+03	-1.185091e-08	0.000000e+00	4.105731e-08
3.920000e+03	3.960000e+03	1.786713e-08	0.000000e+00	1.189244e-08
3.960000e+03	4.000000e+03	1.853332e-08	9.976505e-09	2.110845e-09
4.000000e+03	4.040000e+03	1.625077e-08	0.000000e+00	1.001180e-08
4.040000e+03	4.080000e+03	4.975028e-08	4.040813e-08	0.000000e+00
4.080000e+03	4.120000e+03	1.690298e-08	1.670338e-08	0.000000e+00
4.120000e+03	4.160000e+03	1.945487e-08	1.066616e-08	0.000000e+00
4.160000e+03	4.200000e+03	1.955771e-08	1.242974e-08	0.000000e+00
4.200000e+03	4.240000e+03	1.086828e-08	3.120383e-09	7.332500e-09
4.240000e+03	4.280000e+03	1.796375e-08	1.675191e-08	0.000000e+00
4.280000e+03	4.320000e+03	6.495120e-09	3.190985e-09	0.000000e+00
4.320000e+03	4.360000e+03	1.049947e-08	1.504034e-08	0.000000e+00
4.360000e+03	4.400000e+03	6.567625e-09	0.000000e+00	1.585965e-09
4.400000e+03	4.440000e+03	4.685830e-09	1.595145e-09	8.684675e-10
4.440000e+03	4.480000e+03	5.822813e-09	0.000000e+00	8.482308e-09
4.480000e+03	4.520000e+03	-7.244385e-10	0.000000e+00	1.217877e-08
4.520000e+03	4.560000e+03	3.028175e-09	8.318213e-09	0.000000e+00
4.560000e+03	4.600000e+03	8.774403e-10	0.000000e+00	5.007942e-09
4.600000e+03	4.640000e+03	3.060370e-09	5.313475e-10	1.566346e-08
4.640000e+03	4.680000e+03	-1.866524e-09	5.363266e-09	5.525104e-09
4.680000e+03	4.720000e+03	3.562237e-09	0.000000e+00	2.848577e-09
4.720000e+03	4.760000e+03	1.215489e-09	0.000000e+00	4.130666e-09
4.760000e+03	4.800000e+03	3.683542e-09	1.096752e-09	2.901337e-09
4.800000e+03	4.840000e+03	2.728908e-09	1.797096e-09	0.000000e+00
4.840000e+03	4.880000e+03	2.053165e-09	1.375786e-09	0.000000e+00
4.880000e+03	4.920000e+03	3.180527e-09	8.734670e-10	1.305328e-09
4.920000e+03	4.960000e+03	2.515080e-09	9.684267e-10	5.603350e-10
4.960000e+03	5.000000e+03	1.583767e-10	0.000000e+00	2.660646e-09
5.000000e+03	5.040000e+03	-8.191337e-10	0.000000e+00	1.617498e-07
5.040000e+03	5.080000e+03	3.682163e-09	4.535397e-09	0.000000e+00
5.080000e+03	5.120000e+03	1.944238e-09	1.487451e-09	0.000000e+00
5.120000e+03	5.160000e+03	1.281486e-09	0.000000e+00	2.327353e-10
5.160000e+03	5.200000e+03	6.182945e-10	6.885777e-10	7.208613e-10
5.200000e+03	5.240000e+03	7.835990e-10	3.316640e-10	8.380128e-10
5.240000e+03	5.280000e+03	3.418047e-10	0.000000e+00	1.184927e-08
5.280000e+03	5.320000e+03	8.822798e-10	1.562859e-09	0.000000e+00
5.320000e+03	5.360000e+03	-5.814697e-10	0.000000e+00	1.808458e-09
5.360000e+03	5.400000e+03	7.775080e-10	1.558600e-10	5.432500e-13
5.400000e+03	5.440000e+03	5.822310e-10	3.181378e-10	4.500790e-10
5.440000e+03	5.480000e+03	4.255697e-10	0.000000e+00	1.519805e-09
5.480000e+03	5.520000e+03	2.281912e-10	1.452218e-09	4.680195e-10
5.520000e+03	5.560000e+03	1.352385e-10	1.445441e-10	9.890118e-10
5.560000e+03	5.600000e+03	2.674428e-10	0.000000e+00	7.260063e-10
5.600000e+03	5.640000e+03	2.095572e-10	0.000000e+00	3.954518e-10
5.640000e+03	5.680000e+03	3.320288e-10	1.656696e-10	0.000000e+00
5.680000e+03	5.720000e+03	6.162633e-10	5.775496e-10	0.000000e+00
5.720000e+03	5.760000e+03	-6.408832e-11	0.000000e+00	5.205153e-10
5.760000e+03	5.800000e+03	6.540190e-10	6.696314e-10	0.000000e+00
5.800000e+03	5.840000e+03	1.680819e-10	0.000000e+00	2.344921e-10
5.840000e+03	5.880000e+03	1.467456e-10	8.834277e-11	0.000000e+00
5.880000e+03	5.920000e+03	1.051627e-10	3.187000e-11	0.000000e+00
5.920000e+03	5.960000e+03	7.881795e-11	0.000000e+00	2.288746e-10
5.960000e+03	6.000000e+03	3.385642e-11	0.000000e+00	1.422674e-10
# END HISTO1D


# BEGIN HISTO1D //homes/tinghua1/Merging-Project/Production/HJETS/ratio-plots/hjets-matched-errorband/H2Jets-NLOPS-combine.yoda/MC_H2JETS_04_INC/j1j4_mass
ErrorBandColor=violet
ErrorBandOpacity=0.3
ErrorBands=1
ErrorType=env
LineColor=violet
LineStyle=solid
Path=//homes/tinghua1/Merging-Project/Production/HJETS/ratio-plots/hjets-matched-errorband/H2Jets-NLOPS-combine.yoda/MC_H2JETS_04_INC/j1j4_mass
RatioPlotSameStyle=1
Title=h(2*) $\oplus$ PS
# xlow	 xhigh	 val	 errminus	 errplus
0.000000e+00	4.000000e+01	2.294643e-04	2.220497e-05	4.252848e-05
4.000000e+01	8.000000e+01	6.635137e-04	8.109450e-05	1.113028e-04
8.000000e+01	1.200000e+02	6.803697e-04	6.846550e-05	9.042875e-05
1.200000e+02	1.600000e+02	4.854335e-04	6.078950e-05	7.394375e-05
1.600000e+02	2.000000e+02	3.339323e-04	4.289350e-05	5.378075e-05
2.000000e+02	2.400000e+02	2.326308e-04	3.091725e-05	4.345173e-05
2.400000e+02	2.800000e+02	1.704531e-04	2.345267e-05	3.044150e-05
2.800000e+02	3.200000e+02	1.294981e-04	1.814710e-05	2.798415e-05
3.200000e+02	3.600000e+02	1.031344e-04	1.344275e-05	1.831240e-05
3.600000e+02	4.000000e+02	8.282120e-05	1.035950e-05	1.683350e-05
4.000000e+02	4.400000e+02	6.971375e-05	9.627425e-06	1.294732e-05
4.400000e+02	4.800000e+02	6.076915e-05	1.032320e-05	9.639500e-06
4.800000e+02	5.200000e+02	5.001553e-05	7.116900e-06	1.028882e-05
5.200000e+02	5.600000e+02	4.359448e-05	6.369850e-06	8.085100e-06
5.600000e+02	6.000000e+02	3.767942e-05	5.172800e-06	7.879325e-06
6.000000e+02	6.400000e+02	3.321598e-05	4.634000e-06	6.919425e-06
6.400000e+02	6.800000e+02	2.958572e-05	4.443550e-06	5.815175e-06
6.800000e+02	7.200000e+02	2.640293e-05	4.136385e-06	4.537000e-06
7.200000e+02	7.600000e+02	2.329647e-05	3.289005e-06	4.562960e-06
7.600000e+02	8.000000e+02	2.084549e-05	3.149308e-06	3.919165e-06
8.000000e+02	8.400000e+02	1.843614e-05	2.668468e-06	3.688775e-06
8.400000e+02	8.800000e+02	1.653546e-05	2.339228e-06	3.387180e-06
8.800000e+02	9.200000e+02	1.493182e-05	2.281807e-06	2.956680e-06
9.200000e+02	9.600000e+02	1.349516e-05	2.012570e-06	2.747120e-06
9.600000e+02	1.000000e+03	1.218123e-05	1.803953e-06	2.676628e-06
1.000000e+03	1.040000e+03	1.105084e-05	1.694137e-06	2.315628e-06
1.040000e+03	1.080000e+03	9.806985e-06	1.071580e-06	2.387752e-06
1.080000e+03	1.120000e+03	8.918842e-06	1.166365e-06	1.857590e-06
1.120000e+03	1.160000e+03	8.157117e-06	1.234167e-06	1.205290e-06
1.160000e+03	1.200000e+03	7.528355e-06	1.149445e-06	1.546460e-06
1.200000e+03	1.240000e+03	6.685010e-06	1.001233e-06	1.780028e-06
1.240000e+03	1.280000e+03	6.086320e-06	8.812625e-07	1.416510e-06
1.280000e+03	1.320000e+03	5.596833e-06	9.057750e-07	1.308925e-06
1.320000e+03	1.360000e+03	5.056135e-06	6.784750e-07	1.112160e-06
1.360000e+03	1.400000e+03	4.697330e-06	7.511875e-07	8.907250e-07
1.400000e+03	1.440000e+03	4.202885e-06	5.390375e-07	8.780475e-07
1.440000e+03	1.480000e+03	3.820292e-06	5.064750e-07	8.562150e-07
1.480000e+03	1.520000e+03	3.573230e-06	6.004525e-07	6.425525e-07
1.520000e+03	1.560000e+03	3.213305e-06	4.629950e-07	6.893775e-07
1.560000e+03	1.600000e+03	2.944325e-06	4.645953e-07	6.282750e-07
1.600000e+03	1.640000e+03	2.799737e-06	4.957950e-07	4.385425e-07
1.640000e+03	1.680000e+03	2.512573e-06	4.307607e-07	5.099825e-07
1.680000e+03	1.720000e+03	2.312186e-06	3.545060e-07	4.097942e-07
1.720000e+03	1.760000e+03	2.098034e-06	3.489180e-07	3.714110e-07
1.760000e+03	1.800000e+03	1.876729e-06	3.030167e-07	3.561113e-07
1.800000e+03	1.840000e+03	1.722841e-06	2.563025e-07	3.668975e-07
1.840000e+03	1.880000e+03	1.582709e-06	2.147705e-07	4.283278e-07
1.880000e+03	1.920000e+03	1.534020e-06	3.216770e-07	3.714695e-07
1.920000e+03	1.960000e+03	1.357782e-06	2.441115e-07	2.156622e-07
1.960000e+03	2.000000e+03	1.305948e-06	2.765965e-07	2.016895e-07
2.000000e+03	2.040000e+03	1.210051e-06	2.466790e-07	1.340155e-07
2.040000e+03	2.080000e+03	1.045401e-06	1.856895e-07	1.443353e-07
2.080000e+03	2.120000e+03	9.310735e-07	1.377805e-07	2.498145e-07
2.120000e+03	2.160000e+03	8.480890e-07	1.331050e-07	3.213610e-07
2.160000e+03	2.200000e+03	8.326067e-07	1.711647e-07	1.683150e-07
2.200000e+03	2.240000e+03	7.280088e-07	1.004585e-07	1.417217e-07
2.240000e+03	2.280000e+03	6.819057e-07	1.195402e-07	1.201910e-07
2.280000e+03	2.320000e+03	5.676378e-07	5.206225e-08	1.431538e-07
2.320000e+03	2.360000e+03	5.401435e-07	8.334450e-08	1.518580e-07
2.360000e+03	2.400000e+03	5.005493e-07	7.713800e-08	1.171550e-07
2.400000e+03	2.440000e+03	4.802287e-07	1.262075e-07	9.833550e-08
2.440000e+03	2.480000e+03	4.501210e-07	9.291875e-08	6.664950e-08
2.480000e+03	2.520000e+03	3.824970e-07	4.324550e-08	9.066625e-08
2.520000e+03	2.560000e+03	3.438015e-07	4.994575e-08	1.013730e-07
2.560000e+03	2.600000e+03	3.238085e-07	5.636975e-08	7.068800e-08
2.600000e+03	2.640000e+03	3.011100e-07	5.014325e-08	6.294850e-08
2.640000e+03	2.680000e+03	2.798390e-07	4.594792e-08	3.814050e-08
2.680000e+03	2.720000e+03	2.460902e-07	3.603073e-08	7.496557e-08
2.720000e+03	2.760000e+03	2.137452e-07	3.012202e-08	7.146530e-08
2.760000e+03	2.800000e+03	2.100349e-07	3.483825e-08	4.992215e-08
2.800000e+03	2.840000e+03	1.855767e-07	1.587897e-08	3.148538e-08
2.840000e+03	2.880000e+03	1.664025e-07	4.135468e-08	8.066460e-08
2.880000e+03	2.920000e+03	1.611332e-07	1.803175e-08	3.146735e-08
2.920000e+03	2.960000e+03	1.307882e-07	0.000000e+00	3.329145e-08
2.960000e+03	3.000000e+03	1.280138e-07	1.085963e-08	2.247362e-08
3.000000e+03	3.040000e+03	1.138387e-07	7.496750e-09	3.101277e-08
3.040000e+03	3.080000e+03	1.130220e-07	3.363083e-08	2.159355e-08
3.080000e+03	3.120000e+03	1.063464e-07	2.393115e-08	9.125825e-09
3.120000e+03	3.160000e+03	9.828458e-08	1.603975e-08	2.135855e-08
3.160000e+03	3.200000e+03	8.019127e-08	0.000000e+00	1.565768e-08
3.200000e+03	3.240000e+03	7.547583e-08	1.435130e-08	1.443620e-08
3.240000e+03	3.280000e+03	7.293105e-08	1.725733e-08	8.453925e-09
3.280000e+03	3.320000e+03	6.037155e-08	1.591550e-08	1.236902e-08
3.320000e+03	3.360000e+03	6.093220e-08	1.815868e-08	1.170540e-08
3.360000e+03	3.400000e+03	4.407645e-08	0.000000e+00	6.509392e-08
3.400000e+03	3.440000e+03	4.500390e-08	8.037700e-09	1.366445e-08
3.440000e+03	3.480000e+03	4.241985e-08	7.876150e-09	1.987467e-08
3.480000e+03	3.520000e+03	3.893307e-08	1.252617e-08	1.023413e-08
3.520000e+03	3.560000e+03	2.781350e-08	0.000000e+00	1.412468e-08
3.560000e+03	3.600000e+03	3.230208e-08	1.651575e-09	4.744250e-09
3.600000e+03	3.640000e+03	2.447543e-08	2.074458e-09	6.900720e-09
3.640000e+03	3.680000e+03	3.123618e-08	8.855430e-09	0.000000e+00
3.680000e+03	3.720000e+03	2.038792e-08	9.703000e-11	4.976802e-09
3.720000e+03	3.760000e+03	2.051735e-08	3.674975e-10	3.872563e-09
3.760000e+03	3.800000e+03	2.252751e-08	5.751903e-09	0.000000e+00
3.800000e+03	3.840000e+03	2.044683e-08	6.820020e-09	7.831750e-09
3.840000e+03	3.880000e+03	1.500759e-08	2.030257e-09	2.281948e-09
3.880000e+03	3.920000e+03	1.530629e-08	2.474640e-09	1.287123e-09
3.920000e+03	3.960000e+03	1.196967e-08	4.422600e-10	7.998650e-10
3.960000e+03	4.000000e+03	1.134038e-08	0.000000e+00	4.363923e-09
4.000000e+03	4.040000e+03	1.318830e-08	4.968002e-09	4.832125e-10
4.040000e+03	4.080000e+03	2.036334e-08	1.324043e-08	0.000000e+00
4.080000e+03	4.120000e+03	1.115723e-08	4.419050e-09	2.396073e-09
4.120000e+03	4.160000e+03	6.769832e-09	0.000000e+00	3.720148e-09
4.160000e+03	4.200000e+03	9.472107e-09	3.977850e-09	4.052653e-09
4.200000e+03	4.240000e+03	4.960525e-09	0.000000e+00	2.120640e-09
4.240000e+03	4.280000e+03	5.734618e-09	5.657275e-10	0.000000e+00
4.280000e+03	4.320000e+03	4.629312e-09	0.000000e+00	2.362682e-09
4.320000e+03	4.360000e+03	3.928135e-09	0.000000e+00	3.684675e-09
4.360000e+03	4.400000e+03	5.838845e-09	2.749507e-09	3.542875e-10
4.400000e+03	4.440000e+03	2.339182e-09	1.188835e-09	0.000000e+00
4.440000e+03	4.480000e+03	4.977342e-09	2.802580e-09	0.000000e+00
4.480000e+03	4.520000e+03	4.039208e-09	9.737625e-10	3.931225e-10
4.520000e+03	4.560000e+03	2.569490e-09	2.392850e-10	6.740100e-10
4.560000e+03	4.600000e+03	2.129342e-09	6.242048e-10	2.364625e-10
4.600000e+03	4.640000e+03	1.809675e-09	0.000000e+00	1.309825e-09
4.640000e+03	4.680000e+03	2.892705e-09	1.008890e-09	0.000000e+00
4.680000e+03	4.720000e+03	2.032001e-09	4.131012e-10	0.000000e+00
4.720000e+03	4.760000e+03	1.886813e-09	5.963435e-10	2.643830e-10
4.760000e+03	4.800000e+03	1.758417e-09	3.330685e-10	3.831640e-10
4.800000e+03	4.840000e+03	1.354272e-09	1.781160e-09	6.744083e-10
4.840000e+03	4.880000e+03	9.025085e-10	0.000000e+00	9.328715e-10
4.880000e+03	4.920000e+03	7.904292e-10	1.420250e-12	8.054335e-10
4.920000e+03	4.960000e+03	9.391723e-10	2.507508e-10	3.865775e-11
4.960000e+03	5.000000e+03	-1.984299e-09	0.000000e+00	3.172088e-09
5.000000e+03	5.040000e+03	6.781195e-10	4.472612e-10	9.791070e-10
5.040000e+03	5.080000e+03	9.847233e-10	6.033913e-10	8.290825e-11
5.080000e+03	5.120000e+03	4.915948e-10	1.350725e-11	2.404735e-10
5.120000e+03	5.160000e+03	6.326028e-10	3.560065e-10	2.251647e-10
5.160000e+03	5.200000e+03	3.929085e-10	1.613613e-10	2.308124e-09
5.200000e+03	5.240000e+03	3.174155e-10	0.000000e+00	1.034080e-10
5.240000e+03	5.280000e+03	2.405838e-10	0.000000e+00	7.424065e-10
5.280000e+03	5.320000e+03	3.211410e-10	0.000000e+00	5.259012e-10
5.320000e+03	5.360000e+03	2.685823e-10	3.196887e-11	8.199675e-11
5.360000e+03	5.400000e+03	1.877660e-10	6.532595e-11	1.340227e-10
5.400000e+03	5.440000e+03	3.104370e-10	0.000000e+00	1.355740e-10
5.440000e+03	5.480000e+03	2.775978e-10	1.418049e-10	1.201595e-10
5.480000e+03	5.520000e+03	2.867723e-10	1.628328e-10	0.000000e+00
5.520000e+03	5.560000e+03	1.596692e-10	4.499077e-10	1.901735e-11
5.560000e+03	5.600000e+03	1.459893e-10	0.000000e+00	5.834177e-11
5.600000e+03	5.640000e+03	1.340782e-10	4.108338e-11	0.000000e+00
5.640000e+03	5.680000e+03	1.017160e-09	9.163559e-10	0.000000e+00
5.680000e+03	5.720000e+03	9.125978e-11	2.918745e-11	4.475910e-11
5.720000e+03	5.760000e+03	1.076272e-10	0.000000e+00	8.210057e-11
5.760000e+03	5.800000e+03	1.009580e-10	0.000000e+00	6.244642e-11
5.800000e+03	5.840000e+03	1.463650e-10	5.777808e-11	0.000000e+00
5.840000e+03	5.880000e+03	-8.488135e-11	0.000000e+00	2.280544e-10
5.880000e+03	5.920000e+03	2.529688e-11	0.000000e+00	3.160200e-11
5.920000e+03	5.960000e+03	1.370167e-10	9.035185e-11	0.000000e+00
5.960000e+03	6.000000e+03	6.963607e-11	3.204717e-11	1.027766e-10
# END HISTO1D

