# BEGIN PLOT
Scale=1000.0
DrawOnly=//homes/tinghua1/Merging-Project/Production/HJETS/ratio-plots/hjets-matched-errorband/H-N2-N3-4-25gev-combine.yoda/MC_H2JETS_04_INC/j2j3_mass //homes/tinghua1/Merging-Project/Production/HJETS/ratio-plots/hjets-matched-errorband/H-N2-3-4-25gev-combine.yoda/MC_H2JETS_04_INC/j2j3_mass //homes/tinghua1/Merging-Project/Production/HJETS/ratio-plots/hjets-matched-errorband/H-2-3-4-25gev-combine.yoda/MC_H2JETS_04_INC/j2j3_mass //homes/tinghua1/Merging-Project/Production/HJETS/ratio-plots/hjets-matched-errorband/H-N2-3-25gev-combine.yoda/MC_H2JETS_04_INC/j2j3_mass //homes/tinghua1/Merging-Project/Production/HJETS/ratio-plots/hjets-matched-errorband/H-2-3-25gev-combine.yoda/MC_H2JETS_04_INC/j2j3_mass //homes/tinghua1/Merging-Project/Production/HJETS/ratio-plots/hjets-matched-errorband/H3Jets-NLOPS-combine.yoda/MC_H2JETS_04_INC/j2j3_mass //homes/tinghua1/Merging-Project/Production/HJETS/ratio-plots/hjets-matched-errorband/H2Jets-NLOPS-combine.yoda/MC_H2JETS_04_INC/j2j3_mass
RightMargin=0.5
RatioPlotReference=//homes/tinghua1/Merging-Project/Production/HJETS/ratio-plots/hjets-matched-errorband/H-N2-N3-4-25gev-combine.yoda/MC_H2JETS_04_INC/j2j3_mass
#RatioPlot=1
LogY=1
RatioPlotYMax=1.4
RatioPlotYLabel=Ratio
#LegendOnly=//homes/tinghua1/Merging-Project/Production/HJETS/ratio-plots/hjets-matched-errorband/H-N2-N3-4-25gev-combine.yoda/MC_H2JETS_04_INC/j2j3_mass //homes/tinghua1/Merging-Project/Production/HJETS/ratio-plots/hjets-matched-errorband/H-N2-3-4-25gev-combine.yoda/MC_H2JETS_04_INC/j2j3_mass //homes/tinghua1/Merging-Project/Production/HJETS/ratio-plots/hjets-matched-errorband/H-2-3-4-25gev-combine.yoda/MC_H2JETS_04_INC/j2j3_mass //homes/tinghua1/Merging-Project/Production/HJETS/ratio-plots/hjets-matched-errorband/H-N2-3-25gev-combine.yoda/MC_H2JETS_04_INC/j2j3_mass //homes/tinghua1/Merging-Project/Production/HJETS/ratio-plots/hjets-matched-errorband/H-2-3-25gev-combine.yoda/MC_H2JETS_04_INC/j2j3_mass //homes/tinghua1/Merging-Project/Production/HJETS/ratio-plots/hjets-matched-errorband/H3Jets-NLOPS-combine.yoda/MC_H2JETS_04_INC/j2j3_mass //homes/tinghua1/Merging-Project/Production/HJETS/ratio-plots/hjets-matched-errorband/H2Jets-NLOPS-combine.yoda/MC_H2JETS_04_INC/j2j3_mass
XLabel=$m_{j_2j_3}$ (GeV)
LegendAlign=r
XMax=1000.0
YLabel=$ \text{d} \sigma/ \text{d}  m_{j_2j_3}$ (fb/GeV)
Legend=0
RatioPlot=6
MainPlotSelection={"Selection":[1,2,3,4,5,6,7]}
RatioPlots={"RatioPlotYLabel":"","Selection":[1,2]};{"RatioPlotYLabel":"","Selection":[1,3]};{"RatioPlotYLabel":"","Selection":[1,4]};{"RatioPlotYLabel":"","Selection":[1,5]};{"RatioPlotYLabel":"","Selection":[1,6]};{"RatioPlotYLabel":"","Selection":[1,7]}
RatioPlotSameStyle=1
RatioPlotYMin=0.0
# END PLOT


# BEGIN SPECIAL /MC_H2JETS_04_INC/j2j3_mass
\rput[tl](0.05,0.75){\parbox{5cm}{\textcolor{gray}{{\bf Herwig 7.2.0} \\ HJETS/ColorFull}}}
# END SPECIAL

# BEGIN HISTO1D //homes/tinghua1/Merging-Project/Production/HJETS/ratio-plots/hjets-matched-errorband/H-N2-N3-4-25gev-combine.yoda/MC_H2JETS_04_INC/j2j3_mass
ErrorBandColor=orange
ErrorBandOpacity=0.3
ErrorBands=1
ErrorType=env
LineColor=orange
LineStyle=solid
Path=//homes/tinghua1/Merging-Project/Production/HJETS/ratio-plots/hjets-matched-errorband/H-N2-N3-4-25gev-combine.yoda/MC_H2JETS_04_INC/j2j3_mass
RatioPlotSameStyle=1
Title=h(2*,3*,4)
# xlow	 xhigh	 val	 errminus	 errplus
0.000000e+00	4.000000e+01	2.297717e-03	8.692225e-05	2.729905e-04
4.000000e+01	8.000000e+01	5.386892e-03	2.380025e-04	1.632600e-04
8.000000e+01	1.200000e+02	3.916695e-03	0.000000e+00	3.480000e-05
1.200000e+02	1.600000e+02	2.021779e-03	7.901675e-05	2.916450e-05
1.600000e+02	2.000000e+02	1.316056e-03	4.837000e-05	0.000000e+00
2.000000e+02	2.400000e+02	9.609120e-04	2.614450e-05	3.800125e-05
2.400000e+02	2.800000e+02	7.916870e-04	1.463075e-05	0.000000e+00
2.800000e+02	3.200000e+02	6.305460e-04	2.629675e-05	2.239050e-05
3.200000e+02	3.600000e+02	5.632050e-04	3.768475e-05	6.904000e-06
3.600000e+02	4.000000e+02	4.446370e-04	4.362275e-05	1.372775e-05
4.000000e+02	4.400000e+02	4.161018e-04	1.489200e-05	7.936500e-06
4.400000e+02	4.800000e+02	3.774987e-04	1.398100e-05	7.352750e-06
4.800000e+02	5.200000e+02	3.305850e-04	7.033500e-06	2.707550e-05
5.200000e+02	5.600000e+02	3.061355e-04	1.866925e-05	0.000000e+00
5.600000e+02	6.000000e+02	2.887143e-04	2.865075e-05	0.000000e+00
6.000000e+02	6.400000e+02	2.484711e-04	1.133142e-05	2.067360e-05
6.400000e+02	6.800000e+02	2.188894e-04	3.558700e-06	2.282463e-05
6.800000e+02	7.200000e+02	1.923957e-04	4.137500e-08	4.772375e-06
7.200000e+02	7.600000e+02	1.839850e-04	9.229400e-06	0.000000e+00
7.600000e+02	8.000000e+02	1.734742e-04	1.437337e-05	1.912400e-06
8.000000e+02	8.400000e+02	1.474798e-04	0.000000e+00	2.630595e-05
8.400000e+02	8.800000e+02	1.823839e-04	5.295815e-05	0.000000e+00
8.800000e+02	9.200000e+02	1.303565e-04	8.369550e-06	0.000000e+00
9.200000e+02	9.600000e+02	1.169572e-04	9.650875e-06	0.000000e+00
9.600000e+02	1.000000e+03	1.041804e-04	7.941700e-06	0.000000e+00
1.000000e+03	1.040000e+03	9.136982e-05	2.436075e-06	3.694825e-06
1.040000e+03	1.080000e+03	8.873220e-05	9.476300e-06	0.000000e+00
1.080000e+03	1.120000e+03	8.051990e-05	2.879475e-06	0.000000e+00
1.120000e+03	1.160000e+03	7.346860e-05	3.365175e-06	0.000000e+00
1.160000e+03	1.200000e+03	6.438195e-05	0.000000e+00	3.611200e-06
1.200000e+03	1.240000e+03	6.095920e-05	6.141050e-06	3.745650e-06
1.240000e+03	1.280000e+03	5.324525e-05	0.000000e+00	2.603200e-06
1.280000e+03	1.320000e+03	4.822720e-05	8.911750e-07	2.722825e-06
1.320000e+03	1.360000e+03	4.628502e-05	4.760500e-07	1.259000e-06
1.360000e+03	1.400000e+03	4.244403e-05	1.059825e-06	3.643750e-07
1.400000e+03	1.440000e+03	3.939518e-05	3.425100e-06	0.000000e+00
1.440000e+03	1.480000e+03	4.039700e-05	6.329825e-06	0.000000e+00
1.480000e+03	1.520000e+03	2.921758e-05	0.000000e+00	6.373525e-06
1.520000e+03	1.560000e+03	2.931225e-05	1.628400e-06	0.000000e+00
1.560000e+03	1.600000e+03	2.839570e-05	2.025075e-06	0.000000e+00
1.600000e+03	1.640000e+03	2.467579e-05	0.000000e+00	4.020850e-07
1.640000e+03	1.680000e+03	2.307036e-05	1.054973e-06	1.959360e-06
1.680000e+03	1.720000e+03	2.088083e-05	3.574000e-07	1.709377e-06
1.720000e+03	1.760000e+03	2.140851e-05	2.376402e-06	0.000000e+00
1.760000e+03	1.800000e+03	1.758181e-05	9.062350e-07	2.516575e-07
1.800000e+03	1.840000e+03	1.696049e-05	7.740625e-07	0.000000e+00
1.840000e+03	1.880000e+03	8.958565e-06	0.000000e+00	6.550005e-06
1.880000e+03	1.920000e+03	1.375765e-05	1.505062e-06	4.781825e-07
1.920000e+03	1.960000e+03	1.110479e-05	0.000000e+00	3.728515e-06
1.960000e+03	2.000000e+03	1.309457e-05	2.538470e-06	0.000000e+00
2.000000e+03	2.040000e+03	1.129720e-05	7.949875e-07	0.000000e+00
2.040000e+03	2.080000e+03	9.132507e-06	0.000000e+00	7.631900e-07
2.080000e+03	2.120000e+03	9.160285e-06	4.908100e-07	0.000000e+00
2.120000e+03	2.160000e+03	9.833910e-06	1.993940e-06	0.000000e+00
2.160000e+03	2.200000e+03	8.244492e-06	7.410225e-07	0.000000e+00
2.200000e+03	2.240000e+03	7.818097e-06	1.223770e-06	0.000000e+00
2.240000e+03	2.280000e+03	7.179292e-06	1.397327e-06	0.000000e+00
2.280000e+03	2.320000e+03	6.476300e-06	1.812727e-06	9.950000e-09
2.320000e+03	2.360000e+03	5.887335e-06	3.190500e-06	0.000000e+00
2.360000e+03	2.400000e+03	5.154585e-06	4.078250e-08	4.052425e-07
2.400000e+03	2.440000e+03	4.107633e-06	5.328750e-08	9.090600e-07
2.440000e+03	2.480000e+03	4.255327e-06	2.386475e-07	0.000000e+00
2.480000e+03	2.520000e+03	4.185232e-06	1.222395e-06	0.000000e+00
2.520000e+03	2.560000e+03	3.398382e-06	3.290603e-06	2.212675e-07
2.560000e+03	2.600000e+03	3.322562e-06	6.473125e-07	6.141800e-07
2.600000e+03	2.640000e+03	2.845088e-06	3.714250e-08	2.366950e-07
2.640000e+03	2.680000e+03	2.683105e-06	7.641500e-08	1.759900e-07
2.680000e+03	2.720000e+03	2.902638e-06	8.875158e-07	0.000000e+00
2.720000e+03	2.760000e+03	9.193087e-07	0.000000e+00	2.134934e-06
2.760000e+03	2.800000e+03	2.104793e-06	9.957400e-08	0.000000e+00
2.800000e+03	2.840000e+03	2.200050e-06	3.543010e-07	3.358655e-07
2.840000e+03	2.880000e+03	1.916586e-06	2.977841e-06	0.000000e+00
2.880000e+03	2.920000e+03	1.390818e-06	0.000000e+00	1.643028e-07
2.920000e+03	2.960000e+03	1.566468e-06	8.854450e-08	0.000000e+00
2.960000e+03	3.000000e+03	1.299608e-06	5.891150e-08	3.780137e-07
3.000000e+03	3.040000e+03	1.592328e-06	4.119765e-07	0.000000e+00
3.040000e+03	3.080000e+03	1.248457e-06	1.973075e-08	1.192441e-06
3.080000e+03	3.120000e+03	9.884315e-07	2.094910e-07	1.012615e-07
3.120000e+03	3.160000e+03	8.994247e-07	1.997552e-07	0.000000e+00
3.160000e+03	3.200000e+03	9.942787e-07	2.374097e-07	0.000000e+00
3.200000e+03	3.240000e+03	7.995635e-07	1.445542e-07	0.000000e+00
3.240000e+03	3.280000e+03	7.413632e-07	1.933470e-07	0.000000e+00
3.280000e+03	3.320000e+03	6.720830e-07	8.411350e-08	8.933500e-09
3.320000e+03	3.360000e+03	1.018742e-06	6.947293e-07	0.000000e+00
3.360000e+03	3.400000e+03	5.675705e-07	0.000000e+00	2.722467e-07
3.400000e+03	3.440000e+03	4.563318e-07	2.434325e-08	1.092600e-08
3.440000e+03	3.480000e+03	4.440412e-07	1.090800e-08	1.155175e-08
3.480000e+03	3.520000e+03	5.334463e-07	2.035990e-07	0.000000e+00
3.520000e+03	3.560000e+03	4.530200e-07	3.042802e-07	0.000000e+00
3.560000e+03	3.600000e+03	2.601432e-07	0.000000e+00	6.218800e-08
3.600000e+03	3.640000e+03	-1.151882e-07	0.000000e+00	4.119099e-07
3.640000e+03	3.680000e+03	3.001460e-07	3.736750e-09	2.966250e-09
3.680000e+03	3.720000e+03	3.251702e-07	1.318993e-07	0.000000e+00
3.720000e+03	3.760000e+03	5.087617e-07	2.882647e-07	0.000000e+00
3.760000e+03	3.800000e+03	2.185887e-07	3.107425e-09	9.172582e-08
3.800000e+03	3.840000e+03	1.940544e-07	4.676725e-09	0.000000e+00
3.840000e+03	3.880000e+03	2.109326e-07	6.357800e-08	0.000000e+00
3.880000e+03	3.920000e+03	1.820188e-07	5.207615e-08	0.000000e+00
3.920000e+03	3.960000e+03	1.745044e-07	1.477580e-08	4.099952e-08
3.960000e+03	4.000000e+03	1.355878e-07	0.000000e+00	1.805268e-08
4.000000e+03	4.040000e+03	1.126902e-07	2.330035e-08	5.783325e-08
4.040000e+03	4.080000e+03	1.398662e-07	6.567032e-08	0.000000e+00
4.080000e+03	4.120000e+03	6.204222e-08	6.062550e-09	4.632100e-09
4.120000e+03	4.160000e+03	1.204638e-07	2.253835e-08	0.000000e+00
4.160000e+03	4.200000e+03	8.316037e-08	0.000000e+00	9.018925e-09
4.200000e+03	4.240000e+03	7.547283e-08	4.179000e-10	6.505650e-09
4.240000e+03	4.280000e+03	7.388405e-08	3.380015e-08	0.000000e+00
4.280000e+03	4.320000e+03	6.886747e-08	0.000000e+00	1.570829e-07
4.320000e+03	4.360000e+03	7.077680e-08	1.789710e-08	0.000000e+00
4.360000e+03	4.400000e+03	6.481722e-08	3.618273e-08	0.000000e+00
4.400000e+03	4.440000e+03	1.384497e-08	0.000000e+00	4.558005e-08
4.440000e+03	4.480000e+03	1.145752e-07	8.630170e-08	0.000000e+00
4.480000e+03	4.520000e+03	2.955035e-08	0.000000e+00	1.562471e-07
4.520000e+03	4.560000e+03	6.422595e-08	4.778506e-08	1.739247e-08
4.560000e+03	4.600000e+03	5.145520e-08	2.158052e-08	0.000000e+00
4.600000e+03	4.640000e+03	2.725565e-08	1.192566e-08	0.000000e+00
4.640000e+03	4.680000e+03	4.866670e-08	3.987717e-08	0.000000e+00
4.680000e+03	4.720000e+03	1.493537e-08	1.116158e-08	2.337380e-08
4.720000e+03	4.760000e+03	3.334708e-08	3.015889e-08	0.000000e+00
4.760000e+03	4.800000e+03	2.641992e-08	5.241440e-09	2.571743e-08
4.800000e+03	4.840000e+03	3.034442e-08	1.616929e-08	0.000000e+00
4.840000e+03	4.880000e+03	2.178215e-08	1.472865e-08	0.000000e+00
4.880000e+03	4.920000e+03	1.302805e-08	0.000000e+00	6.870562e-09
4.920000e+03	4.960000e+03	2.647457e-09	2.021486e-08	3.949077e-09
4.960000e+03	5.000000e+03	8.894135e-09	0.000000e+00	2.128897e-08
5.000000e+03	5.040000e+03	1.720830e-08	8.013020e-08	0.000000e+00
5.040000e+03	5.080000e+03	1.398523e-08	5.443907e-09	0.000000e+00
5.080000e+03	5.120000e+03	8.886310e-09	0.000000e+00	5.116805e-09
5.120000e+03	5.160000e+03	8.288938e-09	2.046320e-09	5.792050e-10
5.160000e+03	5.200000e+03	9.695720e-09	2.582240e-09	0.000000e+00
5.200000e+03	5.240000e+03	8.823137e-09	1.191467e-09	3.660227e-09
5.240000e+03	5.280000e+03	8.520725e-09	1.023075e-09	2.619670e-09
5.280000e+03	5.320000e+03	6.152355e-09	2.616508e-09	0.000000e+00
5.320000e+03	5.360000e+03	1.002960e-08	4.876417e-09	0.000000e+00
5.360000e+03	5.400000e+03	5.981275e-09	4.206745e-09	0.000000e+00
5.400000e+03	5.440000e+03	2.820183e-09	0.000000e+00	3.045697e-09
5.440000e+03	5.480000e+03	1.544480e-08	1.164118e-08	0.000000e+00
5.480000e+03	5.520000e+03	3.333228e-09	1.813191e-09	3.059850e-10
5.520000e+03	5.560000e+03	8.310428e-10	0.000000e+00	2.751212e-09
5.560000e+03	5.600000e+03	5.233903e-09	4.749539e-09	0.000000e+00
5.600000e+03	5.640000e+03	1.112270e-08	8.155395e-09	0.000000e+00
5.640000e+03	5.680000e+03	3.986728e-09	2.149281e-09	0.000000e+00
5.680000e+03	5.720000e+03	2.448898e-09	1.431226e-09	3.043914e-09
5.720000e+03	5.760000e+03	2.799323e-09	9.774500e-10	8.526475e-10
5.760000e+03	5.800000e+03	4.921853e-09	6.354407e-09	0.000000e+00
5.800000e+03	5.840000e+03	1.676732e-09	1.403423e-09	8.189585e-10
5.840000e+03	5.880000e+03	1.289960e-09	2.573370e-10	1.671770e-10
5.880000e+03	5.920000e+03	-4.901695e-10	5.023860e-10	1.822994e-09
5.920000e+03	5.960000e+03	1.064339e-09	0.000000e+00	7.721370e-10
5.960000e+03	6.000000e+03	7.781707e-10	4.164217e-10	5.522305e-10
# END HISTO1D


# BEGIN HISTO1D //homes/tinghua1/Merging-Project/Production/HJETS/ratio-plots/hjets-matched-errorband/H-N2-3-4-25gev-combine.yoda/MC_H2JETS_04_INC/j2j3_mass
ErrorBandColor=blue
ErrorBandOpacity=0.3
ErrorBands=1
ErrorType=env
LineColor=blue
LineStyle=solid
Path=//homes/tinghua1/Merging-Project/Production/HJETS/ratio-plots/hjets-matched-errorband/H-N2-3-4-25gev-combine.yoda/MC_H2JETS_04_INC/j2j3_mass
RatioPlotSameStyle=1
Title=h(2*,3,4)
# xlow	 xhigh	 val	 errminus	 errplus
0.000000e+00	4.000000e+01	2.314455e-03	6.269300e-05	2.073500e-04
4.000000e+01	8.000000e+01	5.171160e-03	3.392600e-04	3.863875e-04
8.000000e+01	1.200000e+02	3.782223e-03	1.581100e-04	1.625925e-04
1.200000e+02	1.600000e+02	1.960252e-03	1.420605e-04	1.461940e-04
1.600000e+02	2.000000e+02	1.285391e-03	9.306575e-05	1.036770e-04
2.000000e+02	2.400000e+02	9.501025e-04	6.262750e-05	7.489000e-05
2.400000e+02	2.800000e+02	7.659468e-04	6.750525e-05	4.380625e-05
2.800000e+02	3.200000e+02	6.280458e-04	3.994550e-05	5.044450e-05
3.200000e+02	3.600000e+02	5.352385e-04	3.425325e-05	4.763725e-05
3.600000e+02	4.000000e+02	4.736777e-04	3.720125e-05	3.227525e-05
4.000000e+02	4.400000e+02	4.204508e-04	3.632000e-05	3.040250e-05
4.400000e+02	4.800000e+02	3.697385e-04	2.997225e-05	2.363475e-05
4.800000e+02	5.200000e+02	3.266090e-04	2.216100e-05	2.798775e-05
5.200000e+02	5.600000e+02	2.976100e-04	2.400225e-05	1.711425e-05
5.600000e+02	6.000000e+02	2.656625e-04	1.998030e-05	1.850675e-05
6.000000e+02	6.400000e+02	2.435056e-04	1.959333e-05	1.449517e-05
6.400000e+02	6.800000e+02	2.140874e-04	1.648428e-05	1.308985e-05
6.800000e+02	7.200000e+02	1.937620e-04	1.613310e-05	1.826567e-05
7.200000e+02	7.600000e+02	1.752206e-04	1.512153e-05	1.618647e-05
7.600000e+02	8.000000e+02	1.592404e-04	1.415555e-05	1.365027e-05
8.000000e+02	8.400000e+02	1.451550e-04	1.292740e-05	1.173435e-05
8.400000e+02	8.800000e+02	1.334499e-04	1.143205e-05	8.060800e-06
8.800000e+02	9.200000e+02	1.212876e-04	1.029818e-05	8.340625e-06
9.200000e+02	9.600000e+02	1.097493e-04	1.001570e-05	9.210750e-06
9.600000e+02	1.000000e+03	9.905013e-05	9.170325e-06	1.052760e-05
1.000000e+03	1.040000e+03	9.100990e-05	7.732000e-06	6.840150e-06
1.040000e+03	1.080000e+03	8.187215e-05	6.262075e-06	8.916225e-06
1.080000e+03	1.120000e+03	8.051383e-05	1.222548e-05	2.309775e-06
1.120000e+03	1.160000e+03	6.839060e-05	6.074750e-06	5.748025e-06
1.160000e+03	1.200000e+03	6.206673e-05	4.697850e-06	7.462075e-06
1.200000e+03	1.240000e+03	5.807823e-05	5.827900e-06	5.799175e-06
1.240000e+03	1.280000e+03	5.364962e-05	5.666650e-06	5.404050e-06
1.280000e+03	1.320000e+03	4.861090e-05	4.615350e-06	2.551075e-06
1.320000e+03	1.360000e+03	4.463727e-05	4.355000e-06	5.162425e-06
1.360000e+03	1.400000e+03	3.978085e-05	2.614550e-06	5.167850e-06
1.400000e+03	1.440000e+03	3.728725e-05	3.384650e-06	2.692475e-06
1.440000e+03	1.480000e+03	3.474837e-05	3.533550e-06	5.109525e-06
1.480000e+03	1.520000e+03	3.136010e-05	3.215450e-06	5.039150e-06
1.520000e+03	1.560000e+03	2.855378e-05	3.553475e-06	2.733025e-06
1.560000e+03	1.600000e+03	2.665110e-05	2.642648e-06	1.291685e-05
1.600000e+03	1.640000e+03	2.537605e-05	1.616003e-06	2.329775e-06
1.640000e+03	1.680000e+03	2.305676e-05	3.294782e-06	2.234313e-06
1.680000e+03	1.720000e+03	2.031120e-05	2.266527e-06	1.682590e-06
1.720000e+03	1.760000e+03	1.731256e-05	6.311625e-07	3.111503e-06
1.760000e+03	1.800000e+03	1.669843e-05	1.088085e-06	2.858620e-06
1.800000e+03	1.840000e+03	1.597766e-05	1.558700e-06	9.811075e-07
1.840000e+03	1.880000e+03	1.416677e-05	1.544995e-06	2.046825e-06
1.880000e+03	1.920000e+03	1.397879e-05	2.231478e-06	8.315775e-07
1.920000e+03	1.960000e+03	1.215155e-05	0.000000e+00	1.985615e-06
1.960000e+03	2.000000e+03	1.062205e-05	2.908000e-07	1.813795e-06
2.000000e+03	2.040000e+03	9.864435e-06	8.016050e-07	1.521390e-06
2.040000e+03	2.080000e+03	9.533635e-06	1.250040e-06	1.139828e-06
2.080000e+03	2.120000e+03	7.808785e-06	0.000000e+00	1.517705e-06
2.120000e+03	2.160000e+03	7.887660e-06	3.002650e-07	1.269453e-06
2.160000e+03	2.200000e+03	7.359795e-06	9.515175e-07	8.185500e-07
2.200000e+03	2.240000e+03	6.838192e-06	5.460125e-07	4.186600e-07
2.240000e+03	2.280000e+03	6.456128e-06	2.157350e-07	1.547525e-07
2.280000e+03	2.320000e+03	5.321617e-06	5.842000e-08	1.051567e-06
2.320000e+03	2.360000e+03	5.657007e-06	1.045465e-06	3.532925e-07
2.360000e+03	2.400000e+03	4.549277e-06	3.484500e-07	5.778425e-07
2.400000e+03	2.440000e+03	4.490740e-06	6.509825e-07	4.090700e-07
2.440000e+03	2.480000e+03	3.966322e-06	3.996325e-07	5.040200e-07
2.480000e+03	2.520000e+03	3.655300e-06	2.257600e-07	3.889425e-07
2.520000e+03	2.560000e+03	3.443547e-06	4.069075e-07	1.060175e-07
2.560000e+03	2.600000e+03	3.150710e-06	4.903050e-07	1.828000e-07
2.600000e+03	2.640000e+03	2.832065e-06	2.688125e-07	1.702525e-07
2.640000e+03	2.680000e+03	2.651040e-06	5.019720e-07	0.000000e+00
2.680000e+03	2.720000e+03	2.420536e-06	1.653418e-07	2.714792e-07
2.720000e+03	2.760000e+03	2.642765e-06	8.484773e-07	0.000000e+00
2.760000e+03	2.800000e+03	2.054204e-06	3.799360e-07	2.914450e-07
2.800000e+03	2.840000e+03	1.996162e-06	1.624475e-07	3.801875e-08
2.840000e+03	2.880000e+03	1.614865e-06	2.119225e-08	5.036762e-07
2.880000e+03	2.920000e+03	1.452978e-06	2.753325e-08	4.570670e-07
2.920000e+03	2.960000e+03	1.320754e-06	6.983075e-08	2.953202e-07
2.960000e+03	3.000000e+03	1.808055e-06	5.195303e-07	0.000000e+00
3.000000e+03	3.040000e+03	1.098354e-06	1.271915e-07	0.000000e+00
3.040000e+03	3.080000e+03	1.001632e-06	2.608112e-07	2.211092e-07
3.080000e+03	3.120000e+03	1.020571e-06	1.336292e-07	1.299058e-07
3.120000e+03	3.160000e+03	9.844852e-07	2.682987e-07	0.000000e+00
3.160000e+03	3.200000e+03	8.170738e-07	1.456990e-07	1.199127e-07
3.200000e+03	3.240000e+03	6.180808e-07	1.818250e-09	2.892715e-07
3.240000e+03	3.280000e+03	6.337720e-07	0.000000e+00	2.167618e-07
3.280000e+03	3.320000e+03	6.237025e-07	1.356830e-07	4.791325e-08
3.320000e+03	3.360000e+03	5.546043e-07	3.507625e-08	7.141800e-08
3.360000e+03	3.400000e+03	5.025837e-07	5.819500e-08	0.000000e+00
3.400000e+03	3.440000e+03	4.947840e-07	1.256388e-07	2.908900e-08
3.440000e+03	3.480000e+03	3.971955e-07	0.000000e+00	1.855665e-07
3.480000e+03	3.520000e+03	3.382605e-07	0.000000e+00	2.445000e-07
3.520000e+03	3.560000e+03	4.002592e-07	7.859600e-08	5.821275e-08
3.560000e+03	3.600000e+03	3.267690e-07	2.609300e-08	3.653625e-08
3.600000e+03	3.640000e+03	3.242633e-07	3.006300e-08	0.000000e+00
3.640000e+03	3.680000e+03	2.955165e-07	3.160000e-08	8.450050e-08
3.680000e+03	3.720000e+03	2.337920e-07	0.000000e+00	7.860052e-08
3.720000e+03	3.760000e+03	1.876453e-07	6.546200e-09	5.798485e-08
3.760000e+03	3.800000e+03	2.263507e-07	6.174182e-08	5.446955e-08
3.800000e+03	3.840000e+03	2.151145e-07	7.134650e-09	9.768475e-09
3.840000e+03	3.880000e+03	1.077172e-07	0.000000e+00	6.571658e-08
3.880000e+03	3.920000e+03	1.548230e-07	2.759023e-08	1.205950e-09
3.920000e+03	3.960000e+03	1.402457e-07	1.690137e-08	1.524415e-08
3.960000e+03	4.000000e+03	1.094956e-07	0.000000e+00	7.219083e-08
4.000000e+03	4.040000e+03	1.155369e-07	6.681625e-09	1.501455e-08
4.040000e+03	4.080000e+03	1.014413e-07	0.000000e+00	5.172107e-08
4.080000e+03	4.120000e+03	9.233517e-08	2.381882e-08	4.805730e-08
4.120000e+03	4.160000e+03	1.071205e-07	2.834707e-08	0.000000e+00
4.160000e+03	4.200000e+03	6.646390e-08	8.669500e-10	4.273630e-08
4.200000e+03	4.240000e+03	5.464463e-08	0.000000e+00	3.619798e-08
4.240000e+03	4.280000e+03	6.431535e-08	9.142075e-09	0.000000e+00
4.280000e+03	4.320000e+03	4.450633e-08	0.000000e+00	1.810200e-08
4.320000e+03	4.360000e+03	6.524417e-08	2.083735e-08	3.346885e-08
4.360000e+03	4.400000e+03	4.611160e-08	2.192116e-08	1.163720e-08
4.400000e+03	4.440000e+03	2.912992e-08	0.000000e+00	1.466840e-08
4.440000e+03	4.480000e+03	4.202768e-08	9.128075e-09	9.888450e-09
4.480000e+03	4.520000e+03	3.884990e-08	5.488415e-08	2.053850e-09
4.520000e+03	4.560000e+03	3.397642e-08	6.933750e-09	2.862850e-09
4.560000e+03	4.600000e+03	7.458520e-08	5.750705e-08	0.000000e+00
4.600000e+03	4.640000e+03	2.896770e-08	6.622170e-09	4.219625e-09
4.640000e+03	4.680000e+03	2.524233e-08	7.793450e-10	1.590245e-08
4.680000e+03	4.720000e+03	3.244923e-08	1.254396e-08	0.000000e+00
4.720000e+03	4.760000e+03	9.351203e-08	7.564853e-08	0.000000e+00
4.760000e+03	4.800000e+03	2.274807e-08	2.689326e-08	0.000000e+00
4.800000e+03	4.840000e+03	2.522917e-08	1.063320e-08	0.000000e+00
4.840000e+03	4.880000e+03	1.356197e-08	0.000000e+00	4.318857e-09
4.880000e+03	4.920000e+03	9.430855e-09	0.000000e+00	7.760047e-09
4.920000e+03	4.960000e+03	9.032928e-09	4.719530e-09	2.970135e-09
4.960000e+03	5.000000e+03	1.370261e-08	2.902238e-09	0.000000e+00
5.000000e+03	5.040000e+03	1.122524e-08	1.717698e-09	5.908893e-09
5.040000e+03	5.080000e+03	-1.128202e-08	0.000000e+00	2.319025e-08
5.080000e+03	5.120000e+03	1.520502e-08	9.389040e-09	0.000000e+00
5.120000e+03	5.160000e+03	7.168400e-09	0.000000e+00	4.262773e-09
5.160000e+03	5.200000e+03	7.687233e-09	2.521515e-09	0.000000e+00
5.200000e+03	5.240000e+03	9.067393e-09	3.681988e-09	9.358575e-10
5.240000e+03	5.280000e+03	6.396222e-09	3.779825e-10	0.000000e+00
5.280000e+03	5.320000e+03	1.088870e-08	5.466530e-09	0.000000e+00
5.320000e+03	5.360000e+03	3.673380e-09	0.000000e+00	2.789090e-09
5.360000e+03	5.400000e+03	6.488855e-09	1.764248e-09	1.204484e-08
5.400000e+03	5.440000e+03	1.159586e-08	6.945110e-09	0.000000e+00
5.440000e+03	5.480000e+03	2.703250e-09	1.344024e-09	4.778927e-09
5.480000e+03	5.520000e+03	4.046960e-09	1.041855e-09	0.000000e+00
5.520000e+03	5.560000e+03	2.860505e-09	7.110343e-10	2.464950e-10
5.560000e+03	5.600000e+03	2.204560e-09	0.000000e+00	3.684085e-09
5.600000e+03	5.640000e+03	3.035808e-09	1.395899e-08	0.000000e+00
5.640000e+03	5.680000e+03	4.252938e-09	2.266524e-09	0.000000e+00
5.680000e+03	5.720000e+03	1.163056e-09	0.000000e+00	1.215493e-09
5.720000e+03	5.760000e+03	7.417410e-10	0.000000e+00	1.607517e-09
5.760000e+03	5.800000e+03	1.659738e-09	1.312063e-10	1.155914e-09
5.800000e+03	5.840000e+03	-2.835105e-09	0.000000e+00	6.292660e-09
5.840000e+03	5.880000e+03	2.492472e-09	1.707970e-09	0.000000e+00
5.880000e+03	5.920000e+03	1.665833e-09	1.097365e-09	0.000000e+00
5.920000e+03	5.960000e+03	1.351302e-09	3.966512e-10	0.000000e+00
5.960000e+03	6.000000e+03	-1.114976e-09	0.000000e+00	3.341752e-09
# END HISTO1D


# BEGIN HISTO1D //homes/tinghua1/Merging-Project/Production/HJETS/ratio-plots/hjets-matched-errorband/H-2-3-4-25gev-combine.yoda/MC_H2JETS_04_INC/j2j3_mass
ErrorBandColor=yellow
ErrorBandOpacity=0.3
ErrorBands=1
ErrorType=env
LineColor=yellow
LineStyle=solid
Path=//homes/tinghua1/Merging-Project/Production/HJETS/ratio-plots/hjets-matched-errorband/H-2-3-4-25gev-combine.yoda/MC_H2JETS_04_INC/j2j3_mass
RatioPlotSameStyle=1
Title=h(2,3,4)
# xlow	 xhigh	 val	 errminus	 errplus
0.000000e+00	4.000000e+01	2.241925e-03	9.836250e-05	2.167570e-04
4.000000e+01	8.000000e+01	4.693518e-03	2.877775e-04	2.431350e-04
8.000000e+01	1.200000e+02	3.358325e-03	9.648250e-05	7.963750e-05
1.200000e+02	1.600000e+02	1.743042e-03	1.046005e-04	9.369050e-05
1.600000e+02	2.000000e+02	1.159593e-03	6.807425e-05	7.170050e-05
2.000000e+02	2.400000e+02	8.811850e-04	6.193050e-05	4.820150e-05
2.400000e+02	2.800000e+02	7.243120e-04	6.008975e-05	3.999775e-05
2.800000e+02	3.200000e+02	6.146253e-04	4.911125e-05	4.007700e-05
3.200000e+02	3.600000e+02	5.289790e-04	4.005450e-05	4.520550e-05
3.600000e+02	4.000000e+02	4.710720e-04	4.070850e-05	3.456425e-05
4.000000e+02	4.400000e+02	4.134855e-04	3.013400e-05	3.999125e-05
4.400000e+02	4.800000e+02	3.731822e-04	3.685450e-05	3.401150e-05
4.800000e+02	5.200000e+02	3.327440e-04	3.096550e-05	3.263500e-05
5.200000e+02	5.600000e+02	2.989195e-04	2.707950e-05	3.022725e-05
5.600000e+02	6.000000e+02	2.701850e-04	2.663470e-05	3.000000e-05
6.000000e+02	6.400000e+02	2.400168e-04	2.342030e-05	2.908517e-05
6.400000e+02	6.800000e+02	2.182983e-04	2.314533e-05	2.483762e-05
6.800000e+02	7.200000e+02	1.980155e-04	2.184010e-05	2.848790e-05
7.200000e+02	7.600000e+02	1.823085e-04	2.254945e-05	2.134887e-05
7.600000e+02	8.000000e+02	1.650214e-04	1.982360e-05	1.926682e-05
8.000000e+02	8.400000e+02	1.476323e-04	1.695343e-05	1.893432e-05
8.400000e+02	8.800000e+02	1.349744e-04	1.629895e-05	1.784605e-05
8.800000e+02	9.200000e+02	1.223588e-04	1.610093e-05	1.650230e-05
9.200000e+02	9.600000e+02	1.113386e-04	1.343663e-05	1.505932e-05
9.600000e+02	1.000000e+03	1.014712e-04	1.232805e-05	1.443370e-05
1.000000e+03	1.040000e+03	9.284202e-05	1.283850e-05	1.466053e-05
1.040000e+03	1.080000e+03	8.590228e-05	1.179995e-05	9.896225e-06
1.080000e+03	1.120000e+03	7.781053e-05	1.077543e-05	1.076570e-05
1.120000e+03	1.160000e+03	7.135350e-05	1.074703e-05	9.710950e-06
1.160000e+03	1.200000e+03	6.396927e-05	8.322175e-06	1.025973e-05
1.200000e+03	1.240000e+03	5.857185e-05	8.246900e-06	1.044455e-05
1.240000e+03	1.280000e+03	5.301505e-05	7.674475e-06	9.537550e-06
1.280000e+03	1.320000e+03	4.993032e-05	7.337000e-06	6.831850e-06
1.320000e+03	1.360000e+03	4.485762e-05	6.000100e-06	7.976125e-06
1.360000e+03	1.400000e+03	4.103140e-05	5.909325e-06	7.176475e-06
1.400000e+03	1.440000e+03	3.724358e-05	6.685900e-06	6.336125e-06
1.440000e+03	1.480000e+03	3.496940e-05	5.086400e-06	5.377950e-06
1.480000e+03	1.520000e+03	3.189225e-05	4.828100e-06	4.889175e-06
1.520000e+03	1.560000e+03	2.898875e-05	4.224320e-06	4.919750e-06
1.560000e+03	1.600000e+03	2.656735e-05	3.773473e-06	5.145625e-06
1.600000e+03	1.640000e+03	2.379842e-05	2.401805e-06	4.691153e-06
1.640000e+03	1.680000e+03	2.200186e-05	3.123418e-06	4.613570e-06
1.680000e+03	1.720000e+03	2.036496e-05	2.331483e-06	4.145248e-06
1.720000e+03	1.760000e+03	1.856859e-05	2.360175e-06	3.136225e-06
1.760000e+03	1.800000e+03	1.728492e-05	2.429095e-06	2.754858e-06
1.800000e+03	1.840000e+03	1.586367e-05	2.585430e-06	2.954265e-06
1.840000e+03	1.880000e+03	1.473159e-05	2.709805e-06	2.550102e-06
1.880000e+03	1.920000e+03	1.335045e-05	2.047055e-06	2.680448e-06
1.920000e+03	1.960000e+03	1.219797e-05	1.891440e-06	2.319490e-06
1.960000e+03	2.000000e+03	1.132808e-05	1.803225e-06	1.955370e-06
2.000000e+03	2.040000e+03	1.050609e-05	2.043715e-06	1.764413e-06
2.040000e+03	2.080000e+03	9.549292e-06	1.622202e-06	1.528572e-06
2.080000e+03	2.120000e+03	8.596222e-06	1.088960e-06	1.325048e-06
2.120000e+03	2.160000e+03	8.152318e-06	1.273128e-06	1.919855e-06
2.160000e+03	2.200000e+03	7.337480e-06	1.286890e-06	1.393728e-06
2.200000e+03	2.240000e+03	6.449932e-06	7.758450e-07	1.472755e-06
2.240000e+03	2.280000e+03	5.989942e-06	8.063400e-07	1.206473e-06
2.280000e+03	2.320000e+03	5.452160e-06	8.534350e-07	1.382215e-06
2.320000e+03	2.360000e+03	5.266273e-06	9.346150e-07	9.745075e-07
2.360000e+03	2.400000e+03	4.612775e-06	6.059675e-07	9.419450e-07
2.400000e+03	2.440000e+03	4.332380e-06	7.869850e-07	9.614100e-07
2.440000e+03	2.480000e+03	3.949970e-06	5.964400e-07	9.745100e-07
2.480000e+03	2.520000e+03	3.565050e-06	6.376925e-07	7.567100e-07
2.520000e+03	2.560000e+03	3.359290e-06	6.050925e-07	4.951675e-07
2.560000e+03	2.600000e+03	2.966448e-06	4.779650e-07	3.697875e-07
2.600000e+03	2.640000e+03	2.806270e-06	3.851458e-07	5.842925e-07
2.640000e+03	2.680000e+03	2.568290e-06	2.586473e-07	6.701125e-07
2.680000e+03	2.720000e+03	2.232517e-06	2.783103e-07	5.269375e-07
2.720000e+03	2.760000e+03	2.235104e-06	4.810920e-07	2.996710e-07
2.760000e+03	2.800000e+03	2.000054e-06	4.697275e-07	3.607330e-07
2.800000e+03	2.840000e+03	1.780500e-06	2.859982e-07	3.769322e-07
2.840000e+03	2.880000e+03	1.637883e-06	2.099758e-07	1.805938e-07
2.880000e+03	2.920000e+03	1.523943e-06	3.262643e-07	3.082145e-07
2.920000e+03	2.960000e+03	1.341401e-06	2.154215e-07	3.578582e-07
2.960000e+03	3.000000e+03	1.178945e-06	1.312742e-07	4.108045e-07
3.000000e+03	3.040000e+03	1.258444e-06	2.684792e-07	1.611665e-07
3.040000e+03	3.080000e+03	1.078542e-06	3.393370e-07	2.292940e-07
3.080000e+03	3.120000e+03	9.551892e-07	1.978205e-07	7.550325e-08
3.120000e+03	3.160000e+03	9.112645e-07	1.449730e-07	1.665693e-07
3.160000e+03	3.200000e+03	8.711673e-07	2.434745e-07	1.616450e-08
3.200000e+03	3.240000e+03	7.220582e-07	1.482930e-07	1.612765e-07
3.240000e+03	3.280000e+03	5.582558e-07	1.385725e-08	1.855573e-07
3.280000e+03	3.320000e+03	5.755488e-07	6.942100e-08	0.000000e+00
3.320000e+03	3.360000e+03	5.878958e-07	8.925275e-08	7.873150e-08
3.360000e+03	3.400000e+03	4.489275e-07	6.266000e-08	1.466402e-07
3.400000e+03	3.440000e+03	4.931822e-07	8.384425e-08	6.565250e-08
3.440000e+03	3.480000e+03	4.721725e-07	1.280318e-07	0.000000e+00
3.480000e+03	3.520000e+03	3.685408e-07	2.290783e-07	9.877950e-08
3.520000e+03	3.560000e+03	3.368810e-07	4.815750e-08	7.575900e-08
3.560000e+03	3.600000e+03	2.951612e-07	2.785925e-08	1.175365e-07
3.600000e+03	3.640000e+03	2.991200e-07	8.785873e-07	4.273375e-08
3.640000e+03	3.680000e+03	2.631047e-07	4.147470e-08	5.448475e-08
3.680000e+03	3.720000e+03	1.945269e-07	1.752823e-08	1.770151e-07
3.720000e+03	3.760000e+03	2.650245e-07	9.251505e-08	1.678725e-08
3.760000e+03	3.800000e+03	1.944104e-07	1.988508e-08	6.605458e-08
3.800000e+03	3.840000e+03	1.893514e-07	1.214648e-08	0.000000e+00
3.840000e+03	3.880000e+03	1.473080e-07	3.454750e-09	7.217043e-08
3.880000e+03	3.920000e+03	1.396814e-07	3.094477e-08	1.608350e-08
3.920000e+03	3.960000e+03	1.286910e-07	1.776900e-08	3.882348e-08
3.960000e+03	4.000000e+03	1.435480e-07	5.212880e-08	8.592800e-09
4.000000e+03	4.040000e+03	1.741489e-07	7.236433e-08	0.000000e+00
4.040000e+03	4.080000e+03	1.123251e-07	2.353250e-08	3.808275e-09
4.080000e+03	4.120000e+03	8.221945e-08	3.002457e-08	2.715325e-08
4.120000e+03	4.160000e+03	1.029516e-07	3.565435e-08	1.913450e-09
4.160000e+03	4.200000e+03	7.561420e-08	1.388343e-08	2.136727e-08
4.200000e+03	4.240000e+03	7.194640e-08	1.911500e-08	1.929843e-08
4.240000e+03	4.280000e+03	6.669965e-08	7.062728e-08	2.114667e-08
4.280000e+03	4.320000e+03	5.841468e-08	8.663300e-09	9.984550e-09
4.320000e+03	4.360000e+03	7.937267e-08	3.434117e-08	0.000000e+00
4.360000e+03	4.400000e+03	4.801565e-08	5.613575e-09	2.570355e-08
4.400000e+03	4.440000e+03	4.571420e-08	0.000000e+00	1.376818e-08
4.440000e+03	4.480000e+03	3.651952e-08	5.839975e-09	2.370748e-08
4.480000e+03	4.520000e+03	2.529560e-08	0.000000e+00	2.096467e-08
4.520000e+03	4.560000e+03	3.147622e-08	5.597350e-09	2.719778e-08
4.560000e+03	4.600000e+03	2.738985e-08	4.873697e-09	4.611600e-09
4.600000e+03	4.640000e+03	2.852040e-08	1.093189e-08	6.346975e-09
4.640000e+03	4.680000e+03	2.305667e-08	0.000000e+00	5.646383e-09
4.680000e+03	4.720000e+03	1.939956e-08	2.566145e-09	6.975042e-09
4.720000e+03	4.760000e+03	1.248113e-08	0.000000e+00	1.576976e-08
4.760000e+03	4.800000e+03	1.687438e-08	0.000000e+00	1.550470e-09
4.800000e+03	4.840000e+03	1.600543e-08	1.399885e-09	2.151277e-08
4.840000e+03	4.880000e+03	1.265251e-08	0.000000e+00	6.678465e-09
4.880000e+03	4.920000e+03	1.869933e-08	8.322257e-09	7.357375e-10
4.920000e+03	4.960000e+03	1.430144e-08	4.750902e-09	2.234326e-08
4.960000e+03	5.000000e+03	1.231146e-08	2.751272e-09	5.466268e-09
5.000000e+03	5.040000e+03	1.629349e-08	5.145803e-09	5.553667e-09
5.040000e+03	5.080000e+03	9.288898e-09	7.702488e-09	0.000000e+00
5.080000e+03	5.120000e+03	9.031770e-09	3.778533e-09	3.209675e-09
5.120000e+03	5.160000e+03	6.738530e-09	2.049647e-09	3.235205e-09
5.160000e+03	5.200000e+03	5.436988e-09	1.731155e-09	0.000000e+00
5.200000e+03	5.240000e+03	5.740583e-09	5.622550e-10	3.742090e-09
5.240000e+03	5.280000e+03	2.667665e-09	0.000000e+00	2.986482e-09
5.280000e+03	5.320000e+03	4.747818e-09	3.660800e-10	7.276075e-10
5.320000e+03	5.360000e+03	5.130223e-09	1.687928e-09	7.565525e-10
5.360000e+03	5.400000e+03	5.312110e-09	2.261673e-09	8.792975e-10
5.400000e+03	5.440000e+03	2.918445e-09	0.000000e+00	6.037848e-09
5.440000e+03	5.480000e+03	4.122783e-09	9.728875e-10	1.589605e-09
5.480000e+03	5.520000e+03	2.332514e-09	0.000000e+00	1.561376e-09
5.520000e+03	5.560000e+03	9.326705e-10	0.000000e+00	1.805175e-09
5.560000e+03	5.600000e+03	2.514835e-09	0.000000e+00	1.676447e-09
5.600000e+03	5.640000e+03	2.296774e-09	9.941765e-10	6.518560e-10
5.640000e+03	5.680000e+03	2.732870e-09	1.323799e-09	0.000000e+00
5.680000e+03	5.720000e+03	1.646192e-09	0.000000e+00	2.154023e-09
5.720000e+03	5.760000e+03	1.995617e-09	2.864353e-10	0.000000e+00
5.760000e+03	5.800000e+03	2.113190e-09	6.504240e-10	0.000000e+00
5.800000e+03	5.840000e+03	1.568352e-09	2.336670e-10	0.000000e+00
5.840000e+03	5.880000e+03	8.928915e-10	0.000000e+00	8.155672e-10
5.880000e+03	5.920000e+03	1.069721e-09	8.052950e-11	4.285403e-10
5.920000e+03	5.960000e+03	5.681607e-10	0.000000e+00	1.414375e-09
5.960000e+03	6.000000e+03	1.150719e-09	1.414060e-09	7.682008e-10
# END HISTO1D


# BEGIN HISTO1D //homes/tinghua1/Merging-Project/Production/HJETS/ratio-plots/hjets-matched-errorband/H-N2-3-25gev-combine.yoda/MC_H2JETS_04_INC/j2j3_mass
ErrorBandColor=green
ErrorBandOpacity=0.3
ErrorBands=1
ErrorType=env
LineColor=green
LineStyle=solid
Path=//homes/tinghua1/Merging-Project/Production/HJETS/ratio-plots/hjets-matched-errorband/H-N2-3-25gev-combine.yoda/MC_H2JETS_04_INC/j2j3_mass
RatioPlotSameStyle=1
Title=h(2*,3)
# xlow	 xhigh	 val	 errminus	 errplus
0.000000e+00	4.000000e+01	2.352900e-03	7.344500e-05	1.958072e-04
4.000000e+01	8.000000e+01	5.248593e-03	3.335475e-04	3.820325e-04
8.000000e+01	1.200000e+02	3.779420e-03	1.265825e-04	1.293650e-04
1.200000e+02	1.600000e+02	1.896888e-03	1.276180e-04	1.672927e-04
1.600000e+02	2.000000e+02	1.234140e-03	8.472725e-05	8.704675e-05
2.000000e+02	2.400000e+02	9.058875e-04	5.669650e-05	6.667300e-05
2.400000e+02	2.800000e+02	7.169188e-04	4.489650e-05	5.552325e-05
2.800000e+02	3.200000e+02	5.983358e-04	3.899600e-05	4.241400e-05
3.200000e+02	3.600000e+02	5.210610e-04	4.091425e-05	3.692650e-05
3.600000e+02	4.000000e+02	4.532663e-04	2.659975e-05	3.115175e-05
4.000000e+02	4.400000e+02	3.992855e-04	2.812175e-05	3.475375e-05
4.400000e+02	4.800000e+02	3.575435e-04	2.765150e-05	2.258600e-05
4.800000e+02	5.200000e+02	3.189012e-04	1.972950e-05	2.134050e-05
5.200000e+02	5.600000e+02	2.858430e-04	1.330300e-05	2.393400e-05
5.600000e+02	6.000000e+02	2.601568e-04	2.012045e-05	1.493025e-05
6.000000e+02	6.400000e+02	2.329220e-04	1.735810e-05	1.514522e-05
6.400000e+02	6.800000e+02	2.071747e-04	8.390175e-06	1.679475e-05
6.800000e+02	7.200000e+02	1.898595e-04	1.610705e-05	1.565920e-05
7.200000e+02	7.600000e+02	1.706888e-04	1.352605e-05	1.548702e-05
7.600000e+02	8.000000e+02	1.557222e-04	1.301795e-05	1.364935e-05
8.000000e+02	8.400000e+02	1.559711e-04	2.641407e-05	0.000000e+00
8.400000e+02	8.800000e+02	1.275270e-04	9.160075e-06	1.196550e-05
8.800000e+02	9.200000e+02	1.179639e-04	1.243188e-05	7.271450e-06
9.200000e+02	9.600000e+02	1.071016e-04	6.383150e-06	8.339375e-06
9.600000e+02	1.000000e+03	9.748910e-05	8.656925e-06	7.978075e-06
1.000000e+03	1.040000e+03	8.876270e-05	6.418200e-06	6.834800e-06
1.040000e+03	1.080000e+03	8.110982e-05	7.042425e-06	6.791925e-06
1.080000e+03	1.120000e+03	7.358815e-05	6.513800e-06	6.827300e-06
1.120000e+03	1.160000e+03	6.743525e-05	5.488250e-06	5.959150e-06
1.160000e+03	1.200000e+03	6.092047e-05	3.859225e-06	7.089450e-06
1.200000e+03	1.240000e+03	5.674570e-05	5.717750e-06	4.980275e-06
1.240000e+03	1.280000e+03	5.194477e-05	4.778975e-06	4.406625e-06
1.280000e+03	1.320000e+03	4.748380e-05	3.441700e-06	4.380725e-06
1.320000e+03	1.360000e+03	4.243660e-05	2.752675e-06	4.516825e-06
1.360000e+03	1.400000e+03	3.981808e-05	3.545400e-06	4.119400e-06
1.400000e+03	1.440000e+03	3.709377e-05	3.769650e-06	2.966325e-06
1.440000e+03	1.480000e+03	3.381637e-05	3.010375e-06	2.820575e-06
1.480000e+03	1.520000e+03	3.080105e-05	2.556775e-06	2.318525e-06
1.520000e+03	1.560000e+03	2.826580e-05	3.196400e-06	2.496525e-06
1.560000e+03	1.600000e+03	2.638220e-05	2.609792e-06	1.615300e-06
1.600000e+03	1.640000e+03	2.386767e-05	2.301765e-06	1.562480e-06
1.640000e+03	1.680000e+03	2.163856e-05	2.083343e-06	2.408705e-06
1.680000e+03	1.720000e+03	1.992057e-05	1.761695e-06	2.206040e-06
1.720000e+03	1.760000e+03	1.880589e-05	2.475060e-06	8.577575e-07
1.760000e+03	1.800000e+03	1.707941e-05	1.674858e-06	1.687417e-06
1.800000e+03	1.840000e+03	1.517663e-05	1.149003e-06	1.981985e-06
1.840000e+03	1.880000e+03	1.433068e-05	1.464625e-06	1.540163e-06
1.880000e+03	1.920000e+03	1.276003e-05	6.375325e-07	1.478390e-06
1.920000e+03	1.960000e+03	1.192400e-05	1.312935e-06	1.165142e-06
1.960000e+03	2.000000e+03	1.091607e-05	1.225910e-06	1.148185e-06
2.000000e+03	2.040000e+03	1.021648e-05	9.519200e-07	1.005137e-06
2.040000e+03	2.080000e+03	9.439400e-06	8.301400e-07	6.881350e-07
2.080000e+03	2.120000e+03	8.430740e-06	9.560925e-07	0.000000e+00
2.120000e+03	2.160000e+03	7.974975e-06	1.047697e-06	6.007775e-07
2.160000e+03	2.200000e+03	7.215890e-06	7.573275e-07	5.044950e-07
2.200000e+03	2.240000e+03	6.530960e-06	7.834950e-07	7.080000e-07
2.240000e+03	2.280000e+03	6.202230e-06	7.871275e-07	5.952800e-07
2.280000e+03	2.320000e+03	5.376283e-06	5.491025e-07	5.622800e-07
2.320000e+03	2.360000e+03	5.217318e-06	7.728750e-07	3.679275e-07
2.360000e+03	2.400000e+03	4.707935e-06	4.640675e-07	2.865275e-07
2.400000e+03	2.440000e+03	4.172277e-06	4.974375e-07	6.709550e-07
2.440000e+03	2.480000e+03	3.751683e-06	3.811900e-07	4.040950e-07
2.480000e+03	2.520000e+03	3.693850e-06	5.408675e-07	4.022475e-07
2.520000e+03	2.560000e+03	3.180082e-06	2.577225e-07	3.668725e-07
2.560000e+03	2.600000e+03	3.036123e-06	3.650050e-07	2.005550e-07
2.600000e+03	2.640000e+03	2.681548e-06	2.865000e-08	1.924875e-07
2.640000e+03	2.680000e+03	2.543745e-06	2.621565e-07	2.155550e-07
2.680000e+03	2.720000e+03	2.214538e-06	3.743525e-08	3.946725e-07
2.720000e+03	2.760000e+03	2.159044e-06	3.845060e-07	1.900340e-07
2.760000e+03	2.800000e+03	2.049572e-06	2.863662e-07	6.140425e-08
2.800000e+03	2.840000e+03	1.944741e-06	2.656990e-07	0.000000e+00
2.840000e+03	2.880000e+03	1.499042e-06	3.858175e-08	3.247470e-07
2.880000e+03	2.920000e+03	1.411478e-06	1.523928e-07	1.458345e-07
2.920000e+03	2.960000e+03	1.340133e-06	1.409293e-07	1.358428e-07
2.960000e+03	3.000000e+03	1.303857e-06	1.416253e-07	0.000000e+00
3.000000e+03	3.040000e+03	1.218855e-06	1.849270e-07	2.787900e-08
3.040000e+03	3.080000e+03	1.115061e-06	2.166083e-07	0.000000e+00
3.080000e+03	3.120000e+03	9.429533e-07	1.246102e-07	6.385750e-08
3.120000e+03	3.160000e+03	8.510740e-07	1.038625e-08	4.536925e-08
3.160000e+03	3.200000e+03	7.488663e-07	5.413275e-08	1.550512e-07
3.200000e+03	3.240000e+03	6.841190e-07	9.449425e-08	1.135557e-07
3.240000e+03	3.280000e+03	6.286338e-07	8.195400e-08	9.409225e-08
3.280000e+03	3.320000e+03	5.857248e-07	6.383425e-08	6.777650e-08
3.320000e+03	3.360000e+03	5.729687e-07	9.423925e-08	5.677950e-08
3.360000e+03	3.400000e+03	5.105770e-07	9.282825e-08	5.791625e-08
3.400000e+03	3.440000e+03	4.429240e-07	9.523400e-08	3.392525e-08
3.440000e+03	3.480000e+03	4.398920e-07	4.997450e-08	0.000000e+00
3.480000e+03	3.520000e+03	3.366833e-07	0.000000e+00	4.797930e-07
3.520000e+03	3.560000e+03	3.577697e-07	5.186800e-08	4.677175e-08
3.560000e+03	3.600000e+03	3.143653e-07	4.440175e-08	5.912500e-09
3.600000e+03	3.640000e+03	2.998305e-07	3.284250e-08	0.000000e+00
3.640000e+03	3.680000e+03	2.757780e-07	3.812592e-08	0.000000e+00
3.680000e+03	3.720000e+03	2.617690e-07	7.334933e-08	0.000000e+00
3.720000e+03	3.760000e+03	2.234715e-07	3.564718e-08	1.102745e-08
3.760000e+03	3.800000e+03	2.038549e-07	4.245563e-08	5.659105e-08
3.800000e+03	3.840000e+03	1.721390e-07	2.130200e-08	2.153705e-08
3.840000e+03	3.880000e+03	1.600677e-07	3.763350e-08	3.595195e-08
3.880000e+03	3.920000e+03	1.458689e-07	5.302950e-09	1.914560e-08
3.920000e+03	3.960000e+03	1.445721e-07	1.132893e-08	0.000000e+00
3.960000e+03	4.000000e+03	1.254094e-07	2.624020e-08	1.619973e-08
4.000000e+03	4.040000e+03	1.024674e-07	1.753790e-08	1.253040e-08
4.040000e+03	4.080000e+03	1.011930e-07	1.629160e-08	2.996038e-08
4.080000e+03	4.120000e+03	9.086293e-08	4.482700e-09	9.649925e-09
4.120000e+03	4.160000e+03	7.939408e-08	1.667843e-08	3.351152e-08
4.160000e+03	4.200000e+03	7.480988e-08	1.454435e-08	2.154337e-08
4.200000e+03	4.240000e+03	9.577432e-08	3.700985e-08	0.000000e+00
4.240000e+03	4.280000e+03	4.946520e-08	0.000000e+00	2.133865e-08
4.280000e+03	4.320000e+03	5.151115e-08	6.560425e-09	1.107355e-08
4.320000e+03	4.360000e+03	5.765340e-08	6.964025e-09	1.312025e-08
4.360000e+03	4.400000e+03	4.123227e-08	3.628750e-10	4.755825e-09
4.400000e+03	4.440000e+03	4.191250e-08	0.000000e+00	7.268325e-09
4.440000e+03	4.480000e+03	7.165115e-08	3.300685e-08	0.000000e+00
4.480000e+03	4.520000e+03	3.771422e-08	9.965050e-09	5.803550e-09
4.520000e+03	4.560000e+03	3.676100e-08	1.038335e-08	8.045950e-09
4.560000e+03	4.600000e+03	3.050967e-08	3.174750e-09	6.194500e-10
4.600000e+03	4.640000e+03	1.943389e-08	0.000000e+00	1.555931e-08
4.640000e+03	4.680000e+03	2.153079e-08	3.269977e-09	0.000000e+00
4.680000e+03	4.720000e+03	2.486466e-08	0.000000e+00	8.581390e-09
4.720000e+03	4.760000e+03	1.942680e-08	2.307873e-09	4.216172e-09
4.760000e+03	4.800000e+03	1.161303e-08	0.000000e+00	7.100140e-09
4.800000e+03	4.840000e+03	1.137063e-08	0.000000e+00	8.832125e-09
4.840000e+03	4.880000e+03	1.989870e-08	6.314580e-09	0.000000e+00
4.880000e+03	4.920000e+03	1.164496e-08	0.000000e+00	1.488755e-09
4.920000e+03	4.960000e+03	1.332286e-08	5.657868e-09	0.000000e+00
4.960000e+03	5.000000e+03	1.449731e-08	6.511353e-09	0.000000e+00
5.000000e+03	5.040000e+03	1.244638e-08	2.079328e-09	6.938625e-10
5.040000e+03	5.080000e+03	8.575897e-09	6.727500e-10	2.917875e-09
5.080000e+03	5.120000e+03	9.306315e-09	2.218560e-09	0.000000e+00
5.120000e+03	5.160000e+03	8.957300e-09	2.512970e-09	3.519150e-10
5.160000e+03	5.200000e+03	5.857097e-09	2.059025e-09	1.995467e-09
5.200000e+03	5.240000e+03	7.491000e-09	3.389058e-09	0.000000e+00
5.240000e+03	5.280000e+03	7.969733e-09	9.542900e-10	3.825525e-10
5.280000e+03	5.320000e+03	7.587665e-09	2.711715e-09	0.000000e+00
5.320000e+03	5.360000e+03	6.893243e-09	3.105288e-09	0.000000e+00
5.360000e+03	5.400000e+03	2.601560e-09	0.000000e+00	2.519172e-09
5.400000e+03	5.440000e+03	4.718877e-09	2.295875e-10	6.719475e-10
5.440000e+03	5.480000e+03	3.405632e-09	1.732222e-09	3.048575e-10
5.480000e+03	5.520000e+03	3.166615e-09	3.944275e-10	3.003452e-09
5.520000e+03	5.560000e+03	4.293585e-09	4.623597e-09	0.000000e+00
5.560000e+03	5.600000e+03	2.401306e-09	0.000000e+00	9.989260e-10
5.600000e+03	5.640000e+03	2.215004e-09	0.000000e+00	1.393286e-09
5.640000e+03	5.680000e+03	3.389947e-09	1.839556e-09	4.755525e-10
5.680000e+03	5.720000e+03	1.555116e-09	8.532750e-12	1.621084e-09
5.720000e+03	5.760000e+03	1.967742e-09	8.821665e-10	6.101282e-10
5.760000e+03	5.800000e+03	1.377280e-09	0.000000e+00	1.036464e-09
5.800000e+03	5.840000e+03	6.578660e-10	0.000000e+00	8.932897e-10
5.840000e+03	5.880000e+03	-1.709681e-09	0.000000e+00	2.990325e-09
5.880000e+03	5.920000e+03	1.213484e-09	7.399920e-10	0.000000e+00
5.920000e+03	5.960000e+03	1.560823e-09	9.591318e-10	0.000000e+00
5.960000e+03	6.000000e+03	5.052807e-10	5.210050e-11	2.346415e-10
# END HISTO1D


# BEGIN HISTO1D //homes/tinghua1/Merging-Project/Production/HJETS/ratio-plots/hjets-matched-errorband/H-2-3-25gev-combine.yoda/MC_H2JETS_04_INC/j2j3_mass
ErrorBandColor=purple
ErrorBandOpacity=0.3
ErrorBands=1
ErrorType=env
LineColor=purple
LineStyle=solid
Path=//homes/tinghua1/Merging-Project/Production/HJETS/ratio-plots/hjets-matched-errorband/H-2-3-25gev-combine.yoda/MC_H2JETS_04_INC/j2j3_mass
RatioPlotSameStyle=1
Title=h(2,3)
# xlow	 xhigh	 val	 errminus	 errplus
0.000000e+00	4.000000e+01	2.167803e-03	0.000000e+00	3.313367e-04
4.000000e+01	8.000000e+01	4.476957e-03	0.000000e+00	5.656700e-04
8.000000e+01	1.200000e+02	3.270880e-03	0.000000e+00	1.488675e-04
1.200000e+02	1.600000e+02	1.583379e-03	0.000000e+00	1.686183e-04
1.600000e+02	2.000000e+02	1.042601e-03	0.000000e+00	1.155165e-04
2.000000e+02	2.400000e+02	7.806907e-04	0.000000e+00	9.656750e-05
2.400000e+02	2.800000e+02	6.411550e-04	0.000000e+00	8.122575e-05
2.800000e+02	3.200000e+02	5.401407e-04	0.000000e+00	7.659875e-05
3.200000e+02	3.600000e+02	4.694165e-04	0.000000e+00	7.662375e-05
3.600000e+02	4.000000e+02	4.164837e-04	0.000000e+00	6.894575e-05
4.000000e+02	4.400000e+02	3.667045e-04	0.000000e+00	6.500250e-05
4.400000e+02	4.800000e+02	3.274888e-04	0.000000e+00	6.286425e-05
4.800000e+02	5.200000e+02	2.928115e-04	0.000000e+00	6.024950e-05
5.200000e+02	5.600000e+02	2.642888e-04	0.000000e+00	5.539050e-05
5.600000e+02	6.000000e+02	2.404926e-04	0.000000e+00	4.870320e-05
6.000000e+02	6.400000e+02	2.135143e-04	0.000000e+00	4.863265e-05
6.400000e+02	6.800000e+02	1.921179e-04	0.000000e+00	4.549350e-05
6.800000e+02	7.200000e+02	1.732630e-04	0.000000e+00	4.261070e-05
7.200000e+02	7.600000e+02	1.563842e-04	0.000000e+00	3.996987e-05
7.600000e+02	8.000000e+02	1.412242e-04	0.000000e+00	3.780090e-05
8.000000e+02	8.400000e+02	1.277781e-04	0.000000e+00	3.494772e-05
8.400000e+02	8.800000e+02	1.165280e-04	0.000000e+00	3.152808e-05
8.800000e+02	9.200000e+02	1.050833e-04	0.000000e+00	3.063038e-05
9.200000e+02	9.600000e+02	9.555272e-05	0.000000e+00	2.763045e-05
9.600000e+02	1.000000e+03	8.691255e-05	0.000000e+00	2.630590e-05
1.000000e+03	1.040000e+03	7.871075e-05	0.000000e+00	2.353332e-05
1.040000e+03	1.080000e+03	7.218387e-05	0.000000e+00	2.200495e-05
1.080000e+03	1.120000e+03	6.526955e-05	0.000000e+00	2.037395e-05
1.120000e+03	1.160000e+03	5.975290e-05	0.000000e+00	1.914358e-05
1.160000e+03	1.200000e+03	5.456588e-05	0.000000e+00	1.755255e-05
1.200000e+03	1.240000e+03	4.989248e-05	0.000000e+00	1.613760e-05
1.240000e+03	1.280000e+03	4.536000e-05	0.000000e+00	1.476140e-05
1.280000e+03	1.320000e+03	4.149255e-05	0.000000e+00	1.377005e-05
1.320000e+03	1.360000e+03	3.807248e-05	0.000000e+00	1.286180e-05
1.360000e+03	1.400000e+03	3.490500e-05	0.000000e+00	1.147458e-05
1.400000e+03	1.440000e+03	3.192382e-05	0.000000e+00	1.082255e-05
1.440000e+03	1.480000e+03	2.883667e-05	0.000000e+00	1.027145e-05
1.480000e+03	1.520000e+03	2.657193e-05	0.000000e+00	9.398950e-06
1.520000e+03	1.560000e+03	2.395754e-05	0.000000e+00	8.908905e-06
1.560000e+03	1.600000e+03	2.220934e-05	0.000000e+00	8.071913e-06
1.600000e+03	1.640000e+03	1.992143e-05	0.000000e+00	8.007592e-06
1.640000e+03	1.680000e+03	1.870334e-05	0.000000e+00	6.725690e-06
1.680000e+03	1.720000e+03	1.689418e-05	0.000000e+00	6.462588e-06
1.720000e+03	1.760000e+03	1.584709e-05	0.000000e+00	5.808568e-06
1.760000e+03	1.800000e+03	1.435001e-05	0.000000e+00	5.283138e-06
1.800000e+03	1.840000e+03	1.301674e-05	0.000000e+00	5.266360e-06
1.840000e+03	1.880000e+03	1.178454e-05	0.000000e+00	4.721375e-06
1.880000e+03	1.920000e+03	1.089200e-05	0.000000e+00	4.602820e-06
1.920000e+03	1.960000e+03	1.015666e-05	0.000000e+00	3.822775e-06
1.960000e+03	2.000000e+03	9.226165e-06	0.000000e+00	3.946933e-06
2.000000e+03	2.040000e+03	8.275570e-06	0.000000e+00	3.349965e-06
2.040000e+03	2.080000e+03	7.697682e-06	0.000000e+00	3.217925e-06
2.080000e+03	2.120000e+03	6.995867e-06	0.000000e+00	2.937578e-06
2.120000e+03	2.160000e+03	6.561732e-06	0.000000e+00	2.465383e-06
2.160000e+03	2.200000e+03	6.004530e-06	0.000000e+00	2.394182e-06
2.200000e+03	2.240000e+03	5.311292e-06	0.000000e+00	2.253360e-06
2.240000e+03	2.280000e+03	4.806218e-06	0.000000e+00	2.310027e-06
2.280000e+03	2.320000e+03	4.753540e-06	0.000000e+00	1.767680e-06
2.320000e+03	2.360000e+03	3.978290e-06	0.000000e+00	1.932005e-06
2.360000e+03	2.400000e+03	3.847865e-06	0.000000e+00	1.556148e-06
2.400000e+03	2.440000e+03	3.531655e-06	0.000000e+00	1.515822e-06
2.440000e+03	2.480000e+03	3.188458e-06	0.000000e+00	1.386628e-06
2.480000e+03	2.520000e+03	2.897035e-06	0.000000e+00	1.293910e-06
2.520000e+03	2.560000e+03	2.680032e-06	0.000000e+00	1.188320e-06
2.560000e+03	2.600000e+03	2.404099e-06	0.000000e+00	1.162736e-06
2.600000e+03	2.640000e+03	2.270624e-06	0.000000e+00	1.098233e-06
2.640000e+03	2.680000e+03	2.053325e-06	0.000000e+00	9.148498e-07
2.680000e+03	2.720000e+03	1.972086e-06	0.000000e+00	7.063560e-07
2.720000e+03	2.760000e+03	1.742918e-06	0.000000e+00	6.922470e-07
2.760000e+03	2.800000e+03	1.532724e-06	0.000000e+00	7.154282e-07
2.800000e+03	2.840000e+03	1.413539e-06	0.000000e+00	6.233465e-07
2.840000e+03	2.880000e+03	1.315213e-06	0.000000e+00	5.956565e-07
2.880000e+03	2.920000e+03	1.214812e-06	0.000000e+00	4.570745e-07
2.920000e+03	2.960000e+03	1.049404e-06	0.000000e+00	5.400480e-07
2.960000e+03	3.000000e+03	9.788712e-07	0.000000e+00	4.455820e-07
3.000000e+03	3.040000e+03	8.998245e-07	0.000000e+00	3.826183e-07
3.040000e+03	3.080000e+03	8.403313e-07	0.000000e+00	2.628432e-07
3.080000e+03	3.120000e+03	7.219018e-07	0.000000e+00	3.854055e-07
3.120000e+03	3.160000e+03	6.929263e-07	0.000000e+00	2.775610e-07
3.160000e+03	3.200000e+03	6.233490e-07	0.000000e+00	3.262092e-07
3.200000e+03	3.240000e+03	5.558080e-07	0.000000e+00	2.017570e-07
3.240000e+03	3.280000e+03	5.326597e-07	0.000000e+00	2.005877e-07
3.280000e+03	3.320000e+03	4.518480e-07	0.000000e+00	2.600390e-07
3.320000e+03	3.360000e+03	4.067898e-07	0.000000e+00	2.273267e-07
3.360000e+03	3.400000e+03	4.186740e-07	0.000000e+00	1.907123e-07
3.400000e+03	3.440000e+03	3.688858e-07	0.000000e+00	1.540677e-07
3.440000e+03	3.480000e+03	3.133283e-07	0.000000e+00	1.534875e-07
3.480000e+03	3.520000e+03	2.878295e-07	0.000000e+00	1.391805e-07
3.520000e+03	3.560000e+03	2.803287e-07	0.000000e+00	1.218227e-07
3.560000e+03	3.600000e+03	2.484847e-07	0.000000e+00	1.569508e-07
3.600000e+03	3.640000e+03	2.131159e-07	0.000000e+00	1.234216e-07
3.640000e+03	3.680000e+03	1.930131e-07	0.000000e+00	1.489897e-07
3.680000e+03	3.720000e+03	1.936414e-07	0.000000e+00	1.134383e-07
3.720000e+03	3.760000e+03	1.806844e-07	0.000000e+00	4.969138e-08
3.760000e+03	3.800000e+03	1.599698e-07	0.000000e+00	5.554680e-08
3.800000e+03	3.840000e+03	1.447539e-07	0.000000e+00	7.055650e-08
3.840000e+03	3.880000e+03	1.315527e-07	0.000000e+00	6.945550e-08
3.880000e+03	3.920000e+03	1.100134e-07	0.000000e+00	6.647623e-08
3.920000e+03	3.960000e+03	1.089788e-07	0.000000e+00	4.862655e-08
3.960000e+03	4.000000e+03	9.625992e-08	0.000000e+00	3.562652e-08
4.000000e+03	4.040000e+03	1.295385e-07	3.352500e-08	3.204500e-09
4.040000e+03	4.080000e+03	7.904043e-08	0.000000e+00	4.166395e-08
4.080000e+03	4.120000e+03	6.282543e-08	0.000000e+00	3.927513e-08
4.120000e+03	4.160000e+03	6.079508e-08	0.000000e+00	4.249415e-08
4.160000e+03	4.200000e+03	5.604258e-08	0.000000e+00	4.496580e-08
4.200000e+03	4.240000e+03	5.188408e-08	0.000000e+00	3.104190e-08
4.240000e+03	4.280000e+03	4.547875e-08	0.000000e+00	3.334523e-08
4.280000e+03	4.320000e+03	4.890793e-08	0.000000e+00	1.752822e-08
4.320000e+03	4.360000e+03	4.281368e-08	0.000000e+00	2.328243e-08
4.360000e+03	4.400000e+03	3.550935e-08	0.000000e+00	1.965955e-08
4.400000e+03	4.440000e+03	3.207450e-08	0.000000e+00	1.919280e-08
4.440000e+03	4.480000e+03	3.124867e-08	0.000000e+00	2.245077e-08
4.480000e+03	4.520000e+03	2.668375e-08	0.000000e+00	1.696117e-08
4.520000e+03	4.560000e+03	2.660115e-08	0.000000e+00	1.324312e-08
4.560000e+03	4.600000e+03	1.702438e-08	0.000000e+00	1.505924e-08
4.600000e+03	4.640000e+03	2.552187e-08	0.000000e+00	1.026890e-08
4.640000e+03	4.680000e+03	1.922929e-08	0.000000e+00	2.018151e-08
4.680000e+03	4.720000e+03	2.155246e-08	0.000000e+00	3.010722e-09
4.720000e+03	4.760000e+03	1.638409e-08	0.000000e+00	6.301887e-09
4.760000e+03	4.800000e+03	1.440865e-08	0.000000e+00	9.117050e-09
4.800000e+03	4.840000e+03	1.358348e-08	1.129550e-10	4.741505e-09
4.840000e+03	4.880000e+03	1.281655e-08	0.000000e+00	3.803970e-09
4.880000e+03	4.920000e+03	9.181670e-09	0.000000e+00	6.085042e-09
4.920000e+03	4.960000e+03	8.193877e-09	0.000000e+00	5.859053e-09
4.960000e+03	5.000000e+03	1.119504e-08	2.637070e-09	3.945102e-09
5.000000e+03	5.040000e+03	8.742723e-09	0.000000e+00	2.298772e-09
5.040000e+03	5.080000e+03	7.425097e-09	0.000000e+00	4.760693e-09
5.080000e+03	5.120000e+03	6.047150e-09	0.000000e+00	5.636370e-09
5.120000e+03	5.160000e+03	5.974628e-09	1.228590e-09	5.579447e-09
5.160000e+03	5.200000e+03	4.029987e-09	0.000000e+00	2.045833e-09
5.200000e+03	5.240000e+03	4.036385e-09	0.000000e+00	3.637822e-09
5.240000e+03	5.280000e+03	3.628733e-09	0.000000e+00	4.495175e-09
5.280000e+03	5.320000e+03	-2.979618e-09	0.000000e+00	9.153393e-09
5.320000e+03	5.360000e+03	2.988793e-09	0.000000e+00	1.740022e-09
5.360000e+03	5.400000e+03	2.175986e-09	0.000000e+00	3.086704e-09
5.400000e+03	5.440000e+03	2.631615e-09	0.000000e+00	2.989323e-09
5.440000e+03	5.480000e+03	1.748984e-09	0.000000e+00	2.440223e-09
5.480000e+03	5.520000e+03	2.602045e-09	0.000000e+00	6.460650e-10
5.520000e+03	5.560000e+03	2.016584e-09	0.000000e+00	1.525554e-09
5.560000e+03	5.600000e+03	1.865205e-09	0.000000e+00	6.935453e-10
5.600000e+03	5.640000e+03	1.284093e-09	0.000000e+00	2.569487e-09
5.640000e+03	5.680000e+03	1.183333e-09	0.000000e+00	1.091488e-09
5.680000e+03	5.720000e+03	1.439132e-09	0.000000e+00	6.228767e-10
5.720000e+03	5.760000e+03	1.295895e-09	0.000000e+00	1.255977e-09
5.760000e+03	5.800000e+03	1.462516e-09	0.000000e+00	1.088803e-10
5.800000e+03	5.840000e+03	1.123295e-09	0.000000e+00	3.984325e-10
5.840000e+03	5.880000e+03	1.017410e-09	0.000000e+00	4.999443e-10
5.880000e+03	5.920000e+03	9.266038e-10	1.707725e-11	9.455038e-10
5.920000e+03	5.960000e+03	6.470283e-10	0.000000e+00	3.625580e-10
5.960000e+03	6.000000e+03	6.184960e-10	0.000000e+00	3.302422e-10
# END HISTO1D


# BEGIN HISTO1D //homes/tinghua1/Merging-Project/Production/HJETS/ratio-plots/hjets-matched-errorband/H3Jets-NLOPS-combine.yoda/MC_H2JETS_04_INC/j2j3_mass
ErrorBandColor=red
ErrorBandOpacity=0.3
ErrorBands=1
ErrorType=env
LineColor=red
LineStyle=solid
Path=//homes/tinghua1/Merging-Project/Production/HJETS/ratio-plots/hjets-matched-errorband/H3Jets-NLOPS-combine.yoda/MC_H2JETS_04_INC/j2j3_mass
RatioPlotSameStyle=1
Title=h(3*) $\oplus$ PS
# xlow	 xhigh	 val	 errminus	 errplus
0.000000e+00	4.000000e+01	2.498489e-03	1.638485e-04	1.969810e-04
4.000000e+01	8.000000e+01	4.705560e-03	3.559725e-04	1.694125e-04
8.000000e+01	1.200000e+02	3.262653e-03	3.048750e-04	2.274525e-04
1.200000e+02	1.600000e+02	1.742093e-03	8.058100e-05	4.093100e-05
1.600000e+02	2.000000e+02	1.161742e-03	8.558675e-05	4.025475e-05
2.000000e+02	2.400000e+02	8.459547e-04	6.369475e-05	4.806250e-05
2.400000e+02	2.800000e+02	6.842618e-04	4.707350e-05	3.158575e-05
2.800000e+02	3.200000e+02	5.649538e-04	3.012000e-05	3.566500e-05
3.200000e+02	3.600000e+02	4.806655e-04	3.046650e-05	2.279250e-05
3.600000e+02	4.000000e+02	4.311605e-04	3.335475e-05	1.828650e-05
4.000000e+02	4.400000e+02	3.744198e-04	2.932875e-05	7.159250e-06
4.400000e+02	4.800000e+02	3.315865e-04	2.894650e-05	1.087825e-05
4.800000e+02	5.200000e+02	2.919660e-04	2.709625e-05	9.455500e-06
5.200000e+02	5.600000e+02	2.617913e-04	1.953323e-05	1.617225e-05
5.600000e+02	6.000000e+02	2.341602e-04	1.229062e-05	1.002173e-05
6.000000e+02	6.400000e+02	2.125811e-04	1.775280e-05	6.372475e-06
6.400000e+02	6.800000e+02	1.860044e-04	1.185255e-05	8.121000e-06
6.800000e+02	7.200000e+02	1.637359e-04	1.031645e-05	1.182493e-05
7.200000e+02	7.600000e+02	1.505452e-04	2.607325e-06	9.740050e-06
7.600000e+02	8.000000e+02	1.406559e-04	1.078552e-05	1.749550e-06
8.000000e+02	8.400000e+02	1.253342e-04	0.000000e+00	1.176100e-06
8.400000e+02	8.800000e+02	1.157772e-04	6.005850e-06	6.625000e-09
8.800000e+02	9.200000e+02	9.973815e-05	7.536225e-06	8.497275e-06
9.200000e+02	9.600000e+02	9.552802e-05	8.404200e-06	2.282550e-06
9.600000e+02	1.000000e+03	8.673495e-05	1.124253e-05	3.711850e-06
1.000000e+03	1.040000e+03	7.935170e-05	5.917750e-06	8.081000e-07
1.040000e+03	1.080000e+03	7.136450e-05	3.062800e-06	1.520750e-07
1.080000e+03	1.120000e+03	6.307442e-05	5.257500e-08	4.760850e-06
1.120000e+03	1.160000e+03	5.878387e-05	1.130200e-06	1.533850e-06
1.160000e+03	1.200000e+03	5.428840e-05	4.174625e-06	0.000000e+00
1.200000e+03	1.240000e+03	5.061428e-05	3.657625e-06	7.656500e-07
1.240000e+03	1.280000e+03	4.550493e-05	3.432225e-06	2.180300e-06
1.280000e+03	1.320000e+03	4.115220e-05	2.582200e-06	2.304575e-06
1.320000e+03	1.360000e+03	3.968657e-05	1.204025e-06	0.000000e+00
1.360000e+03	1.400000e+03	3.545503e-05	1.344925e-06	7.054500e-07
1.400000e+03	1.440000e+03	3.339250e-05	3.256050e-06	0.000000e+00
1.440000e+03	1.480000e+03	2.958622e-05	2.165175e-06	5.972500e-07
1.480000e+03	1.520000e+03	2.712427e-05	2.415872e-06	3.239250e-07
1.520000e+03	1.560000e+03	2.544277e-05	2.328850e-06	0.000000e+00
1.560000e+03	1.600000e+03	2.271986e-05	3.318062e-06	1.433450e-07
1.600000e+03	1.640000e+03	2.015817e-05	2.607500e-08	1.931020e-06
1.640000e+03	1.680000e+03	1.925465e-05	5.090800e-07	4.293850e-07
1.680000e+03	1.720000e+03	1.570745e-05	0.000000e+00	2.462763e-06
1.720000e+03	1.760000e+03	1.713841e-05	7.929500e-07	1.437475e-07
1.760000e+03	1.800000e+03	1.386227e-05	0.000000e+00	1.536560e-06
1.800000e+03	1.840000e+03	1.331803e-05	7.363900e-07	4.084125e-07
1.840000e+03	1.880000e+03	1.268969e-05	9.599525e-07	4.604525e-07
1.880000e+03	1.920000e+03	1.114275e-05	1.297318e-06	8.069925e-07
1.920000e+03	1.960000e+03	1.114980e-05	1.429415e-06	0.000000e+00
1.960000e+03	2.000000e+03	1.008490e-05	1.797675e-07	0.000000e+00
2.000000e+03	2.040000e+03	9.600307e-06	8.296050e-07	0.000000e+00
2.040000e+03	2.080000e+03	8.130853e-06	1.648650e-07	6.935000e-09
2.080000e+03	2.120000e+03	7.478707e-06	8.611500e-08	1.304425e-07
2.120000e+03	2.160000e+03	7.547145e-06	6.353125e-07	0.000000e+00
2.160000e+03	2.200000e+03	6.433935e-06	6.481350e-07	1.073050e-07
2.200000e+03	2.240000e+03	6.684665e-06	1.353115e-06	0.000000e+00
2.240000e+03	2.280000e+03	5.643340e-06	4.909375e-07	0.000000e+00
2.280000e+03	2.320000e+03	4.988918e-06	3.801100e-07	1.345125e-07
2.320000e+03	2.360000e+03	4.733228e-06	5.303800e-07	0.000000e+00
2.360000e+03	2.400000e+03	3.364580e-06	0.000000e+00	2.039022e-06
2.400000e+03	2.440000e+03	3.380042e-06	0.000000e+00	3.940575e-07
2.440000e+03	2.480000e+03	3.469098e-06	2.174500e-08	1.161775e-07
2.480000e+03	2.520000e+03	2.831163e-06	7.140743e-07	3.166350e-07
2.520000e+03	2.560000e+03	3.130905e-06	2.778625e-07	1.078525e-07
2.560000e+03	2.600000e+03	2.804130e-06	5.246057e-07	0.000000e+00
2.600000e+03	2.640000e+03	2.337532e-06	1.752585e-07	1.462933e-07
2.640000e+03	2.680000e+03	2.244843e-06	2.249430e-07	0.000000e+00
2.680000e+03	2.720000e+03	1.872822e-06	0.000000e+00	1.389268e-07
2.720000e+03	2.760000e+03	1.882596e-06	1.080412e-07	1.151545e-07
2.760000e+03	2.800000e+03	1.766556e-06	3.952562e-07	0.000000e+00
2.800000e+03	2.840000e+03	1.607539e-06	7.897450e-08	0.000000e+00
2.840000e+03	2.880000e+03	1.328573e-06	0.000000e+00	2.223687e-07
2.880000e+03	2.920000e+03	1.295549e-06	2.778060e-07	0.000000e+00
2.920000e+03	2.960000e+03	1.085170e-06	4.093355e-06	2.126475e-07
2.960000e+03	3.000000e+03	1.147074e-06	4.370100e-08	1.059635e-07
3.000000e+03	3.040000e+03	1.060512e-06	1.656655e-07	0.000000e+00
3.040000e+03	3.080000e+03	1.106084e-06	6.219133e-07	0.000000e+00
3.080000e+03	3.120000e+03	-5.296328e-08	0.000000e+00	9.386050e-07
3.120000e+03	3.160000e+03	8.138065e-07	1.471773e-07	0.000000e+00
3.160000e+03	3.200000e+03	7.308792e-07	5.096421e-07	2.404415e-07
3.200000e+03	3.240000e+03	7.093253e-07	7.547500e-08	0.000000e+00
3.240000e+03	3.280000e+03	6.394040e-07	1.129378e-07	0.000000e+00
3.280000e+03	3.320000e+03	6.387538e-07	1.189525e-07	0.000000e+00
3.320000e+03	3.360000e+03	5.175338e-07	1.416440e-07	0.000000e+00
3.360000e+03	3.400000e+03	4.491977e-07	9.854175e-08	6.633475e-08
3.400000e+03	3.440000e+03	4.779300e-07	1.069130e-07	0.000000e+00
3.440000e+03	3.480000e+03	3.469007e-07	5.835650e-08	2.854775e-08
3.480000e+03	3.520000e+03	3.272950e-07	1.430822e-07	0.000000e+00
3.520000e+03	3.560000e+03	3.034487e-07	8.929000e-09	2.187760e-07
3.560000e+03	3.600000e+03	1.886552e-07	0.000000e+00	1.061643e-07
3.600000e+03	3.640000e+03	3.819898e-07	3.165220e-07	0.000000e+00
3.640000e+03	3.680000e+03	2.908545e-07	1.114886e-07	0.000000e+00
3.680000e+03	3.720000e+03	2.266624e-07	2.121348e-08	0.000000e+00
3.720000e+03	3.760000e+03	1.801054e-07	4.176725e-08	0.000000e+00
3.760000e+03	3.800000e+03	2.150230e-07	4.108130e-08	0.000000e+00
3.800000e+03	3.840000e+03	1.542392e-07	0.000000e+00	5.697450e-08
3.840000e+03	3.880000e+03	1.413096e-07	0.000000e+00	5.672350e-09
3.880000e+03	3.920000e+03	2.343414e-07	3.378767e-07	0.000000e+00
3.920000e+03	3.960000e+03	1.184018e-07	1.012797e-08	8.722775e-09
3.960000e+03	4.000000e+03	1.119166e-07	1.365742e-08	1.616725e-09
4.000000e+03	4.040000e+03	9.717508e-08	6.362110e-08	4.999123e-08
4.040000e+03	4.080000e+03	7.441920e-08	0.000000e+00	3.548950e-08
4.080000e+03	4.120000e+03	1.102887e-07	2.742027e-08	7.503750e-10
4.120000e+03	4.160000e+03	8.859185e-08	1.311593e-08	1.147675e-09
4.160000e+03	4.200000e+03	7.539962e-08	4.205475e-09	3.332875e-09
4.200000e+03	4.240000e+03	6.575490e-08	1.088520e-08	0.000000e+00
4.240000e+03	4.280000e+03	6.409717e-08	2.082580e-08	0.000000e+00
4.280000e+03	4.320000e+03	5.225557e-08	0.000000e+00	6.829750e-09
4.320000e+03	4.360000e+03	-3.289663e-09	0.000000e+00	5.614934e-08
4.360000e+03	4.400000e+03	4.659005e-08	8.563500e-09	0.000000e+00
4.400000e+03	4.440000e+03	3.416537e-08	0.000000e+00	1.295385e-08
4.440000e+03	4.480000e+03	2.266951e-08	0.000000e+00	2.917882e-08
4.480000e+03	4.520000e+03	4.162415e-08	1.454918e-08	0.000000e+00
4.520000e+03	4.560000e+03	3.463685e-08	5.048875e-09	2.396142e-08
4.560000e+03	4.600000e+03	3.245697e-08	0.000000e+00	5.601525e-09
4.600000e+03	4.640000e+03	2.010428e-08	0.000000e+00	8.025792e-09
4.640000e+03	4.680000e+03	2.639772e-08	5.247075e-08	0.000000e+00
4.680000e+03	4.720000e+03	2.888820e-08	9.979175e-09	0.000000e+00
4.720000e+03	4.760000e+03	1.922801e-08	0.000000e+00	2.953075e-09
4.760000e+03	4.800000e+03	1.933405e-08	3.907176e-08	1.635220e-09
4.800000e+03	4.840000e+03	1.705891e-08	2.246430e-08	0.000000e+00
4.840000e+03	4.880000e+03	1.414906e-08	0.000000e+00	7.786783e-09
4.880000e+03	4.920000e+03	1.553407e-08	0.000000e+00	3.001513e-09
4.920000e+03	4.960000e+03	1.511404e-08	4.852117e-09	0.000000e+00
4.960000e+03	5.000000e+03	1.814033e-08	8.829550e-09	7.071050e-09
5.000000e+03	5.040000e+03	9.398570e-09	0.000000e+00	2.915087e-09
5.040000e+03	5.080000e+03	7.602447e-09	8.292775e-10	4.006388e-09
5.080000e+03	5.120000e+03	2.620345e-08	1.988896e-08	0.000000e+00
5.120000e+03	5.160000e+03	7.654590e-09	0.000000e+00	6.955993e-09
5.160000e+03	5.200000e+03	6.990207e-09	2.549632e-08	8.053875e-10
5.200000e+03	5.240000e+03	6.727035e-09	0.000000e+00	1.346510e-09
5.240000e+03	5.280000e+03	4.934470e-09	2.800797e-09	3.295252e-09
5.280000e+03	5.320000e+03	5.558333e-09	1.979635e-09	0.000000e+00
5.320000e+03	5.360000e+03	2.986962e-09	0.000000e+00	3.753895e-09
5.360000e+03	5.400000e+03	2.015475e-09	0.000000e+00	1.899200e-09
5.400000e+03	5.440000e+03	4.885540e-09	1.619142e-09	5.792035e-09
5.440000e+03	5.480000e+03	-1.151368e-08	0.000000e+00	1.703298e-08
5.480000e+03	5.520000e+03	3.126492e-09	6.023000e-10	6.463850e-10
5.520000e+03	5.560000e+03	2.065385e-09	0.000000e+00	9.654748e-10
5.560000e+03	5.600000e+03	7.168957e-11	0.000000e+00	2.529605e-09
5.600000e+03	5.640000e+03	3.257282e-09	9.746335e-10	5.952575e-10
5.640000e+03	5.680000e+03	1.492005e-09	2.049329e-09	9.415763e-10
5.680000e+03	5.720000e+03	1.434801e-09	0.000000e+00	1.613646e-09
5.720000e+03	5.760000e+03	2.080895e-09	1.439704e-09	0.000000e+00
5.760000e+03	5.800000e+03	8.155070e-10	0.000000e+00	1.355385e-09
5.800000e+03	5.840000e+03	1.340413e-09	0.000000e+00	1.505289e-09
5.840000e+03	5.880000e+03	1.564725e-09	4.127298e-10	0.000000e+00
5.880000e+03	5.920000e+03	1.181634e-09	1.949470e-10	0.000000e+00
5.920000e+03	5.960000e+03	1.156271e-09	0.000000e+00	2.591273e-10
5.960000e+03	6.000000e+03	1.155397e-09	3.623590e-10	8.484083e-10
# END HISTO1D


# BEGIN HISTO1D //homes/tinghua1/Merging-Project/Production/HJETS/ratio-plots/hjets-matched-errorband/H2Jets-NLOPS-combine.yoda/MC_H2JETS_04_INC/j2j3_mass
ErrorBandColor=violet
ErrorBandOpacity=0.3
ErrorBands=1
ErrorType=env
LineColor=violet
LineStyle=solid
Path=//homes/tinghua1/Merging-Project/Production/HJETS/ratio-plots/hjets-matched-errorband/H2Jets-NLOPS-combine.yoda/MC_H2JETS_04_INC/j2j3_mass
RatioPlotSameStyle=1
Title=h(2*) $\oplus$ PS
# xlow	 xhigh	 val	 errminus	 errplus
0.000000e+00	4.000000e+01	2.382140e-03	7.241750e-05	1.901227e-04
4.000000e+01	8.000000e+01	4.184545e-03	2.212175e-04	2.254100e-04
8.000000e+01	1.200000e+02	2.784807e-03	8.038500e-05	8.080500e-05
1.200000e+02	1.600000e+02	1.416806e-03	8.686375e-05	1.022660e-04
1.600000e+02	2.000000e+02	9.453532e-04	5.842500e-05	7.188125e-05
2.000000e+02	2.400000e+02	7.123655e-04	4.683575e-05	4.870575e-05
2.400000e+02	2.800000e+02	5.708050e-04	3.735350e-05	4.306575e-05
2.800000e+02	3.200000e+02	4.768840e-04	2.732350e-05	3.853375e-05
3.200000e+02	3.600000e+02	4.104648e-04	2.440200e-05	2.861250e-05
3.600000e+02	4.000000e+02	3.585165e-04	1.875925e-05	2.674100e-05
4.000000e+02	4.400000e+02	3.174177e-04	1.890825e-05	2.073900e-05
4.400000e+02	4.800000e+02	2.799885e-04	1.480700e-05	1.985275e-05
4.800000e+02	5.200000e+02	2.492973e-04	1.473867e-05	1.861070e-05
5.200000e+02	5.600000e+02	2.231681e-04	1.444607e-05	1.653398e-05
5.600000e+02	6.000000e+02	2.002627e-04	1.227157e-05	1.505173e-05
6.000000e+02	6.400000e+02	1.803203e-04	1.070757e-05	1.309722e-05
6.400000e+02	6.800000e+02	1.624919e-04	9.927175e-06	1.245705e-05
6.800000e+02	7.200000e+02	1.467598e-04	1.020793e-05	1.082942e-05
7.200000e+02	7.600000e+02	1.325512e-04	8.409850e-06	9.980700e-06
7.600000e+02	8.000000e+02	1.200871e-04	8.360875e-06	9.464625e-06
8.000000e+02	8.400000e+02	1.086664e-04	6.891100e-06	8.448525e-06
8.400000e+02	8.800000e+02	9.840878e-05	6.102725e-06	6.690275e-06
8.800000e+02	9.200000e+02	8.985930e-05	6.063925e-06	6.919775e-06
9.200000e+02	9.600000e+02	8.137945e-05	5.499125e-06	7.451775e-06
9.600000e+02	1.000000e+03	7.426997e-05	5.096400e-06	5.058675e-06
1.000000e+03	1.040000e+03	6.756945e-05	4.529025e-06	5.462175e-06
1.040000e+03	1.080000e+03	6.155315e-05	4.049575e-06	4.572975e-06
1.080000e+03	1.120000e+03	5.591855e-05	3.932425e-06	4.791725e-06
1.120000e+03	1.160000e+03	5.064912e-05	2.628225e-06	4.385950e-06
1.160000e+03	1.200000e+03	4.677935e-05	3.453175e-06	4.092925e-06
1.200000e+03	1.240000e+03	4.258708e-05	2.847250e-06	3.783950e-06
1.240000e+03	1.280000e+03	3.904640e-05	2.915950e-06	3.088500e-06
1.280000e+03	1.320000e+03	3.592720e-05	2.679675e-06	2.337125e-06
1.320000e+03	1.360000e+03	3.262170e-05	2.391250e-06	2.678000e-06
1.360000e+03	1.400000e+03	2.976293e-05	2.022775e-06	2.667275e-06
1.400000e+03	1.440000e+03	2.714995e-05	1.858650e-06	2.388750e-06
1.440000e+03	1.480000e+03	2.487965e-05	1.462200e-06	1.992450e-06
1.480000e+03	1.520000e+03	2.300359e-05	1.757838e-06	1.467863e-06
1.520000e+03	1.560000e+03	2.111651e-05	1.644928e-06	1.207397e-06
1.560000e+03	1.600000e+03	1.913043e-05	1.210025e-06	1.708550e-06
1.600000e+03	1.640000e+03	1.758011e-05	1.270340e-06	1.513830e-06
1.640000e+03	1.680000e+03	1.615521e-05	1.154723e-06	1.383052e-06
1.680000e+03	1.720000e+03	1.484734e-05	1.224472e-06	1.062313e-06
1.720000e+03	1.760000e+03	1.350841e-05	1.012818e-06	1.002672e-06
1.760000e+03	1.800000e+03	1.244513e-05	9.211450e-07	8.963400e-07
1.800000e+03	1.840000e+03	1.133278e-05	8.041075e-07	7.792825e-07
1.840000e+03	1.880000e+03	1.055481e-05	8.930575e-07	1.043763e-06
1.880000e+03	1.920000e+03	9.524405e-06	6.791025e-07	8.697750e-07
1.920000e+03	1.960000e+03	8.823008e-06	6.026675e-07	6.337775e-07
1.960000e+03	2.000000e+03	7.996225e-06	5.278300e-07	6.241075e-07
2.000000e+03	2.040000e+03	7.405262e-06	5.868650e-07	6.749375e-07
2.040000e+03	2.080000e+03	6.902785e-06	6.134000e-07	4.049550e-07
2.080000e+03	2.120000e+03	6.155798e-06	3.902400e-07	5.929800e-07
2.120000e+03	2.160000e+03	5.805900e-06	5.405425e-07	1.945475e-07
2.160000e+03	2.200000e+03	5.285910e-06	4.622400e-07	4.498850e-07
2.200000e+03	2.240000e+03	4.712737e-06	2.614850e-07	5.465550e-07
2.240000e+03	2.280000e+03	4.364785e-06	3.408675e-07	4.427650e-07
2.280000e+03	2.320000e+03	4.090028e-06	3.662050e-07	1.293700e-07
2.320000e+03	2.360000e+03	3.678255e-06	2.595975e-07	2.720600e-07
2.360000e+03	2.400000e+03	3.337430e-06	2.276700e-07	3.814800e-07
2.400000e+03	2.440000e+03	3.146098e-06	2.406975e-07	1.591600e-07
2.440000e+03	2.480000e+03	2.825785e-06	2.190075e-07	2.218600e-07
2.480000e+03	2.520000e+03	2.627838e-06	2.391950e-07	1.746300e-07
2.520000e+03	2.560000e+03	2.331903e-06	1.329335e-07	3.370317e-07
2.560000e+03	2.600000e+03	2.040791e-06	3.712125e-08	2.817113e-07
2.600000e+03	2.640000e+03	2.046742e-06	2.395843e-07	2.785750e-08
2.640000e+03	2.680000e+03	1.827860e-06	1.700983e-07	1.282460e-07
2.680000e+03	2.720000e+03	1.663105e-06	1.505815e-07	1.345725e-07
2.720000e+03	2.760000e+03	1.512284e-06	1.348073e-07	8.973925e-08
2.760000e+03	2.800000e+03	1.320519e-06	6.459850e-08	1.732718e-07
2.800000e+03	2.840000e+03	1.238493e-06	8.043825e-08	1.171680e-07
2.840000e+03	2.880000e+03	1.150185e-06	1.074352e-07	1.209305e-07
2.880000e+03	2.920000e+03	1.041451e-06	7.706200e-08	3.864750e-08
2.920000e+03	2.960000e+03	9.507760e-07	6.290000e-08	4.261400e-08
2.960000e+03	3.000000e+03	8.895438e-07	8.566275e-08	6.039800e-08
3.000000e+03	3.040000e+03	8.176710e-07	8.124075e-08	3.412425e-08
3.040000e+03	3.080000e+03	7.292318e-07	6.506375e-08	3.613675e-08
3.080000e+03	3.120000e+03	6.349090e-07	5.200950e-08	8.827775e-08
3.120000e+03	3.160000e+03	6.237880e-07	8.002325e-08	2.169550e-08
3.160000e+03	3.200000e+03	5.402842e-07	4.424375e-08	4.984075e-08
3.200000e+03	3.240000e+03	4.947742e-07	4.666125e-08	5.360675e-08
3.240000e+03	3.280000e+03	4.462542e-07	3.183550e-08	4.093150e-08
3.280000e+03	3.320000e+03	4.073550e-07	2.691075e-08	4.646700e-08
3.320000e+03	3.360000e+03	3.739752e-07	1.576225e-08	4.872125e-08
3.360000e+03	3.400000e+03	3.433702e-07	2.665825e-08	4.294600e-08
3.400000e+03	3.440000e+03	3.226040e-07	4.254975e-08	1.038600e-08
3.440000e+03	3.480000e+03	3.086968e-07	4.684725e-08	0.000000e+00
3.480000e+03	3.520000e+03	2.580872e-07	9.228400e-09	3.505950e-08
3.520000e+03	3.560000e+03	2.419197e-07	1.567543e-08	2.069328e-08
3.560000e+03	3.600000e+03	2.223271e-07	2.464220e-08	3.189313e-08
3.600000e+03	3.640000e+03	2.149023e-07	3.637455e-08	4.270950e-09
3.640000e+03	3.680000e+03	1.787499e-07	1.466462e-08	1.244447e-08
3.680000e+03	3.720000e+03	1.606179e-07	1.170227e-08	2.081095e-08
3.720000e+03	3.760000e+03	1.547428e-07	2.083010e-08	1.689448e-08
3.760000e+03	3.800000e+03	1.385046e-07	2.880708e-08	2.186135e-08
3.800000e+03	3.840000e+03	1.294650e-07	1.135842e-08	9.099350e-09
3.840000e+03	3.880000e+03	1.110031e-07	1.103817e-08	7.162825e-09
3.880000e+03	3.920000e+03	9.762962e-08	9.683375e-09	1.832180e-08
3.920000e+03	3.960000e+03	9.000193e-08	6.421275e-09	1.193405e-08
3.960000e+03	4.000000e+03	8.977843e-08	1.515618e-08	6.946050e-09
4.000000e+03	4.040000e+03	7.934990e-08	1.538278e-08	0.000000e+00
4.040000e+03	4.080000e+03	7.483927e-08	1.009240e-08	0.000000e+00
4.080000e+03	4.120000e+03	7.157492e-08	1.584375e-08	6.827475e-09
4.120000e+03	4.160000e+03	5.264727e-08	9.379100e-09	9.094550e-09
4.160000e+03	4.200000e+03	4.996243e-08	4.819900e-09	5.827850e-09
4.200000e+03	4.240000e+03	4.859707e-08	5.015750e-09	6.557200e-09
4.240000e+03	4.280000e+03	3.939235e-08	1.453175e-09	9.287175e-09
4.280000e+03	4.320000e+03	3.503622e-08	4.358500e-10	1.250357e-08
4.320000e+03	4.360000e+03	3.708230e-08	2.492000e-09	3.706225e-09
4.360000e+03	4.400000e+03	3.258343e-08	1.627575e-09	3.605750e-10
4.400000e+03	4.440000e+03	2.785282e-08	4.782000e-10	7.313825e-09
4.440000e+03	4.480000e+03	2.745610e-08	5.124928e-09	1.717225e-09
4.480000e+03	4.520000e+03	2.483829e-08	2.240813e-09	1.060785e-09
4.520000e+03	4.560000e+03	2.288234e-08	2.336752e-09	4.024375e-10
4.560000e+03	4.600000e+03	1.891813e-08	4.108768e-09	1.303542e-09
4.600000e+03	4.640000e+03	1.786956e-08	0.000000e+00	4.697597e-09
4.640000e+03	4.680000e+03	1.594665e-08	2.376740e-09	6.272425e-10
4.680000e+03	4.720000e+03	1.436496e-08	1.636457e-09	1.652017e-09
4.720000e+03	4.760000e+03	1.599273e-08	1.651322e-09	0.000000e+00
4.760000e+03	4.800000e+03	1.300604e-08	2.537002e-09	2.682500e-10
4.800000e+03	4.840000e+03	1.072327e-08	0.000000e+00	2.180575e-10
4.840000e+03	4.880000e+03	7.777427e-09	0.000000e+00	7.172580e-09
4.880000e+03	4.920000e+03	8.941778e-09	1.118460e-09	1.672750e-10
4.920000e+03	4.960000e+03	8.255782e-09	0.000000e+00	8.693250e-10
4.960000e+03	5.000000e+03	7.506248e-09	0.000000e+00	8.112725e-10
5.000000e+03	5.040000e+03	6.639115e-09	1.580975e-10	4.532275e-10
5.040000e+03	5.080000e+03	7.917165e-09	2.325598e-09	0.000000e+00
5.080000e+03	5.120000e+03	7.992585e-09	1.878630e-09	0.000000e+00
5.120000e+03	5.160000e+03	7.004300e-09	2.410055e-09	0.000000e+00
5.160000e+03	5.200000e+03	4.860055e-09	1.183525e-10	8.338800e-10
5.200000e+03	5.240000e+03	4.983383e-09	5.774775e-10	0.000000e+00
5.240000e+03	5.280000e+03	4.800833e-09	9.815875e-10	0.000000e+00
5.280000e+03	5.320000e+03	3.795623e-09	1.160783e-09	0.000000e+00
5.320000e+03	5.360000e+03	3.685545e-09	7.363375e-10	1.701833e-09
5.360000e+03	5.400000e+03	2.619765e-09	2.743292e-10	8.323800e-10
5.400000e+03	5.440000e+03	2.711840e-09	2.254962e-09	0.000000e+00
5.440000e+03	5.480000e+03	2.763595e-09	2.827956e-09	0.000000e+00
5.480000e+03	5.520000e+03	2.391503e-09	8.656125e-11	0.000000e+00
5.520000e+03	5.560000e+03	2.336811e-09	3.695147e-10	0.000000e+00
5.560000e+03	5.600000e+03	2.184879e-09	9.575560e-10	0.000000e+00
5.600000e+03	5.640000e+03	1.946599e-09	1.063043e-09	0.000000e+00
5.640000e+03	5.680000e+03	1.435007e-09	6.629375e-11	8.822180e-10
5.680000e+03	5.720000e+03	1.864370e-09	1.085914e-09	0.000000e+00
5.720000e+03	5.760000e+03	1.433294e-09	2.492480e-10	2.305175e-11
5.760000e+03	5.800000e+03	6.103530e-10	0.000000e+00	3.666225e-10
5.800000e+03	5.840000e+03	1.151545e-09	2.128805e-10	9.237550e-11
5.840000e+03	5.880000e+03	9.225910e-10	0.000000e+00	3.336260e-10
5.880000e+03	5.920000e+03	1.060378e-09	9.507696e-10	0.000000e+00
5.920000e+03	5.960000e+03	7.398487e-10	4.517245e-10	5.886500e-11
5.960000e+03	6.000000e+03	4.898867e-10	1.449877e-10	3.964960e-10
# END HISTO1D

