# BEGIN PLOT
Scale=1000.0
DrawOnly=//homes/tinghua1/Merging-Project/Production/HJETS/ratio-plots/hjets-matched-errorband/H-N2-N3-4-25gev-combine.yoda/MC_H2JETS_04_INC/j2j4_mass //homes/tinghua1/Merging-Project/Production/HJETS/ratio-plots/hjets-matched-errorband/H-N2-3-4-25gev-combine.yoda/MC_H2JETS_04_INC/j2j4_mass //homes/tinghua1/Merging-Project/Production/HJETS/ratio-plots/hjets-matched-errorband/H-2-3-4-25gev-combine.yoda/MC_H2JETS_04_INC/j2j4_mass //homes/tinghua1/Merging-Project/Production/HJETS/ratio-plots/hjets-matched-errorband/H-N2-3-25gev-combine.yoda/MC_H2JETS_04_INC/j2j4_mass //homes/tinghua1/Merging-Project/Production/HJETS/ratio-plots/hjets-matched-errorband/H-2-3-25gev-combine.yoda/MC_H2JETS_04_INC/j2j4_mass //homes/tinghua1/Merging-Project/Production/HJETS/ratio-plots/hjets-matched-errorband/H3Jets-NLOPS-combine.yoda/MC_H2JETS_04_INC/j2j4_mass //homes/tinghua1/Merging-Project/Production/HJETS/ratio-plots/hjets-matched-errorband/H2Jets-NLOPS-combine.yoda/MC_H2JETS_04_INC/j2j4_mass
RightMargin=0.5
RatioPlotReference=//homes/tinghua1/Merging-Project/Production/HJETS/ratio-plots/hjets-matched-errorband/H-N2-N3-4-25gev-combine.yoda/MC_H2JETS_04_INC/j2j4_mass
#RatioPlot=1
LogY=1
RatioPlotYMax=2.0
RatioPlotYLabel=Ratio
#LegendOnly=//homes/tinghua1/Merging-Project/Production/HJETS/ratio-plots/hjets-matched-errorband/H-N2-N3-4-25gev-combine.yoda/MC_H2JETS_04_INC/j2j4_mass //homes/tinghua1/Merging-Project/Production/HJETS/ratio-plots/hjets-matched-errorband/H-N2-3-4-25gev-combine.yoda/MC_H2JETS_04_INC/j2j4_mass //homes/tinghua1/Merging-Project/Production/HJETS/ratio-plots/hjets-matched-errorband/H-2-3-4-25gev-combine.yoda/MC_H2JETS_04_INC/j2j4_mass //homes/tinghua1/Merging-Project/Production/HJETS/ratio-plots/hjets-matched-errorband/H-N2-3-25gev-combine.yoda/MC_H2JETS_04_INC/j2j4_mass //homes/tinghua1/Merging-Project/Production/HJETS/ratio-plots/hjets-matched-errorband/H-2-3-25gev-combine.yoda/MC_H2JETS_04_INC/j2j4_mass //homes/tinghua1/Merging-Project/Production/HJETS/ratio-plots/hjets-matched-errorband/H3Jets-NLOPS-combine.yoda/MC_H2JETS_04_INC/j2j4_mass //homes/tinghua1/Merging-Project/Production/HJETS/ratio-plots/hjets-matched-errorband/H2Jets-NLOPS-combine.yoda/MC_H2JETS_04_INC/j2j4_mass
XLabel=$m_{j_2j_4}$ (GeV)
LegendAlign=r
XMax=1000
YLabel=$ \text{d} \sigma/ \text{d}  m_{j_2j_4}$ (fb/GeV)
Legend=0
RatioPlot=6
MainPlotSelection={"Selection":[1,2,3,4,5,6,7]}
RatioPlots={"RatioPlotYLabel":"","Selection":[1,2]};{"RatioPlotYLabel":"","Selection":[1,3]};{"RatioPlotYLabel":"","Selection":[1,4]};{"RatioPlotYLabel":"","Selection":[1,5]};{"RatioPlotYLabel":"","Selection":[1,6]};{"RatioPlotYLabel":"","Selection":[1,7]}
RatioPlotSameStyle=1
RatioPlotYMin=0.0
# END PLOT


# BEGIN SPECIAL /MC_H2JETS_04_INC/j2j4_mass
\rput[tl](0.05,0.75){\parbox{5cm}{\textcolor{gray}{{\bf Herwig 7.2.0} \\ HJETS/ColorFull}}}
# END SPECIAL

# BEGIN HISTO1D //homes/tinghua1/Merging-Project/Production/HJETS/ratio-plots/hjets-matched-errorband/H-N2-N3-4-25gev-combine.yoda/MC_H2JETS_04_INC/j2j4_mass
ErrorBandColor=orange
ErrorBandOpacity=0.3
ErrorBands=1
ErrorType=env
LineColor=orange
LineStyle=solid
Path=//homes/tinghua1/Merging-Project/Production/HJETS/ratio-plots/hjets-matched-errorband/H-N2-N3-4-25gev-combine.yoda/MC_H2JETS_04_INC/j2j4_mass
RatioPlotSameStyle=1
Title=h(2*,3*,4)
# xlow	 xhigh	 val	 errminus	 errplus
0.000000e+00	4.000000e+01	5.123940e-04	4.726300e-05	7.638250e-05
4.000000e+01	8.000000e+01	1.305177e-03	1.273568e-04	1.690715e-04
8.000000e+01	1.200000e+02	1.229005e-03	1.723537e-04	2.612675e-05
1.200000e+02	1.600000e+02	6.396972e-04	7.442300e-05	8.451100e-05
1.600000e+02	2.000000e+02	3.999730e-04	4.345075e-05	2.233325e-05
2.000000e+02	2.400000e+02	2.815190e-04	5.100960e-05	3.721075e-05
2.400000e+02	2.800000e+02	2.205915e-04	2.952043e-05	1.193005e-05
2.800000e+02	3.200000e+02	1.682691e-04	0.000000e+00	3.301603e-05
3.200000e+02	3.600000e+02	1.276832e-04	9.652500e-06	2.129745e-05
3.600000e+02	4.000000e+02	1.097795e-04	5.807100e-06	2.577115e-05
4.000000e+02	4.400000e+02	9.624275e-05	6.864975e-06	8.111950e-06
4.400000e+02	4.800000e+02	7.746743e-05	1.066830e-05	1.507120e-05
4.800000e+02	5.200000e+02	7.070312e-05	1.192237e-05	0.000000e+00
5.200000e+02	5.600000e+02	6.166017e-05	9.153550e-06	3.731700e-06
5.600000e+02	6.000000e+02	5.216835e-05	7.035750e-06	2.994050e-06
6.000000e+02	6.400000e+02	4.506735e-05	3.802675e-06	1.415292e-05
6.400000e+02	6.800000e+02	5.353522e-05	1.702635e-05	0.000000e+00
6.800000e+02	7.200000e+02	3.378045e-05	2.805575e-06	7.256650e-06
7.200000e+02	7.600000e+02	3.338390e-05	5.087725e-06	3.757050e-06
7.600000e+02	8.000000e+02	2.933383e-05	3.201225e-06	3.568300e-06
8.000000e+02	8.400000e+02	2.403678e-05	2.478293e-06	3.050747e-06
8.400000e+02	8.800000e+02	2.148830e-05	1.472363e-06	3.934348e-06
8.800000e+02	9.200000e+02	1.927207e-05	0.000000e+00	4.465913e-06
9.200000e+02	9.600000e+02	1.793949e-05	1.017632e-06	1.987993e-06
9.600000e+02	1.000000e+03	1.525648e-05	2.041355e-06	2.343308e-06
1.000000e+03	1.040000e+03	1.480332e-05	4.956277e-06	1.116262e-06
1.040000e+03	1.080000e+03	1.277447e-05	8.318300e-07	5.611240e-06
1.080000e+03	1.120000e+03	1.249677e-05	2.542843e-06	1.746950e-07
1.120000e+03	1.160000e+03	1.171780e-05	1.619863e-06	5.791875e-07
1.160000e+03	1.200000e+03	9.236792e-06	1.379190e-06	2.689580e-06
1.200000e+03	1.240000e+03	8.676883e-06	2.273548e-06	9.085550e-07
1.240000e+03	1.280000e+03	1.127548e-05	4.577692e-06	0.000000e+00
1.280000e+03	1.320000e+03	7.807440e-06	9.062850e-07	0.000000e+00
1.320000e+03	1.360000e+03	6.339225e-06	3.567900e-07	3.075255e-06
1.360000e+03	1.400000e+03	7.196245e-06	1.496125e-06	1.089585e-06
1.400000e+03	1.440000e+03	4.836890e-06	0.000000e+00	4.266475e-07
1.440000e+03	1.480000e+03	5.525990e-06	1.051245e-06	0.000000e+00
1.480000e+03	1.520000e+03	5.328760e-06	1.166683e-06	0.000000e+00
1.520000e+03	1.560000e+03	3.673028e-06	2.339125e-07	1.516750e-06
1.560000e+03	1.600000e+03	3.119060e-06	0.000000e+00	1.129547e-06
1.600000e+03	1.640000e+03	5.017352e-06	2.004595e-06	0.000000e+00
1.640000e+03	1.680000e+03	2.822090e-06	0.000000e+00	6.830450e-07
1.680000e+03	1.720000e+03	2.860420e-06	2.101000e-08	2.002400e-07
1.720000e+03	1.760000e+03	2.859495e-06	0.000000e+00	3.552825e-07
1.760000e+03	1.800000e+03	2.340421e-06	4.006155e-07	8.382243e-07
1.800000e+03	1.840000e+03	1.686740e-06	3.684017e-07	2.891895e-07
1.840000e+03	1.880000e+03	1.777813e-06	7.514275e-08	1.027556e-06
1.880000e+03	1.920000e+03	1.714305e-06	2.697328e-07	7.414148e-06
1.920000e+03	1.960000e+03	1.698483e-06	5.644325e-08	8.045750e-08
1.960000e+03	2.000000e+03	1.584082e-06	2.354357e-07	4.705793e-07
2.000000e+03	2.040000e+03	1.848110e-06	0.000000e+00	1.576245e-06
2.040000e+03	2.080000e+03	1.187437e-06	0.000000e+00	4.564937e-07
2.080000e+03	2.120000e+03	1.472282e-06	4.376550e-08	9.660880e-07
2.120000e+03	2.160000e+03	7.887290e-07	0.000000e+00	4.476815e-07
2.160000e+03	2.200000e+03	1.379480e-06	4.334035e-07	0.000000e+00
2.200000e+03	2.240000e+03	9.709040e-07	1.022832e-07	4.172050e-08
2.240000e+03	2.280000e+03	7.937080e-07	1.828127e-07	0.000000e+00
2.280000e+03	2.320000e+03	7.792662e-07	8.155519e-07	2.164910e-07
2.320000e+03	2.360000e+03	5.168050e-07	0.000000e+00	2.860745e-07
2.360000e+03	2.400000e+03	6.664647e-07	1.654545e-07	5.303925e-08
2.400000e+03	2.440000e+03	4.516405e-07	5.134700e-08	4.079950e-07
2.440000e+03	2.480000e+03	4.872160e-07	0.000000e+00	1.371470e-07
2.480000e+03	2.520000e+03	3.223398e-07	0.000000e+00	3.813733e-07
2.520000e+03	2.560000e+03	6.334270e-07	2.335828e-07	0.000000e+00
2.560000e+03	2.600000e+03	3.627155e-07	0.000000e+00	3.747575e-08
2.600000e+03	2.640000e+03	5.017857e-07	1.350030e-07	1.089013e-07
2.640000e+03	2.680000e+03	2.938483e-07	0.000000e+00	2.137742e-07
2.680000e+03	2.720000e+03	3.140687e-07	4.274250e-09	3.218275e-08
2.720000e+03	2.760000e+03	2.478238e-07	0.000000e+00	1.559029e-07
2.760000e+03	2.800000e+03	3.395408e-07	6.925200e-08	1.676467e-07
2.800000e+03	2.840000e+03	2.316909e-07	0.000000e+00	3.448660e-08
2.840000e+03	2.880000e+03	1.818343e-07	0.000000e+00	5.184187e-08
2.880000e+03	2.920000e+03	-1.793205e-07	0.000000e+00	4.800007e-07
2.920000e+03	2.960000e+03	2.066141e-07	3.116403e-08	0.000000e+00
2.960000e+03	3.000000e+03	2.894807e-07	1.298968e-07	0.000000e+00
3.000000e+03	3.040000e+03	1.246850e-07	0.000000e+00	3.771555e-08
3.040000e+03	3.080000e+03	1.554061e-07	1.611865e-08	1.411568e-08
3.080000e+03	3.120000e+03	-2.025220e-07	0.000000e+00	3.591999e-07
3.120000e+03	3.160000e+03	1.158005e-07	2.208462e-08	8.206200e-09
3.160000e+03	3.200000e+03	1.122876e-07	2.804392e-08	2.888490e-08
3.200000e+03	3.240000e+03	1.167172e-07	5.248475e-08	0.000000e+00
3.240000e+03	3.280000e+03	8.192285e-08	7.186525e-09	4.681140e-08
3.280000e+03	3.320000e+03	1.495359e-07	1.232259e-07	0.000000e+00
3.320000e+03	3.360000e+03	1.677699e-07	7.136140e-08	0.000000e+00
3.360000e+03	3.400000e+03	3.601012e-08	8.587955e-08	3.880495e-08
3.400000e+03	3.440000e+03	6.573540e-08	0.000000e+00	1.069076e-07
3.440000e+03	3.480000e+03	-1.017091e-07	0.000000e+00	2.091843e-07
3.480000e+03	3.520000e+03	3.967052e-08	0.000000e+00	5.965550e-08
3.520000e+03	3.560000e+03	5.371330e-08	2.617745e-08	6.595425e-09
3.560000e+03	3.600000e+03	4.506872e-08	2.189689e-08	3.230583e-07
3.600000e+03	3.640000e+03	4.793427e-08	3.350841e-08	5.762900e-09
3.640000e+03	3.680000e+03	5.514650e-11	0.000000e+00	7.883990e-08
3.680000e+03	3.720000e+03	3.028505e-08	7.235272e-09	2.376482e-08
3.720000e+03	3.760000e+03	2.645752e-08	1.065000e-10	9.247375e-09
3.760000e+03	3.800000e+03	-2.828555e-09	0.000000e+00	2.685293e-08
3.800000e+03	3.840000e+03	1.564261e-08	2.280563e-09	6.224930e-09
3.840000e+03	3.880000e+03	3.226325e-08	1.258946e-08	2.185215e-08
3.880000e+03	3.920000e+03	1.979914e-08	5.868305e-09	2.572030e-09
3.920000e+03	3.960000e+03	-2.348984e-09	0.000000e+00	1.649967e-08
3.960000e+03	4.000000e+03	1.283560e-08	1.457228e-09	1.675515e-08
4.000000e+03	4.040000e+03	2.306242e-09	0.000000e+00	1.489123e-08
4.040000e+03	4.080000e+03	2.262667e-08	1.128811e-08	0.000000e+00
4.080000e+03	4.120000e+03	8.533800e-09	0.000000e+00	1.301215e-08
4.120000e+03	4.160000e+03	4.311457e-08	2.692625e-08	0.000000e+00
4.160000e+03	4.200000e+03	8.589460e-09	1.141325e-10	8.917408e-09
4.200000e+03	4.240000e+03	2.475944e-09	3.528909e-09	1.580406e-09
4.240000e+03	4.280000e+03	2.571085e-08	1.413992e-08	0.000000e+00
4.280000e+03	4.320000e+03	3.900608e-09	0.000000e+00	2.478955e-09
4.320000e+03	4.360000e+03	4.417480e-09	0.000000e+00	2.772655e-09
4.360000e+03	4.400000e+03	3.330450e-09	0.000000e+00	3.486127e-09
4.400000e+03	4.440000e+03	1.317652e-08	5.294994e-08	0.000000e+00
4.440000e+03	4.480000e+03	4.068702e-09	0.000000e+00	3.548970e-09
4.480000e+03	4.520000e+03	3.737645e-09	1.772100e-09	3.335245e-09
4.520000e+03	4.560000e+03	7.048138e-09	3.512018e-09	0.000000e+00
4.560000e+03	4.600000e+03	2.194972e-09	2.364830e-10	2.984070e-09
4.600000e+03	4.640000e+03	-3.837910e-09	0.000000e+00	7.991255e-09
4.640000e+03	4.680000e+03	2.095343e-09	4.937142e-10	6.907359e-09
4.680000e+03	4.720000e+03	1.063055e-09	7.346190e-09	8.626110e-09
4.720000e+03	4.760000e+03	3.217875e-09	2.525924e-09	1.734715e-09
4.760000e+03	4.800000e+03	8.910387e-09	1.764944e-08	5.042660e-09
4.800000e+03	4.840000e+03	3.713512e-09	3.374384e-09	0.000000e+00
4.840000e+03	4.880000e+03	1.194501e-09	0.000000e+00	7.199103e-10
4.880000e+03	4.920000e+03	5.482130e-10	0.000000e+00	1.200596e-09
4.920000e+03	4.960000e+03	1.436658e-09	5.153707e-10	2.184892e-09
4.960000e+03	5.000000e+03	1.258424e-09	4.134625e-11	5.273117e-10
5.000000e+03	5.040000e+03	2.757240e-09	6.870485e-09	0.000000e+00
5.040000e+03	5.080000e+03	1.669459e-09	1.155655e-09	0.000000e+00
5.080000e+03	5.120000e+03	2.051294e-09	1.456414e-09	0.000000e+00
5.120000e+03	5.160000e+03	6.710590e-10	1.413432e-10	1.899246e-09
5.160000e+03	5.200000e+03	3.610862e-10	8.677170e-10	0.000000e+00
5.200000e+03	5.240000e+03	2.491959e-09	2.043027e-09	0.000000e+00
5.240000e+03	5.280000e+03	2.306032e-10	0.000000e+00	3.107558e-10
5.280000e+03	5.320000e+03	1.414735e-09	3.925802e-09	0.000000e+00
5.320000e+03	5.360000e+03	2.825082e-09	2.708960e-09	0.000000e+00
5.360000e+03	5.400000e+03	7.163150e-10	5.631989e-10	0.000000e+00
5.400000e+03	5.440000e+03	1.355074e-09	1.554578e-09	0.000000e+00
5.440000e+03	5.480000e+03	1.891868e-10	0.000000e+00	2.697868e-09
5.480000e+03	5.520000e+03	-4.849000e-11	0.000000e+00	2.221218e-10
5.520000e+03	5.560000e+03	4.667615e-11	0.000000e+00	9.563500e-11
5.560000e+03	5.600000e+03	1.694321e-10	0.000000e+00	6.140649e-10
5.600000e+03	5.640000e+03	2.380101e-10	1.667758e-10	0.000000e+00
5.640000e+03	5.680000e+03	2.533773e-10	2.537969e-10	7.308590e-10
5.680000e+03	5.720000e+03	8.339402e-10	1.403773e-09	0.000000e+00
5.720000e+03	5.760000e+03	4.613035e-11	0.000000e+00	1.563237e-10
5.760000e+03	5.800000e+03	3.237165e-11	0.000000e+00	6.194496e-10
5.800000e+03	5.840000e+03	-9.384732e-10	0.000000e+00	1.088587e-09
5.840000e+03	5.880000e+03	6.768570e-11	6.794383e-11	0.000000e+00
5.880000e+03	5.920000e+03	-4.681655e-10	0.000000e+00	2.779735e-09
5.920000e+03	5.960000e+03	8.446973e-11	0.000000e+00	3.329220e-11
5.960000e+03	6.000000e+03	1.398665e-10	1.191048e-10	0.000000e+00
# END HISTO1D


# BEGIN HISTO1D //homes/tinghua1/Merging-Project/Production/HJETS/ratio-plots/hjets-matched-errorband/H-N2-3-4-25gev-combine.yoda/MC_H2JETS_04_INC/j2j4_mass
ErrorBandColor=blue
ErrorBandOpacity=0.3
ErrorBands=1
ErrorType=env
LineColor=blue
LineStyle=solid
Path=//homes/tinghua1/Merging-Project/Production/HJETS/ratio-plots/hjets-matched-errorband/H-N2-3-4-25gev-combine.yoda/MC_H2JETS_04_INC/j2j4_mass
RatioPlotSameStyle=1
Title=h(2*,3,4)
# xlow	 xhigh	 val	 errminus	 errplus
0.000000e+00	4.000000e+01	4.927455e-04	5.535675e-05	1.007860e-04
4.000000e+01	8.000000e+01	1.247545e-03	1.638347e-04	2.507625e-04
8.000000e+01	1.200000e+02	1.117479e-03	1.474305e-04	1.531265e-04
1.200000e+02	1.600000e+02	6.186760e-04	7.862300e-05	1.164117e-04
1.600000e+02	2.000000e+02	3.914600e-04	5.441300e-05	7.423675e-05
2.000000e+02	2.400000e+02	2.810395e-04	4.047267e-05	5.168675e-05
2.400000e+02	2.800000e+02	2.116854e-04	3.534398e-05	3.628925e-05
2.800000e+02	3.200000e+02	1.644544e-04	2.585475e-05	2.205875e-05
3.200000e+02	3.600000e+02	1.398562e-04	2.676012e-05	1.817147e-05
3.600000e+02	4.000000e+02	1.107273e-04	1.623575e-05	2.018450e-05
4.000000e+02	4.400000e+02	9.207360e-05	1.362800e-05	1.929858e-05
4.400000e+02	4.800000e+02	7.872465e-05	1.135337e-05	1.543832e-05
4.800000e+02	5.200000e+02	6.837957e-05	1.006553e-05	1.391408e-05
5.200000e+02	5.600000e+02	5.836908e-05	8.808450e-06	1.344412e-05
5.600000e+02	6.000000e+02	5.047362e-05	5.858000e-06	9.598425e-06
6.000000e+02	6.400000e+02	4.529778e-05	6.800750e-06	8.165975e-06
6.400000e+02	6.800000e+02	3.933795e-05	6.043975e-06	7.505925e-06
6.800000e+02	7.200000e+02	3.437975e-05	5.861900e-06	8.653300e-06
7.200000e+02	7.600000e+02	3.202083e-05	6.357850e-06	7.623775e-06
7.600000e+02	8.000000e+02	3.006893e-05	6.331020e-06	2.938225e-06
8.000000e+02	8.400000e+02	2.363279e-05	2.583585e-06	7.175360e-06
8.400000e+02	8.800000e+02	2.338334e-05	5.185020e-06	3.964430e-06
8.800000e+02	9.200000e+02	2.046258e-05	4.561600e-06	2.826800e-06
9.200000e+02	9.600000e+02	1.739593e-05	2.775763e-06	3.740705e-06
9.600000e+02	1.000000e+03	1.655963e-05	3.898978e-06	2.612207e-06
1.000000e+03	1.040000e+03	1.442928e-05	2.388605e-06	3.457567e-06
1.040000e+03	1.080000e+03	1.317109e-05	2.258770e-06	2.306687e-06
1.080000e+03	1.120000e+03	1.348760e-05	3.650320e-06	9.565350e-07
1.120000e+03	1.160000e+03	1.097163e-05	1.304962e-06	1.459100e-06
1.160000e+03	1.200000e+03	1.013807e-05	2.085875e-06	2.269295e-06
1.200000e+03	1.240000e+03	8.608830e-06	1.670255e-06	2.106097e-06
1.240000e+03	1.280000e+03	8.039150e-06	1.539400e-06	2.230387e-06
1.280000e+03	1.320000e+03	7.275798e-06	1.451175e-06	1.920180e-06
1.320000e+03	1.360000e+03	6.441575e-06	1.071345e-06	1.550923e-06
1.360000e+03	1.400000e+03	6.209125e-06	1.384505e-06	9.891900e-07
1.400000e+03	1.440000e+03	5.018928e-06	6.068275e-07	1.888317e-06
1.440000e+03	1.480000e+03	5.349855e-06	1.492790e-06	4.666675e-07
1.480000e+03	1.520000e+03	5.173127e-06	1.503387e-06	0.000000e+00
1.520000e+03	1.560000e+03	4.499997e-06	1.210692e-06	5.389075e-07
1.560000e+03	1.600000e+03	3.683067e-06	8.155750e-08	1.317810e-06
1.600000e+03	1.640000e+03	4.573695e-06	1.753183e-06	0.000000e+00
1.640000e+03	1.680000e+03	2.899373e-06	1.490275e-07	1.121262e-06
1.680000e+03	1.720000e+03	2.792667e-06	2.343550e-07	4.418250e-07
1.720000e+03	1.760000e+03	2.823302e-06	5.120635e-07	4.393900e-07
1.760000e+03	1.800000e+03	2.193775e-06	2.573315e-07	8.331673e-07
1.800000e+03	1.840000e+03	2.219137e-06	3.807473e-07	5.928280e-07
1.840000e+03	1.880000e+03	2.063452e-06	0.000000e+00	4.085400e-07
1.880000e+03	1.920000e+03	1.840186e-06	1.024348e-07	5.545532e-07
1.920000e+03	1.960000e+03	1.705232e-06	4.819368e-07	1.438387e-07
1.960000e+03	2.000000e+03	1.534075e-06	3.482840e-07	5.588982e-07
2.000000e+03	2.040000e+03	1.288552e-06	0.000000e+00	4.441200e-07
2.040000e+03	2.080000e+03	1.396743e-06	4.992880e-07	2.239115e-07
2.080000e+03	2.120000e+03	1.093269e-06	2.173450e-07	3.942900e-07
2.120000e+03	2.160000e+03	1.088944e-06	1.608375e-07	4.262835e-07
2.160000e+03	2.200000e+03	9.130930e-07	1.522328e-07	2.088807e-07
2.200000e+03	2.240000e+03	7.336185e-07	1.251930e-07	3.403557e-07
2.240000e+03	2.280000e+03	8.364060e-07	2.099208e-07	2.342542e-07
2.280000e+03	2.320000e+03	5.976943e-07	0.000000e+00	1.549445e-07
2.320000e+03	2.360000e+03	7.314328e-07	1.641663e-07	1.011215e-07
2.360000e+03	2.400000e+03	6.555980e-07	9.751875e-08	6.007775e-08
2.400000e+03	2.440000e+03	6.321142e-07	4.698550e-08	4.558200e-08
2.440000e+03	2.480000e+03	4.834525e-07	5.684500e-08	2.289755e-07
2.480000e+03	2.520000e+03	4.291265e-07	7.354775e-08	1.057572e-07
2.520000e+03	2.560000e+03	6.870910e-07	3.239777e-07	0.000000e+00
2.560000e+03	2.600000e+03	3.897545e-07	1.067475e-07	1.183930e-07
2.600000e+03	2.640000e+03	3.660515e-07	8.008200e-08	2.042930e-07
2.640000e+03	2.680000e+03	3.145482e-07	0.000000e+00	1.272520e-07
2.680000e+03	2.720000e+03	2.555420e-07	0.000000e+00	1.101085e-07
2.720000e+03	2.760000e+03	2.729280e-07	1.445375e-08	1.299535e-07
2.760000e+03	2.800000e+03	3.658447e-07	1.229223e-07	0.000000e+00
2.800000e+03	2.840000e+03	1.765064e-07	0.000000e+00	1.737536e-07
2.840000e+03	2.880000e+03	2.174002e-07	6.311458e-08	1.706376e-07
2.880000e+03	2.920000e+03	8.869337e-08	0.000000e+00	3.591731e-07
2.920000e+03	2.960000e+03	1.957954e-07	4.442230e-08	2.106750e-09
2.960000e+03	3.000000e+03	1.432643e-07	5.065070e-08	2.840442e-08
3.000000e+03	3.040000e+03	1.301991e-07	2.563555e-08	1.767005e-08
3.040000e+03	3.080000e+03	1.652799e-07	5.902355e-08	1.362418e-08
3.080000e+03	3.120000e+03	1.189324e-07	2.894810e-08	8.129588e-08
3.120000e+03	3.160000e+03	1.334154e-07	8.572300e-09	0.000000e+00
3.160000e+03	3.200000e+03	9.539760e-08	4.221695e-08	3.180600e-09
3.200000e+03	3.240000e+03	1.033209e-07	3.927672e-08	2.645307e-08
3.240000e+03	3.280000e+03	9.064342e-08	3.265705e-08	3.051660e-08
3.280000e+03	3.320000e+03	1.317807e-07	6.751453e-08	0.000000e+00
3.320000e+03	3.360000e+03	5.073763e-08	0.000000e+00	6.859875e-08
3.360000e+03	3.400000e+03	4.635145e-08	0.000000e+00	5.419010e-08
3.400000e+03	3.440000e+03	1.015926e-07	5.078017e-08	0.000000e+00
3.440000e+03	3.480000e+03	5.722932e-08	2.454852e-08	8.427075e-09
3.480000e+03	3.520000e+03	5.887060e-08	4.630859e-08	0.000000e+00
3.520000e+03	3.560000e+03	7.386813e-08	4.851623e-08	0.000000e+00
3.560000e+03	3.600000e+03	2.077207e-08	0.000000e+00	2.743451e-08
3.600000e+03	3.640000e+03	1.663465e-08	0.000000e+00	3.087772e-08
3.640000e+03	3.680000e+03	4.438810e-08	4.662550e-09	0.000000e+00
3.680000e+03	3.720000e+03	2.586460e-08	5.911750e-10	8.820050e-09
3.720000e+03	3.760000e+03	2.263230e-08	0.000000e+00	2.111888e-08
3.760000e+03	3.800000e+03	1.531925e-08	2.096235e-09	2.118337e-08
3.800000e+03	3.840000e+03	2.328269e-08	1.176095e-08	3.135156e-08
3.840000e+03	3.880000e+03	4.657023e-08	2.711081e-08	1.915575e-09
3.880000e+03	3.920000e+03	1.303576e-08	0.000000e+00	1.572837e-08
3.920000e+03	3.960000e+03	1.076201e-08	0.000000e+00	1.691872e-08
3.960000e+03	4.000000e+03	2.588228e-08	1.704555e-08	8.048450e-09
4.000000e+03	4.040000e+03	1.195852e-08	0.000000e+00	5.767848e-09
4.040000e+03	4.080000e+03	5.347350e-09	0.000000e+00	4.898570e-09
4.080000e+03	4.120000e+03	7.428473e-09	0.000000e+00	7.089215e-09
4.120000e+03	4.160000e+03	2.636545e-08	1.938395e-08	0.000000e+00
4.160000e+03	4.200000e+03	6.678390e-09	0.000000e+00	3.067294e-07
4.200000e+03	4.240000e+03	1.377067e-08	1.013045e-08	0.000000e+00
4.240000e+03	4.280000e+03	-3.114585e-09	0.000000e+00	1.193769e-08
4.280000e+03	4.320000e+03	5.820507e-09	0.000000e+00	2.664693e-09
4.320000e+03	4.360000e+03	5.654950e-09	2.567882e-09	0.000000e+00
4.360000e+03	4.400000e+03	2.612617e-08	2.162569e-08	0.000000e+00
4.400000e+03	4.440000e+03	7.676095e-09	3.591815e-09	4.582310e-09
4.440000e+03	4.480000e+03	9.997915e-09	7.501307e-09	0.000000e+00
4.480000e+03	4.520000e+03	2.662348e-09	0.000000e+00	1.698928e-09
4.520000e+03	4.560000e+03	5.320972e-09	9.217435e-09	0.000000e+00
4.560000e+03	4.600000e+03	1.591938e-08	1.532288e-08	0.000000e+00
4.600000e+03	4.640000e+03	2.785337e-09	1.198774e-09	4.618550e-10
4.640000e+03	4.680000e+03	1.927142e-09	7.298210e-10	2.275037e-09
4.680000e+03	4.720000e+03	3.062592e-09	2.053694e-09	0.000000e+00
4.720000e+03	4.760000e+03	1.837737e-09	7.839505e-10	2.215948e-09
4.760000e+03	4.800000e+03	7.395317e-10	0.000000e+00	1.510620e-09
4.800000e+03	4.840000e+03	1.465875e-09	5.963405e-10	0.000000e+00
4.840000e+03	4.880000e+03	-1.248377e-10	0.000000e+00	1.306143e-09
4.880000e+03	4.920000e+03	1.097081e-09	0.000000e+00	3.641602e-08
4.920000e+03	4.960000e+03	1.119982e-09	7.045362e-10	0.000000e+00
4.960000e+03	5.000000e+03	4.013135e-10	3.223692e-10	4.889075e-11
5.000000e+03	5.040000e+03	1.763449e-09	2.726353e-09	1.185906e-09
5.040000e+03	5.080000e+03	6.183043e-10	2.375373e-10	0.000000e+00
5.080000e+03	5.120000e+03	7.959083e-10	2.120615e-10	1.550035e-10
5.120000e+03	5.160000e+03	9.681918e-10	1.015310e-10	1.839617e-10
5.160000e+03	5.200000e+03	6.268688e-10	2.636750e-10	0.000000e+00
5.200000e+03	5.240000e+03	1.477110e-09	9.088705e-10	0.000000e+00
5.240000e+03	5.280000e+03	3.397652e-10	0.000000e+00	2.081056e-09
5.280000e+03	5.320000e+03	2.221334e-09	1.950999e-09	0.000000e+00
5.320000e+03	5.360000e+03	2.200254e-10	1.678388e-10	7.297138e-10
5.360000e+03	5.400000e+03	-1.688262e-09	0.000000e+00	1.915718e-09
5.400000e+03	5.440000e+03	1.930179e-10	1.484811e-10	8.364334e-10
5.440000e+03	5.480000e+03	1.454310e-10	2.821646e-10	6.664465e-10
5.480000e+03	5.520000e+03	-2.311564e-09	0.000000e+00	2.519562e-09
5.520000e+03	5.560000e+03	1.356600e-10	1.122277e-10	1.707080e-11
5.560000e+03	5.600000e+03	7.410790e-11	1.803780e-10	1.654820e-10
5.600000e+03	5.640000e+03	2.194697e-10	1.478044e-10	5.712328e-11
5.640000e+03	5.680000e+03	1.255460e-10	6.006945e-11	0.000000e+00
5.680000e+03	5.720000e+03	3.349440e-11	3.492684e-10	2.202755e-11
5.720000e+03	5.760000e+03	1.826834e-10	1.029988e-10	1.181863e-10
5.760000e+03	5.800000e+03	1.279382e-10	7.936227e-11	0.000000e+00
5.800000e+03	5.840000e+03	2.908058e-11	0.000000e+00	3.325044e-10
5.840000e+03	5.880000e+03	1.434093e-10	7.236927e-11	0.000000e+00
5.880000e+03	5.920000e+03	5.013448e-11	1.750712e-10	0.000000e+00
5.920000e+03	5.960000e+03	1.490221e-10	7.444127e-11	0.000000e+00
5.960000e+03	6.000000e+03	1.854222e-10	0.000000e+00	1.047215e-09
# END HISTO1D


# BEGIN HISTO1D //homes/tinghua1/Merging-Project/Production/HJETS/ratio-plots/hjets-matched-errorband/H-2-3-4-25gev-combine.yoda/MC_H2JETS_04_INC/j2j4_mass
ErrorBandColor=yellow
ErrorBandOpacity=0.3
ErrorBands=1
ErrorType=env
LineColor=yellow
LineStyle=solid
Path=//homes/tinghua1/Merging-Project/Production/HJETS/ratio-plots/hjets-matched-errorband/H-2-3-4-25gev-combine.yoda/MC_H2JETS_04_INC/j2j4_mass
RatioPlotSameStyle=1
Title=h(2,3,4)
# xlow	 xhigh	 val	 errminus	 errplus
0.000000e+00	4.000000e+01	4.566888e-04	5.019000e-05	8.840925e-05
4.000000e+01	8.000000e+01	1.115854e-03	1.359983e-04	1.710622e-04
8.000000e+01	1.200000e+02	9.798467e-04	1.076247e-04	1.202678e-04
1.200000e+02	1.600000e+02	5.425415e-04	6.554625e-05	7.706350e-05
1.600000e+02	2.000000e+02	3.472660e-04	4.833500e-05	5.253475e-05
2.000000e+02	2.400000e+02	2.447369e-04	3.407893e-05	4.149112e-05
2.400000e+02	2.800000e+02	1.887922e-04	2.649275e-05	3.336830e-05
2.800000e+02	3.200000e+02	1.477065e-04	1.670425e-05	2.817470e-05
3.200000e+02	3.600000e+02	1.228891e-04	1.774760e-05	2.359725e-05
3.600000e+02	4.000000e+02	1.042472e-04	1.799190e-05	1.904580e-05
4.000000e+02	4.400000e+02	8.796437e-05	1.394237e-05	1.683755e-05
4.400000e+02	4.800000e+02	7.459998e-05	1.190460e-05	1.756390e-05
4.800000e+02	5.200000e+02	6.714563e-05	1.120145e-05	1.322702e-05
5.200000e+02	5.600000e+02	5.766878e-05	1.015405e-05	1.076230e-05
5.600000e+02	6.000000e+02	5.009405e-05	8.314800e-06	1.157883e-05
6.000000e+02	6.400000e+02	4.226292e-05	5.740350e-06	1.240133e-05
6.400000e+02	6.800000e+02	3.979760e-05	7.439550e-06	9.639400e-06
6.800000e+02	7.200000e+02	3.437707e-05	6.014825e-06	7.556250e-06
7.200000e+02	7.600000e+02	3.125683e-05	6.881268e-06	7.681925e-06
7.600000e+02	8.000000e+02	2.782302e-05	5.159088e-06	8.292700e-06
8.000000e+02	8.400000e+02	2.477989e-05	4.626470e-06	8.123107e-06
8.400000e+02	8.800000e+02	2.178456e-05	4.132048e-06	8.741470e-06
8.800000e+02	9.200000e+02	2.009550e-05	4.400340e-06	5.649045e-06
9.200000e+02	9.600000e+02	1.821004e-05	3.902530e-06	5.180685e-06
9.600000e+02	1.000000e+03	1.637226e-05	3.291083e-06	3.212625e-06
1.000000e+03	1.040000e+03	1.523680e-05	3.114370e-06	2.262780e-06
1.040000e+03	1.080000e+03	1.296262e-05	2.492112e-06	3.622003e-06
1.080000e+03	1.120000e+03	1.278515e-05	3.303927e-06	1.960367e-06
1.120000e+03	1.160000e+03	1.018933e-05	5.807875e-07	3.035855e-06
1.160000e+03	1.200000e+03	9.969252e-06	1.528907e-06	1.845250e-06
1.200000e+03	1.240000e+03	8.342580e-06	1.389285e-06	2.297773e-06
1.240000e+03	1.280000e+03	7.773917e-06	1.475500e-06	2.149763e-06
1.280000e+03	1.320000e+03	7.550637e-06	2.008192e-06	1.407725e-06
1.320000e+03	1.360000e+03	6.618107e-06	7.862825e-07	1.927283e-06
1.360000e+03	1.400000e+03	5.909020e-06	1.467765e-06	1.417492e-06
1.400000e+03	1.440000e+03	5.200297e-06	8.717375e-07	1.837450e-06
1.440000e+03	1.480000e+03	4.832608e-06	9.634175e-07	1.600605e-06
1.480000e+03	1.520000e+03	4.592250e-06	1.064660e-06	1.327017e-06
1.520000e+03	1.560000e+03	4.312640e-06	1.206728e-06	9.727600e-07
1.560000e+03	1.600000e+03	3.533315e-06	4.012800e-07	1.324058e-06
1.600000e+03	1.640000e+03	3.626290e-06	4.969550e-07	6.657400e-07
1.640000e+03	1.680000e+03	3.221192e-06	4.622000e-07	1.170120e-06
1.680000e+03	1.720000e+03	2.739710e-06	6.249020e-07	9.560225e-07
1.720000e+03	1.760000e+03	2.493444e-06	3.941425e-07	5.046505e-07
1.760000e+03	1.800000e+03	2.354277e-06	2.853212e-07	1.027080e-06
1.800000e+03	1.840000e+03	2.086803e-06	3.271960e-07	1.014490e-06
1.840000e+03	1.880000e+03	1.806370e-06	2.429197e-07	7.333072e-07
1.880000e+03	1.920000e+03	1.781283e-06	4.670357e-07	6.567728e-07
1.920000e+03	1.960000e+03	2.181154e-06	9.340110e-07	0.000000e+00
1.960000e+03	2.000000e+03	1.411866e-06	1.400200e-07	8.624015e-07
2.000000e+03	2.040000e+03	1.689202e-06	5.191765e-07	0.000000e+00
2.040000e+03	2.080000e+03	1.227914e-06	1.457230e-07	3.602843e-07
2.080000e+03	2.120000e+03	1.156019e-06	2.460203e-07	2.645448e-07
2.120000e+03	2.160000e+03	1.142221e-06	2.803265e-07	1.792035e-07
2.160000e+03	2.200000e+03	9.383658e-07	1.719143e-07	2.968010e-07
2.200000e+03	2.240000e+03	7.918598e-07	9.857800e-08	2.825095e-07
2.240000e+03	2.280000e+03	8.945650e-07	2.451055e-07	3.812290e-07
2.280000e+03	2.320000e+03	6.811058e-07	6.821375e-08	1.419745e-07
2.320000e+03	2.360000e+03	6.378520e-07	1.180265e-07	3.672843e-07
2.360000e+03	2.400000e+03	7.203087e-07	1.768640e-07	0.000000e+00
2.400000e+03	2.440000e+03	5.636540e-07	1.655875e-07	3.549275e-07
2.440000e+03	2.480000e+03	5.009820e-07	9.550550e-08	3.083075e-07
2.480000e+03	2.520000e+03	4.838548e-07	1.166495e-07	2.784438e-07
2.520000e+03	2.560000e+03	4.722832e-07	1.048192e-07	7.412575e-08
2.560000e+03	2.600000e+03	3.399872e-07	5.207175e-08	1.342050e-07
2.600000e+03	2.640000e+03	3.899970e-07	1.196193e-07	8.446900e-08
2.640000e+03	2.680000e+03	3.520142e-07	1.145053e-07	1.336515e-07
2.680000e+03	2.720000e+03	3.506393e-07	9.797700e-08	7.178525e-08
2.720000e+03	2.760000e+03	2.776340e-07	0.000000e+00	1.760253e-07
2.760000e+03	2.800000e+03	2.450566e-07	5.730820e-08	7.210863e-08
2.800000e+03	2.840000e+03	2.385607e-07	4.603125e-09	5.015155e-08
2.840000e+03	2.880000e+03	2.279840e-07	7.096745e-08	4.190127e-08
2.880000e+03	2.920000e+03	1.738562e-07	1.477282e-08	1.080880e-07
2.920000e+03	2.960000e+03	1.910367e-07	6.937835e-08	3.935280e-08
2.960000e+03	3.000000e+03	1.976695e-07	6.134033e-08	1.810875e-09
3.000000e+03	3.040000e+03	1.454451e-07	3.000773e-08	9.033637e-08
3.040000e+03	3.080000e+03	2.140746e-07	1.172255e-07	0.000000e+00
3.080000e+03	3.120000e+03	1.069199e-07	1.893583e-08	4.595272e-08
3.120000e+03	3.160000e+03	1.107841e-07	3.580332e-08	1.006095e-08
3.160000e+03	3.200000e+03	9.721515e-08	1.209300e-09	3.200278e-08
3.200000e+03	3.240000e+03	1.240438e-07	5.130740e-08	0.000000e+00
3.240000e+03	3.280000e+03	7.132847e-08	0.000000e+00	9.334750e-09
3.280000e+03	3.320000e+03	5.919268e-08	0.000000e+00	3.581672e-08
3.320000e+03	3.360000e+03	6.213665e-08	0.000000e+00	5.862872e-08
3.360000e+03	3.400000e+03	5.459265e-08	1.814605e-08	1.151417e-08
3.400000e+03	3.440000e+03	1.164626e-07	7.988515e-08	0.000000e+00
3.440000e+03	3.480000e+03	8.660703e-08	3.449690e-08	0.000000e+00
3.480000e+03	3.520000e+03	4.028220e-08	0.000000e+00	2.055775e-08
3.520000e+03	3.560000e+03	2.386002e-08	0.000000e+00	2.979470e-08
3.560000e+03	3.600000e+03	3.997850e-08	1.778425e-08	1.182010e-08
3.600000e+03	3.640000e+03	6.544210e-08	3.553055e-08	0.000000e+00
3.640000e+03	3.680000e+03	2.132809e-08	5.143180e-09	5.013350e-10
3.680000e+03	3.720000e+03	2.831468e-08	8.318630e-09	1.331300e-08
3.720000e+03	3.760000e+03	2.437206e-08	4.383618e-09	1.378441e-08
3.760000e+03	3.800000e+03	5.293082e-08	3.864122e-08	0.000000e+00
3.800000e+03	3.840000e+03	2.189687e-08	1.574125e-09	3.061470e-08
3.840000e+03	3.880000e+03	2.992505e-08	3.101021e-08	0.000000e+00
3.880000e+03	3.920000e+03	1.459808e-08	0.000000e+00	1.574142e-08
3.920000e+03	3.960000e+03	1.269336e-08	0.000000e+00	6.492475e-09
3.960000e+03	4.000000e+03	1.042628e-08	4.814992e-09	6.189082e-09
4.000000e+03	4.040000e+03	1.343009e-08	7.650523e-09	5.761013e-09
4.040000e+03	4.080000e+03	1.173943e-08	3.850038e-09	1.784002e-09
4.080000e+03	4.120000e+03	1.573840e-08	6.181505e-09	0.000000e+00
4.120000e+03	4.160000e+03	1.047183e-08	3.588485e-09	6.398878e-09
4.160000e+03	4.200000e+03	4.289632e-08	5.009995e-08	0.000000e+00
4.200000e+03	4.240000e+03	3.123825e-08	2.408331e-08	0.000000e+00
4.240000e+03	4.280000e+03	6.828782e-09	2.150852e-09	2.980595e-09
4.280000e+03	4.320000e+03	5.793230e-09	5.065750e-11	0.000000e+00
4.320000e+03	4.360000e+03	4.761880e-09	8.202000e-10	7.653200e-10
4.360000e+03	4.400000e+03	1.081987e-08	9.919243e-09	0.000000e+00
4.400000e+03	4.440000e+03	3.690515e-09	2.225818e-09	1.165212e-09
4.440000e+03	4.480000e+03	6.393758e-10	0.000000e+00	4.302577e-09
4.480000e+03	4.520000e+03	6.486205e-09	2.580942e-09	0.000000e+00
4.520000e+03	4.560000e+03	3.972887e-09	0.000000e+00	2.119790e-09
4.560000e+03	4.600000e+03	1.873391e-09	0.000000e+00	3.929617e-09
4.600000e+03	4.640000e+03	1.516777e-09	0.000000e+00	1.612876e-09
4.640000e+03	4.680000e+03	8.818033e-09	7.052277e-09	0.000000e+00
4.680000e+03	4.720000e+03	3.317540e-09	8.140400e-10	0.000000e+00
4.720000e+03	4.760000e+03	2.417517e-09	2.360950e-09	3.935748e-09
4.760000e+03	4.800000e+03	1.618134e-09	2.029833e-09	1.269286e-09
4.800000e+03	4.840000e+03	1.349238e-09	3.301737e-10	8.398190e-10
4.840000e+03	4.880000e+03	1.389510e-09	9.640650e-10	2.497583e-09
4.880000e+03	4.920000e+03	2.535765e-09	1.735736e-09	0.000000e+00
4.920000e+03	4.960000e+03	-2.194517e-09	0.000000e+00	9.467637e-09
4.960000e+03	5.000000e+03	1.419146e-09	8.800620e-10	2.231308e-10
5.000000e+03	5.040000e+03	1.455066e-09	2.665902e-10	1.497859e-09
5.040000e+03	5.080000e+03	5.885527e-10	1.817047e-10	3.790120e-10
5.080000e+03	5.120000e+03	4.831802e-10	0.000000e+00	3.241888e-10
5.120000e+03	5.160000e+03	5.808103e-10	2.472570e-10	2.741072e-10
5.160000e+03	5.200000e+03	1.672297e-10	0.000000e+00	6.532205e-10
5.200000e+03	5.240000e+03	3.096348e-10	0.000000e+00	9.043083e-10
5.240000e+03	5.280000e+03	3.092915e-10	0.000000e+00	1.619681e-09
5.280000e+03	5.320000e+03	-2.804787e-10	0.000000e+00	1.872551e-09
5.320000e+03	5.360000e+03	6.925367e-10	5.596289e-10	6.881990e-10
5.360000e+03	5.400000e+03	5.123918e-10	3.403125e-10	0.000000e+00
5.400000e+03	5.440000e+03	3.897063e-10	0.000000e+00	1.324192e-09
5.440000e+03	5.480000e+03	1.344833e-10	0.000000e+00	1.649670e-10
5.480000e+03	5.520000e+03	1.790320e-10	1.829247e-11	1.439680e-11
5.520000e+03	5.560000e+03	8.175215e-11	0.000000e+00	6.625036e-10
5.560000e+03	5.600000e+03	4.349462e-11	0.000000e+00	3.608489e-10
5.600000e+03	5.640000e+03	9.143660e-11	0.000000e+00	5.883441e-10
5.640000e+03	5.680000e+03	9.286500e-11	0.000000e+00	1.891323e-10
5.680000e+03	5.720000e+03	1.022032e-10	1.014277e-11	1.453019e-10
5.720000e+03	5.760000e+03	8.412177e-11	3.971830e-11	3.780593e-11
5.760000e+03	5.800000e+03	4.358570e-10	3.657425e-10	0.000000e+00
5.800000e+03	5.840000e+03	-2.211405e-11	0.000000e+00	3.243500e-10
5.840000e+03	5.880000e+03	1.939472e-10	1.332129e-10	0.000000e+00
5.880000e+03	5.920000e+03	9.639393e-12	0.000000e+00	8.174288e-11
5.920000e+03	5.960000e+03	2.654017e-10	1.906116e-10	0.000000e+00
5.960000e+03	6.000000e+03	6.986325e-11	0.000000e+00	1.996572e-10
# END HISTO1D


# BEGIN HISTO1D //homes/tinghua1/Merging-Project/Production/HJETS/ratio-plots/hjets-matched-errorband/H-N2-3-25gev-combine.yoda/MC_H2JETS_04_INC/j2j4_mass
ErrorBandColor=green
ErrorBandOpacity=0.3
ErrorBands=1
ErrorType=env
LineColor=green
LineStyle=solid
Path=//homes/tinghua1/Merging-Project/Production/HJETS/ratio-plots/hjets-matched-errorband/H-N2-3-25gev-combine.yoda/MC_H2JETS_04_INC/j2j4_mass
RatioPlotSameStyle=1
Title=h(2*,3)
# xlow	 xhigh	 val	 errminus	 errplus
0.000000e+00	4.000000e+01	5.063428e-04	5.637275e-05	9.484425e-05
4.000000e+01	8.000000e+01	1.172359e-03	1.523888e-04	1.975662e-04
8.000000e+01	1.200000e+02	9.641422e-04	1.120955e-04	1.697753e-04
1.200000e+02	1.600000e+02	5.245408e-04	7.301775e-05	1.057150e-04
1.600000e+02	2.000000e+02	3.198675e-04	4.294300e-05	6.338525e-05
2.000000e+02	2.400000e+02	2.201541e-04	2.968977e-05	4.317590e-05
2.400000e+02	2.800000e+02	1.643011e-04	2.215835e-05	3.099057e-05
2.800000e+02	3.200000e+02	1.305249e-04	1.996320e-05	2.232050e-05
3.200000e+02	3.600000e+02	1.055764e-04	1.498928e-05	1.912762e-05
3.600000e+02	4.000000e+02	8.780745e-05	1.266565e-05	1.486440e-05
4.000000e+02	4.400000e+02	7.384202e-05	1.020108e-05	1.508612e-05
4.400000e+02	4.800000e+02	6.448847e-05	1.004380e-05	1.209668e-05
4.800000e+02	5.200000e+02	5.583885e-05	8.852675e-06	9.787650e-06
5.200000e+02	5.600000e+02	4.804785e-05	6.688250e-06	1.012950e-05
5.600000e+02	6.000000e+02	4.228732e-05	7.087650e-06	8.691975e-06
6.000000e+02	6.400000e+02	3.743290e-05	5.700200e-06	6.635275e-06
6.400000e+02	6.800000e+02	3.220875e-05	4.386425e-06	8.361900e-06
6.800000e+02	7.200000e+02	2.899532e-05	4.459945e-06	5.992475e-06
7.200000e+02	7.600000e+02	2.549920e-05	4.088965e-06	5.689450e-06
7.600000e+02	8.000000e+02	2.279711e-05	3.135545e-06	4.164317e-06
8.000000e+02	8.400000e+02	2.086947e-05	8.841600e-07	3.899038e-06
8.400000e+02	8.800000e+02	1.828997e-05	2.903130e-06	4.361430e-06
8.800000e+02	9.200000e+02	1.647375e-05	3.003592e-06	3.559068e-06
9.200000e+02	9.600000e+02	1.482878e-05	2.292942e-06	3.269805e-06
9.600000e+02	1.000000e+03	1.308878e-05	2.012640e-06	3.207935e-06
1.000000e+03	1.040000e+03	1.191004e-05	2.037023e-06	2.460337e-06
1.040000e+03	1.080000e+03	1.050777e-05	1.736590e-06	2.439390e-06
1.080000e+03	1.120000e+03	9.799885e-06	1.460135e-06	1.676583e-06
1.120000e+03	1.160000e+03	8.821807e-06	1.518320e-06	1.848785e-06
1.160000e+03	1.200000e+03	7.565665e-06	1.285105e-06	1.675035e-06
1.200000e+03	1.240000e+03	7.151680e-06	1.255155e-06	1.810068e-06
1.240000e+03	1.280000e+03	6.210970e-06	8.835775e-07	1.567575e-06
1.280000e+03	1.320000e+03	6.029245e-06	1.263580e-06	1.183883e-06
1.320000e+03	1.360000e+03	5.270847e-06	8.718475e-07	1.080995e-06
1.360000e+03	1.400000e+03	4.663240e-06	5.295750e-07	1.126255e-06
1.400000e+03	1.440000e+03	4.221968e-06	6.665800e-07	1.203902e-06
1.440000e+03	1.480000e+03	3.788250e-06	4.029975e-07	1.119035e-06
1.480000e+03	1.520000e+03	3.592507e-06	5.150800e-07	7.295875e-07
1.520000e+03	1.560000e+03	3.290295e-06	8.023953e-07	1.065935e-06
1.560000e+03	1.600000e+03	2.871133e-06	3.834345e-07	1.068532e-06
1.600000e+03	1.640000e+03	2.678430e-06	4.349590e-07	5.789075e-07
1.640000e+03	1.680000e+03	2.453664e-06	4.099525e-07	4.046465e-07
1.680000e+03	1.720000e+03	2.228646e-06	4.981320e-07	3.557635e-07
1.720000e+03	1.760000e+03	2.056794e-06	2.967840e-07	4.483988e-07
1.760000e+03	1.800000e+03	1.879479e-06	3.625470e-07	3.486932e-07
1.800000e+03	1.840000e+03	1.634363e-06	2.632357e-07	4.108152e-07
1.840000e+03	1.880000e+03	1.548635e-06	3.412700e-07	3.577845e-07
1.880000e+03	1.920000e+03	1.420181e-06	2.693920e-07	3.802292e-07
1.920000e+03	1.960000e+03	1.288397e-06	2.340493e-07	2.706282e-07
1.960000e+03	2.000000e+03	1.252085e-06	2.390090e-07	2.287565e-07
2.000000e+03	2.040000e+03	1.236275e-06	3.666145e-07	1.664025e-07
2.040000e+03	2.080000e+03	9.808775e-07	1.710605e-07	2.811035e-07
2.080000e+03	2.120000e+03	8.909653e-07	1.801750e-07	2.890952e-07
2.120000e+03	2.160000e+03	8.337525e-07	1.674737e-07	1.571565e-07
2.160000e+03	2.200000e+03	7.161732e-07	1.387972e-07	2.636345e-07
2.200000e+03	2.240000e+03	7.154968e-07	1.381295e-07	1.510037e-07
2.240000e+03	2.280000e+03	5.661273e-07	4.821400e-08	1.837475e-07
2.280000e+03	2.320000e+03	6.210747e-07	1.078322e-07	1.420998e-07
2.320000e+03	2.360000e+03	5.447890e-07	1.306367e-07	4.361650e-08
2.360000e+03	2.400000e+03	4.990033e-07	1.196125e-07	9.762800e-08
2.400000e+03	2.440000e+03	4.588038e-07	9.051800e-08	7.842700e-08
2.440000e+03	2.480000e+03	3.774455e-07	6.840150e-08	1.098137e-07
2.480000e+03	2.520000e+03	3.395365e-07	7.095250e-08	5.742700e-08
2.520000e+03	2.560000e+03	3.206760e-07	6.364775e-08	1.176367e-07
2.560000e+03	2.600000e+03	2.916928e-07	4.408248e-08	8.930150e-08
2.600000e+03	2.640000e+03	2.808940e-07	8.363540e-08	7.059800e-08
2.640000e+03	2.680000e+03	2.733918e-07	6.786705e-08	1.245050e-08
2.680000e+03	2.720000e+03	2.543922e-07	5.734570e-08	7.330250e-09
2.720000e+03	2.760000e+03	2.234965e-07	8.870148e-08	2.448300e-08
2.760000e+03	2.800000e+03	2.495807e-07	7.707773e-08	0.000000e+00
2.800000e+03	2.840000e+03	1.508344e-07	2.929450e-08	4.526685e-08
2.840000e+03	2.880000e+03	1.397961e-07	0.000000e+00	3.975470e-08
2.880000e+03	2.920000e+03	1.558011e-07	5.742483e-08	3.288000e-08
2.920000e+03	2.960000e+03	1.237751e-07	2.526775e-09	4.200742e-08
2.960000e+03	3.000000e+03	1.256627e-07	2.629752e-08	2.433242e-08
3.000000e+03	3.040000e+03	1.357814e-07	5.691585e-08	0.000000e+00
3.040000e+03	3.080000e+03	8.690928e-08	3.573125e-09	4.588943e-08
3.080000e+03	3.120000e+03	8.446582e-08	4.581000e-09	3.040305e-08
3.120000e+03	3.160000e+03	7.386407e-08	1.433262e-08	2.136315e-08
3.160000e+03	3.200000e+03	4.695388e-08	0.000000e+00	6.523025e-08
3.200000e+03	3.240000e+03	6.260740e-08	8.429675e-09	6.161975e-09
3.240000e+03	3.280000e+03	6.720175e-08	2.697298e-08	1.556510e-08
3.280000e+03	3.320000e+03	5.806047e-08	1.332092e-08	0.000000e+00
3.320000e+03	3.360000e+03	4.430200e-08	0.000000e+00	2.474205e-08
3.360000e+03	3.400000e+03	4.969930e-08	3.393989e-08	0.000000e+00
3.400000e+03	3.440000e+03	4.378432e-08	6.868925e-09	0.000000e+00
3.440000e+03	3.480000e+03	3.203050e-08	5.374300e-09	8.873275e-09
3.480000e+03	3.520000e+03	3.347523e-08	1.301094e-08	1.564743e-08
3.520000e+03	3.560000e+03	2.468547e-08	0.000000e+00	7.578558e-09
3.560000e+03	3.600000e+03	1.942749e-08	0.000000e+00	3.076281e-08
3.600000e+03	3.640000e+03	2.325345e-08	0.000000e+00	1.252397e-08
3.640000e+03	3.680000e+03	3.371500e-08	1.901250e-08	1.027983e-08
3.680000e+03	3.720000e+03	2.085710e-08	3.649285e-09	5.133795e-09
3.720000e+03	3.760000e+03	2.090473e-08	1.541020e-09	0.000000e+00
3.760000e+03	3.800000e+03	1.945244e-08	1.216326e-08	4.386447e-09
3.800000e+03	3.840000e+03	1.242756e-08	4.617417e-09	0.000000e+00
3.840000e+03	3.880000e+03	1.777032e-08	4.395225e-09	0.000000e+00
3.880000e+03	3.920000e+03	1.462142e-08	7.186215e-09	0.000000e+00
3.920000e+03	3.960000e+03	8.656660e-09	2.505538e-09	8.054697e-09
3.960000e+03	4.000000e+03	1.233815e-08	4.322202e-09	0.000000e+00
4.000000e+03	4.040000e+03	9.763215e-09	1.045593e-09	3.340430e-09
4.040000e+03	4.080000e+03	8.324442e-09	3.556650e-09	0.000000e+00
4.080000e+03	4.120000e+03	7.189880e-09	0.000000e+00	5.861083e-09
4.120000e+03	4.160000e+03	9.405383e-09	4.836688e-09	1.924442e-09
4.160000e+03	4.200000e+03	7.163842e-09	4.051345e-09	1.908550e-10
4.200000e+03	4.240000e+03	1.177092e-08	1.664437e-08	0.000000e+00
4.240000e+03	4.280000e+03	4.693372e-09	0.000000e+00	8.721650e-09
4.280000e+03	4.320000e+03	2.738768e-09	0.000000e+00	3.257900e-09
4.320000e+03	4.360000e+03	1.246244e-08	9.344758e-09	0.000000e+00
4.360000e+03	4.400000e+03	2.557115e-09	0.000000e+00	1.665918e-09
4.400000e+03	4.440000e+03	1.833745e-09	0.000000e+00	7.406473e-09
4.440000e+03	4.480000e+03	2.663943e-09	0.000000e+00	1.049692e-09
4.480000e+03	4.520000e+03	2.580140e-09	0.000000e+00	9.569600e-10
4.520000e+03	4.560000e+03	1.779885e-09	2.103640e-10	4.239237e-10
4.560000e+03	4.600000e+03	3.293777e-09	1.924071e-09	1.290753e-09
4.600000e+03	4.640000e+03	3.171837e-09	1.419708e-09	0.000000e+00
4.640000e+03	4.680000e+03	3.095302e-09	4.398250e-10	2.099350e-10
4.680000e+03	4.720000e+03	1.062222e-09	0.000000e+00	1.418538e-09
4.720000e+03	4.760000e+03	1.408180e-09	2.410032e-10	6.845463e-10
4.760000e+03	4.800000e+03	4.728642e-10	1.102275e-11	7.724995e-10
4.800000e+03	4.840000e+03	2.760675e-09	1.768516e-09	0.000000e+00
4.840000e+03	4.880000e+03	1.343994e-09	6.688050e-10	1.065804e-08
4.880000e+03	4.920000e+03	2.660662e-11	0.000000e+00	1.009663e-09
4.920000e+03	4.960000e+03	1.421637e-09	1.038553e-09	0.000000e+00
4.960000e+03	5.000000e+03	4.032432e-10	0.000000e+00	2.057734e-09
5.000000e+03	5.040000e+03	4.796690e-10	0.000000e+00	5.662597e-10
5.040000e+03	5.080000e+03	1.210414e-09	9.870105e-10	0.000000e+00
5.080000e+03	5.120000e+03	5.157130e-09	5.235038e-09	0.000000e+00
5.120000e+03	5.160000e+03	4.465347e-10	5.661174e-10	4.289350e-10
5.160000e+03	5.200000e+03	1.785382e-10	0.000000e+00	1.364558e-10
5.200000e+03	5.240000e+03	4.456115e-10	1.528083e-10	0.000000e+00
5.240000e+03	5.280000e+03	2.174191e-10	3.344349e-10	2.175844e-10
5.280000e+03	5.320000e+03	2.427485e-10	0.000000e+00	5.904990e-10
5.320000e+03	5.360000e+03	1.749999e-10	6.447905e-11	8.991391e-10
5.360000e+03	5.400000e+03	5.284835e-10	3.638553e-10	0.000000e+00
5.400000e+03	5.440000e+03	3.672832e-10	2.565056e-10	0.000000e+00
5.440000e+03	5.480000e+03	1.476626e-10	5.204750e-11	6.454422e-11
5.480000e+03	5.520000e+03	7.254548e-11	0.000000e+00	8.766182e-11
5.520000e+03	5.560000e+03	7.976410e-11	2.584540e-11	2.553793e-11
5.560000e+03	5.600000e+03	6.989093e-11	0.000000e+00	5.462876e-10
5.600000e+03	5.640000e+03	5.921137e-11	1.579457e-11	0.000000e+00
5.640000e+03	5.680000e+03	1.672767e-10	1.249689e-10	1.201520e-10
5.680000e+03	5.720000e+03	4.928513e-11	0.000000e+00	2.953804e-10
5.720000e+03	5.760000e+03	7.445410e-10	7.181725e-10	0.000000e+00
5.760000e+03	5.800000e+03	2.780848e-11	2.844650e-11	5.719672e-11
5.800000e+03	5.840000e+03	3.740323e-11	2.402279e-11	3.200650e-12
5.840000e+03	5.880000e+03	-4.347865e-12	0.000000e+00	2.904321e-10
5.880000e+03	5.920000e+03	3.307060e-11	0.000000e+00	1.460391e-10
5.920000e+03	5.960000e+03	3.565150e-12	0.000000e+00	3.712868e-10
5.960000e+03	6.000000e+03	2.113106e-11	0.000000e+00	7.553084e-11
# END HISTO1D


# BEGIN HISTO1D //homes/tinghua1/Merging-Project/Production/HJETS/ratio-plots/hjets-matched-errorband/H-2-3-25gev-combine.yoda/MC_H2JETS_04_INC/j2j4_mass
ErrorBandColor=purple
ErrorBandOpacity=0.3
ErrorBands=1
ErrorType=env
LineColor=purple
LineStyle=solid
Path=//homes/tinghua1/Merging-Project/Production/HJETS/ratio-plots/hjets-matched-errorband/H-2-3-25gev-combine.yoda/MC_H2JETS_04_INC/j2j4_mass
RatioPlotSameStyle=1
Title=h(2,3)
# xlow	 xhigh	 val	 errminus	 errplus
0.000000e+00	4.000000e+01	4.199015e-04	0.000000e+00	1.402032e-04
4.000000e+01	8.000000e+01	9.093805e-04	0.000000e+00	2.859390e-04
8.000000e+01	1.200000e+02	7.460690e-04	0.000000e+00	1.898428e-04
1.200000e+02	1.600000e+02	3.909692e-04	0.000000e+00	1.130430e-04
1.600000e+02	2.000000e+02	2.385384e-04	0.000000e+00	7.337888e-05
2.000000e+02	2.400000e+02	1.649636e-04	0.000000e+00	5.486252e-05
2.400000e+02	2.800000e+02	1.252295e-04	0.000000e+00	4.314752e-05
2.800000e+02	3.200000e+02	1.008748e-04	0.000000e+00	3.678727e-05
3.200000e+02	3.600000e+02	8.242027e-05	0.000000e+00	3.183813e-05
3.600000e+02	4.000000e+02	7.047400e-05	0.000000e+00	2.629595e-05
4.000000e+02	4.400000e+02	5.946617e-05	0.000000e+00	2.431870e-05
4.400000e+02	4.800000e+02	5.151950e-05	0.000000e+00	2.244490e-05
4.800000e+02	5.200000e+02	4.442868e-05	0.000000e+00	2.003667e-05
5.200000e+02	5.600000e+02	3.968498e-05	0.000000e+00	1.664187e-05
5.600000e+02	6.000000e+02	3.456765e-05	0.000000e+00	1.601900e-05
6.000000e+02	6.400000e+02	2.985070e-05	0.000000e+00	1.395380e-05
6.400000e+02	6.800000e+02	2.673410e-05	0.000000e+00	1.253538e-05
6.800000e+02	7.200000e+02	2.352187e-05	0.000000e+00	1.131159e-05
7.200000e+02	7.600000e+02	2.091116e-05	0.000000e+00	1.082831e-05
7.600000e+02	8.000000e+02	1.842639e-05	0.000000e+00	9.964515e-06
8.000000e+02	8.400000e+02	1.633156e-05	0.000000e+00	9.145442e-06
8.400000e+02	8.800000e+02	1.489391e-05	0.000000e+00	7.525883e-06
8.800000e+02	9.200000e+02	1.319814e-05	0.000000e+00	7.288830e-06
9.200000e+02	9.600000e+02	1.194981e-05	0.000000e+00	6.029070e-06
9.600000e+02	1.000000e+03	1.072999e-05	0.000000e+00	5.718232e-06
1.000000e+03	1.040000e+03	9.544730e-06	0.000000e+00	5.548755e-06
1.040000e+03	1.080000e+03	8.370505e-06	0.000000e+00	5.095792e-06
1.080000e+03	1.120000e+03	7.499288e-06	0.000000e+00	4.554927e-06
1.120000e+03	1.160000e+03	6.989553e-06	0.000000e+00	4.160135e-06
1.160000e+03	1.200000e+03	6.272953e-06	0.000000e+00	3.749000e-06
1.200000e+03	1.240000e+03	5.661395e-06	0.000000e+00	3.221188e-06
1.240000e+03	1.280000e+03	5.262802e-06	0.000000e+00	2.841862e-06
1.280000e+03	1.320000e+03	4.642725e-06	0.000000e+00	2.601183e-06
1.320000e+03	1.360000e+03	4.098848e-06	0.000000e+00	2.670820e-06
1.360000e+03	1.400000e+03	3.689510e-06	0.000000e+00	2.694103e-06
1.400000e+03	1.440000e+03	3.452870e-06	0.000000e+00	2.125240e-06
1.440000e+03	1.480000e+03	3.094943e-06	0.000000e+00	1.938297e-06
1.480000e+03	1.520000e+03	2.964935e-06	0.000000e+00	1.651573e-06
1.520000e+03	1.560000e+03	2.487287e-06	0.000000e+00	1.727045e-06
1.560000e+03	1.600000e+03	2.327759e-06	0.000000e+00	1.555554e-06
1.600000e+03	1.640000e+03	2.208566e-06	0.000000e+00	1.149559e-06
1.640000e+03	1.680000e+03	1.980354e-06	0.000000e+00	1.200284e-06
1.680000e+03	1.720000e+03	1.768597e-06	0.000000e+00	1.151568e-06
1.720000e+03	1.760000e+03	1.655240e-06	0.000000e+00	8.687127e-07
1.760000e+03	1.800000e+03	1.422567e-06	0.000000e+00	8.965070e-07
1.800000e+03	1.840000e+03	1.290367e-06	0.000000e+00	9.242982e-07
1.840000e+03	1.880000e+03	1.158857e-06	0.000000e+00	8.346137e-07
1.880000e+03	1.920000e+03	1.155555e-06	0.000000e+00	6.605140e-07
1.920000e+03	1.960000e+03	1.034056e-06	0.000000e+00	6.204007e-07
1.960000e+03	2.000000e+03	9.024410e-07	0.000000e+00	6.292130e-07
2.000000e+03	2.040000e+03	8.389422e-07	0.000000e+00	5.021160e-07
2.040000e+03	2.080000e+03	7.468172e-07	0.000000e+00	5.443408e-07
2.080000e+03	2.120000e+03	6.902268e-07	0.000000e+00	4.419517e-07
2.120000e+03	2.160000e+03	6.362610e-07	0.000000e+00	4.311603e-07
2.160000e+03	2.200000e+03	5.766208e-07	0.000000e+00	3.984247e-07
2.200000e+03	2.240000e+03	5.574085e-07	0.000000e+00	3.444165e-07
2.240000e+03	2.280000e+03	4.761075e-07	0.000000e+00	3.065750e-07
2.280000e+03	2.320000e+03	4.182190e-07	0.000000e+00	3.058293e-07
2.320000e+03	2.360000e+03	4.023765e-07	0.000000e+00	2.168168e-07
2.360000e+03	2.400000e+03	3.824375e-07	0.000000e+00	2.436395e-07
2.400000e+03	2.440000e+03	3.596375e-07	0.000000e+00	2.006025e-07
2.440000e+03	2.480000e+03	2.607285e-07	0.000000e+00	2.647027e-07
2.480000e+03	2.520000e+03	2.527695e-07	0.000000e+00	1.879618e-07
2.520000e+03	2.560000e+03	2.405051e-07	0.000000e+00	1.607199e-07
2.560000e+03	2.600000e+03	2.281941e-07	0.000000e+00	1.568839e-07
2.600000e+03	2.640000e+03	2.036831e-07	0.000000e+00	1.377568e-07
2.640000e+03	2.680000e+03	1.572686e-07	0.000000e+00	1.931399e-07
2.680000e+03	2.720000e+03	1.758355e-07	0.000000e+00	1.455193e-07
2.720000e+03	2.760000e+03	1.598117e-07	0.000000e+00	9.838710e-08
2.760000e+03	2.800000e+03	1.714336e-07	0.000000e+00	6.421020e-08
2.800000e+03	2.840000e+03	1.272584e-07	0.000000e+00	7.901075e-08
2.840000e+03	2.880000e+03	1.048078e-07	0.000000e+00	1.305813e-07
2.880000e+03	2.920000e+03	1.000198e-07	0.000000e+00	7.092672e-08
2.920000e+03	2.960000e+03	9.752003e-08	0.000000e+00	6.547617e-08
2.960000e+03	3.000000e+03	1.109926e-07	1.125640e-08	4.919827e-08
3.000000e+03	3.040000e+03	8.870972e-08	0.000000e+00	2.979685e-08
3.040000e+03	3.080000e+03	6.607290e-08	0.000000e+00	6.194225e-08
3.080000e+03	3.120000e+03	7.357197e-08	0.000000e+00	2.576397e-08
3.120000e+03	3.160000e+03	5.427940e-08	0.000000e+00	5.898722e-08
3.160000e+03	3.200000e+03	5.505452e-08	0.000000e+00	3.165100e-08
3.200000e+03	3.240000e+03	5.017387e-08	0.000000e+00	3.310673e-08
3.240000e+03	3.280000e+03	4.785425e-08	0.000000e+00	3.080285e-08
3.280000e+03	3.320000e+03	3.497095e-08	0.000000e+00	3.657103e-08
3.320000e+03	3.360000e+03	3.369960e-08	0.000000e+00	2.577522e-08
3.360000e+03	3.400000e+03	2.687803e-08	0.000000e+00	2.173377e-08
3.400000e+03	3.440000e+03	3.065947e-08	0.000000e+00	2.058810e-08
3.440000e+03	3.480000e+03	2.468067e-08	0.000000e+00	2.104463e-08
3.480000e+03	3.520000e+03	2.522275e-08	0.000000e+00	2.258792e-08
3.520000e+03	3.560000e+03	2.071050e-08	0.000000e+00	1.828330e-08
3.560000e+03	3.600000e+03	1.982826e-08	0.000000e+00	1.067819e-08
3.600000e+03	3.640000e+03	2.338298e-08	0.000000e+00	6.546622e-09
3.640000e+03	3.680000e+03	1.560723e-08	0.000000e+00	1.049837e-08
3.680000e+03	3.720000e+03	1.071760e-08	0.000000e+00	9.751487e-09
3.720000e+03	3.760000e+03	1.385867e-08	0.000000e+00	1.181910e-08
3.760000e+03	3.800000e+03	1.166719e-08	0.000000e+00	1.490211e-08
3.800000e+03	3.840000e+03	1.519524e-08	5.319650e-10	0.000000e+00
3.840000e+03	3.880000e+03	8.258843e-09	0.000000e+00	7.777902e-09
3.880000e+03	3.920000e+03	4.310232e-09	0.000000e+00	9.458555e-09
3.920000e+03	3.960000e+03	1.578845e-08	2.007525e-09	3.566685e-09
3.960000e+03	4.000000e+03	6.681353e-09	0.000000e+00	5.547780e-09
4.000000e+03	4.040000e+03	9.833363e-09	9.052500e-10	0.000000e+00
4.040000e+03	4.080000e+03	4.556758e-09	0.000000e+00	6.346907e-09
4.080000e+03	4.120000e+03	4.375133e-09	0.000000e+00	4.799815e-09
4.120000e+03	4.160000e+03	4.745107e-09	0.000000e+00	3.531282e-09
4.160000e+03	4.200000e+03	4.014730e-09	0.000000e+00	5.921125e-09
4.200000e+03	4.240000e+03	3.644552e-09	0.000000e+00	1.224910e-09
4.240000e+03	4.280000e+03	4.994238e-09	6.097325e-10	0.000000e+00
4.280000e+03	4.320000e+03	2.598848e-09	8.875620e-09	2.095798e-09
4.320000e+03	4.360000e+03	3.005043e-09	0.000000e+00	1.554652e-09
4.360000e+03	4.400000e+03	1.754189e-09	0.000000e+00	1.856141e-09
4.400000e+03	4.440000e+03	2.289886e-09	0.000000e+00	3.698140e-09
4.440000e+03	4.480000e+03	1.821161e-09	0.000000e+00	1.768979e-09
4.480000e+03	4.520000e+03	2.760950e-09	1.447850e-10	6.062650e-10
4.520000e+03	4.560000e+03	1.000679e-09	0.000000e+00	5.949810e-10
4.560000e+03	4.600000e+03	9.176275e-10	0.000000e+00	1.397906e-09
4.600000e+03	4.640000e+03	1.438139e-09	4.716758e-10	2.015230e-10
4.640000e+03	4.680000e+03	2.015423e-09	8.444945e-10	0.000000e+00
4.680000e+03	4.720000e+03	7.271972e-10	0.000000e+00	2.154045e-09
4.720000e+03	4.760000e+03	1.129969e-09	0.000000e+00	1.184880e-09
4.760000e+03	4.800000e+03	9.953583e-10	1.526905e-10	9.652450e-11
4.800000e+03	4.840000e+03	6.421220e-10	1.009275e-11	9.276670e-10
4.840000e+03	4.880000e+03	9.195795e-10	5.071835e-10	2.811225e-10
4.880000e+03	4.920000e+03	8.669630e-10	0.000000e+00	1.541600e-10
4.920000e+03	4.960000e+03	5.387137e-10	0.000000e+00	1.284875e-09
4.960000e+03	5.000000e+03	2.455109e-10	0.000000e+00	7.322051e-10
5.000000e+03	5.040000e+03	4.962367e-10	0.000000e+00	6.183333e-10
5.040000e+03	5.080000e+03	5.362380e-10	0.000000e+00	4.511380e-10
5.080000e+03	5.120000e+03	5.975542e-10	0.000000e+00	1.681695e-10
5.120000e+03	5.160000e+03	3.253797e-10	7.633260e-10	5.844755e-10
5.160000e+03	5.200000e+03	2.152316e-10	1.161839e-10	3.839172e-10
5.200000e+03	5.240000e+03	1.676188e-10	0.000000e+00	6.707343e-11
5.240000e+03	5.280000e+03	1.894323e-10	0.000000e+00	2.848305e-10
5.280000e+03	5.320000e+03	3.054247e-10	0.000000e+00	7.538165e-10
5.320000e+03	5.360000e+03	1.833906e-10	4.355958e-11	1.093634e-10
5.360000e+03	5.400000e+03	9.696823e-11	0.000000e+00	4.136425e-10
5.400000e+03	5.440000e+03	3.959998e-11	0.000000e+00	2.655120e-10
5.440000e+03	5.480000e+03	1.816339e-10	8.072573e-11	0.000000e+00
5.480000e+03	5.520000e+03	9.256933e-11	0.000000e+00	3.288107e-10
5.520000e+03	5.560000e+03	1.018453e-10	6.326310e-11	0.000000e+00
5.560000e+03	5.600000e+03	1.304978e-10	0.000000e+00	1.740659e-10
5.600000e+03	5.640000e+03	2.557870e-11	0.000000e+00	1.543499e-10
5.640000e+03	5.680000e+03	1.749782e-11	0.000000e+00	2.604742e-10
5.680000e+03	5.720000e+03	1.267642e-09	1.244712e-09	0.000000e+00
5.720000e+03	5.760000e+03	2.555267e-10	2.402074e-10	0.000000e+00
5.760000e+03	5.800000e+03	7.075185e-11	3.514280e-11	0.000000e+00
5.800000e+03	5.840000e+03	1.905322e-11	4.541927e-11	2.102231e-11
5.840000e+03	5.880000e+03	3.276182e-11	0.000000e+00	1.268195e-10
5.880000e+03	5.920000e+03	9.338790e-11	7.035711e-11	1.009704e-10
5.920000e+03	5.960000e+03	3.855540e-11	5.557675e-12	7.455775e-12
5.960000e+03	6.000000e+03	6.558330e-11	5.429195e-11	3.290970e-11
# END HISTO1D


# BEGIN HISTO1D //homes/tinghua1/Merging-Project/Production/HJETS/ratio-plots/hjets-matched-errorband/H3Jets-NLOPS-combine.yoda/MC_H2JETS_04_INC/j2j4_mass
ErrorBandColor=red
ErrorBandOpacity=0.3
ErrorBands=1
ErrorType=env
LineColor=red
LineStyle=solid
Path=//homes/tinghua1/Merging-Project/Production/HJETS/ratio-plots/hjets-matched-errorband/H3Jets-NLOPS-combine.yoda/MC_H2JETS_04_INC/j2j4_mass
RatioPlotSameStyle=1
Title=h(3*) $\oplus$ PS
# xlow	 xhigh	 val	 errminus	 errplus
0.000000e+00	4.000000e+01	4.775128e-04	0.000000e+00	1.975050e-05
4.000000e+01	8.000000e+01	1.118456e-03	3.880350e-05	0.000000e+00
8.000000e+01	1.200000e+02	9.509853e-04	1.418250e-06	3.825000e-07
1.200000e+02	1.600000e+02	5.424293e-04	1.693000e-06	1.185175e-05
1.600000e+02	2.000000e+02	3.558367e-04	1.666125e-05	3.849450e-05
2.000000e+02	2.400000e+02	2.506722e-04	2.150082e-05	0.000000e+00
2.400000e+02	2.800000e+02	1.799724e-04	5.038775e-06	1.894978e-05
2.800000e+02	3.200000e+02	1.424031e-04	8.732400e-06	7.606575e-06
3.200000e+02	3.600000e+02	1.131882e-04	0.000000e+00	2.043075e-06
3.600000e+02	4.000000e+02	9.025135e-05	7.640250e-07	6.998225e-06
4.000000e+02	4.400000e+02	7.846150e-05	3.867575e-06	1.050725e-06
4.400000e+02	4.800000e+02	6.772313e-05	3.811575e-06	2.609300e-06
4.800000e+02	5.200000e+02	5.797442e-05	1.932825e-06	0.000000e+00
5.200000e+02	5.600000e+02	4.840965e-05	4.717150e-06	1.517100e-06
5.600000e+02	6.000000e+02	4.332303e-05	2.234300e-06	1.437500e-08
6.000000e+02	6.400000e+02	4.130283e-05	4.852600e-06	0.000000e+00
6.400000e+02	6.800000e+02	3.180883e-05	4.853500e-07	2.179175e-06
6.800000e+02	7.200000e+02	2.938475e-05	8.272000e-07	2.171500e-07
7.200000e+02	7.600000e+02	2.745090e-05	2.594060e-06	0.000000e+00
7.600000e+02	8.000000e+02	2.294926e-05	9.516750e-07	6.673525e-07
8.000000e+02	8.400000e+02	2.054102e-05	1.556165e-06	0.000000e+00
8.400000e+02	8.800000e+02	2.103175e-05	3.598477e-06	0.000000e+00
8.800000e+02	9.200000e+02	1.610954e-05	7.309925e-07	2.120575e-07
9.200000e+02	9.600000e+02	1.552147e-05	4.692450e-07	0.000000e+00
9.600000e+02	1.000000e+03	1.396359e-05	1.300473e-06	0.000000e+00
1.000000e+03	1.040000e+03	1.222004e-05	1.868400e-07	8.551250e-08
1.040000e+03	1.080000e+03	1.260764e-05	1.799202e-06	0.000000e+00
1.080000e+03	1.120000e+03	1.030934e-05	5.646300e-07	6.899150e-07
1.120000e+03	1.160000e+03	9.244265e-06	1.269170e-06	0.000000e+00
1.160000e+03	1.200000e+03	8.150840e-06	8.906925e-07	0.000000e+00
1.200000e+03	1.240000e+03	7.342410e-06	2.680200e-07	0.000000e+00
1.240000e+03	1.280000e+03	7.180800e-06	1.411755e-06	0.000000e+00
1.280000e+03	1.320000e+03	7.403338e-06	1.158495e-06	0.000000e+00
1.320000e+03	1.360000e+03	5.900002e-06	2.499275e-07	2.053343e-06
1.360000e+03	1.400000e+03	4.493127e-06	0.000000e+00	5.009850e-07
1.400000e+03	1.440000e+03	4.322110e-06	2.425775e-07	2.025450e-07
1.440000e+03	1.480000e+03	3.877370e-06	0.000000e+00	8.156100e-07
1.480000e+03	1.520000e+03	3.796840e-06	0.000000e+00	3.504850e-07
1.520000e+03	1.560000e+03	3.543628e-06	1.098600e-07	4.412275e-07
1.560000e+03	1.600000e+03	3.180077e-06	2.716800e-07	0.000000e+00
1.600000e+03	1.640000e+03	2.536130e-06	0.000000e+00	3.257400e-07
1.640000e+03	1.680000e+03	2.582455e-06	1.475160e-07	2.427125e-07
1.680000e+03	1.720000e+03	2.621992e-06	0.000000e+00	2.521100e-07
1.720000e+03	1.760000e+03	2.367980e-06	9.105375e-08	6.454550e-08
1.760000e+03	1.800000e+03	2.285358e-06	7.735602e-07	0.000000e+00
1.800000e+03	1.840000e+03	1.413400e-06	0.000000e+00	6.809927e-07
1.840000e+03	1.880000e+03	1.892250e-06	3.939847e-07	5.079300e-07
1.880000e+03	1.920000e+03	1.818708e-06	3.322775e-07	0.000000e+00
1.920000e+03	1.960000e+03	1.538607e-06	6.094325e-08	2.904275e-08
1.960000e+03	2.000000e+03	1.517154e-06	3.263880e-07	0.000000e+00
2.000000e+03	2.040000e+03	1.072367e-06	4.072125e-08	8.015500e-08
2.040000e+03	2.080000e+03	8.904950e-07	0.000000e+00	3.077602e-07
2.080000e+03	2.120000e+03	1.259566e-06	4.455712e-07	0.000000e+00
2.120000e+03	2.160000e+03	7.216885e-07	0.000000e+00	2.565528e-07
2.160000e+03	2.200000e+03	1.012045e-06	1.315829e-06	1.181685e-07
2.200000e+03	2.240000e+03	7.722905e-07	1.869350e-07	0.000000e+00
2.240000e+03	2.280000e+03	5.355665e-07	0.000000e+00	3.646590e-07
2.280000e+03	2.320000e+03	7.105447e-07	2.710080e-07	0.000000e+00
2.320000e+03	2.360000e+03	5.619845e-07	0.000000e+00	2.508932e-07
2.360000e+03	2.400000e+03	5.062440e-07	1.705585e-07	0.000000e+00
2.400000e+03	2.440000e+03	3.729257e-07	0.000000e+00	6.137775e-08
2.440000e+03	2.480000e+03	4.177470e-07	3.361877e-07	0.000000e+00
2.480000e+03	2.520000e+03	4.683048e-07	1.251185e-07	0.000000e+00
2.520000e+03	2.560000e+03	3.495912e-07	0.000000e+00	4.942000e-08
2.560000e+03	2.600000e+03	3.794642e-07	2.994175e-08	2.798000e-08
2.600000e+03	2.640000e+03	2.710493e-07	3.318596e-07	0.000000e+00
2.640000e+03	2.680000e+03	2.784112e-07	3.808295e-08	1.736350e-08
2.680000e+03	2.720000e+03	3.860120e-07	1.382319e-07	0.000000e+00
2.720000e+03	2.760000e+03	2.636693e-07	1.476276e-07	0.000000e+00
2.760000e+03	2.800000e+03	1.976828e-07	2.334019e-07	0.000000e+00
2.800000e+03	2.840000e+03	1.927744e-07	7.628815e-08	8.301130e-08
2.840000e+03	2.880000e+03	1.458778e-07	2.569390e-08	9.426080e-08
2.880000e+03	2.920000e+03	1.296968e-07	4.643125e-09	1.180605e-08
2.920000e+03	2.960000e+03	1.036139e-07	1.361430e-08	5.241332e-08
2.960000e+03	3.000000e+03	9.833492e-08	0.000000e+00	1.113932e-07
3.000000e+03	3.040000e+03	1.486360e-07	6.762435e-08	1.588170e-08
3.040000e+03	3.080000e+03	1.018215e-07	1.829300e-08	3.300850e-08
3.080000e+03	3.120000e+03	9.703570e-08	5.415550e-09	0.000000e+00
3.120000e+03	3.160000e+03	9.718373e-08	1.065829e-07	0.000000e+00
3.160000e+03	3.200000e+03	7.877613e-08	7.331075e-09	5.269007e-08
3.200000e+03	3.240000e+03	7.456740e-08	1.571608e-08	3.805100e-09
3.240000e+03	3.280000e+03	8.059537e-08	3.908220e-08	8.085375e-09
3.280000e+03	3.320000e+03	8.059780e-08	2.686943e-08	0.000000e+00
3.320000e+03	3.360000e+03	2.949635e-08	0.000000e+00	2.754505e-08
3.360000e+03	3.400000e+03	5.881200e-08	0.000000e+00	1.241258e-08
3.400000e+03	3.440000e+03	5.458915e-08	0.000000e+00	3.193193e-08
3.440000e+03	3.480000e+03	5.568577e-08	2.979075e-09	3.000375e-09
3.480000e+03	3.520000e+03	3.362950e-08	7.225025e-09	0.000000e+00
3.520000e+03	3.560000e+03	2.766025e-08	0.000000e+00	2.358622e-08
3.560000e+03	3.600000e+03	3.460345e-08	8.419875e-09	7.910250e-10
3.600000e+03	3.640000e+03	2.922028e-08	3.409300e-09	0.000000e+00
3.640000e+03	3.680000e+03	4.742202e-08	2.576416e-08	0.000000e+00
3.680000e+03	3.720000e+03	3.399678e-08	9.478355e-09	7.541225e-09
3.720000e+03	3.760000e+03	1.860536e-08	4.191650e-10	8.428000e-10
3.760000e+03	3.800000e+03	-4.848357e-09	0.000000e+00	2.358492e-08
3.800000e+03	3.840000e+03	4.024932e-08	1.508443e-08	0.000000e+00
3.840000e+03	3.880000e+03	1.724009e-08	9.086928e-09	1.234520e-09
3.880000e+03	3.920000e+03	1.507620e-08	0.000000e+00	1.560168e-08
3.920000e+03	3.960000e+03	1.432772e-08	8.398195e-09	0.000000e+00
3.960000e+03	4.000000e+03	1.446894e-08	2.502295e-09	6.085960e-09
4.000000e+03	4.040000e+03	6.693715e-09	0.000000e+00	5.419680e-09
4.040000e+03	4.080000e+03	1.469553e-08	0.000000e+00	7.165972e-09
4.080000e+03	4.120000e+03	8.746763e-09	2.154530e-08	1.223638e-09
4.120000e+03	4.160000e+03	7.313595e-09	0.000000e+00	4.279192e-09
4.160000e+03	4.200000e+03	1.048231e-08	1.172687e-08	1.524885e-09
4.200000e+03	4.240000e+03	2.646732e-09	0.000000e+00	1.260287e-08
4.240000e+03	4.280000e+03	7.942688e-09	3.613335e-09	4.097987e-09
4.280000e+03	4.320000e+03	3.883890e-09	2.790400e-10	1.254253e-09
4.320000e+03	4.360000e+03	9.126585e-09	6.857972e-09	0.000000e+00
4.360000e+03	4.400000e+03	6.954882e-09	1.415780e-09	5.446137e-09
4.400000e+03	4.440000e+03	8.270075e-09	1.126295e-07	0.000000e+00
4.440000e+03	4.480000e+03	6.014437e-09	4.500146e-09	0.000000e+00
4.480000e+03	4.520000e+03	-4.139482e-09	0.000000e+00	1.138868e-08
4.520000e+03	4.560000e+03	3.146262e-09	3.423500e-10	1.653080e-09
4.560000e+03	4.600000e+03	3.783245e-09	1.665058e-09	0.000000e+00
4.600000e+03	4.640000e+03	2.648587e-09	1.314650e-10	8.603600e-10
4.640000e+03	4.680000e+03	3.259930e-09	2.428200e-10	0.000000e+00
4.680000e+03	4.720000e+03	3.978530e-09	1.720874e-09	0.000000e+00
4.720000e+03	4.760000e+03	3.581400e-09	1.470373e-09	0.000000e+00
4.760000e+03	4.800000e+03	2.021823e-09	3.886528e-10	3.328722e-10
4.800000e+03	4.840000e+03	2.205624e-09	9.622785e-10	3.450410e-10
4.840000e+03	4.880000e+03	8.356670e-10	1.395820e-09	3.191025e-11
4.880000e+03	4.920000e+03	7.951600e-10	6.824072e-10	1.020686e-09
4.920000e+03	4.960000e+03	1.506835e-09	1.908969e-09	1.566072e-09
4.960000e+03	5.000000e+03	1.663562e-09	4.183325e-10	0.000000e+00
5.000000e+03	5.040000e+03	1.001984e-09	4.555897e-10	0.000000e+00
5.040000e+03	5.080000e+03	-4.302650e-10	0.000000e+00	4.489592e-09
5.080000e+03	5.120000e+03	4.446067e-10	0.000000e+00	1.429620e-09
5.120000e+03	5.160000e+03	9.890045e-10	3.206790e-10	7.088205e-10
5.160000e+03	5.200000e+03	8.306502e-10	2.177205e-10	6.971550e-10
5.200000e+03	5.240000e+03	1.040821e-09	2.574522e-10	0.000000e+00
5.240000e+03	5.280000e+03	6.697970e-10	4.571037e-10	0.000000e+00
5.280000e+03	5.320000e+03	4.305675e-10	0.000000e+00	1.390218e-09
5.320000e+03	5.360000e+03	1.208609e-09	5.102752e-10	0.000000e+00
5.360000e+03	5.400000e+03	3.621112e-10	1.460327e-10	5.890098e-10
5.400000e+03	5.440000e+03	3.077918e-10	3.547575e-11	4.969150e-11
5.440000e+03	5.480000e+03	3.319500e-10	6.416620e-10	0.000000e+00
5.480000e+03	5.520000e+03	6.341413e-10	2.516638e-10	9.721825e-11
5.520000e+03	5.560000e+03	4.338517e-10	2.088579e-10	0.000000e+00
5.560000e+03	5.600000e+03	1.994469e-10	1.107592e-09	0.000000e+00
5.600000e+03	5.640000e+03	2.464327e-10	0.000000e+00	1.423156e-10
5.640000e+03	5.680000e+03	4.055465e-10	1.094014e-09	5.045953e-10
5.680000e+03	5.720000e+03	8.211912e-10	1.011289e-09	0.000000e+00
5.720000e+03	5.760000e+03	2.093607e-09	1.842636e-09	0.000000e+00
5.760000e+03	5.800000e+03	8.475393e-11	1.584083e-10	1.696966e-10
5.800000e+03	5.840000e+03	8.816462e-11	7.474987e-11	1.090848e-10
5.840000e+03	5.880000e+03	8.607815e-11	9.154844e-11	3.679920e-11
5.880000e+03	5.920000e+03	2.303246e-10	1.725509e-10	0.000000e+00
5.920000e+03	5.960000e+03	1.605246e-10	7.287638e-11	0.000000e+00
5.960000e+03	6.000000e+03	4.274145e-10	3.322109e-10	0.000000e+00
# END HISTO1D


# BEGIN HISTO1D //homes/tinghua1/Merging-Project/Production/HJETS/ratio-plots/hjets-matched-errorband/H2Jets-NLOPS-combine.yoda/MC_H2JETS_04_INC/j2j4_mass
ErrorBandColor=violet
ErrorBandOpacity=0.3
ErrorBands=1
ErrorType=env
LineColor=violet
LineStyle=solid
Path=//homes/tinghua1/Merging-Project/Production/HJETS/ratio-plots/hjets-matched-errorband/H2Jets-NLOPS-combine.yoda/MC_H2JETS_04_INC/j2j4_mass
RatioPlotSameStyle=1
Title=h(2*) $\oplus$ PS
# xlow	 xhigh	 val	 errminus	 errplus
0.000000e+00	4.000000e+01	3.930442e-04	4.100775e-05	7.695525e-05
4.000000e+01	8.000000e+01	8.857443e-04	1.069410e-04	1.381028e-04
8.000000e+01	1.200000e+02	7.271738e-04	7.623725e-05	9.818900e-05
1.200000e+02	1.600000e+02	3.992690e-04	5.114850e-05	6.413600e-05
1.600000e+02	2.000000e+02	2.525200e-04	3.569647e-05	4.227850e-05
2.000000e+02	2.400000e+02	1.755710e-04	2.485440e-05	2.984222e-05
2.400000e+02	2.800000e+02	1.294406e-04	1.738270e-05	2.403832e-05
2.800000e+02	3.200000e+02	1.013195e-04	1.337517e-05	2.556858e-05
3.200000e+02	3.600000e+02	8.278892e-05	1.075357e-05	1.530562e-05
3.600000e+02	4.000000e+02	6.869510e-05	9.812325e-06	1.344260e-05
4.000000e+02	4.400000e+02	5.795165e-05	8.435675e-06	1.110017e-05
4.400000e+02	4.800000e+02	4.943773e-05	7.105550e-06	8.916825e-06
4.800000e+02	5.200000e+02	4.250885e-05	5.776550e-06	8.749625e-06
5.200000e+02	5.600000e+02	3.693175e-05	5.351700e-06	7.522300e-06
5.600000e+02	6.000000e+02	3.218000e-05	4.625675e-06	6.513525e-06
6.000000e+02	6.400000e+02	2.829147e-05	3.994195e-06	5.328525e-06
6.400000e+02	6.800000e+02	2.480090e-05	3.420677e-06	5.162650e-06
6.800000e+02	7.200000e+02	2.214576e-05	3.336022e-06	4.553188e-06
7.200000e+02	7.600000e+02	1.944386e-05	2.737510e-06	4.103732e-06
7.600000e+02	8.000000e+02	1.740751e-05	2.870195e-06	3.321900e-06
8.000000e+02	8.400000e+02	1.562661e-05	2.304407e-06	3.294215e-06
8.400000e+02	8.800000e+02	1.390058e-05	2.015527e-06	2.796148e-06
8.800000e+02	9.200000e+02	1.233594e-05	1.848713e-06	2.106320e-06
9.200000e+02	9.600000e+02	1.110017e-05	1.727390e-06	2.237065e-06
9.600000e+02	1.000000e+03	9.942408e-06	1.631410e-06	2.077865e-06
1.000000e+03	1.040000e+03	8.969778e-06	1.310465e-06	1.759865e-06
1.040000e+03	1.080000e+03	8.051325e-06	1.233823e-06	1.635645e-06
1.080000e+03	1.120000e+03	7.328130e-06	1.126060e-06	1.471165e-06
1.120000e+03	1.160000e+03	6.504140e-06	9.345100e-07	1.415315e-06
1.160000e+03	1.200000e+03	6.024098e-06	9.702075e-07	1.225145e-06
1.200000e+03	1.240000e+03	5.262710e-06	7.909850e-07	1.102848e-06
1.240000e+03	1.280000e+03	4.832850e-06	7.618950e-07	9.968425e-07
1.280000e+03	1.320000e+03	4.536100e-06	7.530250e-07	7.108800e-07
1.320000e+03	1.360000e+03	4.077997e-06	7.138400e-07	7.060450e-07
1.360000e+03	1.400000e+03	3.561960e-06	4.933375e-07	8.382750e-07
1.400000e+03	1.440000e+03	3.276832e-06	5.032625e-07	7.340550e-07
1.440000e+03	1.480000e+03	2.912795e-06	4.499808e-07	7.560525e-07
1.480000e+03	1.520000e+03	2.766250e-06	4.871108e-07	4.952550e-07
1.520000e+03	1.560000e+03	2.516375e-06	5.017122e-07	5.305575e-07
1.560000e+03	1.600000e+03	2.222965e-06	3.114720e-07	4.531780e-07
1.600000e+03	1.640000e+03	1.985415e-06	2.684450e-07	5.111628e-07
1.640000e+03	1.680000e+03	1.878527e-06	2.966747e-07	3.418565e-07
1.680000e+03	1.720000e+03	1.748107e-06	3.402783e-07	3.206382e-07
1.720000e+03	1.760000e+03	1.544343e-06	2.657538e-07	2.918325e-07
1.760000e+03	1.800000e+03	1.402348e-06	2.452602e-07	3.171820e-07
1.800000e+03	1.840000e+03	1.288846e-06	2.577100e-07	2.794955e-07
1.840000e+03	1.880000e+03	1.194666e-06	2.271342e-07	2.153788e-07
1.880000e+03	1.920000e+03	1.055205e-06	1.377390e-07	1.928493e-07
1.920000e+03	1.960000e+03	9.439770e-07	9.807900e-08	1.648050e-07
1.960000e+03	2.000000e+03	8.848870e-07	1.499893e-07	2.487075e-07
2.000000e+03	2.040000e+03	8.361050e-07	1.327980e-07	1.064677e-07
2.040000e+03	2.080000e+03	7.193630e-07	9.978375e-08	1.347065e-07
2.080000e+03	2.120000e+03	6.838250e-07	2.268005e-07	1.026870e-07
2.120000e+03	2.160000e+03	6.181495e-07	9.855175e-08	1.591280e-07
2.160000e+03	2.200000e+03	5.899698e-07	1.195293e-07	6.495225e-08
2.200000e+03	2.240000e+03	5.187392e-07	1.225590e-07	1.320538e-07
2.240000e+03	2.280000e+03	4.997645e-07	1.147295e-07	5.231150e-08
2.280000e+03	2.320000e+03	4.099595e-07	4.327200e-08	8.263550e-08
2.320000e+03	2.360000e+03	4.083585e-07	5.315650e-08	9.626425e-08
2.360000e+03	2.400000e+03	3.628428e-07	6.039825e-08	4.191550e-08
2.400000e+03	2.440000e+03	3.201830e-07	4.450825e-08	7.357225e-08
2.440000e+03	2.480000e+03	2.974288e-07	4.885152e-08	5.318450e-08
2.480000e+03	2.520000e+03	2.695332e-07	2.093127e-08	7.083725e-08
2.520000e+03	2.560000e+03	2.594967e-07	4.456790e-08	4.309300e-08
2.560000e+03	2.600000e+03	2.118418e-07	2.257618e-08	8.216948e-08
2.600000e+03	2.640000e+03	1.904610e-07	2.229565e-08	4.349972e-08
2.640000e+03	2.680000e+03	1.791104e-07	1.614202e-08	3.544030e-08
2.680000e+03	2.720000e+03	1.939267e-07	5.753420e-08	2.146943e-08
2.720000e+03	2.760000e+03	1.600617e-07	3.527300e-08	3.379443e-08
2.760000e+03	2.800000e+03	1.485901e-07	5.049715e-08	2.703160e-08
2.800000e+03	2.840000e+03	1.311800e-07	1.793705e-08	2.670457e-08
2.840000e+03	2.880000e+03	8.639173e-08	1.225650e-09	6.319502e-08
2.880000e+03	2.920000e+03	9.907010e-08	1.264710e-08	1.940338e-08
2.920000e+03	2.960000e+03	9.827685e-08	1.319098e-08	2.760250e-09
2.960000e+03	3.000000e+03	8.212773e-08	9.656500e-09	2.359610e-08
3.000000e+03	3.040000e+03	9.604225e-08	2.563978e-08	5.041000e-10
3.040000e+03	3.080000e+03	6.841825e-08	8.596775e-09	3.182945e-08
3.080000e+03	3.120000e+03	7.140805e-08	1.864865e-08	1.745475e-08
3.120000e+03	3.160000e+03	6.222360e-08	1.265917e-08	2.282240e-08
3.160000e+03	3.200000e+03	5.220320e-08	3.754025e-09	2.941065e-08
3.200000e+03	3.240000e+03	5.488655e-08	9.665675e-09	4.597500e-10
3.240000e+03	3.280000e+03	4.484562e-08	5.845525e-09	1.488972e-08
3.280000e+03	3.320000e+03	4.313977e-08	1.108350e-08	1.000000e-09
3.320000e+03	3.360000e+03	3.603125e-08	6.229300e-09	6.254750e-09
3.360000e+03	3.400000e+03	3.475660e-08	8.250825e-09	1.442380e-08
3.400000e+03	3.440000e+03	3.088545e-08	2.816450e-09	7.365600e-09
3.440000e+03	3.480000e+03	2.810597e-08	4.443732e-09	1.174828e-08
3.480000e+03	3.520000e+03	3.185230e-08	1.041984e-08	1.153525e-09
3.520000e+03	3.560000e+03	1.836696e-08	0.000000e+00	1.203459e-08
3.560000e+03	3.600000e+03	1.898808e-08	0.000000e+00	7.449820e-09
3.600000e+03	3.640000e+03	1.960968e-08	4.268998e-09	8.920045e-09
3.640000e+03	3.680000e+03	2.060787e-08	8.350373e-09	0.000000e+00
3.680000e+03	3.720000e+03	1.474971e-08	4.378813e-09	5.164437e-09
3.720000e+03	3.760000e+03	1.517337e-08	6.816887e-09	3.308615e-09
3.760000e+03	3.800000e+03	9.806395e-09	0.000000e+00	1.023032e-08
3.800000e+03	3.840000e+03	8.161603e-09	0.000000e+00	6.811340e-09
3.840000e+03	3.880000e+03	8.684848e-09	0.000000e+00	3.441042e-09
3.880000e+03	3.920000e+03	8.948210e-09	0.000000e+00	2.241788e-09
3.920000e+03	3.960000e+03	7.879352e-09	0.000000e+00	3.987180e-09
3.960000e+03	4.000000e+03	7.544818e-09	1.660873e-09	2.596467e-09
4.000000e+03	4.040000e+03	6.245735e-09	5.275590e-09	5.734197e-09
4.040000e+03	4.080000e+03	7.933837e-09	1.368615e-09	4.635750e-11
4.080000e+03	4.120000e+03	5.478310e-09	1.048108e-09	1.556917e-09
4.120000e+03	4.160000e+03	7.531740e-09	5.071714e-09	0.000000e+00
4.160000e+03	4.200000e+03	3.640335e-09	3.442950e-10	4.277575e-10
4.200000e+03	4.240000e+03	2.868818e-09	0.000000e+00	2.681243e-09
4.240000e+03	4.280000e+03	3.838053e-09	5.645400e-10	4.963925e-10
4.280000e+03	4.320000e+03	5.251333e-09	2.909297e-09	0.000000e+00
4.320000e+03	4.360000e+03	3.767020e-09	7.574600e-10	0.000000e+00
4.360000e+03	4.400000e+03	2.593258e-09	0.000000e+00	5.018100e-10
4.400000e+03	4.440000e+03	1.956732e-09	5.878125e-10	8.093753e-10
4.440000e+03	4.480000e+03	2.608897e-09	1.179687e-09	0.000000e+00
4.480000e+03	4.520000e+03	2.001256e-09	5.573403e-10	5.952115e-10
4.520000e+03	4.560000e+03	1.304914e-09	0.000000e+00	2.260111e-09
4.560000e+03	4.600000e+03	2.206397e-09	7.080645e-10	1.366218e-10
4.600000e+03	4.640000e+03	1.352702e-09	5.055430e-10	9.522077e-10
4.640000e+03	4.680000e+03	1.178048e-09	3.477825e-11	7.043260e-10
4.680000e+03	4.720000e+03	7.484150e-10	9.504875e-11	5.886112e-10
4.720000e+03	4.760000e+03	7.770322e-10	3.775235e-10	1.599000e-10
4.760000e+03	4.800000e+03	1.602997e-09	1.163925e-09	8.162390e-10
4.800000e+03	4.840000e+03	2.069637e-09	7.481240e-10	0.000000e+00
4.840000e+03	4.880000e+03	1.517795e-09	1.037925e-09	5.212150e-10
4.880000e+03	4.920000e+03	5.049613e-10	0.000000e+00	1.929850e-10
4.920000e+03	4.960000e+03	8.055225e-10	3.214595e-10	0.000000e+00
4.960000e+03	5.000000e+03	3.949192e-10	0.000000e+00	3.979633e-10
5.000000e+03	5.040000e+03	5.789873e-10	1.787555e-10	2.285807e-10
5.040000e+03	5.080000e+03	2.754625e-10	0.000000e+00	4.174832e-10
5.080000e+03	5.120000e+03	1.581761e-10	0.000000e+00	5.783406e-10
5.120000e+03	5.160000e+03	2.769943e-10	0.000000e+00	2.889595e-10
5.160000e+03	5.200000e+03	2.064239e-10	3.678295e-11	1.489928e-10
5.200000e+03	5.240000e+03	2.038625e-10	3.264797e-09	0.000000e+00
5.240000e+03	5.280000e+03	5.759250e-10	4.921271e-10	1.060092e-10
5.280000e+03	5.320000e+03	3.266692e-10	6.738450e-11	1.702655e-10
5.320000e+03	5.360000e+03	5.186350e-10	4.691210e-10	0.000000e+00
5.360000e+03	5.400000e+03	2.917173e-10	8.330287e-11	1.663378e-10
5.400000e+03	5.440000e+03	2.414784e-10	1.728845e-10	0.000000e+00
5.440000e+03	5.480000e+03	4.018063e-10	3.563263e-10	0.000000e+00
5.480000e+03	5.520000e+03	2.675950e-10	1.679562e-10	0.000000e+00
5.520000e+03	5.560000e+03	4.884915e-10	3.635937e-10	2.162750e-10
5.560000e+03	5.600000e+03	1.749718e-10	1.365323e-10	1.965730e-10
5.600000e+03	5.640000e+03	6.224295e-11	0.000000e+00	1.901495e-11
5.640000e+03	5.680000e+03	6.502782e-11	2.925875e-11	0.000000e+00
5.680000e+03	5.720000e+03	2.352418e-10	2.111631e-10	0.000000e+00
5.720000e+03	5.760000e+03	5.375330e-11	1.114750e-12	1.242175e-11
5.760000e+03	5.800000e+03	3.337603e-11	3.802925e-12	5.654172e-11
5.800000e+03	5.840000e+03	6.158052e-11	5.394508e-11	0.000000e+00
5.840000e+03	5.880000e+03	1.494756e-11	0.000000e+00	4.081874e-11
5.880000e+03	5.920000e+03	2.579670e-11	1.438880e-11	3.928020e-11
5.920000e+03	5.960000e+03	3.402397e-11	0.000000e+00	5.285227e-11
5.960000e+03	6.000000e+03	4.134848e-11	3.321350e-11	0.000000e+00
# END HISTO1D

