# BEGIN PLOT
Scale=1000.0
DrawOnly=//homes/tinghua1/Merging-Project/Production/HJETS/ratio-plots/hjets-matched-errorband/H-N2-N3-4-25gev-combine.yoda/MC_H2JETS_04_INC/jet1_mass //homes/tinghua1/Merging-Project/Production/HJETS/ratio-plots/hjets-matched-errorband/H-N2-3-4-25gev-combine.yoda/MC_H2JETS_04_INC/jet1_mass //homes/tinghua1/Merging-Project/Production/HJETS/ratio-plots/hjets-matched-errorband/H-2-3-4-25gev-combine.yoda/MC_H2JETS_04_INC/jet1_mass //homes/tinghua1/Merging-Project/Production/HJETS/ratio-plots/hjets-matched-errorband/H-N2-3-25gev-combine.yoda/MC_H2JETS_04_INC/jet1_mass //homes/tinghua1/Merging-Project/Production/HJETS/ratio-plots/hjets-matched-errorband/H-2-3-25gev-combine.yoda/MC_H2JETS_04_INC/jet1_mass //homes/tinghua1/Merging-Project/Production/HJETS/ratio-plots/hjets-matched-errorband/H3Jets-NLOPS-combine.yoda/MC_H2JETS_04_INC/jet1_mass //homes/tinghua1/Merging-Project/Production/HJETS/ratio-plots/hjets-matched-errorband/H2Jets-NLOPS-combine.yoda/MC_H2JETS_04_INC/jet1_mass
RightMargin=0.5
RatioPlotReference=//homes/tinghua1/Merging-Project/Production/HJETS/ratio-plots/hjets-matched-errorband/H-N2-N3-4-25gev-combine.yoda/MC_H2JETS_04_INC/jet1_mass
#RatioPlot=1
LogY=1
RatioPlotYMax=2.5
#LegendOnly=//homes/tinghua1/Merging-Project/Production/HJETS/ratio-plots/hjets-matched-errorband/H-N2-N3-4-25gev-combine.yoda/MC_H2JETS_04_INC/jet1_mass //homes/tinghua1/Merging-Project/Production/HJETS/ratio-plots/hjets-matched-errorband/H-N2-3-4-25gev-combine.yoda/MC_H2JETS_04_INC/jet1_mass //homes/tinghua1/Merging-Project/Production/HJETS/ratio-plots/hjets-matched-errorband/H-2-3-4-25gev-combine.yoda/MC_H2JETS_04_INC/jet1_mass //homes/tinghua1/Merging-Project/Production/HJETS/ratio-plots/hjets-matched-errorband/H-N2-3-25gev-combine.yoda/MC_H2JETS_04_INC/jet1_mass //homes/tinghua1/Merging-Project/Production/HJETS/ratio-plots/hjets-matched-errorband/H-2-3-25gev-combine.yoda/MC_H2JETS_04_INC/jet1_mass //homes/tinghua1/Merging-Project/Production/HJETS/ratio-plots/hjets-matched-errorband/H3Jets-NLOPS-combine.yoda/MC_H2JETS_04_INC/jet1_mass //homes/tinghua1/Merging-Project/Production/HJETS/ratio-plots/hjets-matched-errorband/H2Jets-NLOPS-combine.yoda/MC_H2JETS_04_INC/jet1_mass
RatioPlotYLabel=Ratio
Rebin=2
XLabel=$m_{j_1}$ (GeV)
LegendAlign=r
YLabel=$ \text{d} \sigma/ \text{d}  m_{j_1}$ (fb/GeV)
Legend=0
RatioPlot=6
MainPlotSelection={"Selection":[1,2,3,4,5,6,7]}
RatioPlots={"RatioPlotYLabel":"","Selection":[1,2]};{"RatioPlotYLabel":"","Selection":[1,3]};{"RatioPlotYLabel":"","Selection":[1,4]};{"RatioPlotYLabel":"","Selection":[1,5]};{"RatioPlotYLabel":"","Selection":[1,6]};{"RatioPlotYLabel":"","Selection":[1,7]}
RatioPlotSameStyle=1
RatioPlotYMin=0.0
# END PLOT


# BEGIN SPECIAL /MC_H2JETS_04_INC/jet1_mass
\rput[tl](0.05,0.75){\parbox{5cm}{\textcolor{gray}{{\bf Herwig 7.2.0} \\ HJETS/ColorFull}}}
# END SPECIAL

# BEGIN HISTO1D //homes/tinghua1/Merging-Project/Production/HJETS/ratio-plots/hjets-matched-errorband/H-N2-N3-4-25gev-combine.yoda/MC_H2JETS_04_INC/jet1_mass
ErrorBandColor=orange
ErrorBandOpacity=0.3
ErrorBands=1
ErrorType=env
LineColor=orange
LineStyle=solid
Path=//homes/tinghua1/Merging-Project/Production/HJETS/ratio-plots/hjets-matched-errorband/H-N2-N3-4-25gev-combine.yoda/MC_H2JETS_04_INC/jet1_mass
RatioPlotSameStyle=1
Title=h(2*,3*,4)
# xlow	 xhigh	 val	 errminus	 errplus
0.000000e+00	1.000000e+00	7.740786e-01	1.754979e-01	3.589204e-01
1.000000e+00	2.000000e+00	1.206364e-01	2.503574e-02	5.427960e-02
2.000000e+00	3.000000e+00	6.649846e-02	1.135021e-02	0.000000e+00
3.000000e+00	4.000000e+00	1.947133e-01	3.016210e-02	0.000000e+00
4.000000e+00	5.000000e+00	2.293994e-01	2.027640e-02	0.000000e+00
5.000000e+00	6.000000e+00	2.372898e-01	2.008600e-02	0.000000e+00
6.000000e+00	7.000000e+00	2.302731e-01	2.981220e-02	0.000000e+00
7.000000e+00	8.000000e+00	2.059656e-01	2.992020e-02	6.756600e-03
8.000000e+00	9.000000e+00	1.764140e-01	2.699180e-02	1.276150e-02
9.000000e+00	1.000000e+01	1.497313e-01	2.737430e-02	1.201450e-02
1.000000e+01	1.100000e+01	1.243792e-01	2.425020e-02	1.712090e-02
1.100000e+01	1.200000e+01	1.048636e-01	2.033541e-02	1.608010e-02
1.200000e+01	1.300000e+01	8.617032e-02	1.906672e-02	1.716028e-02
1.300000e+01	1.400000e+01	7.268521e-02	1.662512e-02	1.231449e-02
1.400000e+01	1.500000e+01	5.987658e-02	1.337519e-02	1.219327e-02
1.500000e+01	1.600000e+01	4.985332e-02	1.085161e-02	8.863790e-03
1.600000e+01	1.700000e+01	4.235211e-02	1.034462e-02	9.577760e-03
1.700000e+01	1.800000e+01	3.846826e-02	1.126895e-02	6.560280e-03
1.800000e+01	1.900000e+01	3.069482e-02	6.937570e-03	7.392740e-03
1.900000e+01	2.000000e+01	2.628770e-02	6.593140e-03	9.213440e-03
2.000000e+01	2.100000e+01	2.287990e-02	6.782650e-03	5.519090e-03
2.100000e+01	2.200000e+01	1.992098e-02	5.862780e-03	5.101280e-03
2.200000e+01	2.300000e+01	1.670511e-02	3.989180e-03	4.088220e-03
2.300000e+01	2.400000e+01	1.432678e-02	3.483170e-03	3.560630e-03
2.400000e+01	2.500000e+01	1.254821e-02	3.360367e-03	3.222760e-03
2.500000e+01	2.600000e+01	1.096234e-02	3.158373e-03	2.322980e-03
2.600000e+01	2.700000e+01	9.509581e-03	2.652891e-03	2.211899e-03
2.700000e+01	2.800000e+01	8.142082e-03	2.377651e-03	2.923358e-03
2.800000e+01	2.900000e+01	7.407058e-03	2.126215e-03	1.750103e-03
2.900000e+01	3.000000e+01	6.454992e-03	1.977707e-03	1.861339e-03
3.000000e+01	3.100000e+01	5.167600e-03	2.881543e-03	1.973545e-03
3.100000e+01	3.200000e+01	4.963576e-03	1.346349e-03	1.338950e-03
3.200000e+01	3.300000e+01	4.487079e-03	1.523308e-03	1.102424e-03
3.300000e+01	3.400000e+01	3.834061e-03	1.120698e-03	1.005438e-03
3.400000e+01	3.500000e+01	3.167422e-03	8.502590e-04	1.036964e-03
3.500000e+01	3.600000e+01	2.746439e-03	7.630730e-04	1.348634e-03
3.600000e+01	3.700000e+01	2.601928e-03	7.353140e-04	2.097060e-04
3.700000e+01	3.800000e+01	2.463411e-03	9.033550e-04	4.020030e-04
3.800000e+01	3.900000e+01	2.012978e-03	6.895920e-04	6.333620e-04
3.900000e+01	4.000000e+01	1.653290e-03	4.713000e-04	5.661900e-04
4.000000e+01	4.100000e+01	1.470480e-03	3.681600e-04	4.639860e-04
4.100000e+01	4.200000e+01	1.446807e-03	7.436926e-04	3.392860e-04
4.200000e+01	4.300000e+01	1.170934e-03	3.418636e-04	4.522690e-04
4.300000e+01	4.400000e+01	1.132022e-03	3.127701e-04	2.475330e-04
4.400000e+01	4.500000e+01	9.056876e-04	1.688538e-04	4.024424e-04
4.500000e+01	4.600000e+01	8.947653e-04	3.117726e-04	1.802197e-04
4.600000e+01	4.700000e+01	6.134900e-04	1.734260e-05	2.302428e-04
4.700000e+01	4.800000e+01	7.040132e-04	2.547828e-04	1.597574e-04
4.800000e+01	4.900000e+01	5.548502e-04	1.165620e-04	3.080058e-04
4.900000e+01	5.000000e+01	5.618364e-04	1.233246e-04	2.097833e-04
5.000000e+01	5.100000e+01	4.383935e-04	2.012390e-05	1.726163e-04
5.100000e+01	5.200000e+01	4.413255e-04	7.848730e-05	1.847270e-04
5.200000e+01	5.300000e+01	4.344711e-04	1.099757e-04	1.028549e-04
5.300000e+01	5.400000e+01	3.635138e-04	5.329040e-05	1.339055e-04
5.400000e+01	5.500000e+01	3.747974e-04	1.079709e-04	1.178043e-04
5.500000e+01	5.600000e+01	2.941469e-04	4.596470e-05	2.395645e-04
5.600000e+01	5.700000e+01	2.906915e-04	7.633390e-05	8.458930e-05
5.700000e+01	5.800000e+01	3.034635e-04	8.444950e-05	8.775720e-05
5.800000e+01	5.900000e+01	2.974761e-04	1.071739e-04	7.189790e-05
5.900000e+01	6.000000e+01	2.655665e-04	1.012023e-04	7.920240e-05
6.000000e+01	6.100000e+01	2.188740e-04	5.605150e-05	2.058970e-05
6.100000e+01	6.200000e+01	2.055080e-04	1.295260e-05	9.485060e-05
6.200000e+01	6.300000e+01	2.384334e-04	6.798100e-05	4.775470e-05
6.300000e+01	6.400000e+01	1.685155e-04	4.778000e-05	8.195000e-06
6.400000e+01	6.500000e+01	1.519402e-04	3.084080e-05	1.291205e-04
6.500000e+01	6.600000e+01	1.416174e-05	0.000000e+00	1.897689e-04
6.600000e+01	6.700000e+01	1.400017e-04	3.795180e-05	3.231540e-05
6.700000e+01	6.800000e+01	1.235173e-04	0.000000e+00	4.216880e-05
6.800000e+01	6.900000e+01	1.165321e-04	1.787276e-05	1.026762e-04
6.900000e+01	7.000000e+01	1.295844e-04	4.173492e-05	1.813470e-05
7.000000e+01	7.100000e+01	1.308821e-04	4.002020e-05	2.732780e-05
7.100000e+01	7.200000e+01	1.307358e-04	8.186856e-05	0.000000e+00
7.200000e+01	7.300000e+01	1.138248e-04	2.245709e-05	2.562640e-05
7.300000e+01	7.400000e+01	1.686120e-04	7.142006e-05	0.000000e+00
7.400000e+01	7.500000e+01	2.270004e-04	1.540480e-04	0.000000e+00
7.500000e+01	7.600000e+01	5.648241e-05	0.000000e+00	1.140055e-04
7.600000e+01	7.700000e+01	1.610120e-04	2.793569e-04	1.736320e-05
7.700000e+01	7.800000e+01	1.388948e-04	2.018340e-05	8.852300e-06
7.800000e+01	7.900000e+01	1.849666e-04	6.524780e-05	1.994258e-04
7.900000e+01	8.000000e+01	2.154914e-04	9.459800e-06	2.144250e-04
8.000000e+01	8.100000e+01	2.509666e-04	0.000000e+00	1.405474e-04
8.100000e+01	8.200000e+01	1.928794e-04	0.000000e+00	8.833410e-05
8.200000e+01	8.300000e+01	1.888755e-04	3.173000e-05	2.841800e-05
8.300000e+01	8.400000e+01	1.426172e-04	3.310480e-05	0.000000e+00
8.400000e+01	8.500000e+01	8.429088e-05	9.859800e-06	4.225662e-05
8.500000e+01	8.600000e+01	6.776034e-05	0.000000e+00	4.289066e-05
8.600000e+01	8.700000e+01	5.429009e-05	0.000000e+00	3.270627e-05
8.700000e+01	8.800000e+01	6.362395e-05	1.583183e-05	6.688685e-05
8.800000e+01	8.900000e+01	4.596163e-05	6.370040e-06	2.566074e-05
8.900000e+01	9.000000e+01	6.623662e-05	1.439802e-05	5.483760e-06
9.000000e+01	9.100000e+01	2.608272e-04	1.971008e-04	0.000000e+00
9.100000e+01	9.200000e+01	8.350683e-05	3.149790e-06	8.415020e-06
9.200000e+01	9.300000e+01	7.594101e-05	3.301842e-05	0.000000e+00
9.300000e+01	9.400000e+01	8.769624e-05	2.325184e-05	0.000000e+00
9.400000e+01	9.500000e+01	4.678641e-05	1.603783e-05	4.318055e-05
9.500000e+01	9.600000e+01	3.004412e-05	0.000000e+00	7.018540e-06
9.600000e+01	9.700000e+01	1.710423e-05	0.000000e+00	2.162765e-05
9.700000e+01	9.800000e+01	1.983366e-05	4.630010e-06	1.721604e-05
9.800000e+01	9.900000e+01	2.162653e-05	3.890730e-06	4.937810e-06
9.900000e+01	1.000000e+02	2.290456e-05	1.153872e-05	1.238144e-05
# END HISTO1D


# BEGIN HISTO1D //homes/tinghua1/Merging-Project/Production/HJETS/ratio-plots/hjets-matched-errorband/H-N2-3-4-25gev-combine.yoda/MC_H2JETS_04_INC/jet1_mass
ErrorBandColor=blue
ErrorBandOpacity=0.3
ErrorBands=1
ErrorType=env
LineColor=blue
LineStyle=solid
Path=//homes/tinghua1/Merging-Project/Production/HJETS/ratio-plots/hjets-matched-errorband/H-N2-3-4-25gev-combine.yoda/MC_H2JETS_04_INC/jet1_mass
RatioPlotSameStyle=1
Title=h(2*,3,4)
# xlow	 xhigh	 val	 errminus	 errplus
0.000000e+00	1.000000e+00	7.730638e-01	1.752076e-01	3.560342e-01
1.000000e+00	2.000000e+00	1.236432e-01	2.707846e-02	5.260860e-02
2.000000e+00	3.000000e+00	6.649311e-02	1.088639e-02	0.000000e+00
3.000000e+00	4.000000e+00	1.939308e-01	2.988340e-02	0.000000e+00
4.000000e+00	5.000000e+00	2.292437e-01	2.181280e-02	0.000000e+00
5.000000e+00	6.000000e+00	2.365176e-01	2.162010e-02	0.000000e+00
6.000000e+00	7.000000e+00	2.268628e-01	2.669490e-02	0.000000e+00
7.000000e+00	8.000000e+00	2.051015e-01	2.949420e-02	7.692200e-03
8.000000e+00	9.000000e+00	1.768842e-01	2.840240e-02	1.264800e-02
9.000000e+00	1.000000e+01	1.495317e-01	2.729040e-02	1.539790e-02
1.000000e+01	1.100000e+01	1.244576e-01	2.419510e-02	1.614090e-02
1.100000e+01	1.200000e+01	1.033165e-01	2.110805e-02	1.590420e-02
1.200000e+01	1.300000e+01	8.558471e-02	1.815743e-02	1.540409e-02
1.300000e+01	1.400000e+01	7.121175e-02	1.505573e-02	1.402502e-02
1.400000e+01	1.500000e+01	5.934525e-02	1.323918e-02	1.265594e-02
1.500000e+01	1.600000e+01	4.983682e-02	1.147056e-02	1.164093e-02
1.600000e+01	1.700000e+01	4.204485e-02	1.001659e-02	1.013973e-02
1.700000e+01	1.800000e+01	3.612490e-02	8.993130e-03	8.243950e-03
1.800000e+01	1.900000e+01	3.042103e-02	7.390180e-03	7.768530e-03
1.900000e+01	2.000000e+01	2.605691e-02	6.507350e-03	7.027470e-03
2.000000e+01	2.100000e+01	2.249025e-02	5.584200e-03	5.890640e-03
2.100000e+01	2.200000e+01	1.924563e-02	4.902540e-03	5.165070e-03
2.200000e+01	2.300000e+01	1.662022e-02	4.359920e-03	4.388190e-03
2.300000e+01	2.400000e+01	1.462292e-02	4.077520e-03	3.718100e-03
2.400000e+01	2.500000e+01	1.256376e-02	3.414195e-03	3.383960e-03
2.500000e+01	2.600000e+01	1.078940e-02	2.898732e-03	3.066840e-03
2.600000e+01	2.700000e+01	9.457816e-03	2.612474e-03	2.576454e-03
2.700000e+01	2.800000e+01	8.099723e-03	2.199860e-03	2.434977e-03
2.800000e+01	2.900000e+01	7.141166e-03	1.942796e-03	1.981322e-03
2.900000e+01	3.000000e+01	6.166841e-03	1.661900e-03	1.871570e-03
3.000000e+01	3.100000e+01	5.342463e-03	1.443444e-03	1.693844e-03
3.100000e+01	3.200000e+01	4.697191e-03	1.354858e-03	1.479086e-03
3.200000e+01	3.300000e+01	4.150386e-03	1.200361e-03	1.219295e-03
3.300000e+01	3.400000e+01	3.680519e-03	1.106159e-03	1.076738e-03
3.400000e+01	3.500000e+01	3.230332e-03	9.294340e-04	9.478170e-04
3.500000e+01	3.600000e+01	2.826522e-03	8.095800e-04	9.877750e-04
3.600000e+01	3.700000e+01	2.453907e-03	6.530630e-04	8.520480e-04
3.700000e+01	3.800000e+01	2.183059e-03	6.481680e-04	6.452440e-04
3.800000e+01	3.900000e+01	1.930506e-03	5.682230e-04	5.860660e-04
3.900000e+01	4.000000e+01	1.735191e-03	5.282380e-04	5.273120e-04
4.000000e+01	4.100000e+01	1.537742e-03	4.391480e-04	4.158640e-04
4.100000e+01	4.200000e+01	1.355416e-03	4.009412e-04	4.361670e-04
4.200000e+01	4.300000e+01	1.208628e-03	3.333406e-04	3.932810e-04
4.300000e+01	4.400000e+01	1.045837e-03	3.236688e-04	3.499700e-04
4.400000e+01	4.500000e+01	9.349964e-04	2.594586e-04	3.020306e-04
4.500000e+01	4.600000e+01	8.502738e-04	2.333034e-04	3.071252e-04
4.600000e+01	4.700000e+01	7.731117e-04	2.049287e-04	2.395043e-04
4.700000e+01	4.800000e+01	6.907178e-04	2.048248e-04	2.573747e-04
4.800000e+01	4.900000e+01	5.936214e-04	1.472360e-04	2.231874e-04
4.900000e+01	5.000000e+01	5.603309e-04	1.545652e-04	2.100374e-04
5.000000e+01	5.100000e+01	5.056525e-04	1.413571e-04	1.822868e-04
5.100000e+01	5.200000e+01	4.780107e-04	1.301683e-04	1.500862e-04
5.200000e+01	5.300000e+01	4.285343e-04	1.089368e-04	1.414303e-04
5.300000e+01	5.400000e+01	3.803064e-04	1.150452e-04	9.066430e-05
5.400000e+01	5.500000e+01	3.643316e-04	1.086031e-04	1.095494e-04
5.500000e+01	5.600000e+01	3.226216e-04	8.210110e-05	5.054254e-04
5.600000e+01	5.700000e+01	2.837038e-04	6.008860e-05	1.150254e-04
5.700000e+01	5.800000e+01	2.473611e-04	5.033430e-05	1.222312e-04
5.800000e+01	5.900000e+01	2.607438e-04	8.621910e-05	8.183950e-05
5.900000e+01	6.000000e+01	2.446842e-04	6.469190e-05	6.506800e-05
6.000000e+01	6.100000e+01	2.133944e-04	4.989440e-05	1.184414e-04
6.100000e+01	6.200000e+01	1.979186e-04	5.454920e-05	6.398430e-05
6.200000e+01	6.300000e+01	1.840391e-04	3.867030e-05	6.675220e-05
6.300000e+01	6.400000e+01	1.709160e-04	5.597020e-05	5.803830e-05
6.400000e+01	6.500000e+01	1.403970e-04	1.668480e-05	8.173930e-05
6.500000e+01	6.600000e+01	1.547764e-04	4.142980e-05	7.034190e-05
6.600000e+01	6.700000e+01	1.299862e-04	2.437330e-05	5.186680e-05
6.700000e+01	6.800000e+01	1.190106e-04	4.495700e-06	5.503000e-05
6.800000e+01	6.900000e+01	1.291870e-04	3.782377e-05	2.954970e-05
6.900000e+01	7.000000e+01	1.201606e-04	3.699058e-05	4.710510e-05
7.000000e+01	7.100000e+01	1.172344e-04	3.292420e-05	4.717180e-05
7.100000e+01	7.200000e+01	1.193604e-04	3.385769e-05	3.553490e-05
7.200000e+01	7.300000e+01	1.069924e-04	2.417342e-05	4.004860e-05
7.300000e+01	7.400000e+01	1.109951e-04	2.877669e-05	2.873580e-05
7.400000e+01	7.500000e+01	1.091635e-04	3.266795e-05	4.762460e-05
7.500000e+01	7.600000e+01	1.077125e-04	3.463066e-05	6.077380e-05
7.600000e+01	7.700000e+01	1.380794e-04	4.845069e-05	7.814900e-06
7.700000e+01	7.800000e+01	1.305489e-04	2.836780e-05	3.432660e-05
7.800000e+01	7.900000e+01	1.699039e-04	4.339490e-05	3.821260e-05
7.900000e+01	8.000000e+01	1.989556e-04	0.000000e+00	5.637830e-05
8.000000e+01	8.100000e+01	2.512940e-04	0.000000e+00	6.361300e-05
8.100000e+01	8.200000e+01	2.800550e-04	3.303830e-05	4.106550e-05
8.200000e+01	8.300000e+01	1.526156e-04	2.556290e-05	8.198390e-05
8.300000e+01	8.400000e+01	1.236788e-04	2.458664e-05	3.046670e-05
8.400000e+01	8.500000e+01	8.928118e-05	3.216391e-05	6.068542e-05
8.500000e+01	8.600000e+01	7.065090e-05	1.698390e-05	3.154150e-05
8.600000e+01	8.700000e+01	7.089378e-05	2.039602e-05	1.988493e-05
8.700000e+01	8.800000e+01	6.980580e-05	2.770083e-05	1.559859e-05
8.800000e+01	8.900000e+01	6.457043e-05	2.199260e-06	2.583377e-05
8.900000e+01	9.000000e+01	5.593190e-05	5.467280e-06	2.448864e-05
9.000000e+01	9.100000e+01	7.679112e-05	8.018220e-06	6.505720e-06
9.100000e+01	9.200000e+01	1.163104e-04	3.243246e-05	0.000000e+00
9.200000e+01	9.300000e+01	7.783418e-05	2.122960e-05	1.241938e-05
9.300000e+01	9.400000e+01	6.396986e-05	1.747249e-05	1.173557e-05
9.400000e+01	9.500000e+01	5.157077e-05	1.968536e-05	1.750250e-06
9.500000e+01	9.600000e+01	3.440479e-05	8.711610e-06	3.117060e-06
9.600000e+01	9.700000e+01	3.076703e-05	7.717550e-06	1.297576e-05
9.700000e+01	9.800000e+01	2.570822e-05	1.014211e-05	6.015280e-06
9.800000e+01	9.900000e+01	3.358940e-05	1.887897e-05	0.000000e+00
9.900000e+01	1.000000e+02	1.978382e-05	5.005670e-06	1.195170e-05
# END HISTO1D


# BEGIN HISTO1D //homes/tinghua1/Merging-Project/Production/HJETS/ratio-plots/hjets-matched-errorband/H-2-3-4-25gev-combine.yoda/MC_H2JETS_04_INC/jet1_mass
ErrorBandColor=yellow
ErrorBandOpacity=0.3
ErrorBands=1
ErrorType=env
LineColor=yellow
LineStyle=solid
Path=//homes/tinghua1/Merging-Project/Production/HJETS/ratio-plots/hjets-matched-errorband/H-2-3-4-25gev-combine.yoda/MC_H2JETS_04_INC/jet1_mass
RatioPlotSameStyle=1
Title=h(2,3,4)
# xlow	 xhigh	 val	 errminus	 errplus
0.000000e+00	1.000000e+00	7.459054e-01	1.646438e-01	3.239806e-01
1.000000e+00	2.000000e+00	1.146449e-01	2.638146e-02	4.940650e-02
2.000000e+00	3.000000e+00	6.375496e-02	1.034546e-02	0.000000e+00
3.000000e+00	4.000000e+00	1.860325e-01	2.905600e-02	0.000000e+00
4.000000e+00	5.000000e+00	2.183084e-01	1.960380e-02	0.000000e+00
5.000000e+00	6.000000e+00	2.252670e-01	2.355700e-02	0.000000e+00
6.000000e+00	7.000000e+00	2.160399e-01	2.840100e-02	6.619000e-04
7.000000e+00	8.000000e+00	1.944493e-01	2.980430e-02	8.817500e-03
8.000000e+00	9.000000e+00	1.678569e-01	2.954020e-02	1.364130e-02
9.000000e+00	1.000000e+01	1.414306e-01	2.756950e-02	1.636960e-02
1.000000e+01	1.100000e+01	1.178135e-01	2.475153e-02	1.728170e-02
1.100000e+01	1.200000e+01	9.706445e-02	2.137827e-02	1.738535e-02
1.200000e+01	1.300000e+01	8.041410e-02	1.856358e-02	1.594551e-02
1.300000e+01	1.400000e+01	6.676035e-02	1.589212e-02	1.448195e-02
1.400000e+01	1.500000e+01	5.534778e-02	1.344663e-02	1.338321e-02
1.500000e+01	1.600000e+01	4.634942e-02	1.150203e-02	1.157187e-02
1.600000e+01	1.700000e+01	3.905404e-02	9.937800e-03	1.044556e-02
1.700000e+01	1.800000e+01	3.303464e-02	8.571850e-03	9.097100e-03
1.800000e+01	1.900000e+01	2.811401e-02	7.470850e-03	8.046250e-03
1.900000e+01	2.000000e+01	2.393177e-02	6.427330e-03	7.018890e-03
2.000000e+01	2.100000e+01	2.057462e-02	5.704150e-03	5.997980e-03
2.100000e+01	2.200000e+01	1.758149e-02	4.824620e-03	5.326780e-03
2.200000e+01	2.300000e+01	1.511347e-02	4.162240e-03	4.649300e-03
2.300000e+01	2.400000e+01	1.308210e-02	3.808445e-03	4.066720e-03
2.400000e+01	2.500000e+01	1.130531e-02	3.248701e-03	3.466020e-03
2.500000e+01	2.600000e+01	9.749634e-03	2.883434e-03	2.987466e-03
2.600000e+01	2.700000e+01	8.434843e-03	2.470958e-03	2.610787e-03
2.700000e+01	2.800000e+01	7.444596e-03	2.296508e-03	2.283603e-03
2.800000e+01	2.900000e+01	6.339763e-03	1.849693e-03	2.072818e-03
2.900000e+01	3.000000e+01	5.545462e-03	1.687894e-03	1.698424e-03
3.000000e+01	3.100000e+01	4.765661e-03	1.452093e-03	1.598252e-03
3.100000e+01	3.200000e+01	4.158526e-03	1.229314e-03	1.374613e-03
3.200000e+01	3.300000e+01	3.697447e-03	1.156891e-03	1.182829e-03
3.300000e+01	3.400000e+01	3.203417e-03	1.029707e-03	1.056656e-03
3.400000e+01	3.500000e+01	2.752092e-03	8.207840e-04	9.552820e-04
3.500000e+01	3.600000e+01	2.423405e-03	7.341380e-04	8.852660e-04
3.600000e+01	3.700000e+01	2.123086e-03	6.182940e-04	7.097980e-04
3.700000e+01	3.800000e+01	1.895389e-03	6.099620e-04	5.581580e-04
3.800000e+01	3.900000e+01	1.635453e-03	4.947710e-04	5.894630e-04
3.900000e+01	4.000000e+01	1.469678e-03	4.549880e-04	4.794080e-04
4.000000e+01	4.100000e+01	1.273257e-03	3.772120e-04	4.683940e-04
4.100000e+01	4.200000e+01	1.128481e-03	3.445265e-04	4.279460e-04
4.200000e+01	4.300000e+01	1.027760e-03	3.301514e-04	3.063110e-04
4.300000e+01	4.400000e+01	8.986400e-04	2.962440e-04	3.319270e-04
4.400000e+01	4.500000e+01	7.758758e-04	2.211492e-04	2.910942e-04
4.500000e+01	4.600000e+01	7.021197e-04	1.980685e-04	2.455087e-04
4.600000e+01	4.700000e+01	6.311596e-04	1.901356e-04	3.074258e-04
4.700000e+01	4.800000e+01	5.337111e-04	1.418519e-04	2.585957e-04
4.800000e+01	4.900000e+01	5.062247e-04	1.482583e-04	2.000385e-04
4.900000e+01	5.000000e+01	4.638699e-04	1.300410e-04	1.846489e-04
5.000000e+01	5.100000e+01	4.048054e-04	1.084236e-04	1.779940e-04
5.100000e+01	5.200000e+01	3.781098e-04	1.229895e-04	1.448127e-04
5.200000e+01	5.300000e+01	3.475567e-04	1.099305e-04	1.261379e-04
5.300000e+01	5.400000e+01	2.969768e-04	8.603940e-05	1.322552e-04
5.400000e+01	5.500000e+01	2.835556e-04	1.242728e-04	9.773970e-05
5.500000e+01	5.600000e+01	2.558416e-04	7.029390e-05	9.701110e-05
5.600000e+01	5.700000e+01	2.407812e-04	6.637030e-05	8.963010e-05
5.700000e+01	5.800000e+01	2.019793e-04	5.588600e-05	9.407820e-05
5.800000e+01	5.900000e+01	1.861797e-04	4.033340e-05	9.012240e-05
5.900000e+01	6.000000e+01	1.757275e-04	4.405430e-05	8.195220e-05
6.000000e+01	6.100000e+01	1.753366e-04	5.340660e-05	5.482500e-05
6.100000e+01	6.200000e+01	1.605449e-04	4.408010e-05	6.767200e-05
6.200000e+01	6.300000e+01	1.422811e-04	3.022890e-05	6.095280e-05
6.300000e+01	6.400000e+01	1.417364e-04	4.460336e-05	4.703540e-05
6.400000e+01	6.500000e+01	1.146374e-04	1.995509e-05	6.132470e-05
6.500000e+01	6.600000e+01	1.216222e-04	3.059194e-05	3.967990e-05
6.600000e+01	6.700000e+01	1.059764e-04	2.385156e-05	7.685430e-05
6.700000e+01	6.800000e+01	1.046165e-04	3.558619e-05	4.045960e-05
6.800000e+01	6.900000e+01	9.425794e-05	2.860776e-05	4.283316e-05
6.900000e+01	7.000000e+01	9.909240e-05	2.860031e-05	2.839380e-05
7.000000e+01	7.100000e+01	9.015996e-05	2.430341e-05	3.472474e-05
7.100000e+01	7.200000e+01	8.817316e-05	2.734975e-05	3.915934e-05
7.200000e+01	7.300000e+01	9.181671e-05	2.469297e-05	2.421089e-05
7.300000e+01	7.400000e+01	8.710585e-05	2.747515e-05	3.360185e-05
7.400000e+01	7.500000e+01	8.261775e-05	2.370216e-05	3.618325e-05
7.500000e+01	7.600000e+01	7.739441e-05	7.440830e-06	4.676789e-05
7.600000e+01	7.700000e+01	9.014459e-05	2.893452e-05	3.621611e-05
7.700000e+01	7.800000e+01	1.048751e-04	2.863560e-05	3.269830e-05
7.800000e+01	7.900000e+01	1.141583e-04	2.091446e-05	4.685480e-05
7.900000e+01	8.000000e+01	1.555584e-04	7.801400e-06	5.819380e-05
8.000000e+01	8.100000e+01	2.296103e-04	3.168480e-05	1.990110e-05
8.100000e+01	8.200000e+01	2.491096e-04	1.120156e-04	0.000000e+00
8.200000e+01	8.300000e+01	1.088080e-04	1.190452e-05	4.690240e-05
8.300000e+01	8.400000e+01	8.827190e-05	2.822674e-05	2.824240e-05
8.400000e+01	8.500000e+01	6.266912e-05	9.486590e-06	3.430631e-05
8.500000e+01	8.600000e+01	5.906206e-05	2.448894e-05	1.424972e-05
8.600000e+01	8.700000e+01	7.990428e-05	4.796558e-05	0.000000e+00
8.700000e+01	8.800000e+01	4.816289e-05	1.367711e-05	2.002980e-05
8.800000e+01	8.900000e+01	4.658460e-05	5.036970e-06	1.933510e-05
8.900000e+01	9.000000e+01	5.027890e-05	7.666250e-06	1.105447e-05
9.000000e+01	9.100000e+01	5.639653e-05	1.146040e-05	1.970841e-05
9.100000e+01	9.200000e+01	5.876258e-05	5.088450e-06	1.590496e-05
9.200000e+01	9.300000e+01	5.896853e-05	1.260912e-05	1.541660e-05
9.300000e+01	9.400000e+01	3.786543e-05	1.489680e-06	5.261420e-06
9.400000e+01	9.500000e+01	3.197283e-05	1.556050e-05	1.001126e-05
9.500000e+01	9.600000e+01	2.548037e-05	7.508310e-06	1.288848e-05
9.600000e+01	9.700000e+01	1.600221e-05	0.000000e+00	6.839153e-05
9.700000e+01	9.800000e+01	1.942755e-05	6.964950e-06	4.491650e-06
9.800000e+01	9.900000e+01	9.086187e-06	3.221860e-07	1.099321e-05
9.900000e+01	1.000000e+02	1.255164e-05	1.486390e-06	7.785700e-06
# END HISTO1D


# BEGIN HISTO1D //homes/tinghua1/Merging-Project/Production/HJETS/ratio-plots/hjets-matched-errorband/H-N2-3-25gev-combine.yoda/MC_H2JETS_04_INC/jet1_mass
ErrorBandColor=green
ErrorBandOpacity=0.3
ErrorBands=1
ErrorType=env
LineColor=green
LineStyle=solid
Path=//homes/tinghua1/Merging-Project/Production/HJETS/ratio-plots/hjets-matched-errorband/H-N2-3-25gev-combine.yoda/MC_H2JETS_04_INC/jet1_mass
RatioPlotSameStyle=1
Title=h(2*,3)
# xlow	 xhigh	 val	 errminus	 errplus
0.000000e+00	1.000000e+00	7.737856e-01	1.765355e-01	3.556004e-01
1.000000e+00	2.000000e+00	1.232980e-01	2.679167e-02	5.267010e-02
2.000000e+00	3.000000e+00	6.657099e-02	1.116260e-02	0.000000e+00
3.000000e+00	4.000000e+00	1.932172e-01	3.026240e-02	0.000000e+00
4.000000e+00	5.000000e+00	2.286341e-01	2.173990e-02	0.000000e+00
5.000000e+00	6.000000e+00	2.365661e-01	2.254970e-02	0.000000e+00
6.000000e+00	7.000000e+00	2.288728e-01	2.933720e-02	0.000000e+00
7.000000e+00	8.000000e+00	2.051253e-01	2.895770e-02	7.665300e-03
8.000000e+00	9.000000e+00	1.774850e-01	2.940690e-02	1.204550e-02
9.000000e+00	1.000000e+01	1.491810e-01	2.607950e-02	1.543950e-02
1.000000e+01	1.100000e+01	1.251918e-01	2.474500e-02	1.621780e-02
1.100000e+01	1.200000e+01	1.034028e-01	2.136452e-02	1.607930e-02
1.200000e+01	1.300000e+01	8.571487e-02	1.786690e-02	1.529443e-02
1.300000e+01	1.400000e+01	7.117445e-02	1.565986e-02	1.418957e-02
1.400000e+01	1.500000e+01	5.952459e-02	1.351208e-02	1.261343e-02
1.500000e+01	1.600000e+01	4.990537e-02	1.148925e-02	1.134545e-02
1.600000e+01	1.700000e+01	4.208611e-02	9.804160e-03	1.015972e-02
1.700000e+01	1.800000e+01	3.588462e-02	8.901970e-03	8.791120e-03
1.800000e+01	1.900000e+01	3.033856e-02	7.563310e-03	7.875080e-03
1.900000e+01	2.000000e+01	2.609105e-02	6.497360e-03	6.980190e-03
2.000000e+01	2.100000e+01	2.236601e-02	5.357170e-03	6.145960e-03
2.100000e+01	2.200000e+01	1.928025e-02	4.952760e-03	5.303270e-03
2.200000e+01	2.300000e+01	1.664622e-02	4.220460e-03	4.667820e-03
2.300000e+01	2.400000e+01	1.446076e-02	3.797180e-03	4.075910e-03
2.400000e+01	2.500000e+01	1.252821e-02	3.358841e-03	3.336060e-03
2.500000e+01	2.600000e+01	1.078006e-02	2.877860e-03	3.088230e-03
2.600000e+01	2.700000e+01	9.406683e-03	2.552128e-03	2.539087e-03
2.700000e+01	2.800000e+01	8.237567e-03	2.295818e-03	2.179863e-03
2.800000e+01	2.900000e+01	7.246812e-03	2.079420e-03	1.843054e-03
2.900000e+01	3.000000e+01	6.126900e-03	1.639031e-03	1.965237e-03
3.000000e+01	3.100000e+01	5.441756e-03	1.520893e-03	1.550637e-03
3.100000e+01	3.200000e+01	4.693519e-03	1.273633e-03	1.458200e-03
3.200000e+01	3.300000e+01	4.163668e-03	1.153908e-03	9.646710e-04
3.300000e+01	3.400000e+01	3.650176e-03	1.027080e-03	1.203491e-03
3.400000e+01	3.500000e+01	3.236221e-03	8.512260e-04	9.130960e-04
3.500000e+01	3.600000e+01	2.813131e-03	8.147090e-04	8.055340e-04
3.600000e+01	3.700000e+01	2.483370e-03	7.101590e-04	7.534710e-04
3.700000e+01	3.800000e+01	2.188981e-03	6.163870e-04	6.523900e-04
3.800000e+01	3.900000e+01	1.959648e-03	5.942030e-04	5.756800e-04
3.900000e+01	4.000000e+01	1.718246e-03	4.803010e-04	5.061690e-04
4.000000e+01	4.100000e+01	1.529608e-03	4.442740e-04	4.668300e-04
4.100000e+01	4.200000e+01	1.340524e-03	3.628416e-04	4.252210e-04
4.200000e+01	4.300000e+01	1.188920e-03	3.374002e-04	3.930480e-04
4.300000e+01	4.400000e+01	1.065238e-03	2.842961e-04	3.546350e-04
4.400000e+01	4.500000e+01	9.510840e-04	2.655944e-04	3.305650e-04
4.500000e+01	4.600000e+01	8.844595e-04	2.778180e-04	2.461065e-04
4.600000e+01	4.700000e+01	7.556963e-04	1.956454e-04	2.642387e-04
4.700000e+01	4.800000e+01	6.978578e-04	1.932462e-04	1.999563e-04
4.800000e+01	4.900000e+01	6.352739e-04	1.871626e-04	2.128934e-04
4.900000e+01	5.000000e+01	5.601006e-04	1.590658e-04	1.875299e-04
5.000000e+01	5.100000e+01	4.986870e-04	1.318902e-04	1.752536e-04
5.100000e+01	5.200000e+01	4.684031e-04	1.317868e-04	1.443087e-04
5.200000e+01	5.300000e+01	4.212760e-04	1.197206e-04	1.373729e-04
5.300000e+01	5.400000e+01	3.767123e-04	9.487610e-05	1.275445e-04
5.400000e+01	5.500000e+01	3.451419e-04	9.773850e-05	1.229046e-04
5.500000e+01	5.600000e+01	3.137618e-04	8.097310e-05	1.116783e-04
5.600000e+01	5.700000e+01	2.871395e-04	7.645510e-05	1.062012e-04
5.700000e+01	5.800000e+01	2.667635e-04	7.409120e-05	7.999010e-05
5.800000e+01	5.900000e+01	2.522215e-04	6.991970e-05	7.448460e-05
5.900000e+01	6.000000e+01	2.256114e-04	5.191760e-05	7.251700e-05
6.000000e+01	6.100000e+01	1.986072e-04	3.708430e-05	7.638750e-05
6.100000e+01	6.200000e+01	1.888172e-04	5.032600e-05	6.810780e-05
6.200000e+01	6.300000e+01	1.810845e-04	4.985120e-05	5.970150e-05
6.300000e+01	6.400000e+01	1.593838e-04	4.089570e-05	6.037760e-05
6.400000e+01	6.500000e+01	1.607281e-04	3.999640e-05	5.001370e-05
6.500000e+01	6.600000e+01	1.460675e-04	3.689440e-05	5.168220e-05
6.600000e+01	6.700000e+01	1.333262e-04	3.558085e-05	4.830960e-05
6.700000e+01	6.800000e+01	1.251496e-04	3.354687e-05	4.150490e-05
6.800000e+01	6.900000e+01	1.110828e-04	1.916926e-05	5.405840e-05
6.900000e+01	7.000000e+01	1.145527e-04	2.713986e-05	3.725530e-05
7.000000e+01	7.100000e+01	1.129741e-04	2.902834e-05	3.730140e-05
7.100000e+01	7.200000e+01	1.087212e-04	3.016960e-05	3.847660e-05
7.200000e+01	7.300000e+01	1.080625e-04	2.990730e-05	2.676830e-05
7.300000e+01	7.400000e+01	9.844284e-05	2.338878e-05	3.457926e-05
7.400000e+01	7.500000e+01	8.099281e-05	6.756560e-06	5.342649e-05
7.500000e+01	7.600000e+01	1.046245e-04	2.529580e-05	3.985390e-05
7.600000e+01	7.700000e+01	1.157102e-04	3.556628e-05	2.704930e-05
7.700000e+01	7.800000e+01	1.215705e-04	2.743638e-05	4.623740e-05
7.800000e+01	7.900000e+01	1.540443e-04	1.940470e-05	2.595990e-05
7.900000e+01	8.000000e+01	2.027091e-04	3.114100e-05	2.865490e-05
8.000000e+01	8.100000e+01	2.824133e-04	2.109650e-05	2.646230e-05
8.100000e+01	8.200000e+01	2.411140e-04	2.710120e-05	3.906030e-05
8.200000e+01	8.300000e+01	1.578412e-04	3.153420e-05	4.132080e-05
8.300000e+01	8.400000e+01	1.235622e-04	3.800520e-05	1.922520e-05
8.400000e+01	8.500000e+01	8.646454e-05	1.675695e-05	4.295666e-05
8.500000e+01	8.600000e+01	7.636321e-05	2.611027e-05	1.558044e-05
8.600000e+01	8.700000e+01	6.747195e-05	2.005509e-05	2.164265e-05
8.700000e+01	8.800000e+01	5.676376e-05	1.407829e-05	1.524582e-05
8.800000e+01	8.900000e+01	6.035686e-05	1.743964e-05	1.650353e-05
8.900000e+01	9.000000e+01	5.792969e-05	1.565328e-05	2.192933e-05
9.000000e+01	9.100000e+01	8.139031e-05	1.720972e-05	1.141716e-05
9.100000e+01	9.200000e+01	8.379697e-05	8.190130e-06	1.381246e-05
9.200000e+01	9.300000e+01	7.049106e-05	1.980227e-05	1.281797e-05
9.300000e+01	9.400000e+01	4.705084e-05	4.708490e-06	1.451475e-05
9.400000e+01	9.500000e+01	3.746558e-05	1.027751e-05	1.458094e-05
9.500000e+01	9.600000e+01	2.848989e-05	4.989140e-06	1.456835e-05
9.600000e+01	9.700000e+01	2.731017e-05	1.093309e-05	6.999000e-06
9.700000e+01	9.800000e+01	2.264007e-05	4.278150e-06	6.890920e-06
9.800000e+01	9.900000e+01	1.986609e-05	6.560870e-06	1.275707e-05
9.900000e+01	1.000000e+02	1.669807e-05	5.495990e-06	1.015085e-05
# END HISTO1D


# BEGIN HISTO1D //homes/tinghua1/Merging-Project/Production/HJETS/ratio-plots/hjets-matched-errorband/H-2-3-25gev-combine.yoda/MC_H2JETS_04_INC/jet1_mass
ErrorBandColor=purple
ErrorBandOpacity=0.3
ErrorBands=1
ErrorType=env
LineColor=purple
LineStyle=solid
Path=//homes/tinghua1/Merging-Project/Production/HJETS/ratio-plots/hjets-matched-errorband/H-2-3-25gev-combine.yoda/MC_H2JETS_04_INC/jet1_mass
RatioPlotSameStyle=1
Title=h(2,3)
# xlow	 xhigh	 val	 errminus	 errplus
0.000000e+00	1.000000e+00	1.068797e+00	4.878895e-01	0.000000e+00
1.000000e+00	2.000000e+00	1.642541e-01	7.614158e-02	0.000000e+00
2.000000e+00	3.000000e+00	6.262675e-02	9.107090e-03	1.075180e-03
3.000000e+00	4.000000e+00	1.748678e-01	1.724570e-02	1.085140e-02
4.000000e+00	5.000000e+00	1.995733e-01	1.194600e-03	1.888900e-02
5.000000e+00	6.000000e+00	2.015497e-01	0.000000e+00	2.382790e-02
6.000000e+00	7.000000e+00	1.877972e-01	0.000000e+00	2.886600e-02
7.000000e+00	8.000000e+00	1.642543e-01	0.000000e+00	3.865880e-02
8.000000e+00	9.000000e+00	1.381104e-01	0.000000e+00	4.315130e-02
9.000000e+00	1.000000e+01	1.137151e-01	0.000000e+00	4.390600e-02
1.000000e+01	1.100000e+01	9.311114e-02	0.000000e+00	4.158366e-02
1.100000e+01	1.200000e+01	7.577547e-02	0.000000e+00	3.824073e-02
1.200000e+01	1.300000e+01	6.188953e-02	0.000000e+00	3.453836e-02
1.300000e+01	1.400000e+01	5.070094e-02	0.000000e+00	3.048493e-02
1.400000e+01	1.500000e+01	4.201077e-02	0.000000e+00	2.654237e-02
1.500000e+01	1.600000e+01	3.484412e-02	0.000000e+00	2.323463e-02
1.600000e+01	1.700000e+01	2.914545e-02	0.000000e+00	2.031878e-02
1.700000e+01	1.800000e+01	2.451726e-02	0.000000e+00	1.774001e-02
1.800000e+01	1.900000e+01	2.066161e-02	0.000000e+00	1.509499e-02
1.900000e+01	2.000000e+01	1.755144e-02	0.000000e+00	1.342425e-02
2.000000e+01	2.100000e+01	1.496599e-02	0.000000e+00	1.164161e-02
2.100000e+01	2.200000e+01	1.277996e-02	0.000000e+00	1.021411e-02
2.200000e+01	2.300000e+01	1.097231e-02	0.000000e+00	8.802710e-03
2.300000e+01	2.400000e+01	9.397902e-03	0.000000e+00	7.710178e-03
2.400000e+01	2.500000e+01	8.025892e-03	0.000000e+00	6.824798e-03
2.500000e+01	2.600000e+01	6.959806e-03	0.000000e+00	5.891134e-03
2.600000e+01	2.700000e+01	5.980452e-03	0.000000e+00	5.156598e-03
2.700000e+01	2.800000e+01	5.151756e-03	0.000000e+00	4.564061e-03
2.800000e+01	2.900000e+01	4.475193e-03	0.000000e+00	4.109126e-03
2.900000e+01	3.000000e+01	3.861543e-03	0.000000e+00	3.469340e-03
3.000000e+01	3.100000e+01	3.346959e-03	0.000000e+00	3.059263e-03
3.100000e+01	3.200000e+01	2.920729e-03	0.000000e+00	2.645745e-03
3.200000e+01	3.300000e+01	2.531682e-03	0.000000e+00	2.355926e-03
3.300000e+01	3.400000e+01	2.218835e-03	0.000000e+00	2.013901e-03
3.400000e+01	3.500000e+01	1.931093e-03	0.000000e+00	1.786408e-03
3.500000e+01	3.600000e+01	1.681813e-03	0.000000e+00	1.596028e-03
3.600000e+01	3.700000e+01	1.471945e-03	0.000000e+00	1.439728e-03
3.700000e+01	3.800000e+01	1.295533e-03	0.000000e+00	1.208204e-03
3.800000e+01	3.900000e+01	1.158338e-03	0.000000e+00	1.063197e-03
3.900000e+01	4.000000e+01	1.012262e-03	0.000000e+00	9.454270e-04
4.000000e+01	4.100000e+01	8.848738e-04	0.000000e+00	8.615212e-04
4.100000e+01	4.200000e+01	7.856455e-04	0.000000e+00	7.779335e-04
4.200000e+01	4.300000e+01	6.940475e-04	0.000000e+00	6.825555e-04
4.300000e+01	4.400000e+01	6.223034e-04	0.000000e+00	5.891056e-04
4.400000e+01	4.500000e+01	5.456569e-04	0.000000e+00	5.397611e-04
4.500000e+01	4.600000e+01	4.981057e-04	0.000000e+00	4.654643e-04
4.600000e+01	4.700000e+01	4.461859e-04	0.000000e+00	4.126043e-04
4.700000e+01	4.800000e+01	3.912109e-04	0.000000e+00	3.846051e-04
4.800000e+01	4.900000e+01	3.497406e-04	0.000000e+00	3.536483e-04
4.900000e+01	5.000000e+01	3.133656e-04	0.000000e+00	3.135790e-04
5.000000e+01	5.100000e+01	2.869677e-04	0.000000e+00	2.901758e-04
5.100000e+01	5.200000e+01	2.734407e-04	0.000000e+00	2.403674e-04
5.200000e+01	5.300000e+01	2.349749e-04	0.000000e+00	2.255206e-04
5.300000e+01	5.400000e+01	2.152803e-04	0.000000e+00	2.073101e-04
5.400000e+01	5.500000e+01	1.965791e-04	0.000000e+00	1.915778e-04
5.500000e+01	5.600000e+01	1.838478e-04	0.000000e+00	1.616196e-04
5.600000e+01	5.700000e+01	1.649337e-04	0.000000e+00	1.538971e-04
5.700000e+01	5.800000e+01	1.490100e-04	0.000000e+00	1.465524e-04
5.800000e+01	5.900000e+01	1.419035e-04	0.000000e+00	1.265613e-04
5.900000e+01	6.000000e+01	1.279798e-04	0.000000e+00	1.166002e-04
6.000000e+01	6.100000e+01	1.179810e-04	0.000000e+00	1.171766e-04
6.100000e+01	6.200000e+01	1.096801e-04	0.000000e+00	1.000288e-04
6.200000e+01	6.300000e+01	9.956363e-05	0.000000e+00	9.556877e-05
6.300000e+01	6.400000e+01	9.282684e-05	0.000000e+00	8.908666e-05
6.400000e+01	6.500000e+01	8.924088e-05	0.000000e+00	7.510752e-05
6.500000e+01	6.600000e+01	7.983420e-05	0.000000e+00	7.643460e-05
6.600000e+01	6.700000e+01	7.509893e-05	0.000000e+00	7.026677e-05
6.700000e+01	6.800000e+01	6.941035e-05	0.000000e+00	7.099545e-05
6.800000e+01	6.900000e+01	6.850316e-05	0.000000e+00	3.866714e-05
6.900000e+01	7.000000e+01	6.431073e-05	0.000000e+00	5.670177e-05
7.000000e+01	7.100000e+01	6.311158e-05	0.000000e+00	5.266172e-05
7.100000e+01	7.200000e+01	5.910444e-05	0.000000e+00	5.624576e-05
7.200000e+01	7.300000e+01	5.928272e-05	0.000000e+00	5.251628e-05
7.300000e+01	7.400000e+01	5.491232e-05	0.000000e+00	5.413208e-05
7.400000e+01	7.500000e+01	5.582132e-05	0.000000e+00	5.727268e-05
7.500000e+01	7.600000e+01	6.024146e-05	0.000000e+00	4.679544e-05
7.600000e+01	7.700000e+01	6.040961e-05	0.000000e+00	5.164569e-05
7.700000e+01	7.800000e+01	7.092678e-05	0.000000e+00	5.009662e-05
7.800000e+01	7.900000e+01	8.567752e-05	0.000000e+00	5.388708e-05
7.900000e+01	8.000000e+01	1.247405e-04	0.000000e+00	4.566540e-05
8.000000e+01	8.100000e+01	1.816918e-04	0.000000e+00	4.178210e-05
8.100000e+01	8.200000e+01	1.410851e-04	0.000000e+00	5.700470e-05
8.200000e+01	8.300000e+01	8.551951e-05	0.000000e+00	5.252519e-05
8.300000e+01	8.400000e+01	5.910346e-05	0.000000e+00	4.469104e-05
8.400000e+01	8.500000e+01	4.342322e-05	0.000000e+00	3.590052e-05
8.500000e+01	8.600000e+01	3.542114e-05	0.000000e+00	3.249154e-05
8.600000e+01	8.700000e+01	3.137229e-05	0.000000e+00	2.963288e-05
8.700000e+01	8.800000e+01	3.082956e-05	0.000000e+00	2.714536e-05
8.800000e+01	8.900000e+01	3.043829e-05	0.000000e+00	2.391583e-05
8.900000e+01	9.000000e+01	3.439509e-05	0.000000e+00	2.143050e-05
9.000000e+01	9.100000e+01	4.330023e-05	0.000000e+00	1.789160e-05
9.100000e+01	9.200000e+01	5.051912e-05	0.000000e+00	1.908736e-05
9.200000e+01	9.300000e+01	3.729825e-05	0.000000e+00	2.089285e-05
9.300000e+01	9.400000e+01	2.577803e-05	0.000000e+00	1.835183e-05
9.400000e+01	9.500000e+01	1.967692e-05	0.000000e+00	1.527235e-05
9.500000e+01	9.600000e+01	1.622202e-05	0.000000e+00	1.200261e-05
9.600000e+01	9.700000e+01	1.183727e-05	0.000000e+00	1.231539e-05
9.700000e+01	9.800000e+01	1.063293e-05	0.000000e+00	1.090899e-05
9.800000e+01	9.900000e+01	8.802005e-06	0.000000e+00	1.002191e-05
9.900000e+01	1.000000e+02	8.251082e-06	0.000000e+00	7.679048e-06
# END HISTO1D


# BEGIN HISTO1D //homes/tinghua1/Merging-Project/Production/HJETS/ratio-plots/hjets-matched-errorband/H3Jets-NLOPS-combine.yoda/MC_H2JETS_04_INC/jet1_mass
ErrorBandColor=red
ErrorBandOpacity=0.3
ErrorBands=1
ErrorType=env
LineColor=red
LineStyle=solid
Path=//homes/tinghua1/Merging-Project/Production/HJETS/ratio-plots/hjets-matched-errorband/H3Jets-NLOPS-combine.yoda/MC_H2JETS_04_INC/jet1_mass
RatioPlotSameStyle=1
Title=h(3*) $\oplus$ PS
# xlow	 xhigh	 val	 errminus	 errplus
0.000000e+00	1.000000e+00	4.511826e-01	1.272341e-01	2.289831e-01
1.000000e+00	2.000000e+00	7.876005e-02	2.044670e-02	3.864105e-02
2.000000e+00	3.000000e+00	4.078625e-02	8.518920e-03	2.205900e-03
3.000000e+00	4.000000e+00	1.210490e-01	2.567657e-02	0.000000e+00
4.000000e+00	5.000000e+00	1.465378e-01	2.245610e-02	0.000000e+00
5.000000e+00	6.000000e+00	1.529808e-01	2.003360e-02	0.000000e+00
6.000000e+00	7.000000e+00	1.476666e-01	1.134220e-02	0.000000e+00
7.000000e+00	8.000000e+00	1.337122e-01	1.282140e-02	0.000000e+00
8.000000e+00	9.000000e+00	1.196662e-01	1.611060e-02	0.000000e+00
9.000000e+00	1.000000e+01	1.045556e-01	1.614977e-02	1.645900e-03
1.000000e+01	1.100000e+01	8.638787e-02	1.317819e-02	4.481910e-03
1.100000e+01	1.200000e+01	7.290917e-02	1.243010e-02	5.234720e-03
1.200000e+01	1.300000e+01	6.063037e-02	1.126617e-02	4.398420e-03
1.300000e+01	1.400000e+01	5.015209e-02	9.172900e-03	6.952770e-03
1.400000e+01	1.500000e+01	4.283833e-02	8.633990e-03	4.686030e-03
1.500000e+01	1.600000e+01	3.556327e-02	7.256590e-03	3.624970e-03
1.600000e+01	1.700000e+01	2.757751e-02	4.242330e-03	6.147520e-03
1.700000e+01	1.800000e+01	2.488408e-02	5.396030e-03	3.465570e-03
1.800000e+01	1.900000e+01	2.074118e-02	4.089520e-03	2.960650e-03
1.900000e+01	2.000000e+01	1.754673e-02	3.353130e-03	2.058080e-03
2.000000e+01	2.100000e+01	1.459315e-02	3.093930e-03	3.360770e-03
2.100000e+01	2.200000e+01	1.249049e-02	2.074690e-03	2.997210e-03
2.200000e+01	2.300000e+01	1.071291e-02	2.193616e-03	2.574290e-03
2.300000e+01	2.400000e+01	8.455407e-03	9.213800e-04	2.700923e-03
2.400000e+01	2.500000e+01	8.013595e-03	2.405503e-03	1.587309e-03
2.500000e+01	2.600000e+01	7.323014e-03	2.012218e-03	7.255090e-04
2.600000e+01	2.700000e+01	5.866918e-03	1.260086e-03	1.123715e-03
2.700000e+01	2.800000e+01	4.814719e-03	7.690740e-04	1.421386e-03
2.800000e+01	2.900000e+01	4.278987e-03	8.562440e-04	1.010308e-03
2.900000e+01	3.000000e+01	3.910330e-03	8.676650e-04	4.095480e-04
3.000000e+01	3.100000e+01	3.253972e-03	5.174390e-04	5.325120e-04
3.100000e+01	3.200000e+01	2.793658e-03	6.134780e-04	7.220130e-04
3.200000e+01	3.300000e+01	2.399851e-03	4.824900e-04	7.683510e-04
3.300000e+01	3.400000e+01	2.182986e-03	4.399060e-04	4.763540e-04
3.400000e+01	3.500000e+01	1.994143e-03	4.824930e-04	3.081970e-04
3.500000e+01	3.600000e+01	1.679222e-03	2.814570e-04	3.852300e-04
3.600000e+01	3.700000e+01	1.473567e-03	2.296320e-04	3.578300e-04
3.700000e+01	3.800000e+01	1.359203e-03	2.742660e-04	2.819540e-04
3.800000e+01	3.900000e+01	1.189859e-03	3.116804e-04	1.909970e-04
3.900000e+01	4.000000e+01	1.034106e-03	1.715776e-04	1.958610e-04
4.000000e+01	4.100000e+01	1.013299e-03	2.405089e-04	2.043030e-04
4.100000e+01	4.200000e+01	8.935830e-04	2.285422e-04	1.049585e-04
4.200000e+01	4.300000e+01	7.619257e-04	1.779380e-04	1.852056e-04
4.300000e+01	4.400000e+01	6.923661e-04	1.739253e-04	1.193895e-04
4.400000e+01	4.500000e+01	6.518836e-04	1.609749e-04	8.963360e-05
4.500000e+01	4.600000e+01	5.877810e-04	1.418052e-04	1.136556e-04
4.600000e+01	4.700000e+01	4.928661e-04	9.149080e-05	4.325020e-05
4.700000e+01	4.800000e+01	4.289230e-04	2.715720e-05	1.398336e-04
4.800000e+01	4.900000e+01	4.399071e-04	0.000000e+00	1.065218e-04
4.900000e+01	5.000000e+01	4.158759e-04	1.208886e-04	0.000000e+00
5.000000e+01	5.100000e+01	3.451311e-04	6.038480e-05	4.047010e-05
5.100000e+01	5.200000e+01	3.270413e-04	9.002790e-05	8.515350e-05
5.200000e+01	5.300000e+01	2.922731e-04	6.419760e-05	9.919280e-05
5.300000e+01	5.400000e+01	2.618479e-04	4.434890e-05	5.037870e-05
5.400000e+01	5.500000e+01	2.372871e-04	3.518640e-05	7.244640e-05
5.500000e+01	5.600000e+01	2.304266e-04	4.949230e-05	8.380520e-05
5.600000e+01	5.700000e+01	2.012023e-04	3.853290e-05	5.449560e-05
5.700000e+01	5.800000e+01	1.947979e-04	6.235470e-05	4.128310e-05
5.800000e+01	5.900000e+01	1.811307e-04	4.229290e-05	4.247440e-05
5.900000e+01	6.000000e+01	1.489913e-04	2.051710e-05	6.245130e-05
6.000000e+01	6.100000e+01	1.474950e-04	2.287250e-05	2.745010e-05
6.100000e+01	6.200000e+01	1.438485e-04	3.266740e-05	3.224690e-05
6.200000e+01	6.300000e+01	1.359634e-04	3.044700e-05	0.000000e+00
6.300000e+01	6.400000e+01	1.141722e-04	1.462987e-05	3.331910e-05
6.400000e+01	6.500000e+01	6.351115e-05	0.000000e+00	7.565185e-05
6.500000e+01	6.600000e+01	1.237968e-04	3.443551e-05	9.150700e-06
6.600000e+01	6.700000e+01	8.934045e-05	2.405750e-06	3.506215e-05
6.700000e+01	6.800000e+01	1.130078e-04	3.244080e-05	5.795400e-06
6.800000e+01	6.900000e+01	9.582774e-05	2.186430e-05	3.286916e-05
6.900000e+01	7.000000e+01	9.996738e-05	3.078137e-05	1.060452e-05
7.000000e+01	7.100000e+01	1.070904e-04	2.805848e-05	1.872500e-05
7.100000e+01	7.200000e+01	9.125861e-05	1.747437e-05	3.669659e-05
7.200000e+01	7.300000e+01	7.975972e-05	1.712910e-06	6.264178e-05
7.300000e+01	7.400000e+01	9.613324e-05	3.373168e-05	3.851826e-05
7.400000e+01	7.500000e+01	9.001891e-05	1.517205e-05	5.685719e-05
7.500000e+01	7.600000e+01	1.043401e-04	1.528235e-05	4.907550e-05
7.600000e+01	7.700000e+01	1.020748e-04	1.015116e-05	8.097230e-05
7.700000e+01	7.800000e+01	1.617948e-04	5.009840e-05	3.881700e-06
7.800000e+01	7.900000e+01	1.866746e-04	3.963600e-05	6.986830e-05
7.900000e+01	8.000000e+01	2.504186e-04	0.000000e+00	8.606430e-05
8.000000e+01	8.100000e+01	4.116083e-04	5.675500e-06	2.110790e-05
8.100000e+01	8.200000e+01	3.823992e-04	6.272910e-05	0.000000e+00
8.200000e+01	8.300000e+01	2.241310e-04	4.287100e-05	5.252910e-05
8.300000e+01	8.400000e+01	1.513684e-04	4.701770e-05	4.876160e-05
8.400000e+01	8.500000e+01	9.848583e-05	2.303584e-05	5.246177e-05
8.500000e+01	8.600000e+01	8.299228e-05	2.299184e-05	3.589152e-05
8.600000e+01	8.700000e+01	7.345990e-05	1.617087e-05	2.427737e-05
8.700000e+01	8.800000e+01	5.847837e-05	1.202675e-05	2.799644e-05
8.800000e+01	8.900000e+01	6.763949e-05	2.221744e-05	9.105660e-06
8.900000e+01	9.000000e+01	8.499070e-05	2.049032e-05	0.000000e+00
9.000000e+01	9.100000e+01	9.090584e-05	2.607230e-05	1.635356e-05
9.100000e+01	9.200000e+01	1.201642e-04	2.447909e-05	2.624200e-06
9.200000e+01	9.300000e+01	8.432133e-05	2.329802e-05	3.258097e-05
9.300000e+01	9.400000e+01	7.203832e-05	2.341694e-05	1.212343e-05
9.400000e+01	9.500000e+01	4.915574e-05	1.437296e-05	5.581310e-06
9.500000e+01	9.600000e+01	3.371076e-05	1.330387e-05	1.325481e-05
9.600000e+01	9.700000e+01	2.622714e-05	8.481360e-06	7.277060e-06
9.700000e+01	9.800000e+01	1.833345e-05	8.107410e-06	1.101107e-05
9.800000e+01	9.900000e+01	1.647463e-05	5.673610e-06	3.379960e-06
9.900000e+01	1.000000e+02	1.299025e-05	7.800462e-06	4.875830e-06
# END HISTO1D


# BEGIN HISTO1D //homes/tinghua1/Merging-Project/Production/HJETS/ratio-plots/hjets-matched-errorband/H2Jets-NLOPS-combine.yoda/MC_H2JETS_04_INC/jet1_mass
ErrorBandColor=violet
ErrorBandOpacity=0.3
ErrorBands=1
ErrorType=env
LineColor=violet
LineStyle=solid
Path=//homes/tinghua1/Merging-Project/Production/HJETS/ratio-plots/hjets-matched-errorband/H2Jets-NLOPS-combine.yoda/MC_H2JETS_04_INC/jet1_mass
RatioPlotSameStyle=1
Title=h(2*) $\oplus$ PS
# xlow	 xhigh	 val	 errminus	 errplus
0.000000e+00	1.000000e+00	7.526186e-01	1.727310e-01	3.458474e-01
1.000000e+00	2.000000e+00	1.199737e-01	2.609293e-02	5.085440e-02
2.000000e+00	3.000000e+00	6.803454e-02	1.148494e-02	1.590000e-04
3.000000e+00	4.000000e+00	1.930105e-01	3.031750e-02	0.000000e+00
4.000000e+00	5.000000e+00	2.280175e-01	2.130190e-02	0.000000e+00
5.000000e+00	6.000000e+00	2.345946e-01	2.251160e-02	0.000000e+00
6.000000e+00	7.000000e+00	2.269187e-01	2.817540e-02	0.000000e+00
7.000000e+00	8.000000e+00	2.040996e-01	2.998130e-02	6.559200e-03
8.000000e+00	9.000000e+00	1.764634e-01	2.928160e-02	1.217800e-02
9.000000e+00	1.000000e+01	1.490949e-01	2.750240e-02	1.495970e-02
1.000000e+01	1.100000e+01	1.234698e-01	2.375451e-02	1.615140e-02
1.100000e+01	1.200000e+01	1.019752e-01	2.114850e-02	1.591030e-02
1.200000e+01	1.300000e+01	8.361456e-02	1.768051e-02	1.501738e-02
1.300000e+01	1.400000e+01	6.875767e-02	1.513184e-02	1.344449e-02
1.400000e+01	1.500000e+01	5.655648e-02	1.282977e-02	1.190893e-02
1.500000e+01	1.600000e+01	4.644324e-02	1.059334e-02	1.074965e-02
1.600000e+01	1.700000e+01	3.828733e-02	8.764690e-03	9.297840e-03
1.700000e+01	1.800000e+01	3.171181e-02	7.272250e-03	7.898670e-03
1.800000e+01	1.900000e+01	2.640402e-02	6.162510e-03	6.854150e-03
1.900000e+01	2.000000e+01	2.195500e-02	5.040530e-03	5.829970e-03
2.000000e+01	2.100000e+01	1.840622e-02	4.297670e-03	4.915360e-03
2.100000e+01	2.200000e+01	1.541424e-02	3.551730e-03	4.266520e-03
2.200000e+01	2.300000e+01	1.303616e-02	3.005440e-03	3.581950e-03
2.300000e+01	2.400000e+01	1.101675e-02	2.530643e-03	3.109240e-03
2.400000e+01	2.500000e+01	9.321708e-03	2.091924e-03	2.689912e-03
2.500000e+01	2.600000e+01	7.964317e-03	1.809151e-03	2.269763e-03
2.600000e+01	2.700000e+01	6.820942e-03	1.575516e-03	1.933691e-03
2.700000e+01	2.800000e+01	5.837055e-03	1.322725e-03	1.683198e-03
2.800000e+01	2.900000e+01	5.025910e-03	1.140085e-03	1.448974e-03
2.900000e+01	3.000000e+01	4.339917e-03	9.770870e-04	1.263016e-03
3.000000e+01	3.100000e+01	3.780632e-03	8.662830e-04	1.016343e-03
3.100000e+01	3.200000e+01	3.262879e-03	7.448520e-04	9.337400e-04
3.200000e+01	3.300000e+01	2.840718e-03	6.146440e-04	8.265210e-04
3.300000e+01	3.400000e+01	2.466871e-03	5.291870e-04	7.353110e-04
3.400000e+01	3.500000e+01	2.173850e-03	4.719390e-04	6.211020e-04
3.500000e+01	3.600000e+01	1.908724e-03	4.151910e-04	5.622010e-04
3.600000e+01	3.700000e+01	1.691626e-03	3.808580e-04	4.728670e-04
3.700000e+01	3.800000e+01	1.476231e-03	3.091510e-04	4.447570e-04
3.800000e+01	3.900000e+01	1.310318e-03	2.868190e-04	3.779780e-04
3.900000e+01	4.000000e+01	1.159496e-03	2.429683e-04	3.462700e-04
4.000000e+01	4.100000e+01	1.028498e-03	2.208626e-04	2.967640e-04
4.100000e+01	4.200000e+01	9.185525e-04	1.973695e-04	2.650955e-04
4.200000e+01	4.300000e+01	8.188544e-04	1.779019e-04	2.342886e-04
4.300000e+01	4.400000e+01	7.316276e-04	1.523639e-04	2.147740e-04
4.400000e+01	4.500000e+01	6.622824e-04	1.431265e-04	1.818730e-04
4.500000e+01	4.600000e+01	5.865455e-04	1.200937e-04	1.754135e-04
4.600000e+01	4.700000e+01	5.264050e-04	1.090364e-04	1.568019e-04
4.700000e+01	4.800000e+01	4.777503e-04	9.813580e-05	1.397810e-04
4.800000e+01	4.900000e+01	4.308687e-04	8.971500e-05	1.208662e-04
4.900000e+01	5.000000e+01	3.911891e-04	8.283440e-05	1.176697e-04
5.000000e+01	5.100000e+01	3.538776e-04	7.637820e-05	1.096300e-04
5.100000e+01	5.200000e+01	3.235179e-04	6.960480e-05	9.714130e-05
5.200000e+01	5.300000e+01	2.928074e-04	5.901150e-05	9.012460e-05
5.300000e+01	5.400000e+01	2.681753e-04	5.834120e-05	7.519970e-05
5.400000e+01	5.500000e+01	2.500089e-04	5.530560e-05	6.507230e-05
5.500000e+01	5.600000e+01	2.242324e-04	4.859840e-05	6.725230e-05
5.600000e+01	5.700000e+01	2.074647e-04	4.653990e-05	5.527940e-05
5.700000e+01	5.800000e+01	1.918628e-04	4.258620e-05	5.924480e-05
5.800000e+01	5.900000e+01	1.785452e-04	4.063100e-05	4.769060e-05
5.900000e+01	6.000000e+01	1.612478e-04	3.198380e-05	5.182860e-05
6.000000e+01	6.100000e+01	1.541124e-04	3.566680e-05	3.706520e-05
6.100000e+01	6.200000e+01	1.393688e-04	2.973010e-05	4.141910e-05
6.200000e+01	6.300000e+01	1.309445e-04	2.781590e-05	3.623790e-05
6.300000e+01	6.400000e+01	1.180137e-04	2.250951e-05	4.040400e-05
6.400000e+01	6.500000e+01	1.175183e-04	2.880746e-05	3.347680e-05
6.500000e+01	6.600000e+01	1.063073e-04	2.063782e-05	3.160470e-05
6.600000e+01	6.700000e+01	1.010899e-04	2.078733e-05	3.047780e-05
6.700000e+01	6.800000e+01	9.584858e-05	2.028885e-05	3.045792e-05
6.800000e+01	6.900000e+01	9.318860e-05	2.043999e-05	2.617730e-05
6.900000e+01	7.000000e+01	9.411192e-05	2.347779e-05	2.323728e-05
7.000000e+01	7.100000e+01	8.906095e-05	1.999940e-05	3.320845e-05
7.100000e+01	7.200000e+01	8.849313e-05	1.562474e-05	3.068907e-05
7.200000e+01	7.300000e+01	8.723453e-05	1.700769e-05	3.663297e-05
7.300000e+01	7.400000e+01	9.263875e-05	1.962533e-05	3.598585e-05
7.400000e+01	7.500000e+01	1.033860e-04	2.620462e-05	2.811470e-05
7.500000e+01	7.600000e+01	1.173022e-04	3.308400e-05	2.692060e-05
7.600000e+01	7.700000e+01	1.280147e-04	2.596220e-05	3.101550e-05
7.700000e+01	7.800000e+01	1.476803e-04	2.443520e-05	4.069230e-05
7.800000e+01	7.900000e+01	2.103542e-04	4.317850e-05	2.758790e-05
7.900000e+01	8.000000e+01	3.019596e-04	4.166260e-05	2.268230e-05
8.000000e+01	8.100000e+01	4.397189e-04	1.371730e-05	3.876630e-05
8.100000e+01	8.200000e+01	4.029098e-04	7.090880e-05	2.728890e-05
8.200000e+01	8.300000e+01	2.434260e-04	5.493370e-05	5.014450e-05
8.300000e+01	8.400000e+01	1.636227e-04	4.040030e-05	4.100350e-05
8.400000e+01	8.500000e+01	1.070373e-04	2.096238e-05	4.656330e-05
8.500000e+01	8.600000e+01	8.538300e-05	2.043398e-05	2.890230e-05
8.600000e+01	8.700000e+01	7.172676e-05	1.514652e-05	2.220022e-05
8.700000e+01	8.800000e+01	6.469208e-05	1.668623e-05	2.222447e-05
8.800000e+01	8.900000e+01	6.463506e-05	1.422152e-05	1.988761e-05
8.900000e+01	9.000000e+01	7.149669e-05	1.059211e-05	2.343004e-05
9.000000e+01	9.100000e+01	9.127448e-05	1.439889e-05	1.202132e-05
9.100000e+01	9.200000e+01	1.154899e-04	8.704700e-06	2.379510e-05
9.200000e+01	9.300000e+01	9.760097e-05	2.516667e-05	1.173753e-05
9.300000e+01	9.400000e+01	6.440923e-05	1.510412e-05	8.662960e-06
9.400000e+01	9.500000e+01	4.621160e-05	1.127538e-05	9.889730e-06
9.500000e+01	9.600000e+01	3.607874e-05	1.079675e-05	1.158054e-05
9.600000e+01	9.700000e+01	2.327880e-05	4.756170e-06	8.398940e-06
9.700000e+01	9.800000e+01	2.136609e-05	6.590020e-06	4.907100e-06
9.800000e+01	9.900000e+01	1.764476e-05	5.823050e-06	3.752460e-06
9.900000e+01	1.000000e+02	1.458122e-05	3.220930e-06	1.785170e-06
# END HISTO1D

