# BEGIN PLOT
Scale=1000.0
DrawOnly=//homes/tinghua1/Merging-Project/Production/HJETS/ratio-plots/hjets-matched-errorband/H-N2-N3-4-25gev-combine.yoda/MC_H2JETS_04_INC/jet2_mass //homes/tinghua1/Merging-Project/Production/HJETS/ratio-plots/hjets-matched-errorband/H-N2-3-4-25gev-combine.yoda/MC_H2JETS_04_INC/jet2_mass //homes/tinghua1/Merging-Project/Production/HJETS/ratio-plots/hjets-matched-errorband/H-2-3-4-25gev-combine.yoda/MC_H2JETS_04_INC/jet2_mass //homes/tinghua1/Merging-Project/Production/HJETS/ratio-plots/hjets-matched-errorband/H-N2-3-25gev-combine.yoda/MC_H2JETS_04_INC/jet2_mass //homes/tinghua1/Merging-Project/Production/HJETS/ratio-plots/hjets-matched-errorband/H-2-3-25gev-combine.yoda/MC_H2JETS_04_INC/jet2_mass //homes/tinghua1/Merging-Project/Production/HJETS/ratio-plots/hjets-matched-errorband/H3Jets-NLOPS-combine.yoda/MC_H2JETS_04_INC/jet2_mass //homes/tinghua1/Merging-Project/Production/HJETS/ratio-plots/hjets-matched-errorband/H2Jets-NLOPS-combine.yoda/MC_H2JETS_04_INC/jet2_mass
RightMargin=0.5
RatioPlotReference=//homes/tinghua1/Merging-Project/Production/HJETS/ratio-plots/hjets-matched-errorband/H-N2-N3-4-25gev-combine.yoda/MC_H2JETS_04_INC/jet2_mass
#RatioPlot=1
LogY=1
RatioPlotYMax=3.0
#LegendOnly=//homes/tinghua1/Merging-Project/Production/HJETS/ratio-plots/hjets-matched-errorband/H-N2-N3-4-25gev-combine.yoda/MC_H2JETS_04_INC/jet2_mass //homes/tinghua1/Merging-Project/Production/HJETS/ratio-plots/hjets-matched-errorband/H-N2-3-4-25gev-combine.yoda/MC_H2JETS_04_INC/jet2_mass //homes/tinghua1/Merging-Project/Production/HJETS/ratio-plots/hjets-matched-errorband/H-2-3-4-25gev-combine.yoda/MC_H2JETS_04_INC/jet2_mass //homes/tinghua1/Merging-Project/Production/HJETS/ratio-plots/hjets-matched-errorband/H-N2-3-25gev-combine.yoda/MC_H2JETS_04_INC/jet2_mass //homes/tinghua1/Merging-Project/Production/HJETS/ratio-plots/hjets-matched-errorband/H-2-3-25gev-combine.yoda/MC_H2JETS_04_INC/jet2_mass //homes/tinghua1/Merging-Project/Production/HJETS/ratio-plots/hjets-matched-errorband/H3Jets-NLOPS-combine.yoda/MC_H2JETS_04_INC/jet2_mass //homes/tinghua1/Merging-Project/Production/HJETS/ratio-plots/hjets-matched-errorband/H2Jets-NLOPS-combine.yoda/MC_H2JETS_04_INC/jet2_mass
RatioPlotYLabel=Ratio
Rebin=2
XLabel=$m_{j_2}$ (GeV)
LegendAlign=r
YLabel=$ \text{d} \sigma/ \text{d}  m_{j_2}$ (fb/GeV)
Legend=0
RatioPlot=6
MainPlotSelection={"Selection":[1,2,3,4,5,6,7]}
RatioPlots={"RatioPlotYLabel":"","Selection":[1,2]};{"RatioPlotYLabel":"","Selection":[1,3]};{"RatioPlotYLabel":"","Selection":[1,4]};{"RatioPlotYLabel":"","Selection":[1,5]};{"RatioPlotYLabel":"","Selection":[1,6]};{"RatioPlotYLabel":"","Selection":[1,7]}
RatioPlotSameStyle=1
RatioPlotYMin=0.0
# END PLOT


# BEGIN SPECIAL /MC_H2JETS_04_INC/jet2_mass
\rput[tl](0.05,0.75){\parbox{5cm}{\textcolor{gray}{{\bf Herwig 7.2.0} \\ HJETS/ColorFull}}}
# END SPECIAL

# BEGIN HISTO1D //homes/tinghua1/Merging-Project/Production/HJETS/ratio-plots/hjets-matched-errorband/H-N2-N3-4-25gev-combine.yoda/MC_H2JETS_04_INC/jet2_mass
ErrorBandColor=orange
ErrorBandOpacity=0.3
ErrorBands=1
ErrorType=env
LineColor=orange
LineStyle=solid
Path=//homes/tinghua1/Merging-Project/Production/HJETS/ratio-plots/hjets-matched-errorband/H-N2-N3-4-25gev-combine.yoda/MC_H2JETS_04_INC/jet2_mass
RatioPlotSameStyle=1
Title=h(2*,3*,4)
# xlow	 xhigh	 val	 errminus	 errplus
0.000000e+00	1.000000e+00	1.118912e+00	1.899933e-01	3.661460e-01
1.000000e+00	2.000000e+00	1.778077e-01	2.757870e-02	4.635770e-02
2.000000e+00	3.000000e+00	1.086791e-01	1.069922e-02	0.000000e+00
3.000000e+00	4.000000e+00	3.033035e-01	3.450050e-02	0.000000e+00
4.000000e+00	5.000000e+00	3.432354e-01	4.891680e-02	0.000000e+00
5.000000e+00	6.000000e+00	2.876203e-01	4.459530e-02	1.573710e-02
6.000000e+00	7.000000e+00	2.219805e-01	4.482340e-02	1.979530e-02
7.000000e+00	8.000000e+00	1.621049e-01	3.779290e-02	2.010990e-02
8.000000e+00	9.000000e+00	1.160724e-01	2.831558e-02	2.036180e-02
9.000000e+00	1.000000e+01	8.262830e-02	2.087989e-02	1.861210e-02
1.000000e+01	1.100000e+01	6.120399e-02	1.461317e-02	1.423565e-02
1.100000e+01	1.200000e+01	4.545356e-02	1.249635e-02	1.161536e-02
1.200000e+01	1.300000e+01	3.467998e-02	9.677720e-03	6.408820e-03
1.300000e+01	1.400000e+01	2.686593e-02	7.704050e-03	5.782620e-03
1.400000e+01	1.500000e+01	2.306198e-02	8.334970e-03	4.580550e-03
1.500000e+01	1.600000e+01	1.711287e-02	5.393270e-03	4.248640e-03
1.600000e+01	1.700000e+01	1.388677e-02	4.489292e-03	4.019730e-03
1.700000e+01	1.800000e+01	1.124178e-02	4.128744e-03	3.308450e-03
1.800000e+01	1.900000e+01	8.156895e-03	2.058715e-03	3.293435e-03
1.900000e+01	2.000000e+01	7.066615e-03	2.345401e-03	2.814161e-03
2.000000e+01	2.100000e+01	5.447796e-03	1.906603e-03	2.236876e-03
2.100000e+01	2.200000e+01	4.566635e-03	1.620209e-03	1.737681e-03
2.200000e+01	2.300000e+01	2.631906e-03	0.000000e+00	2.150596e-03
2.300000e+01	2.400000e+01	2.946258e-03	1.046540e-03	1.032316e-03
2.400000e+01	2.500000e+01	2.281170e-03	7.703550e-04	9.907540e-04
2.500000e+01	2.600000e+01	1.956499e-03	7.901990e-04	6.794520e-04
2.600000e+01	2.700000e+01	1.672645e-03	6.868381e-04	4.267030e-04
2.700000e+01	2.800000e+01	1.202565e-03	3.243037e-04	5.952260e-04
2.800000e+01	2.900000e+01	1.078217e-03	4.433738e-04	1.727980e-04
2.900000e+01	3.000000e+01	9.159487e-04	2.518431e-04	3.964823e-04
3.000000e+01	3.100000e+01	6.952790e-04	2.697618e-04	3.083630e-04
3.100000e+01	3.200000e+01	5.741313e-04	1.955433e-04	2.729470e-04
3.200000e+01	3.300000e+01	4.603125e-04	2.063663e-04	2.823918e-04
3.300000e+01	3.400000e+01	3.638738e-04	1.250472e-04	1.959793e-04
3.400000e+01	3.500000e+01	3.993529e-04	1.823994e-04	0.000000e+00
3.500000e+01	3.600000e+01	2.699763e-04	1.359801e-04	6.699670e-05
3.600000e+01	3.700000e+01	1.978220e-04	3.902480e-05	1.432994e-04
3.700000e+01	3.800000e+01	1.987338e-04	6.196020e-05	1.160547e-04
3.800000e+01	3.900000e+01	1.639798e-04	5.726390e-05	6.392490e-05
3.900000e+01	4.000000e+01	1.622481e-04	8.983443e-05	4.727180e-05
4.000000e+01	4.100000e+01	1.517508e-04	8.234932e-05	4.977950e-05
4.100000e+01	4.200000e+01	6.421693e-05	0.000000e+00	1.023493e-04
4.200000e+01	4.300000e+01	9.989244e-05	6.840181e-05	4.470060e-06
4.300000e+01	4.400000e+01	1.265423e-04	1.428949e-04	7.959700e-06
4.400000e+01	4.500000e+01	6.927832e-05	3.990552e-05	1.951236e-05
4.500000e+01	4.600000e+01	8.234697e-05	3.417342e-05	4.655453e-05
4.600000e+01	4.700000e+01	4.800907e-05	1.959640e-05	1.928468e-05
4.700000e+01	4.800000e+01	4.528120e-05	2.802966e-05	4.442319e-05
4.800000e+01	4.900000e+01	9.651127e-05	6.851001e-05	0.000000e+00
4.900000e+01	5.000000e+01	4.228521e-05	1.763422e-05	1.326763e-05
5.000000e+01	5.100000e+01	3.611149e-05	1.928787e-05	2.983200e-07
5.100000e+01	5.200000e+01	3.467573e-05	9.969300e-06	6.947420e-06
5.200000e+01	5.300000e+01	3.323620e-05	7.487800e-06	2.195262e-05
5.300000e+01	5.400000e+01	2.825226e-05	2.958090e-06	9.477220e-06
5.400000e+01	5.500000e+01	2.569419e-05	9.104000e-06	0.000000e+00
5.500000e+01	5.600000e+01	3.916487e-06	0.000000e+00	2.975537e-05
5.600000e+01	5.700000e+01	2.430111e-05	9.039100e-06	2.828010e-06
5.700000e+01	5.800000e+01	2.246376e-05	1.470431e-05	4.895320e-06
5.800000e+01	5.900000e+01	4.788338e-06	0.000000e+00	2.456218e-05
5.900000e+01	6.000000e+01	1.563292e-05	4.094860e-06	6.721360e-06
6.000000e+01	6.100000e+01	1.320057e-05	6.270156e-06	1.145671e-05
6.100000e+01	6.200000e+01	1.502681e-05	5.442743e-06	9.092990e-06
6.200000e+01	6.300000e+01	2.943333e-05	1.806966e-05	5.311920e-06
6.300000e+01	6.400000e+01	1.378272e-05	4.629145e-06	2.038747e-05
6.400000e+01	6.500000e+01	2.048804e-05	1.810702e-05	3.137140e-06
6.500000e+01	6.600000e+01	1.011890e-05	5.777552e-06	1.363288e-05
6.600000e+01	6.700000e+01	1.089427e-05	6.567549e-06	3.528230e-06
6.700000e+01	6.800000e+01	-7.689191e-06	0.000000e+00	1.613882e-05
6.800000e+01	6.900000e+01	-8.365867e-06	0.000000e+00	1.795978e-05
6.900000e+01	7.000000e+01	1.599019e-05	1.144826e-05	0.000000e+00
7.000000e+01	7.100000e+01	3.968508e-06	0.000000e+00	1.201108e-06
7.100000e+01	7.200000e+01	2.418548e-05	1.983036e-05	0.000000e+00
7.200000e+01	7.300000e+01	8.017963e-06	2.803843e-06	0.000000e+00
7.300000e+01	7.400000e+01	1.173377e-05	1.014844e-05	2.067784e-05
7.400000e+01	7.500000e+01	9.835384e-06	1.485260e-05	0.000000e+00
7.500000e+01	7.600000e+01	4.777374e-06	1.833090e-06	6.650286e-06
7.600000e+01	7.700000e+01	9.714081e-06	4.232139e-06	0.000000e+00
7.700000e+01	7.800000e+01	7.968978e-06	8.920810e-07	3.130802e-06
7.800000e+01	7.900000e+01	1.536984e-05	7.946485e-06	0.000000e+00
7.900000e+01	8.000000e+01	2.395967e-05	2.287380e-05	0.000000e+00
8.000000e+01	8.100000e+01	1.374348e-05	0.000000e+00	8.187809e-05
8.100000e+01	8.200000e+01	9.477147e-06	0.000000e+00	8.954133e-06
8.200000e+01	8.300000e+01	9.022255e-06	0.000000e+00	2.666005e-06
8.300000e+01	8.400000e+01	4.686506e-06	0.000000e+00	4.454691e-06
8.400000e+01	8.500000e+01	1.470313e-05	1.119418e-05	2.578790e-06
8.500000e+01	8.600000e+01	6.101799e-06	2.362471e-06	0.000000e+00
8.600000e+01	8.700000e+01	2.541012e-06	4.705300e-08	4.871073e-06
8.700000e+01	8.800000e+01	6.126805e-06	3.412455e-06	0.000000e+00
8.800000e+01	8.900000e+01	3.612818e-06	5.037926e-06	9.804860e-07
8.900000e+01	9.000000e+01	5.755045e-06	6.920880e-07	0.000000e+00
9.000000e+01	9.100000e+01	5.965262e-06	1.325134e-06	2.583290e-07
9.100000e+01	9.200000e+01	1.325193e-06	0.000000e+00	4.489975e-06
9.200000e+01	9.300000e+01	6.230705e-06	2.519357e-06	2.717615e-06
9.300000e+01	9.400000e+01	3.473432e-06	1.340532e-05	0.000000e+00
9.400000e+01	9.500000e+01	2.292228e-06	0.000000e+00	1.580560e-06
9.500000e+01	9.600000e+01	2.067032e-06	1.588148e-06	0.000000e+00
9.600000e+01	9.700000e+01	2.424570e-06	7.930210e-07	6.812420e-07
9.700000e+01	9.800000e+01	2.478088e-06	1.620954e-06	0.000000e+00
9.800000e+01	9.900000e+01	2.368041e-06	2.590066e-06	0.000000e+00
9.900000e+01	1.000000e+02	1.563385e-06	0.000000e+00	9.399220e-07
# END HISTO1D


# BEGIN HISTO1D //homes/tinghua1/Merging-Project/Production/HJETS/ratio-plots/hjets-matched-errorband/H-N2-3-4-25gev-combine.yoda/MC_H2JETS_04_INC/jet2_mass
ErrorBandColor=blue
ErrorBandOpacity=0.3
ErrorBands=1
ErrorType=env
LineColor=blue
LineStyle=solid
Path=//homes/tinghua1/Merging-Project/Production/HJETS/ratio-plots/hjets-matched-errorband/H-N2-3-4-25gev-combine.yoda/MC_H2JETS_04_INC/jet2_mass
RatioPlotSameStyle=1
Title=h(2*,3,4)
# xlow	 xhigh	 val	 errminus	 errplus
0.000000e+00	1.000000e+00	1.113835e+00	1.872425e-01	3.744260e-01
1.000000e+00	2.000000e+00	1.751220e-01	2.655420e-02	5.146450e-02
2.000000e+00	3.000000e+00	1.094237e-01	1.122982e-02	0.000000e+00
3.000000e+00	4.000000e+00	3.035505e-01	3.719720e-02	0.000000e+00
4.000000e+00	5.000000e+00	3.425921e-01	4.955280e-02	0.000000e+00
5.000000e+00	6.000000e+00	2.894396e-01	4.816160e-02	1.404620e-02
6.000000e+00	7.000000e+00	2.203798e-01	4.509410e-02	2.076680e-02
7.000000e+00	8.000000e+00	1.603949e-01	3.662640e-02	2.184270e-02
8.000000e+00	9.000000e+00	1.143511e-01	2.836218e-02	2.165070e-02
9.000000e+00	1.000000e+01	8.224761e-02	2.157936e-02	1.911089e-02
1.000000e+01	1.100000e+01	6.063983e-02	1.628052e-02	1.461030e-02
1.100000e+01	1.200000e+01	4.575795e-02	1.305710e-02	1.122478e-02
1.200000e+01	1.300000e+01	3.447624e-02	9.718990e-03	9.863610e-03
1.300000e+01	1.400000e+01	2.670680e-02	7.987800e-03	8.301170e-03
1.400000e+01	1.500000e+01	2.102264e-02	6.354100e-03	6.355270e-03
1.500000e+01	1.600000e+01	1.688189e-02	5.515810e-03	5.005850e-03
1.600000e+01	1.700000e+01	1.356657e-02	4.561043e-03	4.130240e-03
1.700000e+01	1.800000e+01	1.085652e-02	3.634613e-03	3.260970e-03
1.800000e+01	1.900000e+01	8.662705e-03	2.950600e-03	2.869775e-03
1.900000e+01	2.000000e+01	6.926061e-03	2.375974e-03	2.340910e-03
2.000000e+01	2.100000e+01	5.566783e-03	2.017870e-03	1.705201e-03
2.100000e+01	2.200000e+01	4.478464e-03	1.613284e-03	1.496416e-03
2.200000e+01	2.300000e+01	3.605377e-03	1.302643e-03	1.226170e-03
2.300000e+01	2.400000e+01	2.913748e-03	1.081889e-03	1.060732e-03
2.400000e+01	2.500000e+01	2.369233e-03	8.833360e-04	8.727380e-04
2.500000e+01	2.600000e+01	1.928323e-03	7.482380e-04	5.745500e-04
2.600000e+01	2.700000e+01	1.541561e-03	5.620953e-04	6.364810e-04
2.700000e+01	2.800000e+01	1.412496e-03	6.516450e-04	3.247510e-04
2.800000e+01	2.900000e+01	1.062736e-03	4.161696e-04	2.608480e-04
2.900000e+01	3.000000e+01	8.309241e-04	3.119284e-04	3.529079e-04
3.000000e+01	3.100000e+01	6.814442e-04	2.583754e-04	3.245608e-04
3.100000e+01	3.200000e+01	5.425599e-04	1.930203e-04	2.108871e-04
3.200000e+01	3.300000e+01	4.808027e-04	1.985382e-04	2.053314e-04
3.300000e+01	3.400000e+01	3.476739e-04	1.204709e-04	1.844445e-04
3.400000e+01	3.500000e+01	3.032049e-04	8.899750e-05	1.581204e-04
3.500000e+01	3.600000e+01	2.706145e-04	1.059534e-04	1.035883e-04
3.600000e+01	3.700000e+01	2.277530e-04	9.489740e-05	1.180996e-04
3.700000e+01	3.800000e+01	1.891837e-04	5.068210e-05	9.674200e-05
3.800000e+01	3.900000e+01	1.645819e-04	6.675722e-05	7.750240e-05
3.900000e+01	4.000000e+01	1.430939e-04	5.298933e-05	8.273360e-05
4.000000e+01	4.100000e+01	1.155365e-04	4.075955e-05	5.096950e-05
4.100000e+01	4.200000e+01	1.042847e-04	4.014738e-05	4.890060e-05
4.200000e+01	4.300000e+01	8.504849e-05	3.103741e-05	3.878471e-05
4.300000e+01	4.400000e+01	7.480464e-05	2.545533e-05	4.930936e-05
4.400000e+01	4.500000e+01	6.392473e-05	2.113970e-05	3.114422e-05
4.500000e+01	4.600000e+01	5.549287e-05	2.000075e-05	3.461156e-05
4.600000e+01	4.700000e+01	4.646544e-05	1.859312e-05	2.947993e-05
4.700000e+01	4.800000e+01	4.217465e-05	1.394864e-05	1.742134e-05
4.800000e+01	4.900000e+01	4.329137e-05	1.887455e-05	1.328049e-05
4.900000e+01	5.000000e+01	3.726481e-05	1.747146e-05	1.682075e-05
5.000000e+01	5.100000e+01	3.378803e-05	1.321855e-05	2.260738e-05
5.100000e+01	5.200000e+01	3.068107e-05	1.215350e-05	1.526034e-05
5.200000e+01	5.300000e+01	2.335876e-05	6.774620e-06	1.592445e-05
5.300000e+01	5.400000e+01	2.245740e-05	7.167390e-06	2.052356e-05
5.400000e+01	5.500000e+01	2.428431e-05	1.042174e-05	1.087247e-05
5.500000e+01	5.600000e+01	2.096866e-05	7.287650e-06	9.891510e-06
5.600000e+01	5.700000e+01	2.121474e-05	9.561560e-06	5.008020e-06
5.700000e+01	5.800000e+01	1.238885e-05	1.269200e-06	1.272338e-05
5.800000e+01	5.900000e+01	1.324332e-05	4.071575e-06	1.159381e-05
5.900000e+01	6.000000e+01	1.462029e-05	7.222265e-06	1.011327e-05
6.000000e+01	6.100000e+01	1.415613e-05	3.693890e-06	1.199680e-05
6.100000e+01	6.200000e+01	1.418390e-05	5.867283e-06	5.020200e-06
6.200000e+01	6.300000e+01	1.441150e-05	6.788807e-06	2.352290e-06
6.300000e+01	6.400000e+01	1.035563e-05	3.500637e-06	7.171100e-07
6.400000e+01	6.500000e+01	8.116607e-06	1.580255e-06	5.231653e-06
6.500000e+01	6.600000e+01	7.450677e-06	3.576128e-06	5.010653e-06
6.600000e+01	6.700000e+01	7.229570e-06	2.474880e-06	2.979390e-06
6.700000e+01	6.800000e+01	8.329348e-06	4.018393e-06	1.015818e-05
6.800000e+01	6.900000e+01	6.117107e-06	1.580354e-06	4.481193e-06
6.900000e+01	7.000000e+01	7.984986e-06	3.575216e-06	0.000000e+00
7.000000e+01	7.100000e+01	5.887285e-06	2.174778e-06	3.587247e-06
7.100000e+01	7.200000e+01	6.799525e-06	2.959033e-06	2.936086e-06
7.200000e+01	7.300000e+01	3.614203e-06	0.000000e+00	2.066273e-06
7.300000e+01	7.400000e+01	5.696342e-06	2.113076e-06	2.116858e-06
7.400000e+01	7.500000e+01	6.088413e-06	1.699577e-06	3.074020e-06
7.500000e+01	7.600000e+01	5.352280e-06	2.418620e-06	0.000000e+00
7.600000e+01	7.700000e+01	5.090321e-06	4.269880e-07	8.579370e-07
7.700000e+01	7.800000e+01	5.777757e-06	0.000000e+00	5.450643e-06
7.800000e+01	7.900000e+01	1.015008e-05	4.226900e-06	0.000000e+00
7.900000e+01	8.000000e+01	1.007646e-05	0.000000e+00	9.024600e-07
8.000000e+01	8.100000e+01	1.755460e-05	6.494440e-06	0.000000e+00
8.100000e+01	8.200000e+01	1.300272e-05	2.894430e-06	0.000000e+00
8.200000e+01	8.300000e+01	8.543168e-06	2.757464e-06	0.000000e+00
8.300000e+01	8.400000e+01	7.368102e-06	2.820529e-06	0.000000e+00
8.400000e+01	8.500000e+01	4.201699e-06	2.217870e-07	3.141120e-06
8.500000e+01	8.600000e+01	3.699629e-06	1.306240e-07	3.121017e-06
8.600000e+01	8.700000e+01	4.312749e-06	2.183427e-06	0.000000e+00
8.700000e+01	8.800000e+01	2.519498e-06	0.000000e+00	3.769581e-06
8.800000e+01	8.900000e+01	3.961945e-06	1.677453e-06	9.782670e-07
8.900000e+01	9.000000e+01	3.582691e-06	3.792690e-07	2.711463e-06
9.000000e+01	9.100000e+01	4.161962e-06	1.778023e-06	1.351728e-06
9.100000e+01	9.200000e+01	5.452719e-06	2.730226e-06	0.000000e+00
9.200000e+01	9.300000e+01	5.244014e-06	2.461203e-06	0.000000e+00
9.300000e+01	9.400000e+01	2.781675e-06	1.401089e-06	1.589764e-06
9.400000e+01	9.500000e+01	3.308737e-06	2.051760e-06	0.000000e+00
9.500000e+01	9.600000e+01	1.527746e-06	5.207810e-07	1.106055e-06
9.600000e+01	9.700000e+01	1.733070e-06	8.748492e-07	9.305700e-07
9.700000e+01	9.800000e+01	1.036573e-07	0.000000e+00	1.188917e-06
9.800000e+01	9.900000e+01	1.096718e-06	1.290777e-06	5.515470e-07
9.900000e+01	1.000000e+02	1.108643e-06	1.297919e-06	2.751330e-07
# END HISTO1D


# BEGIN HISTO1D //homes/tinghua1/Merging-Project/Production/HJETS/ratio-plots/hjets-matched-errorband/H-2-3-4-25gev-combine.yoda/MC_H2JETS_04_INC/jet2_mass
ErrorBandColor=yellow
ErrorBandOpacity=0.3
ErrorBands=1
ErrorType=env
LineColor=yellow
LineStyle=solid
Path=//homes/tinghua1/Merging-Project/Production/HJETS/ratio-plots/hjets-matched-errorband/H-2-3-4-25gev-combine.yoda/MC_H2JETS_04_INC/jet2_mass
RatioPlotSameStyle=1
Title=h(2,3,4)
# xlow	 xhigh	 val	 errminus	 errplus
0.000000e+00	1.000000e+00	1.070424e+00	1.672631e-01	3.331570e-01
1.000000e+00	2.000000e+00	1.655351e-01	2.668800e-02	4.805700e-02
2.000000e+00	3.000000e+00	1.048165e-01	1.277783e-02	0.000000e+00
3.000000e+00	4.000000e+00	2.899768e-01	3.946940e-02	0.000000e+00
4.000000e+00	5.000000e+00	3.256965e-01	5.068060e-02	0.000000e+00
5.000000e+00	6.000000e+00	2.749682e-01	4.972220e-02	1.518450e-02
6.000000e+00	7.000000e+00	2.078899e-01	4.496920e-02	2.236410e-02
7.000000e+00	8.000000e+00	1.511166e-01	3.669930e-02	2.326460e-02
8.000000e+00	9.000000e+00	1.071742e-01	2.806928e-02	2.106340e-02
9.000000e+00	1.000000e+01	7.630370e-02	2.110229e-02	1.815727e-02
1.000000e+01	1.100000e+01	5.595554e-02	1.597070e-02	1.458441e-02
1.100000e+01	1.200000e+01	4.141553e-02	1.217132e-02	1.187264e-02
1.200000e+01	1.300000e+01	3.171755e-02	9.750190e-03	9.245960e-03
1.300000e+01	1.400000e+01	2.410016e-02	7.453870e-03	7.589360e-03
1.400000e+01	1.500000e+01	1.882436e-02	6.077110e-03	6.316800e-03
1.500000e+01	1.600000e+01	1.498899e-02	4.998905e-03	4.960870e-03
1.600000e+01	1.700000e+01	1.190412e-02	4.112559e-03	3.996090e-03
1.700000e+01	1.800000e+01	9.435376e-03	3.322867e-03	3.276544e-03
1.800000e+01	1.900000e+01	7.478424e-03	2.650715e-03	2.677296e-03
1.900000e+01	2.000000e+01	5.989146e-03	2.176416e-03	2.023711e-03
2.000000e+01	2.100000e+01	4.780338e-03	1.820089e-03	1.668477e-03
2.100000e+01	2.200000e+01	3.743053e-03	1.421232e-03	1.425309e-03
2.200000e+01	2.300000e+01	3.016403e-03	1.151223e-03	7.046030e-04
2.300000e+01	2.400000e+01	2.421520e-03	9.596060e-04	8.596630e-04
2.400000e+01	2.500000e+01	1.908571e-03	7.405960e-04	7.191060e-04
2.500000e+01	2.600000e+01	1.521934e-03	5.874769e-04	6.010340e-04
2.600000e+01	2.700000e+01	1.192807e-03	4.800428e-04	4.591100e-04
2.700000e+01	2.800000e+01	9.509262e-04	3.871492e-04	3.785498e-04
2.800000e+01	2.900000e+01	7.529599e-04	3.032209e-04	3.003651e-04
2.900000e+01	3.000000e+01	5.894334e-04	2.246901e-04	3.508482e-04
3.000000e+01	3.100000e+01	4.728426e-04	2.103938e-04	2.092449e-04
3.100000e+01	3.200000e+01	3.911083e-04	1.600573e-04	1.778591e-04
3.200000e+01	3.300000e+01	3.058504e-04	1.139323e-04	1.598967e-04
3.300000e+01	3.400000e+01	2.650868e-04	1.246921e-04	9.391860e-05
3.400000e+01	3.500000e+01	1.911183e-04	7.889920e-05	8.038720e-05
3.500000e+01	3.600000e+01	1.526446e-04	5.294511e-05	8.400430e-05
3.600000e+01	3.700000e+01	1.223222e-04	3.771964e-05	6.647560e-05
3.700000e+01	3.800000e+01	1.243118e-04	6.743057e-05	2.792010e-05
3.800000e+01	3.900000e+01	9.041009e-05	3.893496e-05	4.205531e-05
3.900000e+01	4.000000e+01	6.928751e-05	3.114684e-05	4.297329e-05
4.000000e+01	4.100000e+01	6.138061e-05	2.513849e-05	5.428899e-05
4.100000e+01	4.200000e+01	5.201398e-05	2.357701e-05	1.563724e-05
4.200000e+01	4.300000e+01	4.759303e-05	2.167711e-05	9.217410e-06
4.300000e+01	4.400000e+01	3.198676e-05	1.514679e-05	2.571375e-05
4.400000e+01	4.500000e+01	2.685310e-05	1.255408e-05	0.000000e+00
4.500000e+01	4.600000e+01	2.346494e-05	1.593439e-05	2.140783e-05
4.600000e+01	4.700000e+01	2.453234e-05	1.792494e-05	1.423636e-05
4.700000e+01	4.800000e+01	1.702887e-05	8.534610e-06	1.511372e-05
4.800000e+01	4.900000e+01	1.494971e-05	0.000000e+00	1.262425e-05
4.900000e+01	5.000000e+01	1.718947e-05	6.653170e-06	3.458000e-06
5.000000e+01	5.100000e+01	1.246608e-05	4.026268e-06	1.146719e-05
5.100000e+01	5.200000e+01	1.276417e-05	6.093859e-06	4.315240e-06
5.200000e+01	5.300000e+01	8.209594e-06	0.000000e+00	6.791966e-06
5.300000e+01	5.400000e+01	6.825913e-06	9.020730e-07	1.166215e-05
5.400000e+01	5.500000e+01	7.900212e-06	3.380972e-06	4.912488e-06
5.500000e+01	5.600000e+01	6.971454e-06	0.000000e+00	1.009688e-05
5.600000e+01	5.700000e+01	5.656072e-06	1.193255e-06	4.238507e-06
5.700000e+01	5.800000e+01	4.719101e-06	1.047610e-06	4.474613e-06
5.800000e+01	5.900000e+01	5.027139e-06	1.493865e-06	5.112301e-06
5.900000e+01	6.000000e+01	5.284521e-06	1.791898e-06	3.676820e-07
6.000000e+01	6.100000e+01	8.432049e-06	6.636282e-06	0.000000e+00
6.100000e+01	6.200000e+01	5.969180e-06	2.357319e-06	8.486610e-07
6.200000e+01	6.300000e+01	4.916868e-06	2.811137e-06	4.545910e-06
6.300000e+01	6.400000e+01	4.541966e-06	2.995988e-06	0.000000e+00
6.400000e+01	6.500000e+01	3.427705e-06	0.000000e+00	2.733931e-06
6.500000e+01	6.600000e+01	5.793853e-06	4.840321e-06	6.407950e-07
6.600000e+01	6.700000e+01	4.193793e-06	1.389912e-06	4.351000e-09
6.700000e+01	6.800000e+01	4.978313e-06	4.274528e-06	1.306316e-06
6.800000e+01	6.900000e+01	6.184456e-06	2.629417e-06	7.512700e-08
6.900000e+01	7.000000e+01	3.361417e-06	0.000000e+00	3.055324e-06
7.000000e+01	7.100000e+01	3.434136e-06	1.329705e-06	1.841398e-06
7.100000e+01	7.200000e+01	3.409251e-06	1.226792e-06	2.553481e-06
7.200000e+01	7.300000e+01	3.916819e-06	2.445940e-06	4.552290e-06
7.300000e+01	7.400000e+01	3.553047e-06	2.373470e-07	1.286239e-06
7.400000e+01	7.500000e+01	8.107081e-06	6.059211e-06	0.000000e+00
7.500000e+01	7.600000e+01	2.345641e-06	5.851740e-07	1.070096e-06
7.600000e+01	7.700000e+01	4.682723e-06	2.121922e-06	6.245540e-07
7.700000e+01	7.800000e+01	5.007791e-06	2.482980e-06	6.445750e-07
7.800000e+01	7.900000e+01	5.727218e-06	0.000000e+00	4.198357e-06
7.900000e+01	8.000000e+01	7.916007e-06	0.000000e+00	2.585183e-06
8.000000e+01	8.100000e+01	1.578502e-05	5.336020e-06	0.000000e+00
8.100000e+01	8.200000e+01	9.934248e-06	0.000000e+00	2.708102e-06
8.200000e+01	8.300000e+01	7.792372e-06	1.709354e-06	0.000000e+00
8.300000e+01	8.400000e+01	2.240109e-06	0.000000e+00	4.592886e-06
8.400000e+01	8.500000e+01	4.677719e-06	2.833014e-06	1.272138e-06
8.500000e+01	8.600000e+01	3.207048e-06	0.000000e+00	1.718621e-06
8.600000e+01	8.700000e+01	2.824973e-06	5.626430e-07	6.123790e-07
8.700000e+01	8.800000e+01	2.841030e-06	1.494105e-06	0.000000e+00
8.800000e+01	8.900000e+01	2.425002e-06	1.354854e-06	2.058249e-06
8.900000e+01	9.000000e+01	3.885854e-06	1.782657e-06	0.000000e+00
9.000000e+01	9.100000e+01	2.963110e-06	3.809700e-07	2.435509e-06
9.100000e+01	9.200000e+01	4.732606e-06	1.603550e-07	4.163220e-07
9.200000e+01	9.300000e+01	3.115560e-06	1.314460e-07	5.790250e-07
9.300000e+01	9.400000e+01	2.051611e-06	0.000000e+00	1.445456e-06
9.400000e+01	9.500000e+01	2.036144e-06	1.108378e-06	8.832020e-07
9.500000e+01	9.600000e+01	1.458920e-06	0.000000e+00	1.529328e-06
9.600000e+01	9.700000e+01	1.245395e-06	7.144734e-07	6.323090e-07
9.700000e+01	9.800000e+01	7.204175e-07	5.175050e-08	7.050055e-07
9.800000e+01	9.900000e+01	8.638671e-07	2.661829e-07	0.000000e+00
9.900000e+01	1.000000e+02	1.212741e-06	4.023986e-07	1.754000e-09
# END HISTO1D


# BEGIN HISTO1D //homes/tinghua1/Merging-Project/Production/HJETS/ratio-plots/hjets-matched-errorband/H-N2-3-25gev-combine.yoda/MC_H2JETS_04_INC/jet2_mass
ErrorBandColor=green
ErrorBandOpacity=0.3
ErrorBands=1
ErrorType=env
LineColor=green
LineStyle=solid
Path=//homes/tinghua1/Merging-Project/Production/HJETS/ratio-plots/hjets-matched-errorband/H-N2-3-25gev-combine.yoda/MC_H2JETS_04_INC/jet2_mass
RatioPlotSameStyle=1
Title=h(2*,3)
# xlow	 xhigh	 val	 errminus	 errplus
0.000000e+00	1.000000e+00	1.115516e+00	1.874047e-01	3.726880e-01
1.000000e+00	2.000000e+00	1.755461e-01	2.624400e-02	5.264340e-02
2.000000e+00	3.000000e+00	1.094496e-01	1.178382e-02	0.000000e+00
3.000000e+00	4.000000e+00	3.045987e-01	3.852420e-02	0.000000e+00
4.000000e+00	5.000000e+00	3.429132e-01	4.958080e-02	0.000000e+00
5.000000e+00	6.000000e+00	2.894558e-01	4.828370e-02	1.462340e-02
6.000000e+00	7.000000e+00	2.225889e-01	4.734360e-02	1.879560e-02
7.000000e+00	8.000000e+00	1.606148e-01	3.699980e-02	2.167830e-02
8.000000e+00	9.000000e+00	1.143664e-01	2.837558e-02	2.121290e-02
9.000000e+00	1.000000e+01	8.169868e-02	2.120672e-02	1.747732e-02
1.000000e+01	1.100000e+01	6.052181e-02	1.634934e-02	1.446922e-02
1.100000e+01	1.200000e+01	4.494975e-02	1.242616e-02	1.256165e-02
1.200000e+01	1.300000e+01	3.432305e-02	9.964300e-03	9.567820e-03
1.300000e+01	1.400000e+01	2.668433e-02	7.021960e-03	7.589220e-03
1.400000e+01	1.500000e+01	2.089915e-02	6.353200e-03	6.132080e-03
1.500000e+01	1.600000e+01	1.654007e-02	5.200990e-03	5.152300e-03
1.600000e+01	1.700000e+01	1.335038e-02	4.374737e-03	4.145650e-03
1.700000e+01	1.800000e+01	1.064876e-02	3.555100e-03	3.368530e-03
1.800000e+01	1.900000e+01	8.528307e-03	2.875297e-03	2.662593e-03
1.900000e+01	2.000000e+01	6.831733e-03	2.360368e-03	2.309799e-03
2.000000e+01	2.100000e+01	5.449199e-03	1.895192e-03	1.855755e-03
2.100000e+01	2.200000e+01	4.361716e-03	1.527346e-03	1.456830e-03
2.200000e+01	2.300000e+01	3.539952e-03	1.287678e-03	1.220187e-03
2.300000e+01	2.400000e+01	2.836691e-03	1.004365e-03	9.965340e-04
2.400000e+01	2.500000e+01	2.259309e-03	8.090800e-04	9.045210e-04
2.500000e+01	2.600000e+01	1.831843e-03	6.556510e-04	7.045660e-04
2.600000e+01	2.700000e+01	1.521400e-03	6.027431e-04	5.099130e-04
2.700000e+01	2.800000e+01	1.206634e-03	4.510628e-04	5.675490e-04
2.800000e+01	2.900000e+01	9.768796e-04	3.744914e-04	3.838514e-04
2.900000e+01	3.000000e+01	7.957935e-04	2.935156e-04	3.333955e-04
3.000000e+01	3.100000e+01	6.520834e-04	2.478319e-04	2.834285e-04
3.100000e+01	3.200000e+01	5.443556e-04	2.173706e-04	2.098598e-04
3.200000e+01	3.300000e+01	4.543906e-04	1.746709e-04	1.777895e-04
3.300000e+01	3.400000e+01	3.767675e-04	1.491317e-04	1.469683e-04
3.400000e+01	3.500000e+01	3.133719e-04	1.285452e-04	1.380852e-04
3.500000e+01	3.600000e+01	2.456678e-04	9.498880e-05	1.159816e-04
3.600000e+01	3.700000e+01	2.066211e-04	7.964290e-05	1.053074e-04
3.700000e+01	3.800000e+01	1.730988e-04	7.117730e-05	7.455470e-05
3.800000e+01	3.900000e+01	1.659841e-04	7.316325e-05	7.011060e-05
3.900000e+01	4.000000e+01	1.273159e-04	4.919856e-05	5.822870e-05
4.000000e+01	4.100000e+01	1.018632e-04	3.349771e-05	5.986490e-05
4.100000e+01	4.200000e+01	9.837991e-05	3.893480e-05	3.287899e-05
4.200000e+01	4.300000e+01	7.774806e-05	2.646623e-05	4.480794e-05
4.300000e+01	4.400000e+01	6.388003e-05	1.863071e-05	4.528727e-05
4.400000e+01	4.500000e+01	5.954467e-05	2.021555e-05	3.036055e-05
4.500000e+01	4.600000e+01	5.734529e-05	2.645034e-05	1.377863e-05
4.600000e+01	4.700000e+01	4.308514e-05	1.348802e-05	2.669455e-05
4.700000e+01	4.800000e+01	3.988346e-05	9.466300e-06	2.379105e-05
4.800000e+01	4.900000e+01	3.475865e-05	1.190927e-05	1.914162e-05
4.900000e+01	5.000000e+01	3.182756e-05	1.199539e-05	1.597206e-05
5.000000e+01	5.100000e+01	2.974991e-05	1.277860e-05	1.300114e-05
5.100000e+01	5.200000e+01	2.599924e-05	1.133944e-05	1.340354e-05
5.200000e+01	5.300000e+01	2.183005e-05	7.024690e-06	2.155358e-05
5.300000e+01	5.400000e+01	2.178831e-05	7.306260e-06	9.292960e-06
5.400000e+01	5.500000e+01	1.859398e-05	6.233240e-06	1.183921e-05
5.500000e+01	5.600000e+01	1.709756e-05	7.225584e-06	5.766730e-06
5.600000e+01	5.700000e+01	1.460743e-05	4.739293e-06	9.848560e-06
5.700000e+01	5.800000e+01	1.502047e-05	6.749748e-06	4.917450e-06
5.800000e+01	5.900000e+01	1.331815e-05	5.590105e-06	3.052780e-06
5.900000e+01	6.000000e+01	1.293002e-05	5.683316e-06	2.545890e-06
6.000000e+01	6.100000e+01	1.007092e-05	2.649421e-06	5.999160e-06
6.100000e+01	6.200000e+01	1.064729e-05	7.588099e-06	6.974190e-06
6.200000e+01	6.300000e+01	8.365623e-06	2.107533e-06	6.589107e-06
6.300000e+01	6.400000e+01	9.175783e-06	3.672679e-06	5.336727e-06
6.400000e+01	6.500000e+01	7.891675e-06	3.281302e-06	5.366665e-06
6.500000e+01	6.600000e+01	7.701173e-06	2.498128e-06	2.981917e-06
6.600000e+01	6.700000e+01	8.477949e-06	4.368110e-06	1.621451e-06
6.700000e+01	6.800000e+01	7.013424e-06	2.866929e-06	3.140026e-06
6.800000e+01	6.900000e+01	6.336621e-06	1.056607e-06	2.610676e-06
6.900000e+01	7.000000e+01	6.507060e-06	1.682323e-06	2.742358e-06
7.000000e+01	7.100000e+01	5.780972e-06	2.029862e-06	2.629180e-06
7.100000e+01	7.200000e+01	5.308469e-06	1.682384e-06	3.350825e-06
7.200000e+01	7.300000e+01	5.043992e-06	1.226740e-06	3.923693e-06
7.300000e+01	7.400000e+01	5.536119e-06	1.424986e-06	2.998214e-06
7.400000e+01	7.500000e+01	5.747073e-06	1.119982e-06	2.796838e-06
7.500000e+01	7.600000e+01	6.096416e-06	1.555529e-06	2.959964e-06
7.600000e+01	7.700000e+01	6.923720e-06	1.746526e-06	2.569369e-06
7.700000e+01	7.800000e+01	7.717742e-06	1.777355e-06	2.863468e-06
7.800000e+01	7.900000e+01	1.035150e-05	1.711197e-06	2.151310e-06
7.900000e+01	8.000000e+01	1.479082e-05	1.295210e-06	1.588550e-06
8.000000e+01	8.100000e+01	2.135629e-05	1.352000e-06	1.935090e-06
8.100000e+01	8.200000e+01	1.777187e-05	2.588300e-06	2.803550e-06
8.200000e+01	8.300000e+01	1.094428e-05	2.278127e-06	3.099960e-06
8.300000e+01	8.400000e+01	7.864480e-06	2.389610e-06	1.917071e-06
8.400000e+01	8.500000e+01	5.505883e-06	1.692255e-06	1.752135e-06
8.500000e+01	8.600000e+01	4.587360e-06	1.512358e-06	1.616507e-06
8.600000e+01	8.700000e+01	4.200229e-06	1.732939e-06	1.359193e-06
8.700000e+01	8.800000e+01	3.657345e-06	1.110815e-06	1.739445e-06
8.800000e+01	8.900000e+01	3.500961e-06	9.047460e-07	1.343359e-06
8.900000e+01	9.000000e+01	4.025077e-06	8.940800e-07	2.398830e-06
9.000000e+01	9.100000e+01	5.065332e-06	6.880540e-07	9.680640e-07
9.100000e+01	9.200000e+01	6.244881e-06	8.877000e-07	5.772330e-07
9.200000e+01	9.300000e+01	4.873427e-06	9.905060e-07	1.205496e-06
9.300000e+01	9.400000e+01	3.403797e-06	8.129840e-07	1.041533e-06
9.400000e+01	9.500000e+01	2.306454e-06	5.057790e-07	9.732000e-07
9.500000e+01	9.600000e+01	2.027017e-06	7.219140e-07	6.878930e-07
9.600000e+01	9.700000e+01	1.545730e-06	5.469840e-07	5.987680e-07
9.700000e+01	9.800000e+01	1.385195e-06	7.031849e-07	2.243450e-07
9.800000e+01	9.900000e+01	1.099482e-06	4.137694e-07	3.845340e-07
9.900000e+01	1.000000e+02	8.121787e-07	2.854653e-07	4.938503e-07
# END HISTO1D


# BEGIN HISTO1D //homes/tinghua1/Merging-Project/Production/HJETS/ratio-plots/hjets-matched-errorband/H-2-3-25gev-combine.yoda/MC_H2JETS_04_INC/jet2_mass
ErrorBandColor=purple
ErrorBandOpacity=0.3
ErrorBands=1
ErrorType=env
LineColor=purple
LineStyle=solid
Path=//homes/tinghua1/Merging-Project/Production/HJETS/ratio-plots/hjets-matched-errorband/H-2-3-25gev-combine.yoda/MC_H2JETS_04_INC/jet2_mass
RatioPlotSameStyle=1
Title=h(2,3)
# xlow	 xhigh	 val	 errminus	 errplus
0.000000e+00	1.000000e+00	1.403830e+00	4.992285e-01	0.000000e+00
1.000000e+00	2.000000e+00	2.142432e-01	7.455820e-02	0.000000e+00
2.000000e+00	3.000000e+00	9.209489e-02	0.000000e+00	1.283861e-02
3.000000e+00	4.000000e+00	2.508974e-01	0.000000e+00	3.940630e-02
4.000000e+00	5.000000e+00	2.751710e-01	0.000000e+00	5.089140e-02
5.000000e+00	6.000000e+00	2.252325e-01	0.000000e+00	6.512120e-02
6.000000e+00	7.000000e+00	1.628410e-01	0.000000e+00	6.731720e-02
7.000000e+00	8.000000e+00	1.140254e-01	0.000000e+00	6.014500e-02
8.000000e+00	9.000000e+00	7.904011e-02	0.000000e+00	4.873169e-02
9.000000e+00	1.000000e+01	5.497114e-02	0.000000e+00	3.877964e-02
1.000000e+01	1.100000e+01	3.981781e-02	0.000000e+00	3.057373e-02
1.100000e+01	1.200000e+01	2.912923e-02	0.000000e+00	2.375449e-02
1.200000e+01	1.300000e+01	2.166174e-02	0.000000e+00	1.897472e-02
1.300000e+01	1.400000e+01	1.640777e-02	0.000000e+00	1.507846e-02
1.400000e+01	1.500000e+01	1.265005e-02	0.000000e+00	1.214973e-02
1.500000e+01	1.600000e+01	9.862072e-03	0.000000e+00	9.906518e-03
1.600000e+01	1.700000e+01	7.671005e-03	0.000000e+00	7.920935e-03
1.700000e+01	1.800000e+01	6.018078e-03	0.000000e+00	6.466792e-03
1.800000e+01	1.900000e+01	4.727932e-03	0.000000e+00	5.170301e-03
1.900000e+01	2.000000e+01	3.706958e-03	0.000000e+00	4.172411e-03
2.000000e+01	2.100000e+01	2.922744e-03	0.000000e+00	3.356234e-03
2.100000e+01	2.200000e+01	2.310192e-03	0.000000e+00	2.669663e-03
2.200000e+01	2.300000e+01	1.808973e-03	0.000000e+00	2.162135e-03
2.300000e+01	2.400000e+01	1.431213e-03	0.000000e+00	1.749875e-03
2.400000e+01	2.500000e+01	1.114352e-03	0.000000e+00	1.393318e-03
2.500000e+01	2.600000e+01	8.860318e-04	0.000000e+00	1.115604e-03
2.600000e+01	2.700000e+01	6.905600e-04	0.000000e+00	8.938800e-04
2.700000e+01	2.800000e+01	5.368793e-04	0.000000e+00	7.288897e-04
2.800000e+01	2.900000e+01	4.353035e-04	0.000000e+00	5.698965e-04
2.900000e+01	3.000000e+01	3.359537e-04	0.000000e+00	4.746603e-04
3.000000e+01	3.100000e+01	2.672560e-04	0.000000e+00	3.591040e-04
3.100000e+01	3.200000e+01	2.039263e-04	0.000000e+00	3.037896e-04
3.200000e+01	3.300000e+01	1.701449e-04	0.000000e+00	2.294236e-04
3.300000e+01	3.400000e+01	1.355025e-04	0.000000e+00	1.868034e-04
3.400000e+01	3.500000e+01	1.048934e-04	0.000000e+00	1.521557e-04
3.500000e+01	3.600000e+01	8.318385e-05	0.000000e+00	1.262671e-04
3.600000e+01	3.700000e+01	6.726320e-05	0.000000e+00	9.861910e-05
3.700000e+01	3.800000e+01	5.216606e-05	0.000000e+00	8.317704e-05
3.800000e+01	3.900000e+01	4.502805e-05	0.000000e+00	6.716165e-05
3.900000e+01	4.000000e+01	3.435516e-05	0.000000e+00	5.676200e-05
4.000000e+01	4.100000e+01	3.077534e-05	0.000000e+00	4.365932e-05
4.100000e+01	4.200000e+01	2.438165e-05	0.000000e+00	3.423788e-05
4.200000e+01	4.300000e+01	1.855646e-05	0.000000e+00	2.979373e-05
4.300000e+01	4.400000e+01	1.696888e-05	0.000000e+00	2.338930e-05
4.400000e+01	4.500000e+01	1.395050e-05	0.000000e+00	1.911961e-05
4.500000e+01	4.600000e+01	1.230552e-05	0.000000e+00	1.623092e-05
4.600000e+01	4.700000e+01	9.761934e-06	0.000000e+00	1.391516e-05
4.700000e+01	4.800000e+01	1.039374e-05	0.000000e+00	1.136273e-05
4.800000e+01	4.900000e+01	7.310736e-06	0.000000e+00	1.075550e-05
4.900000e+01	5.000000e+01	6.295862e-06	0.000000e+00	8.380418e-06
5.000000e+01	5.100000e+01	5.642573e-06	0.000000e+00	8.651737e-06
5.100000e+01	5.200000e+01	5.369695e-06	0.000000e+00	7.175655e-06
5.200000e+01	5.300000e+01	4.542290e-06	0.000000e+00	7.079630e-06
5.300000e+01	5.400000e+01	3.995590e-06	0.000000e+00	5.550179e-06
5.400000e+01	5.500000e+01	3.851570e-06	0.000000e+00	4.978048e-06
5.500000e+01	5.600000e+01	3.614202e-06	0.000000e+00	3.946336e-06
5.600000e+01	5.700000e+01	2.905492e-06	0.000000e+00	3.972489e-06
5.700000e+01	5.800000e+01	2.836869e-06	0.000000e+00	2.929029e-06
5.800000e+01	5.900000e+01	2.857607e-06	0.000000e+00	3.019896e-06
5.900000e+01	6.000000e+01	2.583327e-06	0.000000e+00	2.994979e-06
6.000000e+01	6.100000e+01	2.786960e-06	0.000000e+00	2.904671e-06
6.100000e+01	6.200000e+01	1.724251e-06	0.000000e+00	3.822870e-06
6.200000e+01	6.300000e+01	2.290839e-06	0.000000e+00	2.027956e-06
6.300000e+01	6.400000e+01	1.909326e-06	0.000000e+00	2.218688e-06
6.400000e+01	6.500000e+01	2.145848e-06	0.000000e+00	2.239064e-06
6.500000e+01	6.600000e+01	2.045537e-06	0.000000e+00	2.156676e-06
6.600000e+01	6.700000e+01	1.917804e-06	0.000000e+00	2.130783e-06
6.700000e+01	6.800000e+01	1.924022e-06	0.000000e+00	2.044106e-06
6.800000e+01	6.900000e+01	1.978451e-06	0.000000e+00	2.308927e-06
6.900000e+01	7.000000e+01	1.794990e-06	0.000000e+00	2.386313e-06
7.000000e+01	7.100000e+01	2.078096e-06	0.000000e+00	2.622020e-06
7.100000e+01	7.200000e+01	2.120862e-06	0.000000e+00	1.987303e-06
7.200000e+01	7.300000e+01	2.316481e-06	0.000000e+00	1.818711e-06
7.300000e+01	7.400000e+01	2.477903e-06	0.000000e+00	2.276217e-06
7.400000e+01	7.500000e+01	2.928415e-06	0.000000e+00	2.179261e-06
7.500000e+01	7.600000e+01	3.088538e-06	0.000000e+00	2.716237e-06
7.600000e+01	7.700000e+01	4.014869e-06	0.000000e+00	2.765371e-06
7.700000e+01	7.800000e+01	5.047249e-06	0.000000e+00	2.660232e-06
7.800000e+01	7.900000e+01	7.231508e-06	0.000000e+00	2.754691e-06
7.900000e+01	8.000000e+01	1.218805e-05	0.000000e+00	2.024050e-06
8.000000e+01	8.100000e+01	1.907488e-05	0.000000e+00	1.980130e-06
8.100000e+01	8.200000e+01	1.425704e-05	0.000000e+00	4.224420e-06
8.200000e+01	8.300000e+01	8.014089e-06	0.000000e+00	3.816021e-06
8.300000e+01	8.400000e+01	4.892151e-06	0.000000e+00	3.193532e-06
8.400000e+01	8.500000e+01	3.297931e-06	0.000000e+00	2.806023e-06
8.500000e+01	8.600000e+01	2.641141e-06	0.000000e+00	2.120136e-06
8.600000e+01	8.700000e+01	2.102660e-06	0.000000e+00	1.958201e-06
8.700000e+01	8.800000e+01	2.092382e-06	0.000000e+00	1.647684e-06
8.800000e+01	8.900000e+01	2.230580e-06	0.000000e+00	1.486393e-06
8.900000e+01	9.000000e+01	2.747499e-06	0.000000e+00	1.359875e-06
9.000000e+01	9.100000e+01	3.911861e-06	0.000000e+00	1.103077e-06
9.100000e+01	9.200000e+01	4.937772e-06	0.000000e+00	1.276095e-06
9.200000e+01	9.300000e+01	3.539361e-06	0.000000e+00	1.595870e-06
9.300000e+01	9.400000e+01	2.077386e-06	0.000000e+00	1.295260e-06
9.400000e+01	9.500000e+01	1.364798e-06	0.000000e+00	1.162680e-06
9.500000e+01	9.600000e+01	9.935111e-07	0.000000e+00	9.131269e-07
9.600000e+01	9.700000e+01	7.271003e-07	0.000000e+00	7.274727e-07
9.700000e+01	9.800000e+01	5.017249e-07	0.000000e+00	5.311261e-07
9.800000e+01	9.900000e+01	4.188215e-07	0.000000e+00	4.542956e-07
9.900000e+01	1.000000e+02	3.058261e-07	0.000000e+00	4.642546e-07
# END HISTO1D


# BEGIN HISTO1D //homes/tinghua1/Merging-Project/Production/HJETS/ratio-plots/hjets-matched-errorband/H3Jets-NLOPS-combine.yoda/MC_H2JETS_04_INC/jet2_mass
ErrorBandColor=red
ErrorBandOpacity=0.3
ErrorBands=1
ErrorType=env
LineColor=red
LineStyle=solid
Path=//homes/tinghua1/Merging-Project/Production/HJETS/ratio-plots/hjets-matched-errorband/H3Jets-NLOPS-combine.yoda/MC_H2JETS_04_INC/jet2_mass
RatioPlotSameStyle=1
Title=h(3*) $\oplus$ PS
# xlow	 xhigh	 val	 errminus	 errplus
0.000000e+00	1.000000e+00	6.475950e-01	1.416061e-01	2.549561e-01
1.000000e+00	2.000000e+00	1.092069e-01	2.280596e-02	3.493210e-02
2.000000e+00	3.000000e+00	7.014947e-02	9.583300e-03	0.000000e+00
3.000000e+00	4.000000e+00	1.977878e-01	2.656070e-02	0.000000e+00
4.000000e+00	5.000000e+00	2.305311e-01	2.204800e-02	0.000000e+00
5.000000e+00	6.000000e+00	1.980788e-01	2.621420e-02	0.000000e+00
6.000000e+00	7.000000e+00	1.556617e-01	2.575150e-02	3.147100e-03
7.000000e+00	8.000000e+00	1.171857e-01	2.419419e-02	2.660200e-03
8.000000e+00	9.000000e+00	8.488514e-02	1.827362e-02	5.452560e-03
9.000000e+00	1.000000e+01	5.815379e-02	1.044277e-02	1.013200e-02
1.000000e+01	1.100000e+01	4.520701e-02	1.099013e-02	5.548300e-03
1.100000e+01	1.200000e+01	3.302452e-02	8.943630e-03	5.814050e-03
1.200000e+01	1.300000e+01	2.418259e-02	6.455110e-03	4.351980e-03
1.300000e+01	1.400000e+01	1.790809e-02	4.788540e-03	3.918680e-03
1.400000e+01	1.500000e+01	1.367253e-02	3.591870e-03	2.209660e-03
1.500000e+01	1.600000e+01	1.017478e-02	2.466745e-03	2.495940e-03
1.600000e+01	1.700000e+01	7.729934e-03	1.786936e-03	1.508257e-03
1.700000e+01	1.800000e+01	5.727828e-03	1.377386e-03	1.480308e-03
1.800000e+01	1.900000e+01	4.427810e-03	1.142002e-03	1.404939e-03
1.900000e+01	2.000000e+01	3.537750e-03	1.036718e-03	7.917650e-04
2.000000e+01	2.100000e+01	2.058547e-03	4.508000e-06	1.152697e-03
2.100000e+01	2.200000e+01	2.152230e-03	5.150660e-04	5.619470e-04
2.200000e+01	2.300000e+01	1.742606e-03	4.156060e-04	5.040850e-04
2.300000e+01	2.400000e+01	1.420730e-03	3.667570e-04	4.497110e-04
2.400000e+01	2.500000e+01	1.138315e-03	4.543953e-04	3.693560e-04
2.500000e+01	2.600000e+01	8.083718e-04	1.172636e-04	3.715922e-04
2.600000e+01	2.700000e+01	7.904620e-04	2.169466e-04	2.476590e-04
2.700000e+01	2.800000e+01	6.175277e-04	1.545185e-04	1.903159e-04
2.800000e+01	2.900000e+01	4.986909e-04	1.456106e-04	2.020070e-04
2.900000e+01	3.000000e+01	4.255916e-04	1.181274e-04	1.131175e-04
3.000000e+01	3.100000e+01	3.415582e-04	4.600850e-05	1.539029e-04
3.100000e+01	3.200000e+01	3.133976e-04	5.990330e-05	6.598690e-05
3.200000e+01	3.300000e+01	2.588985e-04	4.511800e-05	1.072565e-04
3.300000e+01	3.400000e+01	2.443502e-04	7.894580e-05	5.950160e-05
3.400000e+01	3.500000e+01	1.919174e-04	5.820740e-05	5.017790e-05
3.500000e+01	3.600000e+01	1.717359e-04	5.094380e-05	4.523250e-05
3.600000e+01	3.700000e+01	1.514798e-04	4.452210e-05	0.000000e+00
3.700000e+01	3.800000e+01	8.783545e-05	1.724090e-06	7.117665e-05
3.800000e+01	3.900000e+01	1.072653e-04	2.857183e-05	5.365860e-05
3.900000e+01	4.000000e+01	9.614876e-05	2.327246e-05	2.050324e-05
4.000000e+01	4.100000e+01	7.068790e-05	1.042797e-05	5.070570e-05
4.100000e+01	4.200000e+01	6.724206e-05	1.423565e-05	2.876428e-05
4.200000e+01	4.300000e+01	6.017434e-05	1.457739e-05	1.907107e-05
4.300000e+01	4.400000e+01	5.901354e-05	2.044211e-05	2.129711e-05
4.400000e+01	4.500000e+01	5.139380e-05	1.376309e-05	2.213872e-05
4.500000e+01	4.600000e+01	3.937655e-05	7.289130e-06	2.381837e-05
4.600000e+01	4.700000e+01	4.074194e-05	1.134898e-05	1.913065e-05
4.700000e+01	4.800000e+01	3.809591e-05	1.294627e-05	1.284010e-05
4.800000e+01	4.900000e+01	3.398534e-05	9.014760e-06	1.028904e-05
4.900000e+01	5.000000e+01	2.689117e-05	6.304890e-06	1.550272e-05
5.000000e+01	5.100000e+01	2.678579e-05	1.135500e-07	1.147941e-05
5.100000e+01	5.200000e+01	2.598751e-05	9.107620e-06	1.222072e-05
5.200000e+01	5.300000e+01	2.673573e-05	1.029913e-05	4.411140e-06
5.300000e+01	5.400000e+01	1.830496e-05	3.444780e-06	9.981850e-06
5.400000e+01	5.500000e+01	1.743327e-05	4.728560e-06	1.019218e-05
5.500000e+01	5.600000e+01	1.165501e-05	0.000000e+00	2.618838e-05
5.600000e+01	5.700000e+01	1.756831e-05	7.495370e-06	4.993450e-06
5.700000e+01	5.800000e+01	1.388734e-05	3.223220e-06	6.865730e-06
5.800000e+01	5.900000e+01	1.181603e-05	1.376300e-06	7.737460e-06
5.900000e+01	6.000000e+01	1.241476e-05	4.698606e-06	4.109490e-06
6.000000e+01	6.100000e+01	1.119304e-05	2.374467e-06	3.688640e-06
6.100000e+01	6.200000e+01	1.048020e-05	3.078265e-06	4.934600e-06
6.200000e+01	6.300000e+01	1.038512e-05	3.681340e-06	5.218130e-06
6.300000e+01	6.400000e+01	8.819710e-06	2.056409e-06	2.682110e-06
6.400000e+01	6.500000e+01	9.523493e-06	3.330644e-06	4.805067e-06
6.500000e+01	6.600000e+01	8.498354e-06	3.294477e-06	3.634876e-06
6.600000e+01	6.700000e+01	8.587092e-06	3.552586e-06	1.068135e-06
6.700000e+01	6.800000e+01	7.220128e-06	1.472332e-06	9.008792e-06
6.800000e+01	6.900000e+01	8.190063e-06	2.877047e-06	1.519136e-06
6.900000e+01	7.000000e+01	6.938023e-06	1.467564e-06	4.603747e-06
7.000000e+01	7.100000e+01	7.379112e-06	2.401432e-06	2.393032e-06
7.100000e+01	7.200000e+01	6.570705e-06	6.484920e-07	3.026590e-06
7.200000e+01	7.300000e+01	7.417023e-06	2.713040e-06	3.414657e-06
7.300000e+01	7.400000e+01	8.223186e-06	2.501383e-06	3.590984e-06
7.400000e+01	7.500000e+01	8.301970e-06	2.763970e-06	2.558580e-06
7.500000e+01	7.600000e+01	7.723094e-06	1.293129e-06	3.330246e-06
7.600000e+01	7.700000e+01	9.058927e-06	1.882262e-06	2.485003e-06
7.700000e+01	7.800000e+01	1.248127e-05	4.070169e-06	3.214220e-06
7.800000e+01	7.900000e+01	1.700816e-05	4.702320e-06	0.000000e+00
7.900000e+01	8.000000e+01	2.564388e-05	6.104590e-06	3.222320e-06
8.000000e+01	8.100000e+01	3.550319e-05	2.059920e-06	2.670760e-06
8.100000e+01	8.200000e+01	3.095988e-05	8.115020e-06	5.253790e-06
8.200000e+01	8.300000e+01	1.777277e-05	2.973730e-06	3.441280e-06
8.300000e+01	8.400000e+01	9.054597e-06	5.315600e-07	8.726363e-06
8.400000e+01	8.500000e+01	9.405303e-06	3.523822e-06	2.597517e-06
8.500000e+01	8.600000e+01	6.567286e-06	2.517499e-06	3.666004e-06
8.600000e+01	8.700000e+01	5.293932e-06	1.184874e-06	2.214981e-06
8.700000e+01	8.800000e+01	4.611243e-06	9.750730e-07	1.410139e-06
8.800000e+01	8.900000e+01	5.744862e-06	2.272948e-06	2.408323e-06
8.900000e+01	9.000000e+01	4.864932e-06	4.444480e-07	2.233406e-06
9.000000e+01	9.100000e+01	7.884314e-06	1.341452e-06	1.961626e-06
9.100000e+01	9.200000e+01	8.989227e-06	1.963253e-06	6.280380e-07
9.200000e+01	9.300000e+01	6.153491e-06	5.412900e-07	2.158004e-06
9.300000e+01	9.400000e+01	4.893631e-06	9.784520e-07	2.160231e-06
9.400000e+01	9.500000e+01	2.411180e-06	2.443820e-07	2.671092e-06
9.500000e+01	9.600000e+01	2.301929e-06	2.704310e-07	1.648716e-06
9.600000e+01	9.700000e+01	2.129342e-06	1.015164e-06	4.682450e-07
9.700000e+01	9.800000e+01	1.530844e-06	3.638500e-07	3.059240e-07
9.800000e+01	9.900000e+01	1.083015e-06	0.000000e+00	5.971370e-07
9.900000e+01	1.000000e+02	9.895935e-07	2.089131e-07	1.232237e-06
# END HISTO1D


# BEGIN HISTO1D //homes/tinghua1/Merging-Project/Production/HJETS/ratio-plots/hjets-matched-errorband/H2Jets-NLOPS-combine.yoda/MC_H2JETS_04_INC/jet2_mass
ErrorBandColor=violet
ErrorBandOpacity=0.3
ErrorBands=1
ErrorType=env
LineColor=violet
LineStyle=solid
Path=//homes/tinghua1/Merging-Project/Production/HJETS/ratio-plots/hjets-matched-errorband/H2Jets-NLOPS-combine.yoda/MC_H2JETS_04_INC/jet2_mass
RatioPlotSameStyle=1
Title=h(2*) $\oplus$ PS
# xlow	 xhigh	 val	 errminus	 errplus
0.000000e+00	1.000000e+00	1.096124e+00	1.812643e-01	3.640490e-01
1.000000e+00	2.000000e+00	1.718184e-01	2.599270e-02	4.990340e-02
2.000000e+00	3.000000e+00	1.131311e-01	1.165160e-02	0.000000e+00
3.000000e+00	4.000000e+00	3.053975e-01	3.859100e-02	0.000000e+00
4.000000e+00	5.000000e+00	3.456168e-01	5.181400e-02	0.000000e+00
5.000000e+00	6.000000e+00	2.863394e-01	5.024930e-02	1.345360e-02
6.000000e+00	7.000000e+00	2.173195e-01	4.559170e-02	2.095640e-02
7.000000e+00	8.000000e+00	1.563377e-01	3.657380e-02	2.107660e-02
8.000000e+00	9.000000e+00	1.099124e-01	2.742185e-02	1.924130e-02
9.000000e+00	1.000000e+01	7.774691e-02	2.033955e-02	1.589321e-02
1.000000e+01	1.100000e+01	5.518913e-02	1.489093e-02	1.283268e-02
1.100000e+01	1.200000e+01	3.928467e-02	1.060984e-02	1.015162e-02
1.200000e+01	1.300000e+01	2.815300e-02	7.831590e-03	7.888020e-03
1.300000e+01	1.400000e+01	2.041599e-02	5.721240e-03	6.080870e-03
1.400000e+01	1.500000e+01	1.494199e-02	4.209710e-03	4.592590e-03
1.500000e+01	1.600000e+01	1.100578e-02	3.098614e-03	3.604950e-03
1.600000e+01	1.700000e+01	8.167982e-03	2.289299e-03	2.780068e-03
1.700000e+01	1.800000e+01	6.146720e-03	1.742621e-03	2.090109e-03
1.800000e+01	1.900000e+01	4.680827e-03	1.337959e-03	1.653994e-03
1.900000e+01	2.000000e+01	3.557448e-03	9.970740e-04	1.243798e-03
2.000000e+01	2.100000e+01	2.736693e-03	7.690320e-04	9.687720e-04
2.100000e+01	2.200000e+01	2.135538e-03	6.033270e-04	7.530010e-04
2.200000e+01	2.300000e+01	1.660400e-03	4.729460e-04	5.868540e-04
2.300000e+01	2.400000e+01	1.308967e-03	3.664086e-04	4.797190e-04
2.400000e+01	2.500000e+01	1.031999e-03	2.846007e-04	3.770400e-04
2.500000e+01	2.600000e+01	8.362935e-04	2.363948e-04	4.019175e-04
2.600000e+01	2.700000e+01	6.615685e-04	1.810080e-04	2.542176e-04
2.700000e+01	2.800000e+01	5.449852e-04	1.540097e-04	1.970116e-04
2.800000e+01	2.900000e+01	4.447419e-04	1.251738e-04	1.628346e-04
2.900000e+01	3.000000e+01	3.658173e-04	1.031579e-04	1.301021e-04
3.000000e+01	3.100000e+01	2.994616e-04	8.225190e-05	1.149573e-04
3.100000e+01	3.200000e+01	2.461471e-04	6.436030e-05	9.348300e-05
3.200000e+01	3.300000e+01	2.082482e-04	5.958570e-05	8.069300e-05
3.300000e+01	3.400000e+01	1.736267e-04	4.707050e-05	6.844900e-05
3.400000e+01	3.500000e+01	1.449527e-04	4.014290e-05	5.674100e-05
3.500000e+01	3.600000e+01	1.256976e-04	3.400896e-05	4.841520e-05
3.600000e+01	3.700000e+01	1.055335e-04	2.926435e-05	4.144740e-05
3.700000e+01	3.800000e+01	9.325869e-05	2.846180e-05	3.708821e-05
3.800000e+01	3.900000e+01	7.726830e-05	2.153215e-05	3.141090e-05
3.900000e+01	4.000000e+01	6.643557e-05	1.605287e-05	2.689343e-05
4.000000e+01	4.100000e+01	5.724180e-05	1.602219e-05	2.332431e-05
4.100000e+01	4.200000e+01	5.095196e-05	1.641204e-05	1.897669e-05
4.200000e+01	4.300000e+01	4.317039e-05	1.183996e-05	1.814457e-05
4.300000e+01	4.400000e+01	3.818840e-05	1.093015e-05	1.611884e-05
4.400000e+01	4.500000e+01	3.305408e-05	8.333160e-06	1.373393e-05
4.500000e+01	4.600000e+01	3.031304e-05	9.465360e-06	1.009237e-05
4.600000e+01	4.700000e+01	2.625177e-05	7.119760e-06	1.006904e-05
4.700000e+01	4.800000e+01	2.278888e-05	6.556190e-06	1.002670e-05
4.800000e+01	4.900000e+01	2.037495e-05	5.927050e-06	9.010060e-06
4.900000e+01	5.000000e+01	1.833196e-05	5.383950e-06	7.505810e-06
5.000000e+01	5.100000e+01	1.705155e-05	5.294780e-06	6.154970e-06
5.100000e+01	5.200000e+01	1.460842e-05	4.073250e-06	6.423580e-06
5.200000e+01	5.300000e+01	1.281474e-05	3.271784e-06	5.864430e-06
5.300000e+01	5.400000e+01	1.229765e-05	3.786989e-06	4.239550e-06
5.400000e+01	5.500000e+01	1.060163e-05	3.005272e-06	4.732270e-06
5.500000e+01	5.600000e+01	9.652325e-06	2.513846e-06	4.419445e-06
5.600000e+01	5.700000e+01	8.733740e-06	2.276205e-06	4.152570e-06
5.700000e+01	5.800000e+01	8.652891e-06	2.994541e-06	2.816169e-06
5.800000e+01	5.900000e+01	7.246623e-06	2.019734e-06	3.335137e-06
5.900000e+01	6.000000e+01	6.740950e-06	1.895530e-06	3.128771e-06
6.000000e+01	6.100000e+01	6.354533e-06	1.754743e-06	2.264924e-06
6.100000e+01	6.200000e+01	5.964475e-06	1.848662e-06	2.068991e-06
6.200000e+01	6.300000e+01	5.311671e-06	1.449413e-06	2.574701e-06
6.300000e+01	6.400000e+01	5.229218e-06	1.476379e-06	2.092667e-06
6.400000e+01	6.500000e+01	4.849990e-06	1.676555e-06	1.859020e-06
6.500000e+01	6.600000e+01	4.431339e-06	1.170122e-06	2.081659e-06
6.600000e+01	6.700000e+01	4.369250e-06	1.157999e-06	1.888705e-06
6.700000e+01	6.800000e+01	4.241872e-06	1.262864e-06	1.638347e-06
6.800000e+01	6.900000e+01	3.955118e-06	1.020604e-06	1.668028e-06
6.900000e+01	7.000000e+01	4.007681e-06	1.162282e-06	1.747028e-06
7.000000e+01	7.100000e+01	3.775443e-06	1.054728e-06	1.708622e-06
7.100000e+01	7.200000e+01	3.831185e-06	1.057449e-06	1.634754e-06
7.200000e+01	7.300000e+01	3.865596e-06	1.021530e-06	1.709585e-06
7.300000e+01	7.400000e+01	4.050269e-06	1.014320e-06	1.550833e-06
7.400000e+01	7.500000e+01	4.411212e-06	1.189395e-06	1.592418e-06
7.500000e+01	7.600000e+01	4.822024e-06	1.188905e-06	1.683747e-06
7.600000e+01	7.700000e+01	5.322993e-06	1.323268e-06	2.184755e-06
7.700000e+01	7.800000e+01	6.522463e-06	1.429041e-06	1.775131e-06
7.800000e+01	7.900000e+01	8.544509e-06	1.602028e-06	1.638861e-06
7.900000e+01	8.000000e+01	1.232936e-05	1.237190e-06	1.792890e-06
8.000000e+01	8.100000e+01	1.856472e-05	1.306560e-06	1.646610e-06
8.100000e+01	8.200000e+01	1.565155e-05	2.420490e-06	2.337980e-06
8.200000e+01	8.300000e+01	9.445522e-06	2.238762e-06	2.235028e-06
8.300000e+01	8.400000e+01	6.252629e-06	1.629594e-06	1.870268e-06
8.400000e+01	8.500000e+01	4.352306e-06	1.103580e-06	1.586889e-06
8.500000e+01	8.600000e+01	3.344703e-06	8.382260e-07	1.277093e-06
8.600000e+01	8.700000e+01	2.789072e-06	8.641290e-07	7.848650e-07
8.700000e+01	8.800000e+01	2.441577e-06	5.768270e-07	1.039738e-06
8.800000e+01	8.900000e+01	2.608592e-06	6.680580e-07	7.048090e-07
8.900000e+01	9.000000e+01	2.846265e-06	5.138940e-07	5.148510e-07
9.000000e+01	9.100000e+01	3.805651e-06	4.167950e-07	4.143890e-07
9.100000e+01	9.200000e+01	4.584712e-06	3.505360e-07	5.679900e-07
9.200000e+01	9.300000e+01	3.546122e-06	4.936280e-07	7.675110e-07
9.300000e+01	9.400000e+01	2.394531e-06	5.992090e-07	6.087500e-07
9.400000e+01	9.500000e+01	1.641567e-06	4.099920e-07	4.793120e-07
9.500000e+01	9.600000e+01	1.182192e-06	2.877623e-07	5.704250e-07
9.600000e+01	9.700000e+01	8.381970e-07	1.980730e-07	3.411410e-07
9.700000e+01	9.800000e+01	7.087320e-07	2.709115e-07	2.504106e-07
9.800000e+01	9.900000e+01	5.379519e-07	1.701434e-07	2.278192e-07
9.900000e+01	1.000000e+02	4.504886e-07	1.589603e-07	1.917991e-07
# END HISTO1D

