# BEGIN PLOT
Rebin=2
DrawOnly=//homes/tinghua1/Merging-Project/Production/HJETS/ratio-plots/hjets-matched-errorband/H-N2-N3-4-25gev-combine.yoda/MC_H2JETS_04_INC/log10_d_01 //homes/tinghua1/Merging-Project/Production/HJETS/ratio-plots/hjets-matched-errorband/H-N2-3-4-25gev-combine.yoda/MC_H2JETS_04_INC/log10_d_01 //homes/tinghua1/Merging-Project/Production/HJETS/ratio-plots/hjets-matched-errorband/H-2-3-4-25gev-combine.yoda/MC_H2JETS_04_INC/log10_d_01 //homes/tinghua1/Merging-Project/Production/HJETS/ratio-plots/hjets-matched-errorband/H-N2-3-25gev-combine.yoda/MC_H2JETS_04_INC/log10_d_01 //homes/tinghua1/Merging-Project/Production/HJETS/ratio-plots/hjets-matched-errorband/H-2-3-25gev-combine.yoda/MC_H2JETS_04_INC/log10_d_01 //homes/tinghua1/Merging-Project/Production/HJETS/ratio-plots/hjets-matched-errorband/H3Jets-NLOPS-combine.yoda/MC_H2JETS_04_INC/log10_d_01 //homes/tinghua1/Merging-Project/Production/HJETS/ratio-plots/hjets-matched-errorband/H2Jets-NLOPS-combine.yoda/MC_H2JETS_04_INC/log10_d_01
RightMargin=0.5
RatioPlotReference=//homes/tinghua1/Merging-Project/Production/HJETS/ratio-plots/hjets-matched-errorband/H-N2-N3-4-25gev-combine.yoda/MC_H2JETS_04_INC/log10_d_01
#RatioPlot=1
LogY=1
RatioPlotYMax=2.0
#LegendOnly=//homes/tinghua1/Merging-Project/Production/HJETS/ratio-plots/hjets-matched-errorband/H-N2-N3-4-25gev-combine.yoda/MC_H2JETS_04_INC/log10_d_01 //homes/tinghua1/Merging-Project/Production/HJETS/ratio-plots/hjets-matched-errorband/H-N2-3-4-25gev-combine.yoda/MC_H2JETS_04_INC/log10_d_01 //homes/tinghua1/Merging-Project/Production/HJETS/ratio-plots/hjets-matched-errorband/H-2-3-4-25gev-combine.yoda/MC_H2JETS_04_INC/log10_d_01 //homes/tinghua1/Merging-Project/Production/HJETS/ratio-plots/hjets-matched-errorband/H-N2-3-25gev-combine.yoda/MC_H2JETS_04_INC/log10_d_01 //homes/tinghua1/Merging-Project/Production/HJETS/ratio-plots/hjets-matched-errorband/H-2-3-25gev-combine.yoda/MC_H2JETS_04_INC/log10_d_01 //homes/tinghua1/Merging-Project/Production/HJETS/ratio-plots/hjets-matched-errorband/H3Jets-NLOPS-combine.yoda/MC_H2JETS_04_INC/log10_d_01 //homes/tinghua1/Merging-Project/Production/HJETS/ratio-plots/hjets-matched-errorband/H2Jets-NLOPS-combine.yoda/MC_H2JETS_04_INC/log10_d_01
RatioPlotYLabel=Ratio
Scale=1000.0
XLabel=$\sqrt{d_{01}}$ (GeV)
LegendAlign=r
YLabel=$ \text{d} \sigma / \sqrt{d_{01}}$ (fb/GeV)
Legend=0
RatioPlot=6
MainPlotSelection={"Selection":[1,2,3,4,5,6,7]}
RatioPlots={"RatioPlotYLabel":"","Selection":[1,2]};{"RatioPlotYLabel":"","Selection":[1,3]};{"RatioPlotYLabel":"","Selection":[1,4]};{"RatioPlotYLabel":"","Selection":[1,5]};{"RatioPlotYLabel":"","Selection":[1,6]};{"RatioPlotYLabel":"","Selection":[1,7]}
RatioPlotSameStyle=1
RatioPlotYMin=0.0
# END PLOT


# BEGIN SPECIAL /MC_H2JETS_04_INC/log10_d_01
\rput[tl](0.05,0.75){\parbox{5cm}{\textcolor{gray}{{\bf Herwig 7.2.0} \\ HJETS/ColorFull}}}
# END SPECIAL

# BEGIN HISTO1D //homes/tinghua1/Merging-Project/Production/HJETS/ratio-plots/hjets-matched-errorband/H-N2-N3-4-25gev-combine.yoda/MC_H2JETS_04_INC/log10_d_01
ErrorBandColor=orange
ErrorBandOpacity=0.3
ErrorBands=1
ErrorType=env
LineColor=orange
LineStyle=solid
Path=//homes/tinghua1/Merging-Project/Production/HJETS/ratio-plots/hjets-matched-errorband/H-N2-N3-4-25gev-combine.yoda/MC_H2JETS_04_INC/log10_d_01
RatioPlotSameStyle=1
Title=h(2*,3*,4)
# xlow	 xhigh	 val	 errminus	 errplus
2.000000e-01	2.361292e-01	1.017245e-01	1.565013e-02	3.190558e-03
2.361291e-01	2.722583e-01	1.177657e-01	1.231212e-02	5.575103e-03
2.722583e-01	3.083875e-01	1.433374e-01	1.969238e-02	5.163981e-03
3.083874e-01	3.445165e-01	1.751817e-01	3.174674e-02	0.000000e+00
3.445165e-01	3.806457e-01	1.960016e-01	2.565014e-02	0.000000e+00
3.806457e-01	4.167748e-01	2.145566e-01	2.806571e-02	0.000000e+00
4.167748e-01	4.529039e-01	2.224988e-01	1.428917e-02	7.530052e-03
4.529039e-01	4.890331e-01	2.437038e-01	1.713246e-02	0.000000e+00
4.890331e-01	5.251621e-01	2.704060e-01	1.788478e-02	0.000000e+00
5.251623e-01	5.612913e-01	2.897816e-01	2.834004e-03	0.000000e+00
5.612913e-01	5.974205e-01	3.073699e-01	7.183386e-03	0.000000e+00
5.974204e-01	6.335495e-01	3.278811e-01	2.372963e-02	5.040258e-03
6.335497e-01	6.696787e-01	3.536493e-01	2.674991e-02	0.000000e+00
6.696787e-01	7.058079e-01	3.583204e-01	0.000000e+00	9.813669e-03
7.058080e-01	7.419370e-01	3.747674e-01	0.000000e+00	1.697496e-02
7.419370e-01	7.780660e-01	3.981289e-01	4.194984e-02	1.591183e-02
7.780661e-01	8.141953e-01	4.002405e-01	3.249338e-02	4.614965e-02
8.141954e-01	8.503245e-01	4.019170e-01	3.453200e-02	4.202762e-02
8.503244e-01	8.864534e-01	4.004404e-01	2.599926e-02	1.548336e-02
8.864535e-01	9.225827e-01	4.017617e-01	4.988873e-02	5.020205e-02
9.225828e-01	9.587118e-01	3.878087e-01	4.806707e-02	6.832443e-02
9.587118e-01	9.948408e-01	3.763589e-01	5.329499e-02	6.507497e-02
9.948404e-01	1.030970e+00	3.757603e-01	5.888134e-02	5.766266e-02
1.030970e+00	1.067098e+00	3.468460e-01	4.525700e-02	6.795178e-02
1.067100e+00	1.103228e+00	3.326679e-01	6.397310e-02	6.400537e-02
1.103229e+00	1.139358e+00	3.103845e-01	5.701943e-02	6.364970e-02
1.139357e+00	1.175487e+00	2.824797e-01	5.163775e-02	4.034542e-02
1.175487e+00	1.211615e+00	2.617106e-01	6.226953e-02	6.098857e-02
1.211617e+00	1.247745e+00	2.269757e-01	3.829766e-02	6.905018e-02
1.247746e+00	1.283875e+00	2.108733e-01	4.628005e-02	6.036284e-02
1.283874e+00	1.320002e+00	2.029878e-01	4.474699e-02	4.156680e-02
1.320002e+00	1.356131e+00	1.690833e-01	3.548861e-02	5.300119e-02
1.356132e+00	1.392261e+00	1.525509e-01	3.080857e-02	4.480716e-02
1.392261e+00	1.428391e+00	1.302762e-01	2.788749e-02	4.447667e-02
1.428391e+00	1.464519e+00	1.146451e-01	2.650151e-02	4.002533e-02
1.464519e+00	1.500648e+00	1.044077e-01	2.594628e-02	3.346074e-02
1.500649e+00	1.536778e+00	8.899485e-02	2.126026e-02	2.991774e-02
1.536778e+00	1.572906e+00	7.746436e-02	1.931775e-02	2.779236e-02
1.572906e+00	1.609035e+00	6.380827e-02	1.449675e-02	2.809178e-02
1.609036e+00	1.645165e+00	5.515658e-02	9.883971e-03	2.410415e-02
1.645165e+00	1.681293e+00	4.812381e-02	8.450884e-03	1.863160e-02
1.681294e+00	1.717424e+00	4.210958e-02	1.635380e-02	1.855912e-02
1.717423e+00	1.753552e+00	3.675388e-02	1.367135e-02	1.636184e-02
1.753553e+00	1.789682e+00	3.208843e-02	8.348725e-03	1.224628e-02
1.789682e+00	1.825811e+00	2.606714e-02	2.489125e-03	1.224970e-02
1.825812e+00	1.861940e+00	2.225612e-02	5.373822e-03	1.348893e-02
1.861940e+00	1.898069e+00	1.935506e-02	5.678206e-03	8.485455e-03
1.898069e+00	1.934198e+00	1.663188e-02	4.466146e-03	6.633909e-03
1.934198e+00	1.970328e+00	1.453066e-02	4.838132e-03	5.567279e-03
1.970329e+00	2.006458e+00	1.161464e-02	1.570165e-03	5.255388e-03
2.006458e+00	2.042587e+00	1.001884e-02	2.576313e-03	6.806809e-03
2.042585e+00	2.078714e+00	8.876055e-03	1.790855e-03	3.446669e-03
2.078715e+00	2.114844e+00	8.752636e-03	2.960209e-03	1.574096e-03
2.114845e+00	2.150974e+00	6.032500e-03	8.971380e-04	3.501531e-03
2.150972e+00	2.187101e+00	5.739722e-03	1.403559e-03	2.061939e-03
2.187102e+00	2.223231e+00	4.667522e-03	1.487896e-03	1.734781e-03
2.223231e+00	2.259361e+00	3.291827e-03	4.779961e-04	2.321362e-03
2.259362e+00	2.295491e+00	2.854851e-03	2.393033e-04	1.876659e-03
2.295489e+00	2.331618e+00	2.901921e-03	6.086712e-04	1.173213e-03
2.331619e+00	2.367748e+00	2.893061e-03	1.042801e-03	6.737081e-04
2.367749e+00	2.403878e+00	2.237993e-03	9.133021e-04	8.241236e-04
2.403876e+00	2.440005e+00	1.600730e-03	2.828581e-04	6.685054e-04
2.440006e+00	2.476135e+00	1.447601e-03	2.800011e-04	3.720025e-04
2.476135e+00	2.512265e+00	1.298457e-03	3.645184e-04	3.803249e-04
2.512266e+00	2.548395e+00	1.138547e-03	4.753245e-05	2.553223e-04
2.548393e+00	2.584522e+00	1.015437e-03	3.161419e-04	2.035692e-04
2.584523e+00	2.620652e+00	7.189103e-04	1.411066e-04	3.333834e-04
2.620653e+00	2.656782e+00	4.453481e-04	0.000000e+00	3.889391e-04
2.656780e+00	2.692909e+00	4.885422e-04	2.617255e-04	3.110620e-04
2.692910e+00	2.729039e+00	2.683311e-04	1.175305e-04	4.566087e-04
2.729040e+00	2.765169e+00	6.346018e-04	3.143959e-04	0.000000e+00
2.765168e+00	2.801298e+00	3.140349e-04	1.663297e-04	8.537033e-05
2.801297e+00	2.837426e+00	2.390897e-04	3.950248e-05	1.602181e-04
2.837427e+00	2.873556e+00	1.939731e-04	3.848349e-06	1.373455e-04
2.873557e+00	2.909686e+00	2.183357e-04	1.297101e-04	0.000000e+00
2.909686e+00	2.945815e+00	7.979551e-05	0.000000e+00	1.472739e-04
2.945813e+00	2.981942e+00	1.564261e-04	4.054834e-05	1.107520e-04
2.981943e+00	3.018072e+00	3.455759e-05	1.479437e-04	5.619627e-05
3.018072e+00	3.054202e+00	6.877570e-05	0.000000e+00	4.917614e-05
3.054203e+00	3.090332e+00	8.448080e-05	0.000000e+00	3.796338e-05
3.090330e+00	3.126459e+00	7.495400e-05	2.169711e-05	9.128855e-05
3.126460e+00	3.162589e+00	1.302880e-04	7.238017e-05	0.000000e+00
3.162590e+00	3.198719e+00	4.683102e-05	4.647153e-06	3.642362e-05
3.198717e+00	3.234846e+00	4.558399e-05	1.101531e-05	1.822204e-05
3.234847e+00	3.270976e+00	3.859550e-05	2.261519e-05	7.506352e-06
3.270977e+00	3.307106e+00	3.294807e-05	1.187564e-05	6.533948e-06
3.307105e+00	3.343235e+00	2.945785e-05	6.336471e-06	1.666103e-05
3.343234e+00	3.379363e+00	2.057139e-05	1.093282e-06	9.831221e-06
3.379364e+00	3.415493e+00	2.498242e-05	8.485917e-06	2.014427e-05
3.415494e+00	3.451623e+00	1.813453e-05	0.000000e+00	1.251539e-05
3.451621e+00	3.487750e+00	8.916734e-06	3.610986e-06	7.161172e-06
3.487751e+00	3.523880e+00	8.884060e-06	1.209062e-06	1.874588e-07
3.523881e+00	3.560010e+00	3.418553e-06	0.000000e+00	9.206291e-06
3.560009e+00	3.596139e+00	-3.692851e-06	0.000000e+00	1.518265e-05
3.596138e+00	3.632267e+00	8.204763e-06	2.111548e-06	1.571363e-05
3.632268e+00	3.668397e+00	9.287578e-06	6.628337e-06	1.617011e-07
3.668398e+00	3.704527e+00	5.103186e-06	0.000000e+00	6.797611e-06
3.704525e+00	3.740654e+00	2.286494e-06	0.000000e+00	1.989661e-06
3.740655e+00	3.776784e+00	6.455977e-06	8.996585e-06	0.000000e+00
3.776785e+00	3.812914e+00	-1.138782e-06	0.000000e+00	3.273022e-06
# END HISTO1D


# BEGIN HISTO1D //homes/tinghua1/Merging-Project/Production/HJETS/ratio-plots/hjets-matched-errorband/H-N2-3-4-25gev-combine.yoda/MC_H2JETS_04_INC/log10_d_01
ErrorBandColor=blue
ErrorBandOpacity=0.3
ErrorBands=1
ErrorType=env
LineColor=blue
LineStyle=solid
Path=//homes/tinghua1/Merging-Project/Production/HJETS/ratio-plots/hjets-matched-errorband/H-N2-3-4-25gev-combine.yoda/MC_H2JETS_04_INC/log10_d_01
RatioPlotSameStyle=1
Title=h(2*,3,4)
# xlow	 xhigh	 val	 errminus	 errplus
2.000000e-01	2.361292e-01	1.011265e-01	2.060699e-02	5.525352e-03
2.361291e-01	2.722583e-01	1.234826e-01	1.768664e-02	2.027308e-03
2.722583e-01	3.083875e-01	1.436424e-01	1.874608e-02	3.472852e-03
3.083874e-01	3.445165e-01	1.721813e-01	2.332051e-02	0.000000e+00
3.445165e-01	3.806457e-01	1.896400e-01	2.321156e-02	0.000000e+00
3.806457e-01	4.167748e-01	2.089208e-01	2.148791e-02	0.000000e+00
4.167748e-01	4.529039e-01	2.302332e-01	2.206844e-02	0.000000e+00
4.529039e-01	4.890331e-01	2.475014e-01	2.223708e-02	0.000000e+00
4.890331e-01	5.251621e-01	2.672728e-01	2.271820e-02	0.000000e+00
5.251623e-01	5.612913e-01	2.864818e-01	1.625720e-02	0.000000e+00
5.612913e-01	5.974205e-01	3.077173e-01	1.759408e-02	0.000000e+00
5.974204e-01	6.335495e-01	3.319089e-01	2.608700e-02	0.000000e+00
6.335497e-01	6.696787e-01	3.466712e-01	1.926923e-02	1.154471e-03
6.696787e-01	7.058079e-01	3.647933e-01	2.259281e-02	8.851843e-03
7.058080e-01	7.419370e-01	3.812024e-01	2.938462e-02	1.240717e-02
7.419370e-01	7.780660e-01	3.938955e-01	3.437838e-02	1.785126e-02
7.780661e-01	8.141953e-01	3.984074e-01	3.305498e-02	2.845593e-02
8.141954e-01	8.503245e-01	4.024053e-01	3.740946e-02	3.650990e-02
8.503244e-01	8.864534e-01	4.068247e-01	4.475672e-02	3.933976e-02
8.864535e-01	9.225827e-01	4.023967e-01	5.109219e-02	4.982535e-02
9.225828e-01	9.587118e-01	3.914983e-01	4.639529e-02	5.955144e-02
9.587118e-01	9.948408e-01	3.850746e-01	5.723973e-02	5.699201e-02
9.948404e-01	1.030970e+00	3.663194e-01	5.571298e-02	6.511316e-02
1.030970e+00	1.067098e+00	3.452130e-01	5.445321e-02	6.883252e-02
1.067100e+00	1.103228e+00	3.248080e-01	5.521553e-02	7.051261e-02
1.103229e+00	1.139358e+00	3.030325e-01	5.127784e-02	7.069196e-02
1.139357e+00	1.175487e+00	2.794869e-01	5.289582e-02	6.661777e-02
1.175487e+00	1.211615e+00	2.582180e-01	4.930934e-02	6.530355e-02
1.211617e+00	1.247745e+00	2.336945e-01	4.614933e-02	6.269008e-02
1.247746e+00	1.283875e+00	2.102927e-01	4.904935e-02	6.159177e-02
1.283874e+00	1.320002e+00	1.886271e-01	3.921531e-02	5.747593e-02
1.320002e+00	1.356131e+00	1.683396e-01	3.524759e-02	5.345578e-02
1.356132e+00	1.392261e+00	1.488492e-01	3.071195e-02	4.836727e-02
1.392261e+00	1.428391e+00	1.334489e-01	3.198104e-02	4.273153e-02
1.428391e+00	1.464519e+00	1.159387e-01	2.710476e-02	3.906452e-02
1.464519e+00	1.500648e+00	1.025158e-01	2.369216e-02	3.787608e-02
1.500649e+00	1.536778e+00	8.896720e-02	2.151969e-02	3.355916e-02
1.536778e+00	1.572906e+00	7.659697e-02	1.854364e-02	2.947942e-02
1.572906e+00	1.609035e+00	6.675801e-02	1.606059e-02	2.492953e-02
1.609036e+00	1.645165e+00	5.626934e-02	1.511608e-02	2.373866e-02
1.645165e+00	1.681293e+00	5.036685e-02	1.257815e-02	1.898563e-02
1.681294e+00	1.717424e+00	4.288270e-02	1.091121e-02	1.732735e-02
1.717423e+00	1.753552e+00	3.671145e-02	8.612389e-03	1.452880e-02
1.753553e+00	1.789682e+00	3.175192e-02	8.076141e-03	1.310011e-02
1.789682e+00	1.825811e+00	2.733896e-02	6.778452e-03	1.070399e-02
1.825812e+00	1.861940e+00	2.271061e-02	5.355064e-03	9.773788e-03
1.861940e+00	1.898069e+00	1.930955e-02	4.348869e-03	8.408982e-03
1.898069e+00	1.934198e+00	1.690822e-02	4.354328e-03	6.631684e-03
1.934198e+00	1.970328e+00	1.474499e-02	4.299958e-03	5.593894e-03
1.970329e+00	2.006458e+00	1.194685e-02	2.976066e-03	5.492961e-03
2.006458e+00	2.042587e+00	1.027043e-02	2.054668e-03	5.221146e-03
2.042585e+00	2.078714e+00	8.596723e-03	1.779255e-03	4.252301e-03
2.078715e+00	2.114844e+00	7.347541e-03	1.777710e-03	3.573536e-03
2.114845e+00	2.150974e+00	6.352977e-03	1.725259e-03	2.713842e-03
2.150972e+00	2.187101e+00	5.549293e-03	1.647458e-03	2.104177e-03
2.187102e+00	2.223231e+00	4.533951e-03	1.239777e-03	2.306889e-03
2.223231e+00	2.259361e+00	3.947631e-03	1.057658e-03	1.557631e-03
2.259362e+00	2.295491e+00	3.364328e-03	9.280492e-04	1.374735e-03
2.295489e+00	2.331618e+00	2.755687e-03	7.187074e-04	1.288704e-03
2.331619e+00	2.367748e+00	2.286584e-03	5.433677e-04	1.142960e-03
2.367749e+00	2.403878e+00	2.028534e-03	5.942301e-04	1.207072e-03
2.403876e+00	2.440005e+00	1.699460e-03	3.934003e-04	7.580202e-04
2.440006e+00	2.476135e+00	1.502610e-03	3.815669e-04	5.898840e-04
2.476135e+00	2.512265e+00	1.179821e-03	2.773504e-04	5.884993e-04
2.512266e+00	2.548395e+00	1.042694e-03	2.388826e-04	4.753301e-04
2.548393e+00	2.584522e+00	8.424595e-04	1.922824e-04	4.109004e-04
2.584523e+00	2.620652e+00	7.867757e-04	2.387558e-04	1.791624e-04
2.620653e+00	2.656782e+00	6.988151e-04	2.459193e-04	1.756619e-04
2.656780e+00	2.692909e+00	4.819491e-04	9.677655e-05	2.194254e-04
2.692910e+00	2.729039e+00	4.326452e-04	3.670210e-05	2.068446e-04
2.729040e+00	2.765169e+00	4.041980e-04	8.250325e-05	1.464630e-04
2.765168e+00	2.801298e+00	3.575768e-04	8.353440e-05	1.023515e-04
2.801297e+00	2.837426e+00	3.072867e-04	8.953547e-05	7.203161e-05
2.837427e+00	2.873556e+00	2.475043e-04	4.517147e-05	1.115352e-04
2.873557e+00	2.909686e+00	1.644191e-04	2.606399e-05	1.491044e-04
2.909686e+00	2.945815e+00	1.945252e-04	3.702411e-05	0.000000e+00
2.945813e+00	2.981942e+00	1.756466e-04	6.617626e-05	0.000000e+00
2.981943e+00	3.018072e+00	9.576991e-05	2.696338e-06	6.605832e-05
3.018072e+00	3.054202e+00	9.558229e-05	2.622380e-05	3.796366e-05
3.054203e+00	3.090332e+00	6.036530e-05	4.289850e-06	6.218791e-05
3.090330e+00	3.126459e+00	1.884294e-05	0.000000e+00	5.380537e-04
3.126460e+00	3.162589e+00	3.316671e-05	0.000000e+00	5.236414e-05
3.162590e+00	3.198719e+00	5.680667e-05	7.849318e-06	1.376562e-05
3.198717e+00	3.234846e+00	4.729027e-05	0.000000e+00	1.405497e-05
3.234847e+00	3.270976e+00	3.857793e-05	1.527238e-05	0.000000e+00
3.270977e+00	3.307106e+00	3.048258e-05	1.866625e-05	1.498170e-05
3.307105e+00	3.343235e+00	2.642322e-05	9.898337e-06	0.000000e+00
3.343234e+00	3.379363e+00	2.538028e-05	4.343763e-06	1.098164e-05
3.379364e+00	3.415493e+00	2.159957e-05	8.594331e-06	9.320609e-06
3.415494e+00	3.451623e+00	2.438564e-05	1.670182e-05	0.000000e+00
3.451621e+00	3.487750e+00	1.977124e-05	1.076971e-05	1.486889e-05
3.487751e+00	3.523880e+00	3.023209e-05	2.123207e-05	0.000000e+00
3.523881e+00	3.560010e+00	9.971638e-06	0.000000e+00	6.932616e-06
3.560009e+00	3.596139e+00	1.631340e-05	9.910313e-06	0.000000e+00
3.596138e+00	3.632267e+00	8.580285e-06	4.076025e-06	2.860539e-06
3.632268e+00	3.668397e+00	9.876473e-06	5.798743e-06	0.000000e+00
3.668398e+00	3.704527e+00	3.836015e-06	1.688861e-06	1.325412e-06
3.704525e+00	3.740654e+00	7.193980e-06	5.489325e-06	8.474716e-07
3.740655e+00	3.776784e+00	5.069213e-06	3.808797e-06	0.000000e+00
3.776785e+00	3.812914e+00	4.329605e-06	3.265462e-06	0.000000e+00
# END HISTO1D


# BEGIN HISTO1D //homes/tinghua1/Merging-Project/Production/HJETS/ratio-plots/hjets-matched-errorband/H-2-3-4-25gev-combine.yoda/MC_H2JETS_04_INC/log10_d_01
ErrorBandColor=yellow
ErrorBandOpacity=0.3
ErrorBands=1
ErrorType=env
LineColor=yellow
LineStyle=solid
Path=//homes/tinghua1/Merging-Project/Production/HJETS/ratio-plots/hjets-matched-errorband/H-2-3-4-25gev-combine.yoda/MC_H2JETS_04_INC/log10_d_01
RatioPlotSameStyle=1
Title=h(2,3,4)
# xlow	 xhigh	 val	 errminus	 errplus
2.000000e-01	2.361292e-01	9.555107e-02	1.773056e-02	4.790543e-03
2.361291e-01	2.722583e-01	1.157427e-01	2.025594e-02	3.700663e-03
2.722583e-01	3.083875e-01	1.362552e-01	2.136582e-02	2.546451e-03
3.083874e-01	3.445165e-01	1.555476e-01	2.058070e-02	2.330255e-03
3.445165e-01	3.806457e-01	1.763925e-01	2.352297e-02	9.267573e-04
3.806457e-01	4.167748e-01	1.950133e-01	2.391659e-02	6.307104e-04
4.167748e-01	4.529039e-01	2.128186e-01	2.408596e-02	1.812666e-04
4.529039e-01	4.890331e-01	2.309547e-01	2.552445e-02	0.000000e+00
4.890331e-01	5.251621e-01	2.468005e-01	2.097412e-02	0.000000e+00
5.251623e-01	5.612913e-01	2.695199e-01	2.367078e-02	0.000000e+00
5.612913e-01	5.974205e-01	2.894387e-01	2.624368e-02	0.000000e+00
5.974204e-01	6.335495e-01	3.141338e-01	3.189368e-02	0.000000e+00
6.335497e-01	6.696787e-01	3.257834e-01	2.617392e-02	5.092848e-03
6.696787e-01	7.058079e-01	3.435836e-01	3.144437e-02	7.022575e-03
7.058080e-01	7.419370e-01	3.564573e-01	3.455829e-02	1.454036e-02
7.419370e-01	7.780660e-01	3.682287e-01	3.751104e-02	2.302964e-02
7.780661e-01	8.141953e-01	3.782057e-01	4.245956e-02	2.634545e-02
8.141954e-01	8.503245e-01	3.800914e-01	4.181228e-02	3.648140e-02
8.503244e-01	8.864534e-01	3.819871e-01	5.023098e-02	4.331052e-02
8.864535e-01	9.225827e-01	3.763734e-01	5.091311e-02	4.924853e-02
9.225828e-01	9.587118e-01	3.703300e-01	5.386877e-02	5.384967e-02
9.587118e-01	9.948408e-01	3.598191e-01	5.717690e-02	5.879554e-02
9.948404e-01	1.030970e+00	3.424320e-01	5.498975e-02	6.696707e-02
1.030970e+00	1.067098e+00	3.289197e-01	5.798071e-02	6.368541e-02
1.067100e+00	1.103228e+00	3.087614e-01	5.718528e-02	6.528550e-02
1.103229e+00	1.139358e+00	2.860813e-01	5.401716e-02	6.928589e-02
1.139357e+00	1.175487e+00	2.649846e-01	5.191824e-02	6.649089e-02
1.175487e+00	1.211615e+00	2.437322e-01	5.128789e-02	6.404489e-02
1.211617e+00	1.247745e+00	2.200303e-01	4.528869e-02	6.437477e-02
1.247746e+00	1.283875e+00	1.979933e-01	4.170143e-02	6.004088e-02
1.283874e+00	1.320002e+00	1.786924e-01	3.958889e-02	5.678485e-02
1.320002e+00	1.356131e+00	1.606367e-01	3.766307e-02	5.098486e-02
1.356132e+00	1.392261e+00	1.417681e-01	3.309491e-02	4.794342e-02
1.392261e+00	1.428391e+00	1.249466e-01	3.088503e-02	4.438904e-02
1.428391e+00	1.464519e+00	1.101477e-01	2.715005e-02	4.122694e-02
1.464519e+00	1.500648e+00	9.560395e-02	2.208420e-02	3.622705e-02
1.500649e+00	1.536778e+00	8.454823e-02	2.179169e-02	3.146868e-02
1.536778e+00	1.572906e+00	7.309942e-02	1.851474e-02	2.831412e-02
1.572906e+00	1.609035e+00	6.304315e-02	1.626336e-02	2.532381e-02
1.609036e+00	1.645165e+00	5.457228e-02	1.402928e-02	2.204473e-02
1.645165e+00	1.681293e+00	4.717872e-02	1.188937e-02	1.897138e-02
1.681294e+00	1.717424e+00	4.050122e-02	1.047551e-02	1.692117e-02
1.717423e+00	1.753552e+00	3.489230e-02	8.804880e-03	1.484857e-02
1.753553e+00	1.789682e+00	2.962426e-02	7.821420e-03	1.242163e-02
1.789682e+00	1.825811e+00	2.569530e-02	6.380877e-03	1.082276e-02
1.825812e+00	1.861940e+00	2.179812e-02	5.982980e-03	9.559152e-03
1.861940e+00	1.898069e+00	1.860363e-02	4.635669e-03	8.003438e-03
1.898069e+00	1.934198e+00	1.584791e-02	4.168128e-03	6.777694e-03
1.934198e+00	1.970328e+00	1.363270e-02	3.792848e-03	5.705140e-03
1.970329e+00	2.006458e+00	1.149027e-02	3.151587e-03	5.128420e-03
2.006458e+00	2.042587e+00	9.697755e-03	2.552097e-03	4.486891e-03
2.042585e+00	2.078714e+00	8.346777e-03	2.379335e-03	3.752993e-03
2.078715e+00	2.114844e+00	7.119040e-03	1.947305e-03	3.187105e-03
2.114845e+00	2.150974e+00	5.951554e-03	1.464627e-03	2.777553e-03
2.150972e+00	2.187101e+00	5.033181e-03	1.376277e-03	2.392815e-03
2.187102e+00	2.223231e+00	4.409975e-03	1.197603e-03	1.946600e-03
2.223231e+00	2.259361e+00	3.685037e-03	9.636239e-04	1.603393e-03
2.259362e+00	2.295491e+00	3.132752e-03	7.588547e-04	1.453932e-03
2.295489e+00	2.331618e+00	2.688181e-03	7.259985e-04	1.151596e-03
2.331619e+00	2.367748e+00	2.312192e-03	7.024637e-04	9.780434e-04
2.367749e+00	2.403878e+00	1.888653e-03	4.582593e-04	8.032168e-04
2.403876e+00	2.440005e+00	1.618983e-03	4.361790e-04	7.263406e-04
2.440006e+00	2.476135e+00	1.371840e-03	4.437593e-04	5.992496e-04
2.476135e+00	2.512265e+00	1.153248e-03	2.984442e-04	4.825940e-04
2.512266e+00	2.548395e+00	9.843187e-04	2.727864e-04	3.761289e-04
2.548393e+00	2.584522e+00	8.037073e-04	1.837100e-04	3.415796e-04
2.584523e+00	2.620652e+00	7.107947e-04	1.957904e-04	3.044715e-04
2.620653e+00	2.656782e+00	5.927286e-04	1.840959e-04	2.545506e-04
2.656780e+00	2.692909e+00	4.732373e-04	9.624900e-05	2.693969e-04
2.692910e+00	2.729039e+00	4.067306e-04	1.583521e-04	2.078768e-04
2.729040e+00	2.765169e+00	3.285674e-04	7.153511e-05	2.055451e-04
2.765168e+00	2.801298e+00	3.155198e-04	1.060159e-04	1.297000e-04
2.801297e+00	2.837426e+00	2.282115e-04	6.232201e-05	1.649618e-04
2.837427e+00	2.873556e+00	2.369726e-04	1.014644e-04	1.325981e-04
2.873557e+00	2.909686e+00	1.926397e-04	4.708328e-05	5.439868e-05
2.909686e+00	2.945815e+00	1.535384e-04	3.493257e-05	6.899380e-05
2.945813e+00	2.981942e+00	1.336907e-04	4.325450e-05	5.508021e-05
2.981943e+00	3.018072e+00	1.117547e-04	2.641648e-05	4.239674e-05
3.018072e+00	3.054202e+00	1.009184e-04	3.092962e-05	4.658074e-05
3.054203e+00	3.090332e+00	9.191433e-05	3.660741e-05	1.965573e-05
3.090330e+00	3.126459e+00	6.788710e-05	1.098763e-05	3.206280e-05
3.126460e+00	3.162589e+00	6.807318e-05	2.683528e-05	1.393379e-05
3.162590e+00	3.198719e+00	4.668302e-05	7.694428e-06	2.228149e-05
3.198717e+00	3.234846e+00	4.192150e-05	1.486826e-05	2.378663e-05
3.234847e+00	3.270976e+00	3.085120e-05	3.683188e-06	1.736887e-05
3.270977e+00	3.307106e+00	3.051455e-05	1.470849e-05	1.790124e-05
3.307105e+00	3.343235e+00	3.419242e-05	1.241093e-05	0.000000e+00
3.343234e+00	3.379363e+00	2.093579e-05	7.396601e-06	1.359447e-05
3.379364e+00	3.415493e+00	2.020913e-05	4.456827e-06	0.000000e+00
3.415494e+00	3.451623e+00	1.877217e-05	7.030386e-06	2.203097e-06
3.451621e+00	3.487750e+00	9.857566e-06	3.786017e-06	9.495189e-06
3.487751e+00	3.523880e+00	1.049575e-05	7.524579e-06	0.000000e+00
3.523881e+00	3.560010e+00	1.225676e-05	3.189828e-06	0.000000e+00
3.560009e+00	3.596139e+00	9.925956e-06	4.830232e-06	0.000000e+00
3.596138e+00	3.632267e+00	7.409640e-06	3.619325e-06	2.969357e-06
3.632268e+00	3.668397e+00	6.484677e-06	6.214978e-06	0.000000e+00
3.668398e+00	3.704527e+00	1.820636e-06	0.000000e+00	3.005548e-06
3.704525e+00	3.740654e+00	4.784605e-06	1.979933e-06	6.247031e-07
3.740655e+00	3.776784e+00	3.144380e-06	0.000000e+00	8.213928e-07
3.776785e+00	3.812914e+00	2.685310e-06	2.149398e-06	1.721065e-06
# END HISTO1D


# BEGIN HISTO1D //homes/tinghua1/Merging-Project/Production/HJETS/ratio-plots/hjets-matched-errorband/H-N2-3-25gev-combine.yoda/MC_H2JETS_04_INC/log10_d_01
ErrorBandColor=green
ErrorBandOpacity=0.3
ErrorBands=1
ErrorType=env
LineColor=green
LineStyle=solid
Path=//homes/tinghua1/Merging-Project/Production/HJETS/ratio-plots/hjets-matched-errorband/H-N2-3-25gev-combine.yoda/MC_H2JETS_04_INC/log10_d_01
RatioPlotSameStyle=1
Title=h(2*,3)
# xlow	 xhigh	 val	 errminus	 errplus
2.000000e-01	2.361292e-01	1.019606e-01	1.573635e-02	5.218121e-03
2.361291e-01	2.722583e-01	1.241621e-01	1.910668e-02	2.331272e-03
2.722583e-01	3.083875e-01	1.439110e-01	1.723530e-02	2.526191e-03
3.083874e-01	3.445165e-01	1.681893e-01	2.023538e-02	8.053065e-04
3.445165e-01	3.806457e-01	1.890386e-01	1.766776e-02	0.000000e+00
3.806457e-01	4.167748e-01	2.100711e-01	2.016480e-02	0.000000e+00
4.167748e-01	4.529039e-01	2.311958e-01	2.466948e-02	8.262868e-04
4.529039e-01	4.890331e-01	2.477279e-01	2.210561e-02	0.000000e+00
4.890331e-01	5.251621e-01	2.668369e-01	2.014891e-02	0.000000e+00
5.251623e-01	5.612913e-01	2.914573e-01	2.097855e-02	0.000000e+00
5.612913e-01	5.974205e-01	3.130127e-01	2.258644e-02	0.000000e+00
5.974204e-01	6.335495e-01	3.286276e-01	1.864010e-02	0.000000e+00
6.335497e-01	6.696787e-01	3.478811e-01	1.702312e-02	2.624477e-03
6.696787e-01	7.058079e-01	3.665395e-01	2.262768e-02	9.303278e-03
7.058080e-01	7.419370e-01	3.824424e-01	2.745571e-02	1.111569e-02
7.419370e-01	7.780660e-01	3.948006e-01	3.390702e-02	1.767301e-02
7.780661e-01	8.141953e-01	4.030258e-01	3.734182e-02	2.626684e-02
8.141954e-01	8.503245e-01	4.079963e-01	4.280594e-02	3.305258e-02
8.503244e-01	8.864534e-01	4.071341e-01	4.437337e-02	3.924150e-02
8.864535e-01	9.225827e-01	4.010667e-01	4.705972e-02	4.817378e-02
9.225828e-01	9.587118e-01	3.926558e-01	5.079064e-02	5.653864e-02
9.587118e-01	9.948408e-01	3.823220e-01	5.490837e-02	6.293569e-02
9.948404e-01	1.030970e+00	3.666933e-01	5.547329e-02	6.382279e-02
1.030970e+00	1.067098e+00	3.533444e-01	5.504553e-02	6.428049e-02
1.067100e+00	1.103228e+00	3.252861e-01	5.323125e-02	7.868859e-02
1.103229e+00	1.139358e+00	3.040984e-01	4.966359e-02	7.014587e-02
1.139357e+00	1.175487e+00	2.816471e-01	5.236228e-02	6.828951e-02
1.175487e+00	1.211615e+00	2.544677e-01	4.610103e-02	6.879559e-02
1.211617e+00	1.247745e+00	2.329307e-01	4.443793e-02	6.898766e-02
1.247746e+00	1.283875e+00	2.130347e-01	4.562484e-02	6.045623e-02
1.283874e+00	1.320002e+00	1.900367e-01	3.858573e-02	5.687924e-02
1.320002e+00	1.356131e+00	1.687748e-01	3.547353e-02	5.457854e-02
1.356132e+00	1.392261e+00	1.501754e-01	3.182136e-02	4.793454e-02
1.392261e+00	1.428391e+00	1.315921e-01	2.849491e-02	4.638218e-02
1.428391e+00	1.464519e+00	1.172560e-01	2.675380e-02	3.949680e-02
1.464519e+00	1.500648e+00	1.025427e-01	2.367408e-02	3.633549e-02
1.500649e+00	1.536778e+00	8.890963e-02	2.064303e-02	3.297152e-02
1.536778e+00	1.572906e+00	7.761134e-02	1.963600e-02	2.924061e-02
1.572906e+00	1.609035e+00	6.661134e-02	1.516026e-02	2.584046e-02
1.609036e+00	1.645165e+00	5.816062e-02	1.378549e-02	2.270652e-02
1.645165e+00	1.681293e+00	4.991256e-02	1.174566e-02	1.880196e-02
1.681294e+00	1.717424e+00	4.307484e-02	1.037066e-02	1.676632e-02
1.717423e+00	1.753552e+00	3.677461e-02	8.690415e-03	1.523422e-02
1.753553e+00	1.789682e+00	3.139650e-02	7.471300e-03	1.307451e-02
1.789682e+00	1.825811e+00	2.752930e-02	6.925910e-03	1.098812e-02
1.825812e+00	1.861940e+00	2.281759e-02	5.105987e-03	1.014757e-02
1.861940e+00	1.898069e+00	1.953451e-02	4.466689e-03	8.476371e-03
1.898069e+00	1.934198e+00	1.702688e-02	4.612763e-03	7.184237e-03
1.934198e+00	1.970328e+00	1.469454e-02	3.992145e-03	5.738896e-03
1.970329e+00	2.006458e+00	1.191074e-02	2.962429e-03	5.605602e-03
2.006458e+00	2.042587e+00	1.047589e-02	2.690822e-03	4.136779e-03
2.042585e+00	2.078714e+00	8.812057e-03	2.224421e-03	3.687952e-03
2.078715e+00	2.114844e+00	7.300299e-03	1.379133e-03	3.476266e-03
2.114845e+00	2.150974e+00	6.728229e-03	1.863647e-03	2.651488e-03
2.150972e+00	2.187101e+00	5.428467e-03	1.308569e-03	2.290927e-03
2.187102e+00	2.223231e+00	4.773501e-03	1.349559e-03	1.668413e-03
2.223231e+00	2.259361e+00	4.200387e-03	1.358763e-03	2.831730e-03
2.259362e+00	2.295491e+00	3.323845e-03	7.998857e-04	1.360649e-03
2.295489e+00	2.331618e+00	2.645834e-03	5.939168e-04	1.453998e-03
2.331619e+00	2.367748e+00	2.659889e-03	9.788594e-04	5.527878e-04
2.367749e+00	2.403878e+00	1.895788e-03	4.528133e-04	1.051504e-03
2.403876e+00	2.440005e+00	1.659386e-03	3.573930e-04	7.189676e-04
2.440006e+00	2.476135e+00	1.461831e-03	4.025553e-04	6.081768e-04
2.476135e+00	2.512265e+00	1.255133e-03	3.440681e-04	5.311666e-04
2.512266e+00	2.548395e+00	9.595416e-04	1.448404e-04	5.418882e-04
2.548393e+00	2.584522e+00	9.153179e-04	2.116848e-04	3.350751e-04
2.584523e+00	2.620652e+00	7.423333e-04	1.675374e-04	2.951770e-04
2.620653e+00	2.656782e+00	6.150516e-04	1.654632e-04	2.961698e-04
2.656780e+00	2.692909e+00	5.776465e-04	2.104608e-04	1.412289e-04
2.692910e+00	2.729039e+00	4.677979e-04	1.241781e-04	1.867710e-04
2.729040e+00	2.765169e+00	4.199125e-04	1.283329e-04	1.701807e-04
2.765168e+00	2.801298e+00	3.196964e-04	6.813238e-05	1.580828e-04
2.801297e+00	2.837426e+00	2.824404e-04	9.707266e-05	1.015187e-04
2.837427e+00	2.873556e+00	2.666838e-04	8.799801e-05	3.893634e-05
2.873557e+00	2.909686e+00	2.058611e-04	0.000000e+00	4.031821e-04
2.909686e+00	2.945815e+00	1.565524e-04	5.780982e-05	9.700545e-05
2.945813e+00	2.981942e+00	1.290496e-04	3.558006e-05	6.533599e-05
2.981943e+00	3.018072e+00	1.277776e-04	4.210161e-05	4.551324e-05
3.018072e+00	3.054202e+00	9.307086e-05	3.127213e-05	4.550376e-05
3.054203e+00	3.090332e+00	9.983130e-05	4.137596e-05	1.387431e-05
3.090330e+00	3.126459e+00	6.138418e-05	0.000000e+00	2.913903e-05
3.126460e+00	3.162589e+00	5.789944e-05	5.979407e-07	3.662133e-05
3.162590e+00	3.198719e+00	4.919405e-05	2.312084e-05	3.531833e-05
3.198717e+00	3.234846e+00	5.048521e-05	1.546135e-05	2.308168e-05
3.234847e+00	3.270976e+00	4.693800e-05	1.909339e-05	3.720695e-06
3.270977e+00	3.307106e+00	5.118556e-05	2.644561e-05	0.000000e+00
3.307105e+00	3.343235e+00	2.048911e-05	1.419164e-06	1.236497e-05
3.343234e+00	3.379363e+00	3.049559e-05	8.610562e-06	6.238340e-06
3.379364e+00	3.415493e+00	2.647692e-05	9.291846e-06	4.193238e-06
3.415494e+00	3.451623e+00	2.341561e-05	1.280289e-05	0.000000e+00
3.451621e+00	3.487750e+00	1.030579e-05	0.000000e+00	1.077145e-05
3.487751e+00	3.523880e+00	1.038899e-05	0.000000e+00	6.290180e-06
3.523881e+00	3.560010e+00	8.278048e-06	4.768159e-06	8.838396e-06
3.560009e+00	3.596139e+00	1.109231e-05	7.883570e-06	0.000000e+00
3.596138e+00	3.632267e+00	5.977738e-06	0.000000e+00	1.091898e-05
3.632268e+00	3.668397e+00	7.182986e-06	1.111249e-06	2.360320e-06
3.668398e+00	3.704527e+00	6.419967e-06	3.825066e-06	0.000000e+00
3.704525e+00	3.740654e+00	3.184373e-06	0.000000e+00	4.751125e-06
3.740655e+00	3.776784e+00	5.252448e-06	1.938363e-06	6.883113e-08
3.776785e+00	3.812914e+00	2.593891e-06	3.138011e-07	1.919619e-06
# END HISTO1D


# BEGIN HISTO1D //homes/tinghua1/Merging-Project/Production/HJETS/ratio-plots/hjets-matched-errorband/H-2-3-25gev-combine.yoda/MC_H2JETS_04_INC/log10_d_01
ErrorBandColor=purple
ErrorBandOpacity=0.3
ErrorBands=1
ErrorType=env
LineColor=purple
LineStyle=solid
Path=//homes/tinghua1/Merging-Project/Production/HJETS/ratio-plots/hjets-matched-errorband/H-2-3-25gev-combine.yoda/MC_H2JETS_04_INC/log10_d_01
RatioPlotSameStyle=1
Title=h(2,3)
# xlow	 xhigh	 val	 errminus	 errplus
2.000000e-01	2.361292e-01	1.018159e-01	2.294524e-02	0.000000e+00
2.361291e-01	2.722583e-01	1.207052e-01	2.480130e-02	0.000000e+00
2.722583e-01	3.083875e-01	1.392849e-01	2.309894e-02	0.000000e+00
3.083874e-01	3.445165e-01	1.591531e-01	2.264355e-02	0.000000e+00
3.445165e-01	3.806457e-01	1.775226e-01	2.364716e-02	0.000000e+00
3.806457e-01	4.167748e-01	1.966083e-01	2.235874e-02	5.542347e-04
4.167748e-01	4.529039e-01	2.142887e-01	2.426781e-02	8.031753e-04
4.529039e-01	4.890331e-01	2.314192e-01	2.441961e-02	1.697574e-03
4.890331e-01	5.251621e-01	2.487116e-01	2.346001e-02	1.519274e-03
5.251623e-01	5.612913e-01	2.676966e-01	2.158388e-02	3.307998e-03
5.612913e-01	5.974205e-01	2.863623e-01	2.140117e-02	3.377324e-03
5.974204e-01	6.335495e-01	3.084068e-01	2.443487e-02	1.063962e-03
6.335497e-01	6.696787e-01	3.317594e-01	3.134980e-02	0.000000e+00
6.696787e-01	7.058079e-01	3.519461e-01	3.809827e-02	0.000000e+00
7.058080e-01	7.419370e-01	3.719093e-01	4.682735e-02	0.000000e+00
7.419370e-01	7.780660e-01	3.893618e-01	5.634904e-02	0.000000e+00
7.780661e-01	8.141953e-01	4.054825e-01	6.797438e-02	0.000000e+00
8.141954e-01	8.503245e-01	4.175305e-01	7.870664e-02	0.000000e+00
8.503244e-01	8.864534e-01	4.242027e-01	8.853777e-02	0.000000e+00
8.864535e-01	9.225827e-01	4.300328e-01	1.025068e-01	0.000000e+00
9.225828e-01	9.587118e-01	4.268202e-01	1.099643e-01	0.000000e+00
9.587118e-01	9.948408e-01	4.193213e-01	1.144487e-01	0.000000e+00
9.948404e-01	1.030970e+00	4.107251e-01	1.227858e-01	0.000000e+00
1.030970e+00	1.067098e+00	3.949141e-01	1.228204e-01	0.000000e+00
1.067100e+00	1.103228e+00	3.764120e-01	1.235214e-01	0.000000e+00
1.103229e+00	1.139358e+00	3.563370e-01	1.235279e-01	0.000000e+00
1.139357e+00	1.175487e+00	3.328566e-01	1.212553e-01	0.000000e+00
1.175487e+00	1.211615e+00	3.099637e-01	1.157836e-01	0.000000e+00
1.211617e+00	1.247745e+00	2.847779e-01	1.106241e-01	0.000000e+00
1.247746e+00	1.283875e+00	2.593586e-01	1.033195e-01	0.000000e+00
1.283874e+00	1.320002e+00	2.357770e-01	9.552418e-02	0.000000e+00
1.320002e+00	1.356131e+00	2.125686e-01	8.876778e-02	0.000000e+00
1.356132e+00	1.392261e+00	1.898949e-01	8.100473e-02	0.000000e+00
1.392261e+00	1.428391e+00	1.686926e-01	7.291168e-02	0.000000e+00
1.428391e+00	1.464519e+00	1.497643e-01	6.645385e-02	0.000000e+00
1.464519e+00	1.500648e+00	1.323686e-01	6.013798e-02	0.000000e+00
1.500649e+00	1.536778e+00	1.156032e-01	5.221747e-02	0.000000e+00
1.536778e+00	1.572906e+00	1.016324e-01	4.696086e-02	0.000000e+00
1.572906e+00	1.609035e+00	8.842166e-02	4.106319e-02	0.000000e+00
1.609036e+00	1.645165e+00	7.665994e-02	3.550854e-02	0.000000e+00
1.645165e+00	1.681293e+00	6.645924e-02	3.129890e-02	0.000000e+00
1.681294e+00	1.717424e+00	5.760036e-02	2.741968e-02	0.000000e+00
1.717423e+00	1.753552e+00	4.950942e-02	2.368612e-02	0.000000e+00
1.753553e+00	1.789682e+00	4.276044e-02	2.075845e-02	0.000000e+00
1.789682e+00	1.825811e+00	3.650477e-02	1.769460e-02	0.000000e+00
1.825812e+00	1.861940e+00	3.143364e-02	1.507519e-02	0.000000e+00
1.861940e+00	1.898069e+00	2.674315e-02	1.288674e-02	0.000000e+00
1.898069e+00	1.934198e+00	2.276106e-02	1.103206e-02	0.000000e+00
1.934198e+00	1.970328e+00	1.947565e-02	9.379471e-03	0.000000e+00
1.970329e+00	2.006458e+00	1.654378e-02	8.037466e-03	0.000000e+00
2.006458e+00	2.042587e+00	1.414063e-02	6.984968e-03	0.000000e+00
2.042585e+00	2.078714e+00	1.188013e-02	5.846215e-03	0.000000e+00
2.078715e+00	2.114844e+00	1.025542e-02	5.047604e-03	0.000000e+00
2.114845e+00	2.150974e+00	8.742827e-03	4.409516e-03	0.000000e+00
2.150972e+00	2.187101e+00	7.380392e-03	3.626702e-03	0.000000e+00
2.187102e+00	2.223231e+00	6.242337e-03	3.096106e-03	0.000000e+00
2.223231e+00	2.259361e+00	5.370789e-03	2.688188e-03	0.000000e+00
2.259362e+00	2.295491e+00	4.458482e-03	2.169454e-03	0.000000e+00
2.295489e+00	2.331618e+00	3.867289e-03	1.916261e-03	0.000000e+00
2.331619e+00	2.367748e+00	3.294417e-03	1.692574e-03	0.000000e+00
2.367749e+00	2.403878e+00	2.927136e-03	1.573369e-03	0.000000e+00
2.403876e+00	2.440005e+00	2.275387e-03	9.927787e-04	0.000000e+00
2.440006e+00	2.476135e+00	2.004995e-03	9.694545e-04	0.000000e+00
2.476135e+00	2.512265e+00	1.682964e-03	8.477277e-04	0.000000e+00
2.512266e+00	2.548395e+00	1.406853e-03	7.223258e-04	0.000000e+00
2.548393e+00	2.584522e+00	1.205675e-03	6.138318e-04	0.000000e+00
2.584523e+00	2.620652e+00	1.009721e-03	5.073824e-04	0.000000e+00
2.620653e+00	2.656782e+00	8.652000e-04	4.322658e-04	0.000000e+00
2.656780e+00	2.692909e+00	7.282540e-04	3.883742e-04	0.000000e+00
2.692910e+00	2.729039e+00	6.280553e-04	3.083838e-04	0.000000e+00
2.729040e+00	2.765169e+00	5.305270e-04	2.661101e-04	0.000000e+00
2.765168e+00	2.801298e+00	4.455154e-04	2.299989e-04	0.000000e+00
2.801297e+00	2.837426e+00	3.825641e-04	1.866780e-04	0.000000e+00
2.837427e+00	2.873556e+00	3.230233e-04	1.744442e-04	0.000000e+00
2.873557e+00	2.909686e+00	2.724007e-04	2.056091e-04	0.000000e+00
2.909686e+00	2.945815e+00	2.176173e-04	1.259709e-04	0.000000e+00
2.945813e+00	2.981942e+00	1.919187e-04	9.496142e-05	0.000000e+00
2.981943e+00	3.018072e+00	1.511103e-04	6.067948e-05	0.000000e+00
3.018072e+00	3.054202e+00	1.354366e-04	6.678552e-05	0.000000e+00
3.054203e+00	3.090332e+00	1.157938e-04	4.960464e-05	0.000000e+00
3.090330e+00	3.126459e+00	8.590578e-05	3.913073e-05	0.000000e+00
3.126460e+00	3.162589e+00	8.683946e-05	4.156611e-05	0.000000e+00
3.162590e+00	3.198719e+00	6.813471e-05	3.868330e-05	0.000000e+00
3.198717e+00	3.234846e+00	6.417033e-05	3.524424e-05	0.000000e+00
3.234847e+00	3.270976e+00	5.794390e-05	2.963938e-05	0.000000e+00
3.270977e+00	3.307106e+00	4.449035e-05	2.628114e-05	0.000000e+00
3.307105e+00	3.343235e+00	3.795181e-05	1.794153e-05	0.000000e+00
3.343234e+00	3.379363e+00	2.971948e-05	1.130080e-05	0.000000e+00
3.379364e+00	3.415493e+00	2.159174e-05	7.870677e-06	0.000000e+00
3.415494e+00	3.451623e+00	1.967857e-05	7.348939e-06	1.472928e-06
3.451621e+00	3.487750e+00	1.965308e-05	1.200303e-05	0.000000e+00
3.487751e+00	3.523880e+00	1.488219e-05	8.770683e-06	0.000000e+00
3.523881e+00	3.560010e+00	1.604777e-05	6.914180e-06	0.000000e+00
3.560009e+00	3.596139e+00	1.065001e-05	5.660947e-06	0.000000e+00
3.596138e+00	3.632267e+00	1.014440e-05	5.212666e-06	9.135514e-07
3.632268e+00	3.668397e+00	6.454419e-06	1.581895e-06	0.000000e+00
3.668398e+00	3.704527e+00	6.894683e-06	4.581377e-06	0.000000e+00
3.704525e+00	3.740654e+00	5.241072e-06	5.606312e-06	0.000000e+00
3.740655e+00	3.776784e+00	4.291954e-06	1.942786e-06	4.923912e-07
3.776785e+00	3.812914e+00	8.778635e-06	1.933823e-05	0.000000e+00
# END HISTO1D


# BEGIN HISTO1D //homes/tinghua1/Merging-Project/Production/HJETS/ratio-plots/hjets-matched-errorband/H3Jets-NLOPS-combine.yoda/MC_H2JETS_04_INC/log10_d_01
ErrorBandColor=red
ErrorBandOpacity=0.3
ErrorBands=1
ErrorType=env
LineColor=red
LineStyle=solid
Path=//homes/tinghua1/Merging-Project/Production/HJETS/ratio-plots/hjets-matched-errorband/H3Jets-NLOPS-combine.yoda/MC_H2JETS_04_INC/log10_d_01
RatioPlotSameStyle=1
Title=h(3*) $\oplus$ PS
# xlow	 xhigh	 val	 errminus	 errplus
2.000000e-01	2.361292e-01	6.833641e-02	1.534182e-02	1.674625e-02
2.361291e-01	2.722583e-01	9.055102e-02	2.256695e-02	6.215554e-03
2.722583e-01	3.083875e-01	1.017527e-01	1.492276e-02	1.154180e-02
3.083874e-01	3.445165e-01	1.270666e-01	2.891359e-02	5.685389e-03
3.445165e-01	3.806457e-01	1.296546e-01	1.601956e-02	1.650573e-02
3.806457e-01	4.167748e-01	1.488462e-01	3.138368e-02	1.959880e-02
4.167748e-01	4.529039e-01	1.647834e-01	3.032547e-02	8.675168e-03
4.529039e-01	4.890331e-01	1.242836e-01	0.000000e+00	6.423497e-02
4.890331e-01	5.251621e-01	1.898952e-01	2.490826e-02	1.490906e-02
5.251623e-01	5.612913e-01	2.054208e-01	3.288964e-02	7.621280e-03
5.612913e-01	5.974205e-01	2.001562e-01	1.160502e-02	3.646026e-02
5.974204e-01	6.335495e-01	2.378254e-01	3.475060e-02	3.330667e-03
6.335497e-01	6.696787e-01	2.413326e-01	3.155384e-02	1.682223e-02
6.696787e-01	7.058079e-01	2.497291e-01	2.328690e-02	2.159107e-02
7.058080e-01	7.419370e-01	2.634561e-01	4.625678e-02	2.127806e-02
7.419370e-01	7.780660e-01	2.778265e-01	5.022588e-02	1.231528e-02
7.780661e-01	8.141953e-01	2.773828e-01	3.930785e-02	3.569993e-02
8.141954e-01	8.503245e-01	2.797152e-01	6.278097e-02	3.635020e-02
8.503244e-01	8.864534e-01	2.955487e-01	6.591102e-02	1.697302e-02
8.864535e-01	9.225827e-01	2.618901e-01	4.481657e-02	5.243493e-02
9.225828e-01	9.587118e-01	2.552111e-01	4.278114e-02	4.720079e-02
9.587118e-01	9.948408e-01	2.566142e-01	5.206299e-02	5.427506e-02
9.948404e-01	1.030970e+00	2.434575e-01	5.361401e-02	4.414865e-02
1.030970e+00	1.067098e+00	2.224426e-01	5.603872e-02	5.907589e-02
1.067100e+00	1.103228e+00	2.138758e-01	5.562174e-02	5.820286e-02
1.103229e+00	1.139358e+00	1.949737e-01	4.320983e-02	6.156235e-02
1.139357e+00	1.175487e+00	1.819517e-01	4.083645e-02	5.512463e-02
1.175487e+00	1.211615e+00	1.686666e-01	3.748241e-02	4.779886e-02
1.211617e+00	1.247745e+00	1.526286e-01	4.035609e-02	4.173094e-02
1.247746e+00	1.283875e+00	1.369774e-01	3.671081e-02	4.585624e-02
1.283874e+00	1.320002e+00	1.259356e-01	4.803072e-02	3.374718e-02
1.320002e+00	1.356131e+00	1.053507e-01	2.334158e-02	4.046403e-02
1.356132e+00	1.392261e+00	9.382823e-02	2.912812e-02	3.715863e-02
1.392261e+00	1.428391e+00	8.547155e-02	2.680291e-02	3.304226e-02
1.428391e+00	1.464519e+00	7.252243e-02	1.561023e-02	2.952476e-02
1.464519e+00	1.500648e+00	6.324047e-02	1.700332e-02	2.832257e-02
1.500649e+00	1.536778e+00	5.157112e-02	8.558056e-03	2.408384e-02
1.536778e+00	1.572906e+00	4.585596e-02	1.305464e-02	2.464452e-02
1.572906e+00	1.609035e+00	4.270586e-02	1.371480e-02	1.679022e-02
1.609036e+00	1.645165e+00	3.844275e-02	1.256821e-02	1.183498e-02
1.645165e+00	1.681293e+00	2.968131e-02	6.415973e-03	1.583492e-02
1.681294e+00	1.717424e+00	2.836335e-02	8.753205e-03	8.846609e-03
1.717423e+00	1.753552e+00	2.438980e-02	6.924534e-03	1.075507e-02
1.753553e+00	1.789682e+00	2.081854e-02	9.871009e-03	8.402970e-03
1.789682e+00	1.825811e+00	1.561666e-02	2.530729e-03	8.565908e-03
1.825812e+00	1.861940e+00	1.332144e-02	3.037062e-03	6.693210e-03
1.861940e+00	1.898069e+00	1.292999e-02	2.637053e-03	5.253503e-03
1.898069e+00	1.934198e+00	9.864189e-03	2.993858e-03	5.397617e-03
1.934198e+00	1.970328e+00	9.322333e-03	3.302062e-03	3.882790e-03
1.970329e+00	2.006458e+00	7.789510e-03	2.375134e-03	2.767727e-03
2.006458e+00	2.042587e+00	6.694711e-03	2.447372e-03	3.972606e-03
2.042585e+00	2.078714e+00	5.500711e-03	0.000000e+00	2.817617e-03
2.078715e+00	2.114844e+00	5.198074e-03	2.003681e-03	2.257084e-03
2.114845e+00	2.150974e+00	3.890332e-03	7.518918e-04	1.162709e-03
2.150972e+00	2.187101e+00	3.751269e-03	1.823900e-03	1.237239e-03
2.187102e+00	2.223231e+00	2.798527e-03	4.289358e-04	1.468020e-03
2.223231e+00	2.259361e+00	1.925162e-03	2.536396e-04	1.511912e-03
2.259362e+00	2.295491e+00	2.120026e-03	4.809917e-04	6.450901e-04
2.295489e+00	2.331618e+00	2.085732e-03	1.036600e-03	4.851562e-04
2.331619e+00	2.367748e+00	1.345691e-03	2.031282e-04	6.930593e-04
2.367749e+00	2.403878e+00	6.178616e-04	0.000000e+00	1.275237e-03
2.403876e+00	2.440005e+00	1.020757e-03	9.899192e-04	6.761853e-04
2.440006e+00	2.476135e+00	1.151585e-03	2.937150e-04	1.957115e-04
2.476135e+00	2.512265e+00	5.986424e-04	0.000000e+00	4.952380e-04
2.512266e+00	2.548395e+00	7.131841e-04	5.309901e-04	2.721905e-04
2.548393e+00	2.584522e+00	6.206593e-04	2.618777e-04	9.636442e-05
2.584523e+00	2.620652e+00	4.500008e-04	1.453511e-04	2.149096e-04
2.620653e+00	2.656782e+00	4.345531e-04	0.000000e+00	2.078776e-04
2.656780e+00	2.692909e+00	3.016959e-04	0.000000e+00	1.076296e-04
2.692910e+00	2.729039e+00	2.644549e-04	3.972094e-05	1.786648e-04
2.729040e+00	2.765169e+00	2.740318e-04	1.414480e-04	5.727241e-05
2.765168e+00	2.801298e+00	4.193451e-04	2.429149e-04	0.000000e+00
2.801297e+00	2.837426e+00	1.526354e-04	2.218891e-04	0.000000e+00
2.837427e+00	2.873556e+00	1.635362e-04	0.000000e+00	3.094954e-05
2.873557e+00	2.909686e+00	1.142089e-04	3.711451e-06	9.129666e-05
2.909686e+00	2.945815e+00	2.005844e-04	1.317941e-04	1.767638e-06
2.945813e+00	2.981942e+00	1.020317e-04	8.365594e-05	2.072197e-05
2.981943e+00	3.018072e+00	7.624130e-05	0.000000e+00	5.324233e-05
3.018072e+00	3.054202e+00	1.133448e-04	6.403385e-05	0.000000e+00
3.054203e+00	3.090332e+00	4.641784e-05	1.400006e-05	3.317390e-05
3.090330e+00	3.126459e+00	3.107924e-05	2.971254e-05	3.562656e-05
3.126460e+00	3.162589e+00	2.932323e-05	0.000000e+00	1.721894e-05
3.162590e+00	3.198719e+00	4.392967e-05	2.342092e-05	0.000000e+00
3.198717e+00	3.234846e+00	3.124053e-05	9.090481e-07	6.539746e-05
3.234847e+00	3.270976e+00	-1.066703e-06	0.000000e+00	3.116150e-05
3.270977e+00	3.307106e+00	2.525413e-05	9.959539e-06	0.000000e+00
3.307105e+00	3.343235e+00	3.234406e-05	2.213022e-05	0.000000e+00
3.343234e+00	3.379363e+00	2.061923e-05	1.466829e-05	1.010847e-04
3.379364e+00	3.415493e+00	3.959528e-06	0.000000e+00	5.910584e-06
3.415494e+00	3.451623e+00	4.822929e-06	0.000000e+00	1.644626e-04
3.451621e+00	3.487750e+00	-2.194766e-05	0.000000e+00	3.737057e-05
3.487751e+00	3.523880e+00	-1.054193e-06	4.205058e-06	3.637540e-05
3.523881e+00	3.560010e+00	7.727784e-06	1.021861e-06	4.528384e-06
3.560009e+00	3.596139e+00	5.274415e-06	2.778432e-06	1.109754e-05
3.596138e+00	3.632267e+00	1.105798e-06	0.000000e+00	6.139207e-06
3.632268e+00	3.668397e+00	4.414852e-06	1.436229e-06	5.879418e-06
3.668398e+00	3.704527e+00	5.008234e-06	3.312312e-06	1.704725e-08
3.704525e+00	3.740654e+00	5.674228e-06	2.703042e-06	1.388862e-05
3.740655e+00	3.776784e+00	2.054155e-06	2.479678e-06	3.525299e-06
3.776785e+00	3.812914e+00	5.100689e-06	6.246922e-06	9.361538e-07
# END HISTO1D


# BEGIN HISTO1D //homes/tinghua1/Merging-Project/Production/HJETS/ratio-plots/hjets-matched-errorband/H2Jets-NLOPS-combine.yoda/MC_H2JETS_04_INC/log10_d_01
ErrorBandColor=violet
ErrorBandOpacity=0.3
ErrorBands=1
ErrorType=env
LineColor=violet
LineStyle=solid
Path=//homes/tinghua1/Merging-Project/Production/HJETS/ratio-plots/hjets-matched-errorband/H2Jets-NLOPS-combine.yoda/MC_H2JETS_04_INC/log10_d_01
RatioPlotSameStyle=1
Title=h(2*) $\oplus$ PS
# xlow	 xhigh	 val	 errminus	 errplus
2.000000e-01	2.361292e-01	9.755806e-02	1.488006e-02	3.904969e-03
2.361291e-01	2.722583e-01	1.181196e-01	1.617941e-02	2.653477e-03
2.722583e-01	3.083875e-01	1.397793e-01	1.746349e-02	2.621156e-04
3.083874e-01	3.445165e-01	1.599398e-01	1.727275e-02	0.000000e+00
3.445165e-01	3.806457e-01	1.820437e-01	2.035805e-02	0.000000e+00
3.806457e-01	4.167748e-01	2.015820e-01	2.074325e-02	3.502135e-03
4.167748e-01	4.529039e-01	2.200618e-01	2.123438e-02	0.000000e+00
4.529039e-01	4.890331e-01	2.375402e-01	2.065847e-02	0.000000e+00
4.890331e-01	5.251621e-01	2.566669e-01	2.009560e-02	0.000000e+00
5.251623e-01	5.612913e-01	2.764336e-01	1.637137e-02	0.000000e+00
5.612913e-01	5.974205e-01	2.966935e-01	1.394246e-02	0.000000e+00
5.974204e-01	6.335495e-01	3.150051e-01	1.737159e-02	0.000000e+00
6.335497e-01	6.696787e-01	3.346579e-01	2.256408e-02	0.000000e+00
6.696787e-01	7.058079e-01	3.520111e-01	2.420175e-02	5.331698e-03
7.058080e-01	7.419370e-01	3.690864e-01	3.047654e-02	8.130565e-03
7.419370e-01	7.780660e-01	3.780822e-01	3.129721e-02	1.827447e-02
7.780661e-01	8.141953e-01	3.868314e-01	3.682617e-02	2.563882e-02
8.141954e-01	8.503245e-01	3.909779e-01	3.978234e-02	3.490344e-02
8.503244e-01	8.864534e-01	3.898661e-01	4.229001e-02	4.126563e-02
8.864535e-01	9.225827e-01	3.880745e-01	4.042326e-02	4.764761e-02
9.225828e-01	9.587118e-01	3.778516e-01	4.569973e-02	5.653587e-02
9.587118e-01	9.948408e-01	3.693817e-01	5.231517e-02	5.901365e-02
9.948404e-01	1.030970e+00	3.543731e-01	5.330274e-02	6.204472e-02
1.030970e+00	1.067098e+00	3.399648e-01	5.688588e-02	6.219989e-02
1.067100e+00	1.103228e+00	3.186269e-01	5.503892e-02	6.537214e-02
1.103229e+00	1.139358e+00	2.983216e-01	5.453436e-02	6.445875e-02
1.139357e+00	1.175487e+00	2.736140e-01	4.518915e-02	6.646546e-02
1.175487e+00	1.211615e+00	2.498155e-01	4.625016e-02	6.678366e-02
1.211617e+00	1.247745e+00	2.277931e-01	4.441247e-02	6.221883e-02
1.247746e+00	1.283875e+00	2.082785e-01	4.330743e-02	5.694819e-02
1.283874e+00	1.320002e+00	1.864496e-01	4.005533e-02	5.482886e-02
1.320002e+00	1.356131e+00	1.655267e-01	3.505270e-02	5.102414e-02
1.356132e+00	1.392261e+00	1.477543e-01	3.349666e-02	4.631913e-02
1.392261e+00	1.428391e+00	1.296432e-01	2.871503e-02	4.313462e-02
1.428391e+00	1.464519e+00	1.147136e-01	2.627465e-02	3.818531e-02
1.464519e+00	1.500648e+00	9.980113e-02	2.254195e-02	3.511487e-02
1.500649e+00	1.536778e+00	8.741136e-02	2.012588e-02	3.159066e-02
1.536778e+00	1.572906e+00	7.572089e-02	1.788093e-02	2.904340e-02
1.572906e+00	1.609035e+00	6.517166e-02	1.446766e-02	2.521083e-02
1.609036e+00	1.645165e+00	5.726142e-02	1.383681e-02	2.203831e-02
1.645165e+00	1.681293e+00	4.916258e-02	1.207332e-02	1.908885e-02
1.681294e+00	1.717424e+00	4.250891e-02	1.048425e-02	1.655904e-02
1.717423e+00	1.753552e+00	3.637889e-02	8.683910e-03	1.440297e-02
1.753553e+00	1.789682e+00	3.110767e-02	7.389928e-03	1.274931e-02
1.789682e+00	1.825811e+00	2.665067e-02	6.824659e-03	1.113646e-02
1.825812e+00	1.861940e+00	2.306280e-02	5.548922e-03	8.932553e-03
1.861940e+00	1.898069e+00	1.969632e-02	5.070699e-03	7.681245e-03
1.898069e+00	1.934198e+00	1.685522e-02	4.426389e-03	6.561449e-03
1.934198e+00	1.970328e+00	1.437412e-02	3.642867e-03	5.531979e-03
1.970329e+00	2.006458e+00	1.221800e-02	3.312774e-03	4.886150e-03
2.006458e+00	2.042587e+00	1.037779e-02	2.701185e-03	4.435083e-03
2.042585e+00	2.078714e+00	8.838811e-03	2.322619e-03	3.733231e-03
2.078715e+00	2.114844e+00	7.363295e-03	1.744964e-03	3.253071e-03
2.114845e+00	2.150974e+00	6.328910e-03	1.582291e-03	2.596427e-03
2.150972e+00	2.187101e+00	5.390144e-03	1.366138e-03	2.185588e-03
2.187102e+00	2.223231e+00	4.547231e-03	1.074754e-03	1.892859e-03
2.223231e+00	2.259361e+00	3.851686e-03	8.957681e-04	1.658790e-03
2.259362e+00	2.295491e+00	3.253638e-03	7.744601e-04	1.308533e-03
2.295489e+00	2.331618e+00	2.718072e-03	5.921905e-04	1.223958e-03
2.331619e+00	2.367748e+00	2.347415e-03	6.055479e-04	1.015202e-03
2.367749e+00	2.403878e+00	1.948503e-03	5.074890e-04	8.643956e-04
2.403876e+00	2.440005e+00	1.715593e-03	3.617288e-04	6.807196e-04
2.440006e+00	2.476135e+00	1.483100e-03	3.338293e-04	4.931509e-04
2.476135e+00	2.512265e+00	1.256949e-03	3.495021e-04	4.825524e-04
2.512266e+00	2.548395e+00	1.040258e-03	2.910673e-04	3.511813e-04
2.548393e+00	2.584522e+00	8.695392e-04	1.947538e-04	3.604780e-04
2.584523e+00	2.620652e+00	7.355186e-04	2.305209e-04	2.451632e-04
2.620653e+00	2.656782e+00	6.284193e-04	1.540256e-04	2.762299e-04
2.656780e+00	2.692909e+00	5.359371e-04	1.332129e-04	2.255219e-04
2.692910e+00	2.729039e+00	4.724222e-04	1.378909e-04	1.651510e-04
2.729040e+00	2.765169e+00	3.845246e-04	7.526225e-05	1.134966e-04
2.765168e+00	2.801298e+00	3.048990e-04	7.221057e-05	1.605765e-04
2.801297e+00	2.837426e+00	2.713938e-04	7.264591e-05	1.225839e-04
2.837427e+00	2.873556e+00	2.324449e-04	7.348468e-05	9.703532e-05
2.873557e+00	2.909686e+00	1.873836e-04	4.694882e-05	8.707736e-05
2.909686e+00	2.945815e+00	1.622103e-04	4.514481e-05	6.269216e-05
2.945813e+00	2.981942e+00	1.447743e-04	3.505098e-05	5.198289e-05
2.981943e+00	3.018072e+00	1.042771e-04	1.233926e-05	5.713175e-05
3.018072e+00	3.054202e+00	9.774993e-05	2.216103e-05	5.275129e-05
3.054203e+00	3.090332e+00	7.342805e-05	1.982153e-05	4.574970e-05
3.090330e+00	3.126459e+00	7.517700e-05	3.038786e-05	3.567984e-05
3.126460e+00	3.162589e+00	6.444911e-05	1.547150e-05	2.831448e-05
3.162590e+00	3.198719e+00	5.376016e-05	2.205157e-05	8.934623e-06
3.198717e+00	3.234846e+00	4.048479e-05	7.676465e-06	1.938758e-05
3.234847e+00	3.270976e+00	3.649163e-05	1.807911e-06	1.318129e-05
3.270977e+00	3.307106e+00	3.515912e-05	1.355197e-05	1.137402e-05
3.307105e+00	3.343235e+00	2.116115e-05	3.866814e-06	1.589880e-05
3.343234e+00	3.379363e+00	2.587742e-05	7.804166e-06	7.528210e-06
3.379364e+00	3.415493e+00	2.163865e-05	5.609986e-06	0.000000e+00
3.415494e+00	3.451623e+00	1.587083e-05	4.531432e-06	1.224379e-06
3.451621e+00	3.487750e+00	1.163209e-05	4.373019e-06	7.820834e-06
3.487751e+00	3.523880e+00	1.486664e-05	6.504938e-06	2.167458e-06
3.523881e+00	3.560010e+00	4.518304e-06	0.000000e+00	1.000349e-05
3.560009e+00	3.596139e+00	6.797113e-06	0.000000e+00	5.451096e-06
3.596138e+00	3.632267e+00	5.811600e-06	9.241551e-07	4.782161e-06
3.632268e+00	3.668397e+00	6.793512e-06	2.808968e-06	2.077041e-06
3.668398e+00	3.704527e+00	3.794796e-06	4.344322e-07	3.084367e-06
3.704525e+00	3.740654e+00	5.654441e-06	2.938604e-06	9.172438e-07
3.740655e+00	3.776784e+00	3.837172e-06	2.033893e-06	2.124620e-06
3.776785e+00	3.812914e+00	2.062271e-06	1.140607e-06	4.404653e-07
# END HISTO1D

