# BEGIN PLOT
Rebin=2
DrawOnly=//homes/tinghua1/Merging-Project/Production/HJETS/ratio-plots/hjets-matched-errorband/H-N2-N3-4-25gev-combine.yoda/MC_H2JETS_04_INC/log10_d_12 //homes/tinghua1/Merging-Project/Production/HJETS/ratio-plots/hjets-matched-errorband/H-N2-3-4-25gev-combine.yoda/MC_H2JETS_04_INC/log10_d_12 //homes/tinghua1/Merging-Project/Production/HJETS/ratio-plots/hjets-matched-errorband/H-2-3-4-25gev-combine.yoda/MC_H2JETS_04_INC/log10_d_12 //homes/tinghua1/Merging-Project/Production/HJETS/ratio-plots/hjets-matched-errorband/H-N2-3-25gev-combine.yoda/MC_H2JETS_04_INC/log10_d_12 //homes/tinghua1/Merging-Project/Production/HJETS/ratio-plots/hjets-matched-errorband/H-2-3-25gev-combine.yoda/MC_H2JETS_04_INC/log10_d_12 //homes/tinghua1/Merging-Project/Production/HJETS/ratio-plots/hjets-matched-errorband/H3Jets-NLOPS-combine.yoda/MC_H2JETS_04_INC/log10_d_12 //homes/tinghua1/Merging-Project/Production/HJETS/ratio-plots/hjets-matched-errorband/H2Jets-NLOPS-combine.yoda/MC_H2JETS_04_INC/log10_d_12
RightMargin=0.5
RatioPlotReference=//homes/tinghua1/Merging-Project/Production/HJETS/ratio-plots/hjets-matched-errorband/H-N2-N3-4-25gev-combine.yoda/MC_H2JETS_04_INC/log10_d_12
#RatioPlot=1
LogY=1
RatioPlotYMax=1.6
#LegendOnly=//homes/tinghua1/Merging-Project/Production/HJETS/ratio-plots/hjets-matched-errorband/H-N2-N3-4-25gev-combine.yoda/MC_H2JETS_04_INC/log10_d_12 //homes/tinghua1/Merging-Project/Production/HJETS/ratio-plots/hjets-matched-errorband/H-N2-3-4-25gev-combine.yoda/MC_H2JETS_04_INC/log10_d_12 //homes/tinghua1/Merging-Project/Production/HJETS/ratio-plots/hjets-matched-errorband/H-2-3-4-25gev-combine.yoda/MC_H2JETS_04_INC/log10_d_12 //homes/tinghua1/Merging-Project/Production/HJETS/ratio-plots/hjets-matched-errorband/H-N2-3-25gev-combine.yoda/MC_H2JETS_04_INC/log10_d_12 //homes/tinghua1/Merging-Project/Production/HJETS/ratio-plots/hjets-matched-errorband/H-2-3-25gev-combine.yoda/MC_H2JETS_04_INC/log10_d_12 //homes/tinghua1/Merging-Project/Production/HJETS/ratio-plots/hjets-matched-errorband/H3Jets-NLOPS-combine.yoda/MC_H2JETS_04_INC/log10_d_12 //homes/tinghua1/Merging-Project/Production/HJETS/ratio-plots/hjets-matched-errorband/H2Jets-NLOPS-combine.yoda/MC_H2JETS_04_INC/log10_d_12
RatioPlotYLabel=Ratio
Scale=1000.0
XLabel=$\sqrt{d_{12}}$ (GeV)
LegendAlign=r
YLabel=$ \text{d} \sigma / \sqrt{d_{12}}$ (fb/GeV)
Legend=0
RatioPlot=6
MainPlotSelection={"Selection":[1,2,3,4,5,6,7]}
RatioPlots={"RatioPlotYLabel":"","Selection":[1,2]};{"RatioPlotYLabel":"","Selection":[1,3]};{"RatioPlotYLabel":"","Selection":[1,4]};{"RatioPlotYLabel":"","Selection":[1,5]};{"RatioPlotYLabel":"","Selection":[1,6]};{"RatioPlotYLabel":"","Selection":[1,7]}
RatioPlotSameStyle=1
RatioPlotYMin=0.0
# END PLOT


# BEGIN SPECIAL /MC_H2JETS_04_INC/log10_d_12
\rput[tl](0.05,0.75){\parbox{5cm}{\textcolor{gray}{{\bf Herwig 7.2.0} \\ HJETS/ColorFull}}}
# END SPECIAL

# BEGIN HISTO1D //homes/tinghua1/Merging-Project/Production/HJETS/ratio-plots/hjets-matched-errorband/H-N2-N3-4-25gev-combine.yoda/MC_H2JETS_04_INC/log10_d_12
ErrorBandColor=orange
ErrorBandOpacity=0.3
ErrorBands=1
ErrorType=env
LineColor=orange
LineStyle=solid
Path=//homes/tinghua1/Merging-Project/Production/HJETS/ratio-plots/hjets-matched-errorband/H-N2-N3-4-25gev-combine.yoda/MC_H2JETS_04_INC/log10_d_12
RatioPlotSameStyle=1
Title=h(2*,3*,4)
# xlow	 xhigh	 val	 errminus	 errplus
2.000000e-01	2.361292e-01	1.454256e+00	1.317838e-01	2.404378e-02
2.361291e-01	2.722583e-01	1.529332e+00	7.533685e-02	1.816813e-02
2.722583e-01	3.083875e-01	1.596515e+00	5.798927e-03	3.761788e-02
3.083874e-01	3.445165e-01	1.748390e+00	1.065966e-01	0.000000e+00
3.445165e-01	3.806457e-01	1.807541e+00	1.064045e-01	0.000000e+00
3.806457e-01	4.167748e-01	1.850544e+00	1.854090e-01	0.000000e+00
4.167748e-01	4.529039e-01	1.840624e+00	4.274228e-02	0.000000e+00
4.529039e-01	4.890331e-01	1.873758e+00	7.552921e-02	0.000000e+00
4.890331e-01	5.251621e-01	1.889250e+00	8.410506e-02	0.000000e+00
5.251623e-01	5.612913e-01	1.922145e+00	7.246790e-02	1.135124e-02
5.612913e-01	5.974205e-01	1.935881e+00	3.325454e-02	0.000000e+00
5.974204e-01	6.335495e-01	1.950692e+00	5.516440e-02	0.000000e+00
6.335497e-01	6.696787e-01	1.910027e+00	9.751973e-03	2.039602e-02
6.696787e-01	7.058079e-01	1.949056e+00	7.167388e-02	0.000000e+00
7.058080e-01	7.419370e-01	1.916257e+00	8.749540e-02	5.888799e-02
7.419370e-01	7.780660e-01	1.802486e+00	0.000000e+00	1.435430e-01
7.780661e-01	8.141953e-01	1.812567e+00	8.829562e-02	9.533895e-02
8.141954e-01	8.503245e-01	1.767332e+00	2.167447e-01	8.977971e-02
8.503244e-01	8.864534e-01	1.709356e+00	9.543166e-02	1.161828e-01
8.864535e-01	9.225827e-01	1.630803e+00	1.287432e-01	1.570641e-01
9.225828e-01	9.587118e-01	1.529938e+00	1.169429e-01	1.592052e-01
9.587118e-01	9.948408e-01	1.452255e+00	1.539122e-01	1.194478e-01
9.948404e-01	1.030970e+00	1.351935e+00	1.475741e-01	1.643789e-01
1.030970e+00	1.067098e+00	1.235512e+00	1.451701e-01	1.863210e-01
1.067100e+00	1.103228e+00	1.143152e+00	1.509336e-01	1.734272e-01
1.103229e+00	1.139358e+00	1.058195e+00	1.682142e-01	1.692715e-01
1.139357e+00	1.175487e+00	9.268447e-01	1.027420e-01	1.702314e-01
1.175487e+00	1.211615e+00	8.586828e-01	1.090149e-01	1.740588e-01
1.211617e+00	1.247745e+00	7.883119e-01	1.407996e-01	1.647646e-01
1.247746e+00	1.283875e+00	7.102403e-01	1.093797e-01	1.446160e-01
1.283874e+00	1.320002e+00	6.218844e-01	9.847989e-02	1.428315e-01
1.320002e+00	1.356131e+00	5.618766e-01	8.235656e-02	1.440386e-01
1.356132e+00	1.392261e+00	4.992388e-01	8.256470e-02	1.164452e-01
1.392261e+00	1.428391e+00	4.441544e-01	7.721616e-02	1.045389e-01
1.428391e+00	1.464519e+00	3.819176e-01	6.100003e-02	1.063796e-01
1.464519e+00	1.500648e+00	3.491195e-01	7.937878e-02	9.021285e-02
1.500649e+00	1.536778e+00	2.943228e-01	5.759528e-02	8.709181e-02
1.536778e+00	1.572906e+00	2.598283e-01	4.790714e-02	7.820787e-02
1.572906e+00	1.609035e+00	2.206388e-01	3.726118e-02	7.451767e-02
1.609036e+00	1.645165e+00	1.978274e-01	3.510648e-02	6.264699e-02
1.645165e+00	1.681293e+00	1.707253e-01	3.523173e-02	6.017238e-02
1.681294e+00	1.717424e+00	1.428088e-01	2.740670e-02	5.696468e-02
1.717423e+00	1.753552e+00	1.321675e-01	3.563877e-02	4.213300e-02
1.753553e+00	1.789682e+00	1.116401e-01	1.982950e-02	4.091536e-02
1.789682e+00	1.825811e+00	1.000352e-01	2.645163e-02	2.988810e-02
1.825812e+00	1.861940e+00	8.531545e-02	2.199690e-02	3.643688e-02
1.861940e+00	1.898069e+00	7.273426e-02	1.448045e-02	2.517094e-02
1.898069e+00	1.934198e+00	6.332592e-02	1.354665e-02	2.240394e-02
1.934198e+00	1.970328e+00	5.265292e-02	1.311921e-02	2.182524e-02
1.970329e+00	2.006458e+00	4.288264e-02	7.187273e-03	1.959935e-02
2.006458e+00	2.042587e+00	3.865175e-02	8.450663e-03	1.472615e-02
2.042585e+00	2.078714e+00	3.514996e-02	8.637969e-03	1.092225e-02
2.078715e+00	2.114844e+00	3.389227e-02	1.441114e-02	4.805309e-03
2.114845e+00	2.150974e+00	2.487462e-02	5.076149e-03	8.784431e-03
2.150972e+00	2.187101e+00	2.052603e-02	4.373730e-03	7.001852e-03
2.187102e+00	2.223231e+00	1.812512e-02	2.379739e-03	7.314235e-03
2.223231e+00	2.259361e+00	1.544515e-02	3.063432e-03	4.908921e-03
2.259362e+00	2.295491e+00	1.271235e-02	2.386886e-03	6.591112e-03
2.295489e+00	2.331618e+00	1.101680e-02	1.760348e-03	6.110208e-03
2.331619e+00	2.367748e+00	1.198939e-02	5.585557e-03	3.936173e-05
2.367749e+00	2.403878e+00	7.922209e-03	1.556190e-03	2.682809e-03
2.403876e+00	2.440005e+00	7.253887e-03	1.864439e-03	2.054245e-03
2.440006e+00	2.476135e+00	5.473249e-03	1.051214e-03	2.453251e-03
2.476135e+00	2.512265e+00	4.559053e-03	2.461611e-04	2.185776e-03
2.512266e+00	2.548395e+00	4.178261e-03	1.191868e-03	1.544972e-03
2.548393e+00	2.584522e+00	3.735373e-03	1.367859e-03	2.012076e-03
2.584523e+00	2.620652e+00	3.188588e-03	5.066548e-04	5.565225e-04
2.620653e+00	2.656782e+00	2.858394e-03	9.671140e-04	5.424451e-04
2.656780e+00	2.692909e+00	2.094999e-03	8.863340e-04	9.499651e-04
2.692910e+00	2.729039e+00	1.652145e-03	0.000000e+00	1.189198e-03
2.729040e+00	2.765169e+00	1.397680e-03	2.301796e-04	8.305569e-04
2.765168e+00	2.801298e+00	1.140591e-03	0.000000e+00	5.418898e-04
2.801297e+00	2.837426e+00	9.822337e-04	1.763129e-04	7.899449e-04
2.837427e+00	2.873556e+00	1.007558e-03	2.009397e-04	1.560929e-04
2.873557e+00	2.909686e+00	9.098317e-04	3.506247e-04	1.412270e-04
2.909686e+00	2.945815e+00	6.278499e-04	0.000000e+00	3.253492e-04
2.945813e+00	2.981942e+00	5.255180e-04	8.022641e-06	2.511517e-04
2.981943e+00	3.018072e+00	4.746038e-04	3.538833e-04	3.118691e-04
3.018072e+00	3.054202e+00	3.738544e-04	7.584805e-05	2.192029e-04
3.054203e+00	3.090332e+00	3.160273e-04	1.760746e-05	1.117806e-04
3.090330e+00	3.126459e+00	2.379037e-04	1.936849e-05	1.546803e-04
3.126460e+00	3.162589e+00	2.678919e-04	9.385344e-05	8.169684e-05
3.162590e+00	3.198719e+00	2.527851e-04	1.092543e-04	4.253943e-05
3.198717e+00	3.234846e+00	1.831070e-04	6.876238e-05	2.481383e-04
3.234847e+00	3.270976e+00	5.835614e-04	4.226123e-04	0.000000e+00
3.270977e+00	3.307106e+00	1.500350e-04	5.450411e-05	5.275416e-05
3.307105e+00	3.343235e+00	1.118887e-04	9.600637e-06	4.276236e-05
3.343234e+00	3.379363e+00	8.356968e-05	3.927427e-06	3.493606e-05
3.379364e+00	3.415493e+00	7.597592e-05	8.175759e-06	2.336807e-05
3.415494e+00	3.451623e+00	6.293086e-05	1.526729e-05	5.438058e-05
3.451621e+00	3.487750e+00	5.805981e-05	2.466719e-05	2.545263e-05
3.487751e+00	3.523880e+00	4.346829e-05	9.173600e-06	2.216615e-05
3.523881e+00	3.560010e+00	3.192172e-05	0.000000e+00	1.790564e-05
3.560009e+00	3.596139e+00	3.160246e-05	0.000000e+00	2.877861e-04
3.596138e+00	3.632267e+00	2.723638e-05	0.000000e+00	1.425959e-05
3.632268e+00	3.668397e+00	-5.881176e-07	0.000000e+00	4.858341e-05
3.668398e+00	3.704527e+00	2.310252e-05	9.675682e-06	1.248368e-05
3.704525e+00	3.740654e+00	1.916480e-05	2.375086e-06	5.218343e-06
3.740655e+00	3.776784e+00	1.194819e-05	8.458241e-06	2.878532e-06
3.776785e+00	3.812914e+00	6.519441e-06	0.000000e+00	1.188989e-05
# END HISTO1D


# BEGIN HISTO1D //homes/tinghua1/Merging-Project/Production/HJETS/ratio-plots/hjets-matched-errorband/H-N2-3-4-25gev-combine.yoda/MC_H2JETS_04_INC/log10_d_12
ErrorBandColor=blue
ErrorBandOpacity=0.3
ErrorBands=1
ErrorType=env
LineColor=blue
LineStyle=solid
Path=//homes/tinghua1/Merging-Project/Production/HJETS/ratio-plots/hjets-matched-errorband/H-N2-3-4-25gev-combine.yoda/MC_H2JETS_04_INC/log10_d_12
RatioPlotSameStyle=1
Title=h(2*,3,4)
# xlow	 xhigh	 val	 errminus	 errplus
2.000000e-01	2.361292e-01	1.430745e+00	1.096908e-01	1.309941e-02
2.361291e-01	2.722583e-01	1.558131e+00	1.048149e-01	0.000000e+00
2.722583e-01	3.083875e-01	1.640764e+00	6.799118e-02	0.000000e+00
3.083874e-01	3.445165e-01	1.724920e+00	7.114348e-02	0.000000e+00
3.445165e-01	3.806457e-01	1.783825e+00	6.630233e-02	0.000000e+00
3.806457e-01	4.167748e-01	1.826124e+00	6.467058e-02	0.000000e+00
4.167748e-01	4.529039e-01	1.854608e+00	7.120936e-02	0.000000e+00
4.529039e-01	4.890331e-01	1.861089e+00	6.550546e-02	0.000000e+00
4.890331e-01	5.251621e-01	1.880474e+00	6.376356e-02	0.000000e+00
5.251623e-01	5.612913e-01	1.914916e+00	6.983955e-02	0.000000e+00
5.612913e-01	5.974205e-01	1.917090e+00	5.197569e-02	0.000000e+00
5.974204e-01	6.335495e-01	1.929889e+00	3.465074e-02	0.000000e+00
6.335497e-01	6.696787e-01	1.929142e+00	3.366068e-02	0.000000e+00
6.696787e-01	7.058079e-01	1.917659e+00	8.169569e-03	1.879532e-02
7.058080e-01	7.419370e-01	1.901115e+00	5.934634e-02	3.955205e-02
7.419370e-01	7.780660e-01	1.864172e+00	7.535366e-02	7.883341e-02
7.780661e-01	8.141953e-01	1.818434e+00	8.662744e-02	8.835346e-02
8.141954e-01	8.503245e-01	1.759078e+00	1.126427e-01	1.176135e-01
8.503244e-01	8.864534e-01	1.687269e+00	1.133599e-01	1.379926e-01
8.864535e-01	9.225827e-01	1.612389e+00	1.196024e-01	1.567070e-01
9.225828e-01	9.587118e-01	1.520787e+00	1.177743e-01	1.842363e-01
9.587118e-01	9.948408e-01	1.432986e+00	1.353441e-01	1.820917e-01
9.948404e-01	1.030970e+00	1.347390e+00	1.475589e-01	1.772491e-01
1.030970e+00	1.067098e+00	1.236938e+00	1.363747e-01	1.894843e-01
1.067100e+00	1.103228e+00	1.129172e+00	1.280893e-01	1.942265e-01
1.103229e+00	1.139358e+00	1.045494e+00	1.378580e-01	1.977351e-01
1.139357e+00	1.175487e+00	9.565190e-01	1.410609e-01	1.719502e-01
1.175487e+00	1.211615e+00	8.599361e-01	1.185162e-01	1.788383e-01
1.211617e+00	1.247745e+00	7.794351e-01	1.175695e-01	1.594091e-01
1.247746e+00	1.283875e+00	7.020244e-01	1.221689e-01	1.557322e-01
1.283874e+00	1.320002e+00	6.288591e-01	1.022317e-01	1.455673e-01
1.320002e+00	1.356131e+00	5.558194e-01	9.454898e-02	1.351681e-01
1.356132e+00	1.392261e+00	5.014293e-01	9.195383e-02	1.184763e-01
1.392261e+00	1.428391e+00	4.380208e-01	7.597398e-02	1.168597e-01
1.428391e+00	1.464519e+00	3.862496e-01	6.907028e-02	1.050060e-01
1.464519e+00	1.500648e+00	3.400194e-01	5.232279e-02	9.934955e-02
1.500649e+00	1.536778e+00	2.993523e-01	5.646879e-02	9.115281e-02
1.536778e+00	1.572906e+00	2.634827e-01	5.323131e-02	7.669000e-02
1.572906e+00	1.609035e+00	2.296428e-01	4.808489e-02	6.864441e-02
1.609036e+00	1.645165e+00	1.966330e-01	3.656960e-02	6.618323e-02
1.645165e+00	1.681293e+00	1.763475e-01	3.843226e-02	5.389078e-02
1.681294e+00	1.717424e+00	1.510218e-01	2.982762e-02	5.102217e-02
1.717423e+00	1.753552e+00	1.328359e-01	3.008835e-02	4.326347e-02
1.753553e+00	1.789682e+00	1.145064e-01	2.360215e-02	3.775931e-02
1.789682e+00	1.825811e+00	9.862999e-02	2.101149e-02	3.413612e-02
1.825812e+00	1.861940e+00	8.638617e-02	1.883116e-02	2.823399e-02
1.861940e+00	1.898069e+00	7.262033e-02	1.525727e-02	2.670890e-02
1.898069e+00	1.934198e+00	6.283357e-02	1.358775e-02	2.263675e-02
1.934198e+00	1.970328e+00	5.432793e-02	1.122948e-02	1.929571e-02
1.970329e+00	2.006458e+00	4.685560e-02	1.083235e-02	1.641842e-02
2.006458e+00	2.042587e+00	3.952542e-02	8.139915e-03	1.520657e-02
2.042585e+00	2.078714e+00	3.436065e-02	7.747746e-03	1.168159e-02
2.078715e+00	2.114844e+00	2.993692e-02	6.224515e-03	9.653575e-03
2.114845e+00	2.150974e+00	2.480981e-02	5.839005e-03	9.287647e-03
2.150972e+00	2.187101e+00	2.126223e-02	4.569396e-03	7.983415e-03
2.187102e+00	2.223231e+00	1.779083e-02	3.302455e-03	7.258266e-03
2.223231e+00	2.259361e+00	1.528059e-02	3.047091e-03	6.024702e-03
2.259362e+00	2.295491e+00	1.340700e-02	3.243212e-03	4.575850e-03
2.295489e+00	2.331618e+00	1.116762e-02	2.372720e-03	4.321595e-03
2.331619e+00	2.367748e+00	9.402367e-03	2.163461e-03	3.530327e-03
2.367749e+00	2.403878e+00	8.112973e-03	1.864596e-03	2.810656e-03
2.403876e+00	2.440005e+00	6.681602e-03	1.145742e-03	2.659808e-03
2.440006e+00	2.476135e+00	5.795890e-03	1.305049e-03	2.134128e-03
2.476135e+00	2.512265e+00	4.824113e-03	9.601937e-04	1.630662e-03
2.512266e+00	2.548395e+00	4.320427e-03	1.207731e-03	1.207506e-03
2.548393e+00	2.584522e+00	3.600376e-03	1.058350e-03	1.128216e-03
2.584523e+00	2.620652e+00	2.927128e-03	3.897512e-04	1.280082e-03
2.620653e+00	2.656782e+00	2.468939e-03	5.600219e-04	1.181204e-03
2.656780e+00	2.692909e+00	2.243576e-03	7.163251e-04	7.257173e-04
2.692910e+00	2.729039e+00	1.691226e-03	3.837383e-04	7.802765e-04
2.729040e+00	2.765169e+00	1.617216e-03	3.996828e-04	4.687666e-04
2.765168e+00	2.801298e+00	1.272451e-03	1.514838e-04	5.882530e-04
2.801297e+00	2.837426e+00	1.134538e-03	2.528276e-04	4.422865e-04
2.837427e+00	2.873556e+00	9.304916e-04	2.210986e-04	3.431551e-04
2.873557e+00	2.909686e+00	7.407163e-04	1.947646e-04	3.647862e-04
2.909686e+00	2.945815e+00	6.925769e-04	1.748169e-04	3.021387e-04
2.945813e+00	2.981942e+00	5.053409e-04	0.000000e+00	2.212306e-04
2.981943e+00	3.018072e+00	4.679006e-04	9.403139e-05	2.123325e-04
3.018072e+00	3.054202e+00	3.844736e-04	8.862192e-05	1.470426e-04
3.054203e+00	3.090332e+00	3.246746e-04	4.682997e-05	1.497276e-04
3.090330e+00	3.126459e+00	2.728267e-04	1.210801e-04	1.602642e-04
3.126460e+00	3.162589e+00	2.504122e-04	7.994888e-05	6.489299e-05
3.162590e+00	3.198719e+00	2.299143e-04	9.133707e-05	7.552426e-05
3.198717e+00	3.234846e+00	1.790936e-04	1.918893e-05	5.534535e-05
3.234847e+00	3.270976e+00	1.624790e-04	5.068989e-05	6.081561e-05
3.270977e+00	3.307106e+00	1.314032e-04	3.513812e-05	4.308713e-05
3.307105e+00	3.343235e+00	8.531232e-05	0.000000e+00	7.869211e-05
3.343234e+00	3.379363e+00	6.932680e-05	0.000000e+00	5.772302e-05
3.379364e+00	3.415493e+00	7.517020e-05	3.514407e-06	4.473229e-05
3.415494e+00	3.451623e+00	5.867743e-05	3.017410e-06	3.050558e-05
3.451621e+00	3.487750e+00	6.575039e-05	3.004298e-05	3.277744e-05
3.487751e+00	3.523880e+00	2.289393e-05	0.000000e+00	5.258399e-05
3.523881e+00	3.560010e+00	3.313848e-05	1.753937e-06	1.122395e-06
3.560009e+00	3.596139e+00	3.991353e-05	1.463411e-05	3.535898e-06
3.596138e+00	3.632267e+00	2.915107e-05	9.970115e-06	9.680118e-06
3.632268e+00	3.668397e+00	2.849556e-05	4.956218e-06	1.534418e-06
3.668398e+00	3.704527e+00	2.108154e-05	6.376252e-06	7.231534e-06
3.704525e+00	3.740654e+00	2.204267e-05	1.281512e-05	3.887074e-06
3.740655e+00	3.776784e+00	1.378702e-05	1.488228e-06	1.869365e-06
3.776785e+00	3.812914e+00	2.259190e-05	1.455083e-05	0.000000e+00
# END HISTO1D


# BEGIN HISTO1D //homes/tinghua1/Merging-Project/Production/HJETS/ratio-plots/hjets-matched-errorband/H-2-3-4-25gev-combine.yoda/MC_H2JETS_04_INC/log10_d_12
ErrorBandColor=yellow
ErrorBandOpacity=0.3
ErrorBands=1
ErrorType=env
LineColor=yellow
LineStyle=solid
Path=//homes/tinghua1/Merging-Project/Production/HJETS/ratio-plots/hjets-matched-errorband/H-2-3-4-25gev-combine.yoda/MC_H2JETS_04_INC/log10_d_12
RatioPlotSameStyle=1
Title=h(2,3,4)
# xlow	 xhigh	 val	 errminus	 errplus
2.000000e-01	2.361292e-01	1.353721e+00	1.064009e-01	0.000000e+00
2.361291e-01	2.722583e-01	1.464693e+00	9.708601e-02	0.000000e+00
2.722583e-01	3.083875e-01	1.542327e+00	7.841269e-02	0.000000e+00
3.083874e-01	3.445165e-01	1.618079e+00	8.344548e-02	0.000000e+00
3.445165e-01	3.806457e-01	1.674115e+00	7.557737e-02	0.000000e+00
3.806457e-01	4.167748e-01	1.703528e+00	6.232483e-02	0.000000e+00
4.167748e-01	4.529039e-01	1.730160e+00	6.724026e-02	0.000000e+00
4.529039e-01	4.890331e-01	1.739262e+00	6.531974e-02	0.000000e+00
4.890331e-01	5.251621e-01	1.757851e+00	6.407550e-02	0.000000e+00
5.251623e-01	5.612913e-01	1.787781e+00	7.212607e-02	0.000000e+00
5.612913e-01	5.974205e-01	1.803706e+00	6.278772e-02	0.000000e+00
5.974204e-01	6.335495e-01	1.804893e+00	4.401826e-02	0.000000e+00
6.335497e-01	6.696787e-01	1.803600e+00	3.758854e-02	0.000000e+00
6.696787e-01	7.058079e-01	1.801674e+00	5.628079e-02	4.096410e-03
7.058080e-01	7.419370e-01	1.782289e+00	6.736094e-02	2.392642e-02
7.419370e-01	7.780660e-01	1.745336e+00	7.400406e-02	6.116122e-02
7.780661e-01	8.141953e-01	1.709411e+00	9.321269e-02	7.848250e-02
8.141954e-01	8.503245e-01	1.648282e+00	9.756789e-02	1.066154e-01
8.503244e-01	8.864534e-01	1.588733e+00	1.178767e-01	1.209546e-01
8.864535e-01	9.225827e-01	1.511049e+00	1.244005e-01	1.368361e-01
9.225828e-01	9.587118e-01	1.431084e+00	1.297721e-01	1.471877e-01
9.587118e-01	9.948408e-01	1.337026e+00	1.292606e-01	1.650855e-01
9.948404e-01	1.030970e+00	1.247894e+00	1.309861e-01	1.718197e-01
1.030970e+00	1.067098e+00	1.157485e+00	1.338119e-01	1.681209e-01
1.067100e+00	1.103228e+00	1.064449e+00	1.335279e-01	1.729984e-01
1.103229e+00	1.139358e+00	9.755936e-01	1.288987e-01	1.713349e-01
1.139357e+00	1.175487e+00	8.885480e-01	1.254647e-01	1.632818e-01
1.175487e+00	1.211615e+00	7.997943e-01	1.159022e-01	1.624991e-01
1.211617e+00	1.247745e+00	7.195408e-01	1.075189e-01	1.611083e-01
1.247746e+00	1.283875e+00	6.478225e-01	1.044214e-01	1.459924e-01
1.283874e+00	1.320002e+00	5.801539e-01	9.351131e-02	1.395760e-01
1.320002e+00	1.356131e+00	5.182405e-01	9.138864e-02	1.234299e-01
1.356132e+00	1.392261e+00	4.566686e-01	7.772233e-02	1.172244e-01
1.392261e+00	1.428391e+00	4.048292e-01	7.355909e-02	1.092214e-01
1.428391e+00	1.464519e+00	3.587664e-01	6.806554e-02	9.692380e-02
1.464519e+00	1.500648e+00	3.163063e-01	6.216460e-02	8.696089e-02
1.500649e+00	1.536778e+00	2.757233e-01	5.470373e-02	8.088082e-02
1.536778e+00	1.572906e+00	2.399904e-01	4.690362e-02	7.375258e-02
1.572906e+00	1.609035e+00	2.114979e-01	4.333422e-02	6.430621e-02
1.609036e+00	1.645165e+00	1.839987e-01	3.871649e-02	5.704290e-02
1.645165e+00	1.681293e+00	1.604542e-01	3.354912e-02	5.129118e-02
1.681294e+00	1.717424e+00	1.397817e-01	3.032557e-02	4.588932e-02
1.717423e+00	1.753552e+00	1.204148e-01	2.697119e-02	4.086615e-02
1.753553e+00	1.789682e+00	1.048562e-01	2.364364e-02	3.716942e-02
1.789682e+00	1.825811e+00	9.102724e-02	2.091550e-02	3.038637e-02
1.825812e+00	1.861940e+00	7.815046e-02	1.715162e-02	2.630366e-02
1.861940e+00	1.898069e+00	6.703659e-02	1.483141e-02	2.313701e-02
1.898069e+00	1.934198e+00	5.755648e-02	1.302051e-02	2.005112e-02
1.934198e+00	1.970328e+00	4.843092e-02	9.449156e-03	1.869535e-02
1.970329e+00	2.006458e+00	4.191683e-02	9.476625e-03	1.608146e-02
2.006458e+00	2.042587e+00	3.666830e-02	8.852944e-03	1.336107e-02
2.042585e+00	2.078714e+00	3.122248e-02	7.168311e-03	1.078524e-02
2.078715e+00	2.114844e+00	2.562065e-02	5.457450e-03	1.060753e-02
2.114845e+00	2.150974e+00	2.252743e-02	5.172593e-03	8.345523e-03
2.150972e+00	2.187101e+00	1.945321e-02	4.729027e-03	6.911780e-03
2.187102e+00	2.223231e+00	1.643839e-02	3.640771e-03	5.856450e-03
2.223231e+00	2.259361e+00	1.389751e-02	3.047913e-03	5.594672e-03
2.259362e+00	2.295491e+00	1.177751e-02	2.635835e-03	4.705096e-03
2.295489e+00	2.331618e+00	9.955020e-03	2.341975e-03	3.988508e-03
2.331619e+00	2.367748e+00	8.471538e-03	1.980495e-03	3.298699e-03
2.367749e+00	2.403878e+00	7.282178e-03	1.746699e-03	2.875067e-03
2.403876e+00	2.440005e+00	6.184669e-03	1.522085e-03	2.311830e-03
2.440006e+00	2.476135e+00	5.181812e-03	1.159443e-03	2.139882e-03
2.476135e+00	2.512265e+00	4.436745e-03	9.865126e-04	1.699430e-03
2.512266e+00	2.548395e+00	3.861250e-03	1.011797e-03	1.333292e-03
2.548393e+00	2.584522e+00	3.286180e-03	8.499787e-04	9.597276e-04
2.584523e+00	2.620652e+00	2.713390e-03	6.728708e-04	1.163521e-03
2.620653e+00	2.656782e+00	2.310869e-03	6.855955e-04	7.936680e-04
2.656780e+00	2.692909e+00	1.921083e-03	3.565596e-04	8.213183e-04
2.692910e+00	2.729039e+00	1.618101e-03	4.089139e-04	6.947311e-04
2.729040e+00	2.765169e+00	1.398570e-03	3.931205e-04	5.517997e-04
2.765168e+00	2.801298e+00	1.176594e-03	2.419148e-04	4.292732e-04
2.801297e+00	2.837426e+00	9.452315e-04	2.136547e-04	4.232359e-04
2.837427e+00	2.873556e+00	8.670185e-04	1.720097e-04	2.766556e-04
2.873557e+00	2.909686e+00	7.289623e-04	1.838041e-04	2.711033e-04
2.909686e+00	2.945815e+00	5.689665e-04	1.171751e-04	2.697819e-04
2.945813e+00	2.981942e+00	4.996061e-04	9.566941e-05	2.033746e-04
2.981943e+00	3.018072e+00	4.158421e-04	6.088627e-05	2.194356e-04
3.018072e+00	3.054202e+00	3.698990e-04	7.750540e-05	1.342945e-04
3.054203e+00	3.090332e+00	3.030898e-04	6.855183e-05	1.339647e-04
3.090330e+00	3.126459e+00	2.673767e-04	6.915965e-05	1.081663e-04
3.126460e+00	3.162589e+00	2.098157e-04	5.517593e-05	9.466329e-05
3.162590e+00	3.198719e+00	1.979396e-04	4.354225e-05	5.662111e-05
3.198717e+00	3.234846e+00	1.580817e-04	4.547314e-05	5.531858e-05
3.234847e+00	3.270976e+00	1.259935e-04	2.089449e-05	3.030640e-05
3.270977e+00	3.307106e+00	1.170213e-04	2.498597e-05	5.589111e-05
3.307105e+00	3.343235e+00	1.006805e-04	3.707279e-05	4.166084e-05
3.343234e+00	3.379363e+00	8.099435e-05	2.671463e-05	3.583457e-05
3.379364e+00	3.415493e+00	6.590044e-05	1.705494e-05	2.166318e-05
3.415494e+00	3.451623e+00	5.758084e-05	1.704121e-05	2.563121e-05
3.451621e+00	3.487750e+00	4.411841e-05	1.007872e-05	2.840087e-05
3.487751e+00	3.523880e+00	4.553627e-05	1.444900e-05	1.573420e-05
3.523881e+00	3.560010e+00	3.402616e-05	8.473658e-06	2.435370e-05
3.560009e+00	3.596139e+00	3.362707e-05	1.452348e-05	4.601827e-06
3.596138e+00	3.632267e+00	2.048662e-05	0.000000e+00	1.524340e-05
3.632268e+00	3.668397e+00	2.369860e-05	1.515612e-05	4.605170e-06
3.668398e+00	3.704527e+00	1.303940e-05	0.000000e+00	1.069775e-05
3.704525e+00	3.740654e+00	1.682986e-05	8.136201e-06	3.726685e-06
3.740655e+00	3.776784e+00	1.368097e-05	5.241814e-06	3.897221e-06
3.776785e+00	3.812914e+00	1.074486e-05	8.972043e-06	0.000000e+00
# END HISTO1D


# BEGIN HISTO1D //homes/tinghua1/Merging-Project/Production/HJETS/ratio-plots/hjets-matched-errorband/H-N2-3-25gev-combine.yoda/MC_H2JETS_04_INC/log10_d_12
ErrorBandColor=green
ErrorBandOpacity=0.3
ErrorBands=1
ErrorType=env
LineColor=green
LineStyle=solid
Path=//homes/tinghua1/Merging-Project/Production/HJETS/ratio-plots/hjets-matched-errorband/H-N2-3-25gev-combine.yoda/MC_H2JETS_04_INC/log10_d_12
RatioPlotSameStyle=1
Title=h(2*,3)
# xlow	 xhigh	 val	 errminus	 errplus
2.000000e-01	2.361292e-01	1.444285e+00	1.069952e-01	0.000000e+00
2.361291e-01	2.722583e-01	1.555834e+00	9.179971e-02	0.000000e+00
2.722583e-01	3.083875e-01	1.651281e+00	8.286284e-02	0.000000e+00
3.083874e-01	3.445165e-01	1.731789e+00	7.920015e-02	0.000000e+00
3.445165e-01	3.806457e-01	1.784387e+00	6.134816e-02	0.000000e+00
3.806457e-01	4.167748e-01	1.827623e+00	6.716995e-02	0.000000e+00
4.167748e-01	4.529039e-01	1.852804e+00	6.533321e-02	0.000000e+00
4.529039e-01	4.890331e-01	1.863133e+00	6.116161e-02	0.000000e+00
4.890331e-01	5.251621e-01	1.880766e+00	4.896275e-02	0.000000e+00
5.251623e-01	5.612913e-01	1.906769e+00	6.193373e-02	0.000000e+00
5.612913e-01	5.974205e-01	1.923254e+00	4.776884e-02	0.000000e+00
5.974204e-01	6.335495e-01	1.941344e+00	4.295955e-02	0.000000e+00
6.335497e-01	6.696787e-01	1.933869e+00	3.093019e-02	0.000000e+00
6.696787e-01	7.058079e-01	1.924725e+00	4.369873e-02	1.213174e-02
7.058080e-01	7.419370e-01	1.899836e+00	5.782181e-02	4.241650e-02
7.419370e-01	7.780660e-01	1.871481e+00	8.173411e-02	6.116621e-02
7.780661e-01	8.141953e-01	1.828851e+00	9.533258e-02	8.059271e-02
8.141954e-01	8.503245e-01	1.761069e+00	9.982590e-02	1.250673e-01
8.503244e-01	8.864534e-01	1.689189e+00	1.101962e-01	1.366018e-01
8.864535e-01	9.225827e-01	1.608795e+00	1.266186e-01	1.600415e-01
9.225828e-01	9.587118e-01	1.531697e+00	1.380629e-01	1.635872e-01
9.587118e-01	9.948408e-01	1.429116e+00	1.339809e-01	1.906759e-01
9.948404e-01	1.030970e+00	1.335809e+00	1.490945e-01	1.837724e-01
1.030970e+00	1.067098e+00	1.237996e+00	1.236760e-01	1.938432e-01
1.067100e+00	1.103228e+00	1.143586e+00	1.386601e-01	1.846345e-01
1.103229e+00	1.139358e+00	1.041721e+00	1.322702e-01	1.853010e-01
1.139357e+00	1.175487e+00	9.503853e-01	1.297005e-01	1.793435e-01
1.175487e+00	1.211615e+00	9.261770e-01	1.857195e-01	1.117125e-01
1.211617e+00	1.247745e+00	7.820820e-01	1.213784e-01	1.577068e-01
1.247746e+00	1.283875e+00	7.011251e-01	1.126339e-01	1.512599e-01
1.283874e+00	1.320002e+00	6.107448e-01	8.416397e-02	1.627418e-01
1.320002e+00	1.356131e+00	5.581176e-01	9.295580e-02	1.357508e-01
1.356132e+00	1.392261e+00	4.980445e-01	8.672202e-02	1.232240e-01
1.392261e+00	1.428391e+00	4.399217e-01	7.957099e-02	1.169773e-01
1.428391e+00	1.464519e+00	3.961552e-01	7.769410e-02	9.766559e-02
1.464519e+00	1.500648e+00	3.424349e-01	6.229068e-02	9.900717e-02
1.500649e+00	1.536778e+00	3.005970e-01	5.705455e-02	9.344432e-02
1.536778e+00	1.572906e+00	2.633189e-01	5.123394e-02	7.821974e-02
1.572906e+00	1.609035e+00	2.295362e-01	4.293681e-02	7.023685e-02
1.609036e+00	1.645165e+00	2.020060e-01	4.299206e-02	6.370627e-02
1.645165e+00	1.681293e+00	1.751160e-01	3.561222e-02	5.513571e-02
1.681294e+00	1.717424e+00	1.520346e-01	3.195084e-02	4.872043e-02
1.717423e+00	1.753552e+00	1.315425e-01	2.606203e-02	4.513020e-02
1.753553e+00	1.789682e+00	1.142023e-01	2.604321e-02	3.802574e-02
1.789682e+00	1.825811e+00	9.999488e-02	2.159977e-02	3.300783e-02
1.825812e+00	1.861940e+00	8.555479e-02	1.739810e-02	2.945592e-02
1.861940e+00	1.898069e+00	7.484605e-02	1.673138e-02	2.448022e-02
1.898069e+00	1.934198e+00	6.326488e-02	1.302989e-02	2.213408e-02
1.934198e+00	1.970328e+00	5.558215e-02	1.291647e-02	1.864215e-02
1.970329e+00	2.006458e+00	4.633336e-02	1.033710e-02	1.715384e-02
2.006458e+00	2.042587e+00	4.001337e-02	9.087381e-03	1.393199e-02
2.042585e+00	2.078714e+00	3.420825e-02	6.256027e-03	1.300473e-02
2.078715e+00	2.114844e+00	2.940319e-02	6.927579e-03	1.048069e-02
2.114845e+00	2.150974e+00	2.531541e-02	6.184162e-03	8.749141e-03
2.150972e+00	2.187101e+00	2.119131e-02	4.670796e-03	8.319079e-03
2.187102e+00	2.223231e+00	1.831984e-02	4.704927e-03	6.675471e-03
2.223231e+00	2.259361e+00	1.560156e-02	4.169651e-03	5.577739e-03
2.259362e+00	2.295491e+00	1.338931e-02	3.220958e-03	4.779637e-03
2.295489e+00	2.331618e+00	1.146008e-02	2.854145e-03	3.711351e-03
2.331619e+00	2.367748e+00	9.923892e-03	2.733391e-03	2.947408e-03
2.367749e+00	2.403878e+00	8.159174e-03	2.192887e-03	2.775353e-02
2.403876e+00	2.440005e+00	6.574624e-03	1.312087e-03	2.746661e-03
2.440006e+00	2.476135e+00	5.813147e-03	1.216563e-03	2.101237e-03
2.476135e+00	2.512265e+00	5.314066e-03	1.291686e-03	1.751976e-03
2.512266e+00	2.548395e+00	4.305389e-03	1.266930e-03	1.475485e-03
2.548393e+00	2.584522e+00	3.619192e-03	8.536696e-04	1.006632e-03
2.584523e+00	2.620652e+00	3.061906e-03	6.468350e-04	9.648593e-04
2.620653e+00	2.656782e+00	2.566110e-03	6.423051e-04	9.048880e-04
2.656780e+00	2.692909e+00	2.276545e-03	7.281835e-04	6.971823e-04
2.692910e+00	2.729039e+00	1.810858e-03	3.414816e-04	7.189208e-04
2.729040e+00	2.765169e+00	1.390706e-03	2.198143e-04	7.201575e-04
2.765168e+00	2.801298e+00	1.382053e-03	4.113451e-04	3.525918e-04
2.801297e+00	2.837426e+00	1.071966e-03	2.140757e-04	4.393310e-04
2.837427e+00	2.873556e+00	8.991594e-04	1.764605e-04	3.661206e-04
2.873557e+00	2.909686e+00	8.290063e-04	0.000000e+00	2.743979e-04
2.909686e+00	2.945815e+00	6.672108e-04	3.040195e-04	2.285375e-04
2.945813e+00	2.981942e+00	6.035033e-04	1.866575e-04	1.706792e-04
2.981943e+00	3.018072e+00	4.637424e-04	9.808658e-05	2.034155e-04
3.018072e+00	3.054202e+00	4.341661e-04	8.043371e-05	1.073629e-04
3.054203e+00	3.090332e+00	3.599626e-04	9.809375e-05	1.576124e-04
3.090330e+00	3.126459e+00	2.488436e-04	1.528152e-05	2.061228e-04
3.126460e+00	3.162589e+00	2.558569e-04	8.214556e-05	7.364987e-05
3.162590e+00	3.198719e+00	1.885772e-04	2.086670e-05	9.390415e-05
3.198717e+00	3.234846e+00	1.863725e-04	5.913081e-05	4.873620e-05
3.234847e+00	3.270976e+00	1.887518e-04	4.056140e-05	4.096025e-05
3.270977e+00	3.307106e+00	1.297281e-04	5.590645e-05	8.590766e-05
3.307105e+00	3.343235e+00	8.130047e-05	1.404207e-06	4.660017e-05
3.343234e+00	3.379363e+00	9.376028e-05	2.740801e-05	3.575900e-05
3.379364e+00	3.415493e+00	7.438423e-05	1.003867e-05	7.333029e-05
3.415494e+00	3.451623e+00	8.269772e-05	3.704924e-05	4.395804e-06
3.451621e+00	3.487750e+00	5.130934e-05	6.472252e-06	3.051341e-05
3.487751e+00	3.523880e+00	4.134568e-05	1.294273e-05	1.251524e-05
3.523881e+00	3.560010e+00	3.368053e-05	1.374049e-06	1.325874e-05
3.560009e+00	3.596139e+00	5.015956e-05	2.611205e-05	0.000000e+00
3.596138e+00	3.632267e+00	2.903247e-05	2.859249e-06	1.266949e-05
3.632268e+00	3.668397e+00	1.891100e-05	3.858551e-06	1.702204e-05
3.668398e+00	3.704527e+00	2.262449e-05	2.272169e-06	2.263971e-06
3.704525e+00	3.740654e+00	1.606724e-05	0.000000e+00	2.213842e-05
3.740655e+00	3.776784e+00	1.443169e-05	0.000000e+00	1.209625e-05
3.776785e+00	3.812914e+00	1.264494e-05	0.000000e+00	1.553038e-06
# END HISTO1D


# BEGIN HISTO1D //homes/tinghua1/Merging-Project/Production/HJETS/ratio-plots/hjets-matched-errorband/H-2-3-25gev-combine.yoda/MC_H2JETS_04_INC/log10_d_12
ErrorBandColor=purple
ErrorBandOpacity=0.3
ErrorBands=1
ErrorType=env
LineColor=purple
LineStyle=solid
Path=//homes/tinghua1/Merging-Project/Production/HJETS/ratio-plots/hjets-matched-errorband/H-2-3-25gev-combine.yoda/MC_H2JETS_04_INC/log10_d_12
RatioPlotSameStyle=1
Title=h(2,3)
# xlow	 xhigh	 val	 errminus	 errplus
2.000000e-01	2.361292e-01	1.352910e+00	1.023535e-01	6.904130e-03
2.361291e-01	2.722583e-01	1.433894e+00	6.709891e-02	2.303566e-02
2.722583e-01	3.083875e-01	1.501926e+00	3.494358e-02	4.892483e-02
3.083874e-01	3.445165e-01	1.560582e+00	1.264189e-02	6.341730e-02
3.445165e-01	3.806457e-01	1.609101e+00	6.805299e-03	6.406369e-02
3.806457e-01	4.167748e-01	1.643491e+00	0.000000e+00	6.986335e-02
4.167748e-01	4.529039e-01	1.671108e+00	0.000000e+00	6.381615e-02
4.529039e-01	4.890331e-01	1.677982e+00	0.000000e+00	6.795999e-02
4.890331e-01	5.251621e-01	1.695161e+00	0.000000e+00	6.719154e-02
5.251623e-01	5.612913e-01	1.721743e+00	0.000000e+00	6.491803e-02
5.612913e-01	5.974205e-01	1.742494e+00	0.000000e+00	5.565249e-02
5.974204e-01	6.335495e-01	1.767907e+00	0.000000e+00	4.133870e-02
6.335497e-01	6.696787e-01	1.790740e+00	3.042810e-02	1.968469e-02
6.696787e-01	7.058079e-01	1.805079e+00	5.470893e-02	0.000000e+00
7.058080e-01	7.419370e-01	1.808900e+00	8.952396e-02	0.000000e+00
7.419370e-01	7.780660e-01	1.803745e+00	1.275011e-01	0.000000e+00
7.780661e-01	8.141953e-01	1.784388e+00	1.659195e-01	0.000000e+00
8.141954e-01	8.503245e-01	1.754726e+00	2.047269e-01	0.000000e+00
8.503244e-01	8.864534e-01	1.706019e+00	2.318356e-01	0.000000e+00
8.864535e-01	9.225827e-01	1.649498e+00	2.605615e-01	0.000000e+00
9.225828e-01	9.587118e-01	1.578630e+00	2.761605e-01	0.000000e+00
9.587118e-01	9.948408e-01	1.502833e+00	2.943893e-01	0.000000e+00
9.948404e-01	1.030970e+00	1.420212e+00	3.052960e-01	0.000000e+00
1.030970e+00	1.067098e+00	1.331170e+00	3.054377e-01	0.000000e+00
1.067100e+00	1.103228e+00	1.241185e+00	3.071859e-01	0.000000e+00
1.103229e+00	1.139358e+00	1.148648e+00	3.018019e-01	0.000000e+00
1.139357e+00	1.175487e+00	1.055016e+00	2.907246e-01	0.000000e+00
1.175487e+00	1.211615e+00	9.626278e-01	2.750497e-01	0.000000e+00
1.211617e+00	1.247745e+00	8.789430e-01	2.667118e-01	0.000000e+00
1.247746e+00	1.283875e+00	7.946962e-01	2.475895e-01	0.000000e+00
1.283874e+00	1.320002e+00	7.168228e-01	2.313504e-01	0.000000e+00
1.320002e+00	1.356131e+00	6.453982e-01	2.165648e-01	0.000000e+00
1.356132e+00	1.392261e+00	5.767276e-01	1.990094e-01	0.000000e+00
1.392261e+00	1.428391e+00	5.134221e-01	1.819222e-01	0.000000e+00
1.428391e+00	1.464519e+00	4.569390e-01	1.658698e-01	0.000000e+00
1.464519e+00	1.500648e+00	4.044250e-01	1.484964e-01	0.000000e+00
1.500649e+00	1.536778e+00	3.572507e-01	1.348306e-01	0.000000e+00
1.536778e+00	1.572906e+00	3.145639e-01	1.208436e-01	0.000000e+00
1.572906e+00	1.609035e+00	2.759346e-01	1.073023e-01	0.000000e+00
1.609036e+00	1.645165e+00	2.427823e-01	9.330975e-02	0.000000e+00
1.645165e+00	1.681293e+00	2.121518e-01	8.515204e-02	0.000000e+00
1.681294e+00	1.717424e+00	1.853367e-01	7.467465e-02	0.000000e+00
1.717423e+00	1.753552e+00	1.600625e-01	6.534565e-02	0.000000e+00
1.753553e+00	1.789682e+00	1.398298e-01	5.814692e-02	0.000000e+00
1.789682e+00	1.825811e+00	1.212842e-01	5.068020e-02	0.000000e+00
1.825812e+00	1.861940e+00	1.050159e-01	4.437928e-02	0.000000e+00
1.861940e+00	1.898069e+00	9.060826e-02	3.879891e-02	0.000000e+00
1.898069e+00	1.934198e+00	7.841227e-02	3.370818e-02	0.000000e+00
1.934198e+00	1.970328e+00	6.741536e-02	2.932804e-02	0.000000e+00
1.970329e+00	2.006458e+00	5.805934e-02	2.541479e-02	0.000000e+00
2.006458e+00	2.042587e+00	4.973719e-02	2.183133e-02	0.000000e+00
2.042585e+00	2.078714e+00	4.282457e-02	1.898899e-02	0.000000e+00
2.078715e+00	2.114844e+00	3.669922e-02	1.636065e-02	0.000000e+00
2.114845e+00	2.150974e+00	3.121700e-02	1.389619e-02	0.000000e+00
2.150972e+00	2.187101e+00	2.630660e-02	1.151880e-02	0.000000e+00
2.187102e+00	2.223231e+00	2.257438e-02	1.014743e-02	0.000000e+00
2.223231e+00	2.259361e+00	1.930763e-02	8.653919e-03	0.000000e+00
2.259362e+00	2.295491e+00	1.625922e-02	7.219262e-03	0.000000e+00
2.295489e+00	2.331618e+00	1.394825e-02	6.281771e-03	0.000000e+00
2.331619e+00	2.367748e+00	1.188033e-02	5.378297e-03	0.000000e+00
2.367749e+00	2.403878e+00	9.996266e-03	4.446713e-03	0.000000e+00
2.403876e+00	2.440005e+00	8.469612e-03	3.883346e-03	0.000000e+00
2.440006e+00	2.476135e+00	7.164494e-03	3.163259e-03	0.000000e+00
2.476135e+00	2.512265e+00	6.171229e-03	2.900769e-03	0.000000e+00
2.512266e+00	2.548395e+00	5.170711e-03	2.400042e-03	0.000000e+00
2.548393e+00	2.584522e+00	4.172582e-03	1.631714e-03	0.000000e+00
2.584523e+00	2.620652e+00	3.791104e-03	1.676594e-03	0.000000e+00
2.620653e+00	2.656782e+00	3.138733e-03	1.410913e-03	0.000000e+00
2.656780e+00	2.692909e+00	2.672695e-03	1.227470e-03	0.000000e+00
2.692910e+00	2.729039e+00	2.294962e-03	1.037254e-03	0.000000e+00
2.729040e+00	2.765169e+00	1.903125e-03	7.899231e-04	0.000000e+00
2.765168e+00	2.801298e+00	1.658649e-03	8.157205e-04	0.000000e+00
2.801297e+00	2.837426e+00	1.418310e-03	6.779944e-04	0.000000e+00
2.837427e+00	2.873556e+00	1.179356e-03	5.314988e-04	0.000000e+00
2.873557e+00	2.909686e+00	9.786642e-04	4.176144e-04	0.000000e+00
2.909686e+00	2.945815e+00	8.435188e-04	3.794057e-04	0.000000e+00
2.945813e+00	2.981942e+00	6.969681e-04	2.724786e-04	0.000000e+00
2.981943e+00	3.018072e+00	6.459193e-04	3.098527e-04	0.000000e+00
3.018072e+00	3.054202e+00	4.581564e-04	1.664932e-04	0.000000e+00
3.054203e+00	3.090332e+00	4.139553e-04	1.799474e-04	0.000000e+00
3.090330e+00	3.126459e+00	3.678037e-04	1.445350e-04	0.000000e+00
3.126460e+00	3.162589e+00	3.156669e-04	1.655532e-04	0.000000e+00
3.162590e+00	3.198719e+00	2.576662e-04	1.215862e-04	0.000000e+00
3.198717e+00	3.234846e+00	2.239701e-04	9.980509e-05	0.000000e+00
3.234847e+00	3.270976e+00	1.862646e-04	7.090409e-05	0.000000e+00
3.270977e+00	3.307106e+00	1.500991e-04	7.277284e-05	0.000000e+00
3.307105e+00	3.343235e+00	1.452473e-04	7.682228e-05	0.000000e+00
3.343234e+00	3.379363e+00	1.149112e-04	4.983454e-05	0.000000e+00
3.379364e+00	3.415493e+00	9.887010e-05	4.641809e-05	0.000000e+00
3.415494e+00	3.451623e+00	8.506701e-05	3.350843e-05	0.000000e+00
3.451621e+00	3.487750e+00	7.119807e-05	3.457411e-05	0.000000e+00
3.487751e+00	3.523880e+00	5.140198e-05	2.626770e-05	0.000000e+00
3.523881e+00	3.560010e+00	5.237604e-05	2.901801e-05	0.000000e+00
3.560009e+00	3.596139e+00	4.535621e-05	2.213653e-05	0.000000e+00
3.596138e+00	3.632267e+00	3.304924e-05	1.060546e-05	0.000000e+00
3.632268e+00	3.668397e+00	1.135844e-05	0.000000e+00	9.296958e-06
3.668398e+00	3.704527e+00	2.504728e-05	8.421354e-06	0.000000e+00
3.704525e+00	3.740654e+00	1.872526e-05	6.263586e-06	0.000000e+00
3.740655e+00	3.776784e+00	2.958305e-05	1.931500e-05	0.000000e+00
3.776785e+00	3.812914e+00	1.640019e-05	1.064532e-05	6.965563e-05
# END HISTO1D


# BEGIN HISTO1D //homes/tinghua1/Merging-Project/Production/HJETS/ratio-plots/hjets-matched-errorband/H3Jets-NLOPS-combine.yoda/MC_H2JETS_04_INC/log10_d_12
ErrorBandColor=red
ErrorBandOpacity=0.3
ErrorBands=1
ErrorType=env
LineColor=red
LineStyle=solid
Path=//homes/tinghua1/Merging-Project/Production/HJETS/ratio-plots/hjets-matched-errorband/H3Jets-NLOPS-combine.yoda/MC_H2JETS_04_INC/log10_d_12
RatioPlotSameStyle=1
Title=h(3*) $\oplus$ PS
# xlow	 xhigh	 val	 errminus	 errplus
2.000000e-01	2.361292e-01	9.596511e-01	1.535145e-01	9.046171e-02
2.361291e-01	2.722583e-01	1.051157e+00	1.530106e-01	5.485701e-02
2.722583e-01	3.083875e-01	1.132642e+00	1.611892e-01	1.694341e-02
3.083874e-01	3.445165e-01	1.189906e+00	1.234609e-01	7.154621e-03
3.445165e-01	3.806457e-01	1.202048e+00	1.315969e-01	3.405639e-02
3.806457e-01	4.167748e-01	1.227290e+00	1.233953e-01	3.658990e-02
4.167748e-01	4.529039e-01	1.266664e+00	1.278451e-01	0.000000e+00
4.529039e-01	4.890331e-01	1.229253e+00	5.080987e-02	6.260919e-02
4.890331e-01	5.251621e-01	1.282579e+00	1.156511e-01	7.844923e-03
5.251623e-01	5.612913e-01	1.288894e+00	8.444412e-02	2.250402e-02
5.612913e-01	5.974205e-01	1.217372e+00	2.518434e-02	8.968341e-02
5.974204e-01	6.335495e-01	1.309066e+00	1.131824e-01	7.279451e-04
6.335497e-01	6.696787e-01	1.299070e+00	1.006992e-01	3.289398e-02
6.696787e-01	7.058079e-01	1.273692e+00	1.040206e-01	5.409392e-02
7.058080e-01	7.419370e-01	1.271736e+00	1.465093e-01	4.977068e-02
7.419370e-01	7.780660e-01	1.275317e+00	1.894393e-01	4.242536e-02
7.780661e-01	8.141953e-01	1.194828e+00	1.345430e-01	9.768082e-02
8.141954e-01	8.503245e-01	1.168740e+00	1.730566e-01	8.505111e-02
8.503244e-01	8.864534e-01	1.086651e+00	1.334196e-01	1.469998e-01
8.864535e-01	9.225827e-01	1.061907e+00	1.468131e-01	1.198283e-01
9.225828e-01	9.587118e-01	9.959908e-01	1.492722e-01	1.254202e-01
9.587118e-01	9.948408e-01	9.259979e-01	1.603992e-01	1.154673e-01
9.948404e-01	1.030970e+00	8.512130e-01	1.225201e-01	1.328530e-01
1.030970e+00	1.067098e+00	7.908337e-01	1.577196e-01	1.428747e-01
1.067100e+00	1.103228e+00	7.210360e-01	1.284788e-01	1.365640e-01
1.103229e+00	1.139358e+00	6.712898e-01	1.263348e-01	1.175502e-01
1.139357e+00	1.175487e+00	5.806742e-01	8.439718e-02	1.556828e-01
1.175487e+00	1.211615e+00	5.395809e-01	1.033073e-01	1.303576e-01
1.211617e+00	1.247745e+00	4.827634e-01	9.332946e-02	1.127875e-01
1.247746e+00	1.283875e+00	4.745243e-01	1.246298e-01	7.614409e-02
1.283874e+00	1.320002e+00	3.750278e-01	7.887376e-02	1.122782e-01
1.320002e+00	1.356131e+00	3.589917e-01	9.167168e-02	8.256442e-02
1.356132e+00	1.392261e+00	2.975424e-01	5.157718e-02	9.402474e-02
1.392261e+00	1.428391e+00	2.661764e-01	5.451021e-02	8.451223e-02
1.428391e+00	1.464519e+00	2.316768e-01	4.720770e-02	5.833762e-02
1.464519e+00	1.500648e+00	2.125210e-01	6.008381e-02	6.556860e-02
1.500649e+00	1.536778e+00	1.953614e-01	5.142257e-02	4.446705e-02
1.536778e+00	1.572906e+00	1.495663e-01	2.415483e-02	7.368214e-02
1.572906e+00	1.609035e+00	1.350424e-01	1.994877e-02	5.091721e-02
1.609036e+00	1.645165e+00	1.259936e-01	2.849390e-02	3.337867e-02
1.645165e+00	1.681293e+00	1.062947e-01	7.972986e-03	3.778062e-02
1.681294e+00	1.717424e+00	9.446014e-02	2.658516e-02	2.782195e-02
1.717423e+00	1.753552e+00	8.020164e-02	3.003111e-02	3.070957e-02
1.753553e+00	1.789682e+00	7.260254e-02	2.145398e-02	1.733569e-02
1.789682e+00	1.825811e+00	5.833306e-02	1.052113e-02	2.235600e-02
1.825812e+00	1.861940e+00	4.538017e-02	1.060251e-02	2.499399e-02
1.861940e+00	1.898069e+00	4.718027e-02	1.510252e-02	8.507183e-03
1.898069e+00	1.934198e+00	3.592826e-02	1.656056e-02	1.755579e-02
1.934198e+00	1.970328e+00	3.438724e-02	7.897210e-03	9.489593e-03
1.970329e+00	2.006458e+00	2.777849e-02	6.667804e-03	1.104537e-02
2.006458e+00	2.042587e+00	2.763057e-02	9.275587e-03	3.108340e-03
2.042585e+00	2.078714e+00	2.199233e-02	7.514457e-03	7.616541e-03
2.078715e+00	2.114844e+00	1.779424e-02	4.903457e-03	5.958681e-03
2.114845e+00	2.150974e+00	1.429419e-02	4.561139e-03	4.244012e-03
2.150972e+00	2.187101e+00	1.340006e-02	2.848534e-03	4.542207e-03
2.187102e+00	2.223231e+00	1.101603e-02	4.023029e-03	5.562299e-03
2.223231e+00	2.259361e+00	8.819696e-03	3.314196e-03	3.479150e-03
2.259362e+00	2.295491e+00	7.122110e-03	1.288414e-03	3.169886e-03
2.295489e+00	2.331618e+00	6.521753e-03	1.939425e-03	3.203917e-03
2.331619e+00	2.367748e+00	5.967793e-03	9.973982e-04	1.191027e-03
2.367749e+00	2.403878e+00	4.040389e-03	1.389858e-03	3.254992e-03
2.403876e+00	2.440005e+00	4.144787e-03	1.315414e-03	1.061881e-03
2.440006e+00	2.476135e+00	3.284904e-03	7.401309e-04	1.248413e-03
2.476135e+00	2.512265e+00	2.809972e-03	6.754559e-04	8.700000e-04
2.512266e+00	2.548395e+00	2.801174e-03	1.030380e-03	1.417504e-04
2.548393e+00	2.584522e+00	2.232424e-03	4.219749e-04	7.552725e-04
2.584523e+00	2.620652e+00	1.765165e-03	2.643522e-04	7.823065e-04
2.620653e+00	2.656782e+00	1.293140e-03	3.125982e-04	8.859769e-04
2.656780e+00	2.692909e+00	1.475370e-03	4.662678e-04	4.968729e-04
2.692910e+00	2.729039e+00	7.786775e-04	0.000000e+00	9.059512e-04
2.729040e+00	2.765169e+00	8.704858e-04	1.767361e-04	4.164137e-04
2.765168e+00	2.801298e+00	1.079420e-03	7.700919e-04	0.000000e+00
2.801297e+00	2.837426e+00	7.226223e-05	0.000000e+00	7.256738e-04
2.837427e+00	2.873556e+00	4.167862e-04	0.000000e+00	2.697193e-04
2.873557e+00	2.909686e+00	5.252108e-04	9.232445e-05	8.430790e-05
2.909686e+00	2.945815e+00	2.615866e-04	0.000000e+00	3.713017e-04
2.945813e+00	2.981942e+00	2.885358e-04	1.139937e-04	2.450718e-04
2.981943e+00	3.018072e+00	3.251269e-04	2.056907e-05	8.043677e-05
3.018072e+00	3.054202e+00	3.123485e-04	2.054968e-04	0.000000e+00
3.054203e+00	3.090332e+00	1.657438e-04	1.572102e-04	9.571984e-05
3.090330e+00	3.126459e+00	1.790613e-04	1.415663e-04	0.000000e+00
3.126460e+00	3.162589e+00	3.270874e-05	0.000000e+00	1.443778e-04
3.162590e+00	3.198719e+00	8.889266e-05	3.171173e-05	0.000000e+00
3.198717e+00	3.234846e+00	1.098376e-04	2.634072e-05	4.408279e-05
3.234847e+00	3.270976e+00	1.191792e-04	2.492103e-05	0.000000e+00
3.270977e+00	3.307106e+00	3.921778e-05	0.000000e+00	1.122093e-04
3.307105e+00	3.343235e+00	3.632126e-05	1.981669e-04	7.612181e-05
3.343234e+00	3.379363e+00	5.673387e-05	2.001151e-05	1.325179e-05
3.379364e+00	3.415493e+00	6.009638e-05	5.507773e-05	0.000000e+00
3.415494e+00	3.451623e+00	2.367350e-05	0.000000e+00	1.935940e-04
3.451621e+00	3.487750e+00	3.845418e-05	2.879759e-05	0.000000e+00
3.487751e+00	3.523880e+00	2.900199e-04	2.700330e-04	0.000000e+00
3.523881e+00	3.560010e+00	1.892766e-05	6.376104e-05	1.318636e-06
3.560009e+00	3.596139e+00	2.227878e-05	9.551013e-06	0.000000e+00
3.596138e+00	3.632267e+00	2.523016e-05	2.516948e-05	5.638479e-06
3.632268e+00	3.668397e+00	2.085878e-05	1.577547e-05	1.147431e-05
3.668398e+00	3.704527e+00	-1.658758e-06	0.000000e+00	3.458201e-05
3.704525e+00	3.740654e+00	8.719140e-06	0.000000e+00	2.562737e-05
3.740655e+00	3.776784e+00	1.484462e-05	1.072190e-05	0.000000e+00
3.776785e+00	3.812914e+00	-9.598104e-06	0.000000e+00	1.925880e-05
# END HISTO1D


# BEGIN HISTO1D //homes/tinghua1/Merging-Project/Production/HJETS/ratio-plots/hjets-matched-errorband/H2Jets-NLOPS-combine.yoda/MC_H2JETS_04_INC/log10_d_12
ErrorBandColor=violet
ErrorBandOpacity=0.3
ErrorBands=1
ErrorType=env
LineColor=violet
LineStyle=solid
Path=//homes/tinghua1/Merging-Project/Production/HJETS/ratio-plots/hjets-matched-errorband/H2Jets-NLOPS-combine.yoda/MC_H2JETS_04_INC/log10_d_12
RatioPlotSameStyle=1
Title=h(2*) $\oplus$ PS
# xlow	 xhigh	 val	 errminus	 errplus
2.000000e-01	2.361292e-01	1.388524e+00	1.092623e-01	4.052412e-03
2.361291e-01	2.722583e-01	1.495578e+00	8.123734e-02	0.000000e+00
2.722583e-01	3.083875e-01	1.587077e+00	8.399324e-02	0.000000e+00
3.083874e-01	3.445165e-01	1.657426e+00	6.572154e-02	0.000000e+00
3.445165e-01	3.806457e-01	1.717175e+00	6.564967e-02	0.000000e+00
3.806457e-01	4.167748e-01	1.755535e+00	6.152022e-02	0.000000e+00
4.167748e-01	4.529039e-01	1.781672e+00	6.089911e-02	0.000000e+00
4.529039e-01	4.890331e-01	1.792573e+00	5.495915e-02	0.000000e+00
4.890331e-01	5.251621e-01	1.817150e+00	6.327946e-02	0.000000e+00
5.251623e-01	5.612913e-01	1.834599e+00	5.264870e-02	0.000000e+00
5.612913e-01	5.974205e-01	1.841780e+00	3.277737e-02	0.000000e+00
5.974204e-01	6.335495e-01	1.856467e+00	3.369168e-02	0.000000e+00
6.335497e-01	6.696787e-01	1.859370e+00	4.360225e-02	2.599567e-03
6.696787e-01	7.058079e-01	1.853899e+00	5.938355e-02	1.747949e-02
7.058080e-01	7.419370e-01	1.837493e+00	7.546161e-02	4.338193e-02
7.419370e-01	7.780660e-01	1.804192e+00	6.989214e-02	6.810826e-02
7.780661e-01	8.141953e-01	1.763593e+00	1.020897e-01	9.329158e-02
8.141954e-01	8.503245e-01	1.709995e+00	1.196625e-01	1.173423e-01
8.503244e-01	8.864534e-01	1.639223e+00	1.224188e-01	1.358260e-01
8.864535e-01	9.225827e-01	1.562794e+00	1.280953e-01	1.578668e-01
9.225828e-01	9.587118e-01	1.479870e+00	1.323518e-01	1.731635e-01
9.587118e-01	9.948408e-01	1.394287e+00	1.356101e-01	1.791143e-01
9.948404e-01	1.030970e+00	1.298781e+00	1.391911e-01	1.900316e-01
1.030970e+00	1.067098e+00	1.210031e+00	1.420950e-01	1.830601e-01
1.067100e+00	1.103228e+00	1.116273e+00	1.398431e-01	1.851634e-01
1.103229e+00	1.139358e+00	1.024847e+00	1.384409e-01	1.822124e-01
1.139357e+00	1.175487e+00	9.317182e-01	1.273238e-01	1.807512e-01
1.175487e+00	1.211615e+00	8.455808e-01	1.204044e-01	1.734950e-01
1.211617e+00	1.247745e+00	7.642199e-01	1.146746e-01	1.634537e-01
1.247746e+00	1.283875e+00	6.912945e-01	1.123779e-01	1.502773e-01
1.283874e+00	1.320002e+00	6.187711e-01	1.042415e-01	1.442357e-01
1.320002e+00	1.356131e+00	5.496225e-01	9.071272e-02	1.355736e-01
1.356132e+00	1.392261e+00	4.901093e-01	8.707548e-02	1.243818e-01
1.392261e+00	1.428391e+00	4.340545e-01	7.778024e-02	1.139316e-01
1.428391e+00	1.464519e+00	3.834521e-01	7.055523e-02	1.044790e-01
1.464519e+00	1.500648e+00	3.383387e-01	6.385917e-02	9.529547e-02
1.500649e+00	1.536778e+00	2.973143e-01	5.622857e-02	8.412079e-02
1.536778e+00	1.572906e+00	2.619577e-01	5.130745e-02	7.739381e-02
1.572906e+00	1.609035e+00	2.309272e-01	4.766744e-02	6.765313e-02
1.609036e+00	1.645165e+00	2.002562e-01	4.067231e-02	6.306850e-02
1.645165e+00	1.681293e+00	1.740071e-01	3.485491e-02	5.525885e-02
1.681294e+00	1.717424e+00	1.518591e-01	3.098957e-02	4.838162e-02
1.717423e+00	1.753552e+00	1.319485e-01	2.704849e-02	4.277445e-02
1.753553e+00	1.789682e+00	1.149213e-01	2.435559e-02	3.739373e-02
1.789682e+00	1.825811e+00	9.913338e-02	2.058554e-02	3.374887e-02
1.825812e+00	1.861940e+00	8.508890e-02	1.701389e-02	2.973896e-02
1.861940e+00	1.898069e+00	7.424628e-02	1.685042e-02	2.469036e-02
1.898069e+00	1.934198e+00	6.385856e-02	1.435423e-02	2.136613e-02
1.934198e+00	1.970328e+00	5.480327e-02	1.257764e-02	1.903634e-02
1.970329e+00	2.006458e+00	4.732016e-02	9.190512e-03	1.627529e-02
2.006458e+00	2.042587e+00	4.080863e-02	9.510504e-03	1.431288e-02
2.042585e+00	2.078714e+00	3.451861e-02	7.310742e-03	1.246107e-02
2.078715e+00	2.114844e+00	2.946245e-02	6.172261e-03	1.070378e-02
2.114845e+00	2.150974e+00	2.534224e-02	5.619090e-03	9.069149e-03
2.150972e+00	2.187101e+00	2.161624e-02	5.031493e-03	7.775823e-03
2.187102e+00	2.223231e+00	1.843122e-02	4.332044e-03	6.445576e-03
2.223231e+00	2.259361e+00	1.568574e-02	3.529887e-03	5.590775e-03
2.259362e+00	2.295491e+00	1.307102e-02	2.820413e-03	5.133519e-03
2.295489e+00	2.331618e+00	1.126472e-02	2.621933e-03	4.076061e-03
2.331619e+00	2.367748e+00	9.577140e-03	2.345512e-03	3.593083e-03
2.367749e+00	2.403878e+00	8.210393e-03	2.010800e-03	3.027236e-03
2.403876e+00	2.440005e+00	6.894367e-03	1.676612e-03	2.468178e-03
2.440006e+00	2.476135e+00	5.925965e-03	1.353785e-03	2.089751e-03
2.476135e+00	2.512265e+00	4.941362e-03	1.282059e-03	1.873324e-03
2.512266e+00	2.548395e+00	4.145025e-03	9.225248e-04	1.639619e-03
2.548393e+00	2.584522e+00	3.649132e-03	8.602342e-04	1.327690e-03
2.584523e+00	2.620652e+00	3.034806e-03	6.977647e-04	1.036937e-03
2.620653e+00	2.656782e+00	2.501844e-03	4.709541e-04	1.046499e-03
2.656780e+00	2.692909e+00	2.175122e-03	5.159412e-04	7.974375e-04
2.692910e+00	2.729039e+00	1.826433e-03	4.418251e-04	7.072166e-04
2.729040e+00	2.765169e+00	1.574870e-03	3.474724e-04	5.622976e-04
2.765168e+00	2.801298e+00	1.301549e-03	3.337182e-04	5.567980e-04
2.801297e+00	2.837426e+00	1.149977e-03	3.429572e-04	3.564358e-04
2.837427e+00	2.873556e+00	9.714133e-04	2.602159e-04	3.305893e-04
2.873557e+00	2.909686e+00	7.751172e-04	1.716458e-04	3.188610e-04
2.909686e+00	2.945815e+00	6.621451e-04	1.753948e-04	2.243627e-04
2.945813e+00	2.981942e+00	6.203119e-04	1.770154e-04	2.210764e-04
2.981943e+00	3.018072e+00	4.742224e-04	1.047566e-04	1.920590e-04
3.018072e+00	3.054202e+00	4.077384e-04	1.226197e-04	1.615774e-04
3.054203e+00	3.090332e+00	3.414091e-04	8.202809e-05	1.137826e-04
3.090330e+00	3.126459e+00	3.321744e-04	1.132282e-04	5.365108e-05
3.126460e+00	3.162589e+00	2.470506e-04	3.180130e-05	8.993606e-05
3.162590e+00	3.198719e+00	2.278457e-04	6.325398e-05	3.069504e-05
3.198717e+00	3.234846e+00	1.758196e-04	4.501132e-05	6.773941e-05
3.234847e+00	3.270976e+00	1.669829e-04	5.889111e-05	4.472665e-05
3.270977e+00	3.307106e+00	1.509779e-04	5.783119e-05	3.702073e-05
3.307105e+00	3.343235e+00	9.508932e-05	9.517797e-06	4.966615e-05
3.343234e+00	3.379363e+00	1.005943e-04	3.987307e-05	1.792026e-05
3.379364e+00	3.415493e+00	7.513427e-05	2.317775e-05	2.358969e-05
3.415494e+00	3.451623e+00	6.980379e-05	2.936414e-05	1.927017e-05
3.451621e+00	3.487750e+00	5.738581e-05	1.825675e-05	1.911896e-05
3.487751e+00	3.523880e+00	4.785610e-05	9.664646e-06	1.553483e-05
3.523881e+00	3.560010e+00	4.074220e-05	2.941570e-06	1.824714e-05
3.560009e+00	3.596139e+00	3.418373e-05	1.177786e-05	1.249015e-05
3.596138e+00	3.632267e+00	2.678437e-05	3.509294e-06	1.864210e-05
3.632268e+00	3.668397e+00	2.389367e-05	6.721415e-06	8.213637e-06
3.668398e+00	3.704527e+00	1.860640e-05	6.055468e-07	7.611608e-06
3.704525e+00	3.740654e+00	1.780581e-05	0.000000e+00	1.036007e-05
3.740655e+00	3.776784e+00	1.368950e-05	3.764870e-07	8.490733e-06
3.776785e+00	3.812914e+00	1.140220e-05	3.071261e-06	2.585679e-07
# END HISTO1D

