# BEGIN PLOT
Scale=1000.0
DrawOnly=//homes/tinghua1/Merging-Project/Production/HJETS/ratio-plots/hjets-matched-errorband/H-N2-N3-4-25gev-combine.yoda/MC_H2JETS_04_INC/y1j_yj2 //homes/tinghua1/Merging-Project/Production/HJETS/ratio-plots/hjets-matched-errorband/H-N2-3-4-25gev-combine.yoda/MC_H2JETS_04_INC/y1j_yj2 //homes/tinghua1/Merging-Project/Production/HJETS/ratio-plots/hjets-matched-errorband/H-2-3-4-25gev-combine.yoda/MC_H2JETS_04_INC/y1j_yj2 //homes/tinghua1/Merging-Project/Production/HJETS/ratio-plots/hjets-matched-errorband/H-N2-3-25gev-combine.yoda/MC_H2JETS_04_INC/y1j_yj2 //homes/tinghua1/Merging-Project/Production/HJETS/ratio-plots/hjets-matched-errorband/H-2-3-25gev-combine.yoda/MC_H2JETS_04_INC/y1j_yj2 //homes/tinghua1/Merging-Project/Production/HJETS/ratio-plots/hjets-matched-errorband/H3Jets-NLOPS-combine.yoda/MC_H2JETS_04_INC/y1j_yj2 //homes/tinghua1/Merging-Project/Production/HJETS/ratio-plots/hjets-matched-errorband/H2Jets-NLOPS-combine.yoda/MC_H2JETS_04_INC/y1j_yj2
RightMargin=0.5
RatioPlotReference=//homes/tinghua1/Merging-Project/Production/HJETS/ratio-plots/hjets-matched-errorband/H-N2-N3-4-25gev-combine.yoda/MC_H2JETS_04_INC/y1j_yj2
#RatioPlot=1
LogY=1
RatioPlotYMax=1.4
RatioPlotYLabel=Ratio
#LegendOnly=//homes/tinghua1/Merging-Project/Production/HJETS/ratio-plots/hjets-matched-errorband/H-N2-N3-4-25gev-combine.yoda/MC_H2JETS_04_INC/y1j_yj2 //homes/tinghua1/Merging-Project/Production/HJETS/ratio-plots/hjets-matched-errorband/H-N2-3-4-25gev-combine.yoda/MC_H2JETS_04_INC/y1j_yj2 //homes/tinghua1/Merging-Project/Production/HJETS/ratio-plots/hjets-matched-errorband/H-2-3-4-25gev-combine.yoda/MC_H2JETS_04_INC/y1j_yj2 //homes/tinghua1/Merging-Project/Production/HJETS/ratio-plots/hjets-matched-errorband/H-N2-3-25gev-combine.yoda/MC_H2JETS_04_INC/y1j_yj2 //homes/tinghua1/Merging-Project/Production/HJETS/ratio-plots/hjets-matched-errorband/H-2-3-25gev-combine.yoda/MC_H2JETS_04_INC/y1j_yj2 //homes/tinghua1/Merging-Project/Production/HJETS/ratio-plots/hjets-matched-errorband/H3Jets-NLOPS-combine.yoda/MC_H2JETS_04_INC/y1j_yj2 //homes/tinghua1/Merging-Project/Production/HJETS/ratio-plots/hjets-matched-errorband/H2Jets-NLOPS-combine.yoda/MC_H2JETS_04_INC/y1j_yj2
XLabel=$y_{j_1}*y_{j_2}$
LegendAlign=r
YLabel=$ \text{d} \sigma/ \text{d}  y_{j_1}*y_{j_2}$ (fb)
Legend=0
RatioPlot=6
MainPlotSelection={"Selection":[1,2,3,4,5,6,7]}
RatioPlots={"RatioPlotYLabel":"","Selection":[1,2]};{"RatioPlotYLabel":"","Selection":[1,3]};{"RatioPlotYLabel":"","Selection":[1,4]};{"RatioPlotYLabel":"","Selection":[1,5]};{"RatioPlotYLabel":"","Selection":[1,6]};{"RatioPlotYLabel":"","Selection":[1,7]}
RatioPlotSameStyle=1
RatioPlotYMin=0.2
# END PLOT


# BEGIN SPECIAL /MC_H2JETS_04_INC/y1j_yj2
\rput[tl](0.05,0.75){\parbox{5cm}{\textcolor{gray}{{\bf Herwig 7.2.0} \\ HJETS/ColorFull}}}
# END SPECIAL

# BEGIN HISTO1D //homes/tinghua1/Merging-Project/Production/HJETS/ratio-plots/hjets-matched-errorband/H-N2-N3-4-25gev-combine.yoda/MC_H2JETS_04_INC/y1j_yj2
ErrorBandColor=orange
ErrorBandOpacity=0.3
ErrorBands=1
ErrorType=env
LineColor=orange
LineStyle=solid
Path=//homes/tinghua1/Merging-Project/Production/HJETS/ratio-plots/hjets-matched-errorband/H-N2-N3-4-25gev-combine.yoda/MC_H2JETS_04_INC/y1j_yj2
RatioPlotSameStyle=1
Title=h(2*,3*,4)
# xlow	 xhigh	 val	 errminus	 errplus
-1.000000e+01	-9.600000e+00	7.120347e-02	2.293775e-03	1.082575e-03
-9.600000e+00	-9.200000e+00	7.862230e-02	2.461375e-03	2.084400e-03
-9.200000e+00	-8.800000e+00	8.625578e-02	2.919825e-03	1.203150e-03
-8.800000e+00	-8.400000e+00	9.470005e-02	3.247225e-03	1.299925e-03
-8.400000e+00	-8.000000e+00	1.035099e-01	2.337550e-03	1.679200e-03
-8.000000e+00	-7.600000e+00	1.109920e-01	2.182925e-03	3.897500e-03
-7.600000e+00	-7.200000e+00	1.261069e-01	1.123415e-02	0.000000e+00
-7.200000e+00	-6.800000e+00	1.305084e-01	5.854125e-03	3.454700e-03
-6.800000e+00	-6.400000e+00	1.379764e-01	6.006450e-03	5.401525e-03
-6.400000e+00	-6.000000e+00	1.479583e-01	6.206275e-03	4.956025e-03
-6.000000e+00	-5.600000e+00	1.581415e-01	6.193950e-03	4.703525e-03
-5.600000e+00	-5.200000e+00	1.670921e-01	8.657575e-03	3.699700e-03
-5.200000e+00	-4.800000e+00	1.762639e-01	7.564625e-03	5.793450e-03
-4.800000e+00	-4.400000e+00	1.828077e-01	7.368600e-03	9.233225e-03
-4.400000e+00	-4.000000e+00	1.904565e-01	1.008435e-02	9.646975e-03
-4.000000e+00	-3.600000e+00	1.981887e-01	9.096625e-03	7.189475e-03
-3.600000e+00	-3.200000e+00	2.063502e-01	1.019795e-02	6.301625e-03
-3.200000e+00	-2.800000e+00	2.093114e-01	5.684475e-03	8.880475e-03
-2.800000e+00	-2.400000e+00	2.117631e-01	8.700450e-03	8.848200e-03
-2.400000e+00	-2.000000e+00	2.157000e-01	5.243200e-03	7.394450e-03
-2.000000e+00	-1.600000e+00	2.177671e-01	7.929625e-03	6.153175e-03
-1.600000e+00	-1.200000e+00	2.187163e-01	7.455775e-03	8.332500e-03
-1.200000e+00	-8.000000e-01	2.279781e-01	8.336900e-03	2.597400e-03
-8.000000e-01	-4.000000e-01	2.624003e-01	1.981250e-03	8.518750e-03
-4.000000e-01	0.000000e+00	4.862522e-01	5.035000e-03	5.042250e-03
0.000000e+00	4.000000e-01	5.416808e-01	0.000000e+00	1.595250e-03
4.000000e-01	8.000000e-01	3.476875e-01	2.057500e-03	8.985000e-04
8.000000e-01	1.200000e+00	2.795868e-01	1.014125e-02	0.000000e+00
1.200000e+00	1.600000e+00	2.306934e-01	2.938750e-04	2.105350e-03
1.600000e+00	2.000000e+00	2.017851e-01	1.260015e-02	0.000000e+00
2.000000e+00	2.400000e+00	1.732820e-01	0.000000e+00	6.584575e-03
2.400000e+00	2.800000e+00	1.524197e-01	2.279600e-03	1.513500e-03
2.800000e+00	3.200000e+00	1.355434e-01	2.357250e-03	3.566725e-03
3.200000e+00	3.600000e+00	1.196721e-01	1.574575e-03	2.712200e-03
3.600000e+00	4.000000e+00	1.086195e-01	3.843750e-03	0.000000e+00
4.000000e+00	4.400000e+00	9.062977e-02	0.000000e+00	6.338050e-03
4.400000e+00	4.800000e+00	8.518808e-02	1.007600e-03	1.113875e-03
4.800000e+00	5.200000e+00	7.584875e-02	2.619425e-03	1.070800e-03
5.200000e+00	5.600000e+00	6.812008e-02	1.837250e-04	0.000000e+00
5.600000e+00	6.000000e+00	5.887995e-02	7.175000e-05	1.879000e-04
6.000000e+00	6.400000e+00	5.364442e-02	2.416850e-03	1.088175e-03
6.400000e+00	6.800000e+00	4.876733e-02	9.114000e-04	0.000000e+00
6.800000e+00	7.200000e+00	4.251760e-02	9.268000e-04	2.886500e-04
7.200000e+00	7.600000e+00	3.522245e-02	0.000000e+00	2.301225e-03
7.600000e+00	8.000000e+00	3.169425e-02	0.000000e+00	1.153725e-03
8.000000e+00	8.400000e+00	2.898980e-02	7.089750e-04	4.381175e-03
8.400000e+00	8.800000e+00	2.503962e-02	2.730350e-04	3.947250e-04
8.800000e+00	9.200000e+00	2.235047e-02	4.031000e-04	2.116225e-04
9.200000e+00	9.600000e+00	1.975260e-02	7.344875e-04	6.224150e-04
9.600000e+00	1.000000e+01	1.882552e-02	2.110812e-03	0.000000e+00
# END HISTO1D


# BEGIN HISTO1D //homes/tinghua1/Merging-Project/Production/HJETS/ratio-plots/hjets-matched-errorband/H-N2-3-4-25gev-combine.yoda/MC_H2JETS_04_INC/y1j_yj2
ErrorBandColor=blue
ErrorBandOpacity=0.3
ErrorBands=1
ErrorType=env
LineColor=blue
LineStyle=solid
Path=//homes/tinghua1/Merging-Project/Production/HJETS/ratio-plots/hjets-matched-errorband/H-N2-3-4-25gev-combine.yoda/MC_H2JETS_04_INC/y1j_yj2
RatioPlotSameStyle=1
Title=h(2*,3,4)
# xlow	 xhigh	 val	 errminus	 errplus
-1.000000e+01	-9.600000e+00	7.120820e-02	2.405050e-03	1.480350e-03
-9.600000e+00	-9.200000e+00	7.875470e-02	2.676500e-03	1.261975e-03
-9.200000e+00	-8.800000e+00	8.603675e-02	2.803475e-03	2.036700e-03
-8.800000e+00	-8.400000e+00	9.455595e-02	3.698075e-03	2.150150e-03
-8.400000e+00	-8.000000e+00	1.023213e-01	2.403875e-03	3.173475e-03
-8.000000e+00	-7.600000e+00	1.111558e-01	3.885700e-03	3.230400e-03
-7.600000e+00	-7.200000e+00	1.203447e-01	5.176550e-03	3.810175e-03
-7.200000e+00	-6.800000e+00	1.297647e-01	5.965050e-03	3.640700e-03
-6.800000e+00	-6.400000e+00	1.389032e-01	5.070275e-03	4.134650e-03
-6.400000e+00	-6.000000e+00	1.485907e-01	7.074225e-03	4.693100e-03
-6.000000e+00	-5.600000e+00	1.570217e-01	6.874550e-03	6.386000e-03
-5.600000e+00	-5.200000e+00	1.657301e-01	7.031950e-03	7.233675e-03
-5.200000e+00	-4.800000e+00	1.754963e-01	8.520075e-03	6.241625e-03
-4.800000e+00	-4.400000e+00	1.836887e-01	7.499850e-03	6.930125e-03
-4.400000e+00	-4.000000e+00	1.916978e-01	9.123475e-03	7.757325e-03
-4.000000e+00	-3.600000e+00	1.976402e-01	9.885850e-03	8.129500e-03
-3.600000e+00	-3.200000e+00	2.037401e-01	7.529750e-03	8.561225e-03
-3.200000e+00	-2.800000e+00	2.095781e-01	1.153857e-02	8.124450e-03
-2.800000e+00	-2.400000e+00	2.114119e-01	1.049975e-02	1.072093e-02
-2.400000e+00	-2.000000e+00	2.147240e-01	9.853900e-03	8.675500e-03
-2.000000e+00	-1.600000e+00	2.164877e-01	8.929975e-03	8.101650e-03
-1.600000e+00	-1.200000e+00	2.190898e-01	9.194575e-03	7.209100e-03
-1.200000e+00	-8.000000e-01	2.264731e-01	7.832150e-03	6.460600e-03
-8.000000e-01	-4.000000e-01	2.635373e-01	5.878000e-03	7.072500e-03
-4.000000e-01	0.000000e+00	4.805607e-01	2.291750e-03	5.988250e-03
0.000000e+00	4.000000e-01	5.395722e-01	0.000000e+00	2.512000e-03
4.000000e-01	8.000000e-01	3.432997e-01	3.772500e-04	2.413500e-03
8.000000e-01	1.200000e+00	2.739908e-01	4.127500e-04	2.841750e-03
1.200000e+00	1.600000e+00	2.312044e-01	2.179050e-03	1.707275e-03
1.600000e+00	2.000000e+00	1.999989e-01	2.432325e-03	9.977500e-04
2.000000e+00	2.400000e+00	1.742664e-01	1.973275e-03	1.481625e-03
2.400000e+00	2.800000e+00	1.524109e-01	6.306250e-04	1.217300e-03
2.800000e+00	3.200000e+00	1.350114e-01	0.000000e+00	1.415175e-03
3.200000e+00	3.600000e+00	1.200022e-01	8.332750e-04	7.772000e-04
3.600000e+00	4.000000e+00	1.072206e-01	1.831975e-03	6.404500e-04
4.000000e+00	4.400000e+00	9.522642e-02	2.831500e-04	5.204250e-04
4.400000e+00	4.800000e+00	8.473610e-02	6.590000e-04	5.329750e-04
4.800000e+00	5.200000e+00	7.549095e-02	0.000000e+00	1.250375e-03
5.200000e+00	5.600000e+00	6.752178e-02	3.173500e-04	0.000000e+00
5.600000e+00	6.000000e+00	5.971262e-02	2.950500e-04	4.867000e-04
6.000000e+00	6.400000e+00	5.256167e-02	0.000000e+00	1.884725e-03
6.400000e+00	6.800000e+00	4.710443e-02	5.785000e-05	2.487750e-04
6.800000e+00	7.200000e+00	4.183927e-02	7.167500e-05	4.455500e-04
7.200000e+00	7.600000e+00	3.687510e-02	1.274000e-04	4.340750e-04
7.600000e+00	8.000000e+00	3.272232e-02	3.211500e-04	2.724500e-04
8.000000e+00	8.400000e+00	2.837385e-02	0.000000e+00	7.186750e-04
8.400000e+00	8.800000e+00	2.518000e-02	2.053075e-04	9.942500e-05
8.800000e+00	9.200000e+00	2.199849e-02	8.802750e-05	3.196525e-04
9.200000e+00	9.600000e+00	1.929126e-02	4.503425e-04	5.093075e-04
9.600000e+00	1.000000e+01	1.654075e-02	3.345750e-05	5.416650e-04
# END HISTO1D


# BEGIN HISTO1D //homes/tinghua1/Merging-Project/Production/HJETS/ratio-plots/hjets-matched-errorband/H-2-3-4-25gev-combine.yoda/MC_H2JETS_04_INC/y1j_yj2
ErrorBandColor=yellow
ErrorBandOpacity=0.3
ErrorBands=1
ErrorType=env
LineColor=yellow
LineStyle=solid
Path=//homes/tinghua1/Merging-Project/Production/HJETS/ratio-plots/hjets-matched-errorband/H-2-3-4-25gev-combine.yoda/MC_H2JETS_04_INC/y1j_yj2
RatioPlotSameStyle=1
Title=h(2,3,4)
# xlow	 xhigh	 val	 errminus	 errplus
-1.000000e+01	-9.600000e+00	6.952907e-02	3.136200e-03	3.324800e-03
-9.600000e+00	-9.200000e+00	7.743847e-02	3.679425e-03	3.031675e-03
-9.200000e+00	-8.800000e+00	8.526295e-02	3.400650e-03	3.200450e-03
-8.800000e+00	-8.400000e+00	9.362207e-02	3.354075e-03	3.047225e-03
-8.400000e+00	-8.000000e+00	1.027581e-01	3.381000e-03	2.885450e-03
-8.000000e+00	-7.600000e+00	1.119832e-01	3.313975e-03	2.724000e-03
-7.600000e+00	-7.200000e+00	1.215765e-01	3.219575e-03	2.202125e-03
-7.200000e+00	-6.800000e+00	1.314246e-01	2.896550e-03	2.116525e-03
-6.800000e+00	-6.400000e+00	1.413537e-01	2.235475e-03	1.515900e-03
-6.400000e+00	-6.000000e+00	1.523685e-01	2.735850e-03	5.522500e-05
-6.000000e+00	-5.600000e+00	1.618110e-01	1.693525e-03	0.000000e+00
-5.600000e+00	-5.200000e+00	1.717499e-01	1.219525e-03	0.000000e+00
-5.200000e+00	-4.800000e+00	1.816900e-01	3.466350e-03	0.000000e+00
-4.800000e+00	-4.400000e+00	1.904916e-01	3.827300e-03	7.379750e-04
-4.400000e+00	-4.000000e+00	1.988525e-01	4.221250e-03	1.459750e-03
-4.000000e+00	-3.600000e+00	2.063273e-01	5.429975e-03	2.562625e-03
-3.600000e+00	-3.200000e+00	2.127690e-01	7.296650e-03	3.132925e-03
-3.200000e+00	-2.800000e+00	2.170869e-01	7.453500e-03	5.351625e-03
-2.800000e+00	-2.400000e+00	2.204637e-01	9.266525e-03	5.513125e-03
-2.400000e+00	-2.000000e+00	2.222190e-01	9.704900e-03	6.071925e-03
-2.000000e+00	-1.600000e+00	2.215390e-01	9.924400e-03	7.431775e-03
-1.600000e+00	-1.200000e+00	2.215509e-01	1.090782e-02	7.129325e-03
-1.200000e+00	-8.000000e-01	2.235720e-01	1.038180e-02	7.822200e-03
-8.000000e-01	-4.000000e-01	2.488534e-01	1.332790e-02	9.138050e-03
-4.000000e-01	0.000000e+00	4.199367e-01	1.963400e-02	1.466475e-02
0.000000e+00	4.000000e-01	4.613957e-01	1.685150e-02	1.321600e-02
4.000000e-01	8.000000e-01	2.976582e-01	1.116875e-02	8.286250e-03
8.000000e-01	1.200000e+00	2.394731e-01	8.870375e-03	6.377375e-03
1.200000e+00	1.600000e+00	2.014418e-01	6.231625e-03	5.304475e-03
1.600000e+00	2.000000e+00	1.737583e-01	5.523150e-03	4.597450e-03
2.000000e+00	2.400000e+00	1.519092e-01	4.793825e-03	2.933900e-03
2.400000e+00	2.800000e+00	1.333759e-01	3.552975e-03	2.927000e-03
2.800000e+00	3.200000e+00	1.184541e-01	3.474700e-03	1.880700e-03
3.200000e+00	3.600000e+00	1.047701e-01	2.080975e-03	2.069975e-03
3.600000e+00	4.000000e+00	9.283818e-02	1.253900e-03	1.980125e-03
4.000000e+00	4.400000e+00	8.329165e-02	1.693300e-03	9.736000e-04
4.400000e+00	4.800000e+00	7.377298e-02	8.258000e-04	1.252400e-03
4.800000e+00	5.200000e+00	6.603460e-02	4.730250e-04	5.456500e-04
5.200000e+00	5.600000e+00	5.873140e-02	3.467500e-04	5.936250e-04
5.600000e+00	6.000000e+00	5.240282e-02	0.000000e+00	1.669000e-04
6.000000e+00	6.400000e+00	4.677195e-02	1.061750e-04	0.000000e+00
6.400000e+00	6.800000e+00	4.153430e-02	3.149000e-04	1.757750e-04
6.800000e+00	7.200000e+00	3.672592e-02	1.077500e-04	6.458500e-04
7.200000e+00	7.600000e+00	3.243150e-02	2.730000e-04	0.000000e+00
7.600000e+00	8.000000e+00	2.860980e-02	3.031250e-04	9.136250e-04
8.000000e+00	8.400000e+00	2.541017e-02	5.416650e-04	6.334500e-04
8.400000e+00	8.800000e+00	2.228638e-02	4.881675e-04	6.348800e-04
8.800000e+00	9.200000e+00	1.946750e-02	3.372075e-04	8.724625e-04
9.200000e+00	9.600000e+00	1.711159e-02	5.428050e-04	8.485350e-04
9.600000e+00	1.000000e+01	1.485263e-02	5.042100e-04	9.092075e-04
# END HISTO1D


# BEGIN HISTO1D //homes/tinghua1/Merging-Project/Production/HJETS/ratio-plots/hjets-matched-errorband/H-N2-3-25gev-combine.yoda/MC_H2JETS_04_INC/y1j_yj2
ErrorBandColor=green
ErrorBandOpacity=0.3
ErrorBands=1
ErrorType=env
LineColor=green
LineStyle=solid
Path=//homes/tinghua1/Merging-Project/Production/HJETS/ratio-plots/hjets-matched-errorband/H-N2-3-25gev-combine.yoda/MC_H2JETS_04_INC/y1j_yj2
RatioPlotSameStyle=1
Title=h(2*,3)
# xlow	 xhigh	 val	 errminus	 errplus
-1.000000e+01	-9.600000e+00	7.134770e-02	2.654250e-03	1.210775e-03
-9.600000e+00	-9.200000e+00	8.414160e-02	8.436050e-03	0.000000e+00
-9.200000e+00	-8.800000e+00	8.615080e-02	3.167800e-03	1.827425e-03
-8.800000e+00	-8.400000e+00	9.412010e-02	3.490825e-03	2.294125e-03
-8.400000e+00	-8.000000e+00	1.025050e-01	3.124850e-03	2.495275e-03
-8.000000e+00	-7.600000e+00	1.108628e-01	4.120175e-03	3.337550e-03
-7.600000e+00	-7.200000e+00	1.206842e-01	5.116050e-03	3.108300e-03
-7.200000e+00	-6.800000e+00	1.294301e-01	5.086925e-03	3.608450e-03
-6.800000e+00	-6.400000e+00	1.391230e-01	6.291600e-03	3.841975e-03
-6.400000e+00	-6.000000e+00	1.483143e-01	4.627275e-03	4.451750e-03
-6.000000e+00	-5.600000e+00	1.564284e-01	6.715075e-03	6.353825e-03
-5.600000e+00	-5.200000e+00	1.664979e-01	8.038100e-03	6.067500e-03
-5.200000e+00	-4.800000e+00	1.750107e-01	8.618875e-03	7.722525e-03
-4.800000e+00	-4.400000e+00	1.836491e-01	9.558625e-03	7.181375e-03
-4.400000e+00	-4.000000e+00	1.902410e-01	8.911400e-03	9.272475e-03
-4.000000e+00	-3.600000e+00	1.984226e-01	1.009685e-02	7.876550e-03
-3.600000e+00	-3.200000e+00	2.039342e-01	9.701100e-03	8.398975e-03
-3.200000e+00	-2.800000e+00	2.093844e-01	1.194535e-02	1.100513e-02
-2.800000e+00	-2.400000e+00	2.116885e-01	1.064565e-02	8.762375e-03
-2.400000e+00	-2.000000e+00	2.143818e-01	1.078592e-02	8.604275e-03
-2.000000e+00	-1.600000e+00	2.152174e-01	8.637325e-03	1.017398e-02
-1.600000e+00	-1.200000e+00	2.176921e-01	7.993725e-03	7.849650e-03
-1.200000e+00	-8.000000e-01	2.257382e-01	6.725225e-03	6.672425e-03
-8.000000e-01	-4.000000e-01	2.624515e-01	6.047250e-03	6.723000e-03
-4.000000e-01	0.000000e+00	4.817007e-01	5.742500e-03	4.534250e-03
0.000000e+00	4.000000e-01	5.410590e-01	3.027500e-04	3.299250e-03
4.000000e-01	8.000000e-01	3.441382e-01	9.405000e-04	2.565250e-03
8.000000e-01	1.200000e+00	2.756105e-01	1.254750e-03	1.278000e-03
1.200000e+00	1.600000e+00	2.312310e-01	8.863750e-04	2.320100e-03
1.600000e+00	2.000000e+00	1.991336e-01	6.006750e-04	3.247675e-03
2.000000e+00	2.400000e+00	1.738934e-01	4.638500e-04	1.074100e-03
2.400000e+00	2.800000e+00	1.529549e-01	5.203000e-04	5.970250e-04
2.800000e+00	3.200000e+00	1.353705e-01	1.122400e-03	1.628250e-03
3.200000e+00	3.600000e+00	1.204450e-01	5.529250e-04	1.319000e-03
3.600000e+00	4.000000e+00	1.067867e-01	1.010000e-04	1.298850e-03
4.000000e+00	4.400000e+00	9.516112e-02	7.362500e-05	6.744250e-04
4.400000e+00	4.800000e+00	8.478588e-02	6.541000e-04	8.162000e-04
4.800000e+00	5.200000e+00	7.555832e-02	0.000000e+00	9.324250e-04
5.200000e+00	5.600000e+00	6.723665e-02	0.000000e+00	1.693000e-04
5.600000e+00	6.000000e+00	5.975125e-02	0.000000e+00	8.875500e-04
6.000000e+00	6.400000e+00	5.328727e-02	1.680750e-04	0.000000e+00
6.400000e+00	6.800000e+00	4.719645e-02	6.625000e-06	1.166500e-04
6.800000e+00	7.200000e+00	4.177605e-02	0.000000e+00	6.665000e-05
7.200000e+00	7.600000e+00	3.681548e-02	0.000000e+00	5.815250e-04
7.600000e+00	8.000000e+00	3.265595e-02	2.524000e-04	1.861250e-04
8.000000e+00	8.400000e+00	2.861027e-02	2.361500e-04	4.039500e-04
8.400000e+00	8.800000e+00	2.564440e-02	6.037250e-04	2.375250e-04
8.800000e+00	9.200000e+00	2.193029e-02	8.554750e-05	2.508350e-04
9.200000e+00	9.600000e+00	1.910384e-02	3.728200e-04	2.867250e-04
9.600000e+00	1.000000e+01	1.667222e-02	2.305525e-04	5.168100e-04
# END HISTO1D


# BEGIN HISTO1D //homes/tinghua1/Merging-Project/Production/HJETS/ratio-plots/hjets-matched-errorband/H-2-3-25gev-combine.yoda/MC_H2JETS_04_INC/y1j_yj2
ErrorBandColor=purple
ErrorBandOpacity=0.3
ErrorBands=1
ErrorType=env
LineColor=purple
LineStyle=solid
Path=//homes/tinghua1/Merging-Project/Production/HJETS/ratio-plots/hjets-matched-errorband/H-2-3-25gev-combine.yoda/MC_H2JETS_04_INC/y1j_yj2
RatioPlotSameStyle=1
Title=h(2,3)
# xlow	 xhigh	 val	 errminus	 errplus
-1.000000e+01	-9.600000e+00	6.616667e-02	0.000000e+00	6.663975e-03
-9.600000e+00	-9.200000e+00	7.381825e-02	0.000000e+00	6.825425e-03
-9.200000e+00	-8.800000e+00	8.179325e-02	0.000000e+00	6.207550e-03
-8.800000e+00	-8.400000e+00	9.024002e-02	0.000000e+00	6.442550e-03
-8.400000e+00	-8.000000e+00	9.928010e-02	0.000000e+00	6.299925e-03
-8.000000e+00	-7.600000e+00	1.083368e-01	0.000000e+00	6.220750e-03
-7.600000e+00	-7.200000e+00	1.183353e-01	0.000000e+00	5.454975e-03
-7.200000e+00	-6.800000e+00	1.282649e-01	0.000000e+00	4.767200e-03
-6.800000e+00	-6.400000e+00	1.387892e-01	0.000000e+00	3.981700e-03
-6.400000e+00	-6.000000e+00	1.493835e-01	0.000000e+00	2.542850e-03
-6.000000e+00	-5.600000e+00	1.601294e-01	0.000000e+00	1.471775e-03
-5.600000e+00	-5.200000e+00	1.706703e-01	1.821000e-04	8.551000e-04
-5.200000e+00	-4.800000e+00	1.811621e-01	2.039875e-03	3.720000e-05
-4.800000e+00	-4.400000e+00	1.908173e-01	3.589650e-03	0.000000e+00
-4.400000e+00	-4.000000e+00	2.001602e-01	5.834675e-03	0.000000e+00
-4.000000e+00	-3.600000e+00	2.084198e-01	7.855225e-03	0.000000e+00
-3.600000e+00	-3.200000e+00	2.159851e-01	1.020800e-02	0.000000e+00
-3.200000e+00	-2.800000e+00	2.221886e-01	1.336402e-02	0.000000e+00
-2.800000e+00	-2.400000e+00	2.256922e-01	1.487428e-02	0.000000e+00
-2.400000e+00	-2.000000e+00	2.280701e-01	1.664245e-02	0.000000e+00
-2.000000e+00	-1.600000e+00	2.287652e-01	1.739662e-02	0.000000e+00
-1.600000e+00	-1.200000e+00	2.280260e-01	1.759210e-02	0.000000e+00
-1.200000e+00	-8.000000e-01	2.310005e-01	1.877233e-02	0.000000e+00
-8.000000e-01	-4.000000e-01	2.574317e-01	2.328105e-02	0.000000e+00
-4.000000e-01	0.000000e+00	4.348850e-01	3.514025e-02	0.000000e+00
0.000000e+00	4.000000e-01	4.749162e-01	2.957025e-02	0.000000e+00
4.000000e-01	8.000000e-01	3.069128e-01	1.955325e-02	0.000000e+00
8.000000e-01	1.200000e+00	2.460836e-01	1.496833e-02	0.000000e+00
1.200000e+00	1.600000e+00	2.069798e-01	1.195450e-02	0.000000e+00
1.600000e+00	2.000000e+00	1.779839e-01	9.732275e-03	0.000000e+00
2.000000e+00	2.400000e+00	1.553755e-01	8.363450e-03	0.000000e+00
2.400000e+00	2.800000e+00	1.364248e-01	6.356650e-03	0.000000e+00
2.800000e+00	3.200000e+00	1.203562e-01	5.141375e-03	0.000000e+00
3.200000e+00	3.600000e+00	1.068520e-01	4.498550e-03	0.000000e+00
3.600000e+00	4.000000e+00	9.493865e-02	3.369225e-03	0.000000e+00
4.000000e+00	4.400000e+00	8.421920e-02	2.399325e-03	0.000000e+00
4.400000e+00	4.800000e+00	7.505200e-02	1.880525e-03	0.000000e+00
4.800000e+00	5.200000e+00	6.672025e-02	1.177025e-03	0.000000e+00
5.200000e+00	5.600000e+00	5.924083e-02	7.143500e-04	0.000000e+00
5.600000e+00	6.000000e+00	5.269792e-02	4.753500e-04	0.000000e+00
6.000000e+00	6.400000e+00	4.667162e-02	1.482250e-04	0.000000e+00
6.400000e+00	6.800000e+00	4.134650e-02	0.000000e+00	4.218500e-04
6.800000e+00	7.200000e+00	3.642115e-02	0.000000e+00	6.096000e-04
7.200000e+00	7.600000e+00	3.216700e-02	0.000000e+00	8.909750e-04
7.600000e+00	8.000000e+00	2.824745e-02	0.000000e+00	1.050625e-03
8.000000e+00	8.400000e+00	2.474035e-02	0.000000e+00	1.232078e-03
8.400000e+00	8.800000e+00	2.198696e-02	0.000000e+00	9.579375e-04
8.800000e+00	9.200000e+00	1.903227e-02	0.000000e+00	1.700498e-03
9.200000e+00	9.600000e+00	1.662371e-02	0.000000e+00	1.256830e-03
9.600000e+00	1.000000e+01	1.438479e-02	0.000000e+00	1.332145e-03
# END HISTO1D


# BEGIN HISTO1D //homes/tinghua1/Merging-Project/Production/HJETS/ratio-plots/hjets-matched-errorband/H3Jets-NLOPS-combine.yoda/MC_H2JETS_04_INC/y1j_yj2
ErrorBandColor=red
ErrorBandOpacity=0.3
ErrorBands=1
ErrorType=env
LineColor=red
LineStyle=solid
Path=//homes/tinghua1/Merging-Project/Production/HJETS/ratio-plots/hjets-matched-errorband/H3Jets-NLOPS-combine.yoda/MC_H2JETS_04_INC/y1j_yj2
RatioPlotSameStyle=1
Title=h(3*) $\oplus$ PS
# xlow	 xhigh	 val	 errminus	 errplus
-1.000000e+01	-9.600000e+00	3.123402e-02	1.182425e-03	0.000000e+00
-9.600000e+00	-9.200000e+00	3.562625e-02	2.354425e-03	0.000000e+00
-9.200000e+00	-8.800000e+00	3.987635e-02	7.112250e-04	6.707750e-04
-8.800000e+00	-8.400000e+00	4.377600e-02	2.267200e-03	3.913500e-04
-8.400000e+00	-8.000000e+00	4.854610e-02	3.368375e-03	9.123250e-04
-8.000000e+00	-7.600000e+00	5.153417e-02	3.634325e-03	3.510950e-03
-7.600000e+00	-7.200000e+00	5.958030e-02	5.536925e-03	0.000000e+00
-7.200000e+00	-6.800000e+00	6.439965e-02	5.413700e-03	2.839050e-03
-6.800000e+00	-6.400000e+00	7.051985e-02	7.441750e-03	1.001250e-03
-6.400000e+00	-6.000000e+00	7.877545e-02	8.241625e-03	0.000000e+00
-6.000000e+00	-5.600000e+00	8.140967e-02	3.868525e-03	3.273900e-03
-5.600000e+00	-5.200000e+00	8.951118e-02	8.393900e-03	4.223000e-03
-5.200000e+00	-4.800000e+00	9.718280e-02	1.247420e-02	1.274525e-03
-4.800000e+00	-4.400000e+00	1.022931e-01	1.089413e-02	4.594625e-03
-4.400000e+00	-4.000000e+00	1.082505e-01	1.025642e-02	4.839875e-03
-4.000000e+00	-3.600000e+00	1.135148e-01	8.908450e-03	5.576325e-03
-3.600000e+00	-3.200000e+00	1.160010e-01	9.022800e-03	1.023730e-02
-3.200000e+00	-2.800000e+00	1.254948e-01	1.070775e-02	6.026675e-03
-2.800000e+00	-2.400000e+00	1.277549e-01	9.570900e-03	7.569075e-03
-2.400000e+00	-2.000000e+00	1.363907e-01	1.775865e-02	5.085900e-03
-2.000000e+00	-1.600000e+00	1.376231e-01	1.616675e-02	1.027210e-02
-1.600000e+00	-1.200000e+00	1.382819e-01	7.591825e-03	1.429758e-02
-1.200000e+00	-8.000000e-01	1.560720e-01	1.792388e-02	8.442800e-03
-8.000000e-01	-4.000000e-01	1.867210e-01	1.764655e-02	1.014545e-02
-4.000000e-01	0.000000e+00	3.636935e-01	2.420125e-02	2.052200e-02
0.000000e+00	4.000000e-01	4.174870e-01	2.780575e-02	2.217775e-02
4.000000e-01	8.000000e-01	2.644965e-01	2.134105e-02	1.266925e-02
8.000000e-01	1.200000e+00	2.090937e-01	1.883720e-02	1.026645e-02
1.200000e+00	1.600000e+00	1.778697e-01	1.658552e-02	7.230250e-03
1.600000e+00	2.000000e+00	1.489303e-01	1.358572e-02	7.808600e-03
2.000000e+00	2.400000e+00	1.337974e-01	1.333575e-02	2.667625e-03
2.400000e+00	2.800000e+00	1.144481e-01	1.198488e-02	6.871675e-03
2.800000e+00	3.200000e+00	1.013929e-01	8.633275e-03	7.394825e-03
3.200000e+00	3.600000e+00	8.962168e-02	6.446300e-03	3.719450e-03
3.600000e+00	4.000000e+00	7.998028e-02	8.200550e-03	5.014025e-03
4.000000e+00	4.400000e+00	6.919645e-02	2.898500e-03	5.630850e-03
4.400000e+00	4.800000e+00	6.281425e-02	3.916150e-03	3.972350e-03
4.800000e+00	5.200000e+00	5.531327e-02	3.498425e-03	3.836625e-03
5.200000e+00	5.600000e+00	4.886688e-02	4.762775e-03	4.552525e-03
5.600000e+00	6.000000e+00	4.358997e-02	9.627250e-04	3.039875e-03
6.000000e+00	6.400000e+00	4.039165e-02	4.023600e-03	2.420525e-03
6.400000e+00	6.800000e+00	3.576010e-02	4.069350e-03	1.092225e-03
6.800000e+00	7.200000e+00	3.100010e-02	2.392800e-03	1.783300e-03
7.200000e+00	7.600000e+00	2.571553e-02	9.741750e-04	4.382475e-03
7.600000e+00	8.000000e+00	2.408764e-02	1.415052e-03	2.073012e-03
8.000000e+00	8.400000e+00	2.162631e-02	1.552317e-03	8.782475e-04
8.400000e+00	8.800000e+00	1.880375e-02	1.006800e-03	5.381600e-04
8.800000e+00	9.200000e+00	1.652314e-02	1.358498e-03	6.482575e-04
9.200000e+00	9.600000e+00	1.459069e-02	1.202225e-03	4.294150e-04
9.600000e+00	1.000000e+01	1.244226e-02	2.248870e-03	4.823750e-05
# END HISTO1D


# BEGIN HISTO1D //homes/tinghua1/Merging-Project/Production/HJETS/ratio-plots/hjets-matched-errorband/H2Jets-NLOPS-combine.yoda/MC_H2JETS_04_INC/y1j_yj2
ErrorBandColor=violet
ErrorBandOpacity=0.3
ErrorBands=1
ErrorType=env
LineColor=violet
LineStyle=solid
Path=//homes/tinghua1/Merging-Project/Production/HJETS/ratio-plots/hjets-matched-errorband/H2Jets-NLOPS-combine.yoda/MC_H2JETS_04_INC/y1j_yj2
RatioPlotSameStyle=1
Title=h(2*) $\oplus$ PS
# xlow	 xhigh	 val	 errminus	 errplus
-1.000000e+01	-9.600000e+00	7.124625e-02	3.246475e-03	1.537225e-03
-9.600000e+00	-9.200000e+00	7.838085e-02	3.396200e-03	1.859000e-03
-9.200000e+00	-8.800000e+00	8.573840e-02	3.589475e-03	2.308250e-03
-8.800000e+00	-8.400000e+00	9.387252e-02	4.063875e-03	2.821600e-03
-8.400000e+00	-8.000000e+00	1.021609e-01	4.150375e-03	2.995525e-03
-8.000000e+00	-7.600000e+00	1.109351e-01	4.978575e-03	3.215700e-03
-7.600000e+00	-7.200000e+00	1.201926e-01	5.737175e-03	3.240850e-03
-7.200000e+00	-6.800000e+00	1.290542e-01	5.742675e-03	4.135800e-03
-6.800000e+00	-6.400000e+00	1.382726e-01	6.663175e-03	4.657625e-03
-6.400000e+00	-6.000000e+00	1.473092e-01	6.623575e-03	5.341700e-03
-6.000000e+00	-5.600000e+00	1.567990e-01	7.098125e-03	5.797200e-03
-5.600000e+00	-5.200000e+00	1.658504e-01	7.799125e-03	6.249175e-03
-5.200000e+00	-4.800000e+00	1.748914e-01	8.649500e-03	6.403725e-03
-4.800000e+00	-4.400000e+00	1.827784e-01	8.903950e-03	7.006550e-03
-4.400000e+00	-4.000000e+00	1.904778e-01	9.674525e-03	7.858950e-03
-4.000000e+00	-3.600000e+00	1.967743e-01	9.205300e-03	8.798475e-03
-3.600000e+00	-3.200000e+00	2.025770e-01	9.557175e-03	8.743525e-03
-3.200000e+00	-2.800000e+00	2.071667e-01	1.020077e-02	9.044750e-03
-2.800000e+00	-2.400000e+00	2.099197e-01	9.859550e-03	9.339475e-03
-2.400000e+00	-2.000000e+00	2.121745e-01	1.031780e-02	8.694950e-03
-2.000000e+00	-1.600000e+00	2.122262e-01	9.435475e-03	8.789050e-03
-1.600000e+00	-1.200000e+00	2.131193e-01	9.384625e-03	8.196200e-03
-1.200000e+00	-8.000000e-01	2.176802e-01	8.155275e-03	7.578400e-03
-8.000000e-01	-4.000000e-01	2.495842e-01	7.931450e-03	7.647550e-03
-4.000000e-01	0.000000e+00	4.532572e-01	5.910750e-03	7.144250e-03
0.000000e+00	4.000000e-01	5.092273e-01	1.553500e-03	4.250000e-03
4.000000e-01	8.000000e-01	3.242845e-01	2.725500e-03	3.937000e-03
8.000000e-01	1.200000e+00	2.596035e-01	3.061000e-03	3.190500e-03
1.200000e+00	1.600000e+00	2.184063e-01	2.406575e-03	2.496750e-03
1.600000e+00	2.000000e+00	1.881353e-01	2.608275e-03	2.982850e-03
2.000000e+00	2.400000e+00	1.638344e-01	2.324775e-03	2.119150e-03
2.400000e+00	2.800000e+00	1.443693e-01	2.062400e-03	1.518775e-03
2.800000e+00	3.200000e+00	1.274391e-01	1.975000e-03	1.721225e-03
3.200000e+00	3.600000e+00	1.128954e-01	1.120600e-03	1.258850e-03
3.600000e+00	4.000000e+00	1.001133e-01	1.300100e-03	1.819125e-03
4.000000e+00	4.400000e+00	9.029975e-02	1.701800e-03	2.640500e-04
4.400000e+00	4.800000e+00	7.960083e-02	1.055175e-03	1.116150e-03
4.800000e+00	5.200000e+00	7.086982e-02	7.093000e-04	6.910500e-04
5.200000e+00	5.600000e+00	6.287495e-02	3.350750e-04	6.996000e-04
5.600000e+00	6.000000e+00	5.594902e-02	6.745750e-04	5.926250e-04
6.000000e+00	6.400000e+00	4.964382e-02	4.486000e-04	8.934250e-04
6.400000e+00	6.800000e+00	4.382525e-02	1.766250e-04	7.606250e-04
6.800000e+00	7.200000e+00	3.894850e-02	2.668750e-04	1.818500e-04
7.200000e+00	7.600000e+00	3.423090e-02	0.000000e+00	4.137750e-04
7.600000e+00	8.000000e+00	3.022872e-02	2.559500e-04	3.430250e-04
8.000000e+00	8.400000e+00	2.647260e-02	0.000000e+00	1.007325e-03
8.400000e+00	8.800000e+00	2.329196e-02	2.584225e-04	4.027000e-05
8.800000e+00	9.200000e+00	2.039567e-02	2.101700e-04	8.361500e-05
9.200000e+00	9.600000e+00	1.769267e-02	0.000000e+00	1.405975e-04
9.600000e+00	1.000000e+01	1.549992e-02	7.196250e-05	0.000000e+00
# END HISTO1D

