# BEGIN PLOT
Scale=1000.0
DrawOnly=//homes/tinghua1/Merging-Project/Production/HJETS/ratio-plots/hjets-vbfnlo/H-N2-N3-4-25gev-combine.yoda/MC_H2JETS_07_INC/deltay_jj //homes/tinghua1/Merging-Project/Production/HJETS/ratio-plots/hjets-vbfnlo/H-N2-N3-4-25gev-vbfnlo-combine.yoda/MC_H2JETS_07_INC/deltay_jj //homes/tinghua1/Merging-Project/Production/HJETS/ratio-plots/hjets-vbfnlo/H-N2-3-4-25gev-combine.yoda/MC_H2JETS_07_INC/deltay_jj //homes/tinghua1/Merging-Project/Production/HJETS/ratio-plots/hjets-vbfnlo/H-N2-3-4-25gev-vbfnlo-combine.yoda/MC_H2JETS_07_INC/deltay_jj //homes/tinghua1/Merging-Project/Production/HJETS/ratio-plots/hjets-vbfnlo/H-2-3-4-25gev-combine.yoda/MC_H2JETS_07_INC/deltay_jj //homes/tinghua1/Merging-Project/Production/HJETS/ratio-plots/hjets-vbfnlo/H-2-3-4-25gev-vbfnlo-combine.yoda/MC_H2JETS_07_INC/deltay_jj //homes/tinghua1/Merging-Project/Production/HJETS/ratio-plots/hjets-vbfnlo/H-2-3-25gev-combine.yoda/MC_H2JETS_07_INC/deltay_jj //homes/tinghua1/Merging-Project/Production/HJETS/ratio-plots/hjets-vbfnlo/H-2-3-25gev-vbfnlo-combine.yoda/MC_H2JETS_07_INC/deltay_jj
RightMargin=0.5
RatioPlotReference=//homes/tinghua1/Merging-Project/Production/HJETS/ratio-plots/hjets-vbfnlo/H-N2-N3-4-25gev-combine.yoda/MC_H2JETS_07_INC/deltay_jj
#RatioPlot=1
LogY=1
RatioPlotYMax=1.4
RatioPlotYLabel=Ratio
#LegendOnly=//homes/tinghua1/Merging-Project/Production/HJETS/ratio-plots/hjets-vbfnlo/H-N2-N3-4-25gev-combine.yoda/MC_H2JETS_07_INC/deltay_jj //homes/tinghua1/Merging-Project/Production/HJETS/ratio-plots/hjets-vbfnlo/H-N2-N3-4-25gev-vbfnlo-combine.yoda/MC_H2JETS_07_INC/deltay_jj //homes/tinghua1/Merging-Project/Production/HJETS/ratio-plots/hjets-vbfnlo/H-N2-3-4-25gev-combine.yoda/MC_H2JETS_07_INC/deltay_jj //homes/tinghua1/Merging-Project/Production/HJETS/ratio-plots/hjets-vbfnlo/H-N2-3-4-25gev-vbfnlo-combine.yoda/MC_H2JETS_07_INC/deltay_jj //homes/tinghua1/Merging-Project/Production/HJETS/ratio-plots/hjets-vbfnlo/H-2-3-4-25gev-combine.yoda/MC_H2JETS_07_INC/deltay_jj //homes/tinghua1/Merging-Project/Production/HJETS/ratio-plots/hjets-vbfnlo/H-2-3-4-25gev-vbfnlo-combine.yoda/MC_H2JETS_07_INC/deltay_jj //homes/tinghua1/Merging-Project/Production/HJETS/ratio-plots/hjets-vbfnlo/H-2-3-25gev-combine.yoda/MC_H2JETS_07_INC/deltay_jj //homes/tinghua1/Merging-Project/Production/HJETS/ratio-plots/hjets-vbfnlo/H-2-3-25gev-vbfnlo-combine.yoda/MC_H2JETS_07_INC/deltay_jj
XLabel=$\Delta y_{j_1j_2}$ 
LegendAlign=r
XMax=9.0
YLabel=$ \text{d} \sigma/ \text{d}  \Delta y_{j_1j_2}$ (fb)
Legend=1
RatioPlot=4
MainPlotSelection={"Selection":[1,2,3,4,5,6,7,8]}
RatioPlots={"RatioPlotYLabel":"","Selection":[1,2]};{"RatioPlotYLabel":"","Selection":[3,4]};{"RatioPlotYLabel":"","Selection":[5,6]};{"RatioPlotYLabel":"","Selection":[7,8]}
RatioPlotSameStyle=1
RatioPlotYMin=0.2
# END PLOT


# BEGIN SPECIAL /MC_H2JETS_07_INC/deltay_jj
\rput[tl](0.05,0.75){\parbox{5cm}{\textcolor{gray}{{\bf Herwig 7.2.0} \\ HJETS/ColorFull}}}
# END SPECIAL

# BEGIN HISTO1D //homes/tinghua1/Merging-Project/Production/HJETS/ratio-plots/hjets-vbfnlo/H-N2-N3-4-25gev-combine.yoda/MC_H2JETS_07_INC/deltay_jj
ErrorBandColor=orange
ErrorBandOpacity=0.3
ErrorBands=1
ErrorType=env
LineColor=orange
LineStyle=solid
Path=//homes/tinghua1/Merging-Project/Production/HJETS/ratio-plots/hjets-vbfnlo/H-N2-N3-4-25gev-combine.yoda/MC_H2JETS_07_INC/deltay_jj
RatioPlotSameStyle=1
Title=h(2*,3*,4)
# xlow	 xhigh	 val	 errminus	 errplus
0.000000e+00	2.000000e-01	7.028650e-01	0.000000e+00	2.393800e-02
2.000000e-01	4.000000e-01	7.308895e-01	1.313600e-02	6.556000e-03
4.000000e-01	6.000000e-01	7.374300e-01	2.659250e-02	1.751400e-02
6.000000e-01	8.000000e-01	7.892190e-01	1.954300e-02	2.266200e-02
8.000000e-01	1.000000e+00	7.465965e-01	2.150700e-02	1.752600e-02
1.000000e+00	1.200000e+00	6.454540e-01	3.098500e-03	6.191500e-03
1.200000e+00	1.400000e+00	5.576745e-01	2.147400e-02	0.000000e+00
1.400000e+00	1.600000e+00	4.572574e-01	0.000000e+00	1.125830e-02
1.600000e+00	1.800000e+00	3.997515e-01	2.936950e-03	4.864850e-03
1.800000e+00	2.000000e+00	3.609612e-01	7.990500e-04	9.445850e-03
2.000000e+00	2.200000e+00	3.493226e-01	0.000000e+00	3.556100e-03
2.200000e+00	2.400000e+00	3.518841e-01	4.761400e-03	3.070400e-03
2.400000e+00	2.600000e+00	3.628814e-01	1.742550e-03	2.451700e-03
2.600000e+00	2.800000e+00	3.846165e-01	2.893250e-03	1.099910e-02
2.800000e+00	3.000000e+00	4.151592e-01	1.113420e-02	5.100400e-03
3.000000e+00	3.200000e+00	4.384355e-01	3.857900e-03	9.754400e-03
3.200000e+00	3.400000e+00	4.661769e-01	1.795355e-02	1.174715e-02
3.400000e+00	3.600000e+00	4.952770e-01	9.585300e-03	2.794350e-03
3.600000e+00	3.800000e+00	5.068360e-01	1.509900e-02	1.664200e-02
3.800000e+00	4.000000e+00	5.210145e-01	1.247650e-02	1.374500e-02
4.000000e+00	4.200000e+00	5.291570e-01	1.230900e-02	1.433050e-02
4.200000e+00	4.400000e+00	5.292275e-01	1.524600e-02	1.943100e-02
4.400000e+00	4.600000e+00	5.327055e-01	2.223250e-02	1.098250e-02
4.600000e+00	4.800000e+00	5.200915e-01	1.032950e-02	9.675500e-03
4.800000e+00	5.000000e+00	5.024565e-01	9.660250e-03	1.219900e-02
5.000000e+00	5.200000e+00	4.824836e-01	2.476300e-03	9.317050e-03
5.200000e+00	5.400000e+00	4.624075e-01	1.874940e-02	2.006550e-03
5.400000e+00	5.600000e+00	4.272056e-01	1.103000e-02	3.616400e-03
5.600000e+00	5.800000e+00	4.036452e-01	1.187885e-02	0.000000e+00
5.800000e+00	6.000000e+00	3.595672e-01	3.377100e-03	2.310500e-04
6.000000e+00	6.200000e+00	3.210022e-01	1.172900e-03	1.253400e-03
6.200000e+00	6.400000e+00	2.820348e-01	9.743500e-04	0.000000e+00
6.400000e+00	6.600000e+00	2.455288e-01	2.088650e-03	0.000000e+00
6.600000e+00	6.800000e+00	2.092399e-01	2.781300e-03	0.000000e+00
6.800000e+00	7.000000e+00	1.748390e-01	2.968250e-03	0.000000e+00
7.000000e+00	7.200000e+00	1.423402e-01	2.711100e-03	0.000000e+00
7.200000e+00	7.400000e+00	1.128888e-01	2.321050e-03	8.255000e-04
7.400000e+00	7.600000e+00	8.745680e-02	2.604950e-03	7.749000e-04
7.600000e+00	7.800000e+00	6.452480e-02	1.628300e-03	1.513150e-03
7.800000e+00	8.000000e+00	4.607154e-02	1.588380e-03	8.159000e-04
8.000000e+00	8.200000e+00	3.092650e-02	1.056545e-03	1.080100e-03
8.200000e+00	8.400000e+00	1.921684e-02	6.940600e-04	7.304150e-04
8.400000e+00	8.600000e+00	1.070134e-02	4.060450e-04	3.780000e-04
8.600000e+00	8.800000e+00	4.872177e-03	2.479595e-04	2.607725e-04
8.800000e+00	9.000000e+00	1.245519e-03	8.933750e-05	5.646700e-05
9.000000e+00	9.200000e+00	0.000000e+00	0.000000e+00	0.000000e+00
9.200000e+00	9.400000e+00	0.000000e+00	0.000000e+00	0.000000e+00
9.400000e+00	9.600000e+00	0.000000e+00	0.000000e+00	0.000000e+00
9.600000e+00	9.800000e+00	0.000000e+00	0.000000e+00	0.000000e+00
9.800000e+00	1.000000e+01	0.000000e+00	0.000000e+00	0.000000e+00
# END HISTO1D


# BEGIN HISTO1D //homes/tinghua1/Merging-Project/Production/HJETS/ratio-plots/hjets-vbfnlo/H-N2-N3-4-25gev-vbfnlo-combine.yoda/MC_H2JETS_07_INC/deltay_jj
ErrorBandColor=red
ErrorBandOpacity=0.3
ErrorBands=1
ErrorType=env
LineColor=red
LineStyle=solid
Path=//homes/tinghua1/Merging-Project/Production/HJETS/ratio-plots/hjets-vbfnlo/H-N2-N3-4-25gev-vbfnlo-combine.yoda/MC_H2JETS_07_INC/deltay_jj
RatioPlotSameStyle=1
Title=h(2*,3*,4)-vbfnlo
# xlow	 xhigh	 val	 errminus	 errplus
0.000000e+00	2.000000e-01	1.617032e-01	0.000000e+00	1.945585e-02
2.000000e-01	4.000000e-01	1.646141e-01	0.000000e+00	2.139370e-02
4.000000e-01	6.000000e-01	1.722171e-01	0.000000e+00	1.812530e-02
6.000000e-01	8.000000e-01	1.939344e-01	0.000000e+00	2.162955e-02
8.000000e-01	1.000000e+00	1.871499e-01	0.000000e+00	2.286210e-02
1.000000e+00	1.200000e+00	1.732715e-01	0.000000e+00	1.339045e-02
1.200000e+00	1.400000e+00	1.687524e-01	0.000000e+00	6.683650e-03
1.400000e+00	1.600000e+00	1.725812e-01	0.000000e+00	3.095600e-03
1.600000e+00	1.800000e+00	1.879007e-01	4.065600e-03	0.000000e+00
1.800000e+00	2.000000e+00	2.106171e-01	1.255215e-02	0.000000e+00
2.000000e+00	2.200000e+00	2.343329e-01	1.486805e-02	0.000000e+00
2.200000e+00	2.400000e+00	2.674227e-01	2.239735e-02	0.000000e+00
2.400000e+00	2.600000e+00	3.012036e-01	2.336670e-02	0.000000e+00
2.600000e+00	2.800000e+00	3.382716e-01	2.731410e-02	0.000000e+00
2.800000e+00	3.000000e+00	3.754521e-01	3.012065e-02	0.000000e+00
3.000000e+00	3.200000e+00	4.115139e-01	2.922275e-02	0.000000e+00
3.200000e+00	3.400000e+00	4.454009e-01	3.156605e-02	0.000000e+00
3.400000e+00	3.600000e+00	4.789445e-01	2.361230e-02	0.000000e+00
3.600000e+00	3.800000e+00	5.030955e-01	3.167690e-02	0.000000e+00
3.800000e+00	4.000000e+00	5.231530e-01	3.709575e-02	0.000000e+00
4.000000e+00	4.200000e+00	5.354060e-01	3.848685e-02	0.000000e+00
4.200000e+00	4.400000e+00	5.387770e-01	3.441700e-02	0.000000e+00
4.400000e+00	4.600000e+00	5.361510e-01	2.698750e-02	0.000000e+00
4.600000e+00	4.800000e+00	5.262690e-01	2.901740e-02	0.000000e+00
4.800000e+00	5.000000e+00	5.149875e-01	2.766810e-02	0.000000e+00
5.000000e+00	5.200000e+00	4.886085e-01	1.797100e-02	0.000000e+00
5.200000e+00	5.400000e+00	4.625876e-01	1.711305e-02	0.000000e+00
5.400000e+00	5.600000e+00	4.305270e-01	1.163900e-02	0.000000e+00
5.600000e+00	5.800000e+00	3.960095e-01	8.039500e-03	0.000000e+00
5.800000e+00	6.000000e+00	3.591288e-01	6.871050e-03	0.000000e+00
6.000000e+00	6.200000e+00	3.208796e-01	3.997500e-03	5.599000e-04
6.200000e+00	6.400000e+00	2.820527e-01	2.292250e-03	5.352000e-04
6.400000e+00	6.600000e+00	2.434398e-01	0.000000e+00	1.895650e-03
6.600000e+00	6.800000e+00	2.093058e-01	1.207100e-03	0.000000e+00
6.800000e+00	7.000000e+00	1.718889e-01	0.000000e+00	2.620250e-03
7.000000e+00	7.200000e+00	1.397717e-01	0.000000e+00	2.631850e-03
7.200000e+00	7.400000e+00	1.107513e-01	0.000000e+00	2.797650e-03
7.400000e+00	7.600000e+00	8.488485e-02	0.000000e+00	3.472850e-03
7.600000e+00	7.800000e+00	6.287250e-02	0.000000e+00	3.160950e-03
7.800000e+00	8.000000e+00	4.448590e-02	0.000000e+00	2.638410e-03
8.000000e+00	8.200000e+00	2.965666e-02	0.000000e+00	1.945360e-03
8.200000e+00	8.400000e+00	1.922802e-02	0.000000e+00	6.556050e-04
8.400000e+00	8.600000e+00	1.017570e-02	0.000000e+00	9.692400e-04
8.600000e+00	8.800000e+00	4.643938e-03	0.000000e+00	5.175115e-04
8.800000e+00	9.000000e+00	1.139682e-03	0.000000e+00	1.586655e-04
9.000000e+00	9.200000e+00	0.000000e+00	0.000000e+00	0.000000e+00
9.200000e+00	9.400000e+00	0.000000e+00	0.000000e+00	0.000000e+00
9.400000e+00	9.600000e+00	0.000000e+00	0.000000e+00	0.000000e+00
9.600000e+00	9.800000e+00	0.000000e+00	0.000000e+00	0.000000e+00
9.800000e+00	1.000000e+01	0.000000e+00	0.000000e+00	0.000000e+00
# END HISTO1D


# BEGIN HISTO1D //homes/tinghua1/Merging-Project/Production/HJETS/ratio-plots/hjets-vbfnlo/H-N2-3-4-25gev-combine.yoda/MC_H2JETS_07_INC/deltay_jj
ErrorBandColor=blue
ErrorBandOpacity=0.3
ErrorBands=1
ErrorType=env
LineColor=blue
LineStyle=solid
Path=//homes/tinghua1/Merging-Project/Production/HJETS/ratio-plots/hjets-vbfnlo/H-N2-3-4-25gev-combine.yoda/MC_H2JETS_07_INC/deltay_jj
RatioPlotSameStyle=1
Title=h(2*,3,4)
# xlow	 xhigh	 val	 errminus	 errplus
0.000000e+00	2.000000e-01	7.237350e-01	2.035800e-02	2.027300e-02
2.000000e-01	4.000000e-01	7.226215e-01	1.552350e-02	2.421400e-02
4.000000e-01	6.000000e-01	7.343225e-01	1.654900e-02	2.569800e-02
6.000000e-01	8.000000e-01	7.808405e-01	1.420000e-02	3.205950e-02
8.000000e-01	1.000000e+00	7.431430e-01	1.813900e-02	2.313250e-02
1.000000e+00	1.200000e+00	6.409710e-01	1.070150e-02	2.136750e-02
1.200000e+00	1.400000e+00	5.403125e-01	4.141500e-03	9.721500e-03
1.400000e+00	1.600000e+00	4.575772e-01	2.186050e-03	4.243450e-03
1.600000e+00	1.800000e+00	3.973688e-01	2.742800e-03	5.321700e-03
1.800000e+00	2.000000e+00	3.587670e-01	2.189350e-03	5.059550e-03
2.000000e+00	2.200000e+00	3.439938e-01	8.562000e-04	2.235050e-03
2.200000e+00	2.400000e+00	3.443017e-01	0.000000e+00	4.232550e-03
2.400000e+00	2.600000e+00	3.621061e-01	3.883600e-03	6.776350e-03
2.600000e+00	2.800000e+00	3.848432e-01	6.711750e-03	7.325450e-03
2.800000e+00	3.000000e+00	4.117807e-01	1.084950e-02	9.202500e-03
3.000000e+00	3.200000e+00	4.374206e-01	1.013840e-02	1.177790e-02
3.200000e+00	3.400000e+00	4.630708e-01	1.669120e-02	1.439420e-02
3.400000e+00	3.600000e+00	4.860041e-01	1.855270e-02	1.551040e-02
3.600000e+00	3.800000e+00	5.071410e-01	1.881860e-02	1.509850e-02
3.800000e+00	4.000000e+00	5.189020e-01	1.528050e-02	1.662850e-02
4.000000e+00	4.200000e+00	5.297635e-01	1.791850e-02	1.580800e-02
4.200000e+00	4.400000e+00	5.370630e-01	2.079250e-02	1.029100e-02
4.400000e+00	4.600000e+00	5.283650e-01	1.314450e-02	1.522850e-02
4.600000e+00	4.800000e+00	5.207505e-01	1.462600e-02	1.227650e-02
4.800000e+00	5.000000e+00	5.038550e-01	1.124665e-02	1.147350e-02
5.000000e+00	5.200000e+00	4.849759e-01	8.777950e-03	6.645200e-03
5.200000e+00	5.400000e+00	4.567486e-01	9.579400e-03	7.787750e-03
5.400000e+00	5.600000e+00	4.378128e-01	1.568545e-02	0.000000e+00
5.600000e+00	5.800000e+00	3.931388e-01	5.692950e-03	3.796750e-03
5.800000e+00	6.000000e+00	3.577203e-01	3.222650e-03	2.677450e-03
6.000000e+00	6.200000e+00	3.205043e-01	6.640000e-04	3.910500e-04
6.200000e+00	6.400000e+00	2.824816e-01	0.000000e+00	2.067500e-04
6.400000e+00	6.600000e+00	2.452045e-01	1.627150e-03	0.000000e+00
6.600000e+00	6.800000e+00	2.082866e-01	1.890150e-03	9.570000e-05
6.800000e+00	7.000000e+00	1.742628e-01	2.806800e-03	1.351000e-04
7.000000e+00	7.200000e+00	1.417921e-01	1.789900e-03	1.588750e-03
7.200000e+00	7.400000e+00	1.130312e-01	2.887150e-03	7.760000e-04
7.400000e+00	7.600000e+00	8.687960e-02	1.861000e-03	1.513150e-03
7.600000e+00	7.800000e+00	6.466250e-02	1.887600e-03	1.107000e-03
7.800000e+00	8.000000e+00	4.619194e-02	1.841655e-03	9.592000e-04
8.000000e+00	8.200000e+00	3.086503e-02	1.207730e-03	9.284750e-04
8.200000e+00	8.400000e+00	1.950043e-02	1.171645e-03	5.466700e-04
8.400000e+00	8.600000e+00	1.076578e-02	6.515700e-04	5.010550e-04
8.600000e+00	8.800000e+00	4.921893e-03	3.167825e-04	1.879820e-04
8.800000e+00	9.000000e+00	1.213439e-03	5.646950e-05	7.822100e-05
9.000000e+00	9.200000e+00	0.000000e+00	0.000000e+00	0.000000e+00
9.200000e+00	9.400000e+00	0.000000e+00	0.000000e+00	0.000000e+00
9.400000e+00	9.600000e+00	0.000000e+00	0.000000e+00	0.000000e+00
9.600000e+00	9.800000e+00	0.000000e+00	0.000000e+00	0.000000e+00
9.800000e+00	1.000000e+01	0.000000e+00	0.000000e+00	0.000000e+00
# END HISTO1D


# BEGIN HISTO1D //homes/tinghua1/Merging-Project/Production/HJETS/ratio-plots/hjets-vbfnlo/H-N2-3-4-25gev-vbfnlo-combine.yoda/MC_H2JETS_07_INC/deltay_jj
ErrorBandColor=cyan
ErrorBandOpacity=0.3
ErrorBands=1
ErrorType=env
LineColor=cyan
LineStyle=solid
Path=//homes/tinghua1/Merging-Project/Production/HJETS/ratio-plots/hjets-vbfnlo/H-N2-3-4-25gev-vbfnlo-combine.yoda/MC_H2JETS_07_INC/deltay_jj
RatioPlotSameStyle=1
Title=h(2*,3,4)-vbfnlo
# xlow	 xhigh	 val	 errminus	 errplus
0.000000e+00	2.000000e-01	1.690117e-01	1.439305e-02	1.879520e-02
2.000000e-01	4.000000e-01	1.727006e-01	1.534785e-02	1.768520e-02
4.000000e-01	6.000000e-01	1.785613e-01	1.418890e-02	1.915890e-02
6.000000e-01	8.000000e-01	2.018952e-01	1.517020e-02	1.935900e-02
8.000000e-01	1.000000e+00	1.959843e-01	1.433690e-02	1.834990e-02
1.000000e+00	1.200000e+00	1.782412e-01	9.182750e-03	1.467345e-02
1.200000e+00	1.400000e+00	1.685266e-01	3.439100e-03	1.060230e-02
1.400000e+00	1.600000e+00	1.733987e-01	1.874850e-03	4.096800e-03
1.600000e+00	1.800000e+00	1.847054e-01	0.000000e+00	7.296500e-04
1.800000e+00	2.000000e+00	2.022089e-01	2.867400e-03	4.873600e-03
2.000000e+00	2.200000e+00	2.269984e-01	7.950000e-03	6.902700e-03
2.200000e+00	2.400000e+00	2.567400e-01	1.001985e-02	1.009415e-02
2.400000e+00	2.600000e+00	2.895667e-01	1.403400e-02	1.268335e-02
2.600000e+00	2.800000e+00	3.250536e-01	1.585935e-02	1.430115e-02
2.800000e+00	3.000000e+00	3.613086e-01	1.723265e-02	1.657525e-02
3.000000e+00	3.200000e+00	3.965850e-01	1.939280e-02	1.967590e-02
3.200000e+00	3.400000e+00	4.301332e-01	2.130100e-02	1.912380e-02
3.400000e+00	3.600000e+00	4.613814e-01	2.551705e-02	1.860580e-02
3.600000e+00	3.800000e+00	4.861576e-01	2.250060e-02	1.675790e-02
3.800000e+00	4.000000e+00	5.053345e-01	2.199280e-02	1.800350e-02
4.000000e+00	4.200000e+00	5.189695e-01	2.014945e-02	1.662150e-02
4.200000e+00	4.400000e+00	5.242960e-01	1.846600e-02	1.578700e-02
4.400000e+00	4.600000e+00	5.227335e-01	1.794800e-02	1.566200e-02
4.600000e+00	4.800000e+00	5.163915e-01	1.701195e-02	1.159850e-02
4.800000e+00	5.000000e+00	5.019470e-01	1.588875e-02	9.912000e-03
5.000000e+00	5.200000e+00	4.808444e-01	1.173680e-02	8.922250e-03
5.200000e+00	5.400000e+00	4.558707e-01	1.115520e-02	6.373150e-03
5.400000e+00	5.600000e+00	4.264790e-01	1.037075e-02	4.029450e-03
5.600000e+00	5.800000e+00	3.928574e-01	6.872500e-03	2.879500e-03
5.800000e+00	6.000000e+00	3.571668e-01	5.148900e-03	1.810400e-03
6.000000e+00	6.200000e+00	3.199890e-01	3.348300e-03	6.730000e-05
6.200000e+00	6.400000e+00	2.826994e-01	2.868400e-03	0.000000e+00
6.400000e+00	6.600000e+00	2.443798e-01	1.273900e-03	0.000000e+00
6.600000e+00	6.800000e+00	2.084401e-01	1.990150e-03	4.995000e-05
6.800000e+00	7.000000e+00	1.739415e-01	2.509900e-03	3.222000e-04
7.000000e+00	7.200000e+00	1.413656e-01	2.120900e-03	1.772750e-03
7.200000e+00	7.400000e+00	1.122016e-01	2.299400e-03	1.584250e-03
7.400000e+00	7.600000e+00	8.692420e-02	2.461800e-03	1.481950e-03
7.600000e+00	7.800000e+00	6.436575e-02	1.826550e-03	1.741250e-03
7.800000e+00	8.000000e+00	4.585864e-02	1.598635e-03	1.414675e-03
8.000000e+00	8.200000e+00	3.098510e-02	1.251785e-03	1.056760e-03
8.200000e+00	8.400000e+00	1.923174e-02	8.938950e-04	7.782750e-04
8.400000e+00	8.600000e+00	1.074754e-02	5.811450e-04	5.025150e-04
8.600000e+00	8.800000e+00	4.894116e-03	3.385995e-04	2.402490e-04
8.800000e+00	9.000000e+00	1.206988e-03	6.000250e-05	8.302550e-05
9.000000e+00	9.200000e+00	0.000000e+00	0.000000e+00	0.000000e+00
9.200000e+00	9.400000e+00	0.000000e+00	0.000000e+00	0.000000e+00
9.400000e+00	9.600000e+00	0.000000e+00	0.000000e+00	0.000000e+00
9.600000e+00	9.800000e+00	0.000000e+00	0.000000e+00	0.000000e+00
9.800000e+00	1.000000e+01	0.000000e+00	0.000000e+00	0.000000e+00
# END HISTO1D


# BEGIN HISTO1D //homes/tinghua1/Merging-Project/Production/HJETS/ratio-plots/hjets-vbfnlo/H-2-3-4-25gev-combine.yoda/MC_H2JETS_07_INC/deltay_jj
ErrorBandColor=yellow
ErrorBandOpacity=0.3
ErrorBands=1
ErrorType=env
LineColor=yellow
LineStyle=solid
Path=//homes/tinghua1/Merging-Project/Production/HJETS/ratio-plots/hjets-vbfnlo/H-2-3-4-25gev-combine.yoda/MC_H2JETS_07_INC/deltay_jj
RatioPlotSameStyle=1
Title=h(2,3,4)
# xlow	 xhigh	 val	 errminus	 errplus
0.000000e+00	2.000000e-01	5.897045e-01	1.889000e-03	2.700000e-05
2.000000e-01	4.000000e-01	5.928675e-01	1.557500e-03	0.000000e+00
4.000000e-01	6.000000e-01	6.057930e-01	2.062500e-03	0.000000e+00
6.000000e-01	8.000000e-01	6.554930e-01	1.447500e-03	1.574500e-03
8.000000e-01	1.000000e+00	6.264815e-01	1.906500e-03	1.045000e-04
1.000000e+00	1.200000e+00	5.409185e-01	4.715500e-03	5.430000e-03
1.200000e+00	1.400000e+00	4.596590e-01	8.066800e-03	7.069850e-03
1.400000e+00	1.600000e+00	3.953684e-01	9.239750e-03	6.741850e-03
1.600000e+00	1.800000e+00	3.505173e-01	7.493900e-03	6.909950e-03
1.800000e+00	2.000000e+00	3.277342e-01	6.975300e-03	5.546650e-03
2.000000e+00	2.200000e+00	3.236949e-01	6.874150e-03	3.628600e-03
2.200000e+00	2.400000e+00	3.345413e-01	7.262550e-03	6.184900e-03
2.400000e+00	2.600000e+00	3.579616e-01	1.094370e-02	6.612800e-03
2.600000e+00	2.800000e+00	3.856495e-01	1.222245e-02	8.920300e-03
2.800000e+00	3.000000e+00	4.174232e-01	1.570960e-02	9.260300e-03
3.000000e+00	3.200000e+00	4.479458e-01	1.617455e-02	1.032260e-02
3.200000e+00	3.400000e+00	4.785351e-01	1.674165e-02	8.069650e-03
3.400000e+00	3.600000e+00	5.035255e-01	1.503725e-02	8.000500e-03
3.600000e+00	3.800000e+00	5.259745e-01	1.374950e-02	5.409000e-03
3.800000e+00	4.000000e+00	5.406050e-01	1.065650e-02	5.049500e-03
4.000000e+00	4.200000e+00	5.507435e-01	7.982500e-03	4.075000e-04
4.200000e+00	4.400000e+00	5.521440e-01	2.951500e-03	0.000000e+00
4.400000e+00	4.600000e+00	5.464425e-01	2.339000e-03	9.300000e-04
4.600000e+00	4.800000e+00	5.362345e-01	7.819000e-03	3.316500e-03
4.800000e+00	5.000000e+00	5.196360e-01	1.233050e-02	5.325500e-03
5.000000e+00	5.200000e+00	4.936307e-01	1.390390e-02	1.241030e-02
5.200000e+00	5.400000e+00	4.642320e-01	1.574305e-02	1.364850e-02
5.400000e+00	5.600000e+00	4.309895e-01	1.706140e-02	1.621820e-02
5.600000e+00	5.800000e+00	3.947328e-01	1.808405e-02	1.793980e-02
5.800000e+00	6.000000e+00	3.559909e-01	1.874415e-02	1.984920e-02
6.000000e+00	6.200000e+00	3.162544e-01	1.842640e-02	1.971935e-02
6.200000e+00	6.400000e+00	2.766730e-01	1.824750e-02	1.987150e-02
6.400000e+00	6.600000e+00	2.376618e-01	1.719015e-02	1.920925e-02
6.600000e+00	6.800000e+00	2.002234e-01	1.540995e-02	1.767310e-02
6.800000e+00	7.000000e+00	1.651644e-01	1.388595e-02	1.669300e-02
7.000000e+00	7.200000e+00	1.332339e-01	1.204565e-02	1.398760e-02
7.200000e+00	7.400000e+00	1.045401e-01	1.012385e-02	1.205350e-02
7.400000e+00	7.600000e+00	7.946175e-02	8.203050e-03	1.001470e-02
7.600000e+00	7.800000e+00	5.825415e-02	6.366850e-03	7.768200e-03
7.800000e+00	8.000000e+00	4.079685e-02	4.629180e-03	5.779785e-03
8.000000e+00	8.200000e+00	2.699668e-02	3.257035e-03	4.163260e-03
8.200000e+00	8.400000e+00	1.649969e-02	2.087455e-03	2.709430e-03
8.400000e+00	8.600000e+00	9.033230e-03	1.191325e-03	1.556420e-03
8.600000e+00	8.800000e+00	4.040488e-03	5.841375e-04	7.264910e-04
8.800000e+00	9.000000e+00	9.802730e-04	1.325375e-04	2.015765e-04
9.000000e+00	9.200000e+00	0.000000e+00	0.000000e+00	0.000000e+00
9.200000e+00	9.400000e+00	0.000000e+00	0.000000e+00	0.000000e+00
9.400000e+00	9.600000e+00	0.000000e+00	0.000000e+00	0.000000e+00
9.600000e+00	9.800000e+00	0.000000e+00	0.000000e+00	0.000000e+00
9.800000e+00	1.000000e+01	0.000000e+00	0.000000e+00	0.000000e+00
# END HISTO1D


# BEGIN HISTO1D //homes/tinghua1/Merging-Project/Production/HJETS/ratio-plots/hjets-vbfnlo/H-2-3-4-25gev-vbfnlo-combine.yoda/MC_H2JETS_07_INC/deltay_jj
ErrorBandColor=green
ErrorBandOpacity=0.3
ErrorBands=1
ErrorType=env
LineColor=green
LineStyle=solid
Path=//homes/tinghua1/Merging-Project/Production/HJETS/ratio-plots/hjets-vbfnlo/H-2-3-4-25gev-vbfnlo-combine.yoda/MC_H2JETS_07_INC/deltay_jj
RatioPlotSameStyle=1
Title=h(2,3,4)-vbfnlo
# xlow	 xhigh	 val	 errminus	 errplus
0.000000e+00	2.000000e-01	1.632176e-01	1.627530e-02	1.876570e-02
2.000000e-01	4.000000e-01	1.666932e-01	1.644950e-02	1.868370e-02
4.000000e-01	6.000000e-01	1.746022e-01	1.630355e-02	1.948715e-02
6.000000e-01	8.000000e-01	1.992250e-01	1.709140e-02	2.181695e-02
8.000000e-01	1.000000e+00	1.951822e-01	1.606090e-02	1.962095e-02
1.000000e+00	1.200000e+00	1.783491e-01	1.065990e-02	1.313165e-02
1.200000e+00	1.400000e+00	1.716103e-01	5.473800e-03	6.964600e-03
1.400000e+00	1.600000e+00	1.757423e-01	1.244500e-03	1.799000e-03
1.600000e+00	1.800000e+00	1.894281e-01	3.486300e-03	1.460100e-03
1.800000e+00	2.000000e+00	2.093937e-01	7.052800e-03	5.367350e-03
2.000000e+00	2.200000e+00	2.360570e-01	1.067490e-02	8.266050e-03
2.200000e+00	2.400000e+00	2.681251e-01	1.437135e-02	1.027855e-02
2.400000e+00	2.600000e+00	3.037889e-01	1.747045e-02	1.263060e-02
2.600000e+00	2.800000e+00	3.421501e-01	1.945655e-02	1.351315e-02
2.800000e+00	3.000000e+00	3.813825e-01	2.066780e-02	1.394975e-02
3.000000e+00	3.200000e+00	4.191375e-01	2.084265e-02	1.338120e-02
3.200000e+00	3.400000e+00	4.535984e-01	1.970695e-02	1.284430e-02
3.400000e+00	3.600000e+00	4.845200e-01	1.825715e-02	1.135850e-02
3.600000e+00	3.800000e+00	5.102630e-01	1.564690e-02	9.061000e-03
3.800000e+00	4.000000e+00	5.296925e-01	1.306350e-02	5.535500e-03
4.000000e+00	4.200000e+00	5.419785e-01	9.527000e-03	2.495000e-03
4.200000e+00	4.400000e+00	5.452985e-01	4.394500e-03	0.000000e+00
4.400000e+00	4.600000e+00	5.433345e-01	4.351000e-03	0.000000e+00
4.600000e+00	4.800000e+00	5.327520e-01	7.435000e-03	3.458000e-03
4.800000e+00	5.000000e+00	5.160715e-01	1.126100e-02	6.721500e-03
5.000000e+00	5.200000e+00	4.927058e-01	1.367430e-02	1.018020e-02
5.200000e+00	5.400000e+00	4.633155e-01	1.497200e-02	1.400480e-02
5.400000e+00	5.600000e+00	4.306238e-01	1.701605e-02	1.593235e-02
5.600000e+00	5.800000e+00	3.944658e-01	1.817200e-02	1.772080e-02
5.800000e+00	6.000000e+00	3.557729e-01	1.862475e-02	1.945840e-02
6.000000e+00	6.200000e+00	3.158865e-01	1.814460e-02	2.036460e-02
6.200000e+00	6.400000e+00	2.763649e-01	1.782090e-02	1.996135e-02
6.400000e+00	6.600000e+00	2.375840e-01	1.686900e-02	1.888690e-02
6.600000e+00	6.800000e+00	2.002636e-01	1.584130e-02	1.778940e-02
6.800000e+00	7.000000e+00	1.650644e-01	1.360465e-02	1.640925e-02
7.000000e+00	7.200000e+00	1.331635e-01	1.213200e-02	1.422705e-02
7.200000e+00	7.400000e+00	1.044379e-01	1.007215e-02	1.207890e-02
7.400000e+00	7.600000e+00	7.950610e-02	8.299050e-03	9.953550e-03
7.600000e+00	7.800000e+00	5.829495e-02	6.396950e-03	7.784800e-03
7.800000e+00	8.000000e+00	4.072000e-02	4.651510e-03	5.980435e-03
8.000000e+00	8.200000e+00	2.695630e-02	3.231255e-03	4.172540e-03
8.200000e+00	8.400000e+00	1.652294e-02	2.111300e-03	2.726050e-03
8.400000e+00	8.600000e+00	9.038195e-03	1.209930e-03	1.526400e-03
8.600000e+00	8.800000e+00	4.018689e-03	5.452970e-04	7.556565e-04
8.800000e+00	9.000000e+00	9.912035e-04	1.453450e-04	1.852505e-04
9.000000e+00	9.200000e+00	0.000000e+00	0.000000e+00	0.000000e+00
9.200000e+00	9.400000e+00	0.000000e+00	0.000000e+00	0.000000e+00
9.400000e+00	9.600000e+00	0.000000e+00	0.000000e+00	0.000000e+00
9.600000e+00	9.800000e+00	0.000000e+00	0.000000e+00	0.000000e+00
9.800000e+00	1.000000e+01	0.000000e+00	0.000000e+00	0.000000e+00
# END HISTO1D


# BEGIN HISTO1D //homes/tinghua1/Merging-Project/Production/HJETS/ratio-plots/hjets-vbfnlo/H-2-3-25gev-combine.yoda/MC_H2JETS_07_INC/deltay_jj
ErrorBandColor=purple
ErrorBandOpacity=0.3
ErrorBands=1
ErrorType=env
LineColor=purple
LineStyle=solid
Path=//homes/tinghua1/Merging-Project/Production/HJETS/ratio-plots/hjets-vbfnlo/H-2-3-25gev-combine.yoda/MC_H2JETS_07_INC/deltay_jj
RatioPlotSameStyle=1
Title=h(2,3)
# xlow	 xhigh	 val	 errminus	 errplus
0.000000e+00	2.000000e-01	5.898030e-01	0.000000e+00	1.811500e-03
2.000000e-01	4.000000e-01	5.934350e-01	4.420000e-04	2.025500e-03
4.000000e-01	6.000000e-01	6.064295e-01	3.225000e-04	1.556000e-03
6.000000e-01	8.000000e-01	6.555675e-01	0.000000e+00	3.360500e-03
8.000000e-01	1.000000e+00	6.242160e-01	0.000000e+00	4.445500e-03
1.000000e+00	1.200000e+00	5.456610e-01	9.371000e-03	0.000000e+00
1.200000e+00	1.400000e+00	4.663311e-01	1.592060e-02	0.000000e+00
1.400000e+00	1.600000e+00	4.025266e-01	1.719525e-02	0.000000e+00
1.600000e+00	1.800000e+00	3.568127e-01	1.678745e-02	0.000000e+00
1.800000e+00	2.000000e+00	3.319536e-01	1.300595e-02	0.000000e+00
2.000000e+00	2.200000e+00	3.276660e-01	1.303560e-02	0.000000e+00
2.200000e+00	2.400000e+00	3.401156e-01	1.454275e-02	0.000000e+00
2.400000e+00	2.600000e+00	3.637600e-01	1.747840e-02	0.000000e+00
2.600000e+00	2.800000e+00	3.947748e-01	2.208095e-02	0.000000e+00
2.800000e+00	3.000000e+00	4.263649e-01	2.454605e-02	0.000000e+00
3.000000e+00	3.200000e+00	4.569539e-01	2.526505e-02	0.000000e+00
3.200000e+00	3.400000e+00	4.877266e-01	2.700435e-02	0.000000e+00
3.400000e+00	3.600000e+00	5.110855e-01	2.318960e-02	0.000000e+00
3.600000e+00	3.800000e+00	5.311630e-01	1.931200e-02	0.000000e+00
3.800000e+00	4.000000e+00	5.448360e-01	1.543700e-02	0.000000e+00
4.000000e+00	4.200000e+00	5.507050e-01	8.178500e-03	0.000000e+00
4.200000e+00	4.400000e+00	5.493095e-01	1.401000e-03	4.074500e-03
4.400000e+00	4.600000e+00	5.425100e-01	0.000000e+00	5.779500e-03
4.600000e+00	4.800000e+00	5.275795e-01	0.000000e+00	1.200600e-02
4.800000e+00	5.000000e+00	5.067260e-01	0.000000e+00	1.855550e-02
5.000000e+00	5.200000e+00	4.796391e-01	0.000000e+00	2.484540e-02
5.200000e+00	5.400000e+00	4.485557e-01	0.000000e+00	2.990655e-02
5.400000e+00	5.600000e+00	4.134748e-01	0.000000e+00	3.393300e-02
5.600000e+00	5.800000e+00	3.765796e-01	0.000000e+00	3.600395e-02
5.800000e+00	6.000000e+00	3.373778e-01	0.000000e+00	3.815135e-02
6.000000e+00	6.200000e+00	2.974535e-01	0.000000e+00	3.798535e-02
6.200000e+00	6.400000e+00	2.581212e-01	0.000000e+00	3.806585e-02
6.400000e+00	6.600000e+00	2.205238e-01	0.000000e+00	3.605270e-02
6.600000e+00	6.800000e+00	1.843282e-01	0.000000e+00	3.335720e-02
6.800000e+00	7.000000e+00	1.514024e-01	0.000000e+00	2.974905e-02
7.000000e+00	7.200000e+00	1.211526e-01	0.000000e+00	2.629845e-02
7.200000e+00	7.400000e+00	9.450915e-02	0.000000e+00	2.202420e-02
7.400000e+00	7.600000e+00	7.122375e-02	0.000000e+00	1.818115e-02
7.600000e+00	7.800000e+00	5.191360e-02	0.000000e+00	1.413890e-02
7.800000e+00	8.000000e+00	3.603728e-02	0.000000e+00	1.058816e-02
8.000000e+00	8.200000e+00	2.365030e-02	0.000000e+00	7.452670e-03
8.200000e+00	8.400000e+00	1.440419e-02	0.000000e+00	5.494745e-03
8.400000e+00	8.600000e+00	7.830465e-03	0.000000e+00	2.777255e-03
8.600000e+00	8.800000e+00	3.443601e-03	0.000000e+00	1.302068e-03
8.800000e+00	9.000000e+00	8.516450e-04	0.000000e+00	3.259430e-04
9.000000e+00	9.200000e+00	0.000000e+00	0.000000e+00	0.000000e+00
9.200000e+00	9.400000e+00	0.000000e+00	0.000000e+00	0.000000e+00
9.400000e+00	9.600000e+00	0.000000e+00	0.000000e+00	0.000000e+00
9.600000e+00	9.800000e+00	0.000000e+00	0.000000e+00	0.000000e+00
9.800000e+00	1.000000e+01	0.000000e+00	0.000000e+00	0.000000e+00
# END HISTO1D


# BEGIN HISTO1D //homes/tinghua1/Merging-Project/Production/HJETS/ratio-plots/hjets-vbfnlo/H-2-3-25gev-vbfnlo-combine.yoda/MC_H2JETS_07_INC/deltay_jj
ErrorBandColor=violet
ErrorBandOpacity=0.3
ErrorBands=1
ErrorType=env
LineColor=violet
LineStyle=solid
Path=//homes/tinghua1/Merging-Project/Production/HJETS/ratio-plots/hjets-vbfnlo/H-2-3-25gev-vbfnlo-combine.yoda/MC_H2JETS_07_INC/deltay_jj
RatioPlotSameStyle=1
Title=h(2,3)-vbfnlo
# xlow	 xhigh	 val	 errminus	 errplus
0.000000e+00	2.000000e-01	1.814654e-01	3.494450e-02	0.000000e+00
2.000000e-01	4.000000e-01	1.843860e-01	3.488610e-02	0.000000e+00
4.000000e-01	6.000000e-01	1.930785e-01	3.508205e-02	0.000000e+00
6.000000e-01	8.000000e-01	2.200249e-01	3.855115e-02	0.000000e+00
8.000000e-01	1.000000e+00	2.136279e-01	3.529730e-02	0.000000e+00
1.000000e+00	1.200000e+00	1.905544e-01	2.331410e-02	0.000000e+00
1.200000e+00	1.400000e+00	1.781723e-01	1.256730e-02	0.000000e+00
1.400000e+00	1.600000e+00	1.768265e-01	2.867550e-03	0.000000e+00
1.600000e+00	1.800000e+00	1.853571e-01	0.000000e+00	5.573500e-03
1.800000e+00	2.000000e+00	2.019862e-01	0.000000e+00	1.272480e-02
2.000000e+00	2.200000e+00	2.253621e-01	0.000000e+00	1.905755e-02
2.200000e+00	2.400000e+00	2.539778e-01	0.000000e+00	2.480190e-02
2.400000e+00	2.600000e+00	2.878480e-01	0.000000e+00	2.956520e-02
2.600000e+00	2.800000e+00	3.239431e-01	0.000000e+00	3.214990e-02
2.800000e+00	3.000000e+00	3.614052e-01	0.000000e+00	3.420430e-02
3.000000e+00	3.200000e+00	3.990939e-01	0.000000e+00	3.371150e-02
3.200000e+00	3.400000e+00	4.343537e-01	0.000000e+00	3.284285e-02
3.400000e+00	3.600000e+00	4.673341e-01	0.000000e+00	2.868800e-02
3.600000e+00	3.800000e+00	4.952488e-01	0.000000e+00	2.416175e-02
3.800000e+00	4.000000e+00	5.179240e-01	0.000000e+00	1.821400e-02
4.000000e+00	4.200000e+00	5.336460e-01	0.000000e+00	1.110650e-02
4.200000e+00	4.400000e+00	5.412340e-01	0.000000e+00	5.830000e-03
4.400000e+00	4.600000e+00	5.418060e-01	2.789500e-03	1.530000e-03
4.600000e+00	4.800000e+00	5.362400e-01	1.090250e-02	0.000000e+00
4.800000e+00	5.000000e+00	5.226295e-01	1.740800e-02	0.000000e+00
5.000000e+00	5.200000e+00	5.028445e-01	2.372900e-02	0.000000e+00
5.200000e+00	5.400000e+00	4.772312e-01	2.898050e-02	0.000000e+00
5.400000e+00	5.600000e+00	4.464769e-01	3.314090e-02	0.000000e+00
5.600000e+00	5.800000e+00	4.123802e-01	3.651515e-02	0.000000e+00
5.800000e+00	6.000000e+00	3.748310e-01	3.783745e-02	0.000000e+00
6.000000e+00	6.200000e+00	3.357318e-01	3.836990e-02	0.000000e+00
6.200000e+00	6.400000e+00	2.958975e-01	3.746815e-02	0.000000e+00
6.400000e+00	6.600000e+00	2.563831e-01	3.582000e-02	0.000000e+00
6.600000e+00	6.800000e+00	2.178083e-01	3.330120e-02	0.000000e+00
6.800000e+00	7.000000e+00	1.812590e-01	3.005100e-02	0.000000e+00
7.000000e+00	7.200000e+00	1.471782e-01	2.596750e-02	0.000000e+00
7.200000e+00	7.400000e+00	1.164749e-01	2.212675e-02	0.000000e+00
7.400000e+00	7.600000e+00	8.923245e-02	1.795290e-02	0.000000e+00
7.600000e+00	7.800000e+00	6.599390e-02	1.410925e-02	0.000000e+00
7.800000e+00	8.000000e+00	4.653865e-02	1.049294e-02	0.000000e+00
8.000000e+00	8.200000e+00	3.113785e-02	7.468905e-03	0.000000e+00
8.200000e+00	8.400000e+00	1.920420e-02	4.808140e-03	0.000000e+00
8.400000e+00	8.600000e+00	1.055471e-02	2.753120e-03	0.000000e+00
8.600000e+00	8.800000e+00	4.748004e-03	1.282326e-03	0.000000e+00
8.800000e+00	9.000000e+00	1.175915e-03	3.292605e-04	0.000000e+00
9.000000e+00	9.200000e+00	0.000000e+00	0.000000e+00	0.000000e+00
9.200000e+00	9.400000e+00	0.000000e+00	0.000000e+00	0.000000e+00
9.400000e+00	9.600000e+00	0.000000e+00	0.000000e+00	0.000000e+00
9.600000e+00	9.800000e+00	0.000000e+00	0.000000e+00	0.000000e+00
9.800000e+00	1.000000e+01	0.000000e+00	0.000000e+00	0.000000e+00
# END HISTO1D

