# BEGIN PLOT
Scale=1000.0
DrawOnly=//homes/tinghua1/Merging-Project/Production/HJETS/ratio-plots/hjets-vbfnlo/H-N2-N3-4-25gev-combine.yoda/MC_H2JETS_07_INC/j1j2j4_mass //homes/tinghua1/Merging-Project/Production/HJETS/ratio-plots/hjets-vbfnlo/H-N2-N3-4-25gev-vbfnlo-combine.yoda/MC_H2JETS_07_INC/j1j2j4_mass //homes/tinghua1/Merging-Project/Production/HJETS/ratio-plots/hjets-vbfnlo/H-N2-3-4-25gev-combine.yoda/MC_H2JETS_07_INC/j1j2j4_mass //homes/tinghua1/Merging-Project/Production/HJETS/ratio-plots/hjets-vbfnlo/H-N2-3-4-25gev-vbfnlo-combine.yoda/MC_H2JETS_07_INC/j1j2j4_mass //homes/tinghua1/Merging-Project/Production/HJETS/ratio-plots/hjets-vbfnlo/H-2-3-4-25gev-combine.yoda/MC_H2JETS_07_INC/j1j2j4_mass //homes/tinghua1/Merging-Project/Production/HJETS/ratio-plots/hjets-vbfnlo/H-2-3-4-25gev-vbfnlo-combine.yoda/MC_H2JETS_07_INC/j1j2j4_mass //homes/tinghua1/Merging-Project/Production/HJETS/ratio-plots/hjets-vbfnlo/H-2-3-25gev-combine.yoda/MC_H2JETS_07_INC/j1j2j4_mass //homes/tinghua1/Merging-Project/Production/HJETS/ratio-plots/hjets-vbfnlo/H-2-3-25gev-vbfnlo-combine.yoda/MC_H2JETS_07_INC/j1j2j4_mass
RightMargin=0.5
RatioPlotReference=//homes/tinghua1/Merging-Project/Production/HJETS/ratio-plots/hjets-vbfnlo/H-N2-N3-4-25gev-combine.yoda/MC_H2JETS_07_INC/j1j2j4_mass
#RatioPlot=1
LogY=1
RatioPlotYMax=2.0
RatioPlotYLabel=Ratio
#LegendOnly=//homes/tinghua1/Merging-Project/Production/HJETS/ratio-plots/hjets-vbfnlo/H-N2-N3-4-25gev-combine.yoda/MC_H2JETS_07_INC/j1j2j4_mass //homes/tinghua1/Merging-Project/Production/HJETS/ratio-plots/hjets-vbfnlo/H-N2-N3-4-25gev-vbfnlo-combine.yoda/MC_H2JETS_07_INC/j1j2j4_mass //homes/tinghua1/Merging-Project/Production/HJETS/ratio-plots/hjets-vbfnlo/H-N2-3-4-25gev-combine.yoda/MC_H2JETS_07_INC/j1j2j4_mass //homes/tinghua1/Merging-Project/Production/HJETS/ratio-plots/hjets-vbfnlo/H-N2-3-4-25gev-vbfnlo-combine.yoda/MC_H2JETS_07_INC/j1j2j4_mass //homes/tinghua1/Merging-Project/Production/HJETS/ratio-plots/hjets-vbfnlo/H-2-3-4-25gev-combine.yoda/MC_H2JETS_07_INC/j1j2j4_mass //homes/tinghua1/Merging-Project/Production/HJETS/ratio-plots/hjets-vbfnlo/H-2-3-4-25gev-vbfnlo-combine.yoda/MC_H2JETS_07_INC/j1j2j4_mass //homes/tinghua1/Merging-Project/Production/HJETS/ratio-plots/hjets-vbfnlo/H-2-3-25gev-combine.yoda/MC_H2JETS_07_INC/j1j2j4_mass //homes/tinghua1/Merging-Project/Production/HJETS/ratio-plots/hjets-vbfnlo/H-2-3-25gev-vbfnlo-combine.yoda/MC_H2JETS_07_INC/j1j2j4_mass
XLabel=$m_{j_1j_2j_4}$ (GeV)
LegendAlign=r
YLabel=$ \text{d} \sigma/ \text{d}  m_{j_1j_2j_4}$ (fb/GeV)
Legend=1
RatioPlot=4
MainPlotSelection={"Selection":[1,2,3,4,5,6,7,8]}
RatioPlots={"RatioPlotYLabel":"","Selection":[1,2]};{"RatioPlotYLabel":"","Selection":[3,4]};{"RatioPlotYLabel":"","Selection":[5,6]};{"RatioPlotYLabel":"","Selection":[7,8]}
RatioPlotSameStyle=1
RatioPlotYMin=0.0
# END PLOT


# BEGIN SPECIAL /MC_H2JETS_07_INC/j1j2j4_mass
\rput[tl](0.05,0.75){\parbox{5cm}{\textcolor{gray}{{\bf Herwig 7.2.0} \\ HJETS/ColorFull}}}
# END SPECIAL

# BEGIN HISTO1D //homes/tinghua1/Merging-Project/Production/HJETS/ratio-plots/hjets-vbfnlo/H-N2-N3-4-25gev-combine.yoda/MC_H2JETS_07_INC/j1j2j4_mass
ErrorBandColor=orange
ErrorBandOpacity=0.3
ErrorBands=1
ErrorType=env
LineColor=orange
LineStyle=solid
Path=//homes/tinghua1/Merging-Project/Production/HJETS/ratio-plots/hjets-vbfnlo/H-N2-N3-4-25gev-combine.yoda/MC_H2JETS_07_INC/j1j2j4_mass
RatioPlotSameStyle=1
Title=h(2*,3*,4)
# xlow	 xhigh	 val	 errminus	 errplus
0.000000e+00	2.000000e+01	0.000000e+00	0.000000e+00	0.000000e+00
2.000000e+01	4.000000e+01	1.503583e-10	1.104700e-10	2.340030e-10
4.000000e+01	6.000000e+01	4.157576e-07	1.439575e-08	1.208090e-08
6.000000e+01	8.000000e+01	9.943815e-06	0.000000e+00	3.735345e-06
8.000000e+01	1.000000e+02	5.793725e-05	6.215300e-06	4.891900e-06
1.000000e+02	1.200000e+02	1.465460e-04	1.769135e-05	1.761140e-05
1.200000e+02	1.400000e+02	2.974466e-04	4.128935e-05	5.715240e-05
1.400000e+02	1.600000e+02	4.372917e-04	6.132855e-05	6.578330e-05
1.600000e+02	1.800000e+02	5.046460e-04	6.747215e-05	6.502000e-05
1.800000e+02	2.000000e+02	5.132485e-04	7.712770e-05	7.269500e-05
2.000000e+02	2.200000e+02	5.269570e-04	9.373120e-05	8.115100e-05
2.200000e+02	2.400000e+02	4.907262e-04	8.458125e-05	1.303628e-04
2.400000e+02	2.600000e+02	4.320277e-04	3.194130e-05	9.316625e-05
2.600000e+02	2.800000e+02	4.631319e-04	1.043148e-04	3.760760e-05
2.800000e+02	3.000000e+02	3.625470e-04	2.436610e-05	9.205895e-05
3.000000e+02	3.200000e+02	3.738591e-04	6.843695e-05	7.547790e-05
3.200000e+02	3.400000e+02	3.592845e-04	6.429745e-05	1.197815e-05
3.400000e+02	3.600000e+02	3.112693e-04	5.598150e-05	4.981100e-05
3.600000e+02	3.800000e+02	2.834311e-04	4.051910e-05	6.208865e-05
3.800000e+02	4.000000e+02	2.468188e-04	4.158870e-05	5.604240e-05
4.000000e+02	4.200000e+02	2.380568e-04	2.660055e-05	7.356300e-05
4.200000e+02	4.400000e+02	3.345449e-04	1.389034e-04	0.000000e+00
4.400000e+02	4.600000e+02	2.213673e-04	3.953420e-05	4.302630e-05
4.600000e+02	4.800000e+02	2.048084e-04	3.516150e-05	4.363245e-05
4.800000e+02	5.000000e+02	1.865847e-04	2.272600e-05	2.646110e-05
5.000000e+02	5.200000e+02	1.848587e-04	3.984415e-05	4.311205e-05
5.200000e+02	5.400000e+02	1.652399e-04	2.838025e-05	3.308965e-05
5.400000e+02	5.600000e+02	1.586837e-04	2.876825e-05	7.261400e-06
5.600000e+02	5.800000e+02	1.497743e-04	3.633135e-05	8.356510e-05
5.800000e+02	6.000000e+02	1.342018e-04	2.019415e-05	2.764445e-05
6.000000e+02	6.200000e+02	1.361450e-04	2.057930e-05	4.340720e-05
6.200000e+02	6.400000e+02	1.288654e-04	2.051855e-05	2.578440e-05
6.400000e+02	6.600000e+02	1.174812e-04	1.499140e-05	2.958810e-05
6.600000e+02	6.800000e+02	1.113064e-04	1.736190e-05	2.704840e-05
6.800000e+02	7.000000e+02	1.094765e-04	1.486995e-05	1.545690e-05
7.000000e+02	7.200000e+02	1.069205e-04	2.827380e-05	2.035535e-05
7.200000e+02	7.400000e+02	9.701360e-05	2.055935e-05	1.775590e-05
7.400000e+02	7.600000e+02	9.786485e-05	2.045445e-05	1.037325e-05
7.600000e+02	7.800000e+02	8.695580e-05	1.518440e-05	2.270520e-05
7.800000e+02	8.000000e+02	8.561690e-05	1.388255e-05	1.732940e-05
8.000000e+02	8.200000e+02	7.683585e-05	8.863550e-06	2.352930e-05
8.200000e+02	8.400000e+02	7.823955e-05	6.163600e-06	1.337090e-05
8.400000e+02	8.600000e+02	6.710820e-05	4.652950e-06	3.044845e-05
8.600000e+02	8.800000e+02	7.462335e-05	1.438485e-05	1.004115e-05
8.800000e+02	9.000000e+02	6.370790e-05	9.561950e-06	1.391240e-05
9.000000e+02	9.200000e+02	6.829490e-05	7.596550e-06	9.125550e-06
9.200000e+02	9.400000e+02	6.516775e-05	1.466620e-05	1.068030e-05
9.400000e+02	9.600000e+02	5.988545e-05	1.223140e-05	1.438775e-05
9.600000e+02	9.800000e+02	6.369005e-05	1.457205e-05	0.000000e+00
9.800000e+02	1.000000e+03	5.811285e-05	1.433200e-05	1.076805e-05
# END HISTO1D


# BEGIN HISTO1D //homes/tinghua1/Merging-Project/Production/HJETS/ratio-plots/hjets-vbfnlo/H-N2-N3-4-25gev-vbfnlo-combine.yoda/MC_H2JETS_07_INC/j1j2j4_mass
ErrorBandColor=red
ErrorBandOpacity=0.3
ErrorBands=1
ErrorType=env
LineColor=red
LineStyle=solid
Path=//homes/tinghua1/Merging-Project/Production/HJETS/ratio-plots/hjets-vbfnlo/H-N2-N3-4-25gev-vbfnlo-combine.yoda/MC_H2JETS_07_INC/j1j2j4_mass
RatioPlotSameStyle=1
Title=h(2*,3*,4)-vbfnlo
# xlow	 xhigh	 val	 errminus	 errplus
0.000000e+00	2.000000e+01	0.000000e+00	0.000000e+00	0.000000e+00
2.000000e+01	4.000000e+01	3.949801e-10	4.293002e-10	0.000000e+00
4.000000e+01	6.000000e+01	2.136111e-07	3.972605e-08	0.000000e+00
6.000000e+01	8.000000e+01	3.510798e-06	7.889280e-07	0.000000e+00
8.000000e+01	1.000000e+02	1.191138e-05	0.000000e+00	1.396615e-06
1.000000e+02	1.200000e+02	2.575361e-05	0.000000e+00	7.690725e-06
1.200000e+02	1.400000e+02	4.142248e-05	0.000000e+00	1.332072e-05
1.400000e+02	1.600000e+02	6.003300e-05	0.000000e+00	2.089540e-05
1.600000e+02	1.800000e+02	7.264005e-05	0.000000e+00	2.185320e-05
1.800000e+02	2.000000e+02	8.040065e-05	0.000000e+00	2.058675e-05
2.000000e+02	2.200000e+02	8.523455e-05	0.000000e+00	3.172950e-05
2.200000e+02	2.400000e+02	8.871115e-05	0.000000e+00	3.819220e-05
2.400000e+02	2.600000e+02	9.073070e-05	0.000000e+00	3.781980e-05
2.600000e+02	2.800000e+02	8.825385e-05	0.000000e+00	3.323730e-05
2.800000e+02	3.000000e+02	8.713700e-05	0.000000e+00	3.143270e-05
3.000000e+02	3.200000e+02	8.273530e-05	0.000000e+00	3.045580e-05
3.200000e+02	3.400000e+02	8.090995e-05	0.000000e+00	2.513940e-05
3.400000e+02	3.600000e+02	8.164670e-05	0.000000e+00	3.646485e-05
3.600000e+02	3.800000e+02	8.116530e-05	0.000000e+00	1.987990e-05
3.800000e+02	4.000000e+02	7.602925e-05	0.000000e+00	2.885020e-05
4.000000e+02	4.200000e+02	7.684475e-05	0.000000e+00	1.615010e-05
4.200000e+02	4.400000e+02	7.795080e-05	0.000000e+00	1.038155e-05
4.400000e+02	4.600000e+02	6.762815e-05	0.000000e+00	2.605755e-05
4.600000e+02	4.800000e+02	7.154915e-05	0.000000e+00	1.959850e-05
4.800000e+02	5.000000e+02	6.871550e-05	0.000000e+00	2.226480e-05
5.000000e+02	5.200000e+02	6.793825e-05	0.000000e+00	2.037815e-05
5.200000e+02	5.400000e+02	6.767000e-05	0.000000e+00	1.192500e-05
5.400000e+02	5.600000e+02	6.223110e-05	0.000000e+00	2.140155e-05
5.600000e+02	5.800000e+02	6.201130e-05	0.000000e+00	1.456880e-05
5.800000e+02	6.000000e+02	5.830705e-05	0.000000e+00	2.093220e-05
6.000000e+02	6.200000e+02	5.544490e-05	0.000000e+00	1.925920e-05
6.200000e+02	6.400000e+02	5.825715e-05	0.000000e+00	1.534585e-05
6.400000e+02	6.600000e+02	5.420705e-05	0.000000e+00	1.523555e-05
6.600000e+02	6.800000e+02	4.852958e-05	0.000000e+00	1.615337e-05
6.800000e+02	7.000000e+02	4.840103e-05	0.000000e+00	1.827507e-05
7.000000e+02	7.200000e+02	5.162750e-05	0.000000e+00	1.423880e-05
7.200000e+02	7.400000e+02	4.808467e-05	0.000000e+00	1.759198e-05
7.400000e+02	7.600000e+02	4.512097e-05	0.000000e+00	1.142673e-05
7.600000e+02	7.800000e+02	4.462586e-05	0.000000e+00	1.708199e-05
7.800000e+02	8.000000e+02	4.265648e-05	0.000000e+00	1.796742e-05
8.000000e+02	8.200000e+02	4.240662e-05	0.000000e+00	1.456923e-05
8.200000e+02	8.400000e+02	4.451467e-05	0.000000e+00	1.047708e-05
8.400000e+02	8.600000e+02	4.208918e-05	0.000000e+00	1.139872e-05
8.600000e+02	8.800000e+02	3.907810e-05	0.000000e+00	1.054044e-05
8.800000e+02	9.000000e+02	2.934111e-05	0.000000e+00	2.255464e-05
9.000000e+02	9.200000e+02	3.651243e-05	0.000000e+00	1.171073e-05
9.200000e+02	9.400000e+02	3.460350e-05	0.000000e+00	1.090275e-05
9.400000e+02	9.600000e+02	3.222096e-05	0.000000e+00	1.457974e-05
9.600000e+02	9.800000e+02	3.293989e-05	0.000000e+00	1.322172e-05
9.800000e+02	1.000000e+03	3.263316e-05	0.000000e+00	1.081816e-05
# END HISTO1D


# BEGIN HISTO1D //homes/tinghua1/Merging-Project/Production/HJETS/ratio-plots/hjets-vbfnlo/H-N2-3-4-25gev-combine.yoda/MC_H2JETS_07_INC/j1j2j4_mass
ErrorBandColor=blue
ErrorBandOpacity=0.3
ErrorBands=1
ErrorType=env
LineColor=blue
LineStyle=solid
Path=//homes/tinghua1/Merging-Project/Production/HJETS/ratio-plots/hjets-vbfnlo/H-N2-3-4-25gev-combine.yoda/MC_H2JETS_07_INC/j1j2j4_mass
RatioPlotSameStyle=1
Title=h(2*,3,4)
# xlow	 xhigh	 val	 errminus	 errplus
0.000000e+00	2.000000e+01	0.000000e+00	0.000000e+00	0.000000e+00
2.000000e+01	4.000000e+01	1.230740e-10	0.000000e+00	3.241309e-10
4.000000e+01	6.000000e+01	4.354152e-07	0.000000e+00	7.558085e-08
6.000000e+01	8.000000e+01	1.037076e-05	3.500700e-07	9.138750e-07
8.000000e+01	1.000000e+02	5.308900e-05	3.115850e-06	9.311550e-06
1.000000e+02	1.200000e+02	1.364881e-04	1.396315e-05	3.288095e-05
1.200000e+02	1.400000e+02	2.820429e-04	3.085890e-05	6.178145e-05
1.400000e+02	1.600000e+02	4.078125e-04	6.019840e-05	9.063490e-05
1.600000e+02	1.800000e+02	4.708500e-04	7.802470e-05	1.713156e-04
1.800000e+02	2.000000e+02	4.850735e-04	8.918185e-05	1.091650e-04
2.000000e+02	2.200000e+02	4.735951e-04	6.729840e-05	1.181334e-04
2.200000e+02	2.400000e+02	4.591527e-04	8.703090e-05	9.927485e-05
2.400000e+02	2.600000e+02	4.308559e-04	7.545045e-05	1.012776e-04
2.600000e+02	2.800000e+02	4.026159e-04	6.820065e-05	9.731280e-05
2.800000e+02	3.000000e+02	3.802999e-04	6.757915e-05	8.873605e-05
3.000000e+02	3.200000e+02	3.490100e-04	6.485505e-05	7.884755e-05
3.200000e+02	3.400000e+02	3.186596e-04	5.131995e-05	9.187635e-05
3.400000e+02	3.600000e+02	3.012928e-04	5.560750e-05	6.948680e-05
3.600000e+02	3.800000e+02	2.796143e-04	5.691505e-05	6.679460e-05
3.800000e+02	4.000000e+02	2.564623e-04	4.842850e-05	6.556090e-05
4.000000e+02	4.200000e+02	2.428455e-04	5.008055e-05	6.083105e-05
4.200000e+02	4.400000e+02	2.209371e-04	3.906485e-05	6.202705e-05
4.400000e+02	4.600000e+02	2.118691e-04	4.109325e-05	5.582130e-05
4.600000e+02	4.800000e+02	1.980820e-04	4.302510e-05	5.146465e-05
4.800000e+02	5.000000e+02	1.859213e-04	3.869515e-05	4.513075e-05
5.000000e+02	5.200000e+02	1.757421e-04	3.703105e-05	4.583715e-05
5.200000e+02	5.400000e+02	1.789652e-04	4.683360e-05	3.045745e-05
5.400000e+02	5.600000e+02	1.532572e-04	3.283105e-05	3.891270e-05
5.600000e+02	5.800000e+02	1.484710e-04	3.099600e-05	3.674145e-05
5.800000e+02	6.000000e+02	1.352070e-04	2.545435e-05	4.009360e-05
6.000000e+02	6.200000e+02	1.274455e-04	2.436875e-05	3.492050e-05
6.200000e+02	6.400000e+02	1.260064e-04	2.082690e-05	3.760980e-05
6.400000e+02	6.600000e+02	1.182216e-04	2.394340e-05	3.306670e-05
6.600000e+02	6.800000e+02	1.165280e-04	2.678085e-05	1.315335e-05
6.800000e+02	7.000000e+02	1.061492e-04	2.361765e-05	2.829850e-05
7.000000e+02	7.200000e+02	1.028963e-04	2.215050e-05	2.509830e-05
7.200000e+02	7.400000e+02	9.406185e-05	1.879300e-05	3.065640e-05
7.400000e+02	7.600000e+02	9.240880e-05	1.864540e-05	2.883510e-05
7.600000e+02	7.800000e+02	8.576575e-05	1.797700e-05	2.547320e-05
7.800000e+02	8.000000e+02	8.138165e-05	1.387635e-05	2.347685e-05
8.000000e+02	8.200000e+02	7.947170e-05	1.382245e-05	2.455705e-05
8.200000e+02	8.400000e+02	7.711310e-05	1.679745e-05	1.925400e-05
8.400000e+02	8.600000e+02	7.324690e-05	1.619410e-05	2.243645e-05
8.600000e+02	8.800000e+02	6.963025e-05	1.472605e-05	1.974745e-05
8.800000e+02	9.000000e+02	6.808315e-05	1.600890e-05	1.847260e-05
9.000000e+02	9.200000e+02	6.580250e-05	1.607757e-05	1.983700e-05
9.200000e+02	9.400000e+02	6.519820e-05	1.747831e-05	2.138750e-05
9.400000e+02	9.600000e+02	5.965570e-05	1.302787e-05	1.760465e-05
9.600000e+02	9.800000e+02	6.014770e-05	1.502477e-05	1.408275e-05
9.800000e+02	1.000000e+03	5.449690e-05	1.105239e-05	1.568415e-05
# END HISTO1D


# BEGIN HISTO1D //homes/tinghua1/Merging-Project/Production/HJETS/ratio-plots/hjets-vbfnlo/H-N2-3-4-25gev-vbfnlo-combine.yoda/MC_H2JETS_07_INC/j1j2j4_mass
ErrorBandColor=cyan
ErrorBandOpacity=0.3
ErrorBands=1
ErrorType=env
LineColor=cyan
LineStyle=solid
Path=//homes/tinghua1/Merging-Project/Production/HJETS/ratio-plots/hjets-vbfnlo/H-N2-3-4-25gev-vbfnlo-combine.yoda/MC_H2JETS_07_INC/j1j2j4_mass
RatioPlotSameStyle=1
Title=h(2*,3,4)-vbfnlo
# xlow	 xhigh	 val	 errminus	 errplus
0.000000e+00	2.000000e+01	0.000000e+00	0.000000e+00	0.000000e+00
2.000000e+01	4.000000e+01	2.306209e-10	4.258177e-10	1.731369e-10
4.000000e+01	6.000000e+01	1.813576e-07	0.000000e+00	2.122880e-08
6.000000e+01	8.000000e+01	3.244113e-06	0.000000e+00	2.447790e-07
8.000000e+01	1.000000e+02	1.254048e-05	8.208350e-07	2.581245e-06
1.000000e+02	1.200000e+02	2.794949e-05	2.405145e-06	7.001485e-06
1.200000e+02	1.400000e+02	4.877127e-05	8.174755e-06	1.051833e-05
1.400000e+02	1.600000e+02	6.660435e-05	1.172875e-05	1.698210e-05
1.600000e+02	1.800000e+02	8.036700e-05	1.348505e-05	2.034790e-05
1.800000e+02	2.000000e+02	9.231395e-05	1.520500e-05	2.030590e-05
2.000000e+02	2.200000e+02	9.801445e-05	1.697560e-05	2.042140e-05
2.200000e+02	2.400000e+02	9.982110e-05	1.680795e-05	2.528185e-05
2.400000e+02	2.600000e+02	1.009909e-04	1.770050e-05	2.658795e-05
2.600000e+02	2.800000e+02	1.016914e-04	1.404755e-05	2.616730e-05
2.800000e+02	3.000000e+02	1.001571e-04	1.596425e-05	2.372080e-05
3.000000e+02	3.200000e+02	9.982095e-05	1.678140e-05	2.542735e-05
3.200000e+02	3.400000e+02	9.725590e-05	1.653405e-05	1.891690e-05
3.400000e+02	3.600000e+02	9.378265e-05	1.559165e-05	2.180730e-05
3.600000e+02	3.800000e+02	9.149845e-05	1.562025e-05	1.993350e-05
3.800000e+02	4.000000e+02	9.041300e-05	1.584125e-05	1.836400e-05
4.000000e+02	4.200000e+02	8.763975e-05	1.600575e-05	1.900500e-05
4.200000e+02	4.400000e+02	8.719035e-05	1.699590e-05	1.745565e-05
4.400000e+02	4.600000e+02	8.050055e-05	1.262295e-05	2.119780e-05
4.600000e+02	4.800000e+02	7.985285e-05	1.268150e-05	1.955070e-05
4.800000e+02	5.000000e+02	7.780970e-05	1.262275e-05	1.890750e-05
5.000000e+02	5.200000e+02	7.864480e-05	1.496200e-05	1.375115e-05
5.200000e+02	5.400000e+02	7.451695e-05	1.351515e-05	1.654395e-05
5.400000e+02	5.600000e+02	7.143420e-05	6.796500e-07	1.648455e-05
5.600000e+02	5.800000e+02	7.066885e-05	1.377915e-05	1.579570e-05
5.800000e+02	6.000000e+02	6.731670e-05	1.080730e-05	1.874685e-05
6.000000e+02	6.200000e+02	6.640360e-05	1.251690e-05	1.422195e-05
6.200000e+02	6.400000e+02	6.442020e-05	1.291675e-05	1.359215e-05
6.400000e+02	6.600000e+02	6.056245e-05	1.009350e-05	1.654510e-05
6.600000e+02	6.800000e+02	5.946845e-05	1.114422e-05	1.627315e-05
6.800000e+02	7.000000e+02	5.951040e-05	1.172995e-05	1.197315e-05
7.000000e+02	7.200000e+02	5.819965e-05	1.246848e-05	1.345930e-05
7.200000e+02	7.400000e+02	5.501245e-05	9.955050e-06	1.399330e-05
7.400000e+02	7.600000e+02	5.420110e-05	1.049878e-05	1.127390e-05
7.600000e+02	7.800000e+02	5.348450e-05	1.113247e-05	1.145355e-05
7.800000e+02	8.000000e+02	5.106640e-05	1.101544e-05	1.380255e-05
8.000000e+02	8.200000e+02	4.824856e-05	8.127965e-06	1.278244e-05
8.200000e+02	8.400000e+02	4.748118e-05	8.077915e-06	1.320323e-05
8.400000e+02	8.600000e+02	4.458851e-05	6.524965e-06	1.517664e-05
8.600000e+02	8.800000e+02	4.410659e-05	7.764000e-06	1.147346e-05
8.800000e+02	9.000000e+02	4.377023e-05	9.594845e-06	1.149577e-05
9.000000e+02	9.200000e+02	4.223666e-05	8.374285e-06	1.208078e-05
9.200000e+02	9.400000e+02	4.047746e-05	6.610695e-06	1.123483e-05
9.400000e+02	9.600000e+02	4.026344e-05	8.574625e-06	1.044327e-05
9.600000e+02	9.800000e+02	3.915998e-05	9.521575e-06	1.106017e-05
9.800000e+02	1.000000e+03	3.934256e-05	8.997035e-06	8.630485e-06
# END HISTO1D


# BEGIN HISTO1D //homes/tinghua1/Merging-Project/Production/HJETS/ratio-plots/hjets-vbfnlo/H-2-3-4-25gev-combine.yoda/MC_H2JETS_07_INC/j1j2j4_mass
ErrorBandColor=yellow
ErrorBandOpacity=0.3
ErrorBands=1
ErrorType=env
LineColor=yellow
LineStyle=solid
Path=//homes/tinghua1/Merging-Project/Production/HJETS/ratio-plots/hjets-vbfnlo/H-2-3-4-25gev-combine.yoda/MC_H2JETS_07_INC/j1j2j4_mass
RatioPlotSameStyle=1
Title=h(2,3,4)
# xlow	 xhigh	 val	 errminus	 errplus
0.000000e+00	2.000000e+01	0.000000e+00	0.000000e+00	0.000000e+00
2.000000e+01	4.000000e+01	-1.674393e-09	0.000000e+00	2.121462e-09
4.000000e+01	6.000000e+01	4.338376e-07	2.039400e-08	3.120785e-08
6.000000e+01	8.000000e+01	1.019626e-05	8.711950e-07	4.141450e-07
8.000000e+01	1.000000e+02	4.777357e-05	2.975735e-06	3.258180e-06
1.000000e+02	1.200000e+02	1.207234e-04	1.347955e-05	1.903345e-05
1.200000e+02	1.400000e+02	2.489157e-04	3.075605e-05	3.915015e-05
1.400000e+02	1.600000e+02	3.664773e-04	4.960145e-05	6.681035e-05
1.600000e+02	1.800000e+02	4.208266e-04	6.281030e-05	7.228680e-05
1.800000e+02	2.000000e+02	4.307372e-04	6.370495e-05	7.708680e-05
2.000000e+02	2.200000e+02	4.252673e-04	6.269350e-05	7.971220e-05
2.200000e+02	2.400000e+02	4.127398e-04	7.203145e-05	7.488915e-05
2.400000e+02	2.600000e+02	3.823696e-04	6.247310e-05	7.252560e-05
2.600000e+02	2.800000e+02	3.525802e-04	5.572510e-05	7.697895e-05
2.800000e+02	3.000000e+02	3.328696e-04	5.753430e-05	6.467265e-05
3.000000e+02	3.200000e+02	3.063452e-04	5.310470e-05	6.369345e-05
3.200000e+02	3.400000e+02	2.819428e-04	5.067135e-05	6.041410e-05
3.400000e+02	3.600000e+02	2.617184e-04	4.244945e-05	6.071170e-05
3.600000e+02	3.800000e+02	2.435699e-04	4.201610e-05	4.914060e-05
3.800000e+02	4.000000e+02	2.251014e-04	3.820550e-05	5.612800e-05
4.000000e+02	4.200000e+02	2.058861e-04	3.469105e-05	5.049015e-05
4.200000e+02	4.400000e+02	1.948072e-04	3.640290e-05	4.446585e-05
4.400000e+02	4.600000e+02	1.826707e-04	3.005730e-05	4.437225e-05
4.600000e+02	4.800000e+02	1.732735e-04	3.431975e-05	4.008880e-05
4.800000e+02	5.000000e+02	1.625246e-04	3.100695e-05	3.781795e-05
5.000000e+02	5.200000e+02	1.507995e-04	2.576770e-05	3.650270e-05
5.200000e+02	5.400000e+02	1.414218e-04	2.700600e-05	3.745345e-05
5.400000e+02	5.600000e+02	1.329941e-04	2.413485e-05	3.540310e-05
5.600000e+02	5.800000e+02	1.281936e-04	2.407315e-05	2.843710e-05
5.800000e+02	6.000000e+02	1.220582e-04	2.401105e-05	3.143960e-05
6.000000e+02	6.200000e+02	1.143690e-04	2.329640e-05	3.329435e-05
6.200000e+02	6.400000e+02	1.099177e-04	2.112165e-05	2.986620e-05
6.400000e+02	6.600000e+02	1.071572e-04	2.370745e-05	2.540655e-05
6.600000e+02	6.800000e+02	9.785905e-05	1.793675e-05	2.900860e-05
6.800000e+02	7.000000e+02	9.397840e-05	1.670485e-05	2.799150e-05
7.000000e+02	7.200000e+02	8.938025e-05	1.860555e-05	2.574080e-05
7.200000e+02	7.400000e+02	8.581280e-05	1.553160e-05	2.452615e-05
7.400000e+02	7.600000e+02	8.427495e-05	1.909340e-05	2.166195e-05
7.600000e+02	7.800000e+02	7.891695e-05	1.773330e-05	2.452405e-05
7.800000e+02	8.000000e+02	7.531220e-05	1.419720e-05	2.533890e-05
8.000000e+02	8.200000e+02	7.117545e-05	9.960350e-06	2.571060e-05
8.200000e+02	8.400000e+02	7.102490e-05	1.483875e-05	2.320875e-05
8.400000e+02	8.600000e+02	6.828340e-05	1.644720e-05	1.959500e-05
8.600000e+02	8.800000e+02	6.461160e-05	1.416770e-05	1.979610e-05
8.800000e+02	9.000000e+02	6.011955e-05	1.101240e-05	2.231005e-05
9.000000e+02	9.200000e+02	5.903250e-05	1.028911e-05	1.848665e-05
9.200000e+02	9.400000e+02	5.742525e-05	1.122175e-05	1.632900e-05
9.400000e+02	9.600000e+02	5.605865e-05	1.256075e-05	1.569945e-05
9.600000e+02	9.800000e+02	5.325305e-05	1.053940e-05	1.418195e-05
9.800000e+02	1.000000e+03	5.250325e-05	1.321499e-05	1.319390e-05
# END HISTO1D


# BEGIN HISTO1D //homes/tinghua1/Merging-Project/Production/HJETS/ratio-plots/hjets-vbfnlo/H-2-3-4-25gev-vbfnlo-combine.yoda/MC_H2JETS_07_INC/j1j2j4_mass
ErrorBandColor=green
ErrorBandOpacity=0.3
ErrorBands=1
ErrorType=env
LineColor=green
LineStyle=solid
Path=//homes/tinghua1/Merging-Project/Production/HJETS/ratio-plots/hjets-vbfnlo/H-2-3-4-25gev-vbfnlo-combine.yoda/MC_H2JETS_07_INC/j1j2j4_mass
RatioPlotSameStyle=1
Title=h(2,3,4)-vbfnlo
# xlow	 xhigh	 val	 errminus	 errplus
0.000000e+00	2.000000e+01	0.000000e+00	0.000000e+00	0.000000e+00
2.000000e+01	4.000000e+01	3.440046e-10	1.597329e-10	0.000000e+00
4.000000e+01	6.000000e+01	2.159831e-07	0.000000e+00	1.768170e-08
6.000000e+01	8.000000e+01	3.272857e-06	2.314175e-07	5.557665e-07
8.000000e+01	1.000000e+02	1.340556e-05	1.888895e-06	2.468070e-06
1.000000e+02	1.200000e+02	2.941256e-05	3.798590e-06	6.491270e-06
1.200000e+02	1.400000e+02	5.141410e-05	1.051777e-05	9.565750e-06
1.400000e+02	1.600000e+02	6.935505e-05	1.304640e-05	1.724365e-05
1.600000e+02	1.800000e+02	8.326535e-05	1.461065e-05	2.020345e-05
1.800000e+02	2.000000e+02	9.414765e-05	1.683490e-05	2.549890e-05
2.000000e+02	2.200000e+02	1.014212e-04	1.712985e-05	2.336775e-05
2.200000e+02	2.400000e+02	1.051800e-04	1.879705e-05	2.376770e-05
2.400000e+02	2.600000e+02	1.075960e-04	1.915470e-05	2.272970e-05
2.600000e+02	2.800000e+02	1.051028e-04	1.861520e-05	2.323845e-05
2.800000e+02	3.000000e+02	1.027938e-04	1.729370e-05	2.441420e-05
3.000000e+02	3.200000e+02	1.000070e-04	1.641170e-05	2.517625e-05
3.200000e+02	3.400000e+02	9.891020e-05	1.776555e-05	2.130765e-05
3.400000e+02	3.600000e+02	9.523105e-05	1.501480e-05	2.280445e-05
3.600000e+02	3.800000e+02	9.308350e-05	1.595615e-05	2.085545e-05
3.800000e+02	4.000000e+02	9.260150e-05	1.732345e-05	1.650435e-05
4.000000e+02	4.200000e+02	8.842705e-05	1.629035e-05	2.019130e-05
4.200000e+02	4.400000e+02	8.637820e-05	1.515475e-05	2.166755e-05
4.400000e+02	4.600000e+02	8.373315e-05	1.537675e-05	2.118840e-05
4.600000e+02	4.800000e+02	8.043440e-05	1.216725e-05	1.949435e-05
4.800000e+02	5.000000e+02	7.903765e-05	1.562040e-05	1.889900e-05
5.000000e+02	5.200000e+02	7.778510e-05	1.409585e-05	1.887385e-05
5.200000e+02	5.400000e+02	7.382750e-05	1.225450e-05	1.876980e-05
5.400000e+02	5.600000e+02	7.338650e-05	1.370760e-05	1.640660e-05
5.600000e+02	5.800000e+02	7.101285e-05	1.294120e-05	1.562290e-05
5.800000e+02	6.000000e+02	6.899035e-05	1.328085e-05	1.621775e-05
6.000000e+02	6.200000e+02	6.677890e-05	1.225125e-05	1.625330e-05
6.200000e+02	6.400000e+02	6.604640e-05	1.303645e-05	1.485250e-05
6.400000e+02	6.600000e+02	6.384985e-05	1.159325e-05	1.600180e-05
6.600000e+02	6.800000e+02	6.134120e-05	1.205842e-05	1.501370e-05
6.800000e+02	7.000000e+02	5.990585e-05	1.116062e-05	1.616400e-05
7.000000e+02	7.200000e+02	5.841450e-05	1.145916e-05	1.477605e-05
7.200000e+02	7.400000e+02	5.860370e-05	1.358926e-05	1.363075e-05
7.400000e+02	7.600000e+02	5.517585e-05	1.088242e-05	1.401015e-05
7.600000e+02	7.800000e+02	5.385765e-05	1.119086e-05	1.376515e-05
7.800000e+02	8.000000e+02	5.195500e-05	9.906695e-06	1.490790e-05
8.000000e+02	8.200000e+02	5.200970e-05	1.138133e-05	1.111920e-05
8.200000e+02	8.400000e+02	4.892245e-05	1.098533e-05	1.304350e-05
8.400000e+02	8.600000e+02	4.830565e-05	1.071886e-05	1.269380e-05
8.600000e+02	8.800000e+02	4.707113e-05	1.020243e-05	1.187042e-05
8.800000e+02	9.000000e+02	4.510650e-05	9.895960e-06	1.278210e-05
9.000000e+02	9.200000e+02	4.454626e-05	1.014028e-05	1.171264e-05
9.200000e+02	9.400000e+02	4.519105e-05	1.218655e-05	8.394395e-06
9.400000e+02	9.600000e+02	4.166145e-05	9.692400e-06	1.018460e-05
9.600000e+02	9.800000e+02	4.084977e-05	9.916155e-06	9.845880e-06
9.800000e+02	1.000000e+03	3.899907e-05	8.154910e-06	1.132928e-05
# END HISTO1D


# BEGIN HISTO1D //homes/tinghua1/Merging-Project/Production/HJETS/ratio-plots/hjets-vbfnlo/H-2-3-25gev-combine.yoda/MC_H2JETS_07_INC/j1j2j4_mass
ErrorBandColor=purple
ErrorBandOpacity=0.3
ErrorBands=1
ErrorType=env
LineColor=purple
LineStyle=solid
Path=//homes/tinghua1/Merging-Project/Production/HJETS/ratio-plots/hjets-vbfnlo/H-2-3-25gev-combine.yoda/MC_H2JETS_07_INC/j1j2j4_mass
RatioPlotSameStyle=1
Title=h(2,3)
# xlow	 xhigh	 val	 errminus	 errplus
0.000000e+00	2.000000e+01	0.000000e+00	0.000000e+00	0.000000e+00
2.000000e+01	4.000000e+01	6.940925e-10	3.574938e-10	0.000000e+00
4.000000e+01	6.000000e+01	4.332615e-07	2.230395e-08	0.000000e+00
6.000000e+01	8.000000e+01	9.778505e-06	3.044950e-07	8.746600e-07
8.000000e+01	1.000000e+02	4.560903e-05	0.000000e+00	9.165215e-06
1.000000e+02	1.200000e+02	1.071815e-04	0.000000e+00	3.008030e-05
1.200000e+02	1.400000e+02	2.131103e-04	0.000000e+00	7.020435e-05
1.400000e+02	1.600000e+02	2.951738e-04	0.000000e+00	1.046600e-04
1.600000e+02	1.800000e+02	3.334586e-04	0.000000e+00	1.261446e-04
1.800000e+02	2.000000e+02	3.361383e-04	0.000000e+00	1.355628e-04
2.000000e+02	2.200000e+02	3.264013e-04	0.000000e+00	1.373011e-04
2.200000e+02	2.400000e+02	3.078476e-04	0.000000e+00	1.341031e-04
2.400000e+02	2.600000e+02	2.851904e-04	0.000000e+00	1.301466e-04
2.600000e+02	2.800000e+02	2.632209e-04	0.000000e+00	1.197999e-04
2.800000e+02	3.000000e+02	2.395034e-04	0.000000e+00	1.148191e-04
3.000000e+02	3.200000e+02	2.174888e-04	0.000000e+00	1.051041e-04
3.200000e+02	3.400000e+02	1.984373e-04	0.000000e+00	9.590715e-05
3.400000e+02	3.600000e+02	1.803777e-04	0.000000e+00	8.902815e-05
3.600000e+02	3.800000e+02	1.645725e-04	0.000000e+00	8.153475e-05
3.800000e+02	4.000000e+02	1.501009e-04	0.000000e+00	7.804835e-05
4.000000e+02	4.200000e+02	1.399065e-04	0.000000e+00	6.977185e-05
4.200000e+02	4.400000e+02	1.273636e-04	0.000000e+00	6.757915e-05
4.400000e+02	4.600000e+02	1.181830e-04	0.000000e+00	6.357350e-05
4.600000e+02	4.800000e+02	1.091861e-04	0.000000e+00	6.069005e-05
4.800000e+02	5.000000e+02	1.042115e-04	0.000000e+00	5.347740e-05
5.000000e+02	5.200000e+02	9.550435e-05	0.000000e+00	5.263305e-05
5.200000e+02	5.400000e+02	8.930905e-05	0.000000e+00	4.941395e-05
5.400000e+02	5.600000e+02	8.377090e-05	0.000000e+00	4.791165e-05
5.600000e+02	5.800000e+02	7.945075e-05	0.000000e+00	4.426615e-05
5.800000e+02	6.000000e+02	7.436225e-05	0.000000e+00	4.283570e-05
6.000000e+02	6.200000e+02	7.145790e-05	0.000000e+00	4.195265e-05
6.200000e+02	6.400000e+02	6.710210e-05	0.000000e+00	3.856680e-05
6.400000e+02	6.600000e+02	6.348360e-05	0.000000e+00	3.718015e-05
6.600000e+02	6.800000e+02	6.098485e-05	0.000000e+00	3.371985e-05
6.800000e+02	7.000000e+02	5.856745e-05	0.000000e+00	3.353795e-05
7.000000e+02	7.200000e+02	5.512770e-05	0.000000e+00	3.240180e-05
7.200000e+02	7.400000e+02	5.223870e-05	0.000000e+00	3.151460e-05
7.400000e+02	7.600000e+02	4.998222e-05	0.000000e+00	3.031973e-05
7.600000e+02	7.800000e+02	4.752106e-05	0.000000e+00	3.035714e-05
7.800000e+02	8.000000e+02	4.553983e-05	0.000000e+00	2.839962e-05
8.000000e+02	8.200000e+02	4.393661e-05	0.000000e+00	2.608499e-05
8.200000e+02	8.400000e+02	4.153054e-05	0.000000e+00	2.744761e-05
8.400000e+02	8.600000e+02	3.966479e-05	0.000000e+00	2.606751e-05
8.600000e+02	8.800000e+02	3.857239e-05	0.000000e+00	2.448251e-05
8.800000e+02	9.000000e+02	3.639423e-05	0.000000e+00	2.480572e-05
9.000000e+02	9.200000e+02	3.588891e-05	0.000000e+00	2.229865e-05
9.200000e+02	9.400000e+02	3.414637e-05	0.000000e+00	2.153368e-05
9.400000e+02	9.600000e+02	3.228384e-05	0.000000e+00	2.415001e-05
9.600000e+02	9.800000e+02	3.159729e-05	0.000000e+00	2.134186e-05
9.800000e+02	1.000000e+03	2.982578e-05	0.000000e+00	2.108707e-05
# END HISTO1D


# BEGIN HISTO1D //homes/tinghua1/Merging-Project/Production/HJETS/ratio-plots/hjets-vbfnlo/H-2-3-25gev-vbfnlo-combine.yoda/MC_H2JETS_07_INC/j1j2j4_mass
ErrorBandColor=violet
ErrorBandOpacity=0.3
ErrorBands=1
ErrorType=env
LineColor=violet
LineStyle=solid
Path=//homes/tinghua1/Merging-Project/Production/HJETS/ratio-plots/hjets-vbfnlo/H-2-3-25gev-vbfnlo-combine.yoda/MC_H2JETS_07_INC/j1j2j4_mass
RatioPlotSameStyle=1
Title=h(2,3)-vbfnlo
# xlow	 xhigh	 val	 errminus	 errplus
0.000000e+00	2.000000e+01	0.000000e+00	0.000000e+00	0.000000e+00
2.000000e+01	4.000000e+01	3.066762e-10	2.282988e-10	0.000000e+00
4.000000e+01	6.000000e+01	2.348789e-07	1.269395e-08	1.207160e-08
6.000000e+01	8.000000e+01	3.707640e-06	7.235005e-07	0.000000e+00
8.000000e+01	1.000000e+02	1.588508e-05	4.219180e-06	0.000000e+00
1.000000e+02	1.200000e+02	3.535420e-05	1.065386e-05	0.000000e+00
1.200000e+02	1.400000e+02	5.747785e-05	1.828768e-05	0.000000e+00
1.400000e+02	1.600000e+02	7.805480e-05	2.546530e-05	0.000000e+00
1.600000e+02	1.800000e+02	9.391040e-05	3.087500e-05	0.000000e+00
1.800000e+02	2.000000e+02	1.067223e-04	3.634540e-05	0.000000e+00
2.000000e+02	2.200000e+02	1.117592e-04	3.690155e-05	0.000000e+00
2.200000e+02	2.400000e+02	1.162291e-04	3.785985e-05	0.000000e+00
2.400000e+02	2.600000e+02	1.163949e-04	3.797210e-05	0.000000e+00
2.600000e+02	2.800000e+02	1.145526e-04	3.646695e-05	0.000000e+00
2.800000e+02	3.000000e+02	1.124912e-04	3.625945e-05	0.000000e+00
3.000000e+02	3.200000e+02	1.095644e-04	3.562750e-05	0.000000e+00
3.200000e+02	3.400000e+02	1.054105e-04	3.354095e-05	0.000000e+00
3.400000e+02	3.600000e+02	1.027814e-04	3.264635e-05	0.000000e+00
3.600000e+02	3.800000e+02	1.038467e-04	3.583715e-05	0.000000e+00
3.800000e+02	4.000000e+02	9.786115e-05	3.235110e-05	0.000000e+00
4.000000e+02	4.200000e+02	9.423165e-05	3.017895e-05	0.000000e+00
4.200000e+02	4.400000e+02	9.272335e-05	2.718075e-05	0.000000e+00
4.400000e+02	4.600000e+02	8.833150e-05	2.899230e-05	0.000000e+00
4.600000e+02	4.800000e+02	8.653560e-05	2.806915e-05	0.000000e+00
4.800000e+02	5.000000e+02	8.471700e-05	2.898025e-05	0.000000e+00
5.000000e+02	5.200000e+02	8.160975e-05	2.714710e-05	0.000000e+00
5.200000e+02	5.400000e+02	7.925620e-05	2.711220e-05	0.000000e+00
5.400000e+02	5.600000e+02	7.800525e-05	2.632975e-05	0.000000e+00
5.600000e+02	5.800000e+02	7.505405e-05	2.558637e-05	0.000000e+00
5.800000e+02	6.000000e+02	7.336265e-05	2.454088e-05	0.000000e+00
6.000000e+02	6.200000e+02	7.132785e-05	2.500852e-05	0.000000e+00
6.200000e+02	6.400000e+02	6.985730e-05	2.495168e-05	0.000000e+00
6.400000e+02	6.600000e+02	6.756245e-05	2.323432e-05	0.000000e+00
6.600000e+02	6.800000e+02	6.649960e-05	2.362876e-05	0.000000e+00
6.800000e+02	7.000000e+02	6.365695e-05	2.278536e-05	0.000000e+00
7.000000e+02	7.200000e+02	6.228475e-05	2.256850e-05	0.000000e+00
7.200000e+02	7.400000e+02	6.087180e-05	2.239275e-05	0.000000e+00
7.400000e+02	7.600000e+02	5.889795e-05	2.165759e-05	0.000000e+00
7.600000e+02	7.800000e+02	5.787690e-05	2.195703e-05	0.000000e+00
7.800000e+02	8.000000e+02	5.601080e-05	2.126028e-05	0.000000e+00
8.000000e+02	8.200000e+02	5.442480e-05	2.050811e-05	0.000000e+00
8.200000e+02	8.400000e+02	5.284265e-05	1.982752e-05	0.000000e+00
8.400000e+02	8.600000e+02	5.121110e-05	1.928879e-05	0.000000e+00
8.600000e+02	8.800000e+02	4.999174e-05	1.907547e-05	0.000000e+00
8.800000e+02	9.000000e+02	4.848910e-05	1.881830e-05	0.000000e+00
9.000000e+02	9.200000e+02	4.692377e-05	1.839266e-05	0.000000e+00
9.200000e+02	9.400000e+02	4.610289e-05	1.790524e-05	0.000000e+00
9.400000e+02	9.600000e+02	4.447300e-05	1.735159e-05	0.000000e+00
9.600000e+02	9.800000e+02	4.308219e-05	1.672311e-05	0.000000e+00
9.800000e+02	1.000000e+03	4.193245e-05	1.638380e-05	0.000000e+00
# END HISTO1D

