# BEGIN PLOT
Scale=1000.0
DrawOnly=//homes/tinghua1/Merging-Project/Production/HJETS/ratio-plots/hjets-vbfnlo/H-N2-N3-4-25gev-combine.yoda/MC_H2JETS_07_INC/j1j3_mass //homes/tinghua1/Merging-Project/Production/HJETS/ratio-plots/hjets-vbfnlo/H-N2-N3-4-25gev-vbfnlo-combine.yoda/MC_H2JETS_07_INC/j1j3_mass //homes/tinghua1/Merging-Project/Production/HJETS/ratio-plots/hjets-vbfnlo/H-N2-3-4-25gev-combine.yoda/MC_H2JETS_07_INC/j1j3_mass //homes/tinghua1/Merging-Project/Production/HJETS/ratio-plots/hjets-vbfnlo/H-N2-3-4-25gev-vbfnlo-combine.yoda/MC_H2JETS_07_INC/j1j3_mass //homes/tinghua1/Merging-Project/Production/HJETS/ratio-plots/hjets-vbfnlo/H-2-3-4-25gev-combine.yoda/MC_H2JETS_07_INC/j1j3_mass //homes/tinghua1/Merging-Project/Production/HJETS/ratio-plots/hjets-vbfnlo/H-2-3-4-25gev-vbfnlo-combine.yoda/MC_H2JETS_07_INC/j1j3_mass //homes/tinghua1/Merging-Project/Production/HJETS/ratio-plots/hjets-vbfnlo/H-2-3-25gev-combine.yoda/MC_H2JETS_07_INC/j1j3_mass //homes/tinghua1/Merging-Project/Production/HJETS/ratio-plots/hjets-vbfnlo/H-2-3-25gev-vbfnlo-combine.yoda/MC_H2JETS_07_INC/j1j3_mass
RightMargin=0.5
RatioPlotReference=//homes/tinghua1/Merging-Project/Production/HJETS/ratio-plots/hjets-vbfnlo/H-N2-N3-4-25gev-combine.yoda/MC_H2JETS_07_INC/j1j3_mass
#RatioPlot=1
LogY=1
RatioPlotYMax=1.6
RatioPlotYLabel=Ratio
#LegendOnly=//homes/tinghua1/Merging-Project/Production/HJETS/ratio-plots/hjets-vbfnlo/H-N2-N3-4-25gev-combine.yoda/MC_H2JETS_07_INC/j1j3_mass //homes/tinghua1/Merging-Project/Production/HJETS/ratio-plots/hjets-vbfnlo/H-N2-N3-4-25gev-vbfnlo-combine.yoda/MC_H2JETS_07_INC/j1j3_mass //homes/tinghua1/Merging-Project/Production/HJETS/ratio-plots/hjets-vbfnlo/H-N2-3-4-25gev-combine.yoda/MC_H2JETS_07_INC/j1j3_mass //homes/tinghua1/Merging-Project/Production/HJETS/ratio-plots/hjets-vbfnlo/H-N2-3-4-25gev-vbfnlo-combine.yoda/MC_H2JETS_07_INC/j1j3_mass //homes/tinghua1/Merging-Project/Production/HJETS/ratio-plots/hjets-vbfnlo/H-2-3-4-25gev-combine.yoda/MC_H2JETS_07_INC/j1j3_mass //homes/tinghua1/Merging-Project/Production/HJETS/ratio-plots/hjets-vbfnlo/H-2-3-4-25gev-vbfnlo-combine.yoda/MC_H2JETS_07_INC/j1j3_mass //homes/tinghua1/Merging-Project/Production/HJETS/ratio-plots/hjets-vbfnlo/H-2-3-25gev-combine.yoda/MC_H2JETS_07_INC/j1j3_mass //homes/tinghua1/Merging-Project/Production/HJETS/ratio-plots/hjets-vbfnlo/H-2-3-25gev-vbfnlo-combine.yoda/MC_H2JETS_07_INC/j1j3_mass
XLabel=$m_{j_1j_3}$ (GeV)
LegendAlign=r
XMax=1000
YLabel=$ \text{d} \sigma/ \text{d}  m_{j_1j_3}$ (fb/GeV)
Legend=1
RatioPlot=4
MainPlotSelection={"Selection":[1,2,3,4,5,6,7,8]}
RatioPlots={"RatioPlotYLabel":"","Selection":[1,2]};{"RatioPlotYLabel":"","Selection":[3,4]};{"RatioPlotYLabel":"","Selection":[5,6]};{"RatioPlotYLabel":"","Selection":[7,8]}
RatioPlotSameStyle=1
RatioPlotYMin=0.0
# END PLOT


# BEGIN SPECIAL /MC_H2JETS_07_INC/j1j3_mass
\rput[tl](0.05,0.75){\parbox{5cm}{\textcolor{gray}{{\bf Herwig 7.2.0} \\ HJETS/ColorFull}}}
# END SPECIAL

# BEGIN HISTO1D //homes/tinghua1/Merging-Project/Production/HJETS/ratio-plots/hjets-vbfnlo/H-N2-N3-4-25gev-combine.yoda/MC_H2JETS_07_INC/j1j3_mass
ErrorBandColor=orange
ErrorBandOpacity=0.3
ErrorBands=1
ErrorType=env
LineColor=orange
LineStyle=solid
Path=//homes/tinghua1/Merging-Project/Production/HJETS/ratio-plots/hjets-vbfnlo/H-N2-N3-4-25gev-combine.yoda/MC_H2JETS_07_INC/j1j3_mass
RatioPlotSameStyle=1
Title=h(2*,3*,4)
# xlow	 xhigh	 val	 errminus	 errplus
0.000000e+00	4.000000e+01	2.176120e-04	0.000000e+00	1.834167e-05
4.000000e+01	8.000000e+01	3.380950e-03	2.316100e-04	2.097350e-04
8.000000e+01	1.200000e+02	5.007882e-03	2.264375e-04	3.417050e-04
1.200000e+02	1.600000e+02	2.921615e-03	2.286075e-04	2.042750e-04
1.600000e+02	2.000000e+02	1.968923e-03	1.983715e-04	1.068503e-04
2.000000e+02	2.400000e+02	1.383246e-03	1.271472e-04	6.814050e-05
2.400000e+02	2.800000e+02	1.019690e-03	8.018225e-05	2.940000e-07
2.800000e+02	3.200000e+02	7.993835e-04	7.063425e-05	4.732975e-05
3.200000e+02	3.600000e+02	6.461900e-04	5.179500e-05	1.449150e-05
3.600000e+02	4.000000e+02	5.657767e-04	5.484100e-05	3.200825e-05
4.000000e+02	4.400000e+02	4.844317e-04	0.000000e+00	4.609300e-05
4.400000e+02	4.800000e+02	4.203335e-04	2.795825e-05	3.432075e-05
4.800000e+02	5.200000e+02	3.730028e-04	3.696100e-05	3.379925e-05
5.200000e+02	5.600000e+02	3.475760e-04	3.541100e-05	4.256250e-06
5.600000e+02	6.000000e+02	3.140275e-04	2.138475e-05	3.689775e-05
6.000000e+02	6.400000e+02	2.710492e-04	2.362040e-05	1.941750e-05
6.400000e+02	6.800000e+02	2.291593e-04	6.168450e-06	3.592448e-05
6.800000e+02	7.200000e+02	2.350936e-04	2.905132e-05	6.215925e-06
7.200000e+02	7.600000e+02	2.065698e-04	1.920593e-05	1.746510e-05
7.600000e+02	8.000000e+02	1.829341e-04	1.475585e-05	1.714430e-05
8.000000e+02	8.400000e+02	1.729001e-04	1.113180e-05	7.486100e-06
8.400000e+02	8.800000e+02	1.566610e-04	1.397153e-05	1.776975e-06
8.800000e+02	9.200000e+02	1.451735e-04	9.548825e-06	8.528800e-06
9.200000e+02	9.600000e+02	1.225038e-04	0.000000e+00	1.826160e-05
9.600000e+02	1.000000e+03	1.212371e-04	9.717250e-06	1.325625e-06
1.000000e+03	1.040000e+03	1.153579e-04	9.408925e-06	6.941975e-06
1.040000e+03	1.080000e+03	1.010757e-04	6.264300e-06	1.213655e-05
1.080000e+03	1.120000e+03	9.624873e-05	8.470600e-06	3.214800e-06
1.120000e+03	1.160000e+03	9.352545e-05	1.230905e-05	0.000000e+00
1.160000e+03	1.200000e+03	7.525723e-05	2.472500e-08	8.415600e-06
1.200000e+03	1.240000e+03	7.537683e-05	4.705250e-06	1.369168e-05
1.240000e+03	1.280000e+03	7.254025e-05	5.512200e-06	1.305250e-07
1.280000e+03	1.320000e+03	6.463897e-05	4.253575e-06	8.321775e-06
1.320000e+03	1.360000e+03	5.665183e-05	0.000000e+00	7.978825e-06
1.360000e+03	1.400000e+03	5.624530e-05	5.192825e-06	0.000000e+00
1.400000e+03	1.440000e+03	5.201450e-05	4.608375e-06	3.304250e-07
1.440000e+03	1.480000e+03	4.742878e-05	1.587593e-05	8.815700e-06
1.480000e+03	1.520000e+03	4.647762e-05	6.144625e-06	0.000000e+00
1.520000e+03	1.560000e+03	3.729228e-05	5.994825e-06	7.973800e-06
1.560000e+03	1.600000e+03	3.795477e-05	2.989150e-06	0.000000e+00
1.600000e+03	1.640000e+03	3.169330e-05	1.802500e-08	4.660725e-06
1.640000e+03	1.680000e+03	3.314005e-05	9.764250e-07	1.099000e-06
1.680000e+03	1.720000e+03	3.045348e-05	6.017943e-06	1.974600e-06
1.720000e+03	1.760000e+03	2.807053e-05	1.436975e-06	3.154200e-06
1.760000e+03	1.800000e+03	3.056727e-05	6.209540e-06	0.000000e+00
1.800000e+03	1.840000e+03	2.385421e-05	2.072688e-06	8.428568e-06
1.840000e+03	1.880000e+03	2.012502e-05	0.000000e+00	2.050595e-06
1.880000e+03	1.920000e+03	2.163914e-05	3.307265e-06	1.101095e-06
1.920000e+03	1.960000e+03	2.047042e-05	2.285780e-06	1.662837e-06
1.960000e+03	2.000000e+03	1.749781e-05	6.879875e-07	1.746375e-06
2.000000e+03	2.040000e+03	1.668330e-05	1.693698e-06	6.021750e-08
2.040000e+03	2.080000e+03	1.629538e-05	1.381947e-06	1.188975e-06
2.080000e+03	2.120000e+03	1.577185e-05	2.051398e-06	0.000000e+00
2.120000e+03	2.160000e+03	1.519898e-05	2.033362e-06	0.000000e+00
2.160000e+03	2.200000e+03	1.328585e-05	1.692690e-06	0.000000e+00
2.200000e+03	2.240000e+03	1.191512e-05	1.186080e-06	2.292650e-06
2.240000e+03	2.280000e+03	1.190121e-05	2.497975e-06	0.000000e+00
2.280000e+03	2.320000e+03	1.078998e-05	1.269740e-06	1.619238e-06
2.320000e+03	2.360000e+03	9.564813e-06	1.217345e-06	1.392357e-06
2.360000e+03	2.400000e+03	8.107327e-06	0.000000e+00	2.155085e-06
2.400000e+03	2.440000e+03	8.623668e-06	1.500780e-06	0.000000e+00
2.440000e+03	2.480000e+03	7.804842e-06	1.386395e-06	6.260825e-07
2.480000e+03	2.520000e+03	7.378363e-06	6.825125e-07	1.235162e-06
2.520000e+03	2.560000e+03	7.412558e-06	1.277543e-06	0.000000e+00
2.560000e+03	2.600000e+03	5.472067e-06	0.000000e+00	7.261400e-07
2.600000e+03	2.640000e+03	5.841380e-06	5.985950e-07	7.660575e-07
2.640000e+03	2.680000e+03	4.421120e-06	0.000000e+00	8.749875e-07
2.680000e+03	2.720000e+03	5.295868e-06	1.465185e-06	5.045000e-09
2.720000e+03	2.760000e+03	4.741765e-06	2.646500e-07	3.487250e-07
2.760000e+03	2.800000e+03	6.031157e-06	1.967728e-06	0.000000e+00
2.800000e+03	2.840000e+03	3.882810e-06	9.884500e-08	1.133750e-07
2.840000e+03	2.880000e+03	4.017735e-06	4.957575e-07	9.482750e-08
2.880000e+03	2.920000e+03	3.443765e-06	3.512375e-07	4.717525e-07
2.920000e+03	2.960000e+03	2.875933e-06	3.773908e-07	1.360790e-06
2.960000e+03	3.000000e+03	2.744932e-06	3.208750e-08	5.916450e-07
3.000000e+03	3.040000e+03	2.271296e-06	0.000000e+00	2.507967e-07
3.040000e+03	3.080000e+03	2.378057e-06	1.251522e-07	5.435353e-07
3.080000e+03	3.120000e+03	2.000427e-06	0.000000e+00	3.030630e-07
3.120000e+03	3.160000e+03	2.171358e-06	2.273085e-07	0.000000e+00
3.160000e+03	3.200000e+03	2.046142e-06	9.225072e-07	0.000000e+00
3.200000e+03	3.240000e+03	1.877353e-06	1.395592e-06	0.000000e+00
3.240000e+03	3.280000e+03	-4.372490e-07	0.000000e+00	1.853663e-06
3.280000e+03	3.320000e+03	1.730668e-06	5.361885e-07	4.300000e-08
3.320000e+03	3.360000e+03	1.420634e-06	0.000000e+00	1.424746e-06
3.360000e+03	3.400000e+03	1.995645e-06	7.942263e-07	0.000000e+00
3.400000e+03	3.440000e+03	1.064243e-06	0.000000e+00	5.078990e-07
3.440000e+03	3.480000e+03	1.040011e-06	2.682978e-06	0.000000e+00
3.480000e+03	3.520000e+03	1.275004e-06	1.079647e-06	0.000000e+00
3.520000e+03	3.560000e+03	9.327222e-07	0.000000e+00	5.688825e-08
3.560000e+03	3.600000e+03	5.739730e-07	0.000000e+00	4.692615e-07
3.600000e+03	3.640000e+03	8.425075e-07	1.094187e-07	5.258075e-08
3.640000e+03	3.680000e+03	7.051465e-07	0.000000e+00	9.037525e-08
3.680000e+03	3.720000e+03	1.035896e-06	2.828270e-07	0.000000e+00
3.720000e+03	3.760000e+03	7.374042e-07	3.093827e-07	9.198500e-08
3.760000e+03	3.800000e+03	7.049272e-07	2.076680e-07	3.658750e-07
3.800000e+03	3.840000e+03	5.510745e-07	9.699075e-08	0.000000e+00
3.840000e+03	3.880000e+03	4.581905e-07	0.000000e+00	9.374750e-08
3.880000e+03	3.920000e+03	3.646085e-07	0.000000e+00	9.707850e-08
3.920000e+03	3.960000e+03	4.506323e-07	3.714150e-08	1.320455e-07
3.960000e+03	4.000000e+03	4.595025e-07	1.220430e-07	0.000000e+00
4.000000e+03	4.040000e+03	3.766870e-07	2.671275e-08	0.000000e+00
4.040000e+03	4.080000e+03	3.037277e-07	2.021450e-08	1.359525e-08
4.080000e+03	4.120000e+03	3.098455e-07	6.820697e-08	2.849050e-08
4.120000e+03	4.160000e+03	2.660420e-07	0.000000e+00	5.850325e-08
4.160000e+03	4.200000e+03	2.493297e-07	2.127890e-08	1.697665e-07
4.200000e+03	4.240000e+03	2.234281e-07	5.002480e-08	2.809465e-08
4.240000e+03	4.280000e+03	4.045583e-07	2.684821e-07	0.000000e+00
4.280000e+03	4.320000e+03	1.988891e-07	1.731265e-08	0.000000e+00
4.320000e+03	4.360000e+03	1.827526e-07	5.554120e-08	1.111683e-08
4.360000e+03	4.400000e+03	1.897552e-07	5.467334e-07	0.000000e+00
4.400000e+03	4.440000e+03	5.199480e-07	3.875771e-07	0.000000e+00
4.440000e+03	4.480000e+03	1.353553e-07	0.000000e+00	5.226227e-08
4.480000e+03	4.520000e+03	7.937978e-08	0.000000e+00	7.708342e-08
4.520000e+03	4.560000e+03	1.212045e-07	2.491230e-08	0.000000e+00
4.560000e+03	4.600000e+03	5.572438e-08	0.000000e+00	4.410435e-08
4.600000e+03	4.640000e+03	1.306804e-07	3.818725e-08	0.000000e+00
4.640000e+03	4.680000e+03	1.459071e-07	1.106010e-07	0.000000e+00
4.680000e+03	4.720000e+03	7.071127e-08	0.000000e+00	3.942033e-08
4.720000e+03	4.760000e+03	8.794153e-08	2.152515e-08	0.000000e+00
4.760000e+03	4.800000e+03	2.202216e-07	1.951786e-07	0.000000e+00
4.800000e+03	4.840000e+03	8.134967e-08	1.484023e-08	0.000000e+00
4.840000e+03	4.880000e+03	4.360283e-08	0.000000e+00	7.126215e-08
4.880000e+03	4.920000e+03	6.338453e-08	6.424050e-09	0.000000e+00
4.920000e+03	4.960000e+03	4.717123e-08	1.476342e-08	3.081825e-09
4.960000e+03	5.000000e+03	3.382363e-08	0.000000e+00	2.645700e-09
5.000000e+03	5.040000e+03	3.350320e-08	0.000000e+00	1.211657e-08
5.040000e+03	5.080000e+03	3.762310e-08	6.602275e-08	0.000000e+00
5.080000e+03	5.120000e+03	3.476750e-08	0.000000e+00	1.923027e-08
5.120000e+03	5.160000e+03	3.158163e-08	2.663325e-09	0.000000e+00
5.160000e+03	5.200000e+03	2.957977e-08	2.384721e-07	0.000000e+00
5.200000e+03	5.240000e+03	3.216998e-08	2.280625e-09	1.912152e-08
5.240000e+03	5.280000e+03	2.612455e-08	9.966258e-09	5.851800e-09
5.280000e+03	5.320000e+03	2.342920e-08	7.434340e-09	0.000000e+00
5.320000e+03	5.360000e+03	1.243752e-08	0.000000e+00	7.865053e-09
5.360000e+03	5.400000e+03	3.337645e-08	1.792848e-08	0.000000e+00
5.400000e+03	5.440000e+03	1.975336e-08	1.853660e-08	0.000000e+00
5.440000e+03	5.480000e+03	2.312496e-08	1.429875e-08	0.000000e+00
5.480000e+03	5.520000e+03	1.220076e-08	3.992597e-09	0.000000e+00
5.520000e+03	5.560000e+03	1.429800e-08	2.742233e-08	0.000000e+00
5.560000e+03	5.600000e+03	8.343310e-09	0.000000e+00	2.028831e-08
5.600000e+03	5.640000e+03	6.818818e-09	0.000000e+00	4.116800e-10
5.640000e+03	5.680000e+03	3.745552e-09	0.000000e+00	2.395195e-09
5.680000e+03	5.720000e+03	5.710300e-09	3.897750e-10	4.388823e-09
5.720000e+03	5.760000e+03	7.466138e-09	5.149463e-09	9.946460e-09
5.760000e+03	5.800000e+03	-2.689212e-08	0.000000e+00	3.252462e-08
5.800000e+03	5.840000e+03	6.170717e-09	3.477055e-09	1.583908e-09
5.840000e+03	5.880000e+03	4.492957e-09	3.966101e-09	6.667000e-10
5.880000e+03	5.920000e+03	5.251535e-09	2.431438e-09	0.000000e+00
5.920000e+03	5.960000e+03	7.016960e-09	3.167818e-09	0.000000e+00
5.960000e+03	6.000000e+03	4.079553e-09	3.274437e-09	1.926425e-10
# END HISTO1D


# BEGIN HISTO1D //homes/tinghua1/Merging-Project/Production/HJETS/ratio-plots/hjets-vbfnlo/H-N2-N3-4-25gev-vbfnlo-combine.yoda/MC_H2JETS_07_INC/j1j3_mass
ErrorBandColor=red
ErrorBandOpacity=0.3
ErrorBands=1
ErrorType=env
LineColor=red
LineStyle=solid
Path=//homes/tinghua1/Merging-Project/Production/HJETS/ratio-plots/hjets-vbfnlo/H-N2-N3-4-25gev-vbfnlo-combine.yoda/MC_H2JETS_07_INC/j1j3_mass
RatioPlotSameStyle=1
Title=h(2*,3*,4)-vbfnlo
# xlow	 xhigh	 val	 errminus	 errplus
0.000000e+00	4.000000e+01	1.393387e-04	1.119278e-05	0.000000e+00
4.000000e+01	8.000000e+01	1.355795e-03	0.000000e+00	1.652323e-04
8.000000e+01	1.200000e+02	1.647298e-03	0.000000e+00	1.599255e-04
1.200000e+02	1.600000e+02	1.261898e-03	0.000000e+00	9.140425e-05
1.600000e+02	2.000000e+02	8.835510e-04	0.000000e+00	8.165925e-05
2.000000e+02	2.400000e+02	6.715355e-04	0.000000e+00	5.652125e-05
2.400000e+02	2.800000e+02	5.480215e-04	0.000000e+00	5.316975e-05
2.800000e+02	3.200000e+02	4.755615e-04	0.000000e+00	3.184525e-05
3.200000e+02	3.600000e+02	4.181298e-04	0.000000e+00	4.222550e-05
3.600000e+02	4.000000e+02	3.811865e-04	0.000000e+00	2.771650e-05
4.000000e+02	4.400000e+02	3.493308e-04	0.000000e+00	2.157400e-05
4.400000e+02	4.800000e+02	3.124085e-04	0.000000e+00	3.937800e-05
4.800000e+02	5.200000e+02	2.862090e-04	0.000000e+00	3.002200e-05
5.200000e+02	5.600000e+02	2.659430e-04	0.000000e+00	8.949475e-05
5.600000e+02	6.000000e+02	2.423203e-04	0.000000e+00	1.887772e-05
6.000000e+02	6.400000e+02	2.235935e-04	0.000000e+00	1.376380e-05
6.400000e+02	6.800000e+02	2.021905e-04	0.000000e+00	2.482678e-05
6.800000e+02	7.200000e+02	1.912633e-04	0.000000e+00	9.363575e-06
7.200000e+02	7.600000e+02	1.715837e-04	0.000000e+00	1.242915e-05
7.600000e+02	8.000000e+02	1.611567e-04	0.000000e+00	1.575505e-05
8.000000e+02	8.400000e+02	1.472520e-04	0.000000e+00	1.602552e-05
8.400000e+02	8.800000e+02	1.362636e-04	0.000000e+00	1.347097e-05
8.800000e+02	9.200000e+02	1.254610e-04	0.000000e+00	1.154223e-05
9.200000e+02	9.600000e+02	1.162958e-04	0.000000e+00	1.232905e-05
9.600000e+02	1.000000e+03	1.063733e-04	0.000000e+00	1.059445e-05
1.000000e+03	1.040000e+03	9.787967e-05	0.000000e+00	1.036503e-05
1.040000e+03	1.080000e+03	9.198003e-05	0.000000e+00	7.492200e-06
1.080000e+03	1.120000e+03	8.323043e-05	0.000000e+00	1.472797e-05
1.120000e+03	1.160000e+03	7.875062e-05	0.000000e+00	9.091150e-06
1.160000e+03	1.200000e+03	7.285175e-05	0.000000e+00	5.859875e-06
1.200000e+03	1.240000e+03	6.430173e-05	0.000000e+00	8.230725e-06
1.240000e+03	1.280000e+03	6.177060e-05	0.000000e+00	1.069457e-05
1.280000e+03	1.320000e+03	5.644860e-05	0.000000e+00	1.293722e-05
1.320000e+03	1.360000e+03	5.404917e-05	0.000000e+00	5.987050e-06
1.360000e+03	1.400000e+03	4.903185e-05	0.000000e+00	6.937775e-06
1.400000e+03	1.440000e+03	4.574800e-05	0.000000e+00	6.826000e-06
1.440000e+03	1.480000e+03	4.307973e-05	0.000000e+00	3.888075e-06
1.480000e+03	1.520000e+03	4.032715e-05	0.000000e+00	2.957325e-06
1.520000e+03	1.560000e+03	3.655408e-05	0.000000e+00	5.130475e-06
1.560000e+03	1.600000e+03	3.563180e-05	6.090750e-07	3.826250e-06
1.600000e+03	1.640000e+03	3.252375e-05	0.000000e+00	8.447250e-07
1.640000e+03	1.680000e+03	2.956237e-05	0.000000e+00	3.594400e-06
1.680000e+03	1.720000e+03	2.806497e-05	0.000000e+00	3.880250e-06
1.720000e+03	1.760000e+03	2.599420e-05	0.000000e+00	2.468275e-06
1.760000e+03	1.800000e+03	2.286910e-05	0.000000e+00	4.207530e-06
1.800000e+03	1.840000e+03	2.271458e-05	0.000000e+00	3.255493e-06
1.840000e+03	1.880000e+03	2.058691e-05	0.000000e+00	2.450003e-06
1.880000e+03	1.920000e+03	1.892284e-05	0.000000e+00	1.826785e-06
1.920000e+03	1.960000e+03	1.857781e-05	0.000000e+00	3.326632e-06
1.960000e+03	2.000000e+03	1.616502e-05	0.000000e+00	1.791000e-06
2.000000e+03	2.040000e+03	1.574083e-05	0.000000e+00	1.720490e-06
2.040000e+03	2.080000e+03	1.408835e-05	0.000000e+00	2.379110e-06
2.080000e+03	2.120000e+03	1.193326e-05	0.000000e+00	3.921923e-06
2.120000e+03	2.160000e+03	1.246959e-05	0.000000e+00	3.253353e-06
2.160000e+03	2.200000e+03	1.319005e-05	1.010832e-06	3.911425e-07
2.200000e+03	2.240000e+03	1.038081e-05	0.000000e+00	1.923678e-06
2.240000e+03	2.280000e+03	9.848747e-06	0.000000e+00	2.499613e-06
2.280000e+03	2.320000e+03	9.276980e-06	0.000000e+00	1.157800e-06
2.320000e+03	2.360000e+03	7.238222e-06	0.000000e+00	2.218863e-06
2.360000e+03	2.400000e+03	7.967695e-06	0.000000e+00	1.200103e-06
2.400000e+03	2.440000e+03	6.989537e-06	0.000000e+00	1.591812e-06
2.440000e+03	2.480000e+03	6.975963e-06	0.000000e+00	1.781330e-06
2.480000e+03	2.520000e+03	6.535070e-06	0.000000e+00	1.123318e-06
2.520000e+03	2.560000e+03	5.783685e-06	0.000000e+00	7.510775e-07
2.560000e+03	2.600000e+03	5.538955e-06	0.000000e+00	9.438900e-07
2.600000e+03	2.640000e+03	5.157422e-06	0.000000e+00	9.365125e-07
2.640000e+03	2.680000e+03	5.399058e-06	3.211875e-07	0.000000e+00
2.680000e+03	2.720000e+03	4.284878e-06	0.000000e+00	1.778592e-06
2.720000e+03	2.760000e+03	4.066432e-06	0.000000e+00	5.666775e-07
2.760000e+03	2.800000e+03	3.696260e-06	0.000000e+00	9.190500e-07
2.800000e+03	2.840000e+03	3.322777e-06	0.000000e+00	1.150388e-06
2.840000e+03	2.880000e+03	3.268165e-06	0.000000e+00	6.522950e-07
2.880000e+03	2.920000e+03	2.983197e-06	0.000000e+00	7.665950e-07
2.920000e+03	2.960000e+03	2.959712e-06	0.000000e+00	2.641050e-07
2.960000e+03	3.000000e+03	2.760398e-06	1.690500e-07	1.793475e-07
3.000000e+03	3.040000e+03	2.571677e-06	0.000000e+00	2.102150e-07
3.040000e+03	3.080000e+03	2.134562e-06	0.000000e+00	3.154025e-07
3.080000e+03	3.120000e+03	2.505920e-06	1.119555e-06	0.000000e+00
3.120000e+03	3.160000e+03	2.056629e-06	0.000000e+00	1.691298e-07
3.160000e+03	3.200000e+03	1.905993e-06	0.000000e+00	1.724843e-07
3.200000e+03	3.240000e+03	1.541003e-06	0.000000e+00	5.853762e-07
3.240000e+03	3.280000e+03	1.496345e-06	9.486725e-08	2.703457e-07
3.280000e+03	3.320000e+03	1.303115e-06	0.000000e+00	3.616060e-07
3.320000e+03	3.360000e+03	1.394399e-06	5.737100e-08	9.990750e-09
3.360000e+03	3.400000e+03	9.927513e-07	0.000000e+00	5.432782e-07
3.400000e+03	3.440000e+03	1.202177e-06	0.000000e+00	1.437603e-07
3.440000e+03	3.480000e+03	9.693483e-07	0.000000e+00	8.630165e-07
3.480000e+03	3.520000e+03	8.932090e-07	0.000000e+00	1.694757e-07
3.520000e+03	3.560000e+03	6.358645e-07	0.000000e+00	3.756460e-07
3.560000e+03	3.600000e+03	7.659533e-07	8.688750e-09	1.441137e-07
3.600000e+03	3.640000e+03	1.299475e-07	0.000000e+00	7.746823e-07
3.640000e+03	3.680000e+03	6.619880e-07	0.000000e+00	3.359360e-07
3.680000e+03	3.720000e+03	6.172013e-07	0.000000e+00	2.669350e-08
3.720000e+03	3.760000e+03	5.637390e-07	6.484200e-08	7.330575e-08
3.760000e+03	3.800000e+03	5.444488e-07	0.000000e+00	9.422075e-08
3.800000e+03	3.840000e+03	5.752577e-07	8.933400e-08	4.126000e-09
3.840000e+03	3.880000e+03	4.314652e-07	2.729000e-09	8.448925e-08
3.880000e+03	3.920000e+03	3.878455e-07	0.000000e+00	1.180743e-07
3.920000e+03	3.960000e+03	3.221520e-07	0.000000e+00	2.049745e-07
3.960000e+03	4.000000e+03	3.407640e-07	0.000000e+00	1.250980e-07
4.000000e+03	4.040000e+03	3.245095e-07	1.704707e-07	1.333970e-07
4.040000e+03	4.080000e+03	3.506568e-07	7.741575e-08	0.000000e+00
4.080000e+03	4.120000e+03	2.757000e-07	1.696500e-09	5.753050e-08
4.120000e+03	4.160000e+03	2.185925e-07	0.000000e+00	8.035845e-08
4.160000e+03	4.200000e+03	2.182692e-07	3.301460e-08	0.000000e+00
4.200000e+03	4.240000e+03	1.880482e-07	0.000000e+00	1.027713e-07
4.240000e+03	4.280000e+03	2.381451e-07	2.477822e-08	0.000000e+00
4.280000e+03	4.320000e+03	1.840941e-07	2.913700e-09	5.716093e-08
4.320000e+03	4.360000e+03	1.560395e-07	3.040775e-09	2.996150e-08
4.360000e+03	4.400000e+03	1.602167e-07	0.000000e+00	6.107235e-07
4.400000e+03	4.440000e+03	9.852685e-08	1.305760e-08	7.389197e-08
4.440000e+03	4.480000e+03	9.734760e-08	5.046508e-08	5.386242e-08
4.480000e+03	4.520000e+03	9.579520e-08	0.000000e+00	6.797815e-08
4.520000e+03	4.560000e+03	1.039965e-07	1.365790e-08	0.000000e+00
4.560000e+03	4.600000e+03	9.617193e-08	1.456611e-07	0.000000e+00
4.600000e+03	4.640000e+03	8.074487e-08	0.000000e+00	5.180262e-08
4.640000e+03	4.680000e+03	7.442600e-08	2.082685e-08	5.973975e-09
4.680000e+03	4.720000e+03	7.687542e-08	1.258405e-08	1.766225e-08
4.720000e+03	4.760000e+03	6.490975e-08	2.529900e-09	7.262645e-08
4.760000e+03	4.800000e+03	5.016122e-08	1.256460e-08	2.733265e-08
4.800000e+03	4.840000e+03	4.941358e-08	0.000000e+00	5.104410e-08
4.840000e+03	4.880000e+03	6.101445e-08	6.866025e-09	5.553800e-09
4.880000e+03	4.920000e+03	4.202943e-08	0.000000e+00	3.735750e-09
4.920000e+03	4.960000e+03	4.666390e-08	0.000000e+00	4.431995e-08
4.960000e+03	5.000000e+03	3.207437e-08	0.000000e+00	4.038250e-08
5.000000e+03	5.040000e+03	3.179750e-08	0.000000e+00	7.900750e-09
5.040000e+03	5.080000e+03	4.553665e-08	9.343425e-09	2.954025e-09
5.080000e+03	5.120000e+03	4.164637e-08	1.233800e-08	0.000000e+00
5.120000e+03	5.160000e+03	2.416967e-08	0.000000e+00	2.780608e-08
5.160000e+03	5.200000e+03	2.185479e-08	4.339185e-09	3.673458e-09
5.200000e+03	5.240000e+03	2.092081e-08	0.000000e+00	4.641188e-09
5.240000e+03	5.280000e+03	1.381406e-08	2.254068e-08	1.989571e-08
5.280000e+03	5.320000e+03	1.918570e-08	7.550813e-09	0.000000e+00
5.320000e+03	5.360000e+03	1.002885e-08	0.000000e+00	1.519323e-08
5.360000e+03	5.400000e+03	1.058311e-08	0.000000e+00	1.155022e-08
5.400000e+03	5.440000e+03	1.447474e-08	2.312187e-09	7.452145e-09
5.440000e+03	5.480000e+03	1.245009e-08	2.103405e-09	6.053000e-09
5.480000e+03	5.520000e+03	1.429326e-08	1.510612e-09	1.409303e-08
5.520000e+03	5.560000e+03	6.378285e-09	0.000000e+00	8.471680e-09
5.560000e+03	5.600000e+03	7.443268e-09	0.000000e+00	2.224912e-09
5.600000e+03	5.640000e+03	1.521549e-08	9.561975e-09	0.000000e+00
5.640000e+03	5.680000e+03	6.371550e-09	0.000000e+00	4.414625e-09
5.680000e+03	5.720000e+03	4.713392e-09	7.196400e-10	2.378008e-08
5.720000e+03	5.760000e+03	3.401613e-09	0.000000e+00	4.078032e-09
5.760000e+03	5.800000e+03	4.414157e-09	0.000000e+00	3.482678e-09
5.800000e+03	5.840000e+03	4.692165e-09	0.000000e+00	4.549695e-09
5.840000e+03	5.880000e+03	3.849208e-09	0.000000e+00	1.848948e-09
5.880000e+03	5.920000e+03	4.758480e-09	1.598068e-08	2.450667e-09
5.920000e+03	5.960000e+03	3.642657e-09	0.000000e+00	1.921088e-09
5.960000e+03	6.000000e+03	3.521807e-09	0.000000e+00	4.309788e-09
# END HISTO1D


# BEGIN HISTO1D //homes/tinghua1/Merging-Project/Production/HJETS/ratio-plots/hjets-vbfnlo/H-N2-3-4-25gev-combine.yoda/MC_H2JETS_07_INC/j1j3_mass
ErrorBandColor=blue
ErrorBandOpacity=0.3
ErrorBands=1
ErrorType=env
LineColor=blue
LineStyle=solid
Path=//homes/tinghua1/Merging-Project/Production/HJETS/ratio-plots/hjets-vbfnlo/H-N2-3-4-25gev-combine.yoda/MC_H2JETS_07_INC/j1j3_mass
RatioPlotSameStyle=1
Title=h(2*,3,4)
# xlow	 xhigh	 val	 errminus	 errplus
0.000000e+00	4.000000e+01	2.207040e-04	4.898700e-06	1.826128e-05
4.000000e+01	8.000000e+01	3.305285e-03	2.398750e-04	2.887000e-04
8.000000e+01	1.200000e+02	4.852597e-03	4.175275e-04	4.524950e-04
1.200000e+02	1.600000e+02	2.798910e-03	2.973975e-04	3.523925e-04
1.600000e+02	2.000000e+02	1.875989e-03	2.092443e-04	2.491285e-04
2.000000e+02	2.400000e+02	1.321406e-03	1.674137e-04	1.591905e-04
2.400000e+02	2.800000e+02	9.857368e-04	1.174243e-04	1.300025e-04
2.800000e+02	3.200000e+02	7.651293e-04	8.350550e-05	1.196605e-04
3.200000e+02	3.600000e+02	6.440207e-04	7.794050e-05	8.388950e-05
3.600000e+02	4.000000e+02	5.401920e-04	6.334125e-05	1.118258e-04
4.000000e+02	4.400000e+02	4.663238e-04	5.185275e-05	6.981125e-05
4.400000e+02	4.800000e+02	4.096905e-04	4.662275e-05	6.973125e-05
4.800000e+02	5.200000e+02	3.666242e-04	4.322875e-05	5.380900e-05
5.200000e+02	5.600000e+02	3.278440e-04	3.880725e-05	4.485200e-05
5.600000e+02	6.000000e+02	2.904902e-04	3.145400e-05	4.675350e-05
6.000000e+02	6.400000e+02	2.647602e-04	3.096802e-05	3.806875e-05
6.400000e+02	6.800000e+02	2.391152e-04	2.633285e-05	3.797655e-05
6.800000e+02	7.200000e+02	2.211045e-04	2.695250e-05	2.862930e-05
7.200000e+02	7.600000e+02	1.978270e-04	2.301332e-05	2.556890e-05
7.600000e+02	8.000000e+02	1.806994e-04	2.003028e-05	2.993350e-05
8.000000e+02	8.400000e+02	1.663976e-04	1.880755e-05	2.465185e-05
8.400000e+02	8.800000e+02	1.566198e-04	2.582887e-05	1.756958e-05
8.800000e+02	9.200000e+02	1.367882e-04	1.293475e-05	2.352405e-05
9.200000e+02	9.600000e+02	1.327752e-04	1.940670e-05	1.500122e-05
9.600000e+02	1.000000e+03	1.173837e-04	1.396815e-05	2.089285e-05
1.000000e+03	1.040000e+03	1.094895e-04	1.267885e-05	1.949478e-05
1.040000e+03	1.080000e+03	1.015439e-04	1.490795e-05	1.454152e-05
1.080000e+03	1.120000e+03	9.401290e-05	1.246613e-05	1.468780e-05
1.120000e+03	1.160000e+03	8.590015e-05	1.057132e-05	1.361535e-05
1.160000e+03	1.200000e+03	7.859812e-05	1.035090e-05	1.368363e-05
1.200000e+03	1.240000e+03	7.344407e-05	1.025340e-05	1.251757e-05
1.240000e+03	1.280000e+03	6.737742e-05	9.909175e-06	1.132875e-05
1.280000e+03	1.320000e+03	6.244290e-05	7.972650e-06	1.169717e-05
1.320000e+03	1.360000e+03	5.867968e-05	8.533250e-06	9.710975e-06
1.360000e+03	1.400000e+03	5.380855e-05	7.281900e-06	1.136062e-05
1.400000e+03	1.440000e+03	4.980638e-05	7.791025e-06	1.353497e-05
1.440000e+03	1.480000e+03	4.705878e-05	7.006050e-06	7.288400e-06
1.480000e+03	1.520000e+03	4.286330e-05	5.957650e-06	7.469075e-06
1.520000e+03	1.560000e+03	4.007160e-05	5.647450e-06	6.191000e-06
1.560000e+03	1.600000e+03	3.697480e-05	5.228050e-06	6.553150e-06
1.600000e+03	1.640000e+03	3.537425e-05	5.813950e-06	5.374175e-06
1.640000e+03	1.680000e+03	3.117868e-05	2.836050e-06	8.036500e-06
1.680000e+03	1.720000e+03	3.062035e-05	4.265975e-06	5.138400e-06
1.720000e+03	1.760000e+03	2.713017e-05	3.820877e-06	5.900750e-06
1.760000e+03	1.800000e+03	2.514898e-05	2.933617e-06	5.648075e-06
1.800000e+03	1.840000e+03	2.348112e-05	3.341138e-06	5.551180e-06
1.840000e+03	1.880000e+03	2.204243e-05	3.528640e-06	5.267990e-06
1.880000e+03	1.920000e+03	2.124965e-05	4.070450e-06	2.890070e-06
1.920000e+03	1.960000e+03	1.979148e-05	3.233322e-06	0.000000e+00
1.960000e+03	2.000000e+03	1.746545e-05	2.270633e-06	3.997677e-06
2.000000e+03	2.040000e+03	1.637118e-05	2.104627e-06	2.693155e-06
2.040000e+03	2.080000e+03	1.517898e-05	2.412025e-06	3.205145e-06
2.080000e+03	2.120000e+03	1.415710e-05	2.001905e-06	3.622850e-06
2.120000e+03	2.160000e+03	1.341706e-05	2.116283e-06	2.456938e-06
2.160000e+03	2.200000e+03	1.234581e-05	1.865878e-06	2.809407e-06
2.200000e+03	2.240000e+03	1.116000e-05	1.598052e-06	2.915533e-06
2.240000e+03	2.280000e+03	1.010343e-05	1.305260e-06	2.606288e-06
2.280000e+03	2.320000e+03	1.041631e-05	1.917845e-06	1.316033e-06
2.320000e+03	2.360000e+03	9.203633e-06	1.627897e-06	1.925258e-06
2.360000e+03	2.400000e+03	8.099645e-06	1.062420e-06	1.965115e-06
2.400000e+03	2.440000e+03	7.990227e-06	1.287525e-06	2.128673e-06
2.440000e+03	2.480000e+03	7.345308e-06	0.000000e+00	5.206425e-06
2.480000e+03	2.520000e+03	7.058375e-06	1.253945e-06	1.578388e-06
2.520000e+03	2.560000e+03	6.122495e-06	1.065720e-06	1.386145e-06
2.560000e+03	2.600000e+03	6.416485e-06	1.481677e-06	1.368675e-07
2.600000e+03	2.640000e+03	5.502772e-06	9.654025e-07	1.412563e-06
2.640000e+03	2.680000e+03	4.945985e-06	5.612025e-07	1.503522e-06
2.680000e+03	2.720000e+03	4.623657e-06	9.729800e-07	1.401273e-06
2.720000e+03	2.760000e+03	4.669535e-06	1.071903e-06	1.073878e-06
2.760000e+03	2.800000e+03	4.121755e-06	6.649900e-07	7.959975e-07
2.800000e+03	2.840000e+03	3.882852e-06	5.433625e-07	1.140248e-06
2.840000e+03	2.880000e+03	3.479783e-06	5.407600e-07	6.434350e-07
2.880000e+03	2.920000e+03	3.219992e-06	5.652775e-07	7.073725e-07
2.920000e+03	2.960000e+03	2.917932e-06	5.933050e-07	7.399800e-07
2.960000e+03	3.000000e+03	2.621833e-06	0.000000e+00	1.161178e-06
3.000000e+03	3.040000e+03	2.386301e-06	3.138970e-07	9.877685e-07
3.040000e+03	3.080000e+03	2.111343e-06	1.373835e-07	8.271020e-07
3.080000e+03	3.120000e+03	2.188034e-06	3.669688e-07	6.179933e-07
3.120000e+03	3.160000e+03	2.128706e-06	3.301515e-07	3.223645e-07
3.160000e+03	3.200000e+03	1.856636e-06	4.166660e-07	4.873863e-07
3.200000e+03	3.240000e+03	1.765380e-06	4.388318e-07	5.110745e-07
3.240000e+03	3.280000e+03	1.677496e-06	4.585197e-07	2.987915e-07
3.280000e+03	3.320000e+03	1.623111e-06	4.558932e-07	2.026608e-07
3.320000e+03	3.360000e+03	1.434694e-06	3.219262e-07	2.659040e-07
3.360000e+03	3.400000e+03	1.156565e-06	1.734395e-07	4.519347e-07
3.400000e+03	3.440000e+03	1.187453e-06	2.545335e-07	1.898447e-07
3.440000e+03	3.480000e+03	1.187994e-06	3.322922e-07	9.170375e-08
3.480000e+03	3.520000e+03	1.010345e-06	2.224525e-07	2.657782e-07
3.520000e+03	3.560000e+03	8.485708e-07	6.139525e-08	3.096530e-07
3.560000e+03	3.600000e+03	8.518408e-07	1.343550e-07	2.229907e-07
3.600000e+03	3.640000e+03	6.948990e-07	1.162660e-07	3.579535e-07
3.640000e+03	3.680000e+03	7.386852e-07	2.052370e-07	2.031175e-07
3.680000e+03	3.720000e+03	7.093815e-07	1.871822e-07	1.025165e-07
3.720000e+03	3.760000e+03	7.187205e-07	7.082650e-08	1.819352e-07
3.760000e+03	3.800000e+03	5.847630e-07	0.000000e+00	6.440850e-08
3.800000e+03	3.840000e+03	5.000520e-07	8.783400e-08	1.881160e-07
3.840000e+03	3.880000e+03	3.946507e-07	0.000000e+00	2.601647e-07
3.880000e+03	3.920000e+03	4.162127e-07	1.012010e-07	8.091100e-08
3.920000e+03	3.960000e+03	4.226285e-07	1.403158e-07	1.515517e-07
3.960000e+03	4.000000e+03	3.312313e-07	1.351675e-08	2.077597e-07
4.000000e+03	4.040000e+03	2.998625e-07	0.000000e+00	1.064415e-07
4.040000e+03	4.080000e+03	3.319760e-07	9.217875e-08	5.053300e-08
4.080000e+03	4.120000e+03	1.840373e-07	0.000000e+00	1.794713e-07
4.120000e+03	4.160000e+03	2.915950e-07	8.238133e-08	6.520925e-08
4.160000e+03	4.200000e+03	2.073976e-07	0.000000e+00	6.812535e-08
4.200000e+03	4.240000e+03	2.290289e-07	8.008227e-08	1.420326e-07
4.240000e+03	4.280000e+03	1.943663e-07	4.267113e-08	8.028898e-08
4.280000e+03	4.320000e+03	2.507773e-07	8.465748e-08	0.000000e+00
4.320000e+03	4.360000e+03	1.484135e-07	0.000000e+00	6.429402e-08
4.360000e+03	4.400000e+03	1.467982e-07	1.730670e-08	1.662843e-07
4.400000e+03	4.440000e+03	1.037188e-07	3.629325e-09	6.223622e-08
4.440000e+03	4.480000e+03	1.182443e-07	0.000000e+00	3.623212e-08
4.480000e+03	4.520000e+03	1.130056e-07	1.238642e-08	4.073305e-08
4.520000e+03	4.560000e+03	1.062983e-07	2.242170e-08	3.675548e-08
4.560000e+03	4.600000e+03	9.798193e-08	1.998730e-08	0.000000e+00
4.600000e+03	4.640000e+03	1.332122e-07	5.349307e-08	0.000000e+00
4.640000e+03	4.680000e+03	9.068018e-08	1.971760e-08	8.950200e-09
4.680000e+03	4.720000e+03	7.712432e-08	8.115900e-09	3.787218e-08
4.720000e+03	4.760000e+03	1.053114e-07	6.193540e-08	0.000000e+00
4.760000e+03	4.800000e+03	5.261612e-08	2.392075e-09	0.000000e+00
4.800000e+03	4.840000e+03	5.221478e-08	1.426505e-08	3.684320e-08
4.840000e+03	4.880000e+03	5.157070e-08	1.671265e-08	2.357488e-08
4.880000e+03	4.920000e+03	3.901020e-08	1.369145e-08	2.013738e-08
4.920000e+03	4.960000e+03	4.010958e-08	3.957069e-08	4.561038e-08
4.960000e+03	5.000000e+03	3.297640e-08	0.000000e+00	2.737843e-08
5.000000e+03	5.040000e+03	3.098732e-08	4.078550e-09	1.179500e-08
5.040000e+03	5.080000e+03	2.292926e-08	6.222700e-10	1.357019e-08
5.080000e+03	5.120000e+03	2.999995e-08	0.000000e+00	1.144802e-08
5.120000e+03	5.160000e+03	2.354210e-08	4.351960e-09	1.206970e-08
5.160000e+03	5.200000e+03	1.417565e-08	0.000000e+00	1.546355e-08
5.200000e+03	5.240000e+03	1.569176e-08	7.615725e-10	1.557106e-08
5.240000e+03	5.280000e+03	2.108275e-08	2.456220e-09	9.432470e-09
5.280000e+03	5.320000e+03	1.272232e-08	2.378232e-09	1.277780e-08
5.320000e+03	5.360000e+03	1.714467e-08	7.748157e-09	2.303058e-09
5.360000e+03	5.400000e+03	3.358240e-08	2.435345e-08	0.000000e+00
5.400000e+03	5.440000e+03	1.496560e-08	3.121300e-09	0.000000e+00
5.440000e+03	5.480000e+03	1.364052e-08	2.636815e-09	0.000000e+00
5.480000e+03	5.520000e+03	1.490939e-08	2.502510e-08	0.000000e+00
5.520000e+03	5.560000e+03	9.756410e-09	2.052542e-09	1.655696e-08
5.560000e+03	5.600000e+03	1.751635e-08	8.287617e-09	1.128955e-09
5.600000e+03	5.640000e+03	7.834495e-09	1.051660e-09	1.320587e-09
5.640000e+03	5.680000e+03	8.125970e-09	5.662695e-09	2.534650e-10
5.680000e+03	5.720000e+03	7.992067e-09	2.708642e-09	5.816757e-09
5.720000e+03	5.760000e+03	5.924020e-09	3.179175e-10	3.193755e-09
5.760000e+03	5.800000e+03	6.923567e-09	0.000000e+00	2.194325e-10
5.800000e+03	5.840000e+03	6.851472e-09	2.411752e-09	0.000000e+00
5.840000e+03	5.880000e+03	3.707178e-09	6.190425e-10	6.992287e-09
5.880000e+03	5.920000e+03	4.375945e-09	1.469632e-09	0.000000e+00
5.920000e+03	5.960000e+03	3.566882e-09	1.649896e-09	1.006141e-08
5.960000e+03	6.000000e+03	3.634243e-09	1.073265e-09	0.000000e+00
# END HISTO1D


# BEGIN HISTO1D //homes/tinghua1/Merging-Project/Production/HJETS/ratio-plots/hjets-vbfnlo/H-N2-3-4-25gev-vbfnlo-combine.yoda/MC_H2JETS_07_INC/j1j3_mass
ErrorBandColor=cyan
ErrorBandOpacity=0.3
ErrorBands=1
ErrorType=env
LineColor=cyan
LineStyle=solid
Path=//homes/tinghua1/Merging-Project/Production/HJETS/ratio-plots/hjets-vbfnlo/H-N2-3-4-25gev-vbfnlo-combine.yoda/MC_H2JETS_07_INC/j1j3_mass
RatioPlotSameStyle=1
Title=h(2*,3,4)-vbfnlo
# xlow	 xhigh	 val	 errminus	 errplus
0.000000e+00	4.000000e+01	1.294783e-04	1.256075e-06	8.164425e-06
4.000000e+01	8.000000e+01	1.420990e-03	1.100373e-04	1.376012e-04
8.000000e+01	1.200000e+02	1.707302e-03	1.716905e-04	1.993917e-04
1.200000e+02	1.600000e+02	1.295474e-03	1.373348e-04	1.418240e-04
1.600000e+02	2.000000e+02	9.208645e-04	8.503950e-05	1.081248e-04
2.000000e+02	2.400000e+02	6.972015e-04	6.308725e-05	7.888175e-05
2.400000e+02	2.800000e+02	5.725158e-04	5.177875e-05	5.625775e-05
2.800000e+02	3.200000e+02	4.939728e-04	4.703075e-05	5.377075e-05
3.200000e+02	3.600000e+02	4.357560e-04	3.745250e-05	4.816450e-05
3.600000e+02	4.000000e+02	3.924408e-04	3.402525e-05	4.145775e-05
4.000000e+02	4.400000e+02	3.567397e-04	3.417100e-05	3.972500e-05
4.400000e+02	4.800000e+02	3.266080e-04	2.975100e-05	3.250025e-05
4.800000e+02	5.200000e+02	2.984728e-04	2.890250e-05	3.261325e-05
5.200000e+02	5.600000e+02	2.743420e-04	2.767183e-05	3.019275e-05
5.600000e+02	6.000000e+02	2.512427e-04	2.365300e-05	2.931975e-05
6.000000e+02	6.400000e+02	2.294709e-04	2.275042e-05	2.966185e-05
6.400000e+02	6.800000e+02	2.108177e-04	2.073525e-05	2.668577e-05
6.800000e+02	7.200000e+02	1.960126e-04	2.133775e-05	2.323452e-05
7.200000e+02	7.600000e+02	1.799903e-04	1.728735e-05	2.272790e-05
7.600000e+02	8.000000e+02	1.659999e-04	1.844533e-05	2.162132e-05
8.000000e+02	8.400000e+02	1.530692e-04	1.767790e-05	1.915530e-05
8.400000e+02	8.800000e+02	1.390412e-04	1.392500e-05	2.036930e-05
8.800000e+02	9.200000e+02	1.297586e-04	1.557533e-05	1.802087e-05
9.200000e+02	9.600000e+02	1.198918e-04	1.395208e-05	1.762818e-05
9.600000e+02	1.000000e+03	1.120064e-04	1.424725e-05	1.407085e-05
1.000000e+03	1.040000e+03	1.030304e-04	1.300405e-05	1.528005e-05
1.040000e+03	1.080000e+03	9.522748e-05	1.231767e-05	1.505708e-05
1.080000e+03	1.120000e+03	8.850308e-05	1.142138e-05	1.364735e-05
1.120000e+03	1.160000e+03	8.119133e-05	1.042348e-05	1.330720e-05
1.160000e+03	1.200000e+03	7.655140e-05	1.069268e-05	1.105030e-05
1.200000e+03	1.240000e+03	6.955820e-05	8.413350e-06	1.112227e-05
1.240000e+03	1.280000e+03	6.423620e-05	8.149550e-06	1.128705e-05
1.280000e+03	1.320000e+03	6.007287e-05	7.757875e-06	1.043305e-05
1.320000e+03	1.360000e+03	5.536935e-05	7.023650e-06	9.854575e-06
1.360000e+03	1.400000e+03	5.253937e-05	7.477050e-06	8.706975e-06
1.400000e+03	1.440000e+03	4.831728e-05	7.093650e-06	7.942350e-06
1.440000e+03	1.480000e+03	4.476173e-05	6.880175e-06	7.578975e-06
1.480000e+03	1.520000e+03	4.141620e-05	5.723600e-06	6.707575e-06
1.520000e+03	1.560000e+03	3.850688e-05	5.219025e-06	6.265350e-06
1.560000e+03	1.600000e+03	3.564230e-05	4.566800e-06	7.145675e-06
1.600000e+03	1.640000e+03	3.316245e-05	4.892100e-06	6.124100e-06
1.640000e+03	1.680000e+03	3.089087e-05	4.414100e-06	4.519400e-06
1.680000e+03	1.720000e+03	2.850045e-05	4.178783e-06	5.221325e-06
1.720000e+03	1.760000e+03	2.673502e-05	4.002762e-06	5.589100e-06
1.760000e+03	1.800000e+03	2.506045e-05	4.014225e-06	3.884400e-06
1.800000e+03	1.840000e+03	2.319558e-05	3.384177e-06	4.156740e-06
1.840000e+03	1.880000e+03	2.158865e-05	3.396037e-06	3.949650e-06
1.880000e+03	1.920000e+03	2.054297e-05	3.336105e-06	3.650960e-06
1.920000e+03	1.960000e+03	1.888068e-05	3.276267e-06	4.524920e-06
1.960000e+03	2.000000e+03	1.533042e-05	4.235850e-07	4.870855e-06
2.000000e+03	2.040000e+03	1.609201e-05	2.560460e-06	3.263192e-06
2.040000e+03	2.080000e+03	1.450852e-05	1.547762e-06	3.343285e-06
2.080000e+03	2.120000e+03	1.377631e-05	2.088905e-06	2.821183e-06
2.120000e+03	2.160000e+03	1.291375e-05	2.077633e-06	3.049227e-06
2.160000e+03	2.200000e+03	1.190439e-05	1.725623e-06	2.619460e-06
2.200000e+03	2.240000e+03	1.167495e-05	2.223173e-06	2.057397e-06
2.240000e+03	2.280000e+03	1.091696e-05	2.095735e-06	1.729240e-06
2.280000e+03	2.320000e+03	9.499618e-06	1.230650e-06	1.687445e-06
2.320000e+03	2.360000e+03	9.134027e-06	1.718690e-06	1.733180e-06
2.360000e+03	2.400000e+03	8.335978e-06	1.235423e-06	1.278070e-06
2.400000e+03	2.440000e+03	7.948023e-06	1.275415e-06	1.223000e-06
2.440000e+03	2.480000e+03	7.171410e-06	1.076348e-06	1.771800e-06
2.480000e+03	2.520000e+03	6.956488e-06	1.383630e-06	7.109025e-07
2.520000e+03	2.560000e+03	6.404668e-06	1.193105e-06	1.464125e-06
2.560000e+03	2.600000e+03	5.940368e-06	9.532825e-07	1.337920e-06
2.600000e+03	2.640000e+03	5.505462e-06	8.422050e-07	1.141130e-06
2.640000e+03	2.680000e+03	4.893720e-06	7.151800e-07	1.074823e-06
2.680000e+03	2.720000e+03	4.767225e-06	9.241575e-07	9.632150e-07
2.720000e+03	2.760000e+03	4.370698e-06	7.040575e-07	8.756075e-07
2.760000e+03	2.800000e+03	4.142203e-06	6.974975e-07	9.500550e-07
2.800000e+03	2.840000e+03	3.684442e-06	5.292625e-07	8.246150e-07
2.840000e+03	2.880000e+03	3.581795e-06	8.072900e-07	7.279700e-07
2.880000e+03	2.920000e+03	3.289350e-06	6.165125e-07	6.003675e-07
2.920000e+03	2.960000e+03	3.120940e-06	6.761702e-07	4.233075e-07
2.960000e+03	3.000000e+03	2.692250e-06	3.543485e-07	5.756275e-07
3.000000e+03	3.040000e+03	2.651407e-06	6.525245e-07	5.186650e-07
3.040000e+03	3.080000e+03	2.380142e-06	4.616607e-07	6.913257e-07
3.080000e+03	3.120000e+03	2.046715e-06	2.055087e-07	5.851725e-07
3.120000e+03	3.160000e+03	1.949273e-06	3.328118e-07	4.979528e-07
3.160000e+03	3.200000e+03	2.035050e-06	5.340525e-07	3.152733e-07
3.200000e+03	3.240000e+03	1.690728e-06	3.337225e-07	4.322245e-07
3.240000e+03	3.280000e+03	1.713951e-06	3.948145e-07	2.804355e-07
3.280000e+03	3.320000e+03	1.479083e-06	2.160307e-07	3.095610e-07
3.320000e+03	3.360000e+03	1.344426e-06	2.620850e-07	3.746325e-07
3.360000e+03	3.400000e+03	1.261831e-06	2.320108e-07	3.268955e-07
3.400000e+03	3.440000e+03	1.213162e-06	2.723175e-07	2.316625e-07
3.440000e+03	3.480000e+03	1.091589e-06	4.938450e-07	3.616480e-07
3.480000e+03	3.520000e+03	1.015915e-06	1.060920e-07	3.083290e-07
3.520000e+03	3.560000e+03	9.491652e-07	1.975370e-07	1.633665e-07
3.560000e+03	3.600000e+03	8.434483e-07	1.809700e-07	2.538007e-07
3.600000e+03	3.640000e+03	7.958250e-07	1.724160e-07	2.571425e-07
3.640000e+03	3.680000e+03	7.362307e-07	1.842498e-07	1.451293e-07
3.680000e+03	3.720000e+03	6.625705e-07	1.169505e-07	1.611070e-07
3.720000e+03	3.760000e+03	5.745918e-07	1.092135e-07	1.370122e-07
3.760000e+03	3.800000e+03	4.843763e-07	2.177750e-09	2.747265e-07
3.800000e+03	3.840000e+03	5.075070e-07	9.278250e-08	8.445825e-08
3.840000e+03	3.880000e+03	4.379617e-07	2.719375e-08	1.722330e-07
3.880000e+03	3.920000e+03	4.479830e-07	9.506750e-08	8.729025e-08
3.920000e+03	3.960000e+03	3.859418e-07	6.422300e-08	2.769025e-08
3.960000e+03	4.000000e+03	3.983645e-07	1.157153e-07	1.275520e-07
4.000000e+03	4.040000e+03	3.055750e-07	6.309517e-08	1.446970e-07
4.040000e+03	4.080000e+03	2.683570e-07	2.811250e-08	2.018997e-07
4.080000e+03	4.120000e+03	3.067690e-07	6.940495e-08	6.131000e-08
4.120000e+03	4.160000e+03	2.272188e-07	9.431075e-09	1.308315e-07
4.160000e+03	4.200000e+03	2.540780e-07	3.639295e-08	6.901850e-08
4.200000e+03	4.240000e+03	2.289213e-07	4.966407e-08	5.497467e-08
4.240000e+03	4.280000e+03	2.085446e-07	3.553725e-08	6.529738e-08
4.280000e+03	4.320000e+03	1.903642e-07	4.087875e-09	1.220152e-08
4.320000e+03	4.360000e+03	1.550348e-07	0.000000e+00	5.311397e-08
4.360000e+03	4.400000e+03	1.524491e-07	3.886027e-08	4.978985e-08
4.400000e+03	4.440000e+03	1.514748e-07	4.700635e-08	8.546545e-08
4.440000e+03	4.480000e+03	1.343621e-07	3.270780e-08	6.744175e-09
4.480000e+03	4.520000e+03	1.189392e-07	2.672895e-08	1.840930e-08
4.520000e+03	4.560000e+03	1.249812e-07	2.384368e-08	0.000000e+00
4.560000e+03	4.600000e+03	1.164971e-07	3.865580e-08	0.000000e+00
4.600000e+03	4.640000e+03	8.463333e-08	2.202835e-08	2.812797e-08
4.640000e+03	4.680000e+03	7.441273e-08	8.488225e-09	3.524235e-08
4.680000e+03	4.720000e+03	8.021908e-08	2.999830e-08	2.704235e-08
4.720000e+03	4.760000e+03	8.289425e-08	3.795453e-08	0.000000e+00
4.760000e+03	4.800000e+03	1.050207e-07	6.528473e-08	0.000000e+00
4.800000e+03	4.840000e+03	5.558270e-08	9.290450e-09	0.000000e+00
4.840000e+03	4.880000e+03	5.431920e-08	0.000000e+00	3.151475e-09
4.880000e+03	4.920000e+03	4.677750e-08	3.119000e-09	2.088415e-08
4.920000e+03	4.960000e+03	5.060265e-08	1.873120e-08	4.580000e-10
4.960000e+03	5.000000e+03	5.119625e-08	2.138850e-08	7.483600e-09
5.000000e+03	5.040000e+03	4.010595e-08	1.000635e-08	9.698600e-09
5.040000e+03	5.080000e+03	4.313757e-08	1.871726e-08	0.000000e+00
5.080000e+03	5.120000e+03	3.259817e-08	1.096193e-08	0.000000e+00
5.120000e+03	5.160000e+03	2.891253e-08	1.214111e-08	3.612200e-09
5.160000e+03	5.200000e+03	2.476377e-08	1.999930e-08	0.000000e+00
5.200000e+03	5.240000e+03	2.992553e-08	1.663785e-08	0.000000e+00
5.240000e+03	5.280000e+03	2.071694e-08	3.725850e-09	5.540987e-09
5.280000e+03	5.320000e+03	1.935331e-08	5.945520e-09	8.463263e-09
5.320000e+03	5.360000e+03	1.438700e-08	1.650320e-09	8.436808e-09
5.360000e+03	5.400000e+03	6.608028e-09	0.000000e+00	1.415668e-08
5.400000e+03	5.440000e+03	1.207777e-08	9.450575e-10	8.174987e-09
5.440000e+03	5.480000e+03	1.464943e-08	2.645315e-09	8.346555e-09
5.480000e+03	5.520000e+03	1.082351e-08	8.879625e-10	2.214130e-09
5.520000e+03	5.560000e+03	7.690230e-09	3.766650e-10	1.113102e-08
5.560000e+03	5.600000e+03	1.342922e-08	2.584657e-09	2.294440e-09
5.600000e+03	5.640000e+03	5.482858e-09	0.000000e+00	8.283990e-09
5.640000e+03	5.680000e+03	7.032270e-09	1.691627e-09	3.074760e-09
5.680000e+03	5.720000e+03	8.512198e-09	4.195458e-09	3.014700e-10
5.720000e+03	5.760000e+03	8.979075e-09	3.417425e-09	0.000000e+00
5.760000e+03	5.800000e+03	6.408372e-09	1.089905e-09	4.378925e-10
5.800000e+03	5.840000e+03	5.008032e-09	1.152217e-09	3.947550e-10
5.840000e+03	5.880000e+03	5.003730e-09	2.164983e-09	2.767225e-10
5.880000e+03	5.920000e+03	3.828763e-09	0.000000e+00	5.116915e-09
5.920000e+03	5.960000e+03	3.742780e-09	0.000000e+00	8.865700e-10
5.960000e+03	6.000000e+03	2.822438e-09	4.229482e-10	3.417188e-09
# END HISTO1D


# BEGIN HISTO1D //homes/tinghua1/Merging-Project/Production/HJETS/ratio-plots/hjets-vbfnlo/H-2-3-4-25gev-combine.yoda/MC_H2JETS_07_INC/j1j3_mass
ErrorBandColor=yellow
ErrorBandOpacity=0.3
ErrorBands=1
ErrorType=env
LineColor=yellow
LineStyle=solid
Path=//homes/tinghua1/Merging-Project/Production/HJETS/ratio-plots/hjets-vbfnlo/H-2-3-4-25gev-combine.yoda/MC_H2JETS_07_INC/j1j3_mass
RatioPlotSameStyle=1
Title=h(2,3,4)
# xlow	 xhigh	 val	 errminus	 errplus
0.000000e+00	4.000000e+01	2.136639e-04	5.878425e-06	1.554422e-05
4.000000e+01	8.000000e+01	3.038095e-03	2.067150e-04	2.385550e-04
8.000000e+01	1.200000e+02	4.380187e-03	3.509600e-04	3.254925e-04
1.200000e+02	1.600000e+02	2.532538e-03	2.444355e-04	2.742750e-04
1.600000e+02	2.000000e+02	1.685173e-03	1.786180e-04	1.757978e-04
2.000000e+02	2.400000e+02	1.184998e-03	1.262270e-04	1.295640e-04
2.400000e+02	2.800000e+02	9.007908e-04	1.046540e-04	9.394850e-05
2.800000e+02	3.200000e+02	7.174367e-04	7.889625e-05	8.464150e-05
3.200000e+02	3.600000e+02	5.972428e-04	6.449250e-05	7.993750e-05
3.600000e+02	4.000000e+02	5.165862e-04	5.886750e-05	6.580250e-05
4.000000e+02	4.400000e+02	4.540232e-04	5.290100e-05	6.106225e-05
4.400000e+02	4.800000e+02	4.079157e-04	5.274450e-05	5.050325e-05
4.800000e+02	5.200000e+02	3.584490e-04	4.216650e-05	5.384900e-05
5.200000e+02	5.600000e+02	3.224915e-04	3.749125e-05	5.296325e-05
5.600000e+02	6.000000e+02	2.932265e-04	3.603950e-05	4.696350e-05
6.000000e+02	6.400000e+02	2.673390e-04	3.390945e-05	4.207600e-05
6.400000e+02	6.800000e+02	2.429842e-04	3.251445e-05	4.146653e-05
6.800000e+02	7.200000e+02	2.237944e-04	3.260555e-05	3.581160e-05
7.200000e+02	7.600000e+02	2.037198e-04	2.742520e-05	3.660705e-05
7.600000e+02	8.000000e+02	1.853484e-04	2.459518e-05	3.252567e-05
8.000000e+02	8.400000e+02	1.699820e-04	2.588068e-05	3.059680e-05
8.400000e+02	8.800000e+02	1.561180e-04	2.156908e-05	2.919770e-05
8.800000e+02	9.200000e+02	1.436358e-04	2.172093e-05	2.631358e-05
9.200000e+02	9.600000e+02	1.321638e-04	2.019505e-05	2.970480e-05
9.600000e+02	1.000000e+03	1.215516e-04	1.919915e-05	2.516670e-05
1.000000e+03	1.040000e+03	1.124298e-04	1.831483e-05	1.983852e-05
1.040000e+03	1.080000e+03	1.051227e-04	1.868590e-05	2.014122e-05
1.080000e+03	1.120000e+03	9.604365e-05	1.676813e-05	1.828515e-05
1.120000e+03	1.160000e+03	8.863373e-05	1.506370e-05	1.813632e-05
1.160000e+03	1.200000e+03	8.180238e-05	1.304678e-05	1.693935e-05
1.200000e+03	1.240000e+03	7.437023e-05	1.308635e-05	1.813275e-05
1.240000e+03	1.280000e+03	6.968658e-05	1.181413e-05	1.425547e-05
1.280000e+03	1.320000e+03	6.376078e-05	1.063393e-05	1.579773e-05
1.320000e+03	1.360000e+03	6.015215e-05	1.100253e-05	1.314270e-05
1.360000e+03	1.400000e+03	5.487935e-05	9.519750e-06	1.322305e-05
1.400000e+03	1.440000e+03	5.091295e-05	9.521450e-06	1.154782e-05
1.440000e+03	1.480000e+03	4.767505e-05	9.103150e-06	1.049307e-05
1.480000e+03	1.520000e+03	4.412155e-05	7.995625e-06	1.139403e-05
1.520000e+03	1.560000e+03	4.126335e-05	6.077100e-06	8.263150e-06
1.560000e+03	1.600000e+03	3.785687e-05	7.141550e-06	8.663950e-06
1.600000e+03	1.640000e+03	3.544170e-05	6.887275e-06	8.774850e-06
1.640000e+03	1.680000e+03	3.244368e-05	5.767150e-06	8.206675e-06
1.680000e+03	1.720000e+03	2.979130e-05	5.141602e-06	7.810925e-06
1.720000e+03	1.760000e+03	2.905275e-05	6.685757e-06	6.008375e-06
1.760000e+03	1.800000e+03	2.632797e-05	5.459950e-06	6.370550e-06
1.800000e+03	1.840000e+03	2.416383e-05	4.036707e-06	6.532873e-06
1.840000e+03	1.880000e+03	2.202502e-05	4.043430e-06	6.986702e-06
1.880000e+03	1.920000e+03	2.099435e-05	3.388497e-06	4.417623e-06
1.920000e+03	1.960000e+03	1.938276e-05	3.609790e-06	5.096005e-06
1.960000e+03	2.000000e+03	1.873465e-05	4.637905e-06	4.684950e-06
2.000000e+03	2.040000e+03	1.706093e-05	3.543428e-06	3.785483e-06
2.040000e+03	2.080000e+03	1.580420e-05	3.524288e-06	4.308883e-06
2.080000e+03	2.120000e+03	1.459325e-05	2.936883e-06	4.060727e-06
2.120000e+03	2.160000e+03	1.330937e-05	2.520340e-06	4.058752e-06
2.160000e+03	2.200000e+03	1.292001e-05	2.987962e-06	2.978828e-06
2.200000e+03	2.240000e+03	1.144761e-05	1.705250e-06	3.582428e-06
2.240000e+03	2.280000e+03	1.069885e-05	2.069895e-06	3.238705e-06
2.280000e+03	2.320000e+03	1.144690e-05	3.681615e-06	1.618320e-06
2.320000e+03	2.360000e+03	9.210597e-06	2.089192e-06	2.973125e-06
2.360000e+03	2.400000e+03	8.866562e-06	2.059400e-06	2.554858e-06
2.400000e+03	2.440000e+03	7.961757e-06	1.765035e-06	2.455255e-06
2.440000e+03	2.480000e+03	7.504785e-06	1.812537e-06	2.695055e-06
2.480000e+03	2.520000e+03	7.138957e-06	1.669390e-06	1.832742e-06
2.520000e+03	2.560000e+03	6.232120e-06	1.416808e-06	2.220595e-06
2.560000e+03	2.600000e+03	5.698430e-06	1.233230e-06	1.855192e-06
2.600000e+03	2.640000e+03	5.601285e-06	1.457220e-06	1.807703e-06
2.640000e+03	2.680000e+03	5.170012e-06	1.261760e-06	1.908770e-06
2.680000e+03	2.720000e+03	4.798060e-06	1.303700e-06	1.629053e-06
2.720000e+03	2.760000e+03	4.520682e-06	1.283090e-06	1.350215e-06
2.760000e+03	2.800000e+03	3.942115e-06	6.840325e-07	1.590935e-06
2.800000e+03	2.840000e+03	3.917608e-06	9.797350e-07	1.054500e-06
2.840000e+03	2.880000e+03	3.493225e-06	8.135875e-07	1.498745e-06
2.880000e+03	2.920000e+03	3.099828e-06	5.896325e-07	1.164455e-06
2.920000e+03	2.960000e+03	3.058598e-06	9.558597e-07	9.259500e-07
2.960000e+03	3.000000e+03	2.674690e-06	4.227873e-07	9.170000e-07
3.000000e+03	3.040000e+03	2.541682e-06	5.633342e-07	8.148350e-07
3.040000e+03	3.080000e+03	2.408058e-06	5.969548e-07	8.300720e-07
3.080000e+03	3.120000e+03	2.236933e-06	4.935600e-07	6.237500e-07
3.120000e+03	3.160000e+03	2.046417e-06	4.733105e-07	6.511960e-07
3.160000e+03	3.200000e+03	1.745926e-06	3.541947e-07	8.954995e-07
3.200000e+03	3.240000e+03	1.589351e-06	3.385352e-07	7.788650e-07
3.240000e+03	3.280000e+03	1.569367e-06	2.983740e-07	7.263163e-07
3.280000e+03	3.320000e+03	1.461509e-06	3.358568e-07	4.815402e-07
3.320000e+03	3.360000e+03	1.306791e-06	3.221388e-07	4.870385e-07
3.360000e+03	3.400000e+03	1.334771e-06	4.097185e-07	3.431450e-07
3.400000e+03	3.440000e+03	1.124735e-06	3.203938e-07	4.331575e-07
3.440000e+03	3.480000e+03	1.070637e-06	2.535048e-07	3.893632e-07
3.480000e+03	3.520000e+03	9.444888e-07	2.689795e-07	4.155680e-07
3.520000e+03	3.560000e+03	7.657842e-07	4.629000e-08	4.197080e-07
3.560000e+03	3.600000e+03	8.434515e-07	3.304537e-07	2.648290e-07
3.600000e+03	3.640000e+03	8.308515e-07	2.321358e-07	4.855903e-07
3.640000e+03	3.680000e+03	7.336045e-07	1.891983e-07	1.888747e-07
3.680000e+03	3.720000e+03	6.269968e-07	1.295488e-07	2.951085e-07
3.720000e+03	3.760000e+03	5.791850e-07	1.250588e-07	3.158812e-07
3.760000e+03	3.800000e+03	5.682895e-07	1.561667e-07	1.839640e-07
3.800000e+03	3.840000e+03	5.136478e-07	1.757363e-07	1.679032e-07
3.840000e+03	3.880000e+03	4.528153e-07	6.645500e-08	1.836875e-07
3.880000e+03	3.920000e+03	4.324550e-07	1.036218e-07	1.775460e-07
3.920000e+03	3.960000e+03	4.269905e-07	1.346702e-07	5.823400e-08
3.960000e+03	4.000000e+03	3.486687e-07	6.483500e-08	1.993665e-07
4.000000e+03	4.040000e+03	3.469160e-07	9.575500e-08	1.269825e-07
4.040000e+03	4.080000e+03	2.864358e-07	3.289200e-08	1.945425e-07
4.080000e+03	4.120000e+03	2.944278e-07	9.439145e-08	9.096650e-08
4.120000e+03	4.160000e+03	1.791499e-07	0.000000e+00	1.773259e-07
4.160000e+03	4.200000e+03	2.198902e-07	2.862215e-08	7.767833e-08
4.200000e+03	4.240000e+03	2.203749e-07	1.873313e-08	8.627062e-08
4.240000e+03	4.280000e+03	1.846235e-07	5.904065e-08	8.693525e-09
4.280000e+03	4.320000e+03	1.715668e-07	5.607030e-08	6.060608e-08
4.320000e+03	4.360000e+03	1.967401e-07	5.048757e-08	1.402758e-08
4.360000e+03	4.400000e+03	1.445795e-07	4.291308e-08	6.310350e-08
4.400000e+03	4.440000e+03	1.417047e-07	1.076065e-07	4.555398e-08
4.440000e+03	4.480000e+03	1.586150e-07	6.840108e-08	2.456002e-08
4.480000e+03	4.520000e+03	1.333453e-07	4.633678e-08	2.951605e-08
4.520000e+03	4.560000e+03	1.066084e-07	2.201750e-08	4.342480e-08
4.560000e+03	4.600000e+03	1.076426e-07	4.422765e-08	1.235070e-08
4.600000e+03	4.640000e+03	6.593052e-08	2.671525e-09	6.272650e-08
4.640000e+03	4.680000e+03	7.357678e-08	1.492665e-08	3.578322e-08
4.680000e+03	4.720000e+03	8.004798e-08	2.814953e-08	1.592653e-08
4.720000e+03	4.760000e+03	6.990600e-08	7.000775e-09	1.380885e-08
4.760000e+03	4.800000e+03	6.521482e-08	3.062227e-08	3.409455e-08
4.800000e+03	4.840000e+03	5.252240e-08	1.376312e-08	2.195107e-08
4.840000e+03	4.880000e+03	3.971360e-08	0.000000e+00	4.253768e-08
4.880000e+03	4.920000e+03	4.615028e-08	7.768875e-09	2.802085e-08
4.920000e+03	4.960000e+03	3.629242e-08	6.477250e-09	2.329695e-08
4.960000e+03	5.000000e+03	3.294870e-08	1.141602e-08	1.986745e-08
5.000000e+03	5.040000e+03	3.091905e-08	9.633335e-09	3.199330e-08
5.040000e+03	5.080000e+03	4.681255e-08	2.394733e-08	4.958025e-09
5.080000e+03	5.120000e+03	2.825198e-08	7.459220e-09	8.046875e-09
5.120000e+03	5.160000e+03	3.065048e-08	3.016464e-08	7.186213e-08
5.160000e+03	5.200000e+03	3.752593e-08	3.007627e-08	1.200473e-08
5.200000e+03	5.240000e+03	2.108316e-08	1.732095e-08	1.585026e-08
5.240000e+03	5.280000e+03	1.807127e-08	2.034000e-09	1.522541e-08
5.280000e+03	5.320000e+03	1.837288e-08	3.129945e-09	7.858070e-09
5.320000e+03	5.360000e+03	1.506734e-08	5.066577e-09	6.808740e-09
5.360000e+03	5.400000e+03	1.679902e-08	7.882820e-09	3.038140e-09
5.400000e+03	5.440000e+03	1.564941e-08	7.884923e-09	6.698775e-10
5.440000e+03	5.480000e+03	9.471465e-09	4.132606e-08	2.580750e-11
5.480000e+03	5.520000e+03	1.808499e-08	8.315267e-09	0.000000e+00
5.520000e+03	5.560000e+03	1.148653e-08	5.500330e-09	0.000000e+00
5.560000e+03	5.600000e+03	7.165660e-09	2.159765e-09	8.961285e-09
5.600000e+03	5.640000e+03	9.423312e-09	4.802065e-09	2.080483e-09
5.640000e+03	5.680000e+03	7.667385e-09	1.320303e-09	2.271953e-09
5.680000e+03	5.720000e+03	7.772580e-09	2.417565e-09	7.017615e-09
5.720000e+03	5.760000e+03	4.699083e-09	2.742175e-10	4.028615e-09
5.760000e+03	5.800000e+03	6.230677e-09	1.737430e-09	1.319357e-09
5.800000e+03	5.840000e+03	5.199285e-09	1.438288e-09	2.516397e-09
5.840000e+03	5.880000e+03	4.665533e-09	4.045025e-10	2.055577e-09
5.880000e+03	5.920000e+03	3.163400e-09	0.000000e+00	2.647135e-09
5.920000e+03	5.960000e+03	4.169455e-09	2.007962e-09	1.589150e-09
5.960000e+03	6.000000e+03	3.259410e-09	2.862475e-10	1.508998e-09
# END HISTO1D


# BEGIN HISTO1D //homes/tinghua1/Merging-Project/Production/HJETS/ratio-plots/hjets-vbfnlo/H-2-3-4-25gev-vbfnlo-combine.yoda/MC_H2JETS_07_INC/j1j3_mass
ErrorBandColor=green
ErrorBandOpacity=0.3
ErrorBands=1
ErrorType=env
LineColor=green
LineStyle=solid
Path=//homes/tinghua1/Merging-Project/Production/HJETS/ratio-plots/hjets-vbfnlo/H-2-3-4-25gev-vbfnlo-combine.yoda/MC_H2JETS_07_INC/j1j3_mass
RatioPlotSameStyle=1
Title=h(2,3,4)-vbfnlo
# xlow	 xhigh	 val	 errminus	 errplus
0.000000e+00	4.000000e+01	1.413545e-04	0.000000e+00	6.527350e-06
4.000000e+01	8.000000e+01	1.501942e-03	1.445022e-04	1.774310e-04
8.000000e+01	1.200000e+02	1.768824e-03	2.133553e-04	2.275010e-04
1.200000e+02	1.600000e+02	1.327267e-03	1.496708e-04	1.664520e-04
1.600000e+02	2.000000e+02	9.509698e-04	1.051148e-04	1.132135e-04
2.000000e+02	2.400000e+02	7.258448e-04	7.317350e-05	7.813725e-05
2.400000e+02	2.800000e+02	5.975902e-04	5.971225e-05	6.359000e-05
2.800000e+02	3.200000e+02	5.142987e-04	4.759850e-05	5.571225e-05
3.200000e+02	3.600000e+02	4.584123e-04	4.599650e-05	4.855600e-05
3.600000e+02	4.000000e+02	4.148522e-04	4.420750e-05	4.474825e-05
4.000000e+02	4.400000e+02	3.766083e-04	4.069125e-05	4.404525e-05
4.400000e+02	4.800000e+02	3.443695e-04	3.797650e-05	4.075625e-05
4.800000e+02	5.200000e+02	3.170552e-04	3.864075e-05	4.007150e-05
5.200000e+02	5.600000e+02	2.895955e-04	3.399825e-05	3.740525e-05
5.600000e+02	6.000000e+02	2.655078e-04	3.318980e-05	3.665200e-05
6.000000e+02	6.400000e+02	2.446655e-04	3.191027e-05	3.436828e-05
6.400000e+02	6.800000e+02	2.243193e-04	3.047915e-05	3.498117e-05
6.800000e+02	7.200000e+02	2.063455e-04	2.810800e-05	3.170167e-05
7.200000e+02	7.600000e+02	1.904322e-04	2.763352e-05	2.984615e-05
7.600000e+02	8.000000e+02	1.741274e-04	2.457557e-05	2.923307e-05
8.000000e+02	8.400000e+02	1.615334e-04	2.383250e-05	2.716078e-05
8.400000e+02	8.800000e+02	1.486595e-04	2.201937e-05	2.587008e-05
8.800000e+02	9.200000e+02	1.368416e-04	2.013202e-05	2.413335e-05
9.200000e+02	9.600000e+02	1.263867e-04	1.875497e-05	2.166718e-05
9.600000e+02	1.000000e+03	1.163872e-04	1.838142e-05	2.074150e-05
1.000000e+03	1.040000e+03	1.071042e-04	1.659385e-05	2.070443e-05
1.040000e+03	1.080000e+03	9.899995e-05	1.519375e-05	2.014190e-05
1.080000e+03	1.120000e+03	9.170067e-05	1.457342e-05	1.853398e-05
1.120000e+03	1.160000e+03	8.464425e-05	1.347338e-05	1.758770e-05
1.160000e+03	1.200000e+03	7.868932e-05	1.321157e-05	1.646410e-05
1.200000e+03	1.240000e+03	7.332760e-05	1.251688e-05	1.451627e-05
1.240000e+03	1.280000e+03	6.784927e-05	1.258600e-05	1.417358e-05
1.280000e+03	1.320000e+03	6.190800e-05	1.008250e-05	1.478207e-05
1.320000e+03	1.360000e+03	5.819680e-05	1.032302e-05	1.296360e-05
1.360000e+03	1.400000e+03	5.408767e-05	9.909125e-06	1.163670e-05
1.400000e+03	1.440000e+03	4.980273e-05	9.178225e-06	1.120860e-05
1.440000e+03	1.480000e+03	4.638508e-05	8.228100e-06	1.044173e-05
1.480000e+03	1.520000e+03	4.314140e-05	8.227050e-06	9.613350e-06
1.520000e+03	1.560000e+03	4.014772e-05	7.500575e-06	9.251250e-06
1.560000e+03	1.600000e+03	3.672973e-05	6.598525e-06	9.173975e-06
1.600000e+03	1.640000e+03	3.422555e-05	6.188600e-06	8.447175e-06
1.640000e+03	1.680000e+03	3.104527e-05	5.371775e-06	9.006750e-06
1.680000e+03	1.720000e+03	2.967695e-05	5.235807e-06	7.689675e-06
1.720000e+03	1.760000e+03	2.786782e-05	5.650732e-06	6.631225e-06
1.760000e+03	1.800000e+03	2.572353e-05	5.063960e-06	6.960600e-06
1.800000e+03	1.840000e+03	2.382662e-05	4.530605e-06	6.108705e-06
1.840000e+03	1.880000e+03	2.234973e-05	4.379432e-06	5.534193e-06
1.880000e+03	1.920000e+03	1.999766e-05	3.663517e-06	6.036785e-06
1.920000e+03	1.960000e+03	1.894417e-05	3.848283e-06	5.165982e-06
1.960000e+03	2.000000e+03	1.799062e-05	3.824945e-06	4.476908e-06
2.000000e+03	2.040000e+03	1.637374e-05	3.287005e-06	4.865335e-06
2.040000e+03	2.080000e+03	1.540574e-05	3.311967e-06	3.976360e-06
2.080000e+03	2.120000e+03	1.446780e-05	3.226725e-06	3.811298e-06
2.120000e+03	2.160000e+03	1.241441e-05	1.984147e-06	4.635623e-06
2.160000e+03	2.200000e+03	1.229027e-05	2.457470e-06	3.617545e-06
2.200000e+03	2.240000e+03	1.162767e-05	2.638927e-06	2.850203e-06
2.240000e+03	2.280000e+03	1.040745e-05	1.949543e-06	3.280722e-06
2.280000e+03	2.320000e+03	1.007336e-05	2.348937e-06	2.920765e-06
2.320000e+03	2.360000e+03	9.278398e-06	2.072433e-06	2.866825e-06
2.360000e+03	2.400000e+03	8.420220e-06	1.874340e-06	2.633017e-06
2.400000e+03	2.440000e+03	7.839058e-06	1.633343e-06	2.391240e-06
2.440000e+03	2.480000e+03	7.290483e-06	1.588130e-06	2.435537e-06
2.480000e+03	2.520000e+03	6.833382e-06	1.534290e-06	2.205998e-06
2.520000e+03	2.560000e+03	6.323558e-06	1.373000e-06	2.107190e-06
2.560000e+03	2.600000e+03	5.879507e-06	1.385220e-06	2.022693e-06
2.600000e+03	2.640000e+03	5.617870e-06	1.505902e-06	1.709053e-06
2.640000e+03	2.680000e+03	5.189610e-06	1.371602e-06	1.247163e-06
2.680000e+03	2.720000e+03	4.727002e-06	1.246600e-06	1.419207e-06
2.720000e+03	2.760000e+03	4.421765e-06	1.144882e-06	1.176225e-06
2.760000e+03	2.800000e+03	4.157550e-06	1.017438e-06	1.243920e-06
2.800000e+03	2.840000e+03	3.808778e-06	8.587400e-07	1.329845e-06
2.840000e+03	2.880000e+03	3.329465e-06	6.759325e-07	1.218790e-06
2.880000e+03	2.920000e+03	3.222240e-06	7.204100e-07	8.481525e-07
2.920000e+03	2.960000e+03	2.925880e-06	7.323510e-07	1.129135e-06
2.960000e+03	3.000000e+03	2.719708e-06	6.704330e-07	9.925025e-07
3.000000e+03	3.040000e+03	2.499903e-06	5.557587e-07	9.247165e-07
3.040000e+03	3.080000e+03	2.326112e-06	5.749353e-07	8.519460e-07
3.080000e+03	3.120000e+03	2.186164e-06	5.661445e-07	6.720215e-07
3.120000e+03	3.160000e+03	2.095259e-06	5.939642e-07	7.838138e-07
3.160000e+03	3.200000e+03	1.922247e-06	3.700925e-07	5.601930e-07
3.200000e+03	3.240000e+03	1.682791e-06	3.972047e-07	4.638275e-07
3.240000e+03	3.280000e+03	1.685001e-06	5.020942e-07	5.186262e-07
3.280000e+03	3.320000e+03	1.439151e-06	3.345640e-07	5.360622e-07
3.320000e+03	3.360000e+03	1.382212e-06	4.014967e-07	5.361210e-07
3.360000e+03	3.400000e+03	1.242631e-06	2.697388e-07	4.404825e-07
3.400000e+03	3.440000e+03	1.135505e-06	2.766105e-07	5.306342e-07
3.440000e+03	3.480000e+03	1.058835e-06	2.952960e-07	3.303807e-07
3.480000e+03	3.520000e+03	9.808945e-07	2.542525e-07	4.155628e-07
3.520000e+03	3.560000e+03	9.148065e-07	1.957135e-07	3.336262e-07
3.560000e+03	3.600000e+03	7.931895e-07	1.538760e-07	3.860097e-07
3.600000e+03	3.640000e+03	7.744805e-07	2.058537e-07	2.891203e-07
3.640000e+03	3.680000e+03	7.276807e-07	2.561405e-07	2.247040e-07
3.680000e+03	3.720000e+03	6.594413e-07	1.302347e-07	2.792582e-07
3.720000e+03	3.760000e+03	5.070590e-07	5.737600e-08	3.668095e-07
3.760000e+03	3.800000e+03	5.550765e-07	1.503015e-07	2.723930e-07
3.800000e+03	3.840000e+03	4.756920e-07	1.035917e-07	2.065800e-07
3.840000e+03	3.880000e+03	4.132012e-07	6.233025e-08	2.240173e-07
3.880000e+03	3.920000e+03	4.535472e-07	1.953980e-07	1.654640e-07
3.920000e+03	3.960000e+03	4.005760e-07	1.289840e-07	1.500182e-07
3.960000e+03	4.000000e+03	3.534787e-07	1.329121e-07	1.469443e-07
4.000000e+03	4.040000e+03	2.954512e-07	6.259380e-08	1.430175e-07
4.040000e+03	4.080000e+03	2.883717e-07	7.938290e-08	1.858300e-07
4.080000e+03	4.120000e+03	2.445764e-07	3.515627e-08	1.304516e-07
4.120000e+03	4.160000e+03	2.299927e-07	5.849430e-08	1.238671e-07
4.160000e+03	4.200000e+03	2.133779e-07	3.064722e-08	1.158667e-07
4.200000e+03	4.240000e+03	2.277768e-07	6.277752e-08	7.060193e-08
4.240000e+03	4.280000e+03	2.511037e-07	9.947395e-08	0.000000e+00
4.280000e+03	4.320000e+03	1.226507e-07	0.000000e+00	1.389363e-07
4.320000e+03	4.360000e+03	1.666338e-07	5.029925e-08	7.688838e-08
4.360000e+03	4.400000e+03	1.740476e-07	5.840915e-08	3.663367e-08
4.400000e+03	4.440000e+03	1.389142e-07	3.218485e-08	5.533555e-08
4.440000e+03	4.480000e+03	1.175751e-07	2.123763e-08	3.845185e-08
4.480000e+03	4.520000e+03	1.138908e-07	3.529735e-08	4.027940e-08
4.520000e+03	4.560000e+03	1.182813e-07	4.048190e-08	6.970225e-09
4.560000e+03	4.600000e+03	1.011118e-07	2.538380e-08	3.881398e-08
4.600000e+03	4.640000e+03	9.646482e-08	3.350970e-08	2.196693e-08
4.640000e+03	4.680000e+03	6.949005e-08	2.369940e-08	4.611362e-08
4.680000e+03	4.720000e+03	8.421832e-08	3.955957e-08	1.258110e-08
4.720000e+03	4.760000e+03	6.741970e-08	1.473690e-08	2.057120e-08
4.760000e+03	4.800000e+03	4.988125e-08	5.566425e-09	4.170668e-08
4.800000e+03	4.840000e+03	5.417788e-08	1.204498e-08	3.593015e-08
4.840000e+03	4.880000e+03	5.581325e-08	2.250435e-08	1.975950e-08
4.880000e+03	4.920000e+03	6.381255e-08	2.551120e-08	4.126725e-09
4.920000e+03	4.960000e+03	3.517478e-08	7.560475e-09	1.794155e-08
4.960000e+03	5.000000e+03	3.556985e-08	1.219358e-08	1.805170e-08
5.000000e+03	5.040000e+03	-8.515635e-09	0.000000e+00	7.282136e-08
5.040000e+03	5.080000e+03	2.485430e-08	3.500675e-10	1.356777e-08
5.080000e+03	5.120000e+03	2.349555e-08	6.350677e-09	1.276725e-08
5.120000e+03	5.160000e+03	2.661137e-08	1.043920e-08	9.096125e-09
5.160000e+03	5.200000e+03	2.793108e-08	1.249487e-08	0.000000e+00
5.200000e+03	5.240000e+03	1.543347e-08	2.012360e-09	5.232210e-09
5.240000e+03	5.280000e+03	1.873065e-08	5.936700e-09	1.357095e-08
5.280000e+03	5.320000e+03	1.756015e-08	5.883053e-09	2.408147e-08
5.320000e+03	5.360000e+03	1.778211e-08	5.561047e-09	7.514220e-09
5.360000e+03	5.400000e+03	1.093255e-08	4.701147e-09	1.343688e-08
5.400000e+03	5.440000e+03	1.212821e-08	4.377422e-09	7.907098e-09
5.440000e+03	5.480000e+03	1.527299e-08	6.608282e-09	1.995790e-09
5.480000e+03	5.520000e+03	1.074424e-08	1.645918e-09	4.930895e-09
5.520000e+03	5.560000e+03	1.069449e-08	5.102160e-09	4.885058e-09
5.560000e+03	5.600000e+03	8.872455e-09	3.039910e-09	8.048527e-09
5.600000e+03	5.640000e+03	9.189305e-09	6.073783e-09	3.473220e-09
5.640000e+03	5.680000e+03	1.191705e-08	7.972558e-09	0.000000e+00
5.680000e+03	5.720000e+03	6.041542e-09	1.715365e-09	4.749977e-09
5.720000e+03	5.760000e+03	7.256965e-09	1.441815e-09	1.740853e-09
5.760000e+03	5.800000e+03	7.565085e-09	3.836065e-09	1.172355e-09
5.800000e+03	5.840000e+03	6.516915e-09	4.203922e-09	1.434790e-09
5.840000e+03	5.880000e+03	5.139895e-09	2.425405e-09	7.153400e-10
5.880000e+03	5.920000e+03	6.683100e-09	1.466715e-08	0.000000e+00
5.920000e+03	5.960000e+03	3.331770e-09	4.408000e-10	3.073297e-09
5.960000e+03	6.000000e+03	4.682522e-09	3.017046e-09	3.547800e-10
# END HISTO1D


# BEGIN HISTO1D //homes/tinghua1/Merging-Project/Production/HJETS/ratio-plots/hjets-vbfnlo/H-2-3-25gev-combine.yoda/MC_H2JETS_07_INC/j1j3_mass
ErrorBandColor=purple
ErrorBandOpacity=0.3
ErrorBands=1
ErrorType=env
LineColor=purple
LineStyle=solid
Path=//homes/tinghua1/Merging-Project/Production/HJETS/ratio-plots/hjets-vbfnlo/H-2-3-25gev-combine.yoda/MC_H2JETS_07_INC/j1j3_mass
RatioPlotSameStyle=1
Title=h(2,3)
# xlow	 xhigh	 val	 errminus	 errplus
0.000000e+00	4.000000e+01	2.316222e-04	2.062053e-05	0.000000e+00
4.000000e+01	8.000000e+01	2.823547e-03	0.000000e+00	4.568200e-04
8.000000e+01	1.200000e+02	4.018575e-03	0.000000e+00	6.446525e-04
1.200000e+02	1.600000e+02	2.272479e-03	0.000000e+00	4.985110e-04
1.600000e+02	2.000000e+02	1.500174e-03	0.000000e+00	3.469502e-04
2.000000e+02	2.400000e+02	1.042736e-03	0.000000e+00	2.497860e-04
2.400000e+02	2.800000e+02	7.795420e-04	0.000000e+00	1.869680e-04
2.800000e+02	3.200000e+02	6.200225e-04	0.000000e+00	1.522485e-04
3.200000e+02	3.600000e+02	5.178480e-04	0.000000e+00	1.272825e-04
3.600000e+02	4.000000e+02	4.402820e-04	0.000000e+00	1.155910e-04
4.000000e+02	4.400000e+02	3.831060e-04	0.000000e+00	1.079810e-04
4.400000e+02	4.800000e+02	3.409875e-04	0.000000e+00	9.569025e-05
4.800000e+02	5.200000e+02	3.062842e-04	0.000000e+00	8.765550e-05
5.200000e+02	5.600000e+02	2.738290e-04	0.000000e+00	8.318975e-05
5.600000e+02	6.000000e+02	2.474259e-04	0.000000e+00	7.711888e-05
6.000000e+02	6.400000e+02	2.235610e-04	0.000000e+00	7.506847e-05
6.400000e+02	6.800000e+02	2.033088e-04	0.000000e+00	6.890415e-05
6.800000e+02	7.200000e+02	1.843558e-04	0.000000e+00	6.417853e-05
7.200000e+02	7.600000e+02	1.697870e-04	0.000000e+00	5.899323e-05
7.600000e+02	8.000000e+02	1.544068e-04	0.000000e+00	5.666010e-05
8.000000e+02	8.400000e+02	1.418031e-04	0.000000e+00	5.085903e-05
8.400000e+02	8.800000e+02	1.292597e-04	0.000000e+00	4.949470e-05
8.800000e+02	9.200000e+02	1.192486e-04	0.000000e+00	4.489297e-05
9.200000e+02	9.600000e+02	1.087172e-04	0.000000e+00	4.341823e-05
9.600000e+02	1.000000e+03	1.002604e-04	0.000000e+00	4.059132e-05
1.000000e+03	1.040000e+03	9.205135e-05	0.000000e+00	3.832380e-05
1.040000e+03	1.080000e+03	8.451217e-05	0.000000e+00	3.593880e-05
1.080000e+03	1.120000e+03	7.837995e-05	0.000000e+00	3.327457e-05
1.120000e+03	1.160000e+03	7.159268e-05	0.000000e+00	3.263567e-05
1.160000e+03	1.200000e+03	6.595693e-05	0.000000e+00	2.946382e-05
1.200000e+03	1.240000e+03	6.119675e-05	0.000000e+00	2.789347e-05
1.240000e+03	1.280000e+03	5.579652e-05	0.000000e+00	2.681337e-05
1.280000e+03	1.320000e+03	5.184685e-05	0.000000e+00	2.515560e-05
1.320000e+03	1.360000e+03	4.823505e-05	0.000000e+00	2.295483e-05
1.360000e+03	1.400000e+03	4.461028e-05	0.000000e+00	2.149275e-05
1.400000e+03	1.440000e+03	4.135120e-05	0.000000e+00	1.993730e-05
1.440000e+03	1.480000e+03	3.798495e-05	0.000000e+00	1.888313e-05
1.480000e+03	1.520000e+03	3.499490e-05	0.000000e+00	1.846515e-05
1.520000e+03	1.560000e+03	3.280002e-05	0.000000e+00	1.676160e-05
1.560000e+03	1.600000e+03	3.020355e-05	0.000000e+00	1.501677e-05
1.600000e+03	1.640000e+03	2.763152e-05	0.000000e+00	1.516253e-05
1.640000e+03	1.680000e+03	2.602868e-05	0.000000e+00	1.338117e-05
1.680000e+03	1.720000e+03	2.370137e-05	0.000000e+00	1.347756e-05
1.720000e+03	1.760000e+03	2.244610e-05	0.000000e+00	1.192975e-05
1.760000e+03	1.800000e+03	2.041590e-05	0.000000e+00	1.119682e-05
1.800000e+03	1.840000e+03	1.936087e-05	0.000000e+00	1.081708e-05
1.840000e+03	1.880000e+03	1.772210e-05	0.000000e+00	1.000987e-05
1.880000e+03	1.920000e+03	1.661310e-05	0.000000e+00	9.450800e-06
1.920000e+03	1.960000e+03	1.513821e-05	0.000000e+00	8.872245e-06
1.960000e+03	2.000000e+03	1.401019e-05	0.000000e+00	8.452280e-06
2.000000e+03	2.040000e+03	1.338550e-05	0.000000e+00	7.570122e-06
2.040000e+03	2.080000e+03	1.208671e-05	0.000000e+00	7.314090e-06
2.080000e+03	2.120000e+03	1.123022e-05	0.000000e+00	6.892715e-06
2.120000e+03	2.160000e+03	1.050372e-05	0.000000e+00	6.521255e-06
2.160000e+03	2.200000e+03	9.459288e-06	0.000000e+00	6.278808e-06
2.200000e+03	2.240000e+03	9.084178e-06	0.000000e+00	5.464417e-06
2.240000e+03	2.280000e+03	8.251190e-06	0.000000e+00	5.331040e-06
2.280000e+03	2.320000e+03	7.903843e-06	0.000000e+00	4.926868e-06
2.320000e+03	2.360000e+03	7.368440e-06	0.000000e+00	4.555590e-06
2.360000e+03	2.400000e+03	6.458182e-06	0.000000e+00	4.498690e-06
2.400000e+03	2.440000e+03	6.090432e-06	0.000000e+00	4.175213e-06
2.440000e+03	2.480000e+03	5.769900e-06	0.000000e+00	3.657763e-06
2.480000e+03	2.520000e+03	5.279145e-06	0.000000e+00	3.578483e-06
2.520000e+03	2.560000e+03	4.885040e-06	0.000000e+00	3.249955e-06
2.560000e+03	2.600000e+03	4.526130e-06	0.000000e+00	3.071068e-06
2.600000e+03	2.640000e+03	4.164133e-06	0.000000e+00	2.999285e-06
2.640000e+03	2.680000e+03	3.874623e-06	0.000000e+00	2.937245e-06
2.680000e+03	2.720000e+03	3.580708e-06	0.000000e+00	2.589080e-06
2.720000e+03	2.760000e+03	3.267612e-06	0.000000e+00	2.669877e-06
2.760000e+03	2.800000e+03	3.082950e-06	0.000000e+00	2.132215e-06
2.800000e+03	2.840000e+03	2.934117e-06	0.000000e+00	1.967302e-06
2.840000e+03	2.880000e+03	2.562183e-06	0.000000e+00	1.954275e-06
2.880000e+03	2.920000e+03	2.282952e-06	0.000000e+00	1.877333e-06
2.920000e+03	2.960000e+03	2.293547e-06	0.000000e+00	1.669423e-06
2.960000e+03	3.000000e+03	2.114436e-06	0.000000e+00	1.449414e-06
3.000000e+03	3.040000e+03	1.878145e-06	0.000000e+00	1.370135e-06
3.040000e+03	3.080000e+03	1.754962e-06	0.000000e+00	1.314878e-06
3.080000e+03	3.120000e+03	1.784033e-06	0.000000e+00	1.077107e-06
3.120000e+03	3.160000e+03	1.538280e-06	0.000000e+00	1.094140e-06
3.160000e+03	3.200000e+03	1.355602e-06	0.000000e+00	1.073523e-06
3.200000e+03	3.240000e+03	1.309473e-06	0.000000e+00	1.004405e-06
3.240000e+03	3.280000e+03	1.136399e-06	0.000000e+00	1.021306e-06
3.280000e+03	3.320000e+03	1.088342e-06	0.000000e+00	8.291255e-07
3.320000e+03	3.360000e+03	9.583853e-07	0.000000e+00	8.617337e-07
3.360000e+03	3.400000e+03	9.391265e-07	0.000000e+00	7.297240e-07
3.400000e+03	3.440000e+03	9.133390e-07	0.000000e+00	6.314030e-07
3.440000e+03	3.480000e+03	7.701880e-07	0.000000e+00	6.558492e-07
3.480000e+03	3.520000e+03	7.029455e-07	0.000000e+00	5.625528e-07
3.520000e+03	3.560000e+03	6.339043e-07	0.000000e+00	6.849520e-07
3.560000e+03	3.600000e+03	6.074223e-07	0.000000e+00	4.510440e-07
3.600000e+03	3.640000e+03	5.533268e-07	0.000000e+00	4.418190e-07
3.640000e+03	3.680000e+03	5.137152e-07	0.000000e+00	3.876945e-07
3.680000e+03	3.720000e+03	4.666650e-07	0.000000e+00	4.171248e-07
3.720000e+03	3.760000e+03	3.930920e-07	0.000000e+00	4.362150e-07
3.760000e+03	3.800000e+03	3.745308e-07	0.000000e+00	3.470985e-07
3.800000e+03	3.840000e+03	3.647058e-07	0.000000e+00	2.831465e-07
3.840000e+03	3.880000e+03	3.376310e-07	0.000000e+00	2.643500e-07
3.880000e+03	3.920000e+03	2.957190e-07	0.000000e+00	2.748670e-07
3.920000e+03	3.960000e+03	3.038130e-07	0.000000e+00	2.351423e-07
3.960000e+03	4.000000e+03	2.361440e-07	0.000000e+00	2.373195e-07
4.000000e+03	4.040000e+03	2.174595e-07	0.000000e+00	2.424098e-07
4.040000e+03	4.080000e+03	2.184417e-07	0.000000e+00	2.004575e-07
4.080000e+03	4.120000e+03	1.890894e-07	0.000000e+00	1.855354e-07
4.120000e+03	4.160000e+03	1.746230e-07	0.000000e+00	1.644565e-07
4.160000e+03	4.200000e+03	1.665910e-07	0.000000e+00	1.235762e-07
4.200000e+03	4.240000e+03	1.485362e-07	0.000000e+00	1.532903e-07
4.240000e+03	4.280000e+03	1.343627e-07	0.000000e+00	1.415055e-07
4.280000e+03	4.320000e+03	1.193707e-07	0.000000e+00	1.340995e-07
4.320000e+03	4.360000e+03	1.015376e-07	0.000000e+00	1.186550e-07
4.360000e+03	4.400000e+03	1.229302e-07	0.000000e+00	9.437908e-08
4.400000e+03	4.440000e+03	8.857733e-08	0.000000e+00	1.027996e-07
4.440000e+03	4.480000e+03	9.565667e-08	0.000000e+00	6.920320e-08
4.480000e+03	4.520000e+03	7.550853e-08	0.000000e+00	7.623702e-08
4.520000e+03	4.560000e+03	8.713730e-08	9.091500e-10	1.070209e-07
4.560000e+03	4.600000e+03	6.346450e-08	0.000000e+00	6.172672e-08
4.600000e+03	4.640000e+03	6.018300e-08	0.000000e+00	4.063730e-08
4.640000e+03	4.680000e+03	5.689325e-08	0.000000e+00	5.495168e-08
4.680000e+03	4.720000e+03	4.931638e-08	0.000000e+00	3.928373e-08
4.720000e+03	4.760000e+03	4.996067e-08	0.000000e+00	4.247767e-08
4.760000e+03	4.800000e+03	4.318197e-08	0.000000e+00	4.289443e-08
4.800000e+03	4.840000e+03	4.018332e-08	0.000000e+00	4.302308e-08
4.840000e+03	4.880000e+03	3.388522e-08	0.000000e+00	2.856570e-08
4.880000e+03	4.920000e+03	3.443887e-08	0.000000e+00	2.749182e-08
4.920000e+03	4.960000e+03	2.880405e-08	0.000000e+00	2.698690e-08
4.960000e+03	5.000000e+03	2.476164e-08	0.000000e+00	2.265861e-08
5.000000e+03	5.040000e+03	2.705373e-08	0.000000e+00	3.850620e-08
5.040000e+03	5.080000e+03	2.017708e-08	0.000000e+00	1.748597e-08
5.080000e+03	5.120000e+03	1.595049e-08	0.000000e+00	3.977481e-08
5.120000e+03	5.160000e+03	1.388130e-08	0.000000e+00	3.539275e-08
5.160000e+03	5.200000e+03	1.812582e-08	0.000000e+00	1.826900e-08
5.200000e+03	5.240000e+03	1.684404e-08	0.000000e+00	1.891493e-08
5.240000e+03	5.280000e+03	1.236095e-08	0.000000e+00	1.579457e-08
5.280000e+03	5.320000e+03	1.145587e-08	0.000000e+00	1.208739e-08
5.320000e+03	5.360000e+03	1.757240e-08	1.928780e-09	2.666875e-09
5.360000e+03	5.400000e+03	9.519132e-09	0.000000e+00	8.984055e-09
5.400000e+03	5.440000e+03	8.491295e-09	0.000000e+00	7.139085e-09
5.440000e+03	5.480000e+03	1.038213e-08	9.399175e-10	5.671815e-09
5.480000e+03	5.520000e+03	5.924335e-09	0.000000e+00	7.689252e-09
5.520000e+03	5.560000e+03	6.330083e-09	0.000000e+00	1.501257e-08
5.560000e+03	5.600000e+03	7.786690e-09	0.000000e+00	4.651655e-09
5.600000e+03	5.640000e+03	4.615245e-09	0.000000e+00	1.205370e-08
5.640000e+03	5.680000e+03	4.489565e-09	0.000000e+00	5.017485e-09
5.680000e+03	5.720000e+03	3.630782e-09	0.000000e+00	4.648455e-09
5.720000e+03	5.760000e+03	3.234367e-09	0.000000e+00	5.730900e-09
5.760000e+03	5.800000e+03	4.544360e-09	0.000000e+00	5.624097e-09
5.800000e+03	5.840000e+03	4.482378e-09	0.000000e+00	3.204347e-09
5.840000e+03	5.880000e+03	2.655823e-09	0.000000e+00	2.959150e-09
5.880000e+03	5.920000e+03	2.426805e-09	0.000000e+00	3.435327e-09
5.920000e+03	5.960000e+03	3.117768e-09	0.000000e+00	2.115095e-09
5.960000e+03	6.000000e+03	1.621253e-09	0.000000e+00	3.224399e-09
# END HISTO1D


# BEGIN HISTO1D //homes/tinghua1/Merging-Project/Production/HJETS/ratio-plots/hjets-vbfnlo/H-2-3-25gev-vbfnlo-combine.yoda/MC_H2JETS_07_INC/j1j3_mass
ErrorBandColor=violet
ErrorBandOpacity=0.3
ErrorBands=1
ErrorType=env
LineColor=violet
LineStyle=solid
Path=//homes/tinghua1/Merging-Project/Production/HJETS/ratio-plots/hjets-vbfnlo/H-2-3-25gev-vbfnlo-combine.yoda/MC_H2JETS_07_INC/j1j3_mass
RatioPlotSameStyle=1
Title=h(2,3)-vbfnlo
# xlow	 xhigh	 val	 errminus	 errplus
0.000000e+00	4.000000e+01	1.424764e-04	8.778000e-07	5.697025e-06
4.000000e+01	8.000000e+01	1.676493e-03	3.233445e-04	0.000000e+00
8.000000e+01	1.200000e+02	1.965377e-03	4.261042e-04	0.000000e+00
1.200000e+02	1.600000e+02	1.461714e-03	3.030368e-04	0.000000e+00
1.600000e+02	2.000000e+02	1.035531e-03	2.007865e-04	0.000000e+00
2.000000e+02	2.400000e+02	7.871098e-04	1.446965e-04	0.000000e+00
2.400000e+02	2.800000e+02	6.485907e-04	1.173310e-04	0.000000e+00
2.800000e+02	3.200000e+02	5.596330e-04	1.004322e-04	0.000000e+00
3.200000e+02	3.600000e+02	4.998198e-04	9.054000e-05	0.000000e+00
3.600000e+02	4.000000e+02	4.551223e-04	8.724725e-05	0.000000e+00
4.000000e+02	4.400000e+02	4.165248e-04	8.231800e-05	0.000000e+00
4.400000e+02	4.800000e+02	3.832422e-04	7.912725e-05	0.000000e+00
4.800000e+02	5.200000e+02	3.540932e-04	7.728275e-05	0.000000e+00
5.200000e+02	5.600000e+02	3.247208e-04	7.172600e-05	0.000000e+00
5.600000e+02	6.000000e+02	3.002420e-04	6.953448e-05	0.000000e+00
6.000000e+02	6.400000e+02	2.773730e-04	6.575847e-05	0.000000e+00
6.400000e+02	6.800000e+02	2.560658e-04	6.536745e-05	0.000000e+00
6.800000e+02	7.200000e+02	2.355829e-04	5.804657e-05	0.000000e+00
7.200000e+02	7.600000e+02	2.183770e-04	5.618173e-05	0.000000e+00
7.600000e+02	8.000000e+02	2.019564e-04	5.238330e-05	0.000000e+00
8.000000e+02	8.400000e+02	1.864267e-04	4.989383e-05	0.000000e+00
8.400000e+02	8.800000e+02	1.726778e-04	4.710110e-05	0.000000e+00
8.800000e+02	9.200000e+02	1.599685e-04	4.407685e-05	0.000000e+00
9.200000e+02	9.600000e+02	1.478025e-04	4.167388e-05	0.000000e+00
9.600000e+02	1.000000e+03	1.365106e-04	3.869602e-05	0.000000e+00
1.000000e+03	1.040000e+03	1.270523e-04	3.705013e-05	0.000000e+00
1.040000e+03	1.080000e+03	1.180399e-04	3.497880e-05	0.000000e+00
1.080000e+03	1.120000e+03	1.088731e-04	3.254350e-05	0.000000e+00
1.120000e+03	1.160000e+03	1.015544e-04	3.138523e-05	0.000000e+00
1.160000e+03	1.200000e+03	9.383095e-05	2.868372e-05	0.000000e+00
1.200000e+03	1.240000e+03	8.716175e-05	2.710940e-05	0.000000e+00
1.240000e+03	1.280000e+03	8.119270e-05	2.594780e-05	0.000000e+00
1.280000e+03	1.320000e+03	7.563480e-05	2.437160e-05	0.000000e+00
1.320000e+03	1.360000e+03	7.010853e-05	2.286588e-05	0.000000e+00
1.360000e+03	1.400000e+03	6.505780e-05	2.125550e-05	0.000000e+00
1.400000e+03	1.440000e+03	6.041640e-05	1.954933e-05	0.000000e+00
1.440000e+03	1.480000e+03	5.644388e-05	1.888850e-05	0.000000e+00
1.480000e+03	1.520000e+03	5.256000e-05	1.794977e-05	0.000000e+00
1.520000e+03	1.560000e+03	4.875770e-05	1.665233e-05	0.000000e+00
1.560000e+03	1.600000e+03	4.529795e-05	1.561583e-05	0.000000e+00
1.600000e+03	1.640000e+03	4.230772e-05	1.472372e-05	0.000000e+00
1.640000e+03	1.680000e+03	3.930243e-05	1.371895e-05	0.000000e+00
1.680000e+03	1.720000e+03	3.648892e-05	1.260614e-05	0.000000e+00
1.720000e+03	1.760000e+03	3.405148e-05	1.210940e-05	0.000000e+00
1.760000e+03	1.800000e+03	3.164015e-05	1.109340e-05	0.000000e+00
1.800000e+03	1.840000e+03	2.952620e-05	1.074531e-05	0.000000e+00
1.840000e+03	1.880000e+03	2.764557e-05	1.020621e-05	0.000000e+00
1.880000e+03	1.920000e+03	2.568043e-05	9.398733e-06	0.000000e+00
1.920000e+03	1.960000e+03	2.411671e-05	9.024445e-06	0.000000e+00
1.960000e+03	2.000000e+03	2.221879e-05	8.315350e-06	0.000000e+00
2.000000e+03	2.040000e+03	2.063868e-05	7.639760e-06	0.000000e+00
2.040000e+03	2.080000e+03	1.942157e-05	7.453150e-06	0.000000e+00
2.080000e+03	2.120000e+03	1.791841e-05	6.760562e-06	0.000000e+00
2.120000e+03	2.160000e+03	1.671063e-05	6.240633e-06	0.000000e+00
2.160000e+03	2.200000e+03	1.557059e-05	5.951372e-06	0.000000e+00
2.200000e+03	2.240000e+03	1.430275e-05	5.335950e-06	0.000000e+00
2.240000e+03	2.280000e+03	1.362509e-05	5.349305e-06	0.000000e+00
2.280000e+03	2.320000e+03	1.248876e-05	4.882265e-06	0.000000e+00
2.320000e+03	2.360000e+03	1.161336e-05	4.501745e-06	0.000000e+00
2.360000e+03	2.400000e+03	1.079679e-05	4.226755e-06	0.000000e+00
2.400000e+03	2.440000e+03	1.026217e-05	4.246345e-06	0.000000e+00
2.440000e+03	2.480000e+03	9.591548e-06	3.981168e-06	0.000000e+00
2.480000e+03	2.520000e+03	8.762132e-06	3.504760e-06	0.000000e+00
2.520000e+03	2.560000e+03	8.177485e-06	3.267337e-06	0.000000e+00
2.560000e+03	2.600000e+03	7.536335e-06	2.976220e-06	0.000000e+00
2.600000e+03	2.640000e+03	7.020315e-06	2.842185e-06	0.000000e+00
2.640000e+03	2.680000e+03	6.519590e-06	2.688930e-06	0.000000e+00
2.680000e+03	2.720000e+03	6.037375e-06	2.493847e-06	0.000000e+00
2.720000e+03	2.760000e+03	5.648035e-06	2.350107e-06	0.000000e+00
2.760000e+03	2.800000e+03	5.242983e-06	2.160667e-06	0.000000e+00
2.800000e+03	2.840000e+03	4.928500e-06	2.144890e-06	0.000000e+00
2.840000e+03	2.880000e+03	4.550150e-06	1.960115e-06	0.000000e+00
2.880000e+03	2.920000e+03	4.250155e-06	1.766207e-06	0.000000e+00
2.920000e+03	2.960000e+03	3.897305e-06	1.683042e-06	0.000000e+00
2.960000e+03	3.000000e+03	3.643652e-06	1.593375e-06	0.000000e+00
3.000000e+03	3.040000e+03	3.353222e-06	1.447600e-06	0.000000e+00
3.040000e+03	3.080000e+03	2.977577e-06	1.176755e-06	0.000000e+00
3.080000e+03	3.120000e+03	2.892290e-06	1.267942e-06	0.000000e+00
3.120000e+03	3.160000e+03	2.611205e-06	1.089460e-06	0.000000e+00
3.160000e+03	3.200000e+03	2.491455e-06	1.117807e-06	0.000000e+00
3.200000e+03	3.240000e+03	2.326108e-06	1.036813e-06	0.000000e+00
3.240000e+03	3.280000e+03	2.065340e-06	8.918802e-07	0.000000e+00
3.280000e+03	3.320000e+03	1.899589e-06	8.229630e-07	0.000000e+00
3.320000e+03	3.360000e+03	1.803125e-06	8.221128e-07	0.000000e+00
3.360000e+03	3.400000e+03	1.633300e-06	7.535045e-07	0.000000e+00
3.400000e+03	3.440000e+03	1.492326e-06	6.340732e-07	0.000000e+00
3.440000e+03	3.480000e+03	1.408540e-06	6.257185e-07	0.000000e+00
3.480000e+03	3.520000e+03	1.286480e-06	5.727257e-07	0.000000e+00
3.520000e+03	3.560000e+03	1.256739e-06	5.918815e-07	0.000000e+00
3.560000e+03	3.600000e+03	1.122900e-06	4.991915e-07	0.000000e+00
3.600000e+03	3.640000e+03	1.055328e-06	4.818738e-07	0.000000e+00
3.640000e+03	3.680000e+03	9.565723e-07	4.459845e-07	0.000000e+00
3.680000e+03	3.720000e+03	8.744382e-07	4.083155e-07	0.000000e+00
3.720000e+03	3.760000e+03	7.798637e-07	3.721600e-07	0.000000e+00
3.760000e+03	3.800000e+03	7.253308e-07	3.405143e-07	0.000000e+00
3.800000e+03	3.840000e+03	6.821837e-07	3.122125e-07	0.000000e+00
3.840000e+03	3.880000e+03	6.294460e-07	3.225818e-07	0.000000e+00
3.880000e+03	3.920000e+03	5.736915e-07	2.650345e-07	0.000000e+00
3.920000e+03	3.960000e+03	4.956945e-07	2.161727e-07	0.000000e+00
3.960000e+03	4.000000e+03	4.826028e-07	2.346415e-07	0.000000e+00
4.000000e+03	4.040000e+03	4.203632e-07	1.890506e-07	0.000000e+00
4.040000e+03	4.080000e+03	4.159085e-07	2.001351e-07	0.000000e+00
4.080000e+03	4.120000e+03	3.859285e-07	1.903129e-07	0.000000e+00
4.120000e+03	4.160000e+03	3.439362e-07	1.683759e-07	0.000000e+00
4.160000e+03	4.200000e+03	2.904455e-07	1.253713e-07	0.000000e+00
4.200000e+03	4.240000e+03	2.863175e-07	1.345842e-07	0.000000e+00
4.240000e+03	4.280000e+03	2.645280e-07	1.205235e-07	0.000000e+00
4.280000e+03	4.320000e+03	2.594610e-07	1.302505e-07	0.000000e+00
4.320000e+03	4.360000e+03	2.136560e-07	9.751018e-08	0.000000e+00
4.360000e+03	4.400000e+03	2.146275e-07	1.141770e-07	0.000000e+00
4.400000e+03	4.440000e+03	1.914288e-07	8.167120e-08	0.000000e+00
4.440000e+03	4.480000e+03	1.653872e-07	7.893647e-08	0.000000e+00
4.480000e+03	4.520000e+03	1.494015e-07	7.026065e-08	0.000000e+00
4.520000e+03	4.560000e+03	1.460537e-07	8.058095e-08	0.000000e+00
4.560000e+03	4.600000e+03	1.242496e-07	5.526695e-08	0.000000e+00
4.600000e+03	4.640000e+03	1.141544e-07	4.684480e-08	0.000000e+00
4.640000e+03	4.680000e+03	1.050362e-07	4.440913e-08	0.000000e+00
4.680000e+03	4.720000e+03	1.014296e-07	5.955230e-08	0.000000e+00
4.720000e+03	4.760000e+03	7.630323e-08	3.680465e-08	0.000000e+00
4.760000e+03	4.800000e+03	8.124430e-08	4.191505e-08	0.000000e+00
4.800000e+03	4.840000e+03	7.876035e-08	4.134235e-08	0.000000e+00
4.840000e+03	4.880000e+03	6.814260e-08	3.021695e-08	0.000000e+00
4.880000e+03	4.920000e+03	6.477297e-08	3.441362e-08	0.000000e+00
4.920000e+03	4.960000e+03	5.707533e-08	3.133370e-08	0.000000e+00
4.960000e+03	5.000000e+03	5.045435e-08	2.468165e-08	0.000000e+00
5.000000e+03	5.040000e+03	5.430710e-08	2.977104e-08	0.000000e+00
5.040000e+03	5.080000e+03	4.280017e-08	1.868536e-08	0.000000e+00
5.080000e+03	5.120000e+03	4.046127e-08	2.382908e-08	0.000000e+00
5.120000e+03	5.160000e+03	3.757562e-08	2.014985e-08	0.000000e+00
5.160000e+03	5.200000e+03	3.426003e-08	1.919054e-08	0.000000e+00
5.200000e+03	5.240000e+03	2.884325e-08	1.519185e-08	0.000000e+00
5.240000e+03	5.280000e+03	2.665653e-08	1.312227e-08	0.000000e+00
5.280000e+03	5.320000e+03	3.187920e-08	1.800095e-08	0.000000e+00
5.320000e+03	5.360000e+03	2.529650e-08	1.471223e-08	0.000000e+00
5.360000e+03	5.400000e+03	2.213737e-08	1.337046e-08	0.000000e+00
5.400000e+03	5.440000e+03	2.321573e-08	1.485545e-08	0.000000e+00
5.440000e+03	5.480000e+03	1.775698e-08	1.004326e-08	0.000000e+00
5.480000e+03	5.520000e+03	1.573100e-08	7.257085e-09	0.000000e+00
5.520000e+03	5.560000e+03	1.453018e-08	8.497620e-09	0.000000e+00
5.560000e+03	5.600000e+03	1.270596e-08	7.189102e-09	0.000000e+00
5.600000e+03	5.640000e+03	1.089766e-08	5.268780e-09	0.000000e+00
5.640000e+03	5.680000e+03	9.782465e-09	6.143568e-09	0.000000e+00
5.680000e+03	5.720000e+03	9.706013e-09	5.248095e-09	0.000000e+00
5.720000e+03	5.760000e+03	7.828435e-09	1.642627e-09	0.000000e+00
5.760000e+03	5.800000e+03	9.132090e-09	5.670092e-09	0.000000e+00
5.800000e+03	5.840000e+03	6.198552e-09	3.202287e-09	0.000000e+00
5.840000e+03	5.880000e+03	7.395117e-09	3.572315e-09	0.000000e+00
5.880000e+03	5.920000e+03	6.204867e-09	2.936275e-09	0.000000e+00
5.920000e+03	5.960000e+03	5.943345e-09	3.779180e-09	0.000000e+00
5.960000e+03	6.000000e+03	6.280887e-09	3.837580e-09	0.000000e+00
# END HISTO1D

