# BEGIN PLOT
Scale=1000.0
DrawOnly=//homes/tinghua1/Merging-Project/Production/HJETS/ratio-plots/hjets-vbfnlo/H-N2-N3-4-25gev-combine.yoda/MC_H2JETS_07_INC/j2j3_mass //homes/tinghua1/Merging-Project/Production/HJETS/ratio-plots/hjets-vbfnlo/H-N2-N3-4-25gev-vbfnlo-combine.yoda/MC_H2JETS_07_INC/j2j3_mass //homes/tinghua1/Merging-Project/Production/HJETS/ratio-plots/hjets-vbfnlo/H-N2-3-4-25gev-combine.yoda/MC_H2JETS_07_INC/j2j3_mass //homes/tinghua1/Merging-Project/Production/HJETS/ratio-plots/hjets-vbfnlo/H-N2-3-4-25gev-vbfnlo-combine.yoda/MC_H2JETS_07_INC/j2j3_mass //homes/tinghua1/Merging-Project/Production/HJETS/ratio-plots/hjets-vbfnlo/H-2-3-4-25gev-combine.yoda/MC_H2JETS_07_INC/j2j3_mass //homes/tinghua1/Merging-Project/Production/HJETS/ratio-plots/hjets-vbfnlo/H-2-3-4-25gev-vbfnlo-combine.yoda/MC_H2JETS_07_INC/j2j3_mass //homes/tinghua1/Merging-Project/Production/HJETS/ratio-plots/hjets-vbfnlo/H-2-3-25gev-combine.yoda/MC_H2JETS_07_INC/j2j3_mass //homes/tinghua1/Merging-Project/Production/HJETS/ratio-plots/hjets-vbfnlo/H-2-3-25gev-vbfnlo-combine.yoda/MC_H2JETS_07_INC/j2j3_mass
RightMargin=0.5
RatioPlotReference=//homes/tinghua1/Merging-Project/Production/HJETS/ratio-plots/hjets-vbfnlo/H-N2-N3-4-25gev-combine.yoda/MC_H2JETS_07_INC/j2j3_mass
#RatioPlot=1
LogY=1
RatioPlotYMax=1.4
RatioPlotYLabel=Ratio
#LegendOnly=//homes/tinghua1/Merging-Project/Production/HJETS/ratio-plots/hjets-vbfnlo/H-N2-N3-4-25gev-combine.yoda/MC_H2JETS_07_INC/j2j3_mass //homes/tinghua1/Merging-Project/Production/HJETS/ratio-plots/hjets-vbfnlo/H-N2-N3-4-25gev-vbfnlo-combine.yoda/MC_H2JETS_07_INC/j2j3_mass //homes/tinghua1/Merging-Project/Production/HJETS/ratio-plots/hjets-vbfnlo/H-N2-3-4-25gev-combine.yoda/MC_H2JETS_07_INC/j2j3_mass //homes/tinghua1/Merging-Project/Production/HJETS/ratio-plots/hjets-vbfnlo/H-N2-3-4-25gev-vbfnlo-combine.yoda/MC_H2JETS_07_INC/j2j3_mass //homes/tinghua1/Merging-Project/Production/HJETS/ratio-plots/hjets-vbfnlo/H-2-3-4-25gev-combine.yoda/MC_H2JETS_07_INC/j2j3_mass //homes/tinghua1/Merging-Project/Production/HJETS/ratio-plots/hjets-vbfnlo/H-2-3-4-25gev-vbfnlo-combine.yoda/MC_H2JETS_07_INC/j2j3_mass //homes/tinghua1/Merging-Project/Production/HJETS/ratio-plots/hjets-vbfnlo/H-2-3-25gev-combine.yoda/MC_H2JETS_07_INC/j2j3_mass //homes/tinghua1/Merging-Project/Production/HJETS/ratio-plots/hjets-vbfnlo/H-2-3-25gev-vbfnlo-combine.yoda/MC_H2JETS_07_INC/j2j3_mass
XLabel=$m_{j_2j_3}$ (GeV)
LegendAlign=r
XMax=1000.0
YLabel=$ \text{d} \sigma/ \text{d}  m_{j_2j_3}$ (fb/GeV)
Legend=1
RatioPlot=4
MainPlotSelection={"Selection":[1,2,3,4,5,6,7,8]}
RatioPlots={"RatioPlotYLabel":"","Selection":[1,2]};{"RatioPlotYLabel":"","Selection":[3,4]};{"RatioPlotYLabel":"","Selection":[5,6]};{"RatioPlotYLabel":"","Selection":[7,8]}
RatioPlotSameStyle=1
RatioPlotYMin=0.0
# END PLOT


# BEGIN SPECIAL /MC_H2JETS_07_INC/j2j3_mass
\rput[tl](0.05,0.75){\parbox{5cm}{\textcolor{gray}{{\bf Herwig 7.2.0} \\ HJETS/ColorFull}}}
# END SPECIAL

# BEGIN HISTO1D //homes/tinghua1/Merging-Project/Production/HJETS/ratio-plots/hjets-vbfnlo/H-N2-N3-4-25gev-combine.yoda/MC_H2JETS_07_INC/j2j3_mass
ErrorBandColor=orange
ErrorBandOpacity=0.3
ErrorBands=1
ErrorType=env
LineColor=orange
LineStyle=solid
Path=//homes/tinghua1/Merging-Project/Production/HJETS/ratio-plots/hjets-vbfnlo/H-N2-N3-4-25gev-combine.yoda/MC_H2JETS_07_INC/j2j3_mass
RatioPlotSameStyle=1
Title=h(2*,3*,4)
# xlow	 xhigh	 val	 errminus	 errplus
0.000000e+00	4.000000e+01	7.557795e-04	0.000000e+00	2.137300e-05
4.000000e+01	8.000000e+01	5.234995e-03	2.431175e-04	3.896725e-04
8.000000e+01	1.200000e+02	5.090340e-03	3.816225e-04	2.049350e-04
1.200000e+02	1.600000e+02	2.324225e-03	1.890223e-04	2.344630e-04
1.600000e+02	2.000000e+02	1.451773e-03	1.380335e-04	5.272750e-05
2.000000e+02	2.400000e+02	1.032959e-03	9.700025e-05	7.525925e-05
2.400000e+02	2.800000e+02	8.053117e-04	7.881550e-05	5.913100e-05
2.800000e+02	3.200000e+02	6.433008e-04	4.907900e-05	4.093150e-05
3.200000e+02	3.600000e+02	5.484467e-04	3.864675e-05	6.050300e-05
3.600000e+02	4.000000e+02	4.607225e-04	3.025550e-05	0.000000e+00
4.000000e+02	4.400000e+02	4.244022e-04	3.099675e-05	3.729675e-05
4.400000e+02	4.800000e+02	3.929928e-04	4.961325e-05	2.672300e-05
4.800000e+02	5.200000e+02	3.437930e-04	2.597625e-05	3.272625e-05
5.200000e+02	5.600000e+02	3.025343e-04	1.693225e-05	1.474800e-05
5.600000e+02	6.000000e+02	2.864595e-04	2.440100e-05	1.497800e-05
6.000000e+02	6.400000e+02	2.437702e-04	4.316725e-06	3.200557e-05
6.400000e+02	6.800000e+02	2.420534e-04	3.020693e-05	3.444075e-06
6.800000e+02	7.200000e+02	2.107410e-04	1.516355e-05	1.443270e-05
7.200000e+02	7.600000e+02	1.916792e-04	1.430457e-05	1.328593e-05
7.600000e+02	8.000000e+02	1.717162e-04	9.002550e-06	1.780983e-05
8.000000e+02	8.400000e+02	1.549430e-04	0.000000e+00	2.875265e-05
8.400000e+02	8.800000e+02	1.466715e-04	1.539108e-05	1.532420e-05
8.800000e+02	9.200000e+02	1.460148e-04	1.648238e-05	0.000000e+00
9.200000e+02	9.600000e+02	1.743605e-04	6.877973e-05	0.000000e+00
9.600000e+02	1.000000e+03	1.159752e-04	1.262070e-05	1.658898e-05
1.000000e+03	1.040000e+03	1.008515e-04	7.693800e-06	1.453522e-05
1.040000e+03	1.080000e+03	9.881940e-05	1.071570e-05	7.367525e-06
1.080000e+03	1.120000e+03	9.113938e-05	1.073577e-05	0.000000e+00
1.120000e+03	1.160000e+03	8.020410e-05	7.021150e-06	5.093125e-06
1.160000e+03	1.200000e+03	7.707458e-05	6.619525e-06	6.758225e-06
1.200000e+03	1.240000e+03	6.776085e-05	4.888425e-06	4.848300e-06
1.240000e+03	1.280000e+03	5.941527e-05	1.142075e-06	5.957050e-06
1.280000e+03	1.320000e+03	5.811477e-05	4.194700e-06	2.609950e-06
1.320000e+03	1.360000e+03	5.095663e-05	2.507075e-06	6.871350e-06
1.360000e+03	1.400000e+03	5.010122e-05	3.741400e-06	4.088175e-06
1.400000e+03	1.440000e+03	4.639040e-05	4.501100e-06	0.000000e+00
1.440000e+03	1.480000e+03	4.311218e-05	5.045075e-06	2.550200e-06
1.480000e+03	1.520000e+03	3.847253e-05	2.652550e-06	4.912050e-06
1.520000e+03	1.560000e+03	3.197345e-05	1.530400e-06	5.601100e-06
1.560000e+03	1.600000e+03	3.291253e-05	2.384775e-06	8.965225e-06
1.600000e+03	1.640000e+03	3.292262e-05	3.752525e-06	0.000000e+00
1.640000e+03	1.680000e+03	2.737450e-05	1.615750e-06	0.000000e+00
1.680000e+03	1.720000e+03	2.555908e-05	2.270000e-08	3.596700e-06
1.720000e+03	1.760000e+03	2.384061e-05	2.145907e-06	1.241367e-06
1.760000e+03	1.800000e+03	2.236751e-05	2.529422e-06	3.702940e-06
1.800000e+03	1.840000e+03	2.033582e-05	2.138442e-06	3.678913e-06
1.840000e+03	1.880000e+03	1.735723e-05	0.000000e+00	3.271993e-06
1.880000e+03	1.920000e+03	1.727684e-05	1.836785e-06	0.000000e+00
1.920000e+03	1.960000e+03	1.465200e-05	0.000000e+00	3.471353e-06
1.960000e+03	2.000000e+03	1.522366e-05	1.484298e-06	4.903500e-08
2.000000e+03	2.040000e+03	1.416100e-05	7.891600e-07	1.019248e-06
2.040000e+03	2.080000e+03	1.247280e-05	0.000000e+00	5.186155e-06
2.080000e+03	2.120000e+03	1.157075e-05	1.280948e-06	5.192075e-07
2.120000e+03	2.160000e+03	1.310576e-05	3.543655e-06	0.000000e+00
2.160000e+03	2.200000e+03	1.073987e-05	1.830225e-06	5.671475e-07
2.200000e+03	2.240000e+03	9.567477e-06	1.220148e-06	8.133200e-07
2.240000e+03	2.280000e+03	9.385175e-06	2.057415e-06	2.563800e-07
2.280000e+03	2.320000e+03	7.597207e-06	1.397572e-06	1.287625e-07
2.320000e+03	2.360000e+03	7.984705e-06	1.006393e-06	0.000000e+00
2.360000e+03	2.400000e+03	7.268957e-06	1.233598e-06	0.000000e+00
2.400000e+03	2.440000e+03	6.167228e-06	6.647500e-08	1.207870e-06
2.440000e+03	2.480000e+03	4.938925e-06	2.187385e-06	4.320425e-07
2.480000e+03	2.520000e+03	5.827840e-06	1.062350e-06	8.174750e-08
2.520000e+03	2.560000e+03	3.833622e-06	0.000000e+00	1.042253e-06
2.560000e+03	2.600000e+03	4.261533e-06	0.000000e+00	1.281257e-06
2.600000e+03	2.640000e+03	4.382828e-06	5.740350e-07	0.000000e+00
2.640000e+03	2.680000e+03	4.394308e-06	6.484250e-07	0.000000e+00
2.680000e+03	2.720000e+03	3.167802e-06	5.589325e-07	5.730650e-07
2.720000e+03	2.760000e+03	3.753695e-06	5.295350e-07	0.000000e+00
2.760000e+03	2.800000e+03	3.255172e-06	3.529100e-07	2.844525e-07
2.800000e+03	2.840000e+03	2.760032e-06	4.174453e-07	0.000000e+00
2.840000e+03	2.880000e+03	1.916311e-06	1.831856e-06	1.205379e-06
2.880000e+03	2.920000e+03	2.201817e-06	1.027725e-08	6.696055e-07
2.920000e+03	2.960000e+03	2.236251e-06	1.354540e-07	3.181276e-06
2.960000e+03	3.000000e+03	2.040483e-06	4.506565e-07	7.292795e-07
3.000000e+03	3.040000e+03	2.251756e-06	6.380103e-07	0.000000e+00
3.040000e+03	3.080000e+03	1.921841e-06	2.139900e-07	0.000000e+00
3.080000e+03	3.120000e+03	1.556365e-06	2.957692e-06	0.000000e+00
3.120000e+03	3.160000e+03	1.348262e-06	7.051275e-08	5.703190e-07
3.160000e+03	3.200000e+03	1.288866e-06	0.000000e+00	1.218551e-06
3.200000e+03	3.240000e+03	1.378610e-06	6.483415e-07	0.000000e+00
3.240000e+03	3.280000e+03	1.084748e-06	0.000000e+00	1.114550e-08
3.280000e+03	3.320000e+03	1.077917e-06	7.010675e-08	0.000000e+00
3.320000e+03	3.360000e+03	1.251721e-06	4.309890e-07	0.000000e+00
3.360000e+03	3.400000e+03	7.960180e-07	0.000000e+00	1.656650e-06
3.400000e+03	3.440000e+03	9.507907e-07	5.454777e-07	0.000000e+00
3.440000e+03	3.480000e+03	9.144775e-07	2.813842e-07	0.000000e+00
3.480000e+03	3.520000e+03	8.058090e-07	2.512652e-07	0.000000e+00
3.520000e+03	3.560000e+03	7.397507e-07	1.650502e-07	0.000000e+00
3.560000e+03	3.600000e+03	2.000963e-08	0.000000e+00	5.024321e-07
3.600000e+03	3.640000e+03	4.370150e-07	0.000000e+00	4.298065e-07
3.640000e+03	3.680000e+03	3.951368e-07	0.000000e+00	7.540225e-08
3.680000e+03	3.720000e+03	4.851865e-07	1.089372e-07	4.236275e-08
3.720000e+03	3.760000e+03	3.484450e-08	0.000000e+00	3.288045e-07
3.760000e+03	3.800000e+03	4.012110e-07	7.686225e-08	2.310015e-07
3.800000e+03	3.840000e+03	3.364200e-07	1.188044e-07	1.247523e-07
3.840000e+03	3.880000e+03	3.600215e-07	1.318032e-07	0.000000e+00
3.880000e+03	3.920000e+03	3.055865e-07	7.307087e-08	6.057250e-09
3.920000e+03	3.960000e+03	6.052717e-07	3.546440e-07	0.000000e+00
3.960000e+03	4.000000e+03	2.351303e-07	1.709907e-08	3.681073e-08
4.000000e+03	4.040000e+03	2.597573e-07	1.105077e-08	1.871925e-08
4.040000e+03	4.080000e+03	1.941055e-07	8.835095e-08	0.000000e+00
4.080000e+03	4.120000e+03	1.833102e-07	7.732607e-08	6.076605e-08
4.120000e+03	4.160000e+03	1.726297e-07	5.805168e-08	4.011090e-08
4.160000e+03	4.200000e+03	3.585020e-08	0.000000e+00	1.462925e-07
4.200000e+03	4.240000e+03	1.034039e-07	0.000000e+00	4.323830e-08
4.240000e+03	4.280000e+03	9.902892e-08	6.179950e-09	1.725123e-08
4.280000e+03	4.320000e+03	1.374462e-07	1.569837e-08	1.161493e-07
4.320000e+03	4.360000e+03	1.082612e-07	4.964407e-08	8.936025e-09
4.360000e+03	4.400000e+03	9.739793e-08	3.654110e-08	4.947777e-08
4.400000e+03	4.440000e+03	5.987970e-08	2.055290e-08	3.600865e-08
4.440000e+03	4.480000e+03	6.586572e-08	0.000000e+00	3.073410e-08
4.480000e+03	4.520000e+03	9.920095e-08	2.821092e-08	0.000000e+00
4.520000e+03	4.560000e+03	7.095565e-08	3.379568e-08	5.335830e-08
4.560000e+03	4.600000e+03	5.954548e-08	1.694953e-08	4.771532e-08
4.600000e+03	4.640000e+03	4.395710e-08	1.341482e-08	0.000000e+00
4.640000e+03	4.680000e+03	6.986285e-08	2.518230e-08	1.105950e-07
4.680000e+03	4.720000e+03	1.281489e-07	1.028330e-07	0.000000e+00
4.720000e+03	4.760000e+03	5.187787e-08	2.094135e-08	1.551262e-07
4.760000e+03	4.800000e+03	5.370550e-08	3.594098e-08	1.874425e-09
4.800000e+03	4.840000e+03	5.037375e-08	2.182133e-08	7.332775e-09
4.840000e+03	4.880000e+03	2.920133e-08	2.576873e-08	3.291100e-09
4.880000e+03	4.920000e+03	2.934180e-08	3.671775e-09	2.372210e-08
4.920000e+03	4.960000e+03	4.177348e-08	2.163021e-08	0.000000e+00
4.960000e+03	5.000000e+03	2.656085e-09	0.000000e+00	2.487307e-08
5.000000e+03	5.040000e+03	2.406993e-08	3.745925e-09	1.752682e-08
5.040000e+03	5.080000e+03	1.764504e-08	2.080922e-08	4.780360e-09
5.080000e+03	5.120000e+03	2.148842e-08	5.878175e-10	5.143477e-09
5.120000e+03	5.160000e+03	1.330328e-08	3.216013e-09	5.463360e-09
5.160000e+03	5.200000e+03	1.316042e-08	0.000000e+00	5.942070e-09
5.200000e+03	5.240000e+03	1.823391e-08	1.166394e-08	0.000000e+00
5.240000e+03	5.280000e+03	1.735638e-08	7.488510e-08	0.000000e+00
5.280000e+03	5.320000e+03	9.180840e-09	0.000000e+00	6.006652e-09
5.320000e+03	5.360000e+03	1.394484e-08	4.832330e-09	4.275673e-09
5.360000e+03	5.400000e+03	1.273149e-08	1.142966e-08	9.111925e-10
5.400000e+03	5.440000e+03	7.583592e-09	1.570982e-09	5.185352e-09
5.440000e+03	5.480000e+03	2.385947e-08	1.559591e-08	0.000000e+00
5.480000e+03	5.520000e+03	6.948865e-09	1.446043e-09	3.407413e-09
5.520000e+03	5.560000e+03	5.378700e-09	0.000000e+00	4.365230e-09
5.560000e+03	5.600000e+03	6.415155e-09	8.548800e-10	0.000000e+00
5.600000e+03	5.640000e+03	5.934377e-09	5.740795e-09	0.000000e+00
5.640000e+03	5.680000e+03	6.867265e-09	2.991105e-09	0.000000e+00
5.680000e+03	5.720000e+03	9.216400e-09	5.959625e-09	0.000000e+00
5.720000e+03	5.760000e+03	4.179600e-09	0.000000e+00	6.194250e-11
5.760000e+03	5.800000e+03	6.816428e-09	6.823904e-09	0.000000e+00
5.800000e+03	5.840000e+03	-9.382192e-10	0.000000e+00	7.954319e-09
5.840000e+03	5.880000e+03	3.833932e-09	5.691372e-09	0.000000e+00
5.880000e+03	5.920000e+03	1.872138e-09	0.000000e+00	1.427699e-09
5.920000e+03	5.960000e+03	2.352022e-09	0.000000e+00	1.382050e-09
5.960000e+03	6.000000e+03	2.893180e-09	6.166923e-09	2.656275e-10
# END HISTO1D


# BEGIN HISTO1D //homes/tinghua1/Merging-Project/Production/HJETS/ratio-plots/hjets-vbfnlo/H-N2-N3-4-25gev-vbfnlo-combine.yoda/MC_H2JETS_07_INC/j2j3_mass
ErrorBandColor=red
ErrorBandOpacity=0.3
ErrorBands=1
ErrorType=env
LineColor=red
LineStyle=solid
Path=//homes/tinghua1/Merging-Project/Production/HJETS/ratio-plots/hjets-vbfnlo/H-N2-N3-4-25gev-vbfnlo-combine.yoda/MC_H2JETS_07_INC/j2j3_mass
RatioPlotSameStyle=1
Title=h(2*,3*,4)-vbfnlo
# xlow	 xhigh	 val	 errminus	 errplus
0.000000e+00	4.000000e+01	5.064815e-04	7.123000e-06	0.000000e+00
4.000000e+01	8.000000e+01	2.160536e-03	0.000000e+00	3.686520e-04
8.000000e+01	1.200000e+02	1.558958e-03	0.000000e+00	1.771415e-04
1.200000e+02	1.600000e+02	9.266145e-04	0.000000e+00	7.179525e-05
1.600000e+02	2.000000e+02	6.709793e-04	0.000000e+00	3.501475e-05
2.000000e+02	2.400000e+02	5.408530e-04	0.000000e+00	5.255525e-05
2.400000e+02	2.800000e+02	4.867797e-04	0.000000e+00	2.339625e-05
2.800000e+02	3.200000e+02	4.392410e-04	0.000000e+00	3.061000e-05
3.200000e+02	3.600000e+02	4.019512e-04	0.000000e+00	2.779050e-05
3.600000e+02	4.000000e+02	3.641218e-04	0.000000e+00	2.498350e-05
4.000000e+02	4.400000e+02	3.364343e-04	0.000000e+00	1.795925e-05
4.400000e+02	4.800000e+02	3.082138e-04	0.000000e+00	2.558600e-05
4.800000e+02	5.200000e+02	2.788473e-04	0.000000e+00	2.787375e-05
5.200000e+02	5.600000e+02	2.598345e-04	0.000000e+00	1.252675e-05
5.600000e+02	6.000000e+02	2.370224e-04	0.000000e+00	1.927135e-05
6.000000e+02	6.400000e+02	2.216555e-04	0.000000e+00	8.165375e-06
6.400000e+02	6.800000e+02	2.042890e-04	0.000000e+00	1.032565e-05
6.800000e+02	7.200000e+02	1.828503e-04	0.000000e+00	1.725852e-05
7.200000e+02	7.600000e+02	1.692420e-04	0.000000e+00	1.457388e-05
7.600000e+02	8.000000e+02	1.568354e-04	0.000000e+00	1.173595e-05
8.000000e+02	8.400000e+02	1.399738e-04	0.000000e+00	1.674868e-05
8.400000e+02	8.800000e+02	1.273484e-04	0.000000e+00	1.473655e-05
8.800000e+02	9.200000e+02	1.167214e-04	0.000000e+00	1.476492e-05
9.200000e+02	9.600000e+02	1.095326e-04	0.000000e+00	1.205050e-05
9.600000e+02	1.000000e+03	9.437958e-05	0.000000e+00	1.677393e-05
1.000000e+03	1.040000e+03	9.159333e-05	0.000000e+00	8.205925e-06
1.040000e+03	1.080000e+03	8.368463e-05	0.000000e+00	8.591100e-06
1.080000e+03	1.120000e+03	7.630882e-05	0.000000e+00	1.199742e-05
1.120000e+03	1.160000e+03	6.892417e-05	0.000000e+00	1.224508e-05
1.160000e+03	1.200000e+03	6.840258e-05	0.000000e+00	4.627575e-06
1.200000e+03	1.240000e+03	5.982443e-05	0.000000e+00	7.647375e-06
1.240000e+03	1.280000e+03	5.697080e-05	0.000000e+00	4.720200e-06
1.280000e+03	1.320000e+03	5.110607e-05	0.000000e+00	8.413950e-06
1.320000e+03	1.360000e+03	4.846605e-05	0.000000e+00	4.899275e-06
1.360000e+03	1.400000e+03	4.294525e-05	0.000000e+00	1.051848e-05
1.400000e+03	1.440000e+03	4.103772e-05	0.000000e+00	3.314575e-06
1.440000e+03	1.480000e+03	3.687595e-05	0.000000e+00	7.111075e-06
1.480000e+03	1.520000e+03	3.228130e-05	0.000000e+00	6.295475e-06
1.520000e+03	1.560000e+03	3.300500e-05	0.000000e+00	5.761300e-06
1.560000e+03	1.600000e+03	3.188742e-05	1.875250e-07	1.751450e-06
1.600000e+03	1.640000e+03	2.723938e-05	0.000000e+00	7.158675e-06
1.640000e+03	1.680000e+03	2.476826e-05	0.000000e+00	3.957268e-06
1.680000e+03	1.720000e+03	2.294352e-05	0.000000e+00	3.530725e-06
1.720000e+03	1.760000e+03	2.028179e-05	0.000000e+00	2.715262e-06
1.760000e+03	1.800000e+03	1.847544e-05	0.000000e+00	4.236593e-06
1.800000e+03	1.840000e+03	1.920495e-05	0.000000e+00	2.976403e-06
1.840000e+03	1.880000e+03	1.847610e-05	0.000000e+00	1.723677e-06
1.880000e+03	1.920000e+03	1.453862e-05	0.000000e+00	2.743722e-06
1.920000e+03	1.960000e+03	1.468301e-05	0.000000e+00	3.074033e-06
1.960000e+03	2.000000e+03	1.342383e-05	0.000000e+00	2.199778e-06
2.000000e+03	2.040000e+03	1.369785e-05	8.303000e-08	8.183525e-07
2.040000e+03	2.080000e+03	1.100020e-05	0.000000e+00	2.734095e-06
2.080000e+03	2.120000e+03	1.064583e-05	0.000000e+00	2.167177e-06
2.120000e+03	2.160000e+03	9.534193e-06	0.000000e+00	1.752905e-06
2.160000e+03	2.200000e+03	8.934385e-06	0.000000e+00	2.766162e-06
2.200000e+03	2.240000e+03	8.392520e-06	0.000000e+00	1.099630e-06
2.240000e+03	2.280000e+03	8.067315e-06	0.000000e+00	1.237762e-06
2.280000e+03	2.320000e+03	6.935050e-06	0.000000e+00	1.694413e-06
2.320000e+03	2.360000e+03	6.815585e-06	0.000000e+00	1.282590e-06
2.360000e+03	2.400000e+03	5.990120e-06	7.601675e-07	7.584725e-07
2.400000e+03	2.440000e+03	5.961970e-06	0.000000e+00	5.247150e-07
2.440000e+03	2.480000e+03	4.742850e-06	0.000000e+00	1.113075e-06
2.480000e+03	2.520000e+03	4.820990e-06	0.000000e+00	1.942212e-06
2.520000e+03	2.560000e+03	4.595728e-06	0.000000e+00	7.649450e-07
2.560000e+03	2.600000e+03	4.084432e-06	0.000000e+00	1.026538e-06
2.600000e+03	2.640000e+03	3.835942e-06	1.203375e-07	1.255340e-06
2.640000e+03	2.680000e+03	3.430418e-06	0.000000e+00	9.256250e-07
2.680000e+03	2.720000e+03	3.562420e-06	0.000000e+00	1.122158e-06
2.720000e+03	2.760000e+03	3.054900e-06	1.231125e-07	3.093850e-07
2.760000e+03	2.800000e+03	2.728962e-06	0.000000e+00	7.641350e-07
2.800000e+03	2.840000e+03	2.419938e-06	0.000000e+00	7.462968e-07
2.840000e+03	2.880000e+03	2.355632e-06	0.000000e+00	1.393258e-06
2.880000e+03	2.920000e+03	1.833730e-06	0.000000e+00	9.121570e-07
2.920000e+03	2.960000e+03	1.884334e-06	0.000000e+00	3.146040e-07
2.960000e+03	3.000000e+03	2.242130e-06	1.820280e-07	1.512750e-09
3.000000e+03	3.040000e+03	3.077475e-06	1.184742e-06	0.000000e+00
3.040000e+03	3.080000e+03	8.526500e-07	0.000000e+00	1.105221e-06
3.080000e+03	3.120000e+03	1.417731e-06	0.000000e+00	3.663135e-07
3.120000e+03	3.160000e+03	1.243583e-06	0.000000e+00	3.468055e-07
3.160000e+03	3.200000e+03	1.080518e-06	0.000000e+00	4.088923e-07
3.200000e+03	3.240000e+03	1.068391e-06	0.000000e+00	1.491415e-07
3.240000e+03	3.280000e+03	9.144702e-07	0.000000e+00	2.735028e-07
3.280000e+03	3.320000e+03	1.344760e-06	6.709723e-07	0.000000e+00
3.320000e+03	3.360000e+03	8.832310e-07	9.276500e-09	2.098065e-07
3.360000e+03	3.400000e+03	6.838165e-07	2.003085e-07	1.318957e-07
3.400000e+03	3.440000e+03	6.965500e-07	0.000000e+00	3.788108e-07
3.440000e+03	3.480000e+03	6.646918e-07	0.000000e+00	5.353475e-08
3.480000e+03	3.520000e+03	6.486373e-07	0.000000e+00	2.135410e-07
3.520000e+03	3.560000e+03	6.147400e-07	0.000000e+00	1.864043e-07
3.560000e+03	3.600000e+03	5.110030e-07	2.294975e-08	2.341605e-07
3.600000e+03	3.640000e+03	5.081917e-07	1.384390e-07	4.089750e-09
3.640000e+03	3.680000e+03	4.810770e-07	4.564350e-08	1.441635e-07
3.680000e+03	3.720000e+03	3.675055e-07	0.000000e+00	2.694685e-07
3.720000e+03	3.760000e+03	3.743698e-07	4.517400e-08	5.999850e-08
3.760000e+03	3.800000e+03	3.064210e-07	0.000000e+00	2.219350e-07
3.800000e+03	3.840000e+03	3.343493e-07	1.678387e-07	7.951475e-08
3.840000e+03	3.880000e+03	2.495708e-07	0.000000e+00	1.280487e-07
3.880000e+03	3.920000e+03	2.172038e-07	0.000000e+00	2.279050e-08
3.920000e+03	3.960000e+03	2.050738e-07	0.000000e+00	1.034517e-07
3.960000e+03	4.000000e+03	2.267889e-07	0.000000e+00	6.239805e-08
4.000000e+03	4.040000e+03	1.968535e-07	0.000000e+00	3.765300e-08
4.040000e+03	4.080000e+03	1.943872e-07	0.000000e+00	8.329175e-08
4.080000e+03	4.120000e+03	1.501079e-07	4.236308e-08	7.233298e-08
4.120000e+03	4.160000e+03	1.905383e-07	2.694552e-08	1.314925e-09
4.160000e+03	4.200000e+03	1.129433e-07	4.895900e-09	5.417860e-08
4.200000e+03	4.240000e+03	1.159513e-07	0.000000e+00	1.184973e-07
4.240000e+03	4.280000e+03	1.152464e-07	0.000000e+00	6.239980e-08
4.280000e+03	4.320000e+03	1.059337e-07	0.000000e+00	5.281835e-08
4.320000e+03	4.360000e+03	1.111118e-07	6.213725e-08	0.000000e+00
4.360000e+03	4.400000e+03	9.328785e-08	4.774063e-08	4.299032e-08
4.400000e+03	4.440000e+03	7.506032e-08	2.200300e-09	6.379395e-08
4.440000e+03	4.480000e+03	6.739408e-08	5.607695e-08	2.732477e-08
4.480000e+03	4.520000e+03	7.492080e-08	3.498475e-09	5.735565e-08
4.520000e+03	4.560000e+03	3.858020e-08	0.000000e+00	4.255395e-08
4.560000e+03	4.600000e+03	4.649723e-08	0.000000e+00	2.610265e-08
4.600000e+03	4.640000e+03	4.556453e-08	1.524600e-09	2.256430e-08
4.640000e+03	4.680000e+03	4.401975e-08	8.714975e-09	1.537335e-08
4.680000e+03	4.720000e+03	5.173852e-08	0.000000e+00	1.834817e-08
4.720000e+03	4.760000e+03	4.395805e-07	3.978459e-07	0.000000e+00
4.760000e+03	4.800000e+03	3.224068e-08	0.000000e+00	2.210040e-08
4.800000e+03	4.840000e+03	2.518202e-08	1.296652e-07	0.000000e+00
4.840000e+03	4.880000e+03	3.824088e-08	3.905450e-09	1.433533e-08
4.880000e+03	4.920000e+03	2.801968e-08	0.000000e+00	9.894600e-09
4.920000e+03	4.960000e+03	2.267322e-08	0.000000e+00	1.157211e-08
4.960000e+03	5.000000e+03	2.262635e-08	4.458900e-10	1.590572e-08
5.000000e+03	5.040000e+03	1.918306e-08	0.000000e+00	4.779760e-09
5.040000e+03	5.080000e+03	2.250372e-08	0.000000e+00	9.175830e-09
5.080000e+03	5.120000e+03	1.371331e-08	1.562899e-08	4.070130e-09
5.120000e+03	5.160000e+03	1.594834e-08	3.610007e-09	0.000000e+00
5.160000e+03	5.200000e+03	1.500904e-08	4.467400e-10	4.330657e-09
5.200000e+03	5.240000e+03	1.791436e-08	8.532698e-09	2.272827e-09
5.240000e+03	5.280000e+03	9.615830e-09	0.000000e+00	7.158280e-09
5.280000e+03	5.320000e+03	9.964865e-09	0.000000e+00	1.679345e-09
5.320000e+03	5.360000e+03	8.991765e-09	0.000000e+00	4.147410e-09
5.360000e+03	5.400000e+03	5.418727e-09	0.000000e+00	6.651048e-09
5.400000e+03	5.440000e+03	8.607597e-09	6.924927e-09	0.000000e+00
5.440000e+03	5.480000e+03	7.764663e-09	0.000000e+00	5.762807e-09
5.480000e+03	5.520000e+03	5.533900e-09	0.000000e+00	5.284582e-09
5.520000e+03	5.560000e+03	6.232857e-09	5.413378e-09	9.236850e-10
5.560000e+03	5.600000e+03	3.915842e-09	0.000000e+00	4.901545e-09
5.600000e+03	5.640000e+03	6.225760e-09	2.471066e-08	4.537850e-10
5.640000e+03	5.680000e+03	6.205745e-09	4.540222e-09	4.508495e-09
5.680000e+03	5.720000e+03	3.926730e-09	0.000000e+00	9.791175e-10
5.720000e+03	5.760000e+03	3.386152e-09	0.000000e+00	2.704087e-09
5.760000e+03	5.800000e+03	4.812182e-09	3.899254e-09	0.000000e+00
5.800000e+03	5.840000e+03	3.927398e-09	2.643450e-09	2.096450e-10
5.840000e+03	5.880000e+03	2.543625e-09	0.000000e+00	2.992600e-09
5.880000e+03	5.920000e+03	1.908665e-09	0.000000e+00	3.945057e-09
5.920000e+03	5.960000e+03	3.495870e-09	0.000000e+00	9.632725e-10
5.960000e+03	6.000000e+03	3.268495e-09	6.585450e-10	0.000000e+00
# END HISTO1D


# BEGIN HISTO1D //homes/tinghua1/Merging-Project/Production/HJETS/ratio-plots/hjets-vbfnlo/H-N2-3-4-25gev-combine.yoda/MC_H2JETS_07_INC/j2j3_mass
ErrorBandColor=blue
ErrorBandOpacity=0.3
ErrorBands=1
ErrorType=env
LineColor=blue
LineStyle=solid
Path=//homes/tinghua1/Merging-Project/Production/HJETS/ratio-plots/hjets-vbfnlo/H-N2-3-4-25gev-combine.yoda/MC_H2JETS_07_INC/j2j3_mass
RatioPlotSameStyle=1
Title=h(2*,3,4)
# xlow	 xhigh	 val	 errminus	 errplus
0.000000e+00	4.000000e+01	7.604205e-04	0.000000e+00	1.937050e-05
4.000000e+01	8.000000e+01	5.110102e-03	4.366700e-04	5.337600e-04
8.000000e+01	1.200000e+02	4.800605e-03	4.439750e-04	4.746050e-04
1.200000e+02	1.600000e+02	2.261526e-03	2.616343e-04	3.087962e-04
1.600000e+02	2.000000e+02	1.397336e-03	1.516330e-04	2.406492e-04
2.000000e+02	2.400000e+02	1.001480e-03	1.170588e-04	1.410580e-04
2.400000e+02	2.800000e+02	7.903965e-04	9.906250e-05	9.860925e-05
2.800000e+02	3.200000e+02	6.464717e-04	7.717575e-05	8.458550e-05
3.200000e+02	3.600000e+02	5.484050e-04	5.153225e-05	7.935600e-05
3.600000e+02	4.000000e+02	4.805200e-04	5.504150e-05	6.798475e-05
4.000000e+02	4.400000e+02	4.229600e-04	4.787500e-05	5.928375e-05
4.400000e+02	4.800000e+02	3.816600e-04	4.961425e-05	3.933200e-05
4.800000e+02	5.200000e+02	3.375270e-04	4.082200e-05	4.581400e-05
5.200000e+02	5.600000e+02	3.020615e-04	3.205400e-05	4.569750e-05
5.600000e+02	6.000000e+02	2.750733e-04	3.620292e-05	3.762725e-05
6.000000e+02	6.400000e+02	2.502000e-04	2.897160e-05	3.272300e-05
6.400000e+02	6.800000e+02	2.280546e-04	3.101942e-05	2.878210e-05
6.800000e+02	7.200000e+02	2.055795e-04	2.747583e-05	3.042415e-05
7.200000e+02	7.600000e+02	1.857751e-04	2.535510e-05	3.057623e-05
7.600000e+02	8.000000e+02	1.697763e-04	2.322985e-05	2.439733e-05
8.000000e+02	8.400000e+02	1.533654e-04	2.049753e-05	1.535818e-05
8.400000e+02	8.800000e+02	1.390766e-04	1.621845e-05	2.504810e-05
8.800000e+02	9.200000e+02	1.292151e-04	1.492647e-05	1.666118e-05
9.200000e+02	9.600000e+02	1.185763e-04	1.582498e-05	1.829637e-05
9.600000e+02	1.000000e+03	1.079897e-04	1.468873e-05	1.915327e-05
1.000000e+03	1.040000e+03	1.007984e-04	1.492970e-05	1.607460e-05
1.040000e+03	1.080000e+03	9.243445e-05	1.336937e-05	1.503862e-05
1.080000e+03	1.120000e+03	8.360140e-05	1.226765e-05	1.640295e-05
1.120000e+03	1.160000e+03	7.669317e-05	1.022390e-05	1.381790e-05
1.160000e+03	1.200000e+03	7.041915e-05	1.010070e-05	1.364365e-05
1.200000e+03	1.240000e+03	6.440525e-05	8.990075e-06	1.150613e-05
1.240000e+03	1.280000e+03	6.078100e-05	8.869250e-06	9.227750e-06
1.280000e+03	1.320000e+03	5.520620e-05	8.462250e-06	8.531275e-06
1.320000e+03	1.360000e+03	5.116435e-05	7.067375e-06	8.567700e-06
1.360000e+03	1.400000e+03	4.526347e-05	5.886500e-06	9.962050e-06
1.400000e+03	1.440000e+03	4.252033e-05	5.879500e-06	8.377300e-06
1.440000e+03	1.480000e+03	4.044092e-05	7.378900e-06	7.533125e-06
1.480000e+03	1.520000e+03	3.640822e-05	5.274025e-06	7.108575e-06
1.520000e+03	1.560000e+03	3.383105e-05	5.440750e-06	8.826850e-06
1.560000e+03	1.600000e+03	3.230363e-05	5.453175e-06	5.775725e-06
1.600000e+03	1.640000e+03	2.910390e-05	3.201500e-06	5.633150e-06
1.640000e+03	1.680000e+03	2.745085e-05	5.214840e-06	4.617350e-06
1.680000e+03	1.720000e+03	2.483836e-05	4.554510e-06	5.822535e-06
1.720000e+03	1.760000e+03	2.086491e-05	1.503762e-06	7.239865e-06
1.760000e+03	1.800000e+03	2.117625e-05	3.100165e-06	4.681897e-06
1.800000e+03	1.840000e+03	1.910598e-05	2.234305e-06	4.119758e-06
1.840000e+03	1.880000e+03	1.896466e-05	3.721300e-06	3.655882e-06
1.880000e+03	1.920000e+03	1.770461e-05	3.834153e-06	2.078740e-06
1.920000e+03	1.960000e+03	1.525567e-05	0.000000e+00	3.540407e-06
1.960000e+03	2.000000e+03	1.389832e-05	2.344555e-06	2.784185e-06
2.000000e+03	2.040000e+03	1.304967e-05	2.273150e-06	3.123898e-06
2.040000e+03	2.080000e+03	1.193157e-05	1.829697e-06	2.601695e-06
2.080000e+03	2.120000e+03	1.089469e-05	1.672397e-06	2.217748e-06
2.120000e+03	2.160000e+03	1.017466e-05	1.762620e-06	2.471628e-06
2.160000e+03	2.200000e+03	9.932772e-06	1.871142e-06	1.767028e-06
2.200000e+03	2.240000e+03	8.944320e-06	1.469755e-06	2.008510e-06
2.240000e+03	2.280000e+03	7.935892e-06	1.065745e-06	2.052425e-06
2.280000e+03	2.320000e+03	6.879357e-06	3.489400e-07	2.228215e-06
2.320000e+03	2.360000e+03	7.721553e-06	1.889900e-06	7.576325e-07
2.360000e+03	2.400000e+03	6.178975e-06	8.860700e-07	1.948345e-06
2.400000e+03	2.440000e+03	5.839143e-06	1.142895e-06	1.678127e-06
2.440000e+03	2.480000e+03	5.594767e-06	8.009025e-07	1.350985e-06
2.480000e+03	2.520000e+03	4.961348e-06	6.275300e-07	1.106100e-06
2.520000e+03	2.560000e+03	4.842688e-06	1.132385e-06	1.150795e-06
2.560000e+03	2.600000e+03	4.214283e-06	9.944925e-07	1.040717e-06
2.600000e+03	2.640000e+03	4.032512e-06	7.679525e-07	9.810300e-07
2.640000e+03	2.680000e+03	3.638927e-06	5.779475e-07	7.614650e-07
2.680000e+03	2.720000e+03	3.272367e-06	5.724450e-07	9.858775e-07
2.720000e+03	2.760000e+03	3.550510e-06	1.052137e-06	1.979150e-07
2.760000e+03	2.800000e+03	2.687798e-06	6.631533e-07	1.016455e-06
2.800000e+03	2.840000e+03	2.709858e-06	6.185418e-07	5.057375e-07
2.840000e+03	2.880000e+03	2.709755e-06	6.358047e-07	5.251725e-07
2.880000e+03	2.920000e+03	2.230356e-06	2.980615e-07	7.410863e-07
2.920000e+03	2.960000e+03	1.975551e-06	3.515462e-07	3.351473e-07
2.960000e+03	3.000000e+03	1.968109e-06	4.215460e-07	4.339363e-07
3.000000e+03	3.040000e+03	1.736750e-06	2.039900e-07	3.678505e-07
3.040000e+03	3.080000e+03	1.464670e-06	2.447697e-07	5.637005e-07
3.080000e+03	3.120000e+03	2.079828e-06	9.072322e-07	0.000000e+00
3.120000e+03	3.160000e+03	1.424304e-06	4.376593e-07	2.760070e-07
3.160000e+03	3.200000e+03	1.260275e-06	2.854360e-07	4.665483e-07
3.200000e+03	3.240000e+03	1.078035e-06	1.890175e-07	4.148670e-07
3.240000e+03	3.280000e+03	1.023644e-06	1.885165e-07	3.559395e-07
3.280000e+03	3.320000e+03	8.972993e-07	2.261297e-07	2.829013e-07
3.320000e+03	3.360000e+03	8.951030e-07	2.049313e-07	2.232382e-07
3.360000e+03	3.400000e+03	7.829590e-07	1.429385e-07	1.890532e-07
3.400000e+03	3.440000e+03	7.100707e-07	1.735702e-07	3.238850e-07
3.440000e+03	3.480000e+03	6.673663e-07	1.327870e-07	2.456470e-07
3.480000e+03	3.520000e+03	6.093107e-07	1.821970e-07	2.720997e-07
3.520000e+03	3.560000e+03	5.503845e-07	1.215675e-07	1.571635e-07
3.560000e+03	3.600000e+03	4.258885e-07	0.000000e+00	1.927528e-07
3.600000e+03	3.640000e+03	5.446618e-07	1.471690e-07	0.000000e+00
3.640000e+03	3.680000e+03	4.116180e-07	3.521675e-08	1.841325e-07
3.680000e+03	3.720000e+03	4.043757e-07	6.776525e-08	1.658628e-07
3.720000e+03	3.760000e+03	3.372915e-07	0.000000e+00	3.926300e-08
3.760000e+03	3.800000e+03	4.156468e-07	1.556195e-07	1.370125e-07
3.800000e+03	3.840000e+03	3.019892e-07	5.520103e-08	1.078200e-07
3.840000e+03	3.880000e+03	3.086943e-07	8.668688e-08	6.604325e-08
3.880000e+03	3.920000e+03	3.493510e-07	1.750204e-07	1.604725e-08
3.920000e+03	3.960000e+03	2.521172e-07	2.057262e-08	8.932725e-08
3.960000e+03	4.000000e+03	1.116911e-07	0.000000e+00	1.952944e-07
4.000000e+03	4.040000e+03	1.725460e-07	4.617627e-08	8.795420e-08
4.040000e+03	4.080000e+03	1.689137e-07	3.913842e-08	7.379500e-08
4.080000e+03	4.120000e+03	1.680211e-07	3.983367e-08	4.840920e-08
4.120000e+03	4.160000e+03	2.072044e-07	8.019930e-08	0.000000e+00
4.160000e+03	4.200000e+03	1.154747e-07	1.449257e-08	5.125510e-08
4.200000e+03	4.240000e+03	1.233051e-07	1.214373e-08	4.538772e-08
4.240000e+03	4.280000e+03	1.179829e-07	4.296420e-08	0.000000e+00
4.280000e+03	4.320000e+03	1.036751e-07	2.583495e-08	2.046638e-08
4.320000e+03	4.360000e+03	1.037732e-07	1.192685e-08	1.925510e-08
4.360000e+03	4.400000e+03	8.797433e-08	1.195940e-08	2.839723e-08
4.400000e+03	4.440000e+03	7.253802e-08	2.674382e-08	6.281985e-08
4.440000e+03	4.480000e+03	7.193553e-08	3.691705e-08	0.000000e+00
4.480000e+03	4.520000e+03	6.055677e-08	5.113854e-08	1.102950e-08
4.520000e+03	4.560000e+03	5.347580e-08	1.887362e-08	3.806610e-08
4.560000e+03	4.600000e+03	7.738648e-08	2.566373e-08	4.225675e-09
4.600000e+03	4.640000e+03	4.233580e-08	5.709175e-09	5.128828e-08
4.640000e+03	4.680000e+03	1.003168e-07	6.214955e-08	0.000000e+00
4.680000e+03	4.720000e+03	4.398860e-08	1.016100e-08	1.452490e-08
4.720000e+03	4.760000e+03	3.504772e-08	8.283875e-09	0.000000e+00
4.760000e+03	4.800000e+03	1.374481e-07	1.281921e-07	0.000000e+00
4.800000e+03	4.840000e+03	3.612870e-08	1.285118e-08	1.202042e-08
4.840000e+03	4.880000e+03	2.488769e-08	1.587100e-09	1.026873e-08
4.880000e+03	4.920000e+03	2.666165e-08	5.428640e-09	1.731450e-09
4.920000e+03	4.960000e+03	1.819932e-08	5.468000e-10	2.631710e-08
4.960000e+03	5.000000e+03	1.700819e-08	2.600825e-09	2.059300e-09
5.000000e+03	5.040000e+03	2.185813e-08	8.513225e-10	1.092173e-09
5.040000e+03	5.080000e+03	1.276538e-08	0.000000e+00	9.325040e-09
5.080000e+03	5.120000e+03	1.596994e-08	5.160340e-09	1.777659e-08
5.120000e+03	5.160000e+03	1.600992e-08	3.542685e-09	6.694663e-09
5.160000e+03	5.200000e+03	1.433840e-08	8.966132e-09	9.810380e-09
5.200000e+03	5.240000e+03	1.130621e-08	4.247875e-09	1.073635e-08
5.240000e+03	5.280000e+03	1.104973e-08	5.035512e-09	2.655930e-09
5.280000e+03	5.320000e+03	1.945047e-08	1.328741e-08	0.000000e+00
5.320000e+03	5.360000e+03	1.523594e-08	5.749770e-09	0.000000e+00
5.360000e+03	5.400000e+03	9.832372e-09	1.270030e-09	6.054808e-09
5.400000e+03	5.440000e+03	1.049105e-08	5.430843e-09	0.000000e+00
5.440000e+03	5.480000e+03	8.137567e-09	2.492567e-09	3.851358e-09
5.480000e+03	5.520000e+03	6.977232e-09	0.000000e+00	4.966603e-09
5.520000e+03	5.560000e+03	9.113345e-09	4.644495e-09	4.037625e-10
5.560000e+03	5.600000e+03	6.051388e-09	1.563373e-09	6.194725e-10
5.600000e+03	5.640000e+03	4.357013e-09	1.513778e-09	2.707975e-09
5.640000e+03	5.680000e+03	4.313015e-09	6.237700e-10	6.284760e-09
5.680000e+03	5.720000e+03	4.842258e-09	1.820063e-09	3.406182e-09
5.720000e+03	5.760000e+03	3.637442e-09	4.870750e-11	5.537417e-09
5.760000e+03	5.800000e+03	5.750085e-09	2.682037e-09	0.000000e+00
5.800000e+03	5.840000e+03	2.035767e-09	0.000000e+00	3.898296e-09
5.840000e+03	5.880000e+03	1.668035e-09	0.000000e+00	2.311708e-09
5.880000e+03	5.920000e+03	1.979668e-09	6.584438e-09	0.000000e+00
5.920000e+03	5.960000e+03	2.309171e-09	8.376500e-10	0.000000e+00
5.960000e+03	6.000000e+03	-1.220295e-09	0.000000e+00	1.521961e-08
# END HISTO1D


# BEGIN HISTO1D //homes/tinghua1/Merging-Project/Production/HJETS/ratio-plots/hjets-vbfnlo/H-N2-3-4-25gev-vbfnlo-combine.yoda/MC_H2JETS_07_INC/j2j3_mass
ErrorBandColor=cyan
ErrorBandOpacity=0.3
ErrorBands=1
ErrorType=env
LineColor=cyan
LineStyle=solid
Path=//homes/tinghua1/Merging-Project/Production/HJETS/ratio-plots/hjets-vbfnlo/H-N2-3-4-25gev-vbfnlo-combine.yoda/MC_H2JETS_07_INC/j2j3_mass
RatioPlotSameStyle=1
Title=h(2*,3,4)-vbfnlo
# xlow	 xhigh	 val	 errminus	 errplus
0.000000e+00	4.000000e+01	4.975650e-04	0.000000e+00	1.188025e-05
4.000000e+01	8.000000e+01	2.271221e-03	2.064625e-04	2.684190e-04
8.000000e+01	1.200000e+02	1.640699e-03	1.807257e-04	2.015357e-04
1.200000e+02	1.600000e+02	9.632988e-04	9.542125e-05	1.137495e-04
1.600000e+02	2.000000e+02	6.901743e-04	6.463000e-05	7.489675e-05
2.000000e+02	2.400000e+02	5.681923e-04	5.075675e-05	5.331275e-05
2.400000e+02	2.800000e+02	4.983377e-04	4.039375e-05	4.661700e-05
2.800000e+02	3.200000e+02	4.542628e-04	4.059725e-05	3.818200e-05
3.200000e+02	3.600000e+02	4.143400e-04	3.834125e-05	3.998700e-05
3.600000e+02	4.000000e+02	3.775382e-04	2.462675e-05	3.912075e-05
4.000000e+02	4.400000e+02	3.454215e-04	3.185850e-05	3.640250e-05
4.400000e+02	4.800000e+02	3.174873e-04	3.002475e-05	3.771125e-05
4.800000e+02	5.200000e+02	2.908010e-04	2.941300e-05	3.374900e-05
5.200000e+02	5.600000e+02	2.686020e-04	2.999372e-05	3.012125e-05
5.600000e+02	6.000000e+02	2.446156e-04	2.635700e-05	3.020963e-05
6.000000e+02	6.400000e+02	2.250129e-04	2.352317e-05	2.857607e-05
6.400000e+02	6.800000e+02	2.045651e-04	2.228727e-05	2.451990e-05
6.800000e+02	7.200000e+02	1.893836e-04	2.357570e-05	2.530918e-05
7.200000e+02	7.600000e+02	1.721901e-04	1.921432e-05	2.413307e-05
7.600000e+02	8.000000e+02	1.564027e-04	1.705980e-05	2.414632e-05
8.000000e+02	8.400000e+02	1.447240e-04	1.729940e-05	2.087370e-05
8.400000e+02	8.800000e+02	1.345106e-04	1.763760e-05	1.817418e-05
8.800000e+02	9.200000e+02	1.224787e-04	1.634572e-05	1.701485e-05
9.200000e+02	9.600000e+02	1.109891e-04	1.360270e-05	1.785930e-05
9.600000e+02	1.000000e+03	1.045928e-04	1.455937e-05	1.436568e-05
1.000000e+03	1.040000e+03	9.528525e-05	1.269717e-05	1.438498e-05
1.040000e+03	1.080000e+03	8.743895e-05	1.191295e-05	1.437460e-05
1.080000e+03	1.120000e+03	8.077420e-05	1.164100e-05	1.195517e-05
1.120000e+03	1.160000e+03	7.435750e-05	1.065323e-05	1.217088e-05
1.160000e+03	1.200000e+03	6.853220e-05	9.782150e-06	1.187322e-05
1.200000e+03	1.240000e+03	6.139807e-05	7.796575e-06	1.164223e-05
1.240000e+03	1.280000e+03	5.807282e-05	7.875575e-06	9.336750e-06
1.280000e+03	1.320000e+03	5.410283e-05	7.500900e-06	8.166250e-06
1.320000e+03	1.360000e+03	4.957688e-05	7.321300e-06	9.010025e-06
1.360000e+03	1.400000e+03	4.501338e-05	6.906825e-06	8.694950e-06
1.400000e+03	1.440000e+03	4.249345e-05	6.783500e-06	7.613975e-06
1.440000e+03	1.480000e+03	3.876478e-05	5.654000e-06	7.599375e-06
1.480000e+03	1.520000e+03	3.598400e-05	6.186900e-06	6.260350e-06
1.520000e+03	1.560000e+03	3.319313e-05	4.679775e-06	6.474575e-06
1.560000e+03	1.600000e+03	3.077020e-05	4.545675e-06	5.977575e-06
1.600000e+03	1.640000e+03	2.839038e-05	4.444270e-06	5.210050e-06
1.640000e+03	1.680000e+03	2.668272e-05	4.472070e-06	4.526525e-06
1.680000e+03	1.720000e+03	2.394755e-05	3.850358e-06	5.062148e-06
1.720000e+03	1.760000e+03	2.231757e-05	3.655323e-06	4.905405e-06
1.760000e+03	1.800000e+03	2.083427e-05	3.503483e-06	4.039120e-06
1.800000e+03	1.840000e+03	1.918663e-05	3.445965e-06	4.091202e-06
1.840000e+03	1.880000e+03	1.772217e-05	3.226768e-06	3.655265e-06
1.880000e+03	1.920000e+03	1.634082e-05	2.658823e-06	3.050068e-06
1.920000e+03	1.960000e+03	1.528093e-05	2.382292e-06	2.695653e-06
1.960000e+03	2.000000e+03	1.386212e-05	2.176485e-06	2.911135e-06
2.000000e+03	2.040000e+03	1.310593e-05	2.235172e-06	2.363210e-06
2.040000e+03	2.080000e+03	1.198951e-05	2.289523e-06	2.366052e-06
2.080000e+03	2.120000e+03	1.101432e-05	1.933190e-06	2.220845e-06
2.120000e+03	2.160000e+03	1.032557e-05	1.767112e-06	2.033917e-06
2.160000e+03	2.200000e+03	9.725340e-06	2.049595e-06	1.651955e-06
2.200000e+03	2.240000e+03	8.654620e-06	1.390885e-06	1.690857e-06
2.240000e+03	2.280000e+03	8.409898e-06	1.675128e-06	1.176488e-06
2.280000e+03	2.320000e+03	7.488192e-06	1.514557e-06	1.582593e-06
2.320000e+03	2.360000e+03	6.800602e-06	1.214572e-06	1.684095e-06
2.360000e+03	2.400000e+03	6.167523e-06	8.009825e-07	1.565537e-06
2.400000e+03	2.440000e+03	5.831830e-06	9.611725e-07	1.259742e-06
2.440000e+03	2.480000e+03	5.175187e-06	7.144200e-07	1.653295e-06
2.480000e+03	2.520000e+03	4.809640e-06	8.410675e-07	1.328863e-06
2.520000e+03	2.560000e+03	4.547640e-06	8.358225e-07	1.244168e-06
2.560000e+03	2.600000e+03	4.050202e-06	7.382500e-07	9.666900e-07
2.600000e+03	2.640000e+03	3.990495e-06	6.677275e-07	9.130425e-07
2.640000e+03	2.680000e+03	3.755172e-06	7.147300e-07	7.168550e-07
2.680000e+03	2.720000e+03	3.466902e-06	8.889425e-07	5.531025e-07
2.720000e+03	2.760000e+03	3.157888e-06	5.173125e-07	6.281900e-07
2.760000e+03	2.800000e+03	2.801778e-06	5.530160e-07	9.472825e-07
2.800000e+03	2.840000e+03	2.608433e-06	4.347360e-07	7.546225e-07
2.840000e+03	2.880000e+03	2.397038e-06	5.328642e-07	5.329198e-07
2.880000e+03	2.920000e+03	2.163615e-06	3.448770e-07	6.604723e-07
2.920000e+03	2.960000e+03	2.142011e-06	4.789892e-07	3.324165e-07
2.960000e+03	3.000000e+03	1.808102e-06	2.716870e-07	6.951452e-07
3.000000e+03	3.040000e+03	1.755097e-06	4.805930e-07	4.756463e-07
3.040000e+03	3.080000e+03	1.542218e-06	2.321103e-07	3.207757e-07
3.080000e+03	3.120000e+03	1.386071e-06	2.339185e-07	4.551092e-07
3.120000e+03	3.160000e+03	1.219191e-06	1.154063e-07	4.420345e-07
3.160000e+03	3.200000e+03	1.238287e-06	2.322205e-07	3.089830e-07
3.200000e+03	3.240000e+03	1.131831e-06	2.705115e-07	3.488295e-07
3.240000e+03	3.280000e+03	8.769823e-07	5.520775e-08	2.897900e-07
3.280000e+03	3.320000e+03	9.559790e-07	2.064488e-07	3.513575e-07
3.320000e+03	3.360000e+03	8.471525e-07	1.167860e-07	2.368822e-07
3.360000e+03	3.400000e+03	8.880920e-07	2.258300e-07	1.235505e-07
3.400000e+03	3.440000e+03	6.923842e-07	1.386987e-07	3.050907e-07
3.440000e+03	3.480000e+03	5.889800e-07	6.648825e-08	3.305473e-07
3.480000e+03	3.520000e+03	6.087718e-07	1.120557e-07	1.275503e-07
3.520000e+03	3.560000e+03	6.048472e-07	1.581187e-07	1.022565e-07
3.560000e+03	3.600000e+03	4.814100e-07	6.293550e-08	1.953935e-07
3.600000e+03	3.640000e+03	4.915320e-07	9.845575e-08	9.471750e-09
3.640000e+03	3.680000e+03	4.488142e-07	7.212025e-08	1.438878e-07
3.680000e+03	3.720000e+03	4.192380e-07	1.289093e-07	1.587645e-07
3.720000e+03	3.760000e+03	3.687320e-07	8.028500e-09	9.033125e-08
3.760000e+03	3.800000e+03	3.493615e-07	5.588650e-08	6.368200e-08
3.800000e+03	3.840000e+03	3.067668e-07	1.035504e-07	1.856240e-07
3.840000e+03	3.880000e+03	2.808885e-07	4.268090e-08	1.240720e-07
3.880000e+03	3.920000e+03	2.531722e-07	4.461140e-08	6.496725e-08
3.920000e+03	3.960000e+03	2.228260e-07	4.311008e-08	5.865900e-08
3.960000e+03	4.000000e+03	2.404546e-07	6.055755e-08	6.187470e-08
4.000000e+03	4.040000e+03	2.148406e-07	4.259023e-08	2.719085e-08
4.040000e+03	4.080000e+03	1.524962e-07	0.000000e+00	7.425120e-08
4.080000e+03	4.120000e+03	1.480627e-07	2.397515e-08	4.828780e-08
4.120000e+03	4.160000e+03	1.293230e-07	0.000000e+00	8.812195e-08
4.160000e+03	4.200000e+03	1.383455e-07	4.037703e-08	8.651212e-08
4.200000e+03	4.240000e+03	1.478389e-07	5.349898e-08	1.079427e-08
4.240000e+03	4.280000e+03	1.269851e-07	4.245633e-08	2.983857e-08
4.280000e+03	4.320000e+03	1.535298e-07	6.580203e-08	0.000000e+00
4.320000e+03	4.360000e+03	9.863272e-08	2.118700e-08	4.148848e-08
4.360000e+03	4.400000e+03	8.663323e-08	2.602113e-08	3.687625e-08
4.400000e+03	4.440000e+03	7.739720e-08	9.770375e-09	1.150650e-08
4.440000e+03	4.480000e+03	7.729670e-08	1.848785e-08	6.233465e-08
4.480000e+03	4.520000e+03	5.724657e-08	7.625625e-09	3.143582e-08
4.520000e+03	4.560000e+03	5.485007e-08	1.199528e-08	4.331993e-08
4.560000e+03	4.600000e+03	5.775032e-08	1.148055e-08	1.305380e-08
4.600000e+03	4.640000e+03	5.959587e-08	1.556215e-08	4.572363e-08
4.640000e+03	4.680000e+03	4.824753e-08	1.323163e-08	9.519250e-10
4.680000e+03	4.720000e+03	4.552870e-08	1.980778e-08	0.000000e+00
4.720000e+03	4.760000e+03	3.822435e-08	3.318425e-09	1.263880e-08
4.760000e+03	4.800000e+03	3.206657e-08	1.116457e-08	2.817550e-08
4.800000e+03	4.840000e+03	3.477200e-08	3.430775e-09	1.382825e-08
4.840000e+03	4.880000e+03	3.181225e-08	1.418770e-08	0.000000e+00
4.880000e+03	4.920000e+03	1.558890e-08	0.000000e+00	3.096873e-08
4.920000e+03	4.960000e+03	2.723323e-08	1.107391e-08	4.820750e-09
4.960000e+03	5.000000e+03	2.241732e-08	5.373770e-09	1.358223e-08
5.000000e+03	5.040000e+03	2.375534e-08	0.000000e+00	6.720983e-09
5.040000e+03	5.080000e+03	1.664147e-08	1.129578e-09	1.276682e-08
5.080000e+03	5.120000e+03	1.718499e-08	0.000000e+00	1.585840e-08
5.120000e+03	5.160000e+03	1.553980e-08	4.311027e-09	3.388325e-09
5.160000e+03	5.200000e+03	1.864364e-08	8.853435e-09	7.466485e-09
5.200000e+03	5.240000e+03	9.371105e-09	0.000000e+00	4.273090e-09
5.240000e+03	5.280000e+03	1.342669e-08	6.297495e-09	0.000000e+00
5.280000e+03	5.320000e+03	1.755848e-08	9.800263e-09	6.108940e-09
5.320000e+03	5.360000e+03	1.132053e-08	3.187903e-09	1.991653e-09
5.360000e+03	5.400000e+03	7.161180e-09	0.000000e+00	4.928915e-09
5.400000e+03	5.440000e+03	9.110642e-09	5.982878e-09	5.756763e-09
5.440000e+03	5.480000e+03	-1.330777e-08	0.000000e+00	2.038538e-08
5.480000e+03	5.520000e+03	9.875733e-09	1.860960e-09	1.719354e-08
5.520000e+03	5.560000e+03	7.348510e-09	2.719640e-09	5.179325e-09
5.560000e+03	5.600000e+03	1.806332e-08	1.403608e-08	0.000000e+00
5.600000e+03	5.640000e+03	5.970410e-09	2.399775e-09	3.870850e-09
5.640000e+03	5.680000e+03	7.242165e-09	4.099488e-09	2.133188e-09
5.680000e+03	5.720000e+03	5.154500e-09	7.119500e-11	1.176771e-08
5.720000e+03	5.760000e+03	5.281032e-09	3.267628e-09	0.000000e+00
5.760000e+03	5.800000e+03	3.849265e-09	2.192474e-09	1.687620e-09
5.800000e+03	5.840000e+03	3.460362e-09	1.573922e-09	0.000000e+00
5.840000e+03	5.880000e+03	3.237100e-09	1.286810e-09	1.420392e-09
5.880000e+03	5.920000e+03	3.222832e-09	7.740427e-10	5.859813e-09
5.920000e+03	5.960000e+03	2.257983e-09	3.407300e-10	1.652462e-09
5.960000e+03	6.000000e+03	1.868653e-09	1.808699e-08	1.629355e-09
# END HISTO1D


# BEGIN HISTO1D //homes/tinghua1/Merging-Project/Production/HJETS/ratio-plots/hjets-vbfnlo/H-2-3-4-25gev-combine.yoda/MC_H2JETS_07_INC/j2j3_mass
ErrorBandColor=yellow
ErrorBandOpacity=0.3
ErrorBands=1
ErrorType=env
LineColor=yellow
LineStyle=solid
Path=//homes/tinghua1/Merging-Project/Production/HJETS/ratio-plots/hjets-vbfnlo/H-2-3-4-25gev-combine.yoda/MC_H2JETS_07_INC/j2j3_mass
RatioPlotSameStyle=1
Title=h(2,3,4)
# xlow	 xhigh	 val	 errminus	 errplus
0.000000e+00	4.000000e+01	7.563170e-04	0.000000e+00	1.605575e-05
4.000000e+01	8.000000e+01	4.726620e-03	3.945550e-04	4.159800e-04
8.000000e+01	1.200000e+02	4.270427e-03	3.382025e-04	3.430625e-04
1.200000e+02	1.600000e+02	1.996619e-03	2.029050e-04	2.276867e-04
1.600000e+02	2.000000e+02	1.251907e-03	1.266052e-04	1.518400e-04
2.000000e+02	2.400000e+02	9.139180e-04	1.002120e-04	9.919125e-05
2.400000e+02	2.800000e+02	7.267520e-04	8.006375e-05	8.345625e-05
2.800000e+02	3.200000e+02	6.226817e-04	7.762550e-05	6.117725e-05
3.200000e+02	3.600000e+02	5.281210e-04	5.707725e-05	7.256550e-05
3.600000e+02	4.000000e+02	4.720833e-04	5.746825e-05	5.942600e-05
4.000000e+02	4.400000e+02	4.185958e-04	4.978550e-05	5.462125e-05
4.400000e+02	4.800000e+02	3.782588e-04	5.005050e-05	4.674900e-05
4.800000e+02	5.200000e+02	3.380615e-04	4.391050e-05	5.030175e-05
5.200000e+02	5.600000e+02	3.038990e-04	3.941125e-05	4.933050e-05
5.600000e+02	6.000000e+02	2.781245e-04	4.019620e-05	4.267575e-05
6.000000e+02	6.400000e+02	2.478672e-04	3.402648e-05	4.345727e-05
6.400000e+02	6.800000e+02	2.271156e-04	3.501075e-05	3.881212e-05
6.800000e+02	7.200000e+02	2.053908e-04	2.863815e-05	3.764725e-05
7.200000e+02	7.600000e+02	1.875463e-04	2.746180e-05	3.603003e-05
7.600000e+02	8.000000e+02	1.740422e-04	2.627458e-05	2.947902e-05
8.000000e+02	8.400000e+02	1.584287e-04	2.466015e-05	2.938305e-05
8.400000e+02	8.800000e+02	1.451750e-04	2.451445e-05	2.615143e-05
8.800000e+02	9.200000e+02	1.304142e-04	2.092678e-05	2.547785e-05
9.200000e+02	9.600000e+02	1.213888e-04	2.169803e-05	2.480840e-05
9.600000e+02	1.000000e+03	1.104283e-04	1.779545e-05	2.412175e-05
1.000000e+03	1.040000e+03	1.017472e-04	1.819547e-05	2.031372e-05
1.040000e+03	1.080000e+03	9.326955e-05	1.734285e-05	2.025740e-05
1.080000e+03	1.120000e+03	8.519473e-05	1.476203e-05	1.837605e-05
1.120000e+03	1.160000e+03	7.955805e-05	1.517913e-05	1.611262e-05
1.160000e+03	1.200000e+03	7.150242e-05	1.197527e-05	1.687295e-05
1.200000e+03	1.240000e+03	6.793065e-05	1.421535e-05	1.333058e-05
1.240000e+03	1.280000e+03	6.147623e-05	1.065370e-05	1.446980e-05
1.280000e+03	1.320000e+03	5.610218e-05	1.046545e-05	1.373465e-05
1.320000e+03	1.360000e+03	5.127290e-05	9.156000e-06	1.317030e-05
1.360000e+03	1.400000e+03	4.744635e-05	9.620325e-06	1.231577e-05
1.400000e+03	1.440000e+03	4.346543e-05	8.357375e-06	9.733225e-06
1.440000e+03	1.480000e+03	4.099367e-05	8.961600e-06	1.150838e-05
1.480000e+03	1.520000e+03	3.713650e-05	7.700150e-06	9.568900e-06
1.520000e+03	1.560000e+03	3.446637e-05	6.982375e-06	9.093400e-06
1.560000e+03	1.600000e+03	3.169723e-05	6.145200e-06	8.236950e-06
1.600000e+03	1.640000e+03	2.896898e-05	4.639153e-06	8.053800e-06
1.640000e+03	1.680000e+03	2.673273e-05	5.221893e-06	8.007850e-06
1.680000e+03	1.720000e+03	2.417473e-05	4.149117e-06	8.247290e-06
1.720000e+03	1.760000e+03	2.258978e-05	3.677102e-06	6.031625e-06
1.760000e+03	1.800000e+03	2.087898e-05	3.818865e-06	6.226518e-06
1.800000e+03	1.840000e+03	1.979123e-05	4.885415e-06	4.730052e-06
1.840000e+03	1.880000e+03	1.822103e-05	3.904207e-06	5.152733e-06
1.880000e+03	1.920000e+03	1.658412e-05	3.334362e-06	4.889750e-06
1.920000e+03	1.960000e+03	1.532679e-05	3.285005e-06	4.781940e-06
1.960000e+03	2.000000e+03	1.448160e-05	3.053645e-06	3.982557e-06
2.000000e+03	2.040000e+03	1.308876e-05	2.924022e-06	3.909750e-06
2.040000e+03	2.080000e+03	1.227233e-05	2.775228e-06	3.494873e-06
2.080000e+03	2.120000e+03	1.146549e-05	2.744705e-06	2.948883e-06
2.120000e+03	2.160000e+03	1.045463e-05	1.707202e-06	3.061787e-06
2.160000e+03	2.200000e+03	9.666862e-06	2.203898e-06	3.228150e-06
2.200000e+03	2.240000e+03	8.878603e-06	2.029945e-06	2.977980e-06
2.240000e+03	2.280000e+03	8.068428e-06	1.657048e-06	2.455095e-06
2.280000e+03	2.320000e+03	7.612698e-06	1.704503e-06	1.998835e-06
2.320000e+03	2.360000e+03	6.470540e-06	1.121237e-06	2.595493e-06
2.360000e+03	2.400000e+03	6.258135e-06	1.355093e-06	2.141250e-06
2.400000e+03	2.440000e+03	5.960998e-06	1.044665e-06	1.799962e-06
2.440000e+03	2.480000e+03	5.427787e-06	1.354488e-06	2.053002e-06
2.480000e+03	2.520000e+03	4.869650e-06	9.851475e-07	1.768538e-06
2.520000e+03	2.560000e+03	4.689583e-06	1.271838e-06	1.504835e-06
2.560000e+03	2.600000e+03	4.289015e-06	1.038628e-06	1.425085e-06
2.600000e+03	2.640000e+03	3.924700e-06	9.682725e-07	1.245728e-06
2.640000e+03	2.680000e+03	3.584695e-06	5.817100e-07	1.194790e-06
2.680000e+03	2.720000e+03	3.471003e-06	8.481325e-07	9.902200e-07
2.720000e+03	2.760000e+03	3.058813e-06	6.313685e-07	1.088235e-06
2.760000e+03	2.800000e+03	2.794573e-06	8.102615e-07	9.602100e-07
2.800000e+03	2.840000e+03	2.522000e-06	6.133320e-07	8.310325e-07
2.840000e+03	2.880000e+03	2.306320e-06	4.374468e-07	7.178623e-07
2.880000e+03	2.920000e+03	2.220222e-06	5.770335e-07	7.105858e-07
2.920000e+03	2.960000e+03	2.025673e-06	4.400122e-07	5.980517e-07
2.960000e+03	3.000000e+03	1.677067e-06	2.123480e-07	8.289853e-07
3.000000e+03	3.040000e+03	1.733093e-06	4.882052e-07	5.701165e-07
3.040000e+03	3.080000e+03	1.434649e-06	4.000748e-07	7.021450e-07
3.080000e+03	3.120000e+03	1.403444e-06	2.802920e-07	6.115063e-07
3.120000e+03	3.160000e+03	1.339805e-06	4.072962e-07	4.113087e-07
3.160000e+03	3.200000e+03	1.310894e-06	4.554980e-07	3.875932e-07
3.200000e+03	3.240000e+03	1.303510e-06	4.351698e-07	1.241965e-07
3.240000e+03	3.280000e+03	1.002267e-06	2.587572e-07	4.208293e-07
3.280000e+03	3.320000e+03	9.509728e-07	2.848980e-07	3.431668e-07
3.320000e+03	3.360000e+03	8.407010e-07	1.724150e-07	2.636480e-07
3.360000e+03	3.400000e+03	7.600240e-07	1.342645e-07	3.166788e-07
3.400000e+03	3.440000e+03	7.255447e-07	1.952875e-07	3.270475e-07
3.440000e+03	3.480000e+03	7.730365e-07	2.850260e-07	1.381497e-07
3.480000e+03	3.520000e+03	6.037580e-07	3.135265e-07	1.722598e-07
3.520000e+03	3.560000e+03	4.763457e-07	9.422550e-08	2.720875e-07
3.560000e+03	3.600000e+03	5.674940e-07	2.008767e-07	1.277588e-07
3.600000e+03	3.640000e+03	4.851118e-07	9.628088e-07	7.301050e-08
3.640000e+03	3.680000e+03	3.964645e-07	5.825975e-08	1.128360e-07
3.680000e+03	3.720000e+03	3.787907e-07	9.541575e-08	1.692770e-07
3.720000e+03	3.760000e+03	4.315915e-07	1.915066e-07	7.342325e-08
3.760000e+03	3.800000e+03	2.886048e-07	1.718400e-08	2.259582e-07
3.800000e+03	3.840000e+03	2.888068e-07	3.156400e-08	1.077485e-07
3.840000e+03	3.880000e+03	2.586558e-07	6.265143e-08	1.363113e-07
3.880000e+03	3.920000e+03	2.208722e-07	4.166457e-08	1.411291e-07
3.920000e+03	3.960000e+03	2.405406e-07	6.387815e-08	5.717767e-08
3.960000e+03	4.000000e+03	2.085614e-07	6.217018e-08	9.012737e-08
4.000000e+03	4.040000e+03	3.179365e-07	1.558802e-07	0.000000e+00
4.040000e+03	4.080000e+03	1.873177e-07	7.715625e-08	7.202560e-08
4.080000e+03	4.120000e+03	1.529224e-07	1.915125e-08	5.139545e-08
4.120000e+03	4.160000e+03	1.434179e-07	4.298068e-08	7.845665e-08
4.160000e+03	4.200000e+03	1.361504e-07	4.164845e-08	4.595980e-08
4.200000e+03	4.240000e+03	1.288031e-07	6.784388e-08	3.189612e-08
4.240000e+03	4.280000e+03	1.279061e-07	4.737320e-08	5.561105e-08
4.280000e+03	4.320000e+03	9.486860e-08	2.327022e-08	3.331660e-08
4.320000e+03	4.360000e+03	1.391094e-07	7.607368e-08	0.000000e+00
4.360000e+03	4.400000e+03	7.824752e-08	6.241000e-10	6.105193e-08
4.400000e+03	4.440000e+03	8.053903e-08	1.308345e-08	3.413962e-08
4.440000e+03	4.480000e+03	6.255857e-08	1.572870e-08	3.658435e-08
4.480000e+03	4.520000e+03	5.581282e-08	8.687625e-09	8.199175e-09
4.520000e+03	4.560000e+03	5.046368e-08	5.264725e-09	1.740755e-08
4.560000e+03	4.600000e+03	6.004030e-08	1.370453e-08	4.914387e-08
4.600000e+03	4.640000e+03	6.775215e-08	3.596835e-08	2.472275e-09
4.640000e+03	4.680000e+03	4.478913e-08	4.987250e-09	8.727450e-09
4.680000e+03	4.720000e+03	3.984260e-08	9.768350e-09	2.657018e-08
4.720000e+03	4.760000e+03	3.370933e-08	9.000880e-09	2.168052e-08
4.760000e+03	4.800000e+03	3.602565e-08	1.952072e-08	6.910375e-09
4.800000e+03	4.840000e+03	2.566257e-08	0.000000e+00	3.111185e-08
4.840000e+03	4.880000e+03	2.536282e-08	8.380297e-09	1.540220e-08
4.880000e+03	4.920000e+03	2.859523e-08	6.132155e-09	1.463912e-08
4.920000e+03	4.960000e+03	1.616598e-08	4.299260e-09	2.067144e-08
4.960000e+03	5.000000e+03	2.218995e-08	6.600125e-10	1.455950e-08
5.000000e+03	5.040000e+03	2.648253e-08	1.580727e-08	4.611100e-09
5.040000e+03	5.080000e+03	2.124371e-08	7.114625e-09	8.601840e-09
5.080000e+03	5.120000e+03	1.846096e-08	9.562818e-09	5.363337e-09
5.120000e+03	5.160000e+03	1.561247e-08	5.365503e-09	1.661768e-08
5.160000e+03	5.200000e+03	1.988447e-08	1.429367e-08	0.000000e+00
5.200000e+03	5.240000e+03	1.397650e-08	2.292632e-09	5.495902e-09
5.240000e+03	5.280000e+03	8.742533e-09	0.000000e+00	8.909060e-09
5.280000e+03	5.320000e+03	8.654485e-09	2.597725e-10	6.948895e-09
5.320000e+03	5.360000e+03	1.014236e-08	3.657513e-09	0.000000e+00
5.360000e+03	5.400000e+03	8.475467e-09	5.459922e-09	3.469907e-09
5.400000e+03	5.440000e+03	5.460518e-09	0.000000e+00	5.403375e-09
5.440000e+03	5.480000e+03	7.384885e-09	2.513050e-09	4.717430e-09
5.480000e+03	5.520000e+03	6.542290e-09	0.000000e+00	2.481312e-09
5.520000e+03	5.560000e+03	5.216275e-09	2.003693e-09	2.770567e-08
5.560000e+03	5.600000e+03	4.068098e-09	0.000000e+00	8.988047e-09
5.600000e+03	5.640000e+03	5.405153e-09	1.955045e-09	3.806843e-09
5.640000e+03	5.680000e+03	5.192795e-09	3.743600e-10	3.212865e-09
5.680000e+03	5.720000e+03	3.451103e-09	7.533655e-09	0.000000e+00
5.720000e+03	5.760000e+03	3.813490e-09	2.312740e-09	3.890275e-10
5.760000e+03	5.800000e+03	4.887183e-09	2.515131e-09	1.781195e-09
5.800000e+03	5.840000e+03	1.197655e-09	1.788187e-10	4.096905e-09
5.840000e+03	5.880000e+03	2.957812e-09	1.145975e-09	2.501685e-09
5.880000e+03	5.920000e+03	1.814350e-09	5.057075e-11	7.601655e-10
5.920000e+03	5.960000e+03	1.742692e-09	0.000000e+00	6.464167e-10
5.960000e+03	6.000000e+03	2.417519e-09	1.000265e-09	9.162408e-10
# END HISTO1D


# BEGIN HISTO1D //homes/tinghua1/Merging-Project/Production/HJETS/ratio-plots/hjets-vbfnlo/H-2-3-4-25gev-vbfnlo-combine.yoda/MC_H2JETS_07_INC/j2j3_mass
ErrorBandColor=green
ErrorBandOpacity=0.3
ErrorBands=1
ErrorType=env
LineColor=green
LineStyle=solid
Path=//homes/tinghua1/Merging-Project/Production/HJETS/ratio-plots/hjets-vbfnlo/H-2-3-4-25gev-vbfnlo-combine.yoda/MC_H2JETS_07_INC/j2j3_mass
RatioPlotSameStyle=1
Title=h(2,3,4)-vbfnlo
# xlow	 xhigh	 val	 errminus	 errplus
0.000000e+00	4.000000e+01	5.499413e-04	4.042500e-06	2.591550e-05
4.000000e+01	8.000000e+01	2.415603e-03	2.743795e-04	3.237265e-04
8.000000e+01	1.200000e+02	1.684039e-03	2.054317e-04	2.290087e-04
1.200000e+02	1.600000e+02	9.920413e-04	1.067675e-04	1.151532e-04
1.600000e+02	2.000000e+02	7.109915e-04	7.076575e-05	7.211775e-05
2.000000e+02	2.400000e+02	5.897850e-04	5.599100e-05	5.351825e-05
2.400000e+02	2.800000e+02	5.207355e-04	4.788925e-05	4.769150e-05
2.800000e+02	3.200000e+02	4.732180e-04	4.575000e-05	4.655850e-05
3.200000e+02	3.600000e+02	4.328953e-04	4.422425e-05	4.886225e-05
3.600000e+02	4.000000e+02	3.971642e-04	4.172950e-05	4.525825e-05
4.000000e+02	4.400000e+02	3.659145e-04	4.056350e-05	4.436700e-05
4.400000e+02	4.800000e+02	3.330053e-04	3.961850e-05	4.502775e-05
4.800000e+02	5.200000e+02	3.087272e-04	4.169025e-05	3.804375e-05
5.200000e+02	5.600000e+02	2.806305e-04	3.666947e-05	4.039725e-05
5.600000e+02	6.000000e+02	2.566387e-04	3.333710e-05	3.819500e-05
6.000000e+02	6.400000e+02	2.326356e-04	3.038753e-05	3.718863e-05
6.400000e+02	6.800000e+02	2.158637e-04	3.230968e-05	3.328147e-05
6.800000e+02	7.200000e+02	1.962405e-04	2.815720e-05	3.151272e-05
7.200000e+02	7.600000e+02	1.793415e-04	2.634880e-05	3.110807e-05
7.600000e+02	8.000000e+02	1.643796e-04	2.491250e-05	2.908125e-05
8.000000e+02	8.400000e+02	1.512297e-04	2.349500e-05	2.734825e-05
8.400000e+02	8.800000e+02	1.386043e-04	2.184532e-05	2.644845e-05
8.800000e+02	9.200000e+02	1.268580e-04	2.007335e-05	2.379097e-05
9.200000e+02	9.600000e+02	1.187169e-04	2.065940e-05	2.147233e-05
9.600000e+02	1.000000e+03	1.084014e-04	1.897613e-05	1.977663e-05
1.000000e+03	1.040000e+03	9.757360e-05	1.578030e-05	2.110347e-05
1.040000e+03	1.080000e+03	8.993930e-05	1.461475e-05	1.907668e-05
1.080000e+03	1.120000e+03	8.357315e-05	1.438413e-05	1.743222e-05
1.120000e+03	1.160000e+03	7.668632e-05	1.354647e-05	1.629183e-05
1.160000e+03	1.200000e+03	7.058215e-05	1.284970e-05	1.483650e-05
1.200000e+03	1.240000e+03	6.472227e-05	1.212332e-05	1.469728e-05
1.240000e+03	1.280000e+03	5.960838e-05	1.089168e-05	1.307597e-05
1.280000e+03	1.320000e+03	5.469840e-05	9.812975e-06	1.360495e-05
1.320000e+03	1.360000e+03	5.066725e-05	9.305050e-06	1.161250e-05
1.360000e+03	1.400000e+03	4.624505e-05	8.328450e-06	1.164012e-05
1.400000e+03	1.440000e+03	4.289320e-05	8.067325e-06	1.046590e-05
1.440000e+03	1.480000e+03	3.943700e-05	7.275900e-06	1.023825e-05
1.480000e+03	1.520000e+03	3.668260e-05	7.052800e-06	8.998050e-06
1.520000e+03	1.560000e+03	3.417490e-05	6.821900e-06	7.942075e-06
1.560000e+03	1.600000e+03	3.124550e-05	6.118400e-06	8.313575e-06
1.600000e+03	1.640000e+03	2.906892e-05	6.137472e-06	7.286450e-06
1.640000e+03	1.680000e+03	2.664358e-05	5.542300e-06	7.043150e-06
1.680000e+03	1.720000e+03	2.423592e-05	4.228150e-06	6.731852e-06
1.720000e+03	1.760000e+03	2.271929e-05	4.675493e-06	6.194810e-06
1.760000e+03	1.800000e+03	2.111887e-05	4.329825e-06	5.556078e-06
1.800000e+03	1.840000e+03	1.939984e-05	3.984802e-06	5.256703e-06
1.840000e+03	1.880000e+03	1.801151e-05	3.995002e-06	4.980610e-06
1.880000e+03	1.920000e+03	1.643231e-05	3.431887e-06	4.698103e-06
1.920000e+03	1.960000e+03	1.561659e-05	3.532115e-06	3.834503e-06
1.960000e+03	2.000000e+03	1.406128e-05	3.175540e-06	3.974800e-06
2.000000e+03	2.040000e+03	1.313238e-05	3.131465e-06	3.882817e-06
2.040000e+03	2.080000e+03	1.219466e-05	2.848235e-06	3.402165e-06
2.080000e+03	2.120000e+03	1.088166e-05	2.162957e-06	3.753460e-06
2.120000e+03	2.160000e+03	1.004187e-05	2.060530e-06	3.488717e-06
2.160000e+03	2.200000e+03	9.333755e-06	1.926013e-06	2.922035e-06
2.200000e+03	2.240000e+03	8.496813e-06	1.688238e-06	2.821755e-06
2.240000e+03	2.280000e+03	7.967308e-06	1.730373e-06	2.553360e-06
2.280000e+03	2.320000e+03	7.644822e-06	1.890632e-06	2.071073e-06
2.320000e+03	2.360000e+03	6.804980e-06	1.415893e-06	2.158123e-06
2.360000e+03	2.400000e+03	6.513110e-06	1.771603e-06	1.783045e-06
2.400000e+03	2.440000e+03	5.884457e-06	1.420683e-06	1.614798e-06
2.440000e+03	2.480000e+03	5.441573e-06	1.359505e-06	1.815250e-06
2.480000e+03	2.520000e+03	5.039572e-06	1.037342e-06	1.518862e-06
2.520000e+03	2.560000e+03	4.555543e-06	9.527000e-07	1.631403e-06
2.560000e+03	2.600000e+03	4.107192e-06	8.192425e-07	1.676323e-06
2.600000e+03	2.640000e+03	3.830405e-06	5.595325e-07	1.287822e-06
2.640000e+03	2.680000e+03	3.544772e-06	7.449700e-07	1.239138e-06
2.680000e+03	2.720000e+03	3.302352e-06	9.201327e-07	9.706400e-07
2.720000e+03	2.760000e+03	2.878305e-06	5.006298e-07	1.163643e-06
2.760000e+03	2.800000e+03	2.844777e-06	5.475928e-07	9.739475e-07
2.800000e+03	2.840000e+03	2.695162e-06	7.568497e-07	6.943575e-07
2.840000e+03	2.880000e+03	2.436291e-06	5.912800e-07	7.590395e-07
2.880000e+03	2.920000e+03	2.333534e-06	6.419312e-07	6.716710e-07
2.920000e+03	2.960000e+03	2.006272e-06	4.801845e-07	5.035035e-07
2.960000e+03	3.000000e+03	1.851385e-06	4.776597e-07	6.482468e-07
3.000000e+03	3.040000e+03	1.626240e-06	3.253712e-07	6.905958e-07
3.040000e+03	3.080000e+03	1.522289e-06	3.547903e-07	6.319697e-07
3.080000e+03	3.120000e+03	1.483743e-06	3.890822e-07	3.982523e-07
3.120000e+03	3.160000e+03	1.344904e-06	3.747278e-07	4.196902e-07
3.160000e+03	3.200000e+03	1.254694e-06	3.424667e-07	4.325025e-07
3.200000e+03	3.240000e+03	1.150987e-06	3.574945e-07	4.146932e-07
3.240000e+03	3.280000e+03	1.019349e-06	2.757768e-07	3.452440e-07
3.280000e+03	3.320000e+03	9.520080e-07	2.639935e-07	3.826430e-07
3.320000e+03	3.360000e+03	8.891003e-07	2.416870e-07	3.195065e-07
3.360000e+03	3.400000e+03	8.515510e-07	2.519255e-07	1.852655e-07
3.400000e+03	3.440000e+03	7.150647e-07	1.747302e-07	2.933352e-07
3.440000e+03	3.480000e+03	6.689093e-07	1.710898e-07	2.287827e-07
3.480000e+03	3.520000e+03	5.874637e-07	1.538157e-07	3.134357e-07
3.520000e+03	3.560000e+03	5.243415e-07	1.298780e-07	2.170655e-07
3.560000e+03	3.600000e+03	5.122417e-07	1.368772e-07	1.909493e-07
3.600000e+03	3.640000e+03	4.532630e-07	1.284300e-07	2.336643e-07
3.640000e+03	3.680000e+03	3.988045e-07	7.739750e-08	1.944413e-07
3.680000e+03	3.720000e+03	4.300690e-07	1.540635e-07	1.059307e-07
3.720000e+03	3.760000e+03	3.793777e-07	1.216490e-07	1.273023e-07
3.760000e+03	3.800000e+03	3.186542e-07	6.240775e-08	1.392293e-07
3.800000e+03	3.840000e+03	3.118930e-07	8.870467e-08	1.203147e-07
3.840000e+03	3.880000e+03	2.768040e-07	6.429022e-08	1.249315e-07
3.880000e+03	3.920000e+03	2.135750e-07	2.906148e-08	2.586655e-08
3.920000e+03	3.960000e+03	2.222241e-07	6.063202e-08	1.050249e-07
3.960000e+03	4.000000e+03	2.299925e-07	6.392288e-08	6.418553e-08
4.000000e+03	4.040000e+03	2.235726e-07	5.887892e-08	6.599540e-08
4.040000e+03	4.080000e+03	1.860015e-07	5.749377e-08	4.948380e-08
4.080000e+03	4.120000e+03	1.142282e-07	0.000000e+00	1.178514e-07
4.120000e+03	4.160000e+03	1.228513e-07	4.458425e-09	1.049043e-07
4.160000e+03	4.200000e+03	1.263230e-07	2.146413e-08	6.506180e-08
4.200000e+03	4.240000e+03	1.294164e-07	4.236460e-08	8.115555e-08
4.240000e+03	4.280000e+03	1.221469e-07	4.429270e-08	1.745363e-08
4.280000e+03	4.320000e+03	8.681687e-08	1.697900e-09	5.922408e-08
4.320000e+03	4.360000e+03	9.476037e-08	3.107827e-08	4.119107e-08
4.360000e+03	4.400000e+03	9.975188e-08	3.479825e-08	1.827428e-08
4.400000e+03	4.440000e+03	9.840637e-08	3.581660e-08	5.946450e-09
4.440000e+03	4.480000e+03	6.976375e-08	1.920100e-08	4.235162e-08
4.480000e+03	4.520000e+03	7.925392e-08	3.125395e-08	1.804283e-08
4.520000e+03	4.560000e+03	6.900727e-08	2.605477e-08	2.663128e-08
4.560000e+03	4.600000e+03	5.500260e-08	1.466765e-08	1.736165e-08
4.600000e+03	4.640000e+03	5.566980e-08	4.716642e-08	0.000000e+00
4.640000e+03	4.680000e+03	5.388595e-08	2.396640e-08	3.001925e-09
4.680000e+03	4.720000e+03	4.388000e-08	1.305265e-08	1.873535e-08
4.720000e+03	4.760000e+03	4.004303e-08	1.083780e-08	5.965150e-09
4.760000e+03	4.800000e+03	3.406182e-08	7.816575e-09	2.741030e-08
4.800000e+03	4.840000e+03	2.971442e-08	6.024822e-09	1.921105e-08
4.840000e+03	4.880000e+03	3.267637e-08	9.930970e-09	3.000675e-09
4.880000e+03	4.920000e+03	2.451521e-08	2.842500e-10	8.194940e-09
4.920000e+03	4.960000e+03	2.987472e-08	1.517823e-08	6.255500e-09
4.960000e+03	5.000000e+03	1.416619e-08	1.705130e-09	2.405776e-08
5.000000e+03	5.040000e+03	2.668620e-08	1.018473e-08	4.450825e-09
5.040000e+03	5.080000e+03	1.762556e-08	2.848988e-09	5.478015e-09
5.080000e+03	5.120000e+03	1.758205e-08	4.952315e-09	1.771685e-09
5.120000e+03	5.160000e+03	2.087083e-08	1.045956e-08	0.000000e+00
5.160000e+03	5.200000e+03	1.798403e-08	8.343010e-09	3.425888e-09
5.200000e+03	5.240000e+03	1.025204e-08	2.013937e-09	8.369780e-09
5.240000e+03	5.280000e+03	1.167593e-08	6.728775e-10	4.859820e-09
5.280000e+03	5.320000e+03	1.685867e-08	7.637247e-09	4.024343e-09
5.320000e+03	5.360000e+03	7.881760e-09	4.905175e-10	5.679297e-09
5.360000e+03	5.400000e+03	9.800630e-09	2.201820e-09	6.007543e-09
5.400000e+03	5.440000e+03	9.527543e-09	3.551285e-09	3.572667e-09
5.440000e+03	5.480000e+03	6.107520e-09	3.067925e-10	5.716530e-09
5.480000e+03	5.520000e+03	7.219335e-09	2.083288e-09	5.335898e-09
5.520000e+03	5.560000e+03	7.744108e-09	3.522210e-09	9.862400e-10
5.560000e+03	5.600000e+03	2.852075e-09	2.339850e-09	4.367458e-09
5.600000e+03	5.640000e+03	4.426610e-09	0.000000e+00	5.644345e-09
5.640000e+03	5.680000e+03	3.073563e-09	2.335550e-10	2.270050e-09
5.680000e+03	5.720000e+03	3.863695e-09	1.090745e-09	1.584242e-09
5.720000e+03	5.760000e+03	5.868340e-09	3.300725e-09	2.004905e-09
5.760000e+03	5.800000e+03	3.809360e-09	1.907950e-09	3.658017e-09
5.800000e+03	5.840000e+03	3.253690e-09	8.795630e-10	1.707535e-09
5.840000e+03	5.880000e+03	5.499730e-10	0.000000e+00	6.685220e-09
5.880000e+03	5.920000e+03	2.729415e-09	1.064426e-09	3.683725e-10
5.920000e+03	5.960000e+03	1.616621e-09	3.879850e-11	3.071032e-09
5.960000e+03	6.000000e+03	-6.262675e-10	0.000000e+00	3.941878e-09
# END HISTO1D


# BEGIN HISTO1D //homes/tinghua1/Merging-Project/Production/HJETS/ratio-plots/hjets-vbfnlo/H-2-3-25gev-combine.yoda/MC_H2JETS_07_INC/j2j3_mass
ErrorBandColor=purple
ErrorBandOpacity=0.3
ErrorBands=1
ErrorType=env
LineColor=purple
LineStyle=solid
Path=//homes/tinghua1/Merging-Project/Production/HJETS/ratio-plots/hjets-vbfnlo/H-2-3-25gev-combine.yoda/MC_H2JETS_07_INC/j2j3_mass
RatioPlotSameStyle=1
Title=h(2,3)
# xlow	 xhigh	 val	 errminus	 errplus
0.000000e+00	4.000000e+01	7.729078e-04	1.163250e-05	1.021000e-05
4.000000e+01	8.000000e+01	4.380502e-03	0.000000e+00	8.476000e-04
8.000000e+01	1.200000e+02	3.967860e-03	0.000000e+00	6.902725e-04
1.200000e+02	1.600000e+02	1.742763e-03	0.000000e+00	4.042112e-04
1.600000e+02	2.000000e+02	1.074647e-03	0.000000e+00	2.433600e-04
2.000000e+02	2.400000e+02	7.695405e-04	0.000000e+00	1.748603e-04
2.400000e+02	2.800000e+02	6.141008e-04	0.000000e+00	1.429755e-04
2.800000e+02	3.200000e+02	5.156695e-04	0.000000e+00	1.252280e-04
3.200000e+02	3.600000e+02	4.488423e-04	0.000000e+00	1.129837e-04
3.600000e+02	4.000000e+02	3.970430e-04	0.000000e+00	1.066380e-04
4.000000e+02	4.400000e+02	3.531062e-04	0.000000e+00	9.754500e-05
4.400000e+02	4.800000e+02	3.152978e-04	0.000000e+00	9.249075e-05
4.800000e+02	5.200000e+02	2.822570e-04	0.000000e+00	8.878050e-05
5.200000e+02	5.600000e+02	2.559170e-04	0.000000e+00	8.206000e-05
5.600000e+02	6.000000e+02	2.321559e-04	0.000000e+00	7.533983e-05
6.000000e+02	6.400000e+02	2.127732e-04	0.000000e+00	6.801433e-05
6.400000e+02	6.800000e+02	1.897443e-04	0.000000e+00	6.702547e-05
6.800000e+02	7.200000e+02	1.725155e-04	0.000000e+00	6.229500e-05
7.200000e+02	7.600000e+02	1.560980e-04	0.000000e+00	5.891495e-05
7.600000e+02	8.000000e+02	1.419704e-04	0.000000e+00	5.630658e-05
8.000000e+02	8.400000e+02	1.295652e-04	0.000000e+00	5.085495e-05
8.400000e+02	8.800000e+02	1.173485e-04	0.000000e+00	4.940333e-05
8.800000e+02	9.200000e+02	1.075829e-04	0.000000e+00	4.586850e-05
9.200000e+02	9.600000e+02	9.800432e-05	0.000000e+00	4.338175e-05
9.600000e+02	1.000000e+03	8.972503e-05	0.000000e+00	3.950960e-05
1.000000e+03	1.040000e+03	8.196055e-05	0.000000e+00	3.572352e-05
1.040000e+03	1.080000e+03	7.496110e-05	0.000000e+00	3.472480e-05
1.080000e+03	1.120000e+03	6.865728e-05	0.000000e+00	3.202123e-05
1.120000e+03	1.160000e+03	6.304655e-05	0.000000e+00	3.242347e-05
1.160000e+03	1.200000e+03	5.820230e-05	0.000000e+00	2.743955e-05
1.200000e+03	1.240000e+03	5.261105e-05	0.000000e+00	2.617155e-05
1.240000e+03	1.280000e+03	4.814135e-05	0.000000e+00	2.464155e-05
1.280000e+03	1.320000e+03	4.476188e-05	0.000000e+00	2.206345e-05
1.320000e+03	1.360000e+03	4.118575e-05	0.000000e+00	2.122522e-05
1.360000e+03	1.400000e+03	3.749527e-05	0.000000e+00	2.009033e-05
1.400000e+03	1.440000e+03	3.472240e-05	0.000000e+00	1.826732e-05
1.440000e+03	1.480000e+03	3.206835e-05	0.000000e+00	1.691232e-05
1.480000e+03	1.520000e+03	2.949270e-05	0.000000e+00	1.599852e-05
1.520000e+03	1.560000e+03	2.681340e-05	0.000000e+00	1.507158e-05
1.560000e+03	1.600000e+03	2.486547e-05	0.000000e+00	1.395748e-05
1.600000e+03	1.640000e+03	2.281343e-05	0.000000e+00	1.293434e-05
1.640000e+03	1.680000e+03	2.102382e-05	0.000000e+00	1.199041e-05
1.680000e+03	1.720000e+03	1.957353e-05	0.000000e+00	1.109912e-05
1.720000e+03	1.760000e+03	1.783417e-05	0.000000e+00	1.011750e-05
1.760000e+03	1.800000e+03	1.636763e-05	0.000000e+00	9.815700e-06
1.800000e+03	1.840000e+03	1.504116e-05	0.000000e+00	9.117637e-06
1.840000e+03	1.880000e+03	1.372720e-05	0.000000e+00	8.793855e-06
1.880000e+03	1.920000e+03	1.304642e-05	0.000000e+00	7.937915e-06
1.920000e+03	1.960000e+03	1.200481e-05	0.000000e+00	7.391930e-06
1.960000e+03	2.000000e+03	1.075606e-05	0.000000e+00	7.373180e-06
2.000000e+03	2.040000e+03	1.007404e-05	0.000000e+00	6.333240e-06
2.040000e+03	2.080000e+03	9.068338e-06	0.000000e+00	6.090053e-06
2.080000e+03	2.120000e+03	8.716632e-06	0.000000e+00	5.309885e-06
2.120000e+03	2.160000e+03	7.792545e-06	0.000000e+00	5.323922e-06
2.160000e+03	2.200000e+03	7.421027e-06	0.000000e+00	4.655205e-06
2.200000e+03	2.240000e+03	6.539760e-06	0.000000e+00	4.469620e-06
2.240000e+03	2.280000e+03	6.081513e-06	0.000000e+00	4.212548e-06
2.280000e+03	2.320000e+03	5.785837e-06	0.000000e+00	3.727530e-06
2.320000e+03	2.360000e+03	5.056313e-06	0.000000e+00	3.538570e-06
2.360000e+03	2.400000e+03	4.699475e-06	0.000000e+00	3.420055e-06
2.400000e+03	2.440000e+03	4.356463e-06	0.000000e+00	3.265900e-06
2.440000e+03	2.480000e+03	4.096480e-06	0.000000e+00	2.825468e-06
2.480000e+03	2.520000e+03	3.756873e-06	0.000000e+00	2.615302e-06
2.520000e+03	2.560000e+03	3.378370e-06	0.000000e+00	2.452282e-06
2.560000e+03	2.600000e+03	3.142530e-06	0.000000e+00	2.328670e-06
2.600000e+03	2.640000e+03	2.870372e-06	0.000000e+00	2.279542e-06
2.640000e+03	2.680000e+03	2.671875e-06	0.000000e+00	1.750240e-06
2.680000e+03	2.720000e+03	2.507932e-06	0.000000e+00	1.805825e-06
2.720000e+03	2.760000e+03	2.290939e-06	0.000000e+00	1.638366e-06
2.760000e+03	2.800000e+03	2.064249e-06	0.000000e+00	1.531863e-06
2.800000e+03	2.840000e+03	1.878931e-06	0.000000e+00	1.520059e-06
2.840000e+03	2.880000e+03	1.755584e-06	0.000000e+00	1.344584e-06
2.880000e+03	2.920000e+03	1.622958e-06	0.000000e+00	1.148404e-06
2.920000e+03	2.960000e+03	1.410767e-06	0.000000e+00	1.212085e-06
2.960000e+03	3.000000e+03	1.350556e-06	0.000000e+00	9.857075e-07
3.000000e+03	3.040000e+03	1.332597e-06	0.000000e+00	8.412770e-07
3.040000e+03	3.080000e+03	1.100311e-06	0.000000e+00	8.465842e-07
3.080000e+03	3.120000e+03	9.977345e-07	0.000000e+00	8.655320e-07
3.120000e+03	3.160000e+03	9.117797e-07	0.000000e+00	8.141810e-07
3.160000e+03	3.200000e+03	9.512828e-07	0.000000e+00	6.312293e-07
3.200000e+03	3.240000e+03	8.095435e-07	0.000000e+00	5.895605e-07
3.240000e+03	3.280000e+03	7.446292e-07	0.000000e+00	5.958515e-07
3.280000e+03	3.320000e+03	6.645213e-07	0.000000e+00	5.568415e-07
3.320000e+03	3.360000e+03	5.661270e-07	0.000000e+00	5.546143e-07
3.360000e+03	3.400000e+03	5.462048e-07	0.000000e+00	4.368965e-07
3.400000e+03	3.440000e+03	5.285655e-07	0.000000e+00	4.030270e-07
3.440000e+03	3.480000e+03	4.472252e-07	0.000000e+00	4.670408e-07
3.480000e+03	3.520000e+03	4.190010e-07	0.000000e+00	3.958407e-07
3.520000e+03	3.560000e+03	3.862850e-07	0.000000e+00	3.183855e-07
3.560000e+03	3.600000e+03	3.632845e-07	0.000000e+00	3.010353e-07
3.600000e+03	3.640000e+03	3.311118e-07	0.000000e+00	2.531210e-07
3.640000e+03	3.680000e+03	2.926080e-07	0.000000e+00	3.010662e-07
3.680000e+03	3.720000e+03	2.736298e-07	0.000000e+00	2.752222e-07
3.720000e+03	3.760000e+03	2.715927e-07	0.000000e+00	1.886382e-07
3.760000e+03	3.800000e+03	2.382293e-07	0.000000e+00	1.979175e-07
3.800000e+03	3.840000e+03	2.235556e-07	0.000000e+00	1.796617e-07
3.840000e+03	3.880000e+03	1.851196e-07	0.000000e+00	1.823874e-07
3.880000e+03	3.920000e+03	1.682694e-07	0.000000e+00	1.624856e-07
3.920000e+03	3.960000e+03	1.609382e-07	0.000000e+00	1.432263e-07
3.960000e+03	4.000000e+03	1.270150e-07	0.000000e+00	1.372237e-07
4.000000e+03	4.040000e+03	1.696352e-07	0.000000e+00	8.262027e-08
4.040000e+03	4.080000e+03	1.221921e-07	0.000000e+00	1.241032e-07
4.080000e+03	4.120000e+03	1.146156e-07	0.000000e+00	8.478158e-08
4.120000e+03	4.160000e+03	1.069512e-07	0.000000e+00	1.025284e-07
4.160000e+03	4.200000e+03	9.932895e-08	0.000000e+00	7.688920e-08
4.200000e+03	4.240000e+03	8.272015e-08	0.000000e+00	8.847637e-08
4.240000e+03	4.280000e+03	7.110748e-08	0.000000e+00	7.185007e-08
4.280000e+03	4.320000e+03	6.638737e-08	0.000000e+00	7.214520e-08
4.320000e+03	4.360000e+03	5.546637e-08	0.000000e+00	8.326272e-08
4.360000e+03	4.400000e+03	6.202530e-08	0.000000e+00	4.916777e-08
4.400000e+03	4.440000e+03	5.389438e-08	0.000000e+00	5.936345e-08
4.440000e+03	4.480000e+03	4.564815e-08	0.000000e+00	4.967778e-08
4.480000e+03	4.520000e+03	3.772703e-08	0.000000e+00	5.440657e-08
4.520000e+03	4.560000e+03	5.201030e-08	2.082600e-09	2.368228e-08
4.560000e+03	4.600000e+03	3.461547e-08	0.000000e+00	3.067535e-08
4.600000e+03	4.640000e+03	2.661902e-08	0.000000e+00	3.969743e-08
4.640000e+03	4.680000e+03	2.941827e-08	0.000000e+00	4.065472e-08
4.680000e+03	4.720000e+03	3.202065e-08	0.000000e+00	1.792620e-08
4.720000e+03	4.760000e+03	2.808263e-08	0.000000e+00	2.058083e-08
4.760000e+03	4.800000e+03	2.487898e-08	0.000000e+00	2.522789e-08
4.800000e+03	4.840000e+03	2.331957e-08	0.000000e+00	2.756571e-08
4.840000e+03	4.880000e+03	2.021204e-08	0.000000e+00	1.132846e-08
4.880000e+03	4.920000e+03	1.390580e-08	0.000000e+00	2.426020e-08
4.920000e+03	4.960000e+03	1.663755e-08	0.000000e+00	1.811310e-08
4.960000e+03	5.000000e+03	1.594310e-08	0.000000e+00	1.782750e-08
5.000000e+03	5.040000e+03	1.534338e-08	0.000000e+00	1.452774e-08
5.040000e+03	5.080000e+03	1.121153e-08	0.000000e+00	1.942120e-08
5.080000e+03	5.120000e+03	1.040229e-08	0.000000e+00	1.385092e-08
5.120000e+03	5.160000e+03	1.007926e-08	0.000000e+00	1.303469e-08
5.160000e+03	5.200000e+03	7.608570e-09	0.000000e+00	1.065107e-08
5.200000e+03	5.240000e+03	6.927847e-09	0.000000e+00	1.306112e-08
5.240000e+03	5.280000e+03	7.943190e-09	0.000000e+00	4.794465e-09
5.280000e+03	5.320000e+03	7.606290e-10	0.000000e+00	1.311552e-08
5.320000e+03	5.360000e+03	5.591553e-09	0.000000e+00	5.603173e-09
5.360000e+03	5.400000e+03	3.294267e-09	0.000000e+00	7.476485e-09
5.400000e+03	5.440000e+03	4.800005e-09	0.000000e+00	7.172863e-09
5.440000e+03	5.480000e+03	4.247643e-09	0.000000e+00	3.866877e-09
5.480000e+03	5.520000e+03	5.370060e-09	0.000000e+00	8.322352e-09
5.520000e+03	5.560000e+03	3.215015e-09	0.000000e+00	6.516800e-09
5.560000e+03	5.600000e+03	4.599520e-09	1.250350e-10	1.526542e-09
5.600000e+03	5.640000e+03	2.648570e-09	0.000000e+00	5.373500e-09
5.640000e+03	5.680000e+03	3.246452e-09	0.000000e+00	3.213508e-09
5.680000e+03	5.720000e+03	2.696537e-09	0.000000e+00	2.686180e-09
5.720000e+03	5.760000e+03	2.030441e-09	0.000000e+00	2.924069e-09
5.760000e+03	5.800000e+03	2.127650e-09	0.000000e+00	1.322273e-09
5.800000e+03	5.840000e+03	1.885323e-09	0.000000e+00	2.654482e-09
5.840000e+03	5.880000e+03	1.696040e-09	0.000000e+00	2.465618e-09
5.880000e+03	5.920000e+03	2.135256e-09	0.000000e+00	1.470991e-09
5.920000e+03	5.960000e+03	1.494342e-09	1.836248e-10	1.897294e-09
5.960000e+03	6.000000e+03	8.407975e-10	0.000000e+00	1.512542e-09
# END HISTO1D


# BEGIN HISTO1D //homes/tinghua1/Merging-Project/Production/HJETS/ratio-plots/hjets-vbfnlo/H-2-3-25gev-vbfnlo-combine.yoda/MC_H2JETS_07_INC/j2j3_mass
ErrorBandColor=violet
ErrorBandOpacity=0.3
ErrorBands=1
ErrorType=env
LineColor=violet
LineStyle=solid
Path=//homes/tinghua1/Merging-Project/Production/HJETS/ratio-plots/hjets-vbfnlo/H-2-3-25gev-vbfnlo-combine.yoda/MC_H2JETS_07_INC/j2j3_mass
RatioPlotSameStyle=1
Title=h(2,3)-vbfnlo
# xlow	 xhigh	 val	 errminus	 errplus
0.000000e+00	4.000000e+01	5.763335e-04	2.838975e-05	0.000000e+00
4.000000e+01	8.000000e+01	2.733482e-03	5.983295e-04	0.000000e+00
8.000000e+01	1.200000e+02	1.869956e-03	4.161645e-04	0.000000e+00
1.200000e+02	1.600000e+02	1.075222e-03	2.095677e-04	0.000000e+00
1.600000e+02	2.000000e+02	7.607753e-04	1.317338e-04	0.000000e+00
2.000000e+02	2.400000e+02	6.313082e-04	1.023060e-04	0.000000e+00
2.400000e+02	2.800000e+02	5.625563e-04	9.603100e-05	0.000000e+00
2.800000e+02	3.200000e+02	5.143840e-04	9.044550e-05	0.000000e+00
3.200000e+02	3.600000e+02	4.747513e-04	8.781125e-05	0.000000e+00
3.600000e+02	4.000000e+02	4.374280e-04	8.526500e-05	0.000000e+00
4.000000e+02	4.400000e+02	4.060983e-04	8.517400e-05	0.000000e+00
4.400000e+02	4.800000e+02	3.743833e-04	8.153075e-05	0.000000e+00
4.800000e+02	5.200000e+02	3.451280e-04	7.867950e-05	0.000000e+00
5.200000e+02	5.600000e+02	3.171365e-04	7.408863e-05	0.000000e+00
5.600000e+02	6.000000e+02	2.918200e-04	7.113948e-05	0.000000e+00
6.000000e+02	6.400000e+02	2.680575e-04	6.676750e-05	0.000000e+00
6.400000e+02	6.800000e+02	2.469105e-04	6.351423e-05	0.000000e+00
6.800000e+02	7.200000e+02	2.271855e-04	6.027352e-05	0.000000e+00
7.200000e+02	7.600000e+02	2.093770e-04	5.709510e-05	0.000000e+00
7.600000e+02	8.000000e+02	1.917745e-04	5.267062e-05	0.000000e+00
8.000000e+02	8.400000e+02	1.767072e-04	4.998497e-05	0.000000e+00
8.400000e+02	8.800000e+02	1.626032e-04	4.695093e-05	0.000000e+00
8.800000e+02	9.200000e+02	1.502086e-04	4.443690e-05	0.000000e+00
9.200000e+02	9.600000e+02	1.378036e-04	4.130483e-05	0.000000e+00
9.600000e+02	1.000000e+03	1.265898e-04	3.819015e-05	0.000000e+00
1.000000e+03	1.040000e+03	1.170812e-04	3.580470e-05	0.000000e+00
1.040000e+03	1.080000e+03	1.081235e-04	3.402730e-05	0.000000e+00
1.080000e+03	1.120000e+03	9.937430e-05	3.152920e-05	0.000000e+00
1.120000e+03	1.160000e+03	9.156403e-05	2.943245e-05	0.000000e+00
1.160000e+03	1.200000e+03	8.500413e-05	2.819445e-05	0.000000e+00
1.200000e+03	1.240000e+03	7.808383e-05	2.547987e-05	0.000000e+00
1.240000e+03	1.280000e+03	7.195018e-05	2.379193e-05	0.000000e+00
1.280000e+03	1.320000e+03	6.656750e-05	2.220192e-05	0.000000e+00
1.320000e+03	1.360000e+03	6.146600e-05	2.071730e-05	0.000000e+00
1.360000e+03	1.400000e+03	5.702272e-05	1.957565e-05	0.000000e+00
1.400000e+03	1.440000e+03	5.237107e-05	1.777265e-05	0.000000e+00
1.440000e+03	1.480000e+03	4.865230e-05	1.693980e-05	0.000000e+00
1.480000e+03	1.520000e+03	4.482275e-05	1.587967e-05	0.000000e+00
1.520000e+03	1.560000e+03	4.173955e-05	1.488413e-05	0.000000e+00
1.560000e+03	1.600000e+03	3.857282e-05	1.383785e-05	0.000000e+00
1.600000e+03	1.640000e+03	3.552180e-05	1.265675e-05	0.000000e+00
1.640000e+03	1.680000e+03	3.291448e-05	1.190296e-05	0.000000e+00
1.680000e+03	1.720000e+03	3.079905e-05	1.140178e-05	0.000000e+00
1.720000e+03	1.760000e+03	2.821605e-05	1.043033e-05	0.000000e+00
1.760000e+03	1.800000e+03	2.622992e-05	9.747453e-06	0.000000e+00
1.800000e+03	1.840000e+03	2.415932e-05	9.020055e-06	0.000000e+00
1.840000e+03	1.880000e+03	2.235877e-05	8.444715e-06	0.000000e+00
1.880000e+03	1.920000e+03	2.067887e-05	7.866025e-06	0.000000e+00
1.920000e+03	1.960000e+03	1.916944e-05	7.424475e-06	0.000000e+00
1.960000e+03	2.000000e+03	1.773821e-05	6.871117e-06	0.000000e+00
2.000000e+03	2.040000e+03	1.626205e-05	6.088930e-06	0.000000e+00
2.040000e+03	2.080000e+03	1.517336e-05	5.916458e-06	0.000000e+00
2.080000e+03	2.120000e+03	1.410301e-05	5.673603e-06	0.000000e+00
2.120000e+03	2.160000e+03	1.288761e-05	5.069245e-06	0.000000e+00
2.160000e+03	2.200000e+03	1.199223e-05	4.879977e-06	0.000000e+00
2.200000e+03	2.240000e+03	1.102387e-05	4.426128e-06	0.000000e+00
2.240000e+03	2.280000e+03	1.021088e-05	3.974160e-06	0.000000e+00
2.280000e+03	2.320000e+03	9.461368e-06	3.724690e-06	0.000000e+00
2.320000e+03	2.360000e+03	8.739988e-06	3.506395e-06	0.000000e+00
2.360000e+03	2.400000e+03	8.063048e-06	3.289025e-06	0.000000e+00
2.400000e+03	2.440000e+03	7.524970e-06	3.065748e-06	0.000000e+00
2.440000e+03	2.480000e+03	6.896828e-06	2.858770e-06	0.000000e+00
2.480000e+03	2.520000e+03	6.450295e-06	2.690735e-06	0.000000e+00
2.520000e+03	2.560000e+03	5.879258e-06	2.532293e-06	0.000000e+00
2.560000e+03	2.600000e+03	5.381770e-06	2.234165e-06	0.000000e+00
2.600000e+03	2.640000e+03	5.064927e-06	2.156425e-06	0.000000e+00
2.640000e+03	2.680000e+03	4.612852e-06	2.001885e-06	0.000000e+00
2.680000e+03	2.720000e+03	4.330315e-06	1.898153e-06	0.000000e+00
2.720000e+03	2.760000e+03	3.970392e-06	1.677785e-06	0.000000e+00
2.760000e+03	2.800000e+03	3.536108e-06	1.474918e-06	0.000000e+00
2.800000e+03	2.840000e+03	3.320108e-06	1.441015e-06	0.000000e+00
2.840000e+03	2.880000e+03	3.021665e-06	1.297073e-06	0.000000e+00
2.880000e+03	2.920000e+03	2.801950e-06	1.192865e-06	0.000000e+00
2.920000e+03	2.960000e+03	2.615120e-06	1.156236e-06	0.000000e+00
2.960000e+03	3.000000e+03	2.360095e-06	1.011378e-06	0.000000e+00
3.000000e+03	3.040000e+03	2.196865e-06	9.674910e-07	0.000000e+00
3.040000e+03	3.080000e+03	1.991287e-06	8.487620e-07	0.000000e+00
3.080000e+03	3.120000e+03	1.875661e-06	8.487770e-07	0.000000e+00
3.120000e+03	3.160000e+03	1.682229e-06	6.921877e-07	0.000000e+00
3.160000e+03	3.200000e+03	1.606826e-06	7.102980e-07	0.000000e+00
3.200000e+03	3.240000e+03	1.441726e-06	6.596853e-07	0.000000e+00
3.240000e+03	3.280000e+03	1.345428e-06	6.288603e-07	0.000000e+00
3.280000e+03	3.320000e+03	1.229570e-06	5.980247e-07	0.000000e+00
3.320000e+03	3.360000e+03	1.118149e-06	4.863505e-07	0.000000e+00
3.360000e+03	3.400000e+03	1.060223e-06	4.534625e-07	0.000000e+00
3.400000e+03	3.440000e+03	9.487580e-07	4.304160e-07	0.000000e+00
3.440000e+03	3.480000e+03	9.041578e-07	4.076320e-07	0.000000e+00
3.480000e+03	3.520000e+03	7.780087e-07	3.420405e-07	0.000000e+00
3.520000e+03	3.560000e+03	7.079572e-07	3.070157e-07	0.000000e+00
3.560000e+03	3.600000e+03	6.662940e-07	3.060137e-07	0.000000e+00
3.600000e+03	3.640000e+03	6.036722e-07	2.725997e-07	0.000000e+00
3.640000e+03	3.680000e+03	5.661370e-07	2.681258e-07	0.000000e+00
3.680000e+03	3.720000e+03	5.259527e-07	2.496375e-07	0.000000e+00
3.720000e+03	3.760000e+03	4.641540e-07	2.195325e-07	0.000000e+00
3.760000e+03	3.800000e+03	4.213895e-07	2.011982e-07	0.000000e+00
3.800000e+03	3.840000e+03	3.856865e-07	1.784261e-07	0.000000e+00
3.840000e+03	3.880000e+03	3.335428e-07	1.357108e-07	0.000000e+00
3.880000e+03	3.920000e+03	3.394195e-07	1.642227e-07	0.000000e+00
3.920000e+03	3.960000e+03	3.032808e-07	1.398848e-07	0.000000e+00
3.960000e+03	4.000000e+03	2.967233e-07	1.516725e-07	0.000000e+00
4.000000e+03	4.040000e+03	2.473366e-07	9.612210e-08	0.000000e+00
4.040000e+03	4.080000e+03	2.426448e-07	1.231694e-07	0.000000e+00
4.080000e+03	4.120000e+03	2.129231e-07	1.076062e-07	0.000000e+00
4.120000e+03	4.160000e+03	2.002356e-07	1.014134e-07	0.000000e+00
4.160000e+03	4.200000e+03	1.736175e-07	7.979945e-08	0.000000e+00
4.200000e+03	4.240000e+03	1.592686e-07	7.119675e-08	0.000000e+00
4.240000e+03	4.280000e+03	1.510112e-07	7.292415e-08	0.000000e+00
4.280000e+03	4.320000e+03	1.468425e-07	7.280698e-08	0.000000e+00
4.320000e+03	4.360000e+03	1.484187e-07	8.648800e-08	0.000000e+00
4.360000e+03	4.400000e+03	1.105331e-07	5.315730e-08	0.000000e+00
4.400000e+03	4.440000e+03	1.097045e-07	5.582910e-08	0.000000e+00
4.440000e+03	4.480000e+03	9.626595e-08	4.729918e-08	0.000000e+00
4.480000e+03	4.520000e+03	8.297613e-08	3.388413e-08	0.000000e+00
4.520000e+03	4.560000e+03	7.865375e-08	3.855248e-08	0.000000e+00
4.560000e+03	4.600000e+03	6.611005e-08	2.728955e-08	0.000000e+00
4.600000e+03	4.640000e+03	7.252802e-08	3.971100e-08	0.000000e+00
4.640000e+03	4.680000e+03	6.687907e-08	3.469582e-08	0.000000e+00
4.680000e+03	4.720000e+03	5.688072e-08	2.892415e-08	0.000000e+00
4.720000e+03	4.760000e+03	5.543275e-08	3.173974e-08	0.000000e+00
4.760000e+03	4.800000e+03	4.317850e-08	2.131794e-08	0.000000e+00
4.800000e+03	4.840000e+03	4.344830e-08	2.419387e-08	0.000000e+00
4.840000e+03	4.880000e+03	3.649028e-08	1.513142e-08	0.000000e+00
4.880000e+03	4.920000e+03	3.388870e-08	1.597493e-08	0.000000e+00
4.920000e+03	4.960000e+03	3.343590e-08	1.770662e-08	0.000000e+00
4.960000e+03	5.000000e+03	2.952738e-08	1.457756e-08	0.000000e+00
5.000000e+03	5.040000e+03	3.293665e-08	2.067882e-08	0.000000e+00
5.040000e+03	5.080000e+03	2.378891e-08	1.212720e-08	0.000000e+00
5.080000e+03	5.120000e+03	2.336929e-08	1.211251e-08	0.000000e+00
5.120000e+03	5.160000e+03	1.982693e-08	9.431995e-09	0.000000e+00
5.160000e+03	5.200000e+03	1.772486e-08	7.632987e-09	0.000000e+00
5.200000e+03	5.240000e+03	1.711284e-08	6.596617e-09	0.000000e+00
5.240000e+03	5.280000e+03	1.399818e-08	6.366395e-09	0.000000e+00
5.280000e+03	5.320000e+03	1.352309e-08	7.221022e-09	0.000000e+00
5.320000e+03	5.360000e+03	1.132174e-08	6.077257e-09	0.000000e+00
5.360000e+03	5.400000e+03	1.158409e-08	5.142525e-09	0.000000e+00
5.400000e+03	5.440000e+03	1.273452e-08	7.903512e-09	0.000000e+00
5.440000e+03	5.480000e+03	8.337132e-09	3.528717e-09	0.000000e+00
5.480000e+03	5.520000e+03	8.841115e-09	4.789725e-09	0.000000e+00
5.520000e+03	5.560000e+03	1.022431e-08	6.421837e-09	0.000000e+00
5.560000e+03	5.600000e+03	6.851170e-09	3.072407e-09	0.000000e+00
5.600000e+03	5.640000e+03	7.518115e-09	6.028407e-09	0.000000e+00
5.640000e+03	5.680000e+03	6.491942e-09	3.632835e-09	0.000000e+00
5.680000e+03	5.720000e+03	5.706323e-09	3.560183e-09	0.000000e+00
5.720000e+03	5.760000e+03	5.430615e-09	3.276451e-09	0.000000e+00
5.760000e+03	5.800000e+03	4.023348e-09	1.266768e-09	0.000000e+00
5.800000e+03	5.840000e+03	3.867230e-09	1.904665e-09	0.000000e+00
5.840000e+03	5.880000e+03	3.811030e-09	1.901935e-09	0.000000e+00
5.880000e+03	5.920000e+03	3.724340e-09	2.475666e-09	0.000000e+00
5.920000e+03	5.960000e+03	3.351080e-09	1.855328e-09	0.000000e+00
5.960000e+03	6.000000e+03	2.827190e-09	1.259238e-09	0.000000e+00
# END HISTO1D

