# BEGIN PLOT
Scale=1000.0
DrawOnly=//homes/tinghua1/Merging-Project/Production/HJETS/ratio-plots/hjets-vbfnlo/H-N2-N3-4-25gev-combine.yoda/MC_H2JETS_07_INC/j3j4_mass //homes/tinghua1/Merging-Project/Production/HJETS/ratio-plots/hjets-vbfnlo/H-N2-N3-4-25gev-vbfnlo-combine.yoda/MC_H2JETS_07_INC/j3j4_mass //homes/tinghua1/Merging-Project/Production/HJETS/ratio-plots/hjets-vbfnlo/H-N2-3-4-25gev-combine.yoda/MC_H2JETS_07_INC/j3j4_mass //homes/tinghua1/Merging-Project/Production/HJETS/ratio-plots/hjets-vbfnlo/H-N2-3-4-25gev-vbfnlo-combine.yoda/MC_H2JETS_07_INC/j3j4_mass //homes/tinghua1/Merging-Project/Production/HJETS/ratio-plots/hjets-vbfnlo/H-2-3-4-25gev-combine.yoda/MC_H2JETS_07_INC/j3j4_mass //homes/tinghua1/Merging-Project/Production/HJETS/ratio-plots/hjets-vbfnlo/H-2-3-4-25gev-vbfnlo-combine.yoda/MC_H2JETS_07_INC/j3j4_mass //homes/tinghua1/Merging-Project/Production/HJETS/ratio-plots/hjets-vbfnlo/H-2-3-25gev-combine.yoda/MC_H2JETS_07_INC/j3j4_mass //homes/tinghua1/Merging-Project/Production/HJETS/ratio-plots/hjets-vbfnlo/H-2-3-25gev-vbfnlo-combine.yoda/MC_H2JETS_07_INC/j3j4_mass
RightMargin=0.5
RatioPlotReference=//homes/tinghua1/Merging-Project/Production/HJETS/ratio-plots/hjets-vbfnlo/H-N2-N3-4-25gev-combine.yoda/MC_H2JETS_07_INC/j3j4_mass
#RatioPlot=1
LogY=1
RatioPlotYMax=2.0
RatioPlotYLabel=Ratio
#LegendOnly=//homes/tinghua1/Merging-Project/Production/HJETS/ratio-plots/hjets-vbfnlo/H-N2-N3-4-25gev-combine.yoda/MC_H2JETS_07_INC/j3j4_mass //homes/tinghua1/Merging-Project/Production/HJETS/ratio-plots/hjets-vbfnlo/H-N2-N3-4-25gev-vbfnlo-combine.yoda/MC_H2JETS_07_INC/j3j4_mass //homes/tinghua1/Merging-Project/Production/HJETS/ratio-plots/hjets-vbfnlo/H-N2-3-4-25gev-combine.yoda/MC_H2JETS_07_INC/j3j4_mass //homes/tinghua1/Merging-Project/Production/HJETS/ratio-plots/hjets-vbfnlo/H-N2-3-4-25gev-vbfnlo-combine.yoda/MC_H2JETS_07_INC/j3j4_mass //homes/tinghua1/Merging-Project/Production/HJETS/ratio-plots/hjets-vbfnlo/H-2-3-4-25gev-combine.yoda/MC_H2JETS_07_INC/j3j4_mass //homes/tinghua1/Merging-Project/Production/HJETS/ratio-plots/hjets-vbfnlo/H-2-3-4-25gev-vbfnlo-combine.yoda/MC_H2JETS_07_INC/j3j4_mass //homes/tinghua1/Merging-Project/Production/HJETS/ratio-plots/hjets-vbfnlo/H-2-3-25gev-combine.yoda/MC_H2JETS_07_INC/j3j4_mass //homes/tinghua1/Merging-Project/Production/HJETS/ratio-plots/hjets-vbfnlo/H-2-3-25gev-vbfnlo-combine.yoda/MC_H2JETS_07_INC/j3j4_mass
XLabel=$m_{j_3j_4}$ (GeV)
LegendAlign=r
XMax=1000
YLabel=$ \text{d} \sigma/ \text{d}  m_{j_3j_4}$ (fb/GeV)
Legend=1
RatioPlot=4
MainPlotSelection={"Selection":[1,2,3,4,5,6,7,8]}
RatioPlots={"RatioPlotYLabel":"","Selection":[1,2]};{"RatioPlotYLabel":"","Selection":[3,4]};{"RatioPlotYLabel":"","Selection":[5,6]};{"RatioPlotYLabel":"","Selection":[7,8]}
RatioPlotSameStyle=1
RatioPlotYMin=0.0
# END PLOT


# BEGIN SPECIAL /MC_H2JETS_07_INC/j3j4_mass
\rput[tl](0.05,0.75){\parbox{5cm}{\textcolor{gray}{{\bf Herwig 7.2.0} \\ HJETS/ColorFull}}}
# END SPECIAL

# BEGIN HISTO1D //homes/tinghua1/Merging-Project/Production/HJETS/ratio-plots/hjets-vbfnlo/H-N2-N3-4-25gev-combine.yoda/MC_H2JETS_07_INC/j3j4_mass
ErrorBandColor=orange
ErrorBandOpacity=0.3
ErrorBands=1
ErrorType=env
LineColor=orange
LineStyle=solid
Path=//homes/tinghua1/Merging-Project/Production/HJETS/ratio-plots/hjets-vbfnlo/H-N2-N3-4-25gev-combine.yoda/MC_H2JETS_07_INC/j3j4_mass
RatioPlotSameStyle=1
Title=h(2*,3*,4)
# xlow	 xhigh	 val	 errminus	 errplus
0.000000e+00	4.000000e+01	2.621407e-04	9.557250e-06	1.681025e-05
4.000000e+01	8.000000e+01	1.500510e-03	2.063197e-04	2.874710e-04
8.000000e+01	1.200000e+02	1.237307e-03	1.545625e-04	2.762755e-04
1.200000e+02	1.600000e+02	6.259715e-04	1.392025e-04	1.097650e-04
1.600000e+02	2.000000e+02	3.633548e-04	5.266500e-05	3.662725e-05
2.000000e+02	2.400000e+02	2.678692e-04	5.298162e-05	4.436450e-05
2.400000e+02	2.800000e+02	1.868957e-04	3.920180e-05	1.903720e-05
2.800000e+02	3.200000e+02	1.571819e-04	2.861250e-05	2.329825e-05
3.200000e+02	3.600000e+02	1.235537e-04	1.931632e-05	2.642970e-05
3.600000e+02	4.000000e+02	9.844402e-05	2.165692e-05	1.050815e-05
4.000000e+02	4.400000e+02	8.088910e-05	1.314507e-05	2.197333e-05
4.400000e+02	4.800000e+02	6.930507e-05	8.310775e-06	2.101743e-05
4.800000e+02	5.200000e+02	5.952830e-05	1.123023e-05	2.838030e-05
5.200000e+02	5.600000e+02	4.844373e-05	7.470325e-06	1.332850e-05
5.600000e+02	6.000000e+02	4.283185e-05	4.276250e-06	1.144163e-05
6.000000e+02	6.400000e+02	4.194757e-05	1.053392e-05	1.055738e-05
6.400000e+02	6.800000e+02	3.400067e-05	2.715375e-06	1.054010e-05
6.800000e+02	7.200000e+02	3.131407e-05	5.950650e-06	1.063733e-05
7.200000e+02	7.600000e+02	2.418717e-05	1.782210e-06	8.927250e-06
7.600000e+02	8.000000e+02	2.391275e-05	4.211888e-06	4.349075e-06
8.000000e+02	8.400000e+02	2.254292e-05	1.852175e-06	3.161430e-06
8.400000e+02	8.800000e+02	1.771454e-05	2.611132e-06	6.285078e-06
8.800000e+02	9.200000e+02	1.796002e-05	2.617977e-06	4.097110e-06
9.200000e+02	9.600000e+02	1.538985e-05	2.849905e-06	2.234022e-06
9.600000e+02	1.000000e+03	1.292410e-05	9.952450e-07	2.405550e-06
1.000000e+03	1.040000e+03	5.848892e-05	4.773933e-05	0.000000e+00
1.040000e+03	1.080000e+03	1.147007e-05	2.385248e-06	0.000000e+00
1.080000e+03	1.120000e+03	1.077550e-05	2.775525e-06	2.719797e-06
1.120000e+03	1.160000e+03	9.534380e-06	2.123432e-06	1.328555e-06
1.160000e+03	1.200000e+03	8.837343e-06	3.155740e-06	1.409310e-06
1.200000e+03	1.240000e+03	7.640360e-06	1.563512e-06	1.165830e-06
1.240000e+03	1.280000e+03	6.477195e-06	1.002540e-06	2.145827e-06
1.280000e+03	1.320000e+03	4.920885e-06	0.000000e+00	2.421618e-06
1.320000e+03	1.360000e+03	5.657005e-06	8.099875e-07	3.260158e-06
1.360000e+03	1.400000e+03	5.104720e-06	5.403156e-06	1.771485e-06
1.400000e+03	1.440000e+03	5.843985e-06	1.943765e-06	9.683300e-07
1.440000e+03	1.480000e+03	3.797760e-06	0.000000e+00	2.478377e-06
1.480000e+03	1.520000e+03	4.111898e-06	8.652925e-07	8.962275e-07
1.520000e+03	1.560000e+03	3.756338e-06	7.932750e-07	5.695025e-07
1.560000e+03	1.600000e+03	4.229733e-06	1.376788e-06	0.000000e+00
1.600000e+03	1.640000e+03	3.968457e-06	1.316912e-06	3.913200e-07
1.640000e+03	1.680000e+03	2.817260e-06	7.050947e-07	8.322325e-07
1.680000e+03	1.720000e+03	2.445058e-06	2.305905e-07	5.456618e-07
1.720000e+03	1.760000e+03	2.404412e-06	2.397520e-07	5.108632e-07
1.760000e+03	1.800000e+03	2.218103e-06	3.566835e-07	8.962420e-07
1.800000e+03	1.840000e+03	1.658568e-06	6.951633e-07	0.000000e+00
1.840000e+03	1.880000e+03	2.108122e-06	6.068077e-07	2.293558e-07
1.880000e+03	1.920000e+03	2.136238e-06	6.208957e-07	7.934548e-07
1.920000e+03	1.960000e+03	2.030599e-06	8.102625e-07	0.000000e+00
1.960000e+03	2.000000e+03	1.371688e-06	1.873932e-07	4.738170e-07
2.000000e+03	2.040000e+03	1.425774e-06	4.445860e-07	3.818720e-07
2.040000e+03	2.080000e+03	1.287395e-06	4.539167e-07	2.352897e-07
2.080000e+03	2.120000e+03	1.307372e-06	3.872085e-07	2.717710e-07
2.120000e+03	2.160000e+03	2.292993e-06	1.507365e-06	0.000000e+00
2.160000e+03	2.200000e+03	7.539533e-07	0.000000e+00	5.756680e-07
2.200000e+03	2.240000e+03	9.081585e-07	4.588790e-07	4.225710e-07
2.240000e+03	2.280000e+03	8.667340e-07	2.191257e-07	4.336553e-07
2.280000e+03	2.320000e+03	9.238810e-07	1.011010e-07	0.000000e+00
2.320000e+03	2.360000e+03	8.055290e-07	8.586842e-07	9.245710e-07
2.360000e+03	2.400000e+03	5.164315e-07	7.148175e-08	0.000000e+00
2.400000e+03	2.440000e+03	5.261168e-07	1.350015e-07	1.142270e-07
2.440000e+03	2.480000e+03	1.199753e-06	7.595670e-07	0.000000e+00
2.480000e+03	2.520000e+03	2.610825e-07	0.000000e+00	2.754207e-07
2.520000e+03	2.560000e+03	4.031330e-07	6.608075e-08	1.943295e-07
2.560000e+03	2.600000e+03	2.722488e-07	0.000000e+00	1.667967e-07
2.600000e+03	2.640000e+03	3.836908e-07	7.832325e-08	5.702100e-08
2.640000e+03	2.680000e+03	5.099008e-07	2.636707e-07	0.000000e+00
2.680000e+03	2.720000e+03	2.436156e-07	0.000000e+00	4.511190e-08
2.720000e+03	2.760000e+03	2.437125e-07	9.324015e-08	7.062275e-08
2.760000e+03	2.800000e+03	2.644753e-07	8.911820e-08	3.427625e-08
2.800000e+03	2.840000e+03	4.392947e-07	2.278421e-07	0.000000e+00
2.840000e+03	2.880000e+03	2.813548e-07	1.153479e-07	5.359725e-08
2.880000e+03	2.920000e+03	1.602821e-07	2.037647e-08	7.145013e-08
2.920000e+03	2.960000e+03	2.689373e-07	1.289591e-07	0.000000e+00
2.960000e+03	3.000000e+03	1.312560e-07	2.176051e-07	4.000612e-08
3.000000e+03	3.040000e+03	1.378364e-07	1.376030e-08	5.897110e-08
3.040000e+03	3.080000e+03	1.069358e-07	3.539400e-09	1.627110e-08
3.080000e+03	3.120000e+03	1.042095e-07	0.000000e+00	1.146520e-07
3.120000e+03	3.160000e+03	2.026462e-07	1.011165e-07	0.000000e+00
3.160000e+03	3.200000e+03	-2.187311e-07	0.000000e+00	3.839636e-07
3.200000e+03	3.240000e+03	1.259794e-07	5.024968e-08	2.678750e-09
3.240000e+03	3.280000e+03	2.225292e-07	1.483067e-07	0.000000e+00
3.280000e+03	3.320000e+03	9.914588e-08	3.825957e-08	0.000000e+00
3.320000e+03	3.360000e+03	9.756195e-08	5.073950e-08	3.636198e-08
3.360000e+03	3.400000e+03	2.836015e-08	0.000000e+00	7.702330e-08
3.400000e+03	3.440000e+03	1.671420e-07	9.568093e-08	0.000000e+00
3.440000e+03	3.480000e+03	4.573005e-08	3.592132e-08	2.013527e-08
3.480000e+03	3.520000e+03	8.235125e-09	0.000000e+00	4.359393e-08
3.520000e+03	3.560000e+03	7.160672e-08	2.195637e-08	0.000000e+00
3.560000e+03	3.600000e+03	3.275093e-07	2.923256e-07	4.388350e-08
3.600000e+03	3.640000e+03	3.119305e-08	0.000000e+00	1.228373e-08
3.640000e+03	3.680000e+03	3.081037e-08	1.041550e-09	5.202625e-09
3.680000e+03	3.720000e+03	2.543665e-08	0.000000e+00	1.337950e-08
3.720000e+03	3.760000e+03	3.394283e-08	8.079950e-09	0.000000e+00
3.760000e+03	3.800000e+03	3.569472e-08	2.009360e-08	0.000000e+00
3.800000e+03	3.840000e+03	3.657032e-08	2.033606e-08	0.000000e+00
3.840000e+03	3.880000e+03	1.433283e-08	1.470900e-09	3.263270e-09
3.880000e+03	3.920000e+03	2.413839e-08	2.452769e-08	0.000000e+00
3.920000e+03	3.960000e+03	1.300968e-08	0.000000e+00	1.083973e-08
3.960000e+03	4.000000e+03	1.420770e-08	4.349503e-09	4.581413e-09
4.000000e+03	4.040000e+03	2.023220e-08	0.000000e+00	2.790695e-08
4.040000e+03	4.080000e+03	4.483405e-09	0.000000e+00	3.173344e-08
4.080000e+03	4.120000e+03	8.343712e-09	0.000000e+00	9.132385e-09
4.120000e+03	4.160000e+03	9.182113e-09	0.000000e+00	7.416432e-09
4.160000e+03	4.200000e+03	3.416705e-08	2.215830e-08	0.000000e+00
4.200000e+03	4.240000e+03	5.186955e-09	0.000000e+00	8.667190e-09
4.240000e+03	4.280000e+03	5.436668e-09	0.000000e+00	3.007030e-09
4.280000e+03	4.320000e+03	9.176030e-09	7.695883e-09	0.000000e+00
4.320000e+03	4.360000e+03	1.196640e-08	1.041722e-08	6.020657e-09
4.360000e+03	4.400000e+03	6.973220e-09	0.000000e+00	4.066135e-09
4.400000e+03	4.440000e+03	5.530030e-09	1.873622e-09	1.359370e-09
4.440000e+03	4.480000e+03	9.205900e-09	2.530503e-09	5.655800e-10
4.480000e+03	4.520000e+03	1.826171e-09	1.023760e-08	2.828372e-09
4.520000e+03	4.560000e+03	3.621283e-09	1.296074e-09	2.680970e-09
4.560000e+03	4.600000e+03	3.132343e-09	7.554375e-09	0.000000e+00
4.600000e+03	4.640000e+03	8.990437e-10	8.983069e-09	2.043616e-09
4.640000e+03	4.680000e+03	2.958250e-09	2.446167e-09	2.657982e-09
4.680000e+03	4.720000e+03	-5.191272e-09	0.000000e+00	9.016270e-09
4.720000e+03	4.760000e+03	2.011172e-09	0.000000e+00	1.042133e-09
4.760000e+03	4.800000e+03	7.751685e-09	6.181398e-09	0.000000e+00
4.800000e+03	4.840000e+03	-1.814507e-08	0.000000e+00	1.920547e-08
4.840000e+03	4.880000e+03	6.822067e-10	1.932577e-09	5.218700e-11
4.880000e+03	4.920000e+03	4.006968e-09	1.533541e-09	0.000000e+00
4.920000e+03	4.960000e+03	2.989722e-10	0.000000e+00	1.090571e-09
4.960000e+03	5.000000e+03	1.388406e-09	0.000000e+00	3.272634e-09
5.000000e+03	5.040000e+03	3.194353e-09	2.415017e-09	0.000000e+00
5.040000e+03	5.080000e+03	3.089615e-09	6.553485e-09	0.000000e+00
5.080000e+03	5.120000e+03	1.250860e-09	5.380565e-10	0.000000e+00
5.120000e+03	5.160000e+03	1.062652e-09	4.701275e-11	2.489607e-10
5.160000e+03	5.200000e+03	2.258217e-09	1.492182e-09	0.000000e+00
5.200000e+03	5.240000e+03	5.222568e-10	7.813475e-11	5.939115e-10
5.240000e+03	5.280000e+03	2.290741e-10	0.000000e+00	1.069418e-09
5.280000e+03	5.320000e+03	1.363855e-09	7.996468e-10	0.000000e+00
5.320000e+03	5.360000e+03	6.928312e-10	1.328027e-10	8.849452e-10
5.360000e+03	5.400000e+03	3.372070e-10	0.000000e+00	1.311490e-09
5.400000e+03	5.440000e+03	7.050485e-10	1.662612e-10	6.224258e-10
5.440000e+03	5.480000e+03	1.379104e-10	4.551283e-11	7.374042e-10
5.480000e+03	5.520000e+03	1.557727e-10	1.712855e-10	0.000000e+00
5.520000e+03	5.560000e+03	9.204707e-10	8.610508e-09	0.000000e+00
5.560000e+03	5.600000e+03	1.270990e-09	9.668358e-10	0.000000e+00
5.600000e+03	5.640000e+03	2.287818e-09	2.348337e-09	0.000000e+00
5.640000e+03	5.680000e+03	2.340091e-10	1.052814e-10	6.273256e-10
5.680000e+03	5.720000e+03	2.351512e-10	0.000000e+00	1.326114e-09
5.720000e+03	5.760000e+03	8.650128e-11	0.000000e+00	1.958997e-09
5.760000e+03	5.800000e+03	5.755255e-10	5.342664e-10	0.000000e+00
5.800000e+03	5.840000e+03	6.046585e-11	0.000000e+00	3.400184e-10
5.840000e+03	5.880000e+03	1.812291e-10	1.286647e-10	0.000000e+00
5.880000e+03	5.920000e+03	3.989230e-11	4.345264e-11	1.325192e-09
5.920000e+03	5.960000e+03	1.537161e-10	1.030118e-10	0.000000e+00
5.960000e+03	6.000000e+03	-6.904322e-11	0.000000e+00	7.776400e-10
# END HISTO1D


# BEGIN HISTO1D //homes/tinghua1/Merging-Project/Production/HJETS/ratio-plots/hjets-vbfnlo/H-N2-N3-4-25gev-vbfnlo-combine.yoda/MC_H2JETS_07_INC/j3j4_mass
ErrorBandColor=red
ErrorBandOpacity=0.3
ErrorBands=1
ErrorType=env
LineColor=red
LineStyle=solid
Path=//homes/tinghua1/Merging-Project/Production/HJETS/ratio-plots/hjets-vbfnlo/H-N2-N3-4-25gev-vbfnlo-combine.yoda/MC_H2JETS_07_INC/j3j4_mass
RatioPlotSameStyle=1
Title=h(2*,3*,4)-vbfnlo
# xlow	 xhigh	 val	 errminus	 errplus
0.000000e+00	4.000000e+01	1.195093e-04	0.000000e+00	7.869550e-06
4.000000e+01	8.000000e+01	4.558840e-04	0.000000e+00	1.512887e-04
8.000000e+01	1.200000e+02	2.931353e-04	0.000000e+00	1.236055e-04
1.200000e+02	1.600000e+02	1.611247e-04	0.000000e+00	5.570488e-05
1.600000e+02	2.000000e+02	1.027186e-04	0.000000e+00	4.432087e-05
2.000000e+02	2.400000e+02	8.062000e-05	0.000000e+00	2.905985e-05
2.400000e+02	2.800000e+02	8.630545e-05	4.459025e-06	5.295025e-06
2.800000e+02	3.200000e+02	5.787340e-05	0.000000e+00	2.798887e-05
3.200000e+02	3.600000e+02	5.120548e-05	0.000000e+00	1.288755e-05
3.600000e+02	4.000000e+02	4.665282e-05	0.000000e+00	1.420333e-05
4.000000e+02	4.400000e+02	3.970668e-05	0.000000e+00	1.673905e-05
4.400000e+02	4.800000e+02	3.595283e-05	0.000000e+00	7.992675e-06
4.800000e+02	5.200000e+02	3.257762e-05	0.000000e+00	1.107533e-05
5.200000e+02	5.600000e+02	2.830565e-05	0.000000e+00	9.583575e-06
5.600000e+02	6.000000e+02	2.683138e-05	0.000000e+00	9.364850e-06
6.000000e+02	6.400000e+02	2.360063e-05	0.000000e+00	8.866200e-06
6.400000e+02	6.800000e+02	1.967663e-05	0.000000e+00	9.978448e-06
6.800000e+02	7.200000e+02	1.946319e-05	0.000000e+00	7.077438e-06
7.200000e+02	7.600000e+02	1.811336e-05	0.000000e+00	2.147000e-06
7.600000e+02	8.000000e+02	1.578981e-05	0.000000e+00	6.183805e-06
8.000000e+02	8.400000e+02	1.449702e-05	0.000000e+00	5.405583e-06
8.400000e+02	8.800000e+02	1.350881e-05	0.000000e+00	4.677967e-06
8.800000e+02	9.200000e+02	1.158968e-05	0.000000e+00	5.058477e-06
9.200000e+02	9.600000e+02	9.174070e-06	0.000000e+00	5.922258e-06
9.600000e+02	1.000000e+03	9.346025e-06	0.000000e+00	4.208215e-06
1.000000e+03	1.040000e+03	8.149545e-06	0.000000e+00	3.980750e-06
1.040000e+03	1.080000e+03	7.772080e-06	0.000000e+00	3.789600e-06
1.080000e+03	1.120000e+03	7.182742e-06	0.000000e+00	3.316705e-06
1.120000e+03	1.160000e+03	7.471052e-06	0.000000e+00	3.192545e-06
1.160000e+03	1.200000e+03	6.329235e-06	0.000000e+00	2.311495e-06
1.200000e+03	1.240000e+03	5.619778e-06	0.000000e+00	2.358418e-06
1.240000e+03	1.280000e+03	5.406550e-06	0.000000e+00	2.262445e-06
1.280000e+03	1.320000e+03	4.800635e-06	0.000000e+00	7.778450e-07
1.320000e+03	1.360000e+03	4.725995e-06	0.000000e+00	1.710300e-06
1.360000e+03	1.400000e+03	3.979958e-06	0.000000e+00	2.393475e-06
1.400000e+03	1.440000e+03	3.526095e-06	0.000000e+00	2.107472e-06
1.440000e+03	1.480000e+03	4.832145e-06	1.074752e-06	7.267250e-08
1.480000e+03	1.520000e+03	3.435497e-06	0.000000e+00	1.336675e-06
1.520000e+03	1.560000e+03	2.936915e-06	0.000000e+00	5.674375e-07
1.560000e+03	1.600000e+03	2.607120e-06	0.000000e+00	1.299765e-06
1.600000e+03	1.640000e+03	2.376005e-06	0.000000e+00	1.260890e-06
1.640000e+03	1.680000e+03	2.281624e-06	0.000000e+00	1.133916e-06
1.680000e+03	1.720000e+03	2.051181e-06	0.000000e+00	7.015688e-07
1.720000e+03	1.760000e+03	1.704993e-06	0.000000e+00	1.720174e-06
1.760000e+03	1.800000e+03	1.859583e-06	0.000000e+00	6.505393e-07
1.800000e+03	1.840000e+03	1.530947e-06	0.000000e+00	8.272458e-07
1.840000e+03	1.880000e+03	1.307952e-06	0.000000e+00	7.643215e-07
1.880000e+03	1.920000e+03	1.617884e-06	0.000000e+00	1.570690e-07
1.920000e+03	1.960000e+03	1.137593e-06	0.000000e+00	1.141450e-06
1.960000e+03	2.000000e+03	1.151663e-06	0.000000e+00	6.141778e-07
2.000000e+03	2.040000e+03	1.015971e-06	1.264525e-08	5.933653e-07
2.040000e+03	2.080000e+03	8.284755e-07	0.000000e+00	6.319700e-07
2.080000e+03	2.120000e+03	7.090238e-07	0.000000e+00	5.704392e-07
2.120000e+03	2.160000e+03	8.239905e-07	0.000000e+00	3.245870e-07
2.160000e+03	2.200000e+03	7.646925e-07	0.000000e+00	3.118445e-07
2.200000e+03	2.240000e+03	6.414457e-07	2.165345e-07	1.162775e-07
2.240000e+03	2.280000e+03	6.189412e-07	0.000000e+00	3.446615e-07
2.280000e+03	2.320000e+03	6.178465e-07	0.000000e+00	1.059882e-07
2.320000e+03	2.360000e+03	5.805680e-07	0.000000e+00	2.656827e-07
2.360000e+03	2.400000e+03	4.530907e-07	0.000000e+00	3.189530e-07
2.400000e+03	2.440000e+03	4.120665e-07	0.000000e+00	6.911152e-07
2.440000e+03	2.480000e+03	3.952373e-07	0.000000e+00	4.336070e-07
2.480000e+03	2.520000e+03	3.745013e-07	0.000000e+00	1.746152e-07
2.520000e+03	2.560000e+03	3.342753e-07	4.189662e-07	3.286280e-07
2.560000e+03	2.600000e+03	3.292788e-07	0.000000e+00	9.300150e-08
2.600000e+03	2.640000e+03	2.721965e-07	0.000000e+00	2.052582e-07
2.640000e+03	2.680000e+03	2.612840e-07	0.000000e+00	2.172047e-07
2.680000e+03	2.720000e+03	2.757012e-07	8.403000e-09	7.122400e-08
2.720000e+03	2.760000e+03	2.316649e-07	0.000000e+00	1.558836e-07
2.760000e+03	2.800000e+03	2.043040e-07	0.000000e+00	1.475445e-07
2.800000e+03	2.840000e+03	1.963619e-07	1.402434e-07	5.841233e-08
2.840000e+03	2.880000e+03	1.572623e-07	0.000000e+00	1.033717e-07
2.880000e+03	2.920000e+03	2.275272e-07	1.147582e-08	2.445932e-08
2.920000e+03	2.960000e+03	8.626972e-08	0.000000e+00	1.360109e-07
2.960000e+03	3.000000e+03	1.292528e-07	0.000000e+00	9.919752e-08
3.000000e+03	3.040000e+03	1.059587e-07	0.000000e+00	1.167011e-07
3.040000e+03	3.080000e+03	8.660665e-08	0.000000e+00	8.336780e-08
3.080000e+03	3.120000e+03	9.739265e-08	1.484930e-07	8.433805e-08
3.120000e+03	3.160000e+03	1.117580e-07	8.094325e-09	2.074500e-10
3.160000e+03	3.200000e+03	6.539550e-08	0.000000e+00	7.541087e-08
3.200000e+03	3.240000e+03	5.371887e-08	0.000000e+00	7.244633e-08
3.240000e+03	3.280000e+03	6.049628e-08	0.000000e+00	5.778005e-08
3.280000e+03	3.320000e+03	5.884850e-08	4.128775e-08	3.131905e-08
3.320000e+03	3.360000e+03	5.152865e-08	0.000000e+00	2.701523e-08
3.360000e+03	3.400000e+03	6.618845e-08	1.399130e-08	4.519235e-08
3.400000e+03	3.440000e+03	4.461165e-08	0.000000e+00	3.878272e-08
3.440000e+03	3.480000e+03	5.153278e-08	4.367300e-09	5.923125e-09
3.480000e+03	3.520000e+03	4.034633e-08	1.462525e-09	3.831362e-08
3.520000e+03	3.560000e+03	3.753727e-08	0.000000e+00	1.814232e-08
3.560000e+03	3.600000e+03	1.376326e-08	0.000000e+00	7.116572e-08
3.600000e+03	3.640000e+03	4.031143e-08	1.345113e-08	0.000000e+00
3.640000e+03	3.680000e+03	2.165285e-08	0.000000e+00	1.837873e-08
3.680000e+03	3.720000e+03	2.366316e-08	0.000000e+00	1.254606e-08
3.720000e+03	3.760000e+03	2.468051e-08	1.406967e-08	1.869959e-08
3.760000e+03	3.800000e+03	2.164011e-08	0.000000e+00	1.009694e-08
3.800000e+03	3.840000e+03	2.355666e-08	1.417152e-09	8.916560e-09
3.840000e+03	3.880000e+03	1.995861e-08	0.000000e+00	3.786129e-07
3.880000e+03	3.920000e+03	1.330380e-08	0.000000e+00	2.809308e-08
3.920000e+03	3.960000e+03	1.620622e-08	9.443608e-09	1.453386e-08
3.960000e+03	4.000000e+03	1.380656e-08	0.000000e+00	1.311102e-08
4.000000e+03	4.040000e+03	8.839075e-09	0.000000e+00	1.490309e-08
4.040000e+03	4.080000e+03	1.017045e-08	0.000000e+00	1.601640e-08
4.080000e+03	4.120000e+03	1.960228e-08	7.488720e-09	0.000000e+00
4.120000e+03	4.160000e+03	3.973295e-09	0.000000e+00	1.476064e-08
4.160000e+03	4.200000e+03	8.080247e-09	0.000000e+00	3.502430e-09
4.200000e+03	4.240000e+03	-3.770968e-08	0.000000e+00	5.130028e-08
4.240000e+03	4.280000e+03	7.519408e-09	3.426970e-09	8.921567e-09
4.280000e+03	4.320000e+03	7.104645e-09	0.000000e+00	2.815492e-09
4.320000e+03	4.360000e+03	4.832405e-09	0.000000e+00	1.063417e-08
4.360000e+03	4.400000e+03	4.990555e-09	0.000000e+00	3.133270e-09
4.400000e+03	4.440000e+03	5.241877e-09	2.613125e-09	1.523016e-08
4.440000e+03	4.480000e+03	4.905785e-09	0.000000e+00	2.121625e-09
4.480000e+03	4.520000e+03	2.474200e-09	2.835537e-09	5.185915e-09
4.520000e+03	4.560000e+03	3.022762e-09	6.764163e-10	8.310950e-10
4.560000e+03	4.600000e+03	2.744335e-09	1.128572e-09	0.000000e+00
4.600000e+03	4.640000e+03	2.916472e-09	0.000000e+00	1.795365e-09
4.640000e+03	4.680000e+03	3.394088e-09	0.000000e+00	2.837960e-09
4.680000e+03	4.720000e+03	3.682510e-09	2.183892e-09	1.447225e-09
4.720000e+03	4.760000e+03	3.006410e-09	2.102450e-09	2.216408e-09
4.760000e+03	4.800000e+03	1.166345e-08	9.129625e-09	0.000000e+00
4.800000e+03	4.840000e+03	1.714478e-09	0.000000e+00	1.526842e-09
4.840000e+03	4.880000e+03	1.175645e-09	0.000000e+00	1.557170e-09
4.880000e+03	4.920000e+03	1.234132e-09	0.000000e+00	2.206391e-09
4.920000e+03	4.960000e+03	-1.905260e-10	0.000000e+00	2.160037e-09
4.960000e+03	5.000000e+03	1.057818e-09	0.000000e+00	3.970138e-09
5.000000e+03	5.040000e+03	1.279875e-09	0.000000e+00	2.922465e-09
5.040000e+03	5.080000e+03	1.769050e-09	2.539119e-09	0.000000e+00
5.080000e+03	5.120000e+03	6.774695e-10	0.000000e+00	2.395953e-09
5.120000e+03	5.160000e+03	2.387888e-09	9.314352e-10	0.000000e+00
5.160000e+03	5.200000e+03	6.431012e-10	0.000000e+00	6.746682e-10
5.200000e+03	5.240000e+03	1.140220e-09	6.644077e-10	0.000000e+00
5.240000e+03	5.280000e+03	7.729447e-10	0.000000e+00	1.111837e-09
5.280000e+03	5.320000e+03	1.136109e-09	3.435132e-10	0.000000e+00
5.320000e+03	5.360000e+03	3.348865e-09	2.414772e-09	0.000000e+00
5.360000e+03	5.400000e+03	1.957277e-10	1.981848e-10	0.000000e+00
5.400000e+03	5.440000e+03	7.201657e-10	3.556065e-10	4.397575e-11
5.440000e+03	5.480000e+03	5.553613e-10	6.154768e-10	0.000000e+00
5.480000e+03	5.520000e+03	2.934627e-10	1.686678e-09	0.000000e+00
5.520000e+03	5.560000e+03	9.460623e-10	1.188294e-09	0.000000e+00
5.560000e+03	5.600000e+03	2.551752e-10	3.794124e-10	7.376965e-10
5.600000e+03	5.640000e+03	-1.608865e-10	0.000000e+00	1.121427e-09
5.640000e+03	5.680000e+03	2.936257e-10	1.669315e-09	0.000000e+00
5.680000e+03	5.720000e+03	2.304054e-10	4.356296e-10	4.265873e-10
5.720000e+03	5.760000e+03	7.812275e-11	2.623057e-10	9.409130e-10
5.760000e+03	5.800000e+03	1.805537e-10	0.000000e+00	5.839673e-10
5.800000e+03	5.840000e+03	2.324201e-10	0.000000e+00	1.465325e-10
5.840000e+03	5.880000e+03	1.891020e-10	0.000000e+00	5.994890e-11
5.880000e+03	5.920000e+03	1.433879e-10	1.081212e-10	2.902111e-10
5.920000e+03	5.960000e+03	1.429470e-10	1.668113e-10	0.000000e+00
5.960000e+03	6.000000e+03	3.452378e-11	2.288849e-10	3.159325e-10
# END HISTO1D


# BEGIN HISTO1D //homes/tinghua1/Merging-Project/Production/HJETS/ratio-plots/hjets-vbfnlo/H-N2-3-4-25gev-combine.yoda/MC_H2JETS_07_INC/j3j4_mass
ErrorBandColor=blue
ErrorBandOpacity=0.3
ErrorBands=1
ErrorType=env
LineColor=blue
LineStyle=solid
Path=//homes/tinghua1/Merging-Project/Production/HJETS/ratio-plots/hjets-vbfnlo/H-N2-3-4-25gev-combine.yoda/MC_H2JETS_07_INC/j3j4_mass
RatioPlotSameStyle=1
Title=h(2*,3,4)
# xlow	 xhigh	 val	 errminus	 errplus
0.000000e+00	4.000000e+01	2.538800e-04	2.141248e-05	3.222325e-05
4.000000e+01	8.000000e+01	1.455902e-03	2.524395e-04	3.613895e-04
8.000000e+01	1.200000e+02	1.195417e-03	2.256555e-04	2.717420e-04
1.200000e+02	1.600000e+02	5.931675e-04	1.270793e-04	1.443583e-04
1.600000e+02	2.000000e+02	3.599838e-04	7.725100e-05	1.351145e-04
2.000000e+02	2.400000e+02	2.451950e-04	4.821140e-05	7.367897e-05
2.400000e+02	2.800000e+02	1.844513e-04	3.751525e-05	5.092118e-05
2.800000e+02	3.200000e+02	1.417185e-04	3.122567e-05	4.386178e-05
3.200000e+02	3.600000e+02	1.144072e-04	2.304320e-05	3.452925e-05
3.600000e+02	4.000000e+02	9.469100e-05	1.972230e-05	2.965800e-05
4.000000e+02	4.400000e+02	8.023895e-05	1.723945e-05	2.515470e-05
4.400000e+02	4.800000e+02	7.116295e-05	1.885758e-05	1.635445e-05
4.800000e+02	5.200000e+02	5.766840e-05	1.115970e-05	1.815110e-05
5.200000e+02	5.600000e+02	4.991530e-05	1.108525e-05	1.456715e-05
5.600000e+02	6.000000e+02	4.327928e-05	1.059680e-05	1.386338e-05
6.000000e+02	6.400000e+02	3.617985e-05	6.901775e-06	1.379355e-05
6.400000e+02	6.800000e+02	3.235168e-05	6.883625e-06	1.207805e-05
6.800000e+02	7.200000e+02	3.038868e-05	7.535745e-06	9.096725e-06
7.200000e+02	7.600000e+02	2.607643e-05	5.963785e-06	1.006710e-05
7.600000e+02	8.000000e+02	2.262713e-05	4.352715e-06	8.286717e-06
8.000000e+02	8.400000e+02	2.052553e-05	3.020788e-06	6.876495e-06
8.400000e+02	8.800000e+02	1.923184e-05	4.428363e-06	5.885035e-06
8.800000e+02	9.200000e+02	1.720835e-05	3.761685e-06	4.600498e-06
9.200000e+02	9.600000e+02	1.552322e-05	3.689860e-06	4.389497e-06
9.600000e+02	1.000000e+03	1.347043e-05	2.585998e-06	4.481833e-06
1.000000e+03	1.040000e+03	1.166763e-05	2.058645e-06	4.135108e-06
1.040000e+03	1.080000e+03	1.125779e-05	2.267435e-06	4.155445e-06
1.080000e+03	1.120000e+03	9.931987e-06	2.269570e-06	4.165092e-06
1.120000e+03	1.160000e+03	9.805062e-06	2.606210e-06	2.945362e-06
1.160000e+03	1.200000e+03	8.874430e-06	2.762717e-06	1.396695e-06
1.200000e+03	1.240000e+03	7.582305e-06	1.914075e-06	3.078648e-06
1.240000e+03	1.280000e+03	6.470210e-06	1.286733e-06	3.064145e-06
1.280000e+03	1.320000e+03	6.148615e-06	1.587000e-06	2.446420e-06
1.320000e+03	1.360000e+03	6.424675e-06	2.085515e-06	2.288935e-06
1.360000e+03	1.400000e+03	6.150597e-06	2.412712e-06	6.059725e-07
1.400000e+03	1.440000e+03	5.004430e-06	1.590922e-06	2.513913e-06
1.440000e+03	1.480000e+03	4.004517e-06	6.012850e-07	1.463612e-06
1.480000e+03	1.520000e+03	3.635140e-06	9.087750e-07	2.116260e-06
1.520000e+03	1.560000e+03	3.840047e-06	1.318475e-06	9.835875e-07
1.560000e+03	1.600000e+03	4.035165e-06	1.872769e-06	4.846975e-07
1.600000e+03	1.640000e+03	3.135833e-06	1.109533e-06	1.050862e-06
1.640000e+03	1.680000e+03	2.638502e-06	7.285585e-07	1.165182e-06
1.680000e+03	1.720000e+03	2.577450e-06	7.893352e-07	1.317535e-06
1.720000e+03	1.760000e+03	2.372158e-06	7.638203e-07	8.150850e-07
1.760000e+03	1.800000e+03	2.019575e-06	4.961450e-07	1.066528e-06
1.800000e+03	1.840000e+03	1.996075e-06	6.560145e-07	3.509287e-07
1.840000e+03	1.880000e+03	1.979281e-06	0.000000e+00	2.574074e-06
1.880000e+03	1.920000e+03	1.711195e-06	4.569055e-07	4.615905e-07
1.920000e+03	1.960000e+03	1.401729e-06	2.494088e-07	8.436445e-07
1.960000e+03	2.000000e+03	1.512444e-06	5.880640e-07	5.056650e-07
2.000000e+03	2.040000e+03	1.580780e-06	4.591723e-07	2.618330e-07
2.040000e+03	2.080000e+03	1.197077e-06	3.437023e-07	4.745670e-07
2.080000e+03	2.120000e+03	1.036339e-06	3.385128e-07	5.851143e-07
2.120000e+03	2.160000e+03	9.732267e-07	1.022382e-07	6.060007e-07
2.160000e+03	2.200000e+03	9.707715e-07	3.673160e-07	5.781900e-07
2.200000e+03	2.240000e+03	9.016730e-07	3.211510e-07	2.930400e-07
2.240000e+03	2.280000e+03	7.164398e-07	1.364055e-07	3.972455e-07
2.280000e+03	2.320000e+03	7.190652e-07	1.854445e-07	4.053598e-07
2.320000e+03	2.360000e+03	6.297275e-07	1.917815e-07	2.437545e-07
2.360000e+03	2.400000e+03	5.901025e-07	1.933793e-07	1.054298e-07
2.400000e+03	2.440000e+03	6.681540e-07	2.901135e-07	0.000000e+00
2.440000e+03	2.480000e+03	5.144767e-07	1.374610e-07	1.798790e-07
2.480000e+03	2.520000e+03	6.143688e-07	3.594505e-07	1.174765e-07
2.520000e+03	2.560000e+03	3.699730e-07	1.230803e-07	3.953250e-07
2.560000e+03	2.600000e+03	3.790218e-07	1.107773e-07	1.816977e-07
2.600000e+03	2.640000e+03	3.650397e-07	1.441849e-07	1.201370e-07
2.640000e+03	2.680000e+03	4.367070e-07	1.408575e-07	4.363975e-08
2.680000e+03	2.720000e+03	2.679095e-07	2.104626e-07	1.692850e-07
2.720000e+03	2.760000e+03	3.905498e-07	1.885823e-07	0.000000e+00
2.760000e+03	2.800000e+03	2.104022e-07	0.000000e+00	1.996317e-07
2.800000e+03	2.840000e+03	3.124045e-07	1.816913e-07	0.000000e+00
2.840000e+03	2.880000e+03	1.914384e-07	6.127968e-08	1.172746e-07
2.880000e+03	2.920000e+03	2.202081e-07	1.168210e-07	6.456320e-08
2.920000e+03	2.960000e+03	1.596118e-07	5.097960e-08	5.062875e-08
2.960000e+03	3.000000e+03	1.246177e-07	1.526478e-08	1.648701e-07
3.000000e+03	3.040000e+03	1.534914e-07	5.934520e-08	8.155263e-08
3.040000e+03	3.080000e+03	9.153422e-08	3.633022e-08	7.513830e-08
3.080000e+03	3.120000e+03	1.248894e-07	5.553218e-08	1.421945e-08
3.120000e+03	3.160000e+03	1.155569e-07	3.324087e-08	1.065847e-07
3.160000e+03	3.200000e+03	8.973283e-08	2.522825e-08	3.540150e-08
3.200000e+03	3.240000e+03	7.681007e-08	2.739887e-08	1.536691e-07
3.240000e+03	3.280000e+03	6.511850e-08	0.000000e+00	6.064585e-08
3.280000e+03	3.320000e+03	5.979730e-08	1.270400e-09	4.698675e-08
3.320000e+03	3.360000e+03	5.503165e-08	1.087347e-08	6.562480e-08
3.360000e+03	3.400000e+03	6.335980e-08	1.798535e-08	5.983777e-08
3.400000e+03	3.440000e+03	4.858182e-08	0.000000e+00	1.254115e-08
3.440000e+03	3.480000e+03	5.877713e-08	0.000000e+00	2.642067e-08
3.480000e+03	3.520000e+03	3.900657e-08	1.722031e-08	2.181462e-08
3.520000e+03	3.560000e+03	4.853890e-08	2.836276e-08	1.260845e-08
3.560000e+03	3.600000e+03	2.830730e-08	3.478123e-09	2.696628e-08
3.600000e+03	3.640000e+03	4.071247e-08	1.065480e-08	4.051798e-08
3.640000e+03	3.680000e+03	2.362722e-08	0.000000e+00	4.730837e-08
3.680000e+03	3.720000e+03	2.609142e-08	9.343110e-09	2.097778e-08
3.720000e+03	3.760000e+03	2.108424e-08	7.943023e-09	1.048336e-08
3.760000e+03	3.800000e+03	3.032480e-08	1.035821e-08	5.714732e-08
3.800000e+03	3.840000e+03	3.797937e-08	1.493417e-08	1.903825e-08
3.840000e+03	3.880000e+03	1.312945e-08	0.000000e+00	7.485675e-09
3.880000e+03	3.920000e+03	8.824657e-09	0.000000e+00	1.286724e-08
3.920000e+03	3.960000e+03	2.227385e-08	2.174811e-08	4.044850e-10
3.960000e+03	4.000000e+03	1.182689e-08	0.000000e+00	1.009337e-08
4.000000e+03	4.040000e+03	1.497137e-08	5.296190e-09	9.980143e-09
4.040000e+03	4.080000e+03	2.373655e-08	1.866493e-08	0.000000e+00
4.080000e+03	4.120000e+03	1.824083e-08	7.892347e-09	2.654843e-09
4.120000e+03	4.160000e+03	7.494607e-09	0.000000e+00	7.078890e-09
4.160000e+03	4.200000e+03	1.360627e-08	8.036580e-09	1.500395e-09
4.200000e+03	4.240000e+03	1.184142e-08	2.709711e-08	0.000000e+00
4.240000e+03	4.280000e+03	5.569258e-09	0.000000e+00	3.101542e-09
4.280000e+03	4.320000e+03	1.789956e-08	1.008012e-08	0.000000e+00
4.320000e+03	4.360000e+03	5.932892e-09	2.209250e-11	8.130100e-10
4.360000e+03	4.400000e+03	6.421885e-09	1.441355e-09	1.329088e-09
4.400000e+03	4.440000e+03	8.545220e-09	5.951018e-09	0.000000e+00
4.440000e+03	4.480000e+03	5.605253e-09	1.563035e-09	7.702132e-09
4.480000e+03	4.520000e+03	3.507605e-09	0.000000e+00	1.526261e-08
4.520000e+03	4.560000e+03	4.203215e-09	1.341482e-09	0.000000e+00
4.560000e+03	4.600000e+03	3.672618e-09	2.710883e-09	0.000000e+00
4.600000e+03	4.640000e+03	5.105845e-09	4.490590e-09	1.289227e-09
4.640000e+03	4.680000e+03	1.549671e-08	1.118144e-08	0.000000e+00
4.680000e+03	4.720000e+03	2.759515e-09	0.000000e+00	4.564555e-09
4.720000e+03	4.760000e+03	8.025240e-09	5.949043e-09	0.000000e+00
4.760000e+03	4.800000e+03	2.373451e-09	1.859920e-09	2.495430e-09
4.800000e+03	4.840000e+03	6.958335e-10	1.680043e-10	1.466469e-09
4.840000e+03	4.880000e+03	-2.683840e-10	0.000000e+00	2.402887e-09
4.880000e+03	4.920000e+03	2.164333e-09	2.125419e-09	0.000000e+00
4.920000e+03	4.960000e+03	2.027131e-09	1.392580e-09	2.364164e-09
4.960000e+03	5.000000e+03	1.116847e-09	0.000000e+00	5.186251e-09
5.000000e+03	5.040000e+03	1.825494e-09	4.321484e-09	0.000000e+00
5.040000e+03	5.080000e+03	1.554231e-09	1.339270e-09	0.000000e+00
5.080000e+03	5.120000e+03	1.204422e-09	4.061665e-10	3.530360e-09
5.120000e+03	5.160000e+03	3.581570e-10	4.222875e-11	7.357985e-10
5.160000e+03	5.200000e+03	7.048660e-10	3.632978e-10	4.427622e-10
5.200000e+03	5.240000e+03	1.284783e-09	5.711013e-10	0.000000e+00
5.240000e+03	5.280000e+03	1.031056e-09	1.076273e-09	0.000000e+00
5.280000e+03	5.320000e+03	1.412646e-09	1.367639e-09	0.000000e+00
5.320000e+03	5.360000e+03	2.513865e-10	0.000000e+00	1.845480e-10
5.360000e+03	5.400000e+03	1.427688e-09	1.066921e-09	0.000000e+00
5.400000e+03	5.440000e+03	3.461313e-10	0.000000e+00	3.416460e-10
5.440000e+03	5.480000e+03	-1.158530e-09	0.000000e+00	2.111111e-09
5.480000e+03	5.520000e+03	1.512971e-10	3.365500e-12	2.631239e-10
5.520000e+03	5.560000e+03	5.141283e-10	4.767931e-10	1.996394e-09
5.560000e+03	5.600000e+03	6.397620e-09	6.309859e-09	0.000000e+00
5.600000e+03	5.640000e+03	-2.061603e-09	0.000000e+00	2.343729e-09
5.640000e+03	5.680000e+03	8.995800e-11	0.000000e+00	1.521441e-09
5.680000e+03	5.720000e+03	1.284504e-10	2.650540e-11	2.947353e-10
5.720000e+03	5.760000e+03	1.952135e-09	1.938409e-09	0.000000e+00
5.760000e+03	5.800000e+03	2.223815e-10	5.723090e-11	0.000000e+00
5.800000e+03	5.840000e+03	3.561053e-10	2.079588e-10	0.000000e+00
5.840000e+03	5.880000e+03	5.540255e-11	0.000000e+00	1.378666e-10
5.880000e+03	5.920000e+03	1.836395e-10	1.393158e-10	1.532460e-10
5.920000e+03	5.960000e+03	2.806730e-11	0.000000e+00	5.375730e-10
5.960000e+03	6.000000e+03	5.080818e-11	0.000000e+00	2.104952e-09
# END HISTO1D


# BEGIN HISTO1D //homes/tinghua1/Merging-Project/Production/HJETS/ratio-plots/hjets-vbfnlo/H-N2-3-4-25gev-vbfnlo-combine.yoda/MC_H2JETS_07_INC/j3j4_mass
ErrorBandColor=cyan
ErrorBandOpacity=0.3
ErrorBands=1
ErrorType=env
LineColor=cyan
LineStyle=solid
Path=//homes/tinghua1/Merging-Project/Production/HJETS/ratio-plots/hjets-vbfnlo/H-N2-3-4-25gev-vbfnlo-combine.yoda/MC_H2JETS_07_INC/j3j4_mass
RatioPlotSameStyle=1
Title=h(2*,3,4)-vbfnlo
# xlow	 xhigh	 val	 errminus	 errplus
0.000000e+00	4.000000e+01	1.239675e-04	1.065365e-05	2.321123e-05
4.000000e+01	8.000000e+01	5.244120e-04	9.466800e-05	1.350307e-04
8.000000e+01	1.200000e+02	3.485290e-04	6.339000e-05	9.217500e-05
1.200000e+02	1.600000e+02	1.898016e-04	3.844468e-05	4.281558e-05
1.600000e+02	2.000000e+02	1.243560e-04	2.160560e-05	3.094755e-05
2.000000e+02	2.400000e+02	9.690375e-05	1.817783e-05	2.061047e-05
2.400000e+02	2.800000e+02	7.903050e-05	1.403957e-05	1.824417e-05
2.800000e+02	3.200000e+02	6.871280e-05	1.145827e-05	1.689038e-05
3.200000e+02	3.600000e+02	5.975067e-05	1.037972e-05	1.599835e-05
3.600000e+02	4.000000e+02	5.267995e-05	9.598375e-06	1.400115e-05
4.000000e+02	4.400000e+02	4.788408e-05	1.011740e-05	1.019325e-05
4.400000e+02	4.800000e+02	4.392270e-05	9.685200e-06	9.747200e-06
4.800000e+02	5.200000e+02	3.792263e-05	6.917400e-06	1.074140e-05
5.200000e+02	5.600000e+02	3.416703e-05	6.956825e-06	9.341500e-06
5.600000e+02	6.000000e+02	3.027642e-05	5.887577e-06	9.467100e-06
6.000000e+02	6.400000e+02	2.717788e-05	5.357833e-06	8.281300e-06
6.400000e+02	6.800000e+02	2.431539e-05	4.553915e-06	7.957357e-06
6.800000e+02	7.200000e+02	2.200129e-05	4.187722e-06	7.614310e-06
7.200000e+02	7.600000e+02	2.078414e-05	4.661820e-06	5.873705e-06
7.600000e+02	8.000000e+02	1.842257e-05	3.674480e-06	5.721062e-06
8.000000e+02	8.400000e+02	1.666792e-05	3.858358e-06	5.046800e-06
8.400000e+02	8.800000e+02	1.547451e-05	3.861890e-06	4.885570e-06
8.800000e+02	9.200000e+02	1.401565e-05	3.514233e-06	3.712290e-06
9.200000e+02	9.600000e+02	1.254014e-05	2.366937e-06	4.178808e-06
9.600000e+02	1.000000e+03	1.201097e-05	3.285778e-06	2.997390e-06
1.000000e+03	1.040000e+03	1.044493e-05	2.340785e-06	3.294155e-06
1.040000e+03	1.080000e+03	9.673502e-06	2.430040e-06	3.124510e-06
1.080000e+03	1.120000e+03	8.472263e-06	1.937408e-06	2.786993e-06
1.120000e+03	1.160000e+03	8.048062e-06	1.775890e-06	2.506013e-06
1.160000e+03	1.200000e+03	7.090567e-06	1.646345e-06	2.659962e-06
1.200000e+03	1.240000e+03	6.524313e-06	1.480980e-06	2.270807e-06
1.240000e+03	1.280000e+03	6.206718e-06	1.555215e-06	2.171125e-06
1.280000e+03	1.320000e+03	5.662345e-06	1.463852e-06	1.765033e-06
1.320000e+03	1.360000e+03	4.922090e-06	1.103442e-06	1.938693e-06
1.360000e+03	1.400000e+03	4.762205e-06	1.548403e-06	1.592797e-06
1.400000e+03	1.440000e+03	4.366025e-06	1.105875e-06	1.814592e-06
1.440000e+03	1.480000e+03	3.824432e-06	8.953075e-07	1.681897e-06
1.480000e+03	1.520000e+03	3.701508e-06	1.020228e-06	1.325713e-06
1.520000e+03	1.560000e+03	3.351483e-06	8.439050e-07	1.144873e-06
1.560000e+03	1.600000e+03	3.020293e-06	7.982120e-07	1.015330e-06
1.600000e+03	1.640000e+03	2.842343e-06	7.028890e-07	9.425600e-07
1.640000e+03	1.680000e+03	2.483247e-06	5.749935e-07	9.612205e-07
1.680000e+03	1.720000e+03	2.507085e-06	7.725852e-07	6.327850e-07
1.720000e+03	1.760000e+03	2.136648e-06	5.173542e-07	9.709465e-07
1.760000e+03	1.800000e+03	1.950778e-06	5.643042e-07	7.689895e-07
1.800000e+03	1.840000e+03	1.966003e-06	5.890155e-07	6.828317e-07
1.840000e+03	1.880000e+03	1.681026e-06	4.344720e-07	8.040998e-07
1.880000e+03	1.920000e+03	1.498066e-06	3.850438e-07	7.162530e-07
1.920000e+03	1.960000e+03	1.227725e-06	1.899477e-07	5.832913e-07
1.960000e+03	2.000000e+03	1.277363e-06	3.622510e-07	4.606940e-07
2.000000e+03	2.040000e+03	1.267440e-06	4.463222e-07	4.073365e-07
2.040000e+03	2.080000e+03	1.209758e-06	4.293095e-07	4.282003e-07
2.080000e+03	2.120000e+03	9.958250e-07	3.190593e-07	4.016462e-07
2.120000e+03	2.160000e+03	9.330205e-07	2.814000e-07	6.783673e-07
2.160000e+03	2.200000e+03	8.534980e-07	2.683383e-07	3.541212e-07
2.200000e+03	2.240000e+03	9.075215e-07	3.008903e-07	3.138928e-07
2.240000e+03	2.280000e+03	7.454088e-07	2.508695e-07	1.503057e-07
2.280000e+03	2.320000e+03	6.563512e-07	1.928350e-07	3.062650e-07
2.320000e+03	2.360000e+03	6.260063e-07	1.775315e-07	2.264612e-07
2.360000e+03	2.400000e+03	5.873205e-07	2.002130e-07	1.983595e-07
2.400000e+03	2.440000e+03	5.837290e-07	2.448957e-07	1.776485e-07
2.440000e+03	2.480000e+03	5.410030e-07	2.198603e-07	1.196765e-07
2.480000e+03	2.520000e+03	4.094680e-07	9.693800e-08	1.873037e-07
2.520000e+03	2.560000e+03	3.836485e-07	6.871050e-08	1.062603e-07
2.560000e+03	2.600000e+03	3.891035e-07	9.528775e-08	1.296985e-07
2.600000e+03	2.640000e+03	3.119252e-07	5.115300e-08	1.660443e-07
2.640000e+03	2.680000e+03	3.019640e-07	5.990775e-08	1.635512e-07
2.680000e+03	2.720000e+03	2.820317e-07	6.106875e-08	1.641620e-07
2.720000e+03	2.760000e+03	2.416154e-07	5.667952e-08	1.141441e-07
2.760000e+03	2.800000e+03	2.490426e-07	5.945062e-08	1.340202e-07
2.800000e+03	2.840000e+03	2.194950e-07	7.419977e-08	1.286215e-07
2.840000e+03	2.880000e+03	2.057821e-07	5.002808e-08	7.448185e-08
2.880000e+03	2.920000e+03	2.100374e-07	1.003908e-07	5.668085e-08
2.920000e+03	2.960000e+03	1.377830e-07	2.610372e-08	9.971228e-08
2.960000e+03	3.000000e+03	1.445443e-07	2.380002e-08	5.702335e-08
3.000000e+03	3.040000e+03	1.611852e-07	4.119572e-08	4.528970e-08
3.040000e+03	3.080000e+03	1.417850e-07	6.018450e-08	8.553950e-08
3.080000e+03	3.120000e+03	1.229691e-07	3.524825e-08	5.017325e-08
3.120000e+03	3.160000e+03	1.016982e-07	2.382107e-08	5.709217e-08
3.160000e+03	3.200000e+03	1.051826e-07	4.919435e-08	1.556730e-08
3.200000e+03	3.240000e+03	9.933793e-08	0.000000e+00	1.193345e-08
3.240000e+03	3.280000e+03	1.054319e-07	5.173928e-08	6.920125e-09
3.280000e+03	3.320000e+03	6.904573e-08	0.000000e+00	5.763047e-08
3.320000e+03	3.360000e+03	8.396802e-08	3.676932e-08	2.257553e-08
3.360000e+03	3.400000e+03	4.330922e-08	3.732650e-09	5.333282e-08
3.400000e+03	3.440000e+03	5.320280e-08	2.059540e-08	1.858142e-08
3.440000e+03	3.480000e+03	6.252335e-08	2.133840e-08	1.057647e-08
3.480000e+03	3.520000e+03	4.435927e-08	1.366368e-08	3.284210e-08
3.520000e+03	3.560000e+03	4.785805e-08	7.531350e-09	2.087275e-09
3.560000e+03	3.600000e+03	3.468725e-08	2.254700e-09	8.659550e-09
3.600000e+03	3.640000e+03	3.739212e-08	4.194700e-09	1.779005e-08
3.640000e+03	3.680000e+03	2.699362e-08	2.869310e-09	1.615103e-08
3.680000e+03	3.720000e+03	2.080299e-08	2.990950e-10	1.839496e-08
3.720000e+03	3.760000e+03	2.465652e-08	2.938968e-09	1.182645e-08
3.760000e+03	3.800000e+03	2.581165e-08	1.050556e-08	1.437383e-08
3.800000e+03	3.840000e+03	2.300608e-08	8.463065e-09	5.996768e-09
3.840000e+03	3.880000e+03	2.063734e-08	1.746505e-09	2.479817e-09
3.880000e+03	3.920000e+03	3.831082e-08	2.599483e-08	0.000000e+00
3.920000e+03	3.960000e+03	1.150807e-08	0.000000e+00	1.224564e-08
3.960000e+03	4.000000e+03	1.802174e-08	2.853442e-09	7.415750e-10
4.000000e+03	4.040000e+03	1.516215e-08	4.034860e-09	6.152820e-09
4.040000e+03	4.080000e+03	1.311819e-08	5.931083e-09	5.635807e-09
4.080000e+03	4.120000e+03	1.271484e-08	1.374551e-08	9.107188e-09
4.120000e+03	4.160000e+03	2.560330e-08	1.815391e-08	0.000000e+00
4.160000e+03	4.200000e+03	8.332190e-09	2.525843e-09	1.010001e-08
4.200000e+03	4.240000e+03	9.892367e-09	4.118225e-09	5.579465e-09
4.240000e+03	4.280000e+03	8.809632e-09	9.469550e-10	4.029488e-09
4.280000e+03	4.320000e+03	7.419123e-09	7.720075e-10	3.256310e-09
4.320000e+03	4.360000e+03	6.899805e-09	1.431920e-09	1.474910e-09
4.360000e+03	4.400000e+03	4.184535e-09	1.392675e-10	4.551368e-09
4.400000e+03	4.440000e+03	7.607578e-09	5.194814e-09	9.009275e-10
4.440000e+03	4.480000e+03	3.667962e-09	0.000000e+00	1.140821e-08
4.480000e+03	4.520000e+03	3.665282e-09	6.515075e-10	1.010038e-08
4.520000e+03	4.560000e+03	2.645752e-09	6.548787e-10	2.275948e-09
4.560000e+03	4.600000e+03	3.704845e-09	1.051758e-09	4.192732e-09
4.600000e+03	4.640000e+03	3.248740e-09	1.563758e-09	1.198453e-09
4.640000e+03	4.680000e+03	3.056680e-09	5.975005e-10	1.496383e-09
4.680000e+03	4.720000e+03	1.758077e-09	0.000000e+00	2.597933e-09
4.720000e+03	4.760000e+03	2.547733e-09	1.828143e-09	1.508482e-09
4.760000e+03	4.800000e+03	2.962015e-09	0.000000e+00	4.328650e-10
4.800000e+03	4.840000e+03	1.510378e-09	0.000000e+00	4.024427e-09
4.840000e+03	4.880000e+03	2.119903e-09	3.101487e-10	1.280925e-09
4.880000e+03	4.920000e+03	3.098092e-09	2.040000e-10	6.268025e-10
4.920000e+03	4.960000e+03	1.756242e-09	1.006812e-09	2.770393e-10
4.960000e+03	5.000000e+03	1.819362e-09	1.124544e-09	3.715295e-10
5.000000e+03	5.040000e+03	2.898047e-09	1.646123e-09	0.000000e+00
5.040000e+03	5.080000e+03	2.501095e-09	1.001933e-09	4.647150e-10
5.080000e+03	5.120000e+03	6.078603e-09	5.506272e-09	0.000000e+00
5.120000e+03	5.160000e+03	2.446078e-09	2.131464e-09	0.000000e+00
5.160000e+03	5.200000e+03	9.982752e-10	5.024470e-10	1.856195e-10
5.200000e+03	5.240000e+03	1.429141e-09	7.975035e-10	0.000000e+00
5.240000e+03	5.280000e+03	1.241037e-09	8.558923e-10	1.617293e-09
5.280000e+03	5.320000e+03	8.156990e-10	3.686930e-10	1.023896e-09
5.320000e+03	5.360000e+03	7.746628e-10	9.501786e-10	2.866870e-10
5.360000e+03	5.400000e+03	8.643502e-10	5.622340e-10	0.000000e+00
5.400000e+03	5.440000e+03	6.844513e-10	0.000000e+00	1.358355e-10
5.440000e+03	5.480000e+03	4.408705e-10	0.000000e+00	5.672235e-10
5.480000e+03	5.520000e+03	1.772421e-10	0.000000e+00	4.455031e-10
5.520000e+03	5.560000e+03	5.358622e-10	2.565297e-10	1.036013e-09
5.560000e+03	5.600000e+03	4.719070e-10	3.499591e-10	9.678533e-10
5.600000e+03	5.640000e+03	3.996793e-10	3.327333e-10	1.809325e-11
5.640000e+03	5.680000e+03	-4.160035e-10	0.000000e+00	1.015291e-09
5.680000e+03	5.720000e+03	1.484938e-10	1.605143e-11	9.604293e-11
5.720000e+03	5.760000e+03	1.932742e-10	6.463939e-10	6.980000e-14
5.760000e+03	5.800000e+03	-2.727232e-10	0.000000e+00	7.157222e-10
5.800000e+03	5.840000e+03	1.935764e-10	9.110158e-11	1.520863e-10
5.840000e+03	5.880000e+03	1.530134e-10	8.167267e-11	1.513076e-10
5.880000e+03	5.920000e+03	1.164136e-10	4.853862e-11	1.107276e-10
5.920000e+03	5.960000e+03	3.942970e-11	0.000000e+00	1.846793e-10
5.960000e+03	6.000000e+03	1.997879e-10	0.000000e+00	4.033260e-11
# END HISTO1D


# BEGIN HISTO1D //homes/tinghua1/Merging-Project/Production/HJETS/ratio-plots/hjets-vbfnlo/H-2-3-4-25gev-combine.yoda/MC_H2JETS_07_INC/j3j4_mass
ErrorBandColor=yellow
ErrorBandOpacity=0.3
ErrorBands=1
ErrorType=env
LineColor=yellow
LineStyle=solid
Path=//homes/tinghua1/Merging-Project/Production/HJETS/ratio-plots/hjets-vbfnlo/H-2-3-4-25gev-combine.yoda/MC_H2JETS_07_INC/j3j4_mass
RatioPlotSameStyle=1
Title=h(2,3,4)
# xlow	 xhigh	 val	 errminus	 errplus
0.000000e+00	4.000000e+01	2.319741e-04	1.751490e-05	3.226068e-05
4.000000e+01	8.000000e+01	1.297311e-03	2.206130e-04	2.969513e-04
8.000000e+01	1.200000e+02	1.046578e-03	1.740897e-04	2.286505e-04
1.200000e+02	1.600000e+02	5.115800e-04	9.467450e-05	1.193220e-04
1.600000e+02	2.000000e+02	3.164208e-04	6.380000e-05	8.011425e-05
2.000000e+02	2.400000e+02	2.223821e-04	4.460297e-05	5.775887e-05
2.400000e+02	2.800000e+02	1.637549e-04	3.126008e-05	4.345622e-05
2.800000e+02	3.200000e+02	1.288789e-04	2.431560e-05	3.473700e-05
3.200000e+02	3.600000e+02	1.039857e-04	1.988147e-05	3.152745e-05
3.600000e+02	4.000000e+02	8.684975e-05	1.573878e-05	2.588975e-05
4.000000e+02	4.400000e+02	7.416878e-05	1.459703e-05	2.239975e-05
4.400000e+02	4.800000e+02	6.297457e-05	1.332655e-05	1.924840e-05
4.800000e+02	5.200000e+02	5.584882e-05	1.325560e-05	1.613213e-05
5.200000e+02	5.600000e+02	4.820943e-05	1.082523e-05	1.269018e-05
5.600000e+02	6.000000e+02	4.251898e-05	9.749900e-06	1.132027e-05
6.000000e+02	6.400000e+02	3.641307e-05	8.456300e-06	1.157218e-05
6.400000e+02	6.800000e+02	3.319067e-05	8.040650e-06	9.528050e-06
6.800000e+02	7.200000e+02	2.996528e-05	8.067545e-06	7.736550e-06
7.200000e+02	7.600000e+02	2.624942e-05	4.825537e-06	7.870400e-06
7.600000e+02	8.000000e+02	2.383675e-05	6.951725e-06	6.460297e-06
8.000000e+02	8.400000e+02	2.103409e-05	5.610030e-06	7.097355e-06
8.400000e+02	8.800000e+02	1.883289e-05	5.089688e-06	5.600875e-06
8.800000e+02	9.200000e+02	1.596525e-05	3.655420e-06	7.791773e-06
9.200000e+02	9.600000e+02	1.476421e-05	4.132592e-06	5.508930e-06
9.600000e+02	1.000000e+03	1.293188e-05	2.656980e-06	4.270900e-06
1.000000e+03	1.040000e+03	1.338605e-05	3.729345e-06	3.515218e-06
1.040000e+03	1.080000e+03	1.080555e-05	2.312835e-06	4.031232e-06
1.080000e+03	1.120000e+03	9.841458e-06	2.453503e-06	4.121457e-06
1.120000e+03	1.160000e+03	8.710245e-06	1.015425e-06	3.825073e-06
1.160000e+03	1.200000e+03	8.098578e-06	1.633190e-06	3.290202e-06
1.200000e+03	1.240000e+03	7.475380e-06	1.914105e-06	2.388720e-06
1.240000e+03	1.280000e+03	7.228052e-06	1.912022e-06	2.204015e-06
1.280000e+03	1.320000e+03	6.409270e-06	2.062558e-06	2.583560e-06
1.320000e+03	1.360000e+03	5.793295e-06	1.667415e-06	2.414315e-06
1.360000e+03	1.400000e+03	4.810815e-06	5.448375e-07	2.414533e-06
1.400000e+03	1.440000e+03	4.647263e-06	1.056038e-06	1.849073e-06
1.440000e+03	1.480000e+03	4.152975e-06	1.120760e-06	2.662810e-06
1.480000e+03	1.520000e+03	4.251945e-06	1.444743e-06	1.609845e-06
1.520000e+03	1.560000e+03	3.893100e-06	1.362795e-06	1.052587e-06
1.560000e+03	1.600000e+03	3.559197e-06	1.271931e-06	9.942125e-07
1.600000e+03	1.640000e+03	3.068430e-06	1.121715e-06	1.302670e-06
1.640000e+03	1.680000e+03	2.989698e-06	8.480063e-07	9.133075e-07
1.680000e+03	1.720000e+03	2.422459e-06	4.545450e-07	1.172016e-06
1.720000e+03	1.760000e+03	2.410441e-06	7.055120e-07	6.905537e-07
1.760000e+03	1.800000e+03	2.090855e-06	4.638687e-07	1.011627e-06
1.800000e+03	1.840000e+03	1.851591e-06	5.133378e-07	8.799990e-07
1.840000e+03	1.880000e+03	1.990626e-06	8.197752e-07	5.306215e-07
1.880000e+03	1.920000e+03	1.681684e-06	4.878708e-07	5.912177e-07
1.920000e+03	1.960000e+03	1.495165e-06	4.790470e-07	6.845735e-07
1.960000e+03	2.000000e+03	1.298051e-06	2.808928e-07	7.733947e-07
2.000000e+03	2.040000e+03	1.302905e-06	4.218365e-07	6.071880e-07
2.040000e+03	2.080000e+03	1.121240e-06	2.280528e-07	5.540870e-07
2.080000e+03	2.120000e+03	9.653130e-07	5.908075e-08	5.033885e-07
2.120000e+03	2.160000e+03	9.860107e-07	1.333410e-07	3.044073e-07
2.160000e+03	2.200000e+03	1.036747e-06	3.629187e-07	3.850873e-07
2.200000e+03	2.240000e+03	7.818832e-07	2.632102e-07	4.770548e-07
2.240000e+03	2.280000e+03	7.545727e-07	1.866513e-07	4.403162e-07
2.280000e+03	2.320000e+03	8.158592e-07	3.255042e-07	1.689187e-07
2.320000e+03	2.360000e+03	6.410522e-07	7.153475e-08	3.958885e-07
2.360000e+03	2.400000e+03	5.946140e-07	1.960972e-07	1.557125e-07
2.400000e+03	2.440000e+03	7.088797e-07	3.843290e-07	1.069625e-08
2.440000e+03	2.480000e+03	4.697552e-07	1.770062e-07	3.899435e-07
2.480000e+03	2.520000e+03	4.451555e-07	1.046930e-07	2.939177e-07
2.520000e+03	2.560000e+03	4.930505e-07	1.908505e-07	2.402297e-07
2.560000e+03	2.600000e+03	3.870710e-07	1.428016e-07	1.722107e-07
2.600000e+03	2.640000e+03	3.193623e-07	0.000000e+00	1.397147e-07
2.640000e+03	2.680000e+03	3.571902e-07	1.730761e-07	1.045057e-07
2.680000e+03	2.720000e+03	6.574585e-07	4.930524e-07	0.000000e+00
2.720000e+03	2.760000e+03	2.330736e-07	5.895525e-09	2.284476e-07
2.760000e+03	2.800000e+03	2.019394e-07	0.000000e+00	3.142209e-07
2.800000e+03	2.840000e+03	2.659575e-07	1.561192e-07	8.925375e-08
2.840000e+03	2.880000e+03	1.833412e-07	3.130445e-08	7.130005e-08
2.880000e+03	2.920000e+03	1.864205e-07	1.305420e-08	1.013212e-07
2.920000e+03	2.960000e+03	2.188528e-07	1.036207e-07	1.096780e-08
2.960000e+03	3.000000e+03	2.028381e-07	9.381947e-08	4.193920e-08
3.000000e+03	3.040000e+03	1.124385e-07	1.826003e-08	1.211187e-07
3.040000e+03	3.080000e+03	1.112551e-07	3.260117e-08	6.780658e-08
3.080000e+03	3.120000e+03	6.906900e-08	0.000000e+00	1.074604e-07
3.120000e+03	3.160000e+03	9.325592e-08	3.330200e-09	6.623698e-08
3.160000e+03	3.200000e+03	8.840758e-08	4.354590e-08	5.540985e-08
3.200000e+03	3.240000e+03	6.714677e-08	9.795780e-08	5.640770e-08
3.240000e+03	3.280000e+03	8.956585e-08	5.686505e-08	7.103650e-08
3.280000e+03	3.320000e+03	9.039925e-08	3.896970e-08	1.051075e-08
3.320000e+03	3.360000e+03	6.675327e-08	1.871422e-08	1.586385e-08
3.360000e+03	3.400000e+03	5.807715e-08	1.147827e-08	8.857017e-08
3.400000e+03	3.440000e+03	4.962280e-08	0.000000e+00	2.421577e-08
3.440000e+03	3.480000e+03	4.884550e-08	1.353462e-08	4.166130e-08
3.480000e+03	3.520000e+03	5.318633e-08	2.810503e-08	8.658225e-09
3.520000e+03	3.560000e+03	4.310830e-08	8.592225e-09	3.408373e-08
3.560000e+03	3.600000e+03	4.235995e-08	2.437850e-08	1.399520e-08
3.600000e+03	3.640000e+03	3.972668e-08	2.364116e-08	1.624370e-08
3.640000e+03	3.680000e+03	2.002118e-08	0.000000e+00	3.596477e-08
3.680000e+03	3.720000e+03	2.809315e-08	7.086720e-09	1.995593e-08
3.720000e+03	3.760000e+03	3.887530e-08	1.107497e-08	1.016803e-08
3.760000e+03	3.800000e+03	3.399565e-08	1.594463e-08	4.072325e-09
3.800000e+03	3.840000e+03	2.154238e-08	1.068897e-08	1.995103e-09
3.840000e+03	3.880000e+03	1.768741e-08	3.823358e-09	1.633011e-08
3.880000e+03	3.920000e+03	2.104018e-08	1.884046e-08	0.000000e+00
3.920000e+03	3.960000e+03	1.332527e-08	1.913828e-09	1.365386e-08
3.960000e+03	4.000000e+03	1.489049e-08	3.134647e-09	8.180138e-09
4.000000e+03	4.040000e+03	1.116068e-08	0.000000e+00	9.467487e-09
4.040000e+03	4.080000e+03	6.266907e-09	0.000000e+00	1.963137e-08
4.080000e+03	4.120000e+03	1.314642e-08	3.579440e-09	6.028080e-09
4.120000e+03	4.160000e+03	9.554763e-09	1.294775e-10	3.128878e-09
4.160000e+03	4.200000e+03	9.030727e-09	4.247240e-09	1.112313e-08
4.200000e+03	4.240000e+03	5.979313e-09	2.560293e-09	3.391053e-09
4.240000e+03	4.280000e+03	6.204317e-09	1.054050e-08	4.116150e-10
4.280000e+03	4.320000e+03	9.780825e-09	1.151803e-08	0.000000e+00
4.320000e+03	4.360000e+03	4.983987e-09	9.971850e-10	2.048698e-09
4.360000e+03	4.400000e+03	8.441862e-09	4.227847e-09	4.411600e-10
4.400000e+03	4.440000e+03	9.250120e-09	2.894019e-08	0.000000e+00
4.440000e+03	4.480000e+03	7.543140e-09	6.675262e-09	4.315727e-09
4.480000e+03	4.520000e+03	3.323372e-09	0.000000e+00	1.176620e-09
4.520000e+03	4.560000e+03	4.608240e-09	3.911275e-10	1.065243e-09
4.560000e+03	4.600000e+03	4.801512e-09	2.369175e-09	0.000000e+00
4.600000e+03	4.640000e+03	7.248315e-09	4.350238e-09	0.000000e+00
4.640000e+03	4.680000e+03	4.095010e-09	2.631832e-09	0.000000e+00
4.680000e+03	4.720000e+03	1.799097e-09	0.000000e+00	1.530088e-09
4.720000e+03	4.760000e+03	1.630488e-09	7.757602e-10	1.202826e-09
4.760000e+03	4.800000e+03	1.411182e-09	6.131950e-11	9.575223e-10
4.800000e+03	4.840000e+03	1.430998e-09	6.158143e-10	4.799157e-09
4.840000e+03	4.880000e+03	9.639992e-10	0.000000e+00	1.299261e-09
4.880000e+03	4.920000e+03	1.159255e-09	0.000000e+00	7.564660e-10
4.920000e+03	4.960000e+03	2.677205e-09	2.389288e-09	3.033868e-09
4.960000e+03	5.000000e+03	8.348278e-10	0.000000e+00	5.199637e-09
5.000000e+03	5.040000e+03	1.269336e-09	4.891540e-10	1.055463e-09
5.040000e+03	5.080000e+03	1.578115e-09	5.226605e-10	0.000000e+00
5.080000e+03	5.120000e+03	1.768223e-09	1.140875e-09	0.000000e+00
5.120000e+03	5.160000e+03	-1.706868e-09	0.000000e+00	3.801197e-09
5.160000e+03	5.200000e+03	5.971795e-10	0.000000e+00	5.474258e-10
5.200000e+03	5.240000e+03	1.056329e-09	6.534152e-10	0.000000e+00
5.240000e+03	5.280000e+03	9.291315e-11	0.000000e+00	9.344191e-10
5.280000e+03	5.320000e+03	1.039043e-09	0.000000e+00	1.265725e-09
5.320000e+03	5.360000e+03	1.156372e-09	3.254820e-10	0.000000e+00
5.360000e+03	5.400000e+03	1.292824e-09	5.935410e-10	5.629488e-10
5.400000e+03	5.440000e+03	8.040362e-10	6.501516e-10	0.000000e+00
5.440000e+03	5.480000e+03	6.483728e-10	5.110756e-10	0.000000e+00
5.480000e+03	5.520000e+03	-1.421051e-09	0.000000e+00	2.288039e-09
5.520000e+03	5.560000e+03	9.385010e-10	8.577611e-10	0.000000e+00
5.560000e+03	5.600000e+03	2.085515e-10	4.038638e-11	1.833362e-10
5.600000e+03	5.640000e+03	6.157095e-11	4.700500e-13	2.716867e-09
5.640000e+03	5.680000e+03	7.915190e-10	1.657437e-10	1.028908e-10
5.680000e+03	5.720000e+03	1.664136e-10	0.000000e+00	1.937101e-10
5.720000e+03	5.760000e+03	2.463654e-10	1.935337e-10	2.306842e-09
5.760000e+03	5.800000e+03	7.773325e-10	6.384031e-10	2.922958e-10
5.800000e+03	5.840000e+03	2.978912e-10	2.460779e-10	1.637618e-10
5.840000e+03	5.880000e+03	7.640205e-11	2.223126e-09	4.833738e-11
5.880000e+03	5.920000e+03	6.140180e-10	7.227946e-10	0.000000e+00
5.920000e+03	5.960000e+03	1.335694e-10	1.147931e-10	0.000000e+00
5.960000e+03	6.000000e+03	6.912285e-11	2.300018e-11	1.958831e-10
# END HISTO1D


# BEGIN HISTO1D //homes/tinghua1/Merging-Project/Production/HJETS/ratio-plots/hjets-vbfnlo/H-2-3-4-25gev-vbfnlo-combine.yoda/MC_H2JETS_07_INC/j3j4_mass
ErrorBandColor=green
ErrorBandOpacity=0.3
ErrorBands=1
ErrorType=env
LineColor=green
LineStyle=solid
Path=//homes/tinghua1/Merging-Project/Production/HJETS/ratio-plots/hjets-vbfnlo/H-2-3-4-25gev-vbfnlo-combine.yoda/MC_H2JETS_07_INC/j3j4_mass
RatioPlotSameStyle=1
Title=h(2,3,4)-vbfnlo
# xlow	 xhigh	 val	 errminus	 errplus
0.000000e+00	4.000000e+01	1.304753e-04	1.360778e-05	2.511627e-05
4.000000e+01	8.000000e+01	5.406742e-04	1.085747e-04	1.441183e-04
8.000000e+01	1.200000e+02	3.535877e-04	7.170425e-05	9.641725e-05
1.200000e+02	1.600000e+02	1.889544e-04	3.770390e-05	4.868912e-05
1.600000e+02	2.000000e+02	1.256059e-04	2.286708e-05	3.061295e-05
2.000000e+02	2.400000e+02	9.875665e-05	1.924543e-05	2.270913e-05
2.400000e+02	2.800000e+02	8.219930e-05	1.707038e-05	2.085405e-05
2.800000e+02	3.200000e+02	7.040012e-05	1.255320e-05	1.858098e-05
3.200000e+02	3.600000e+02	6.200310e-05	1.202180e-05	1.597818e-05
3.600000e+02	4.000000e+02	5.502372e-05	1.078825e-05	1.385538e-05
4.000000e+02	4.400000e+02	4.881610e-05	1.002495e-05	1.298103e-05
4.400000e+02	4.800000e+02	4.408305e-05	8.871650e-06	1.215645e-05
4.800000e+02	5.200000e+02	3.902740e-05	7.807050e-06	1.187057e-05
5.200000e+02	5.600000e+02	3.498245e-05	7.953700e-06	1.075052e-05
5.600000e+02	6.000000e+02	3.233460e-05	7.221425e-06	8.726250e-06
6.000000e+02	6.400000e+02	2.891755e-05	6.830365e-06	8.452825e-06
6.400000e+02	6.800000e+02	2.602570e-05	5.916278e-06	8.183725e-06
6.800000e+02	7.200000e+02	2.350673e-05	5.443575e-06	7.303218e-06
7.200000e+02	7.600000e+02	2.078504e-05	4.743742e-06	6.759565e-06
7.600000e+02	8.000000e+02	1.934330e-05	5.022820e-06	6.047450e-06
8.000000e+02	8.400000e+02	1.723648e-05	4.139905e-06	5.369752e-06
8.400000e+02	8.800000e+02	1.626266e-05	4.564565e-06	4.596223e-06
8.800000e+02	9.200000e+02	1.422330e-05	3.832005e-06	4.592030e-06
9.200000e+02	9.600000e+02	1.481624e-05	4.817660e-06	2.701925e-06
9.600000e+02	1.000000e+03	1.193834e-05	3.188840e-06	3.979452e-06
1.000000e+03	1.040000e+03	1.056156e-05	2.806765e-06	4.002608e-06
1.040000e+03	1.080000e+03	9.788898e-06	2.704755e-06	3.275325e-06
1.080000e+03	1.120000e+03	8.854720e-06	2.162350e-06	3.098695e-06
1.120000e+03	1.160000e+03	8.081940e-06	1.960145e-06	3.103660e-06
1.160000e+03	1.200000e+03	7.544922e-06	2.118947e-06	2.639922e-06
1.200000e+03	1.240000e+03	6.799470e-06	1.947330e-06	2.456730e-06
1.240000e+03	1.280000e+03	6.208525e-06	1.494073e-06	2.890600e-06
1.280000e+03	1.320000e+03	5.741963e-06	1.515967e-06	1.993600e-06
1.320000e+03	1.360000e+03	5.139402e-06	1.336500e-06	1.976205e-06
1.360000e+03	1.400000e+03	4.659308e-06	1.304708e-06	1.911645e-06
1.400000e+03	1.440000e+03	4.431880e-06	1.066800e-06	1.867935e-06
1.440000e+03	1.480000e+03	4.002335e-06	9.875225e-07	1.603253e-06
1.480000e+03	1.520000e+03	3.682630e-06	1.097660e-06	1.364630e-06
1.520000e+03	1.560000e+03	3.552083e-06	9.782925e-07	1.162230e-06
1.560000e+03	1.600000e+03	3.058732e-06	8.865892e-07	9.444300e-07
1.600000e+03	1.640000e+03	2.926965e-06	7.844057e-07	1.191595e-06
1.640000e+03	1.680000e+03	2.621792e-06	7.694032e-07	1.254858e-06
1.680000e+03	1.720000e+03	2.533938e-06	7.905373e-07	9.343450e-07
1.720000e+03	1.760000e+03	2.362873e-06	8.563545e-07	6.675568e-07
1.760000e+03	1.800000e+03	2.087099e-06	4.903825e-07	6.526435e-07
1.800000e+03	1.840000e+03	1.919966e-06	5.926350e-07	9.794860e-07
1.840000e+03	1.880000e+03	1.772464e-06	5.883027e-07	5.891262e-07
1.880000e+03	1.920000e+03	1.644704e-06	3.575340e-07	5.806343e-07
1.920000e+03	1.960000e+03	1.323585e-06	3.472075e-07	6.692463e-07
1.960000e+03	2.000000e+03	1.388051e-06	4.080543e-07	5.894195e-07
2.000000e+03	2.040000e+03	1.193865e-06	2.838735e-07	6.063835e-07
2.040000e+03	2.080000e+03	1.143679e-06	3.119375e-07	5.201340e-07
2.080000e+03	2.120000e+03	1.030000e-06	2.548395e-07	4.074470e-07
2.120000e+03	2.160000e+03	9.605333e-07	3.169490e-07	5.267885e-07
2.160000e+03	2.200000e+03	9.035843e-07	3.147732e-07	3.505465e-07
2.200000e+03	2.240000e+03	7.810850e-07	2.070615e-07	4.405188e-07
2.240000e+03	2.280000e+03	7.340287e-07	2.361975e-07	2.754103e-07
2.280000e+03	2.320000e+03	7.760310e-07	3.000187e-07	5.304075e-08
2.320000e+03	2.360000e+03	6.209275e-07	1.642140e-07	2.230935e-07
2.360000e+03	2.400000e+03	7.086650e-07	2.949790e-07	1.317325e-07
2.400000e+03	2.440000e+03	5.610282e-07	2.252847e-07	1.890033e-07
2.440000e+03	2.480000e+03	4.942928e-07	1.890175e-07	2.874758e-07
2.480000e+03	2.520000e+03	4.172065e-07	1.298738e-07	1.642805e-07
2.520000e+03	2.560000e+03	3.640152e-07	5.411550e-08	2.035423e-07
2.560000e+03	2.600000e+03	3.750328e-07	1.297081e-07	1.430827e-07
2.600000e+03	2.640000e+03	3.624168e-07	1.212440e-07	6.805725e-08
2.640000e+03	2.680000e+03	3.038025e-07	1.054662e-07	1.662818e-07
2.680000e+03	2.720000e+03	3.424310e-07	1.267173e-07	1.033128e-07
2.720000e+03	2.760000e+03	2.644400e-07	8.991190e-08	1.224710e-07
2.760000e+03	2.800000e+03	2.600243e-07	9.807685e-08	8.853925e-08
2.800000e+03	2.840000e+03	2.231783e-07	7.932887e-08	9.125240e-08
2.840000e+03	2.880000e+03	1.919777e-07	6.060205e-08	9.838507e-08
2.880000e+03	2.920000e+03	1.921636e-07	6.899293e-08	4.460120e-08
2.920000e+03	2.960000e+03	1.615811e-07	5.735515e-08	9.373515e-08
2.960000e+03	3.000000e+03	1.423081e-07	3.823265e-08	7.708365e-08
3.000000e+03	3.040000e+03	1.440264e-07	5.221685e-08	4.872782e-08
3.040000e+03	3.080000e+03	1.230670e-07	3.019623e-08	6.497992e-08
3.080000e+03	3.120000e+03	1.043382e-07	2.752880e-08	5.551780e-08
3.120000e+03	3.160000e+03	1.149927e-07	2.890735e-08	3.384780e-08
3.160000e+03	3.200000e+03	1.092914e-07	4.651387e-08	4.814960e-08
3.200000e+03	3.240000e+03	8.996640e-08	3.440460e-08	6.494618e-08
3.240000e+03	3.280000e+03	7.650157e-08	5.684700e-09	4.039618e-08
3.280000e+03	3.320000e+03	7.168678e-08	2.780615e-08	2.691768e-08
3.320000e+03	3.360000e+03	6.918033e-08	1.628350e-09	1.778265e-08
3.360000e+03	3.400000e+03	6.108830e-08	2.892593e-08	1.184347e-08
3.400000e+03	3.440000e+03	6.067165e-08	2.578878e-08	1.305512e-08
3.440000e+03	3.480000e+03	6.313910e-08	3.267417e-08	1.734280e-08
3.480000e+03	3.520000e+03	5.790538e-08	3.114330e-08	0.000000e+00
3.520000e+03	3.560000e+03	4.836927e-08	1.211485e-08	3.670175e-09
3.560000e+03	3.600000e+03	2.883165e-08	2.341150e-09	2.777590e-08
3.600000e+03	3.640000e+03	5.576495e-08	3.939372e-08	0.000000e+00
3.640000e+03	3.680000e+03	3.214625e-08	1.351762e-08	2.770323e-08
3.680000e+03	3.720000e+03	2.621577e-08	4.931357e-09	1.575075e-08
3.720000e+03	3.760000e+03	2.773895e-08	5.970208e-09	1.327640e-08
3.760000e+03	3.800000e+03	2.340497e-08	5.121077e-09	1.855270e-08
3.800000e+03	3.840000e+03	1.423685e-08	0.000000e+00	1.893390e-08
3.840000e+03	3.880000e+03	2.179697e-08	4.484358e-09	1.277013e-08
3.880000e+03	3.920000e+03	2.224956e-08	1.225134e-08	5.439990e-09
3.920000e+03	3.960000e+03	1.905883e-08	7.012605e-09	5.120215e-09
3.960000e+03	4.000000e+03	1.690251e-08	4.961205e-09	1.001486e-08
4.000000e+03	4.040000e+03	1.149918e-08	0.000000e+00	1.662102e-08
4.040000e+03	4.080000e+03	1.348601e-08	3.004460e-09	4.662315e-09
4.080000e+03	4.120000e+03	9.835063e-09	2.643375e-09	2.908712e-09
4.120000e+03	4.160000e+03	7.934240e-09	3.640805e-09	7.349040e-09
4.160000e+03	4.200000e+03	7.936478e-09	1.232085e-09	5.132528e-09
4.200000e+03	4.240000e+03	1.007934e-08	3.217697e-09	1.963500e-09
4.240000e+03	4.280000e+03	9.251850e-09	4.399457e-09	4.298143e-09
4.280000e+03	4.320000e+03	7.747342e-09	1.509525e-09	5.962625e-10
4.320000e+03	4.360000e+03	5.801730e-09	2.133157e-09	3.428890e-09
4.360000e+03	4.400000e+03	5.821245e-09	0.000000e+00	2.819782e-09
4.400000e+03	4.440000e+03	9.710368e-09	5.632508e-09	0.000000e+00
4.440000e+03	4.480000e+03	5.495830e-09	2.204650e-09	1.947850e-09
4.480000e+03	4.520000e+03	4.242818e-09	0.000000e+00	1.120197e-09
4.520000e+03	4.560000e+03	4.039552e-09	1.493925e-09	4.250645e-09
4.560000e+03	4.600000e+03	5.253040e-09	1.634268e-09	1.150630e-09
4.600000e+03	4.640000e+03	4.001375e-09	9.010250e-10	1.833705e-09
4.640000e+03	4.680000e+03	4.350265e-09	2.313371e-09	1.585798e-09
4.680000e+03	4.720000e+03	3.211898e-09	8.787758e-10	0.000000e+00
4.720000e+03	4.760000e+03	3.409838e-09	6.811450e-10	0.000000e+00
4.760000e+03	4.800000e+03	1.666481e-09	1.716383e-10	2.172189e-09
4.800000e+03	4.840000e+03	2.326316e-09	1.255981e-09	0.000000e+00
4.840000e+03	4.880000e+03	2.540790e-09	1.157204e-09	4.947700e-10
4.880000e+03	4.920000e+03	1.939504e-09	5.849388e-10	0.000000e+00
4.920000e+03	4.960000e+03	1.817678e-09	5.428402e-10	5.452400e-11
4.960000e+03	5.000000e+03	1.542287e-09	8.907883e-10	0.000000e+00
5.000000e+03	5.040000e+03	8.831123e-10	3.571452e-10	3.144293e-09
5.040000e+03	5.080000e+03	1.186517e-09	4.577567e-10	6.530147e-10
5.080000e+03	5.120000e+03	2.179446e-09	1.384130e-09	0.000000e+00
5.120000e+03	5.160000e+03	1.373532e-09	3.399538e-09	0.000000e+00
5.160000e+03	5.200000e+03	9.540765e-10	4.140995e-10	7.061880e-10
5.200000e+03	5.240000e+03	8.864815e-10	4.555787e-10	2.626143e-10
5.240000e+03	5.280000e+03	5.441612e-10	1.693808e-10	9.700633e-10
5.280000e+03	5.320000e+03	9.357042e-10	5.596440e-10	3.359350e-10
5.320000e+03	5.360000e+03	6.393520e-10	3.219710e-10	1.146663e-09
5.360000e+03	5.400000e+03	4.494047e-10	1.462565e-10	5.990713e-10
5.400000e+03	5.440000e+03	4.188640e-10	0.000000e+00	1.641335e-09
5.440000e+03	5.480000e+03	9.824448e-10	6.124898e-10	3.190250e-12
5.480000e+03	5.520000e+03	3.132920e-12	0.000000e+00	1.346419e-09
5.520000e+03	5.560000e+03	4.699795e-10	2.162882e-10	0.000000e+00
5.560000e+03	5.600000e+03	1.879267e-10	1.058827e-10	1.898855e-10
5.600000e+03	5.640000e+03	1.783971e-10	5.941611e-10	1.893141e-10
5.640000e+03	5.680000e+03	1.356059e-10	0.000000e+00	3.029833e-10
5.680000e+03	5.720000e+03	4.580210e-10	3.327045e-10	0.000000e+00
5.720000e+03	5.760000e+03	2.107908e-10	1.286703e-10	0.000000e+00
5.760000e+03	5.800000e+03	2.435361e-10	1.043873e-10	2.525578e-10
5.800000e+03	5.840000e+03	2.069409e-10	5.480935e-11	3.884135e-11
5.840000e+03	5.880000e+03	1.897425e-10	8.793527e-11	0.000000e+00
5.880000e+03	5.920000e+03	2.798437e-10	5.729450e-11	1.827108e-10
5.920000e+03	5.960000e+03	4.117542e-10	2.550081e-10	0.000000e+00
5.960000e+03	6.000000e+03	7.529312e-11	1.742332e-11	1.955370e-11
# END HISTO1D


# BEGIN HISTO1D //homes/tinghua1/Merging-Project/Production/HJETS/ratio-plots/hjets-vbfnlo/H-2-3-25gev-combine.yoda/MC_H2JETS_07_INC/j3j4_mass
ErrorBandColor=purple
ErrorBandOpacity=0.3
ErrorBands=1
ErrorType=env
LineColor=purple
LineStyle=solid
Path=//homes/tinghua1/Merging-Project/Production/HJETS/ratio-plots/hjets-vbfnlo/H-2-3-25gev-combine.yoda/MC_H2JETS_07_INC/j3j4_mass
RatioPlotSameStyle=1
Title=h(2,3)
# xlow	 xhigh	 val	 errminus	 errplus
0.000000e+00	4.000000e+01	2.223582e-04	0.000000e+00	5.003080e-05
4.000000e+01	8.000000e+01	9.842428e-04	0.000000e+00	4.688138e-04
8.000000e+01	1.200000e+02	6.827540e-04	0.000000e+00	3.410325e-04
1.200000e+02	1.600000e+02	3.270405e-04	0.000000e+00	1.739017e-04
1.600000e+02	2.000000e+02	1.972899e-04	0.000000e+00	1.083603e-04
2.000000e+02	2.400000e+02	1.373161e-04	0.000000e+00	7.544893e-05
2.400000e+02	2.800000e+02	1.026458e-04	0.000000e+00	5.829680e-05
2.800000e+02	3.200000e+02	8.086953e-05	0.000000e+00	4.716227e-05
3.200000e+02	3.600000e+02	6.523870e-05	0.000000e+00	3.905362e-05
3.600000e+02	4.000000e+02	5.384918e-05	0.000000e+00	3.395562e-05
4.000000e+02	4.400000e+02	4.573273e-05	0.000000e+00	2.877957e-05
4.400000e+02	4.800000e+02	3.920850e-05	0.000000e+00	2.527465e-05
4.800000e+02	5.200000e+02	3.384300e-05	0.000000e+00	2.234448e-05
5.200000e+02	5.600000e+02	2.897190e-05	0.000000e+00	2.066747e-05
5.600000e+02	6.000000e+02	2.567133e-05	0.000000e+00	1.758797e-05
6.000000e+02	6.400000e+02	2.259994e-05	0.000000e+00	1.603746e-05
6.400000e+02	6.800000e+02	1.986256e-05	0.000000e+00	1.406274e-05
6.800000e+02	7.200000e+02	1.749127e-05	0.000000e+00	1.334653e-05
7.200000e+02	7.600000e+02	1.544776e-05	0.000000e+00	1.121182e-05
7.600000e+02	8.000000e+02	1.383067e-05	0.000000e+00	1.060798e-05
8.000000e+02	8.400000e+02	1.219332e-05	0.000000e+00	9.849010e-06
8.400000e+02	8.800000e+02	1.095558e-05	0.000000e+00	9.192122e-06
8.800000e+02	9.200000e+02	1.013422e-05	0.000000e+00	7.880258e-06
9.200000e+02	9.600000e+02	8.729453e-06	0.000000e+00	7.164470e-06
9.600000e+02	1.000000e+03	8.010880e-06	0.000000e+00	6.356438e-06
1.000000e+03	1.040000e+03	7.078905e-06	0.000000e+00	5.989680e-06
1.040000e+03	1.080000e+03	6.486282e-06	0.000000e+00	5.228490e-06
1.080000e+03	1.120000e+03	5.902033e-06	0.000000e+00	4.821438e-06
1.120000e+03	1.160000e+03	5.210048e-06	0.000000e+00	4.790545e-06
1.160000e+03	1.200000e+03	4.783300e-06	0.000000e+00	4.300688e-06
1.200000e+03	1.240000e+03	4.186413e-06	0.000000e+00	3.975170e-06
1.240000e+03	1.280000e+03	3.884273e-06	0.000000e+00	3.524292e-06
1.280000e+03	1.320000e+03	3.591580e-06	0.000000e+00	3.142302e-06
1.320000e+03	1.360000e+03	3.165725e-06	0.000000e+00	3.108685e-06
1.360000e+03	1.400000e+03	2.920552e-06	0.000000e+00	2.825018e-06
1.400000e+03	1.440000e+03	2.631670e-06	0.000000e+00	2.516352e-06
1.440000e+03	1.480000e+03	2.459010e-06	0.000000e+00	2.230705e-06
1.480000e+03	1.520000e+03	2.134860e-06	0.000000e+00	2.145130e-06
1.520000e+03	1.560000e+03	2.045753e-06	0.000000e+00	1.876950e-06
1.560000e+03	1.600000e+03	1.829739e-06	0.000000e+00	1.784513e-06
1.600000e+03	1.640000e+03	1.702563e-06	0.000000e+00	1.609087e-06
1.640000e+03	1.680000e+03	1.573821e-06	0.000000e+00	1.477929e-06
1.680000e+03	1.720000e+03	1.395999e-06	0.000000e+00	1.237491e-06
1.720000e+03	1.760000e+03	1.223350e-06	0.000000e+00	1.365972e-06
1.760000e+03	1.800000e+03	1.151619e-06	0.000000e+00	1.183014e-06
1.800000e+03	1.840000e+03	1.130605e-06	0.000000e+00	1.020577e-06
1.840000e+03	1.880000e+03	9.865145e-07	0.000000e+00	9.353280e-07
1.880000e+03	1.920000e+03	9.519615e-07	0.000000e+00	8.627205e-07
1.920000e+03	1.960000e+03	8.530530e-07	0.000000e+00	8.502588e-07
1.960000e+03	2.000000e+03	7.938362e-07	0.000000e+00	7.890763e-07
2.000000e+03	2.040000e+03	6.692827e-07	0.000000e+00	7.152345e-07
2.040000e+03	2.080000e+03	5.998600e-07	0.000000e+00	6.177703e-07
2.080000e+03	2.120000e+03	5.710653e-07	0.000000e+00	5.953820e-07
2.120000e+03	2.160000e+03	5.770642e-07	0.000000e+00	5.125970e-07
2.160000e+03	2.200000e+03	4.578880e-07	0.000000e+00	5.213150e-07
2.200000e+03	2.240000e+03	4.818195e-07	0.000000e+00	4.262040e-07
2.240000e+03	2.280000e+03	3.975618e-07	0.000000e+00	4.368818e-07
2.280000e+03	2.320000e+03	3.556902e-07	0.000000e+00	3.986740e-07
2.320000e+03	2.360000e+03	3.231818e-07	0.000000e+00	3.680457e-07
2.360000e+03	2.400000e+03	2.963900e-07	0.000000e+00	3.482355e-07
2.400000e+03	2.440000e+03	2.818333e-07	0.000000e+00	3.160545e-07
2.440000e+03	2.480000e+03	2.394656e-07	0.000000e+00	2.792554e-07
2.480000e+03	2.520000e+03	2.293475e-07	0.000000e+00	2.824437e-07
2.520000e+03	2.560000e+03	2.266369e-07	0.000000e+00	2.409163e-07
2.560000e+03	2.600000e+03	1.927675e-07	0.000000e+00	2.089395e-07
2.600000e+03	2.640000e+03	1.827512e-07	0.000000e+00	2.260523e-07
2.640000e+03	2.680000e+03	1.570104e-07	0.000000e+00	1.664647e-07
2.680000e+03	2.720000e+03	1.322678e-07	0.000000e+00	1.707644e-07
2.720000e+03	2.760000e+03	1.463126e-07	0.000000e+00	1.227664e-07
2.760000e+03	2.800000e+03	1.316009e-07	0.000000e+00	1.324019e-07
2.800000e+03	2.840000e+03	1.106071e-07	0.000000e+00	1.241626e-07
2.840000e+03	2.880000e+03	9.281093e-08	0.000000e+00	1.152070e-07
2.880000e+03	2.920000e+03	8.987675e-08	0.000000e+00	9.895550e-08
2.920000e+03	2.960000e+03	9.573000e-08	0.000000e+00	8.764493e-08
2.960000e+03	3.000000e+03	6.966705e-08	0.000000e+00	1.074277e-07
3.000000e+03	3.040000e+03	7.064713e-08	0.000000e+00	7.990772e-08
3.040000e+03	3.080000e+03	5.558698e-08	0.000000e+00	9.271625e-08
3.080000e+03	3.120000e+03	6.319943e-08	0.000000e+00	5.338735e-08
3.120000e+03	3.160000e+03	5.196930e-08	0.000000e+00	7.725795e-08
3.160000e+03	3.200000e+03	5.222968e-08	0.000000e+00	5.532427e-08
3.200000e+03	3.240000e+03	3.600433e-08	0.000000e+00	6.754707e-08
3.240000e+03	3.280000e+03	4.149495e-08	0.000000e+00	3.292632e-08
3.280000e+03	3.320000e+03	3.474265e-08	0.000000e+00	4.100250e-08
3.320000e+03	3.360000e+03	-1.097828e-08	0.000000e+00	7.462796e-08
3.360000e+03	3.400000e+03	2.437299e-08	0.000000e+00	3.297986e-08
3.400000e+03	3.440000e+03	2.831295e-08	0.000000e+00	3.028975e-08
3.440000e+03	3.480000e+03	2.219250e-08	0.000000e+00	3.366958e-08
3.480000e+03	3.520000e+03	1.878629e-08	0.000000e+00	2.267786e-08
3.520000e+03	3.560000e+03	2.295128e-08	0.000000e+00	1.686827e-08
3.560000e+03	3.600000e+03	1.700204e-08	0.000000e+00	2.166617e-08
3.600000e+03	3.640000e+03	1.787043e-08	0.000000e+00	1.589343e-08
3.640000e+03	3.680000e+03	2.413626e-08	0.000000e+00	7.578343e-09
3.680000e+03	3.720000e+03	1.823092e-08	0.000000e+00	1.448795e-08
3.720000e+03	3.760000e+03	1.485697e-08	0.000000e+00	1.772215e-08
3.760000e+03	3.800000e+03	7.094278e-09	0.000000e+00	2.112525e-08
3.800000e+03	3.840000e+03	1.297229e-08	0.000000e+00	7.951475e-09
3.840000e+03	3.880000e+03	8.793540e-09	0.000000e+00	1.639441e-08
3.880000e+03	3.920000e+03	1.344610e-08	2.666777e-09	7.738723e-09
3.920000e+03	3.960000e+03	3.896915e-09	0.000000e+00	1.448832e-08
3.960000e+03	4.000000e+03	6.695798e-09	0.000000e+00	9.052290e-09
4.000000e+03	4.040000e+03	8.206620e-09	0.000000e+00	4.954445e-09
4.040000e+03	4.080000e+03	6.128345e-09	0.000000e+00	6.467905e-09
4.080000e+03	4.120000e+03	5.444955e-09	0.000000e+00	6.394188e-09
4.120000e+03	4.160000e+03	3.382257e-09	0.000000e+00	7.151290e-09
4.160000e+03	4.200000e+03	3.023920e-09	0.000000e+00	6.879960e-09
4.200000e+03	4.240000e+03	4.845207e-09	0.000000e+00	3.405497e-09
4.240000e+03	4.280000e+03	3.382605e-09	0.000000e+00	1.804387e-09
4.280000e+03	4.320000e+03	2.689192e-09	0.000000e+00	6.007112e-09
4.320000e+03	4.360000e+03	2.192828e-09	0.000000e+00	4.892302e-09
4.360000e+03	4.400000e+03	1.370875e-09	0.000000e+00	4.842595e-09
4.400000e+03	4.440000e+03	2.587295e-09	1.456022e-09	2.908830e-09
4.440000e+03	4.480000e+03	1.849054e-09	0.000000e+00	7.508804e-09
4.480000e+03	4.520000e+03	4.337155e-10	0.000000e+00	6.412974e-09
4.520000e+03	4.560000e+03	6.778768e-10	0.000000e+00	2.932268e-09
4.560000e+03	4.600000e+03	1.745532e-09	0.000000e+00	2.518663e-09
4.600000e+03	4.640000e+03	2.890183e-09	1.460610e-09	3.922350e-10
4.640000e+03	4.680000e+03	1.426466e-09	0.000000e+00	1.862424e-09
4.680000e+03	4.720000e+03	1.399008e-09	0.000000e+00	8.278527e-10
4.720000e+03	4.760000e+03	8.782868e-10	0.000000e+00	2.985506e-09
4.760000e+03	4.800000e+03	5.275262e-10	0.000000e+00	2.489404e-09
4.800000e+03	4.840000e+03	1.154319e-09	3.211045e-10	1.563228e-09
4.840000e+03	4.880000e+03	7.324070e-10	1.905755e-10	6.523210e-10
4.880000e+03	4.920000e+03	1.060242e-09	0.000000e+00	9.461093e-10
4.920000e+03	4.960000e+03	3.047605e-10	0.000000e+00	1.020499e-09
4.960000e+03	5.000000e+03	6.426540e-10	0.000000e+00	2.021806e-09
5.000000e+03	5.040000e+03	7.082468e-10	0.000000e+00	5.108525e-10
5.040000e+03	5.080000e+03	1.053069e-09	7.262712e-10	8.331655e-10
5.080000e+03	5.120000e+03	2.456491e-10	0.000000e+00	1.525721e-09
5.120000e+03	5.160000e+03	2.262531e-09	1.576985e-09	0.000000e+00
5.160000e+03	5.200000e+03	3.449892e-10	0.000000e+00	2.259597e-10
5.200000e+03	5.240000e+03	3.398708e-10	0.000000e+00	1.705980e-10
5.240000e+03	5.280000e+03	2.463837e-10	0.000000e+00	5.237555e-10
5.280000e+03	5.320000e+03	1.051550e-10	0.000000e+00	4.787020e-10
5.320000e+03	5.360000e+03	3.259553e-10	0.000000e+00	1.057774e-09
5.360000e+03	5.400000e+03	3.801407e-10	1.354355e-10	2.404905e-10
5.400000e+03	5.440000e+03	3.254062e-10	2.177990e-10	3.106800e-10
5.440000e+03	5.480000e+03	1.118376e-10	0.000000e+00	4.480673e-10
5.480000e+03	5.520000e+03	1.113467e-10	5.123800e-11	3.723242e-10
5.520000e+03	5.560000e+03	9.972638e-11	0.000000e+00	1.902566e-10
5.560000e+03	5.600000e+03	7.622175e-11	0.000000e+00	8.631542e-10
5.600000e+03	5.640000e+03	7.053835e-11	0.000000e+00	5.039081e-10
5.640000e+03	5.680000e+03	9.114695e-11	0.000000e+00	3.534710e-10
5.680000e+03	5.720000e+03	3.733953e-11	0.000000e+00	1.266655e-10
5.720000e+03	5.760000e+03	9.656440e-11	0.000000e+00	5.861211e-10
5.760000e+03	5.800000e+03	1.647599e-11	0.000000e+00	3.456750e-10
5.800000e+03	5.840000e+03	6.074775e-12	0.000000e+00	1.096616e-10
5.840000e+03	5.880000e+03	5.478425e-11	2.940575e-11	2.888463e-11
5.880000e+03	5.920000e+03	3.512198e-11	0.000000e+00	8.648722e-11
5.920000e+03	5.960000e+03	8.885478e-12	0.000000e+00	1.378393e-10
5.960000e+03	6.000000e+03	1.817437e-10	1.211723e-10	0.000000e+00
# END HISTO1D


# BEGIN HISTO1D //homes/tinghua1/Merging-Project/Production/HJETS/ratio-plots/hjets-vbfnlo/H-2-3-25gev-vbfnlo-combine.yoda/MC_H2JETS_07_INC/j3j4_mass
ErrorBandColor=violet
ErrorBandOpacity=0.3
ErrorBands=1
ErrorType=env
LineColor=violet
LineStyle=solid
Path=//homes/tinghua1/Merging-Project/Production/HJETS/ratio-plots/hjets-vbfnlo/H-2-3-25gev-vbfnlo-combine.yoda/MC_H2JETS_07_INC/j3j4_mass
RatioPlotSameStyle=1
Title=h(2,3)-vbfnlo
# xlow	 xhigh	 val	 errminus	 errplus
0.000000e+00	4.000000e+01	1.572161e-04	3.981090e-05	0.000000e+00
4.000000e+01	8.000000e+01	6.268380e-04	2.316065e-04	0.000000e+00
8.000000e+01	1.200000e+02	3.684908e-04	1.361370e-04	0.000000e+00
1.200000e+02	1.600000e+02	1.926280e-04	6.889132e-05	0.000000e+00
1.600000e+02	2.000000e+02	1.294349e-04	4.543400e-05	0.000000e+00
2.000000e+02	2.400000e+02	1.003280e-04	3.436435e-05	0.000000e+00
2.400000e+02	2.800000e+02	8.425120e-05	2.954468e-05	0.000000e+00
2.800000e+02	3.200000e+02	7.344225e-05	2.426515e-05	0.000000e+00
3.200000e+02	3.600000e+02	6.505960e-05	2.388742e-05	0.000000e+00
3.600000e+02	4.000000e+02	5.826413e-05	2.191083e-05	0.000000e+00
4.000000e+02	4.400000e+02	5.189360e-05	1.953250e-05	0.000000e+00
4.400000e+02	4.800000e+02	4.691710e-05	1.806415e-05	0.000000e+00
4.800000e+02	5.200000e+02	4.230790e-05	1.682972e-05	0.000000e+00
5.200000e+02	5.600000e+02	3.821935e-05	1.531122e-05	0.000000e+00
5.600000e+02	6.000000e+02	3.417488e-05	1.394920e-05	0.000000e+00
6.000000e+02	6.400000e+02	3.084533e-05	1.271210e-05	0.000000e+00
6.400000e+02	6.800000e+02	2.794100e-05	1.176839e-05	0.000000e+00
6.800000e+02	7.200000e+02	2.546137e-05	1.071115e-05	0.000000e+00
7.200000e+02	7.600000e+02	2.297568e-05	9.757030e-06	0.000000e+00
7.600000e+02	8.000000e+02	2.085396e-05	8.942590e-06	0.000000e+00
8.000000e+02	8.400000e+02	1.889174e-05	8.238763e-06	0.000000e+00
8.400000e+02	8.800000e+02	1.733104e-05	7.754118e-06	0.000000e+00
8.800000e+02	9.200000e+02	1.555984e-05	6.864912e-06	0.000000e+00
9.200000e+02	9.600000e+02	1.434550e-05	6.394467e-06	0.000000e+00
9.600000e+02	1.000000e+03	1.309272e-05	5.913095e-06	0.000000e+00
1.000000e+03	1.040000e+03	1.201633e-05	5.401247e-06	0.000000e+00
1.040000e+03	1.080000e+03	1.097484e-05	5.090158e-06	0.000000e+00
1.080000e+03	1.120000e+03	9.902155e-06	4.628417e-06	0.000000e+00
1.120000e+03	1.160000e+03	8.986670e-06	4.106535e-06	0.000000e+00
1.160000e+03	1.200000e+03	8.315567e-06	3.903402e-06	0.000000e+00
1.200000e+03	1.240000e+03	7.543180e-06	3.471883e-06	0.000000e+00
1.240000e+03	1.280000e+03	6.986540e-06	3.359817e-06	0.000000e+00
1.280000e+03	1.320000e+03	6.392340e-06	3.091510e-06	0.000000e+00
1.320000e+03	1.360000e+03	5.876730e-06	2.813510e-06	0.000000e+00
1.360000e+03	1.400000e+03	5.365017e-06	2.568030e-06	0.000000e+00
1.400000e+03	1.440000e+03	4.878450e-06	2.270137e-06	0.000000e+00
1.440000e+03	1.480000e+03	4.473602e-06	2.078330e-06	0.000000e+00
1.480000e+03	1.520000e+03	4.184703e-06	2.040987e-06	0.000000e+00
1.520000e+03	1.560000e+03	3.847352e-06	1.865467e-06	0.000000e+00
1.560000e+03	1.600000e+03	3.499950e-06	1.705605e-06	0.000000e+00
1.600000e+03	1.640000e+03	3.306330e-06	1.642992e-06	0.000000e+00
1.640000e+03	1.680000e+03	2.939218e-06	1.420541e-06	0.000000e+00
1.680000e+03	1.720000e+03	2.724555e-06	1.340831e-06	0.000000e+00
1.720000e+03	1.760000e+03	2.502422e-06	1.246616e-06	0.000000e+00
1.760000e+03	1.800000e+03	2.323606e-06	1.199401e-06	0.000000e+00
1.800000e+03	1.840000e+03	2.089871e-06	1.010918e-06	0.000000e+00
1.840000e+03	1.880000e+03	1.963288e-06	1.001702e-06	0.000000e+00
1.880000e+03	1.920000e+03	1.812209e-06	9.110500e-07	0.000000e+00
1.920000e+03	1.960000e+03	1.667771e-06	8.387092e-07	0.000000e+00
1.960000e+03	2.000000e+03	1.507880e-06	7.739383e-07	0.000000e+00
2.000000e+03	2.040000e+03	1.359327e-06	6.479825e-07	0.000000e+00
2.040000e+03	2.080000e+03	1.281764e-06	6.628163e-07	0.000000e+00
2.080000e+03	2.120000e+03	1.177016e-06	6.050265e-07	0.000000e+00
2.120000e+03	2.160000e+03	1.044201e-06	5.111478e-07	0.000000e+00
2.160000e+03	2.200000e+03	9.913423e-07	5.034708e-07	0.000000e+00
2.200000e+03	2.240000e+03	8.992835e-07	4.495048e-07	0.000000e+00
2.240000e+03	2.280000e+03	8.204205e-07	4.027713e-07	0.000000e+00
2.280000e+03	2.320000e+03	7.844153e-07	4.233347e-07	0.000000e+00
2.320000e+03	2.360000e+03	7.074830e-07	3.676517e-07	0.000000e+00
2.360000e+03	2.400000e+03	6.448930e-07	3.427105e-07	0.000000e+00
2.400000e+03	2.440000e+03	6.019295e-07	3.005867e-07	0.000000e+00
2.440000e+03	2.480000e+03	5.847630e-07	3.276713e-07	0.000000e+00
2.480000e+03	2.520000e+03	4.800695e-07	2.416371e-07	0.000000e+00
2.520000e+03	2.560000e+03	4.653527e-07	2.497390e-07	0.000000e+00
2.560000e+03	2.600000e+03	4.162127e-07	2.197485e-07	0.000000e+00
2.600000e+03	2.640000e+03	3.748680e-07	1.980774e-07	0.000000e+00
2.640000e+03	2.680000e+03	3.410390e-07	1.783526e-07	0.000000e+00
2.680000e+03	2.720000e+03	3.193390e-07	1.701909e-07	0.000000e+00
2.720000e+03	2.760000e+03	2.982475e-07	1.629378e-07	0.000000e+00
2.760000e+03	2.800000e+03	2.725853e-07	1.530430e-07	0.000000e+00
2.800000e+03	2.840000e+03	2.374864e-07	1.217637e-07	0.000000e+00
2.840000e+03	2.880000e+03	2.307959e-07	1.282828e-07	0.000000e+00
2.880000e+03	2.920000e+03	1.943145e-07	9.883815e-08	0.000000e+00
2.920000e+03	2.960000e+03	1.777221e-07	9.176260e-08	0.000000e+00
2.960000e+03	3.000000e+03	1.716142e-07	8.500412e-08	0.000000e+00
3.000000e+03	3.040000e+03	1.516257e-07	7.586100e-08	0.000000e+00
3.040000e+03	3.080000e+03	1.390549e-07	6.997460e-08	0.000000e+00
3.080000e+03	3.120000e+03	1.316162e-07	7.072978e-08	0.000000e+00
3.120000e+03	3.160000e+03	1.136227e-07	5.685630e-08	0.000000e+00
3.160000e+03	3.200000e+03	1.060712e-07	5.399107e-08	0.000000e+00
3.200000e+03	3.240000e+03	9.566680e-08	5.075683e-08	0.000000e+00
3.240000e+03	3.280000e+03	8.347857e-08	3.910922e-08	0.000000e+00
3.280000e+03	3.320000e+03	8.753397e-08	5.085765e-08	0.000000e+00
3.320000e+03	3.360000e+03	7.614733e-08	4.130650e-08	0.000000e+00
3.360000e+03	3.400000e+03	6.930658e-08	3.684053e-08	0.000000e+00
3.400000e+03	3.440000e+03	6.786740e-08	3.974185e-08	0.000000e+00
3.440000e+03	3.480000e+03	5.544280e-08	2.922087e-08	0.000000e+00
3.480000e+03	3.520000e+03	4.975667e-08	2.458630e-08	0.000000e+00
3.520000e+03	3.560000e+03	4.861292e-08	2.798699e-08	0.000000e+00
3.560000e+03	3.600000e+03	4.510428e-08	2.735780e-08	0.000000e+00
3.600000e+03	3.640000e+03	4.346595e-08	2.734335e-08	0.000000e+00
3.640000e+03	3.680000e+03	3.652943e-08	1.989544e-08	0.000000e+00
3.680000e+03	3.720000e+03	3.599853e-08	2.018935e-08	0.000000e+00
3.720000e+03	3.760000e+03	3.252660e-08	1.912501e-08	0.000000e+00
3.760000e+03	3.800000e+03	3.037687e-08	1.725080e-08	0.000000e+00
3.800000e+03	3.840000e+03	2.508727e-08	1.409880e-08	0.000000e+00
3.840000e+03	3.880000e+03	2.539893e-08	1.623557e-08	0.000000e+00
3.880000e+03	3.920000e+03	2.266372e-08	1.316747e-08	0.000000e+00
3.920000e+03	3.960000e+03	1.967400e-08	1.174304e-08	0.000000e+00
3.960000e+03	4.000000e+03	1.543172e-08	5.556190e-09	0.000000e+00
4.000000e+03	4.040000e+03	1.455812e-08	7.121388e-09	0.000000e+00
4.040000e+03	4.080000e+03	1.477030e-08	8.610770e-09	0.000000e+00
4.080000e+03	4.120000e+03	1.200778e-08	5.833680e-09	0.000000e+00
4.120000e+03	4.160000e+03	1.188412e-08	6.648247e-09	0.000000e+00
4.160000e+03	4.200000e+03	1.081532e-08	5.084050e-09	0.000000e+00
4.200000e+03	4.240000e+03	1.106933e-08	6.160110e-09	0.000000e+00
4.240000e+03	4.280000e+03	9.876058e-09	4.900048e-09	0.000000e+00
4.280000e+03	4.320000e+03	8.053160e-09	4.315028e-09	0.000000e+00
4.320000e+03	4.360000e+03	8.091225e-09	5.049495e-09	0.000000e+00
4.360000e+03	4.400000e+03	7.173415e-09	4.406142e-09	0.000000e+00
4.400000e+03	4.440000e+03	8.271033e-09	5.664933e-09	0.000000e+00
4.440000e+03	4.480000e+03	5.891317e-09	3.405062e-09	0.000000e+00
4.480000e+03	4.520000e+03	6.182008e-09	4.392917e-09	0.000000e+00
4.520000e+03	4.560000e+03	4.446975e-09	2.506431e-09	0.000000e+00
4.560000e+03	4.600000e+03	3.712978e-09	1.804334e-09	1.654050e-10
4.600000e+03	4.640000e+03	2.392674e-09	2.304075e-10	7.599033e-10
4.640000e+03	4.680000e+03	3.291635e-09	1.713163e-09	0.000000e+00
4.680000e+03	4.720000e+03	3.094485e-09	1.971087e-09	0.000000e+00
4.720000e+03	4.760000e+03	2.555717e-09	1.574927e-09	0.000000e+00
4.760000e+03	4.800000e+03	2.595242e-09	1.711604e-09	0.000000e+00
4.800000e+03	4.840000e+03	2.261215e-09	1.358686e-09	0.000000e+00
4.840000e+03	4.880000e+03	2.322994e-09	1.686340e-09	0.000000e+00
4.880000e+03	4.920000e+03	2.071302e-09	1.155007e-09	0.000000e+00
4.920000e+03	4.960000e+03	1.904438e-09	1.147055e-09	0.000000e+00
4.960000e+03	5.000000e+03	1.971021e-09	1.225909e-09	0.000000e+00
5.000000e+03	5.040000e+03	2.047886e-09	1.657443e-09	0.000000e+00
5.040000e+03	5.080000e+03	2.015130e-09	1.306438e-09	0.000000e+00
5.080000e+03	5.120000e+03	1.592512e-09	1.050689e-09	0.000000e+00
5.120000e+03	5.160000e+03	9.782250e-10	4.662735e-10	0.000000e+00
5.160000e+03	5.200000e+03	1.491609e-09	9.561120e-10	0.000000e+00
5.200000e+03	5.240000e+03	1.309580e-09	1.007636e-09	0.000000e+00
5.240000e+03	5.280000e+03	8.313650e-10	4.000215e-10	0.000000e+00
5.280000e+03	5.320000e+03	8.951178e-10	5.563847e-10	0.000000e+00
5.320000e+03	5.360000e+03	6.924663e-10	4.597119e-10	3.908387e-10
5.360000e+03	5.400000e+03	1.175907e-09	9.037192e-10	0.000000e+00
5.400000e+03	5.440000e+03	5.900540e-10	3.875406e-10	0.000000e+00
5.440000e+03	5.480000e+03	4.909655e-10	1.930600e-10	0.000000e+00
5.480000e+03	5.520000e+03	3.319873e-10	7.261700e-11	1.529302e-10
5.520000e+03	5.560000e+03	4.906515e-10	3.419794e-10	0.000000e+00
5.560000e+03	5.600000e+03	9.069823e-10	7.359475e-10	0.000000e+00
5.600000e+03	5.640000e+03	5.040535e-10	3.216417e-10	0.000000e+00
5.640000e+03	5.680000e+03	3.787570e-10	2.043496e-10	0.000000e+00
5.680000e+03	5.720000e+03	5.856680e-10	4.397742e-10	0.000000e+00
5.720000e+03	5.760000e+03	2.751192e-10	1.964577e-10	0.000000e+00
5.760000e+03	5.800000e+03	4.256162e-10	3.148823e-10	0.000000e+00
5.800000e+03	5.840000e+03	1.655592e-10	4.658533e-11	0.000000e+00
5.840000e+03	5.880000e+03	1.294919e-10	1.056471e-10	0.000000e+00
5.880000e+03	5.920000e+03	3.581178e-10	2.957978e-10	0.000000e+00
5.920000e+03	5.960000e+03	1.265154e-10	6.908883e-11	0.000000e+00
5.960000e+03	6.000000e+03	1.369085e-10	8.334385e-11	0.000000e+00
# END HISTO1D

