# BEGIN PLOT
Rebin=2
DrawOnly=//homes/tinghua1/Merging-Project/Production/HJETS/ratio-plots/hjets-vbfnlo/H-N2-N3-4-25gev-combine.yoda/MC_H2JETS_07_INC/jet1_mass //homes/tinghua1/Merging-Project/Production/HJETS/ratio-plots/hjets-vbfnlo/H-N2-N3-4-25gev-vbfnlo-combine.yoda/MC_H2JETS_07_INC/jet1_mass //homes/tinghua1/Merging-Project/Production/HJETS/ratio-plots/hjets-vbfnlo/H-N2-3-4-25gev-combine.yoda/MC_H2JETS_07_INC/jet1_mass //homes/tinghua1/Merging-Project/Production/HJETS/ratio-plots/hjets-vbfnlo/H-N2-3-4-25gev-vbfnlo-combine.yoda/MC_H2JETS_07_INC/jet1_mass //homes/tinghua1/Merging-Project/Production/HJETS/ratio-plots/hjets-vbfnlo/H-2-3-4-25gev-combine.yoda/MC_H2JETS_07_INC/jet1_mass //homes/tinghua1/Merging-Project/Production/HJETS/ratio-plots/hjets-vbfnlo/H-2-3-4-25gev-vbfnlo-combine.yoda/MC_H2JETS_07_INC/jet1_mass //homes/tinghua1/Merging-Project/Production/HJETS/ratio-plots/hjets-vbfnlo/H-2-3-25gev-combine.yoda/MC_H2JETS_07_INC/jet1_mass //homes/tinghua1/Merging-Project/Production/HJETS/ratio-plots/hjets-vbfnlo/H-2-3-25gev-vbfnlo-combine.yoda/MC_H2JETS_07_INC/jet1_mass
RightMargin=0.5
RatioPlotReference=//homes/tinghua1/Merging-Project/Production/HJETS/ratio-plots/hjets-vbfnlo/H-N2-N3-4-25gev-combine.yoda/MC_H2JETS_07_INC/jet1_mass
#RatioPlot=1
LogY=1
RatioPlotYMax=2.5
#LegendOnly=//homes/tinghua1/Merging-Project/Production/HJETS/ratio-plots/hjets-vbfnlo/H-N2-N3-4-25gev-combine.yoda/MC_H2JETS_07_INC/jet1_mass //homes/tinghua1/Merging-Project/Production/HJETS/ratio-plots/hjets-vbfnlo/H-N2-N3-4-25gev-vbfnlo-combine.yoda/MC_H2JETS_07_INC/jet1_mass //homes/tinghua1/Merging-Project/Production/HJETS/ratio-plots/hjets-vbfnlo/H-N2-3-4-25gev-combine.yoda/MC_H2JETS_07_INC/jet1_mass //homes/tinghua1/Merging-Project/Production/HJETS/ratio-plots/hjets-vbfnlo/H-N2-3-4-25gev-vbfnlo-combine.yoda/MC_H2JETS_07_INC/jet1_mass //homes/tinghua1/Merging-Project/Production/HJETS/ratio-plots/hjets-vbfnlo/H-2-3-4-25gev-combine.yoda/MC_H2JETS_07_INC/jet1_mass //homes/tinghua1/Merging-Project/Production/HJETS/ratio-plots/hjets-vbfnlo/H-2-3-4-25gev-vbfnlo-combine.yoda/MC_H2JETS_07_INC/jet1_mass //homes/tinghua1/Merging-Project/Production/HJETS/ratio-plots/hjets-vbfnlo/H-2-3-25gev-combine.yoda/MC_H2JETS_07_INC/jet1_mass //homes/tinghua1/Merging-Project/Production/HJETS/ratio-plots/hjets-vbfnlo/H-2-3-25gev-vbfnlo-combine.yoda/MC_H2JETS_07_INC/jet1_mass
RatioPlotYLabel=Ratio
Scale=1000.0
XLabel=$m_{j_1}$ (GeV)
LegendAlign=r
YLabel=$ \text{d} \sigma/ \text{d}  m_{j_1}$ (fb/GeV)
Legend=1
RatioPlot=4
MainPlotSelection={"Selection":[1,2,3,4,5,6,7,8]}
RatioPlots={"RatioPlotYLabel":"","Selection":[1,2]};{"RatioPlotYLabel":"","Selection":[3,4]};{"RatioPlotYLabel":"","Selection":[5,6]};{"RatioPlotYLabel":"","Selection":[7,8]}
RatioPlotSameStyle=1
RatioPlotYMin=0.0
# END PLOT


# BEGIN SPECIAL /MC_H2JETS_07_INC/jet1_mass
\rput[tl](0.05,0.75){\parbox{5cm}{\textcolor{gray}{{\bf Herwig 7.2.0} \\ HJETS/ColorFull}}}
# END SPECIAL

# BEGIN HISTO1D //homes/tinghua1/Merging-Project/Production/HJETS/ratio-plots/hjets-vbfnlo/H-N2-N3-4-25gev-combine.yoda/MC_H2JETS_07_INC/jet1_mass
ErrorBandColor=orange
ErrorBandOpacity=0.3
ErrorBands=1
ErrorType=env
LineColor=orange
LineStyle=solid
Path=//homes/tinghua1/Merging-Project/Production/HJETS/ratio-plots/hjets-vbfnlo/H-N2-N3-4-25gev-combine.yoda/MC_H2JETS_07_INC/jet1_mass
RatioPlotSameStyle=1
Title=h(2*,3*,4)
# xlow	 xhigh	 val	 errminus	 errplus
0.000000e+00	1.000000e+00	4.616160e-01	1.432291e-01	3.074003e-01
1.000000e+00	2.000000e+00	6.853192e-02	2.005907e-02	4.790258e-02
2.000000e+00	3.000000e+00	3.617126e-02	1.014883e-02	5.469080e-03
3.000000e+00	4.000000e+00	1.104849e-01	2.913077e-02	7.540200e-03
4.000000e+00	5.000000e+00	1.314744e-01	2.695460e-02	7.347200e-03
5.000000e+00	6.000000e+00	1.449244e-01	2.341540e-02	2.619700e-03
6.000000e+00	7.000000e+00	1.577696e-01	1.955860e-02	0.000000e+00
7.000000e+00	8.000000e+00	1.661447e-01	1.335840e-02	0.000000e+00
8.000000e+00	9.000000e+00	1.690975e-01	1.028950e-02	0.000000e+00
9.000000e+00	1.000000e+01	1.656802e-01	1.459030e-02	0.000000e+00
1.000000e+01	1.100000e+01	1.583489e-01	1.842100e-02	1.660000e-03
1.100000e+01	1.200000e+01	1.473281e-01	1.849300e-02	7.109900e-03
1.200000e+01	1.300000e+01	1.373913e-01	2.184870e-02	8.308000e-03
1.300000e+01	1.400000e+01	1.230733e-01	1.917230e-02	1.167300e-02
1.400000e+01	1.500000e+01	1.129847e-01	1.972070e-02	1.226950e-02
1.500000e+01	1.600000e+01	1.007890e-01	1.818202e-02	1.431520e-02
1.600000e+01	1.700000e+01	9.049156e-02	1.675461e-02	1.418764e-02
1.700000e+01	1.800000e+01	8.395734e-02	1.611236e-02	1.406279e-02
1.800000e+01	1.900000e+01	7.399572e-02	1.508372e-02	1.270126e-02
1.900000e+01	2.000000e+01	6.598219e-02	1.341277e-02	1.428753e-02
2.000000e+01	2.100000e+01	6.009487e-02	1.237224e-02	1.368108e-02
2.100000e+01	2.200000e+01	5.488816e-02	1.255207e-02	1.196449e-02
2.200000e+01	2.300000e+01	4.918749e-02	1.114541e-02	1.069408e-02
2.300000e+01	2.400000e+01	4.407776e-02	1.035208e-02	1.042237e-02
2.400000e+01	2.500000e+01	3.972116e-02	9.018690e-03	8.378080e-03
2.500000e+01	2.600000e+01	3.590861e-02	8.622230e-03	8.959780e-03
2.600000e+01	2.700000e+01	3.247869e-02	7.501470e-03	8.095370e-03
2.700000e+01	2.800000e+01	2.934458e-02	7.208230e-03	8.227820e-03
2.800000e+01	2.900000e+01	2.607121e-02	5.446970e-03	7.347300e-03
2.900000e+01	3.000000e+01	2.394052e-02	5.613560e-03	6.830510e-03
3.000000e+01	3.100000e+01	2.144149e-02	5.504860e-03	5.916050e-03
3.100000e+01	3.200000e+01	1.990694e-02	4.899310e-03	7.308890e-03
3.200000e+01	3.300000e+01	1.843467e-02	4.804440e-03	4.456540e-03
3.300000e+01	3.400000e+01	1.663431e-02	4.383520e-03	4.102240e-03
3.400000e+01	3.500000e+01	1.486152e-02	4.234640e-03	4.626980e-03
3.500000e+01	3.600000e+01	1.319960e-02	3.284108e-03	6.831500e-04
3.600000e+01	3.700000e+01	1.195647e-02	2.759561e-03	4.058510e-03
3.700000e+01	3.800000e+01	1.117527e-02	3.508252e-03	2.799600e-03
3.800000e+01	3.900000e+01	9.765807e-03	2.292576e-03	3.710813e-03
3.900000e+01	4.000000e+01	9.603917e-03	2.976689e-03	2.276163e-03
4.000000e+01	4.100000e+01	8.363283e-03	2.215253e-03	2.653527e-03
4.100000e+01	4.200000e+01	7.999117e-03	2.531616e-03	1.979104e-03
4.200000e+01	4.300000e+01	6.930979e-03	3.281778e-03	2.108798e-03
4.300000e+01	4.400000e+01	6.543492e-03	1.970158e-03	1.753160e-03
4.400000e+01	4.500000e+01	5.481680e-03	8.800450e-04	2.735843e-03
4.500000e+01	4.600000e+01	5.154717e-03	1.178543e-03	1.926948e-03
4.600000e+01	4.700000e+01	4.792887e-03	1.453464e-03	1.234767e-03
4.700000e+01	4.800000e+01	4.359707e-03	1.052104e-03	1.787884e-03
4.800000e+01	4.900000e+01	4.166985e-03	1.179565e-03	1.585692e-03
4.900000e+01	5.000000e+01	3.739646e-03	9.086400e-04	1.174274e-03
5.000000e+01	5.100000e+01	3.467711e-03	8.645760e-04	9.671610e-04
5.100000e+01	5.200000e+01	3.182640e-03	8.275080e-04	8.613860e-04
5.200000e+01	5.300000e+01	2.947327e-03	6.728750e-04	9.284010e-04
5.300000e+01	5.400000e+01	3.096274e-03	1.029373e-03	6.740910e-04
5.400000e+01	5.500000e+01	2.703796e-03	7.370620e-04	6.903840e-04
5.500000e+01	5.600000e+01	2.181296e-03	4.068000e-04	1.035611e-03
5.600000e+01	5.700000e+01	2.318404e-03	6.316490e-04	3.134940e-04
5.700000e+01	5.800000e+01	2.113130e-03	4.637350e-04	3.437500e-04
5.800000e+01	5.900000e+01	2.001765e-03	3.996890e-04	4.349780e-04
5.900000e+01	6.000000e+01	2.036882e-03	5.423690e-04	3.615500e-04
6.000000e+01	6.100000e+01	1.733580e-03	4.066830e-04	3.814920e-04
6.100000e+01	6.200000e+01	1.593946e-03	3.487420e-04	3.406720e-04
6.200000e+01	6.300000e+01	1.479295e-03	2.198140e-04	4.424020e-04
6.300000e+01	6.400000e+01	1.641839e-03	5.318840e-04	1.186810e-04
6.400000e+01	6.500000e+01	1.614697e-03	4.903200e-04	9.510000e-05
6.500000e+01	6.600000e+01	1.331571e-03	3.275510e-04	1.744400e-04
6.600000e+01	6.700000e+01	1.313659e-03	3.893926e-04	2.165420e-04
6.700000e+01	6.800000e+01	1.060556e-03	8.162430e-05	3.762840e-04
6.800000e+01	6.900000e+01	1.184116e-03	3.508014e-04	1.092540e-04
6.900000e+01	7.000000e+01	1.199207e-03	3.519235e-04	0.000000e+00
7.000000e+01	7.100000e+01	1.186009e-03	2.940603e-04	8.698000e-06
7.100000e+01	7.200000e+01	8.944687e-04	3.840200e-05	3.473703e-04
7.200000e+01	7.300000e+01	9.834268e-04	1.514139e-04	2.944872e-04
7.300000e+01	7.400000e+01	1.031570e-03	2.177037e-04	2.513580e-04
7.400000e+01	7.500000e+01	1.062461e-03	2.919235e-04	2.353530e-04
7.500000e+01	7.600000e+01	9.572994e-04	1.089995e-04	9.645586e-04
7.600000e+01	7.700000e+01	1.218144e-03	1.997680e-04	1.449750e-04
7.700000e+01	7.800000e+01	1.411631e-03	3.332090e-04	1.018040e-04
7.800000e+01	7.900000e+01	1.511953e-03	7.984300e-05	1.905290e-04
7.900000e+01	8.000000e+01	2.045712e-03	0.000000e+00	4.223160e-04
8.000000e+01	8.100000e+01	3.215377e-03	1.076410e-04	3.806200e-05
8.100000e+01	8.200000e+01	2.852905e-03	2.032750e-04	6.946900e-05
8.200000e+01	8.300000e+01	2.090722e-03	3.330470e-04	1.292200e-04
8.300000e+01	8.400000e+01	1.519466e-03	1.744620e-04	6.592900e-05
8.400000e+01	8.500000e+01	9.345930e-04	0.000000e+00	5.457360e-04
8.500000e+01	8.600000e+01	1.035802e-03	1.259372e-04	1.656790e-04
8.600000e+01	8.700000e+01	9.084099e-04	1.761881e-04	1.045191e-04
8.700000e+01	8.800000e+01	4.359683e-04	0.000000e+00	6.337577e-04
8.800000e+01	8.900000e+01	7.711534e-04	1.559748e-04	2.701586e-04
8.900000e+01	9.000000e+01	8.118222e-04	9.615560e-05	2.948648e-04
9.000000e+01	9.100000e+01	7.218589e-04	0.000000e+00	4.541631e-04
9.100000e+01	9.200000e+01	1.117398e-03	6.739017e-04	5.068700e-05
9.200000e+01	9.300000e+01	9.359996e-04	1.193021e-04	0.000000e+00
9.300000e+01	9.400000e+01	8.656470e-04	2.531102e-04	0.000000e+00
9.400000e+01	9.500000e+01	6.865077e-04	1.646794e-04	2.332639e-04
9.500000e+01	9.600000e+01	5.029565e-04	1.403369e-04	2.815613e-04
9.600000e+01	9.700000e+01	6.185742e-04	3.049324e-04	0.000000e+00
9.700000e+01	9.800000e+01	2.169869e-04	0.000000e+00	3.253402e-04
9.800000e+01	9.900000e+01	3.213479e-04	6.210100e-05	1.088699e-04
9.900000e+01	1.000000e+02	1.432837e-04	0.000000e+00	2.609661e-04
# END HISTO1D


# BEGIN HISTO1D //homes/tinghua1/Merging-Project/Production/HJETS/ratio-plots/hjets-vbfnlo/H-N2-N3-4-25gev-vbfnlo-combine.yoda/MC_H2JETS_07_INC/jet1_mass
ErrorBandColor=red
ErrorBandOpacity=0.3
ErrorBands=1
ErrorType=env
LineColor=red
LineStyle=solid
Path=//homes/tinghua1/Merging-Project/Production/HJETS/ratio-plots/hjets-vbfnlo/H-N2-N3-4-25gev-vbfnlo-combine.yoda/MC_H2JETS_07_INC/jet1_mass
RatioPlotSameStyle=1
Title=h(2*,3*,4)-vbfnlo
# xlow	 xhigh	 val	 errminus	 errplus
0.000000e+00	1.000000e+00	6.047577e-01	3.525948e-01	0.000000e+00
1.000000e+00	2.000000e+00	7.003213e-02	3.987735e-02	0.000000e+00
2.000000e+00	3.000000e+00	3.300257e-02	1.230410e-02	0.000000e+00
3.000000e+00	4.000000e+00	9.068214e-02	2.835384e-02	0.000000e+00
4.000000e+00	5.000000e+00	1.017401e-01	2.382218e-02	0.000000e+00
5.000000e+00	6.000000e+00	1.073827e-01	1.807134e-02	0.000000e+00
6.000000e+00	7.000000e+00	1.115085e-01	1.048060e-02	1.877400e-03
7.000000e+00	8.000000e+00	1.127875e-01	4.413000e-03	5.130900e-03
8.000000e+00	9.000000e+00	1.106382e-01	0.000000e+00	8.312400e-03
9.000000e+00	1.000000e+01	1.049601e-01	0.000000e+00	1.098440e-02
1.000000e+01	1.100000e+01	9.808083e-02	0.000000e+00	1.313257e-02
1.100000e+01	1.200000e+01	8.918778e-02	0.000000e+00	1.749702e-02
1.200000e+01	1.300000e+01	8.129035e-02	0.000000e+00	1.904845e-02
1.300000e+01	1.400000e+01	7.301305e-02	0.000000e+00	2.353667e-02
1.400000e+01	1.500000e+01	6.513529e-02	0.000000e+00	2.161095e-02
1.500000e+01	1.600000e+01	5.776114e-02	0.000000e+00	2.174617e-02
1.600000e+01	1.700000e+01	5.135621e-02	0.000000e+00	2.198937e-02
1.700000e+01	1.800000e+01	4.584861e-02	0.000000e+00	2.056767e-02
1.800000e+01	1.900000e+01	4.127443e-02	0.000000e+00	1.958869e-02
1.900000e+01	2.000000e+01	3.724543e-02	0.000000e+00	1.895498e-02
2.000000e+01	2.100000e+01	3.319849e-02	0.000000e+00	1.685788e-02
2.100000e+01	2.200000e+01	2.961827e-02	0.000000e+00	1.587824e-02
2.200000e+01	2.300000e+01	2.669317e-02	0.000000e+00	1.506133e-02
2.300000e+01	2.400000e+01	2.370558e-02	0.000000e+00	1.383246e-02
2.400000e+01	2.500000e+01	2.129612e-02	0.000000e+00	1.264946e-02
2.500000e+01	2.600000e+01	1.935094e-02	0.000000e+00	1.168757e-02
2.600000e+01	2.700000e+01	1.743144e-02	0.000000e+00	1.039749e-02
2.700000e+01	2.800000e+01	1.553686e-02	0.000000e+00	1.009022e-02
2.800000e+01	2.900000e+01	1.421132e-02	0.000000e+00	8.904270e-03
2.900000e+01	3.000000e+01	1.271590e-02	0.000000e+00	7.999640e-03
3.000000e+01	3.100000e+01	1.153714e-02	0.000000e+00	7.676760e-03
3.100000e+01	3.200000e+01	1.117153e-02	0.000000e+00	5.915370e-03
3.200000e+01	3.300000e+01	9.293641e-03	0.000000e+00	6.544899e-03
3.300000e+01	3.400000e+01	8.425862e-03	0.000000e+00	5.837088e-03
3.400000e+01	3.500000e+01	7.806370e-03	0.000000e+00	5.247190e-03
3.500000e+01	3.600000e+01	7.041875e-03	0.000000e+00	4.950835e-03
3.600000e+01	3.700000e+01	6.348565e-03	0.000000e+00	4.019315e-03
3.700000e+01	3.800000e+01	5.908939e-03	0.000000e+00	3.639960e-03
3.800000e+01	3.900000e+01	5.284528e-03	0.000000e+00	3.381273e-03
3.900000e+01	4.000000e+01	4.763463e-03	0.000000e+00	3.200180e-03
4.000000e+01	4.100000e+01	4.295777e-03	0.000000e+00	3.240063e-03
4.100000e+01	4.200000e+01	4.040328e-03	0.000000e+00	2.608707e-03
4.200000e+01	4.300000e+01	3.647537e-03	0.000000e+00	2.454067e-03
4.300000e+01	4.400000e+01	3.327196e-03	0.000000e+00	2.279212e-03
4.400000e+01	4.500000e+01	3.065687e-03	0.000000e+00	2.071236e-03
4.500000e+01	4.600000e+01	2.685692e-03	0.000000e+00	1.943963e-03
4.600000e+01	4.700000e+01	2.597937e-03	0.000000e+00	1.639272e-03
4.700000e+01	4.800000e+01	2.499589e-03	0.000000e+00	1.559159e-03
4.800000e+01	4.900000e+01	2.137447e-03	0.000000e+00	1.460810e-03
4.900000e+01	5.000000e+01	1.962734e-03	0.000000e+00	1.102197e-03
5.000000e+01	5.100000e+01	1.876557e-03	0.000000e+00	1.082962e-03
5.100000e+01	5.200000e+01	1.732003e-03	0.000000e+00	9.209420e-04
5.200000e+01	5.300000e+01	1.585912e-03	0.000000e+00	1.065968e-03
5.300000e+01	5.400000e+01	1.521954e-03	0.000000e+00	9.043820e-04
5.400000e+01	5.500000e+01	1.376810e-03	0.000000e+00	8.774210e-04
5.500000e+01	5.600000e+01	1.281865e-03	0.000000e+00	6.623940e-04
5.600000e+01	5.700000e+01	1.184797e-03	0.000000e+00	6.448720e-04
5.700000e+01	5.800000e+01	1.136961e-03	0.000000e+00	6.376530e-04
5.800000e+01	5.900000e+01	1.039692e-03	0.000000e+00	6.339400e-04
5.900000e+01	6.000000e+01	1.006265e-03	0.000000e+00	4.164540e-04
6.000000e+01	6.100000e+01	8.630480e-04	0.000000e+00	4.936510e-04
6.100000e+01	6.200000e+01	8.643650e-04	0.000000e+00	4.344500e-04
6.200000e+01	6.300000e+01	8.099289e-04	0.000000e+00	3.709981e-04
6.300000e+01	6.400000e+01	7.090811e-04	0.000000e+00	4.281729e-04
6.400000e+01	6.500000e+01	6.700877e-04	0.000000e+00	3.473933e-04
6.500000e+01	6.600000e+01	6.660787e-04	0.000000e+00	3.495493e-04
6.600000e+01	6.700000e+01	6.311912e-04	0.000000e+00	2.779717e-04
6.700000e+01	6.800000e+01	5.992695e-04	0.000000e+00	2.851537e-04
6.800000e+01	6.900000e+01	6.242379e-04	0.000000e+00	3.523830e-04
6.900000e+01	7.000000e+01	5.283877e-04	0.000000e+00	2.876484e-04
7.000000e+01	7.100000e+01	4.798725e-04	0.000000e+00	2.451065e-04
7.100000e+01	7.200000e+01	4.205936e-04	0.000000e+00	1.482208e-04
7.200000e+01	7.300000e+01	4.346551e-04	0.000000e+00	2.772997e-04
7.300000e+01	7.400000e+01	4.044747e-04	0.000000e+00	1.938337e-04
7.400000e+01	7.500000e+01	3.655514e-04	0.000000e+00	2.536274e-04
7.500000e+01	7.600000e+01	3.869431e-04	0.000000e+00	2.989583e-04
7.600000e+01	7.700000e+01	3.310089e-04	0.000000e+00	1.788039e-04
7.700000e+01	7.800000e+01	3.359763e-04	0.000000e+00	1.047765e-04
7.800000e+01	7.900000e+01	3.092953e-04	0.000000e+00	5.988340e-05
7.900000e+01	8.000000e+01	2.738142e-04	0.000000e+00	1.767276e-04
8.000000e+01	8.100000e+01	2.662866e-04	0.000000e+00	1.179019e-04
8.100000e+01	8.200000e+01	2.635307e-04	0.000000e+00	3.038200e-05
8.200000e+01	8.300000e+01	2.610728e-04	0.000000e+00	2.018902e-04
8.300000e+01	8.400000e+01	2.130714e-04	0.000000e+00	6.492940e-05
8.400000e+01	8.500000e+01	1.982025e-04	0.000000e+00	7.313250e-05
8.500000e+01	8.600000e+01	2.129708e-04	0.000000e+00	3.836810e-05
8.600000e+01	8.700000e+01	2.057089e-04	0.000000e+00	4.639560e-05
8.700000e+01	8.800000e+01	1.721523e-04	0.000000e+00	6.555600e-05
8.800000e+01	8.900000e+01	1.663456e-04	0.000000e+00	9.283820e-05
8.900000e+01	9.000000e+01	1.402094e-04	0.000000e+00	1.074552e-04
9.000000e+01	9.100000e+01	1.585315e-04	0.000000e+00	7.530390e-05
9.100000e+01	9.200000e+01	1.611728e-04	0.000000e+00	5.890180e-05
9.200000e+01	9.300000e+01	1.097323e-04	0.000000e+00	7.396130e-05
9.300000e+01	9.400000e+01	1.503631e-04	1.047550e-05	1.656010e-05
9.400000e+01	9.500000e+01	1.283430e-04	0.000000e+00	4.675840e-05
9.500000e+01	9.600000e+01	9.249839e-05	0.000000e+00	7.103591e-05
9.600000e+01	9.700000e+01	1.237743e-04	8.439200e-06	1.642960e-05
9.700000e+01	9.800000e+01	1.007284e-04	0.000000e+00	3.056060e-05
9.800000e+01	9.900000e+01	7.206811e-05	0.000000e+00	4.120529e-05
9.900000e+01	1.000000e+02	8.739338e-05	0.000000e+00	3.784472e-05
# END HISTO1D


# BEGIN HISTO1D //homes/tinghua1/Merging-Project/Production/HJETS/ratio-plots/hjets-vbfnlo/H-N2-3-4-25gev-combine.yoda/MC_H2JETS_07_INC/jet1_mass
ErrorBandColor=blue
ErrorBandOpacity=0.3
ErrorBands=1
ErrorType=env
LineColor=blue
LineStyle=solid
Path=//homes/tinghua1/Merging-Project/Production/HJETS/ratio-plots/hjets-vbfnlo/H-N2-3-4-25gev-combine.yoda/MC_H2JETS_07_INC/jet1_mass
RatioPlotSameStyle=1
Title=h(2*,3,4)
# xlow	 xhigh	 val	 errminus	 errplus
0.000000e+00	1.000000e+00	4.630155e-01	1.476645e-01	3.042783e-01
1.000000e+00	2.000000e+00	7.132372e-02	2.259025e-02	4.620248e-02
2.000000e+00	3.000000e+00	3.634682e-02	1.013639e-02	5.776010e-03
3.000000e+00	4.000000e+00	1.095896e-01	2.926397e-02	1.038870e-02
4.000000e+00	5.000000e+00	1.317526e-01	2.718530e-02	5.988600e-03
5.000000e+00	6.000000e+00	1.438566e-01	2.286420e-02	4.200100e-03
6.000000e+00	7.000000e+00	1.572400e-01	1.906800e-02	0.000000e+00
7.000000e+00	8.000000e+00	1.667691e-01	1.408990e-02	0.000000e+00
8.000000e+00	9.000000e+00	1.689007e-01	1.013230e-02	0.000000e+00
9.000000e+00	1.000000e+01	1.655961e-01	1.482060e-02	0.000000e+00
1.000000e+01	1.100000e+01	1.577778e-01	1.784540e-02	1.747500e-03
1.100000e+01	1.200000e+01	1.472858e-01	1.936290e-02	6.204700e-03
1.200000e+01	1.300000e+01	1.350605e-01	1.983890e-02	1.039940e-02
1.300000e+01	1.400000e+01	1.234588e-01	1.992690e-02	1.192190e-02
1.400000e+01	1.500000e+01	1.116277e-01	1.962897e-02	1.373820e-02
1.500000e+01	1.600000e+01	1.006999e-01	1.847276e-02	1.466380e-02
1.600000e+01	1.700000e+01	9.053095e-02	1.750080e-02	1.634625e-02
1.700000e+01	1.800000e+01	8.194136e-02	1.658699e-02	1.444158e-02
1.800000e+01	1.900000e+01	7.316205e-02	1.508516e-02	1.475025e-02
1.900000e+01	2.000000e+01	6.606005e-02	1.405049e-02	1.399044e-02
2.000000e+01	2.100000e+01	5.981294e-02	1.299670e-02	1.283003e-02
2.100000e+01	2.200000e+01	5.374545e-02	1.163508e-02	1.275647e-02
2.200000e+01	2.300000e+01	4.846882e-02	1.071060e-02	1.174151e-02
2.300000e+01	2.400000e+01	4.414099e-02	1.026355e-02	1.041897e-02
2.400000e+01	2.500000e+01	3.947528e-02	9.220780e-03	1.008495e-02
2.500000e+01	2.600000e+01	3.576425e-02	8.302460e-03	9.455180e-03
2.600000e+01	2.700000e+01	3.218060e-02	7.563160e-03	8.576910e-03
2.700000e+01	2.800000e+01	2.905284e-02	6.991870e-03	9.118650e-03
2.800000e+01	2.900000e+01	2.637193e-02	6.424780e-03	7.089840e-03
2.900000e+01	3.000000e+01	2.377875e-02	5.656950e-03	6.903680e-03
3.000000e+01	3.100000e+01	2.169630e-02	4.730340e-03	6.267510e-03
3.100000e+01	3.200000e+01	1.969707e-02	5.084490e-03	5.708940e-03
3.200000e+01	3.300000e+01	1.769480e-02	4.443500e-03	5.350530e-03
3.300000e+01	3.400000e+01	1.592312e-02	3.948690e-03	5.020700e-03
3.400000e+01	3.500000e+01	1.448894e-02	3.590320e-03	4.550030e-03
3.500000e+01	3.600000e+01	1.328427e-02	3.481860e-03	3.864900e-03
3.600000e+01	3.700000e+01	1.207494e-02	3.101169e-03	3.641780e-03
3.700000e+01	3.800000e+01	1.090305e-02	2.770325e-03	3.305530e-03
3.800000e+01	3.900000e+01	9.991704e-03	2.591017e-03	2.759726e-03
3.900000e+01	4.000000e+01	9.054290e-03	2.389558e-03	2.820880e-03
4.000000e+01	4.100000e+01	8.090697e-03	1.887929e-03	2.632833e-03
4.100000e+01	4.200000e+01	7.487197e-03	1.877791e-03	2.350820e-03
4.200000e+01	4.300000e+01	6.864982e-03	1.800094e-03	1.984127e-03
4.300000e+01	4.400000e+01	6.339148e-03	1.673838e-03	1.947722e-03
4.400000e+01	4.500000e+01	5.733698e-03	1.492351e-03	1.674885e-03
4.500000e+01	4.600000e+01	5.289078e-03	1.420727e-03	1.549656e-03
4.600000e+01	4.700000e+01	4.767495e-03	1.201051e-03	1.613301e-03
4.700000e+01	4.800000e+01	4.362178e-03	1.039621e-03	1.452313e-03
4.800000e+01	4.900000e+01	4.053447e-03	1.011136e-03	1.355220e-03
4.900000e+01	5.000000e+01	3.790898e-03	1.026774e-03	1.128333e-03
5.000000e+01	5.100000e+01	3.484011e-03	8.960160e-04	9.828650e-04
5.100000e+01	5.200000e+01	3.180965e-03	7.977540e-04	9.901350e-04
5.200000e+01	5.300000e+01	2.946925e-03	7.274150e-04	8.748740e-04
5.300000e+01	5.400000e+01	2.708952e-03	6.543560e-04	9.472960e-04
5.400000e+01	5.500000e+01	2.574640e-03	6.619050e-04	7.243950e-04
5.500000e+01	5.600000e+01	2.448189e-03	6.832380e-04	6.770520e-04
5.600000e+01	5.700000e+01	2.183514e-03	5.265100e-04	7.269800e-04
5.700000e+01	5.800000e+01	2.081378e-03	5.066020e-04	6.162520e-04
5.800000e+01	5.900000e+01	1.902046e-03	4.381850e-04	6.195750e-04
5.900000e+01	6.000000e+01	1.867254e-03	3.989010e-04	4.178600e-04
6.000000e+01	6.100000e+01	1.678207e-03	3.728720e-04	5.750580e-04
6.100000e+01	6.200000e+01	1.567926e-03	3.774470e-04	5.112460e-04
6.200000e+01	6.300000e+01	1.510545e-03	3.681430e-04	4.434320e-04
6.300000e+01	6.400000e+01	1.415408e-03	3.507030e-04	5.341230e-04
6.400000e+01	6.500000e+01	1.360474e-03	3.474270e-04	3.389500e-04
6.500000e+01	6.600000e+01	1.234706e-03	2.928171e-04	4.168490e-04
6.600000e+01	6.700000e+01	1.225835e-03	3.178063e-04	3.748680e-04
6.700000e+01	6.800000e+01	1.153184e-03	2.357294e-04	3.341390e-04
6.800000e+01	6.900000e+01	1.120828e-03	2.732914e-04	3.915750e-04
6.900000e+01	7.000000e+01	1.047256e-03	2.261933e-04	3.237820e-04
7.000000e+01	7.100000e+01	1.199791e-03	3.997589e-04	1.193910e-04
7.100000e+01	7.200000e+01	9.931109e-04	2.144341e-04	3.519751e-04
7.200000e+01	7.300000e+01	9.633871e-04	2.089841e-04	3.132459e-04
7.300000e+01	7.400000e+01	9.588533e-04	1.883878e-04	3.327757e-04
7.400000e+01	7.500000e+01	1.030361e-03	2.566999e-04	2.733340e-04
7.500000e+01	7.600000e+01	9.838730e-04	1.705746e-04	3.482710e-04
7.600000e+01	7.700000e+01	1.100191e-03	2.304104e-04	3.045760e-04
7.700000e+01	7.800000e+01	1.254013e-03	2.292030e-04	3.010810e-04
7.800000e+01	7.900000e+01	1.463580e-03	1.835260e-04	2.008330e-04
7.900000e+01	8.000000e+01	2.005048e-03	1.336800e-05	2.148350e-04
8.000000e+01	8.100000e+01	2.848130e-03	2.905700e-05	1.683410e-04
8.100000e+01	8.200000e+01	2.615473e-03	2.625060e-04	1.669310e-04
8.200000e+01	8.300000e+01	1.942940e-03	3.667400e-04	3.483910e-04
8.300000e+01	8.400000e+01	1.519427e-03	3.700670e-04	3.228580e-04
8.400000e+01	8.500000e+01	1.176922e-03	2.872695e-04	3.687360e-04
8.500000e+01	8.600000e+01	9.739071e-04	2.269973e-04	2.746129e-04
8.600000e+01	8.700000e+01	8.483177e-04	2.159570e-04	2.495093e-04
8.700000e+01	8.800000e+01	7.714898e-04	1.654740e-04	2.498382e-04
8.800000e+01	8.900000e+01	7.605037e-04	1.421602e-04	1.917166e-04
8.900000e+01	9.000000e+01	8.154071e-04	1.853355e-04	1.009130e-04
9.000000e+01	9.100000e+01	9.316262e-04	1.275281e-04	1.319898e-04
9.100000e+01	9.200000e+01	1.017607e-03	6.722220e-05	1.566710e-04
9.200000e+01	9.300000e+01	9.485826e-04	1.682239e-04	1.207294e-04
9.300000e+01	9.400000e+01	7.186466e-04	1.284781e-04	1.517205e-04
9.400000e+01	9.500000e+01	6.028196e-04	1.416722e-04	1.582390e-04
9.500000e+01	9.600000e+01	5.062299e-04	1.300831e-04	1.263671e-04
9.600000e+01	9.700000e+01	4.086968e-04	1.175766e-04	1.868656e-04
9.700000e+01	9.800000e+01	3.666264e-04	9.652790e-05	1.095298e-04
9.800000e+01	9.900000e+01	3.384132e-04	1.064225e-04	5.771170e-05
9.900000e+01	1.000000e+02	2.982580e-04	1.456570e-04	0.000000e+00
# END HISTO1D


# BEGIN HISTO1D //homes/tinghua1/Merging-Project/Production/HJETS/ratio-plots/hjets-vbfnlo/H-N2-3-4-25gev-vbfnlo-combine.yoda/MC_H2JETS_07_INC/jet1_mass
ErrorBandColor=cyan
ErrorBandOpacity=0.3
ErrorBands=1
ErrorType=env
LineColor=cyan
LineStyle=solid
Path=//homes/tinghua1/Merging-Project/Production/HJETS/ratio-plots/hjets-vbfnlo/H-N2-3-4-25gev-vbfnlo-combine.yoda/MC_H2JETS_07_INC/jet1_mass
RatioPlotSameStyle=1
Title=h(2*,3,4)-vbfnlo
# xlow	 xhigh	 val	 errminus	 errplus
0.000000e+00	1.000000e+00	3.661832e-01	1.143756e-01	2.374458e-01
1.000000e+00	2.000000e+00	4.318798e-02	1.314339e-02	2.681872e-02
2.000000e+00	3.000000e+00	2.876195e-02	8.092790e-03	4.293160e-03
3.000000e+00	4.000000e+00	8.379426e-02	2.214113e-02	6.758110e-03
4.000000e+00	5.000000e+00	9.802445e-02	1.996603e-02	3.738850e-03
5.000000e+00	6.000000e+00	1.057575e-01	1.615046e-02	9.518000e-04
6.000000e+00	7.000000e+00	1.131945e-01	1.221340e-02	0.000000e+00
7.000000e+00	8.000000e+00	1.183448e-01	9.980000e-03	0.000000e+00
8.000000e+00	9.000000e+00	1.187358e-01	8.414900e-03	0.000000e+00
9.000000e+00	1.000000e+01	1.160659e-01	1.106990e-02	0.000000e+00
1.000000e+01	1.100000e+01	1.102669e-01	1.240427e-02	1.284300e-03
1.100000e+01	1.200000e+01	1.030500e-01	1.361395e-02	3.752200e-03
1.200000e+01	1.300000e+01	9.466737e-02	1.420188e-02	5.905930e-03
1.300000e+01	1.400000e+01	8.627775e-02	1.369271e-02	7.908280e-03
1.400000e+01	1.500000e+01	7.804822e-02	1.328217e-02	8.867070e-03
1.500000e+01	1.600000e+01	7.043920e-02	1.252650e-02	9.315930e-03
1.600000e+01	1.700000e+01	6.360135e-02	1.191883e-02	9.240140e-03
1.700000e+01	1.800000e+01	5.698768e-02	1.104369e-02	9.551410e-03
1.800000e+01	1.900000e+01	5.120250e-02	1.015798e-02	9.662800e-03
1.900000e+01	2.000000e+01	4.614821e-02	9.402180e-03	8.833230e-03
2.000000e+01	2.100000e+01	4.158265e-02	8.719300e-03	8.688950e-03
2.100000e+01	2.200000e+01	3.749061e-02	8.075120e-03	8.065790e-03
2.200000e+01	2.300000e+01	3.368889e-02	7.332510e-03	7.847050e-03
2.300000e+01	2.400000e+01	3.043479e-02	6.619620e-03	7.181650e-03
2.400000e+01	2.500000e+01	2.747735e-02	6.040000e-03	6.625930e-03
2.500000e+01	2.600000e+01	2.486326e-02	5.384520e-03	6.025720e-03
2.600000e+01	2.700000e+01	2.251174e-02	5.148350e-03	5.546140e-03
2.700000e+01	2.800000e+01	2.024250e-02	4.681140e-03	5.137820e-03
2.800000e+01	2.900000e+01	1.824164e-02	4.154420e-03	4.921150e-03
2.900000e+01	3.000000e+01	1.659434e-02	3.777910e-03	4.284290e-03
3.000000e+01	3.100000e+01	1.495696e-02	3.414150e-03	4.009460e-03
3.100000e+01	3.200000e+01	1.363156e-02	3.148990e-03	3.639930e-03
3.200000e+01	3.300000e+01	1.237231e-02	2.964561e-03	3.304650e-03
3.300000e+01	3.400000e+01	1.115073e-02	2.590864e-03	3.103820e-03
3.400000e+01	3.500000e+01	1.018410e-02	2.468390e-03	2.770220e-03
3.500000e+01	3.600000e+01	9.187162e-03	2.203545e-03	2.591628e-03
3.600000e+01	3.700000e+01	8.341731e-03	1.970975e-03	2.407889e-03
3.700000e+01	3.800000e+01	7.587720e-03	1.829145e-03	2.150228e-03
3.800000e+01	3.900000e+01	6.893698e-03	1.634813e-03	1.968313e-03
3.900000e+01	4.000000e+01	6.228884e-03	1.481665e-03	1.807045e-03
4.000000e+01	4.100000e+01	5.740854e-03	1.378256e-03	1.643757e-03
4.100000e+01	4.200000e+01	5.227137e-03	1.260874e-03	1.469471e-03
4.200000e+01	4.300000e+01	4.715467e-03	1.132513e-03	1.462656e-03
4.300000e+01	4.400000e+01	4.387657e-03	1.088254e-03	1.175646e-03
4.400000e+01	4.500000e+01	3.974541e-03	9.324980e-04	1.123387e-03
4.500000e+01	4.600000e+01	3.639840e-03	8.556090e-04	1.027025e-03
4.600000e+01	4.700000e+01	3.351506e-03	8.497440e-04	9.127950e-04
4.700000e+01	4.800000e+01	3.016665e-03	6.752770e-04	6.060680e-04
4.800000e+01	4.900000e+01	2.768476e-03	6.369640e-04	8.351150e-04
4.900000e+01	5.000000e+01	2.578826e-03	5.902000e-04	7.628780e-04
5.000000e+01	5.100000e+01	2.341868e-03	5.482010e-04	7.036000e-04
5.100000e+01	5.200000e+01	2.198472e-03	5.093870e-04	6.223360e-04
5.200000e+01	5.300000e+01	2.022511e-03	4.899130e-04	6.032470e-04
5.300000e+01	5.400000e+01	1.876985e-03	4.280810e-04	5.203100e-04
5.400000e+01	5.500000e+01	1.760012e-03	4.413020e-04	4.597230e-04
5.500000e+01	5.600000e+01	1.566601e-03	3.470000e-04	4.778160e-04
5.600000e+01	5.700000e+01	1.518108e-03	3.685150e-04	3.893690e-04
5.700000e+01	5.800000e+01	1.379210e-03	3.141420e-04	4.022290e-04
5.800000e+01	5.900000e+01	1.289481e-03	2.763280e-04	3.808880e-04
5.900000e+01	6.000000e+01	1.210247e-03	2.530192e-04	3.057500e-04
6.000000e+01	6.100000e+01	1.121325e-03	2.641383e-04	2.792260e-04
6.100000e+01	6.200000e+01	1.051296e-03	2.372429e-04	2.527280e-04
6.200000e+01	6.300000e+01	9.753240e-04	2.087971e-04	2.648640e-04
6.300000e+01	6.400000e+01	9.234595e-04	2.033029e-04	2.506585e-04
6.400000e+01	6.500000e+01	8.655288e-04	2.036105e-04	1.960372e-04
6.500000e+01	6.600000e+01	7.819511e-04	1.661712e-04	2.002046e-04
6.600000e+01	6.700000e+01	7.689012e-04	1.772175e-04	1.676010e-04
6.700000e+01	6.800000e+01	6.820248e-04	1.293246e-04	2.100209e-04
6.800000e+01	6.900000e+01	6.623993e-04	1.466137e-04	2.807444e-04
6.900000e+01	7.000000e+01	6.188189e-04	1.400112e-04	1.393247e-04
7.000000e+01	7.100000e+01	5.726073e-04	1.190650e-04	1.546974e-04
7.100000e+01	7.200000e+01	5.184972e-04	1.016451e-04	1.724797e-04
7.200000e+01	7.300000e+01	5.102688e-04	7.408720e-05	1.350138e-04
7.300000e+01	7.400000e+01	5.464536e-04	1.537121e-04	6.449930e-05
7.400000e+01	7.500000e+01	4.463734e-04	1.001919e-04	1.318869e-04
7.500000e+01	7.600000e+01	4.306630e-04	9.544030e-05	1.480567e-04
7.600000e+01	7.700000e+01	4.043556e-04	1.073855e-04	8.615450e-05
7.700000e+01	7.800000e+01	3.733806e-04	6.958060e-05	1.065959e-04
7.800000e+01	7.900000e+01	3.512288e-04	8.196190e-05	7.364870e-05
7.900000e+01	8.000000e+01	3.344873e-04	7.748720e-05	9.039080e-05
8.000000e+01	8.100000e+01	2.746119e-04	3.410700e-05	1.017237e-04
8.100000e+01	8.200000e+01	2.698108e-04	4.606040e-05	1.013931e-04
8.200000e+01	8.300000e+01	2.892148e-04	7.912600e-05	3.839670e-05
8.300000e+01	8.400000e+01	2.535787e-04	5.076090e-05	6.861730e-05
8.400000e+01	8.500000e+01	2.498000e-04	6.255620e-05	6.060210e-05
8.500000e+01	8.600000e+01	2.293819e-04	5.146660e-05	4.949380e-05
8.600000e+01	8.700000e+01	2.274475e-04	4.965210e-05	2.946720e-05
8.700000e+01	8.800000e+01	1.947486e-04	3.431270e-05	5.959030e-05
8.800000e+01	8.900000e+01	1.983232e-04	3.668790e-05	6.197820e-05
8.900000e+01	9.000000e+01	1.754583e-04	2.785350e-05	6.664630e-05
9.000000e+01	9.100000e+01	1.639910e-04	1.630240e-05	4.439560e-05
9.100000e+01	9.200000e+01	1.608363e-04	3.390620e-05	2.650700e-05
9.200000e+01	9.300000e+01	1.678595e-04	5.284780e-05	3.863560e-05
9.300000e+01	9.400000e+01	1.477794e-04	2.408680e-05	3.415730e-05
9.400000e+01	9.500000e+01	1.373806e-04	3.186820e-05	3.220990e-05
9.500000e+01	9.600000e+01	1.276040e-04	2.457150e-05	3.976440e-05
9.600000e+01	9.700000e+01	1.236686e-04	2.408631e-05	3.131780e-05
9.700000e+01	9.800000e+01	1.242471e-04	3.315556e-05	3.526020e-05
9.800000e+01	9.900000e+01	1.072418e-04	2.670323e-05	3.157790e-05
9.900000e+01	1.000000e+02	1.033960e-04	2.503505e-05	2.835590e-05
# END HISTO1D


# BEGIN HISTO1D //homes/tinghua1/Merging-Project/Production/HJETS/ratio-plots/hjets-vbfnlo/H-2-3-4-25gev-combine.yoda/MC_H2JETS_07_INC/jet1_mass
ErrorBandColor=yellow
ErrorBandOpacity=0.3
ErrorBands=1
ErrorType=env
LineColor=yellow
LineStyle=solid
Path=//homes/tinghua1/Merging-Project/Production/HJETS/ratio-plots/hjets-vbfnlo/H-2-3-4-25gev-combine.yoda/MC_H2JETS_07_INC/jet1_mass
RatioPlotSameStyle=1
Title=h(2,3,4)
# xlow	 xhigh	 val	 errminus	 errplus
0.000000e+00	1.000000e+00	4.491813e-01	1.378572e-01	2.822919e-01
1.000000e+00	2.000000e+00	6.687008e-02	2.167268e-02	4.339112e-02
2.000000e+00	3.000000e+00	3.518247e-02	9.680410e-03	4.940430e-03
3.000000e+00	4.000000e+00	1.062730e-01	2.820102e-02	7.536700e-03
4.000000e+00	5.000000e+00	1.266087e-01	2.563280e-02	4.406300e-03
5.000000e+00	6.000000e+00	1.382442e-01	2.068240e-02	1.613400e-03
6.000000e+00	7.000000e+00	1.510077e-01	1.743890e-02	0.000000e+00
7.000000e+00	8.000000e+00	1.589818e-01	1.238580e-02	0.000000e+00
8.000000e+00	9.000000e+00	1.609335e-01	1.181080e-02	0.000000e+00
9.000000e+00	1.000000e+01	1.574660e-01	1.589710e-02	0.000000e+00
1.000000e+01	1.100000e+01	1.499912e-01	1.844170e-02	2.631800e-03
1.100000e+01	1.200000e+01	1.395950e-01	1.981680e-02	7.202000e-03
1.200000e+01	1.300000e+01	1.283823e-01	2.058700e-02	9.966300e-03
1.300000e+01	1.400000e+01	1.169568e-01	2.043330e-02	1.230830e-02
1.400000e+01	1.500000e+01	1.055530e-01	1.985815e-02	1.414940e-02
1.500000e+01	1.600000e+01	9.483809e-02	1.855540e-02	1.484521e-02
1.600000e+01	1.700000e+01	8.548297e-02	1.746675e-02	1.490083e-02
1.700000e+01	1.800000e+01	7.688763e-02	1.650007e-02	1.479821e-02
1.800000e+01	1.900000e+01	6.933265e-02	1.538011e-02	1.419482e-02
1.900000e+01	2.000000e+01	6.189044e-02	1.364873e-02	1.423283e-02
2.000000e+01	2.100000e+01	5.586278e-02	1.284285e-02	1.329015e-02
2.100000e+01	2.200000e+01	5.033371e-02	1.171865e-02	1.239450e-02
2.200000e+01	2.300000e+01	4.536444e-02	1.071919e-02	1.184210e-02
2.300000e+01	2.400000e+01	4.099427e-02	1.013388e-02	1.077800e-02
2.400000e+01	2.500000e+01	3.673939e-02	8.889070e-03	1.021611e-02
2.500000e+01	2.600000e+01	3.322152e-02	8.180010e-03	9.361610e-03
2.600000e+01	2.700000e+01	3.010004e-02	7.621310e-03	8.690850e-03
2.700000e+01	2.800000e+01	2.724066e-02	7.024170e-03	7.857900e-03
2.800000e+01	2.900000e+01	2.449675e-02	6.305400e-03	7.201320e-03
2.900000e+01	3.000000e+01	2.219829e-02	5.815640e-03	6.555880e-03
3.000000e+01	3.100000e+01	1.999937e-02	5.267000e-03	6.070340e-03
3.100000e+01	3.200000e+01	1.807151e-02	4.711720e-03	5.593300e-03
3.200000e+01	3.300000e+01	1.632390e-02	4.350750e-03	5.231270e-03
3.300000e+01	3.400000e+01	1.473646e-02	3.946950e-03	4.710710e-03
3.400000e+01	3.500000e+01	1.334970e-02	3.582139e-03	4.350340e-03
3.500000e+01	3.600000e+01	1.204511e-02	3.239574e-03	3.997330e-03
3.600000e+01	3.700000e+01	1.095463e-02	2.968901e-03	3.604490e-03
3.700000e+01	3.800000e+01	9.944938e-03	2.706769e-03	3.241332e-03
3.800000e+01	3.900000e+01	8.998350e-03	2.448768e-03	2.897240e-03
3.900000e+01	4.000000e+01	8.184814e-03	2.258183e-03	2.652936e-03
4.000000e+01	4.100000e+01	7.378329e-03	2.040536e-03	2.557809e-03
4.100000e+01	4.200000e+01	6.705265e-03	1.832220e-03	2.283092e-03
4.200000e+01	4.300000e+01	6.157540e-03	1.686488e-03	2.024249e-03
4.300000e+01	4.400000e+01	5.617540e-03	1.581323e-03	1.981123e-03
4.400000e+01	4.500000e+01	5.108402e-03	1.461135e-03	1.752036e-03
4.500000e+01	4.600000e+01	4.637769e-03	1.326899e-03	1.642802e-03
4.600000e+01	4.700000e+01	4.223036e-03	1.134466e-03	1.551377e-03
4.700000e+01	4.800000e+01	3.888814e-03	1.048256e-03	1.389878e-03
4.800000e+01	4.900000e+01	3.562397e-03	9.418190e-04	1.263933e-03
4.900000e+01	5.000000e+01	3.282463e-03	8.933830e-04	1.207979e-03
5.000000e+01	5.100000e+01	3.021042e-03	8.152720e-04	1.045380e-03
5.100000e+01	5.200000e+01	2.765134e-03	7.244000e-04	1.031273e-03
5.200000e+01	5.300000e+01	2.583085e-03	7.228870e-04	8.545060e-04
5.300000e+01	5.400000e+01	2.408186e-03	6.934940e-04	8.216340e-04
5.400000e+01	5.500000e+01	2.224254e-03	5.891210e-04	7.423740e-04
5.500000e+01	5.600000e+01	2.078787e-03	5.502890e-04	7.243890e-04
5.600000e+01	5.700000e+01	1.870958e-03	4.662470e-04	7.412290e-04
5.700000e+01	5.800000e+01	1.800527e-03	4.797240e-04	6.175350e-04
5.800000e+01	5.900000e+01	1.676179e-03	4.918580e-04	5.968470e-04
5.900000e+01	6.000000e+01	1.566359e-03	4.421260e-04	5.351270e-04
6.000000e+01	6.100000e+01	1.469446e-03	3.804960e-04	4.896910e-04
6.100000e+01	6.200000e+01	1.348937e-03	3.230680e-04	4.491330e-04
6.200000e+01	6.300000e+01	1.261873e-03	3.201392e-04	4.861550e-04
6.300000e+01	6.400000e+01	1.208048e-03	3.299969e-04	4.146760e-04
6.400000e+01	6.500000e+01	1.115742e-03	2.607677e-04	4.382460e-04
6.500000e+01	6.600000e+01	1.079873e-03	2.663874e-04	3.661580e-04
6.600000e+01	6.700000e+01	1.046712e-03	2.764765e-04	3.703220e-04
6.700000e+01	6.800000e+01	9.906164e-04	2.556902e-04	3.158436e-04
6.800000e+01	6.900000e+01	9.341910e-04	2.224104e-04	3.144660e-04
6.900000e+01	7.000000e+01	8.932266e-04	1.999876e-04	3.218114e-04
7.000000e+01	7.100000e+01	8.786283e-04	2.021458e-04	2.965557e-04
7.100000e+01	7.200000e+01	8.767421e-04	2.281642e-04	2.855009e-04
7.200000e+01	7.300000e+01	8.475947e-04	2.053328e-04	2.927133e-04
7.300000e+01	7.400000e+01	8.784843e-04	2.085805e-04	2.242977e-04
7.400000e+01	7.500000e+01	8.549098e-04	2.139716e-04	2.721252e-04
7.500000e+01	7.600000e+01	8.821717e-04	1.690997e-04	3.071913e-04
7.600000e+01	7.700000e+01	9.255059e-04	1.658921e-04	3.213361e-04
7.700000e+01	7.800000e+01	1.093292e-03	2.091579e-04	3.070890e-04
7.800000e+01	7.900000e+01	1.297713e-03	1.552890e-04	2.706110e-04
7.900000e+01	8.000000e+01	1.812139e-03	6.723200e-05	1.865060e-04
8.000000e+01	8.100000e+01	2.600883e-03	0.000000e+00	2.469800e-05
8.100000e+01	8.200000e+01	2.396721e-03	3.223190e-04	1.673310e-04
8.200000e+01	8.300000e+01	1.685026e-03	2.834280e-04	2.946800e-04
8.300000e+01	8.400000e+01	1.350504e-03	3.262070e-04	2.587620e-04
8.400000e+01	8.500000e+01	1.081168e-03	2.927438e-04	2.460710e-04
8.500000e+01	8.600000e+01	8.758321e-04	2.408919e-04	2.302789e-04
8.600000e+01	8.700000e+01	7.267581e-04	1.680117e-04	1.916157e-04
8.700000e+01	8.800000e+01	6.756470e-04	1.606832e-04	2.046689e-04
8.800000e+01	8.900000e+01	6.797874e-04	1.434168e-04	1.708472e-04
8.900000e+01	9.000000e+01	6.879650e-04	1.060362e-04	1.812240e-04
9.000000e+01	9.100000e+01	8.628449e-04	1.120887e-04	1.031989e-04
9.100000e+01	9.200000e+01	9.217797e-04	9.439670e-05	1.326903e-04
9.200000e+01	9.300000e+01	8.264641e-04	1.324316e-04	1.360918e-04
9.300000e+01	9.400000e+01	6.737362e-04	1.328962e-04	3.462310e-05
9.400000e+01	9.500000e+01	5.272030e-04	1.295756e-04	1.585572e-04
9.500000e+01	9.600000e+01	4.368357e-04	1.119900e-04	1.238260e-04
9.600000e+01	9.700000e+01	3.740311e-04	1.083464e-04	1.572350e-04
9.700000e+01	9.800000e+01	3.243035e-04	9.556330e-05	1.062606e-04
9.800000e+01	9.900000e+01	2.712375e-04	6.965970e-05	1.021253e-04
9.900000e+01	1.000000e+02	2.749031e-04	9.426960e-05	7.021810e-05
# END HISTO1D


# BEGIN HISTO1D //homes/tinghua1/Merging-Project/Production/HJETS/ratio-plots/hjets-vbfnlo/H-2-3-4-25gev-vbfnlo-combine.yoda/MC_H2JETS_07_INC/jet1_mass
ErrorBandColor=green
ErrorBandOpacity=0.3
ErrorBands=1
ErrorType=env
LineColor=green
LineStyle=solid
Path=//homes/tinghua1/Merging-Project/Production/HJETS/ratio-plots/hjets-vbfnlo/H-2-3-4-25gev-vbfnlo-combine.yoda/MC_H2JETS_07_INC/jet1_mass
RatioPlotSameStyle=1
Title=h(2,3,4)-vbfnlo
# xlow	 xhigh	 val	 errminus	 errplus
0.000000e+00	1.000000e+00	3.736564e-01	1.097813e-01	2.233012e-01
1.000000e+00	2.000000e+00	4.431802e-02	1.342742e-02	2.660227e-02
2.000000e+00	3.000000e+00	2.920490e-02	7.690940e-03	3.501350e-03
3.000000e+00	4.000000e+00	8.563586e-02	2.108504e-02	4.191320e-03
4.000000e+00	5.000000e+00	9.986777e-02	1.841225e-02	1.299630e-03
5.000000e+00	6.000000e+00	1.076690e-01	1.408646e-02	0.000000e+00
6.000000e+00	7.000000e+00	1.154149e-01	1.054060e-02	0.000000e+00
7.000000e+00	8.000000e+00	1.201371e-01	8.658400e-03	0.000000e+00
8.000000e+00	9.000000e+00	1.208747e-01	1.173350e-02	0.000000e+00
9.000000e+00	1.000000e+01	1.177688e-01	1.393770e-02	5.391000e-04
1.000000e+01	1.100000e+01	1.119367e-01	1.537179e-02	3.822600e-03
1.100000e+01	1.200000e+01	1.043158e-01	1.622516e-02	6.905700e-03
1.200000e+01	1.300000e+01	9.604614e-02	1.651215e-02	8.867060e-03
1.300000e+01	1.400000e+01	8.746312e-02	1.609060e-02	1.044166e-02
1.400000e+01	1.500000e+01	7.919672e-02	1.541784e-02	1.143871e-02
1.500000e+01	1.600000e+01	7.146805e-02	1.450364e-02	1.191329e-02
1.600000e+01	1.700000e+01	6.440767e-02	1.366580e-02	1.198224e-02
1.700000e+01	1.800000e+01	5.798704e-02	1.273969e-02	1.170495e-02
1.800000e+01	1.900000e+01	5.205522e-02	1.162118e-02	1.147705e-02
1.900000e+01	2.000000e+01	4.683324e-02	1.069260e-02	1.111058e-02
2.000000e+01	2.100000e+01	4.238900e-02	1.002578e-02	1.034319e-02
2.100000e+01	2.200000e+01	3.816012e-02	9.071980e-03	9.779540e-03
2.200000e+01	2.300000e+01	3.438668e-02	8.277470e-03	9.086250e-03
2.300000e+01	2.400000e+01	3.108992e-02	7.655370e-03	8.506840e-03
2.400000e+01	2.500000e+01	2.811646e-02	7.024780e-03	7.909930e-03
2.500000e+01	2.600000e+01	2.533394e-02	6.381910e-03	7.408290e-03
2.600000e+01	2.700000e+01	2.299645e-02	5.849320e-03	6.719010e-03
2.700000e+01	2.800000e+01	2.079229e-02	5.366950e-03	6.253640e-03
2.800000e+01	2.900000e+01	1.884869e-02	4.913120e-03	5.704070e-03
2.900000e+01	3.000000e+01	1.706808e-02	4.495300e-03	5.307650e-03
3.000000e+01	3.100000e+01	1.546773e-02	4.150890e-03	4.799220e-03
3.100000e+01	3.200000e+01	1.404772e-02	3.719990e-03	4.393510e-03
3.200000e+01	3.300000e+01	1.270201e-02	3.425146e-03	4.087580e-03
3.300000e+01	3.400000e+01	1.152996e-02	3.093811e-03	3.641740e-03
3.400000e+01	3.500000e+01	1.044685e-02	2.846876e-03	3.439750e-03
3.500000e+01	3.600000e+01	9.500161e-03	2.582739e-03	3.166789e-03
3.600000e+01	3.700000e+01	8.580595e-03	2.288156e-03	2.920345e-03
3.700000e+01	3.800000e+01	7.845951e-03	2.148582e-03	2.666869e-03
3.800000e+01	3.900000e+01	7.129787e-03	1.920799e-03	2.405674e-03
3.900000e+01	4.000000e+01	6.473144e-03	1.777159e-03	2.217248e-03
4.000000e+01	4.100000e+01	5.895851e-03	1.582554e-03	2.035180e-03
4.100000e+01	4.200000e+01	5.405940e-03	1.475495e-03	1.836377e-03
4.200000e+01	4.300000e+01	4.926721e-03	1.371017e-03	1.697990e-03
4.300000e+01	4.400000e+01	4.506686e-03	1.256574e-03	1.555943e-03
4.400000e+01	4.500000e+01	4.106914e-03	1.131862e-03	1.442848e-03
4.500000e+01	4.600000e+01	3.778825e-03	1.053481e-03	1.293821e-03
4.600000e+01	4.700000e+01	3.412336e-03	8.910240e-04	1.321592e-03
4.700000e+01	4.800000e+01	3.166868e-03	8.537910e-04	1.132921e-03
4.800000e+01	4.900000e+01	2.912144e-03	7.975910e-04	9.704200e-04
4.900000e+01	5.000000e+01	2.678528e-03	7.232220e-04	9.571760e-04
5.000000e+01	5.100000e+01	2.470944e-03	6.944460e-04	8.612870e-04
5.100000e+01	5.200000e+01	2.265996e-03	6.133930e-04	8.000570e-04
5.200000e+01	5.300000e+01	2.102496e-03	5.674940e-04	7.437690e-04
5.300000e+01	5.400000e+01	1.964003e-03	5.677910e-04	6.369770e-04
5.400000e+01	5.500000e+01	1.783339e-03	4.694870e-04	6.639710e-04
5.500000e+01	5.600000e+01	1.688842e-03	4.583700e-04	5.639420e-04
5.600000e+01	5.700000e+01	1.585568e-03	4.473630e-04	4.953570e-04
5.700000e+01	5.800000e+01	1.444623e-03	3.737350e-04	4.836850e-04
5.800000e+01	5.900000e+01	1.345985e-03	3.560102e-04	4.790100e-04
5.900000e+01	6.000000e+01	1.241803e-03	3.184708e-04	4.387700e-04
6.000000e+01	6.100000e+01	1.171228e-03	3.128101e-04	4.020790e-04
6.100000e+01	6.200000e+01	1.108255e-03	2.980801e-04	3.332250e-04
6.200000e+01	6.300000e+01	1.016586e-03	2.641033e-04	3.546860e-04
6.300000e+01	6.400000e+01	9.515342e-04	2.446133e-04	3.143448e-04
6.400000e+01	6.500000e+01	8.885296e-04	2.266541e-04	2.947324e-04
6.500000e+01	6.600000e+01	8.186547e-04	1.954506e-04	2.897533e-04
6.600000e+01	6.700000e+01	7.592032e-04	1.820010e-04	2.723338e-04
6.700000e+01	6.800000e+01	7.409562e-04	2.112398e-04	2.343606e-04
6.800000e+01	6.900000e+01	6.820992e-04	1.865304e-04	2.669291e-04
6.900000e+01	7.000000e+01	6.702448e-04	1.964297e-04	1.744528e-04
7.000000e+01	7.100000e+01	6.062649e-04	1.670175e-04	2.027494e-04
7.100000e+01	7.200000e+01	5.671091e-04	1.715099e-04	1.643782e-04
7.200000e+01	7.300000e+01	5.292886e-04	1.353505e-04	1.836372e-04
7.300000e+01	7.400000e+01	5.054044e-04	1.345609e-04	1.523876e-04
7.400000e+01	7.500000e+01	4.635603e-04	1.193337e-04	1.320689e-04
7.500000e+01	7.600000e+01	4.336380e-04	1.103543e-04	1.482678e-04
7.600000e+01	7.700000e+01	4.117457e-04	9.925550e-05	1.293522e-04
7.700000e+01	7.800000e+01	3.935638e-04	1.152623e-04	1.247103e-04
7.800000e+01	7.900000e+01	3.443483e-04	7.752530e-05	1.475515e-04
7.900000e+01	8.000000e+01	3.517605e-04	1.046276e-04	1.000334e-04
8.000000e+01	8.100000e+01	3.245199e-04	9.434930e-05	1.037241e-04
8.100000e+01	8.200000e+01	3.005549e-04	8.127940e-05	1.320222e-04
8.200000e+01	8.300000e+01	2.899829e-04	8.053090e-05	1.097668e-04
8.300000e+01	8.400000e+01	2.686493e-04	6.975020e-05	8.983850e-05
8.400000e+01	8.500000e+01	2.544377e-04	6.857770e-05	8.724210e-05
8.500000e+01	8.600000e+01	2.381459e-04	5.523810e-05	8.021150e-05
8.600000e+01	8.700000e+01	2.321724e-04	3.942460e-05	6.709050e-05
8.700000e+01	8.800000e+01	2.049121e-04	5.254420e-05	9.074340e-05
8.800000e+01	8.900000e+01	2.005854e-04	5.021140e-05	7.130180e-05
8.900000e+01	9.000000e+01	1.902248e-04	4.853560e-05	6.678340e-05
9.000000e+01	9.100000e+01	1.696294e-04	3.155540e-05	6.966030e-05
9.100000e+01	9.200000e+01	1.682784e-04	3.517510e-05	5.733040e-05
9.200000e+01	9.300000e+01	1.586650e-04	4.530060e-05	5.361180e-05
9.300000e+01	9.400000e+01	1.502581e-04	3.812450e-05	5.600450e-05
9.400000e+01	9.500000e+01	1.413268e-04	3.303250e-05	6.175420e-05
9.500000e+01	9.600000e+01	1.355796e-04	3.811141e-05	4.590940e-05
9.600000e+01	9.700000e+01	1.246475e-04	2.982530e-05	4.719800e-05
9.700000e+01	9.800000e+01	1.223991e-04	2.814209e-05	4.368360e-05
9.800000e+01	9.900000e+01	1.177782e-04	3.415847e-05	4.325150e-05
9.900000e+01	1.000000e+02	1.074127e-04	2.191505e-05	4.128030e-05
# END HISTO1D


# BEGIN HISTO1D //homes/tinghua1/Merging-Project/Production/HJETS/ratio-plots/hjets-vbfnlo/H-2-3-25gev-combine.yoda/MC_H2JETS_07_INC/jet1_mass
ErrorBandColor=purple
ErrorBandOpacity=0.3
ErrorBands=1
ErrorType=env
LineColor=purple
LineStyle=solid
Path=//homes/tinghua1/Merging-Project/Production/HJETS/ratio-plots/hjets-vbfnlo/H-2-3-25gev-combine.yoda/MC_H2JETS_07_INC/jet1_mass
RatioPlotSameStyle=1
Title=h(2,3)
# xlow	 xhigh	 val	 errminus	 errplus
0.000000e+00	1.000000e+00	7.313836e-01	4.199225e-01	0.000000e+00
1.000000e+00	2.000000e+00	1.104907e-01	6.527690e-02	0.000000e+00
2.000000e+00	3.000000e+00	4.006520e-02	1.445269e-02	0.000000e+00
3.000000e+00	4.000000e+00	1.139182e-01	3.509636e-02	0.000000e+00
4.000000e+00	5.000000e+00	1.311414e-01	3.020540e-02	0.000000e+00
5.000000e+00	6.000000e+00	1.396560e-01	2.222290e-02	0.000000e+00
6.000000e+00	7.000000e+00	1.476831e-01	1.401010e-02	2.997000e-03
7.000000e+00	8.000000e+00	1.513479e-01	4.864800e-03	7.365000e-03
8.000000e+00	9.000000e+00	1.488531e-01	0.000000e+00	1.215050e-02
9.000000e+00	1.000000e+01	1.416474e-01	0.000000e+00	1.592400e-02
1.000000e+01	1.100000e+01	1.314369e-01	0.000000e+00	2.103170e-02
1.100000e+01	1.200000e+01	1.196200e-01	0.000000e+00	2.679980e-02
1.200000e+01	1.300000e+01	1.077115e-01	0.000000e+00	3.063760e-02
1.300000e+01	1.400000e+01	9.623648e-02	0.000000e+00	3.278922e-02
1.400000e+01	1.500000e+01	8.597994e-02	0.000000e+00	3.333056e-02
1.500000e+01	1.600000e+01	7.635745e-02	0.000000e+00	3.320645e-02
1.600000e+01	1.700000e+01	6.790295e-02	0.000000e+00	3.241515e-02
1.700000e+01	1.800000e+01	6.047911e-02	0.000000e+00	3.132706e-02
1.800000e+01	1.900000e+01	5.393941e-02	0.000000e+00	2.964378e-02
1.900000e+01	2.000000e+01	4.822937e-02	0.000000e+00	2.793239e-02
2.000000e+01	2.100000e+01	4.299532e-02	0.000000e+00	2.617785e-02
2.100000e+01	2.200000e+01	3.861735e-02	0.000000e+00	2.417041e-02
2.200000e+01	2.300000e+01	3.462657e-02	0.000000e+00	2.244635e-02
2.300000e+01	2.400000e+01	3.096230e-02	0.000000e+00	2.090302e-02
2.400000e+01	2.500000e+01	2.793506e-02	0.000000e+00	1.917002e-02
2.500000e+01	2.600000e+01	2.507438e-02	0.000000e+00	1.766797e-02
2.600000e+01	2.700000e+01	2.245316e-02	0.000000e+00	1.640229e-02
2.700000e+01	2.800000e+01	2.030419e-02	0.000000e+00	1.478447e-02
2.800000e+01	2.900000e+01	1.825106e-02	0.000000e+00	1.375337e-02
2.900000e+01	3.000000e+01	1.642819e-02	0.000000e+00	1.241210e-02
3.000000e+01	3.100000e+01	1.477301e-02	0.000000e+00	1.145167e-02
3.100000e+01	3.200000e+01	1.334184e-02	0.000000e+00	1.011264e-02
3.200000e+01	3.300000e+01	1.196466e-02	0.000000e+00	9.627400e-03
3.300000e+01	3.400000e+01	1.089841e-02	0.000000e+00	8.623000e-03
3.400000e+01	3.500000e+01	9.770765e-03	0.000000e+00	8.036885e-03
3.500000e+01	3.600000e+01	8.853701e-03	0.000000e+00	7.208639e-03
3.600000e+01	3.700000e+01	8.000118e-03	0.000000e+00	6.659572e-03
3.700000e+01	3.800000e+01	7.240107e-03	0.000000e+00	6.011893e-03
3.800000e+01	3.900000e+01	6.589890e-03	0.000000e+00	5.476800e-03
3.900000e+01	4.000000e+01	5.970001e-03	0.000000e+00	5.020969e-03
4.000000e+01	4.100000e+01	5.390414e-03	0.000000e+00	4.583408e-03
4.100000e+01	4.200000e+01	4.896912e-03	0.000000e+00	4.154025e-03
4.200000e+01	4.300000e+01	4.467123e-03	0.000000e+00	3.819636e-03
4.300000e+01	4.400000e+01	4.036432e-03	0.000000e+00	3.560794e-03
4.400000e+01	4.500000e+01	3.694561e-03	0.000000e+00	3.247248e-03
4.500000e+01	4.600000e+01	3.394507e-03	0.000000e+00	2.899267e-03
4.600000e+01	4.700000e+01	3.101437e-03	0.000000e+00	2.668310e-03
4.700000e+01	4.800000e+01	2.837609e-03	0.000000e+00	2.434775e-03
4.800000e+01	4.900000e+01	2.607549e-03	0.000000e+00	2.246197e-03
4.900000e+01	5.000000e+01	2.396782e-03	0.000000e+00	2.057021e-03
5.000000e+01	5.100000e+01	2.227769e-03	0.000000e+00	1.854848e-03
5.100000e+01	5.200000e+01	2.058055e-03	0.000000e+00	1.714272e-03
5.200000e+01	5.300000e+01	1.869742e-03	0.000000e+00	1.635209e-03
5.300000e+01	5.400000e+01	1.737413e-03	0.000000e+00	1.485723e-03
5.400000e+01	5.500000e+01	1.588021e-03	0.000000e+00	1.408215e-03
5.500000e+01	5.600000e+01	1.497431e-03	0.000000e+00	1.260635e-03
5.600000e+01	5.700000e+01	1.383906e-03	0.000000e+00	1.181814e-03
5.700000e+01	5.800000e+01	1.287903e-03	0.000000e+00	1.095207e-03
5.800000e+01	5.900000e+01	1.224012e-03	0.000000e+00	1.001259e-03
5.900000e+01	6.000000e+01	1.136376e-03	0.000000e+00	9.162810e-04
6.000000e+01	6.100000e+01	1.061434e-03	0.000000e+00	8.686850e-04
6.100000e+01	6.200000e+01	9.862340e-04	0.000000e+00	8.208330e-04
6.200000e+01	6.300000e+01	9.475873e-04	0.000000e+00	7.521147e-04
6.300000e+01	6.400000e+01	8.746469e-04	0.000000e+00	7.214451e-04
6.400000e+01	6.500000e+01	8.274954e-04	0.000000e+00	6.759886e-04
6.500000e+01	6.600000e+01	7.880055e-04	0.000000e+00	6.245055e-04
6.600000e+01	6.700000e+01	7.393119e-04	0.000000e+00	6.137851e-04
6.700000e+01	6.800000e+01	7.191872e-04	0.000000e+00	5.619138e-04
6.800000e+01	6.900000e+01	6.773885e-04	0.000000e+00	5.381125e-04
6.900000e+01	7.000000e+01	6.623321e-04	0.000000e+00	5.071069e-04
7.000000e+01	7.100000e+01	6.345281e-04	0.000000e+00	5.140109e-04
7.100000e+01	7.200000e+01	6.325377e-04	0.000000e+00	4.504693e-04
7.200000e+01	7.300000e+01	6.097554e-04	0.000000e+00	4.797856e-04
7.300000e+01	7.400000e+01	6.259000e-04	0.000000e+00	4.689070e-04
7.400000e+01	7.500000e+01	6.478723e-04	0.000000e+00	4.556207e-04
7.500000e+01	7.600000e+01	6.754036e-04	0.000000e+00	4.507914e-04
7.600000e+01	7.700000e+01	7.461302e-04	0.000000e+00	4.488358e-04
7.700000e+01	7.800000e+01	8.648993e-04	0.000000e+00	4.385857e-04
7.800000e+01	7.900000e+01	1.089386e-03	0.000000e+00	4.056330e-04
7.900000e+01	8.000000e+01	1.701025e-03	0.000000e+00	1.900390e-04
8.000000e+01	8.100000e+01	2.512674e-03	0.000000e+00	1.014360e-04
8.100000e+01	8.200000e+01	2.058004e-03	0.000000e+00	3.985270e-04
8.200000e+01	8.300000e+01	1.368021e-03	0.000000e+00	5.437250e-04
8.300000e+01	8.400000e+01	9.984532e-04	0.000000e+00	5.383288e-04
8.400000e+01	8.500000e+01	7.621284e-04	0.000000e+00	4.968776e-04
8.500000e+01	8.600000e+01	6.195015e-04	0.000000e+00	4.332395e-04
8.600000e+01	8.700000e+01	5.276848e-04	0.000000e+00	3.963355e-04
8.700000e+01	8.800000e+01	4.954114e-04	0.000000e+00	3.585050e-04
8.800000e+01	8.900000e+01	4.956878e-04	0.000000e+00	3.142590e-04
8.900000e+01	9.000000e+01	5.492705e-04	0.000000e+00	2.611843e-04
9.000000e+01	9.100000e+01	7.029736e-04	0.000000e+00	1.927619e-04
9.100000e+01	9.200000e+01	8.228415e-04	0.000000e+00	1.968385e-04
9.200000e+01	9.300000e+01	6.705794e-04	0.000000e+00	2.493835e-04
9.300000e+01	9.400000e+01	4.887960e-04	0.000000e+00	2.742550e-04
9.400000e+01	9.500000e+01	3.871785e-04	0.000000e+00	2.498861e-04
9.500000e+01	9.600000e+01	3.107775e-04	0.000000e+00	2.265110e-04
9.600000e+01	9.700000e+01	2.547908e-04	0.000000e+00	1.953785e-04
9.700000e+01	9.800000e+01	2.169976e-04	0.000000e+00	1.873909e-04
9.800000e+01	9.900000e+01	1.827459e-04	0.000000e+00	1.617030e-04
9.900000e+01	1.000000e+02	1.650022e-04	0.000000e+00	1.438067e-04
# END HISTO1D


# BEGIN HISTO1D //homes/tinghua1/Merging-Project/Production/HJETS/ratio-plots/hjets-vbfnlo/H-2-3-25gev-vbfnlo-combine.yoda/MC_H2JETS_07_INC/jet1_mass
ErrorBandColor=violet
ErrorBandOpacity=0.3
ErrorBands=1
ErrorType=env
LineColor=violet
LineStyle=solid
Path=//homes/tinghua1/Merging-Project/Production/HJETS/ratio-plots/hjets-vbfnlo/H-2-3-25gev-vbfnlo-combine.yoda/MC_H2JETS_07_INC/jet1_mass
RatioPlotSameStyle=1
Title=h(2,3)-vbfnlo
# xlow	 xhigh	 val	 errminus	 errplus
0.000000e+00	1.000000e+00	2.637076e-01	0.000000e+00	3.331539e-01
1.000000e+00	2.000000e+00	3.088814e-02	0.000000e+00	4.002676e-02
2.000000e+00	3.000000e+00	2.153436e-02	0.000000e+00	1.120914e-02
3.000000e+00	4.000000e+00	6.455783e-02	0.000000e+00	2.516919e-02
4.000000e+00	5.000000e+00	8.137316e-02	0.000000e+00	1.981124e-02
5.000000e+00	6.000000e+00	9.341600e-02	0.000000e+00	1.437310e-02
6.000000e+00	7.000000e+00	1.049236e-01	0.000000e+00	1.045690e-02
7.000000e+00	8.000000e+00	1.131756e-01	1.739800e-03	6.475400e-03
8.000000e+00	9.000000e+00	1.176032e-01	8.445000e-03	3.196900e-03
9.000000e+00	1.000000e+01	1.182046e-01	1.438160e-02	0.000000e+00
1.000000e+01	1.100000e+01	1.158801e-01	1.944813e-02	0.000000e+00
1.100000e+01	1.200000e+01	1.110956e-01	2.299053e-02	0.000000e+00
1.200000e+01	1.300000e+01	1.048432e-01	2.528300e-02	0.000000e+00
1.300000e+01	1.400000e+01	9.778248e-02	2.643731e-02	0.000000e+00
1.400000e+01	1.500000e+01	9.068868e-02	2.692038e-02	0.000000e+00
1.500000e+01	1.600000e+01	8.337493e-02	2.648235e-02	0.000000e+00
1.600000e+01	1.700000e+01	7.628805e-02	2.553399e-02	0.000000e+00
1.700000e+01	1.800000e+01	6.973082e-02	2.443950e-02	0.000000e+00
1.800000e+01	1.900000e+01	6.361068e-02	2.321352e-02	0.000000e+00
1.900000e+01	2.000000e+01	5.796134e-02	2.174894e-02	0.000000e+00
2.000000e+01	2.100000e+01	5.279244e-02	2.038285e-02	0.000000e+00
2.100000e+01	2.200000e+01	4.793610e-02	1.881846e-02	0.000000e+00
2.200000e+01	2.300000e+01	4.372683e-02	1.762857e-02	0.000000e+00
2.300000e+01	2.400000e+01	3.962490e-02	1.615803e-02	0.000000e+00
2.400000e+01	2.500000e+01	3.608093e-02	1.496452e-02	0.000000e+00
2.500000e+01	2.600000e+01	3.279066e-02	1.378939e-02	0.000000e+00
2.600000e+01	2.700000e+01	2.990946e-02	1.276029e-02	0.000000e+00
2.700000e+01	2.800000e+01	2.703779e-02	1.157222e-02	0.000000e+00
2.800000e+01	2.900000e+01	2.459794e-02	1.064327e-02	0.000000e+00
2.900000e+01	3.000000e+01	2.237148e-02	9.745970e-03	0.000000e+00
3.000000e+01	3.100000e+01	2.030353e-02	8.895400e-03	0.000000e+00
3.100000e+01	3.200000e+01	1.848778e-02	8.184440e-03	0.000000e+00
3.200000e+01	3.300000e+01	1.681807e-02	7.468735e-03	0.000000e+00
3.300000e+01	3.400000e+01	1.531565e-02	6.869362e-03	0.000000e+00
3.400000e+01	3.500000e+01	1.392071e-02	6.270132e-03	0.000000e+00
3.500000e+01	3.600000e+01	1.264782e-02	5.695204e-03	0.000000e+00
3.600000e+01	3.700000e+01	1.151227e-02	5.211122e-03	0.000000e+00
3.700000e+01	3.800000e+01	1.052126e-02	4.792182e-03	0.000000e+00
3.800000e+01	3.900000e+01	9.575000e-03	4.378931e-03	0.000000e+00
3.900000e+01	4.000000e+01	8.702844e-03	3.979596e-03	0.000000e+00
4.000000e+01	4.100000e+01	7.874019e-03	3.557003e-03	0.000000e+00
4.100000e+01	4.200000e+01	7.270126e-03	3.347734e-03	0.000000e+00
4.200000e+01	4.300000e+01	6.652043e-03	3.063063e-03	0.000000e+00
4.300000e+01	4.400000e+01	6.070555e-03	2.803415e-03	0.000000e+00
4.400000e+01	4.500000e+01	5.565163e-03	2.570314e-03	0.000000e+00
4.500000e+01	4.600000e+01	5.107798e-03	2.364041e-03	0.000000e+00
4.600000e+01	4.700000e+01	4.698132e-03	2.185913e-03	0.000000e+00
4.700000e+01	4.800000e+01	4.310788e-03	2.002581e-03	0.000000e+00
4.800000e+01	4.900000e+01	3.949994e-03	1.810999e-03	0.000000e+00
4.900000e+01	5.000000e+01	3.633529e-03	1.685060e-03	0.000000e+00
5.000000e+01	5.100000e+01	3.349389e-03	1.546211e-03	0.000000e+00
5.100000e+01	5.200000e+01	3.089206e-03	1.400106e-03	0.000000e+00
5.200000e+01	5.300000e+01	2.858009e-03	1.322909e-03	0.000000e+00
5.300000e+01	5.400000e+01	2.632886e-03	1.211597e-03	0.000000e+00
5.400000e+01	5.500000e+01	2.431612e-03	1.110584e-03	0.000000e+00
5.500000e+01	5.600000e+01	2.244262e-03	1.023511e-03	0.000000e+00
5.600000e+01	5.700000e+01	2.104680e-03	9.590410e-04	0.000000e+00
5.700000e+01	5.800000e+01	1.942881e-03	8.827960e-04	0.000000e+00
5.800000e+01	5.900000e+01	1.794185e-03	8.045997e-04	0.000000e+00
5.900000e+01	6.000000e+01	1.690720e-03	7.764938e-04	0.000000e+00
6.000000e+01	6.100000e+01	1.561202e-03	7.120534e-04	0.000000e+00
6.100000e+01	6.200000e+01	1.460079e-03	6.759436e-04	0.000000e+00
6.200000e+01	6.300000e+01	1.365889e-03	6.245164e-04	0.000000e+00
6.300000e+01	6.400000e+01	1.267157e-03	5.655396e-04	0.000000e+00
6.400000e+01	6.500000e+01	1.173558e-03	5.203685e-04	0.000000e+00
6.500000e+01	6.600000e+01	1.103118e-03	4.785498e-04	0.000000e+00
6.600000e+01	6.700000e+01	1.017930e-03	4.533833e-04	0.000000e+00
6.700000e+01	6.800000e+01	9.562152e-04	4.216748e-04	0.000000e+00
6.800000e+01	6.900000e+01	9.032827e-04	4.017368e-04	0.000000e+00
6.900000e+01	7.000000e+01	8.351702e-04	3.697547e-04	0.000000e+00
7.000000e+01	7.100000e+01	7.894459e-04	3.532558e-04	0.000000e+00
7.100000e+01	7.200000e+01	7.337449e-04	3.283794e-04	0.000000e+00
7.200000e+01	7.300000e+01	6.838431e-04	3.020867e-04	0.000000e+00
7.300000e+01	7.400000e+01	6.498234e-04	2.941534e-04	0.000000e+00
7.400000e+01	7.500000e+01	6.127921e-04	2.751902e-04	0.000000e+00
7.500000e+01	7.600000e+01	5.691092e-04	2.548842e-04	0.000000e+00
7.600000e+01	7.700000e+01	5.383895e-04	2.413330e-04	0.000000e+00
7.700000e+01	7.800000e+01	5.034268e-04	2.217790e-04	0.000000e+00
7.800000e+01	7.900000e+01	4.753041e-04	2.196609e-04	0.000000e+00
7.900000e+01	8.000000e+01	4.369305e-04	1.889190e-04	0.000000e+00
8.000000e+01	8.100000e+01	4.147058e-04	1.803780e-04	0.000000e+00
8.100000e+01	8.200000e+01	3.921543e-04	1.718862e-04	0.000000e+00
8.200000e+01	8.300000e+01	3.710219e-04	1.681895e-04	0.000000e+00
8.300000e+01	8.400000e+01	3.505662e-04	1.568631e-04	0.000000e+00
8.400000e+01	8.500000e+01	3.238904e-04	1.392705e-04	0.000000e+00
8.500000e+01	8.600000e+01	3.061412e-04	1.334510e-04	0.000000e+00
8.600000e+01	8.700000e+01	2.922831e-04	1.314032e-04	0.000000e+00
8.700000e+01	8.800000e+01	2.704748e-04	1.174758e-04	0.000000e+00
8.800000e+01	8.900000e+01	2.613803e-04	1.184861e-04	0.000000e+00
8.900000e+01	9.000000e+01	2.477554e-04	1.103533e-04	0.000000e+00
9.000000e+01	9.100000e+01	2.282595e-04	9.975270e-05	0.000000e+00
9.100000e+01	9.200000e+01	2.175774e-04	9.519980e-05	0.000000e+00
9.200000e+01	9.300000e+01	2.095934e-04	9.374960e-05	0.000000e+00
9.300000e+01	9.400000e+01	1.943178e-04	8.537500e-05	0.000000e+00
9.400000e+01	9.500000e+01	1.815574e-04	7.835490e-05	0.000000e+00
9.500000e+01	9.600000e+01	1.728371e-04	7.753990e-05	0.000000e+00
9.600000e+01	9.700000e+01	1.624765e-04	7.262733e-05	0.000000e+00
9.700000e+01	9.800000e+01	1.563677e-04	7.097232e-05	0.000000e+00
9.800000e+01	9.900000e+01	1.473185e-04	6.575706e-05	0.000000e+00
9.900000e+01	1.000000e+02	1.419715e-04	6.442852e-05	0.000000e+00
# END HISTO1D

