# BEGIN PLOT
Scale=1000.0
DrawOnly=//homes/tinghua1/Merging-Project/Production/HJETS/ratio-plots/hjets-vbfnlo/H-N2-N3-4-25gev-combine.yoda/MC_H2JETS_07_INC/jet3_y_incl //homes/tinghua1/Merging-Project/Production/HJETS/ratio-plots/hjets-vbfnlo/H-N2-N3-4-25gev-vbfnlo-combine.yoda/MC_H2JETS_07_INC/jet3_y_incl //homes/tinghua1/Merging-Project/Production/HJETS/ratio-plots/hjets-vbfnlo/H-N2-3-4-25gev-combine.yoda/MC_H2JETS_07_INC/jet3_y_incl //homes/tinghua1/Merging-Project/Production/HJETS/ratio-plots/hjets-vbfnlo/H-N2-3-4-25gev-vbfnlo-combine.yoda/MC_H2JETS_07_INC/jet3_y_incl //homes/tinghua1/Merging-Project/Production/HJETS/ratio-plots/hjets-vbfnlo/H-2-3-4-25gev-combine.yoda/MC_H2JETS_07_INC/jet3_y_incl //homes/tinghua1/Merging-Project/Production/HJETS/ratio-plots/hjets-vbfnlo/H-2-3-4-25gev-vbfnlo-combine.yoda/MC_H2JETS_07_INC/jet3_y_incl //homes/tinghua1/Merging-Project/Production/HJETS/ratio-plots/hjets-vbfnlo/H-2-3-25gev-combine.yoda/MC_H2JETS_07_INC/jet3_y_incl //homes/tinghua1/Merging-Project/Production/HJETS/ratio-plots/hjets-vbfnlo/H-2-3-25gev-vbfnlo-combine.yoda/MC_H2JETS_07_INC/jet3_y_incl
RightMargin=0.5
RatioPlotReference=//homes/tinghua1/Merging-Project/Production/HJETS/ratio-plots/hjets-vbfnlo/H-N2-N3-4-25gev-combine.yoda/MC_H2JETS_07_INC/jet3_y_incl
#RatioPlot=1
LogY=1
RatioPlotYMax=1.5
RatioPlotYLabel=Ratio
#LegendOnly=//homes/tinghua1/Merging-Project/Production/HJETS/ratio-plots/hjets-vbfnlo/H-N2-N3-4-25gev-combine.yoda/MC_H2JETS_07_INC/jet3_y_incl //homes/tinghua1/Merging-Project/Production/HJETS/ratio-plots/hjets-vbfnlo/H-N2-N3-4-25gev-vbfnlo-combine.yoda/MC_H2JETS_07_INC/jet3_y_incl //homes/tinghua1/Merging-Project/Production/HJETS/ratio-plots/hjets-vbfnlo/H-N2-3-4-25gev-combine.yoda/MC_H2JETS_07_INC/jet3_y_incl //homes/tinghua1/Merging-Project/Production/HJETS/ratio-plots/hjets-vbfnlo/H-N2-3-4-25gev-vbfnlo-combine.yoda/MC_H2JETS_07_INC/jet3_y_incl //homes/tinghua1/Merging-Project/Production/HJETS/ratio-plots/hjets-vbfnlo/H-2-3-4-25gev-combine.yoda/MC_H2JETS_07_INC/jet3_y_incl //homes/tinghua1/Merging-Project/Production/HJETS/ratio-plots/hjets-vbfnlo/H-2-3-4-25gev-vbfnlo-combine.yoda/MC_H2JETS_07_INC/jet3_y_incl //homes/tinghua1/Merging-Project/Production/HJETS/ratio-plots/hjets-vbfnlo/H-2-3-25gev-combine.yoda/MC_H2JETS_07_INC/jet3_y_incl //homes/tinghua1/Merging-Project/Production/HJETS/ratio-plots/hjets-vbfnlo/H-2-3-25gev-vbfnlo-combine.yoda/MC_H2JETS_07_INC/jet3_y_incl
XLabel=$y_{j_3}^{incl}$ 
LegendAlign=r
YLabel=$ \text{d} \sigma/ \text{d}  y_{j_3}^{incl}$ (fb)
Legend=1
RatioPlot=4
MainPlotSelection={"Selection":[1,2,3,4,5,6,7,8]}
RatioPlots={"RatioPlotYLabel":"","Selection":[1,2]};{"RatioPlotYLabel":"","Selection":[3,4]};{"RatioPlotYLabel":"","Selection":[5,6]};{"RatioPlotYLabel":"","Selection":[7,8]}
RatioPlotSameStyle=1
RatioPlotYMin=0.0
# END PLOT


# BEGIN SPECIAL /MC_H2JETS_07_INC/jet3_y_incl
\rput[tl](0.05,0.75){\parbox{5cm}{\textcolor{gray}{{\bf Herwig 7.2.0} \\ HJETS/ColorFull}}}
# END SPECIAL

# BEGIN HISTO1D //homes/tinghua1/Merging-Project/Production/HJETS/ratio-plots/hjets-vbfnlo/H-N2-N3-4-25gev-combine.yoda/MC_H2JETS_07_INC/jet3_y_incl
ErrorBandColor=orange
ErrorBandOpacity=0.3
ErrorBands=1
ErrorType=env
LineColor=orange
LineStyle=solid
Path=//homes/tinghua1/Merging-Project/Production/HJETS/ratio-plots/hjets-vbfnlo/H-N2-N3-4-25gev-combine.yoda/MC_H2JETS_07_INC/jet3_y_incl
RatioPlotSameStyle=1
Title=h(2*,3*,4)
# xlow	 xhigh	 val	 errminus	 errplus
-5.000000e+00	-4.800000e+00	0.000000e+00	0.000000e+00	0.000000e+00
-4.800000e+00	-4.600000e+00	0.000000e+00	0.000000e+00	0.000000e+00
-4.600000e+00	-4.400000e+00	1.199687e-02	6.744600e-04	0.000000e+00
-4.400000e+00	-4.200000e+00	2.859798e-02	1.339890e-03	3.128465e-03
-4.200000e+00	-4.000000e+00	3.721091e-02	4.606600e-04	2.113475e-03
-4.000000e+00	-3.800000e+00	4.609071e-02	4.452465e-03	2.040755e-03
-3.800000e+00	-3.600000e+00	5.310700e-02	2.332400e-03	4.175300e-03
-3.600000e+00	-3.400000e+00	6.272880e-02	5.931300e-03	2.343400e-03
-3.400000e+00	-3.200000e+00	7.003390e-02	5.151150e-03	6.081000e-04
-3.200000e+00	-3.000000e+00	7.565455e-02	4.250600e-03	3.317900e-03
-3.000000e+00	-2.800000e+00	8.093775e-02	3.345400e-03	7.711000e-04
-2.800000e+00	-2.600000e+00	8.750955e-02	5.688250e-03	2.741700e-03
-2.600000e+00	-2.400000e+00	9.207200e-02	8.064100e-03	0.000000e+00
-2.400000e+00	-2.200000e+00	9.161135e-02	3.994450e-03	4.605000e-03
-2.200000e+00	-2.000000e+00	9.442525e-02	6.704200e-03	0.000000e+00
-2.000000e+00	-1.800000e+00	9.439420e-02	2.721450e-03	1.294850e-03
-1.800000e+00	-1.600000e+00	9.524225e-02	3.636050e-03	3.660250e-03
-1.600000e+00	-1.400000e+00	9.379975e-02	2.698700e-03	4.648050e-03
-1.400000e+00	-1.200000e+00	9.868055e-02	6.538700e-03	0.000000e+00
-1.200000e+00	-1.000000e+00	8.941900e-02	0.000000e+00	7.017700e-03
-1.000000e+00	-8.000000e-01	9.348620e-02	3.642000e-03	2.073650e-03
-8.000000e-01	-6.000000e-01	9.415875e-02	2.178100e-03	1.173600e-03
-6.000000e-01	-4.000000e-01	9.856060e-02	1.008935e-02	0.000000e+00
-4.000000e-01	-2.000000e-01	9.298420e-02	3.250000e-03	2.707500e-03
-2.000000e-01	0.000000e+00	9.166740e-02	3.344400e-03	4.762400e-03
0.000000e+00	2.000000e-01	9.584295e-02	6.189150e-03	3.014500e-04
2.000000e-01	4.000000e-01	9.025085e-02	1.113185e-02	1.395900e-03
4.000000e-01	6.000000e-01	9.284400e-02	5.283000e-04	6.245550e-03
6.000000e-01	8.000000e-01	9.209575e-02	1.001500e-04	6.171050e-03
8.000000e-01	1.000000e+00	9.757140e-02	6.174800e-03	0.000000e+00
1.000000e+00	1.200000e+00	9.655545e-02	4.788050e-03	7.406500e-04
1.200000e+00	1.400000e+00	9.483975e-02	9.012500e-04	2.414500e-03
1.400000e+00	1.600000e+00	9.350350e-02	1.669750e-03	3.789550e-03
1.600000e+00	1.800000e+00	9.256095e-02	0.000000e+00	2.905550e-03
1.800000e+00	2.000000e+00	9.538870e-02	6.053600e-03	1.948650e-03
2.000000e+00	2.200000e+00	9.371105e-02	5.327100e-03	1.831750e-03
2.200000e+00	2.400000e+00	9.423100e-02	9.462600e-03	0.000000e+00
2.400000e+00	2.600000e+00	8.324775e-02	2.232150e-03	8.517400e-03
2.600000e+00	2.800000e+00	8.438330e-02	3.635150e-03	4.022550e-03
2.800000e+00	3.000000e+00	7.715010e-02	5.046500e-04	7.595900e-03
3.000000e+00	3.200000e+00	7.498400e-02	4.243100e-03	0.000000e+00
3.200000e+00	3.400000e+00	6.819220e-02	2.355750e-03	4.157700e-03
3.400000e+00	3.600000e+00	6.238480e-02	4.636800e-03	3.200200e-03
3.600000e+00	3.800000e+00	5.393755e-02	0.000000e+00	6.230550e-03
3.800000e+00	4.000000e+00	4.468888e-02	4.554000e-04	1.819855e-03
4.000000e+00	4.200000e+00	3.805553e-02	2.335070e-03	0.000000e+00
4.200000e+00	4.400000e+00	2.942258e-02	1.571300e-03	0.000000e+00
4.400000e+00	4.600000e+00	1.261269e-02	1.400025e-03	0.000000e+00
4.600000e+00	4.800000e+00	0.000000e+00	0.000000e+00	0.000000e+00
4.800000e+00	5.000000e+00	0.000000e+00	0.000000e+00	0.000000e+00
# END HISTO1D


# BEGIN HISTO1D //homes/tinghua1/Merging-Project/Production/HJETS/ratio-plots/hjets-vbfnlo/H-N2-N3-4-25gev-vbfnlo-combine.yoda/MC_H2JETS_07_INC/jet3_y_incl
ErrorBandColor=red
ErrorBandOpacity=0.3
ErrorBands=1
ErrorType=env
LineColor=red
LineStyle=solid
Path=//homes/tinghua1/Merging-Project/Production/HJETS/ratio-plots/hjets-vbfnlo/H-N2-N3-4-25gev-vbfnlo-combine.yoda/MC_H2JETS_07_INC/jet3_y_incl
RatioPlotSameStyle=1
Title=h(2*,3*,4)-vbfnlo
# xlow	 xhigh	 val	 errminus	 errplus
-5.000000e+00	-4.800000e+00	0.000000e+00	0.000000e+00	0.000000e+00
-4.800000e+00	-4.600000e+00	0.000000e+00	0.000000e+00	0.000000e+00
-4.600000e+00	-4.400000e+00	1.025411e-02	0.000000e+00	1.054025e-03
-4.400000e+00	-4.200000e+00	2.481857e-02	0.000000e+00	2.549925e-03
-4.200000e+00	-4.000000e+00	3.138531e-02	0.000000e+00	2.833670e-03
-4.000000e+00	-3.800000e+00	3.817445e-02	0.000000e+00	2.952520e-03
-3.800000e+00	-3.600000e+00	4.422267e-02	0.000000e+00	3.793345e-03
-3.600000e+00	-3.400000e+00	4.816032e-02	0.000000e+00	3.700725e-03
-3.400000e+00	-3.200000e+00	5.342420e-02	0.000000e+00	3.717750e-03
-3.200000e+00	-3.000000e+00	5.602880e-02	0.000000e+00	4.756150e-03
-3.000000e+00	-2.800000e+00	5.810950e-02	0.000000e+00	3.086400e-03
-2.800000e+00	-2.600000e+00	5.804700e-02	0.000000e+00	2.553400e-03
-2.600000e+00	-2.400000e+00	5.883740e-02	0.000000e+00	1.647650e-03
-2.400000e+00	-2.200000e+00	5.724485e-02	0.000000e+00	2.526300e-03
-2.200000e+00	-2.000000e+00	5.535790e-02	0.000000e+00	2.647700e-03
-2.000000e+00	-1.800000e+00	5.294875e-02	0.000000e+00	1.635455e-02
-1.800000e+00	-1.600000e+00	5.142045e-02	6.676000e-04	1.467600e-03
-1.600000e+00	-1.400000e+00	4.835441e-02	0.000000e+00	1.747340e-03
-1.400000e+00	-1.200000e+00	4.606299e-02	0.000000e+00	1.219900e-03
-1.200000e+00	-1.000000e+00	4.337667e-02	0.000000e+00	2.387950e-03
-1.000000e+00	-8.000000e-01	4.112047e-02	0.000000e+00	1.593055e-03
-8.000000e-01	-6.000000e-01	3.980747e-02	0.000000e+00	1.233075e-03
-6.000000e-01	-4.000000e-01	3.774871e-02	0.000000e+00	1.308940e-03
-4.000000e-01	-2.000000e-01	3.693181e-02	0.000000e+00	6.763450e-04
-2.000000e-01	0.000000e+00	3.649324e-02	0.000000e+00	9.100850e-04
0.000000e+00	2.000000e-01	3.635803e-02	0.000000e+00	1.408080e-03
2.000000e-01	4.000000e-01	3.623447e-02	0.000000e+00	8.307950e-04
4.000000e-01	6.000000e-01	3.850939e-02	2.807000e-05	1.068530e-03
6.000000e-01	8.000000e-01	4.068527e-02	2.327300e-04	0.000000e+00
8.000000e-01	1.000000e+00	4.138621e-02	5.673000e-05	1.160410e-03
1.000000e+00	1.200000e+00	4.379576e-02	0.000000e+00	1.953165e-03
1.200000e+00	1.400000e+00	4.557735e-02	0.000000e+00	2.153905e-03
1.400000e+00	1.600000e+00	4.895986e-02	0.000000e+00	1.529485e-03
1.600000e+00	1.800000e+00	5.102810e-02	0.000000e+00	2.369800e-03
1.800000e+00	2.000000e+00	5.372405e-02	0.000000e+00	2.182950e-03
2.000000e+00	2.200000e+00	5.571875e-02	0.000000e+00	3.176500e-03
2.200000e+00	2.400000e+00	5.623735e-02	0.000000e+00	5.664450e-03
2.400000e+00	2.600000e+00	5.851270e-02	0.000000e+00	3.252500e-03
2.600000e+00	2.800000e+00	5.821440e-02	0.000000e+00	3.853550e-03
2.800000e+00	3.000000e+00	5.796030e-02	0.000000e+00	1.458750e-03
3.000000e+00	3.200000e+00	5.614020e-02	0.000000e+00	2.392600e-03
3.200000e+00	3.400000e+00	5.342015e-02	0.000000e+00	3.879050e-03
3.400000e+00	3.600000e+00	4.879338e-02	0.000000e+00	3.096820e-03
3.600000e+00	3.800000e+00	4.411937e-02	0.000000e+00	3.587795e-03
3.800000e+00	4.000000e+00	3.848175e-02	0.000000e+00	3.412195e-03
4.000000e+00	4.200000e+00	3.211274e-02	0.000000e+00	3.553135e-03
4.200000e+00	4.400000e+00	2.472697e-02	0.000000e+00	3.104710e-03
4.400000e+00	4.600000e+00	1.076412e-02	0.000000e+00	4.374750e-04
4.600000e+00	4.800000e+00	0.000000e+00	0.000000e+00	0.000000e+00
4.800000e+00	5.000000e+00	0.000000e+00	0.000000e+00	0.000000e+00
# END HISTO1D


# BEGIN HISTO1D //homes/tinghua1/Merging-Project/Production/HJETS/ratio-plots/hjets-vbfnlo/H-N2-3-4-25gev-combine.yoda/MC_H2JETS_07_INC/jet3_y_incl
ErrorBandColor=blue
ErrorBandOpacity=0.3
ErrorBands=1
ErrorType=env
LineColor=blue
LineStyle=solid
Path=//homes/tinghua1/Merging-Project/Production/HJETS/ratio-plots/hjets-vbfnlo/H-N2-3-4-25gev-combine.yoda/MC_H2JETS_07_INC/jet3_y_incl
RatioPlotSameStyle=1
Title=h(2*,3,4)
# xlow	 xhigh	 val	 errminus	 errplus
-5.000000e+00	-4.800000e+00	0.000000e+00	0.000000e+00	0.000000e+00
-4.800000e+00	-4.600000e+00	0.000000e+00	0.000000e+00	0.000000e+00
-4.600000e+00	-4.400000e+00	1.104764e-02	1.050025e-03	1.984565e-03
-4.400000e+00	-4.200000e+00	2.885729e-02	3.915175e-03	2.986460e-03
-4.200000e+00	-4.000000e+00	3.616503e-02	4.068205e-03	3.954120e-03
-4.000000e+00	-3.800000e+00	4.376078e-02	4.669825e-03	6.114965e-03
-3.800000e+00	-3.600000e+00	5.224045e-02	5.407775e-03	6.008800e-03
-3.600000e+00	-3.400000e+00	5.966505e-02	5.685850e-03	6.896650e-03
-3.400000e+00	-3.200000e+00	6.624690e-02	6.396600e-03	7.802350e-03
-3.200000e+00	-3.000000e+00	7.260890e-02	6.048800e-03	7.330800e-03
-3.000000e+00	-2.800000e+00	7.788230e-02	6.389450e-03	5.969350e-03
-2.800000e+00	-2.600000e+00	8.238845e-02	6.244500e-03	6.649600e-03
-2.600000e+00	-2.400000e+00	8.661420e-02	7.752750e-03	6.068700e-03
-2.400000e+00	-2.200000e+00	8.895060e-02	7.194500e-03	7.957600e-03
-2.200000e+00	-2.000000e+00	9.008240e-02	6.634850e-03	6.901550e-03
-2.000000e+00	-1.800000e+00	9.153990e-02	6.060450e-03	9.957100e-03
-1.800000e+00	-1.600000e+00	9.278110e-02	6.789100e-03	5.843600e-03
-1.600000e+00	-1.400000e+00	9.423500e-02	7.141900e-03	4.346600e-03
-1.400000e+00	-1.200000e+00	9.265630e-02	5.989350e-03	5.158300e-03
-1.200000e+00	-1.000000e+00	9.314810e-02	6.976850e-03	5.836100e-03
-1.000000e+00	-8.000000e-01	9.260415e-02	6.004050e-03	5.279900e-03
-8.000000e-01	-6.000000e-01	9.188380e-02	5.352850e-03	4.909450e-03
-6.000000e-01	-4.000000e-01	9.060535e-02	4.232000e-03	5.848000e-03
-4.000000e-01	-2.000000e-01	9.084010e-02	5.201050e-03	4.720900e-03
-2.000000e-01	0.000000e+00	9.114800e-02	5.416450e-03	4.256450e-03
0.000000e+00	2.000000e-01	9.054455e-02	4.717350e-03	3.770250e-03
2.000000e-01	4.000000e-01	9.054165e-02	5.032700e-03	5.333750e-03
4.000000e-01	6.000000e-01	9.150490e-02	5.271600e-03	4.371850e-03
6.000000e-01	8.000000e-01	9.162335e-02	5.823650e-03	5.671500e-03
8.000000e-01	1.000000e+00	9.246210e-02	6.413000e-03	4.780450e-03
1.000000e+00	1.200000e+00	9.266770e-02	5.627700e-03	5.431600e-03
1.200000e+00	1.400000e+00	9.266195e-02	6.111800e-03	5.721850e-03
1.400000e+00	1.600000e+00	9.369585e-02	5.762700e-03	5.966750e-03
1.600000e+00	1.800000e+00	9.191335e-02	5.445900e-03	7.213700e-03
1.800000e+00	2.000000e+00	9.175830e-02	6.155600e-03	7.276200e-03
2.000000e+00	2.200000e+00	8.983395e-02	5.730700e-03	7.599700e-03
2.200000e+00	2.400000e+00	8.902425e-02	6.877700e-03	6.714300e-03
2.400000e+00	2.600000e+00	8.606375e-02	7.517350e-03	8.035150e-03
2.600000e+00	2.800000e+00	8.218340e-02	6.838650e-03	7.738200e-03
2.800000e+00	3.000000e+00	7.718525e-02	6.049550e-03	8.872200e-03
3.000000e+00	3.200000e+00	7.254875e-02	6.481050e-03	6.690700e-03
3.200000e+00	3.400000e+00	6.642275e-02	6.196750e-03	8.081900e-03
3.400000e+00	3.600000e+00	5.991385e-02	5.935850e-03	6.238250e-03
3.600000e+00	3.800000e+00	5.223100e-02	5.137070e-03	5.946200e-03
3.800000e+00	4.000000e+00	4.373820e-02	3.592410e-03	5.746485e-03
4.000000e+00	4.200000e+00	3.410632e-02	1.885790e-03	6.669230e-03
4.200000e+00	4.400000e+00	2.854440e-02	3.824275e-03	3.703850e-03
4.400000e+00	4.600000e+00	1.111603e-02	1.101405e-03	2.503160e-03
4.600000e+00	4.800000e+00	0.000000e+00	0.000000e+00	0.000000e+00
4.800000e+00	5.000000e+00	0.000000e+00	0.000000e+00	0.000000e+00
# END HISTO1D


# BEGIN HISTO1D //homes/tinghua1/Merging-Project/Production/HJETS/ratio-plots/hjets-vbfnlo/H-N2-3-4-25gev-vbfnlo-combine.yoda/MC_H2JETS_07_INC/jet3_y_incl
ErrorBandColor=cyan
ErrorBandOpacity=0.3
ErrorBands=1
ErrorType=env
LineColor=cyan
LineStyle=solid
Path=//homes/tinghua1/Merging-Project/Production/HJETS/ratio-plots/hjets-vbfnlo/H-N2-3-4-25gev-vbfnlo-combine.yoda/MC_H2JETS_07_INC/jet3_y_incl
RatioPlotSameStyle=1
Title=h(2*,3,4)-vbfnlo
# xlow	 xhigh	 val	 errminus	 errplus
-5.000000e+00	-4.800000e+00	0.000000e+00	0.000000e+00	0.000000e+00
-4.800000e+00	-4.600000e+00	0.000000e+00	0.000000e+00	0.000000e+00
-4.600000e+00	-4.400000e+00	1.044154e-02	1.224485e-03	1.494290e-03
-4.400000e+00	-4.200000e+00	2.566989e-02	2.900125e-03	3.670905e-03
-4.200000e+00	-4.000000e+00	3.244087e-02	3.823100e-03	4.094310e-03
-4.000000e+00	-3.800000e+00	3.874084e-02	3.796260e-03	5.204200e-03
-3.800000e+00	-3.600000e+00	4.429979e-02	4.175245e-03	5.886310e-03
-3.600000e+00	-3.400000e+00	4.963658e-02	4.624440e-03	6.643870e-03
-3.400000e+00	-3.200000e+00	5.367725e-02	5.259625e-03	5.904150e-03
-3.200000e+00	-3.000000e+00	5.677885e-02	5.327100e-03	6.552350e-03
-3.000000e+00	-2.800000e+00	5.842325e-02	5.001250e-03	6.605200e-03
-2.800000e+00	-2.600000e+00	5.913890e-02	4.745500e-03	5.892050e-03
-2.600000e+00	-2.400000e+00	5.913015e-02	4.730250e-03	5.765000e-03
-2.400000e+00	-2.200000e+00	5.845060e-02	4.997100e-03	5.364400e-03
-2.200000e+00	-2.000000e+00	5.647205e-02	4.423000e-03	4.324750e-03
-2.000000e+00	-1.800000e+00	5.471770e-02	4.204550e-03	3.676650e-03
-1.800000e+00	-1.600000e+00	5.200110e-02	3.605825e-03	3.947000e-03
-1.600000e+00	-1.400000e+00	4.974083e-02	3.338180e-03	3.167115e-03
-1.400000e+00	-1.200000e+00	4.711514e-02	3.595920e-03	2.540310e-03
-1.200000e+00	-1.000000e+00	4.411194e-02	2.695000e-03	3.672655e-03
-1.000000e+00	-8.000000e-01	4.204501e-02	2.216925e-03	2.910295e-03
-8.000000e-01	-6.000000e-01	4.004336e-02	2.443175e-03	1.992715e-03
-6.000000e-01	-4.000000e-01	3.840446e-02	2.124575e-03	1.596670e-03
-4.000000e-01	-2.000000e-01	3.744003e-02	2.150210e-03	1.697620e-03
-2.000000e-01	0.000000e+00	3.686093e-02	1.940210e-03	1.587525e-03
0.000000e+00	2.000000e-01	3.711855e-02	2.051390e-03	1.551410e-03
2.000000e-01	4.000000e-01	3.747104e-02	1.733630e-03	1.436705e-03
4.000000e-01	6.000000e-01	3.829855e-02	2.057075e-03	2.114050e-03
6.000000e-01	8.000000e-01	3.955071e-02	1.745655e-03	3.479050e-03
8.000000e-01	1.000000e+00	4.214476e-02	2.501515e-03	2.178350e-03
1.000000e+00	1.200000e+00	4.426193e-02	2.855520e-03	2.874375e-03
1.200000e+00	1.400000e+00	4.663339e-02	2.879845e-03	3.264920e-03
1.400000e+00	1.600000e+00	4.959516e-02	3.490160e-03	3.143840e-03
1.600000e+00	1.800000e+00	5.207320e-02	3.567760e-03	3.831800e-03
1.800000e+00	2.000000e+00	5.488820e-02	4.768050e-03	3.595350e-03
2.000000e+00	2.200000e+00	5.682145e-02	4.901000e-03	4.726700e-03
2.200000e+00	2.400000e+00	5.831720e-02	4.757550e-03	5.289450e-03
2.400000e+00	2.600000e+00	5.926825e-02	4.800600e-03	5.258550e-03
2.600000e+00	2.800000e+00	5.943385e-02	5.427300e-03	6.125800e-03
2.800000e+00	3.000000e+00	5.875550e-02	5.472600e-03	5.917350e-03
3.000000e+00	3.200000e+00	5.666990e-02	5.677250e-03	6.263650e-03
3.200000e+00	3.400000e+00	5.374240e-02	5.292320e-03	5.794100e-03
3.400000e+00	3.600000e+00	4.994722e-02	5.323885e-03	5.400075e-03
3.600000e+00	3.800000e+00	4.451370e-02	4.384005e-03	5.623800e-03
3.800000e+00	4.000000e+00	3.885492e-02	4.295785e-03	4.878430e-03
4.000000e+00	4.200000e+00	3.247811e-02	3.615040e-03	3.979640e-03
4.200000e+00	4.400000e+00	2.583244e-02	2.965240e-03	3.473545e-03
4.400000e+00	4.600000e+00	1.038305e-02	1.265935e-03	1.575445e-03
4.600000e+00	4.800000e+00	0.000000e+00	0.000000e+00	0.000000e+00
4.800000e+00	5.000000e+00	0.000000e+00	0.000000e+00	0.000000e+00
# END HISTO1D


# BEGIN HISTO1D //homes/tinghua1/Merging-Project/Production/HJETS/ratio-plots/hjets-vbfnlo/H-2-3-4-25gev-combine.yoda/MC_H2JETS_07_INC/jet3_y_incl
ErrorBandColor=yellow
ErrorBandOpacity=0.3
ErrorBands=1
ErrorType=env
LineColor=yellow
LineStyle=solid
Path=//homes/tinghua1/Merging-Project/Production/HJETS/ratio-plots/hjets-vbfnlo/H-2-3-4-25gev-combine.yoda/MC_H2JETS_07_INC/jet3_y_incl
RatioPlotSameStyle=1
Title=h(2,3,4)
# xlow	 xhigh	 val	 errminus	 errplus
-5.000000e+00	-4.800000e+00	0.000000e+00	0.000000e+00	0.000000e+00
-4.800000e+00	-4.600000e+00	0.000000e+00	0.000000e+00	0.000000e+00
-4.600000e+00	-4.400000e+00	1.113329e-02	1.597825e-03	1.893580e-03
-4.400000e+00	-4.200000e+00	2.809251e-02	4.260995e-03	5.021465e-03
-4.200000e+00	-4.000000e+00	3.618047e-02	5.363720e-03	5.649900e-03
-4.000000e+00	-3.800000e+00	4.417857e-02	5.852955e-03	7.505875e-03
-3.800000e+00	-3.600000e+00	5.243510e-02	7.107145e-03	7.497400e-03
-3.600000e+00	-3.400000e+00	6.045260e-02	8.199950e-03	7.724850e-03
-3.400000e+00	-3.200000e+00	6.645230e-02	6.920050e-03	9.057650e-03
-3.200000e+00	-3.000000e+00	7.246000e-02	7.695150e-03	9.631950e-03
-3.000000e+00	-2.800000e+00	7.706570e-02	8.299600e-03	8.623250e-03
-2.800000e+00	-2.600000e+00	8.042405e-02	7.506050e-03	9.147550e-03
-2.600000e+00	-2.400000e+00	8.340400e-02	7.331450e-03	8.231250e-03
-2.400000e+00	-2.200000e+00	8.553185e-02	7.344250e-03	7.286000e-03
-2.200000e+00	-2.000000e+00	8.590250e-02	6.149350e-03	7.501900e-03
-2.000000e+00	-1.800000e+00	8.692615e-02	6.450400e-03	5.856900e-03
-1.800000e+00	-1.600000e+00	8.621960e-02	5.514000e-03	5.301950e-03
-1.600000e+00	-1.400000e+00	8.724290e-02	6.287150e-03	3.489650e-03
-1.400000e+00	-1.200000e+00	8.535930e-02	4.821950e-03	3.286650e-03
-1.200000e+00	-1.000000e+00	8.407610e-02	4.132400e-03	3.634600e-03
-1.000000e+00	-8.000000e-01	8.268020e-02	3.761150e-03	2.914250e-03
-8.000000e-01	-6.000000e-01	8.162060e-02	3.548600e-03	2.380050e-03
-6.000000e-01	-4.000000e-01	8.090685e-02	3.775200e-03	2.643650e-03
-4.000000e-01	-2.000000e-01	8.015925e-02	3.396400e-03	2.149850e-03
-2.000000e-01	0.000000e+00	8.012120e-02	3.472450e-03	1.840650e-03
0.000000e+00	2.000000e-01	7.969995e-02	2.963700e-03	1.918750e-03
2.000000e-01	4.000000e-01	8.083410e-02	3.791800e-03	1.183750e-03
4.000000e-01	6.000000e-01	8.115525e-02	3.332500e-03	1.902050e-03
6.000000e-01	8.000000e-01	8.148380e-02	4.026650e-03	2.955500e-03
8.000000e-01	1.000000e+00	8.311495e-02	4.342900e-03	3.362550e-03
1.000000e+00	1.200000e+00	8.388870e-02	3.911700e-03	3.029950e-03
1.200000e+00	1.400000e+00	8.523105e-02	4.827300e-03	3.612350e-03
1.400000e+00	1.600000e+00	8.709480e-02	6.296450e-03	2.928250e-03
1.600000e+00	1.800000e+00	8.737805e-02	6.312300e-03	4.545000e-03
1.800000e+00	2.000000e+00	8.666890e-02	6.232450e-03	6.241200e-03
2.000000e+00	2.200000e+00	8.694205e-02	6.913700e-03	6.253600e-03
2.200000e+00	2.400000e+00	8.530305e-02	7.251350e-03	7.706100e-03
2.400000e+00	2.600000e+00	8.330325e-02	7.226700e-03	7.927050e-03
2.600000e+00	2.800000e+00	8.093365e-02	7.623800e-03	8.501050e-03
2.800000e+00	3.000000e+00	7.710305e-02	8.271200e-03	8.990050e-03
3.000000e+00	3.200000e+00	7.205250e-02	7.922150e-03	8.746450e-03
3.200000e+00	3.400000e+00	6.757440e-02	8.620300e-03	7.780150e-03
3.400000e+00	3.600000e+00	5.997160e-02	7.362700e-03	7.932700e-03
3.600000e+00	3.800000e+00	5.219960e-02	6.288940e-03	6.229550e-03
3.800000e+00	4.000000e+00	4.418642e-02	5.977755e-03	7.345730e-03
4.000000e+00	4.200000e+00	3.615371e-02	5.195870e-03	5.919505e-03
4.200000e+00	4.400000e+00	2.816382e-02	4.420665e-03	4.690885e-03
4.400000e+00	4.600000e+00	1.099122e-02	1.524450e-03	2.044730e-03
4.600000e+00	4.800000e+00	0.000000e+00	0.000000e+00	0.000000e+00
4.800000e+00	5.000000e+00	0.000000e+00	0.000000e+00	0.000000e+00
# END HISTO1D


# BEGIN HISTO1D //homes/tinghua1/Merging-Project/Production/HJETS/ratio-plots/hjets-vbfnlo/H-2-3-4-25gev-vbfnlo-combine.yoda/MC_H2JETS_07_INC/jet3_y_incl
ErrorBandColor=green
ErrorBandOpacity=0.3
ErrorBands=1
ErrorType=env
LineColor=green
LineStyle=solid
Path=//homes/tinghua1/Merging-Project/Production/HJETS/ratio-plots/hjets-vbfnlo/H-2-3-4-25gev-vbfnlo-combine.yoda/MC_H2JETS_07_INC/jet3_y_incl
RatioPlotSameStyle=1
Title=h(2,3,4)-vbfnlo
# xlow	 xhigh	 val	 errminus	 errplus
-5.000000e+00	-4.800000e+00	0.000000e+00	0.000000e+00	0.000000e+00
-4.800000e+00	-4.600000e+00	0.000000e+00	0.000000e+00	0.000000e+00
-4.600000e+00	-4.400000e+00	1.038608e-02	1.570260e-03	1.976790e-03
-4.400000e+00	-4.200000e+00	2.607105e-02	4.007205e-03	4.847680e-03
-4.200000e+00	-4.000000e+00	3.308770e-02	4.336500e-03	5.979585e-03
-4.000000e+00	-3.800000e+00	4.040809e-02	5.835500e-03	6.797395e-03
-3.800000e+00	-3.600000e+00	4.669256e-02	6.237835e-03	7.498545e-03
-3.600000e+00	-3.400000e+00	5.244340e-02	6.806310e-03	7.784350e-03
-3.400000e+00	-3.200000e+00	5.680900e-02	7.010490e-03	8.332400e-03
-3.200000e+00	-3.000000e+00	6.001135e-02	7.115200e-03	8.336550e-03
-3.000000e+00	-2.800000e+00	6.252735e-02	7.678600e-03	7.982050e-03
-2.800000e+00	-2.600000e+00	6.299755e-02	7.027350e-03	7.962600e-03
-2.600000e+00	-2.400000e+00	6.277720e-02	6.756700e-03	7.750200e-03
-2.400000e+00	-2.200000e+00	6.166040e-02	6.318200e-03	7.524050e-03
-2.200000e+00	-2.000000e+00	5.982720e-02	5.625000e-03	6.263700e-03
-2.000000e+00	-1.800000e+00	5.772475e-02	5.625100e-03	5.526700e-03
-1.800000e+00	-1.600000e+00	5.512780e-02	5.030200e-03	4.602200e-03
-1.600000e+00	-1.400000e+00	5.187440e-02	4.819735e-03	4.520850e-03
-1.400000e+00	-1.200000e+00	4.904833e-02	3.897760e-03	3.076470e-03
-1.200000e+00	-1.000000e+00	4.614956e-02	3.498935e-03	3.199370e-03
-1.000000e+00	-8.000000e-01	4.349092e-02	2.960965e-03	2.765000e-03
-8.000000e-01	-6.000000e-01	4.125325e-02	2.586250e-03	2.459170e-03
-6.000000e-01	-4.000000e-01	3.973513e-02	2.607355e-03	1.933540e-03
-4.000000e-01	-2.000000e-01	3.845282e-02	2.096375e-03	1.717675e-03
-2.000000e-01	0.000000e+00	3.803373e-02	2.498405e-03	1.518295e-03
0.000000e+00	2.000000e-01	3.781475e-02	2.177710e-03	1.835655e-03
2.000000e-01	4.000000e-01	3.863310e-02	2.592360e-03	1.667950e-03
4.000000e-01	6.000000e-01	3.972243e-02	2.459720e-03	2.050860e-03
6.000000e-01	8.000000e-01	4.141890e-02	2.692530e-03	2.225005e-03
8.000000e-01	1.000000e+00	4.350508e-02	2.984430e-03	2.634910e-03
1.000000e+00	1.200000e+00	4.628507e-02	3.445475e-03	3.034220e-03
1.200000e+00	1.400000e+00	4.905284e-02	4.051685e-03	3.653665e-03
1.400000e+00	1.600000e+00	5.208100e-02	4.812280e-03	4.194250e-03
1.600000e+00	1.800000e+00	5.513680e-02	5.253170e-03	4.414500e-03
1.800000e+00	2.000000e+00	5.767915e-02	5.664100e-03	5.486000e-03
2.000000e+00	2.200000e+00	5.986495e-02	5.711750e-03	6.585850e-03
2.200000e+00	2.400000e+00	6.210550e-02	6.790350e-03	6.644350e-03
2.400000e+00	2.600000e+00	6.274060e-02	6.558600e-03	7.956900e-03
2.600000e+00	2.800000e+00	6.297970e-02	6.775800e-03	8.220950e-03
2.800000e+00	3.000000e+00	6.214845e-02	7.210450e-03	8.318750e-03
3.000000e+00	3.200000e+00	6.003085e-02	7.257450e-03	8.400100e-03
3.200000e+00	3.400000e+00	5.704940e-02	7.161445e-03	8.237300e-03
3.400000e+00	3.600000e+00	5.223780e-02	6.582710e-03	8.162350e-03
3.600000e+00	3.800000e+00	4.658381e-02	6.246390e-03	7.326990e-03
3.800000e+00	4.000000e+00	4.045948e-02	5.778615e-03	6.423790e-03
4.000000e+00	4.200000e+00	3.320029e-02	4.925900e-03	5.715970e-03
4.200000e+00	4.400000e+00	2.597737e-02	3.969760e-03	4.953090e-03
4.400000e+00	4.600000e+00	1.034196e-02	1.388600e-03	2.181590e-03
4.600000e+00	4.800000e+00	0.000000e+00	0.000000e+00	0.000000e+00
4.800000e+00	5.000000e+00	0.000000e+00	0.000000e+00	0.000000e+00
# END HISTO1D


# BEGIN HISTO1D //homes/tinghua1/Merging-Project/Production/HJETS/ratio-plots/hjets-vbfnlo/H-2-3-25gev-combine.yoda/MC_H2JETS_07_INC/jet3_y_incl
ErrorBandColor=purple
ErrorBandOpacity=0.3
ErrorBands=1
ErrorType=env
LineColor=purple
LineStyle=solid
Path=//homes/tinghua1/Merging-Project/Production/HJETS/ratio-plots/hjets-vbfnlo/H-2-3-25gev-combine.yoda/MC_H2JETS_07_INC/jet3_y_incl
RatioPlotSameStyle=1
Title=h(2,3)
# xlow	 xhigh	 val	 errminus	 errplus
-5.000000e+00	-4.800000e+00	0.000000e+00	0.000000e+00	0.000000e+00
-4.800000e+00	-4.600000e+00	0.000000e+00	0.000000e+00	0.000000e+00
-4.600000e+00	-4.400000e+00	9.537940e-03	0.000000e+00	3.811610e-03
-4.400000e+00	-4.200000e+00	2.437302e-02	0.000000e+00	8.885815e-03
-4.200000e+00	-4.000000e+00	3.145660e-02	0.000000e+00	1.150914e-02
-4.000000e+00	-3.800000e+00	3.891192e-02	0.000000e+00	1.367463e-02
-3.800000e+00	-3.600000e+00	4.689581e-02	0.000000e+00	1.426904e-02
-3.600000e+00	-3.400000e+00	5.346285e-02	0.000000e+00	1.619455e-02
-3.400000e+00	-3.200000e+00	6.010865e-02	0.000000e+00	1.650415e-02
-3.200000e+00	-3.000000e+00	6.536670e-02	0.000000e+00	1.727160e-02
-3.000000e+00	-2.800000e+00	7.048665e-02	0.000000e+00	1.706620e-02
-2.800000e+00	-2.600000e+00	7.477015e-02	0.000000e+00	1.631995e-02
-2.600000e+00	-2.400000e+00	7.762130e-02	0.000000e+00	1.674965e-02
-2.400000e+00	-2.200000e+00	8.033965e-02	0.000000e+00	1.512955e-02
-2.200000e+00	-2.000000e+00	8.158730e-02	0.000000e+00	1.438765e-02
-2.000000e+00	-1.800000e+00	8.242395e-02	0.000000e+00	1.333785e-02
-1.800000e+00	-1.600000e+00	8.292785e-02	0.000000e+00	1.216085e-02
-1.600000e+00	-1.400000e+00	8.301520e-02	0.000000e+00	1.086430e-02
-1.400000e+00	-1.200000e+00	8.226220e-02	0.000000e+00	1.011285e-02
-1.200000e+00	-1.000000e+00	8.214315e-02	0.000000e+00	8.845750e-03
-1.000000e+00	-8.000000e-01	8.141580e-02	0.000000e+00	7.817050e-03
-8.000000e-01	-6.000000e-01	8.074720e-02	0.000000e+00	5.694800e-03
-6.000000e-01	-4.000000e-01	7.987875e-02	0.000000e+00	6.778450e-03
-4.000000e-01	-2.000000e-01	8.007765e-02	0.000000e+00	6.094100e-03
-2.000000e-01	0.000000e+00	7.929130e-02	0.000000e+00	6.385500e-03
0.000000e+00	2.000000e-01	7.952495e-02	0.000000e+00	5.719600e-03
2.000000e-01	4.000000e-01	7.967270e-02	0.000000e+00	6.440550e-03
4.000000e-01	6.000000e-01	8.010285e-02	0.000000e+00	6.413000e-03
6.000000e-01	8.000000e-01	8.032970e-02	0.000000e+00	7.857600e-03
8.000000e-01	1.000000e+00	8.168780e-02	0.000000e+00	7.829300e-03
1.000000e+00	1.200000e+00	8.203665e-02	0.000000e+00	8.916850e-03
1.200000e+00	1.400000e+00	8.280285e-02	0.000000e+00	9.555500e-03
1.400000e+00	1.600000e+00	8.324980e-02	0.000000e+00	1.028465e-02
1.600000e+00	1.800000e+00	8.297640e-02	0.000000e+00	1.220470e-02
1.800000e+00	2.000000e+00	8.295775e-02	0.000000e+00	1.271225e-02
2.000000e+00	2.200000e+00	8.151450e-02	0.000000e+00	1.450285e-02
2.200000e+00	2.400000e+00	8.036900e-02	0.000000e+00	1.497280e-02
2.400000e+00	2.600000e+00	7.763685e-02	0.000000e+00	1.610100e-02
2.600000e+00	2.800000e+00	7.465730e-02	0.000000e+00	1.651670e-02
2.800000e+00	3.000000e+00	7.074560e-02	0.000000e+00	1.696265e-02
3.000000e+00	3.200000e+00	6.580335e-02	0.000000e+00	1.686860e-02
3.200000e+00	3.400000e+00	6.025455e-02	0.000000e+00	1.647555e-02
3.400000e+00	3.600000e+00	5.361605e-02	0.000000e+00	1.534540e-02
3.600000e+00	3.800000e+00	4.651424e-02	0.000000e+00	1.471252e-02
3.800000e+00	4.000000e+00	3.915570e-02	0.000000e+00	1.321684e-02
4.000000e+00	4.200000e+00	3.160058e-02	0.000000e+00	1.126955e-02
4.200000e+00	4.400000e+00	2.421233e-02	0.000000e+00	9.234570e-03
4.400000e+00	4.600000e+00	9.455080e-03	0.000000e+00	3.770375e-03
4.600000e+00	4.800000e+00	0.000000e+00	0.000000e+00	0.000000e+00
4.800000e+00	5.000000e+00	0.000000e+00	0.000000e+00	0.000000e+00
# END HISTO1D


# BEGIN HISTO1D //homes/tinghua1/Merging-Project/Production/HJETS/ratio-plots/hjets-vbfnlo/H-2-3-25gev-vbfnlo-combine.yoda/MC_H2JETS_07_INC/jet3_y_incl
ErrorBandColor=violet
ErrorBandOpacity=0.3
ErrorBands=1
ErrorType=env
LineColor=violet
LineStyle=solid
Path=//homes/tinghua1/Merging-Project/Production/HJETS/ratio-plots/hjets-vbfnlo/H-2-3-25gev-vbfnlo-combine.yoda/MC_H2JETS_07_INC/jet3_y_incl
RatioPlotSameStyle=1
Title=h(2,3)-vbfnlo
# xlow	 xhigh	 val	 errminus	 errplus
-5.000000e+00	-4.800000e+00	0.000000e+00	0.000000e+00	0.000000e+00
-4.800000e+00	-4.600000e+00	0.000000e+00	0.000000e+00	0.000000e+00
-4.600000e+00	-4.400000e+00	1.266926e-02	3.726315e-03	0.000000e+00
-4.400000e+00	-4.200000e+00	3.146306e-02	8.950715e-03	0.000000e+00
-4.200000e+00	-4.000000e+00	3.981427e-02	1.097231e-02	0.000000e+00
-4.000000e+00	-3.800000e+00	4.784181e-02	1.263568e-02	0.000000e+00
-3.800000e+00	-3.600000e+00	5.511860e-02	1.393658e-02	0.000000e+00
-3.600000e+00	-3.400000e+00	6.141175e-02	1.504925e-02	0.000000e+00
-3.400000e+00	-3.200000e+00	6.626570e-02	1.585795e-02	0.000000e+00
-3.200000e+00	-3.000000e+00	6.996600e-02	1.639995e-02	0.000000e+00
-3.000000e+00	-2.800000e+00	7.136125e-02	1.574495e-02	0.000000e+00
-2.800000e+00	-2.600000e+00	7.205390e-02	1.508860e-02	0.000000e+00
-2.600000e+00	-2.400000e+00	7.136155e-02	1.458560e-02	0.000000e+00
-2.400000e+00	-2.200000e+00	6.972935e-02	1.358105e-02	0.000000e+00
-2.200000e+00	-2.000000e+00	6.727705e-02	1.266100e-02	0.000000e+00
-2.000000e+00	-1.800000e+00	6.414395e-02	1.182715e-02	0.000000e+00
-1.800000e+00	-1.600000e+00	6.080755e-02	1.005265e-02	0.000000e+00
-1.600000e+00	-1.400000e+00	5.714240e-02	8.906845e-03	0.000000e+00
-1.400000e+00	-1.200000e+00	5.366150e-02	8.050655e-03	0.000000e+00
-1.200000e+00	-1.000000e+00	5.030270e-02	6.990120e-03	0.000000e+00
-1.000000e+00	-8.000000e-01	4.726447e-02	6.202905e-03	0.000000e+00
-8.000000e-01	-6.000000e-01	4.483794e-02	5.543730e-03	0.000000e+00
-6.000000e-01	-4.000000e-01	4.266563e-02	4.981920e-03	0.000000e+00
-4.000000e-01	-2.000000e-01	4.115779e-02	4.107895e-03	0.000000e+00
-2.000000e-01	0.000000e+00	4.073049e-02	4.676060e-03	0.000000e+00
0.000000e+00	2.000000e-01	4.039203e-02	4.068430e-03	0.000000e+00
2.000000e-01	4.000000e-01	4.128482e-02	4.552275e-03	0.000000e+00
4.000000e-01	6.000000e-01	4.240901e-02	4.519960e-03	0.000000e+00
6.000000e-01	8.000000e-01	4.456718e-02	5.265720e-03	0.000000e+00
8.000000e-01	1.000000e+00	4.710487e-02	6.026875e-03	0.000000e+00
1.000000e+00	1.200000e+00	5.003265e-02	6.737005e-03	0.000000e+00
1.200000e+00	1.400000e+00	5.375760e-02	8.031350e-03	0.000000e+00
1.400000e+00	1.600000e+00	5.726590e-02	8.977765e-03	0.000000e+00
1.600000e+00	1.800000e+00	6.059730e-02	1.012735e-02	0.000000e+00
1.800000e+00	2.000000e+00	6.421375e-02	1.125535e-02	0.000000e+00
2.000000e+00	2.200000e+00	6.716815e-02	1.245590e-02	0.000000e+00
2.200000e+00	2.400000e+00	6.970360e-02	1.367825e-02	0.000000e+00
2.400000e+00	2.600000e+00	7.126720e-02	1.439125e-02	0.000000e+00
2.600000e+00	2.800000e+00	7.177435e-02	1.510315e-02	0.000000e+00
2.800000e+00	3.000000e+00	7.147745e-02	1.570780e-02	0.000000e+00
3.000000e+00	3.200000e+00	6.953680e-02	1.594025e-02	0.000000e+00
3.200000e+00	3.400000e+00	6.615645e-02	1.566725e-02	0.000000e+00
3.400000e+00	3.600000e+00	6.140445e-02	1.523490e-02	0.000000e+00
3.600000e+00	3.800000e+00	5.523665e-02	1.419832e-02	0.000000e+00
3.800000e+00	4.000000e+00	4.794319e-02	1.276540e-02	0.000000e+00
4.000000e+00	4.200000e+00	3.973964e-02	1.088511e-02	0.000000e+00
4.200000e+00	4.400000e+00	3.147493e-02	8.934400e-03	0.000000e+00
4.400000e+00	4.600000e+00	1.267106e-02	3.761325e-03	0.000000e+00
4.600000e+00	4.800000e+00	0.000000e+00	0.000000e+00	0.000000e+00
4.800000e+00	5.000000e+00	0.000000e+00	0.000000e+00	0.000000e+00
# END HISTO1D

