# BEGIN PLOT
Rebin=2
DrawOnly=//homes/tinghua1/Merging-Project/Production/HJETS/ratio-plots/hjets-vbfnlo/H-N2-N3-4-25gev-combine.yoda/MC_H2JETS_07_INC/jet3_mass //homes/tinghua1/Merging-Project/Production/HJETS/ratio-plots/hjets-vbfnlo/H-N2-N3-4-25gev-vbfnlo-combine.yoda/MC_H2JETS_07_INC/jet3_mass //homes/tinghua1/Merging-Project/Production/HJETS/ratio-plots/hjets-vbfnlo/H-N2-3-4-25gev-combine.yoda/MC_H2JETS_07_INC/jet3_mass //homes/tinghua1/Merging-Project/Production/HJETS/ratio-plots/hjets-vbfnlo/H-N2-3-4-25gev-vbfnlo-combine.yoda/MC_H2JETS_07_INC/jet3_mass //homes/tinghua1/Merging-Project/Production/HJETS/ratio-plots/hjets-vbfnlo/H-2-3-4-25gev-combine.yoda/MC_H2JETS_07_INC/jet3_mass //homes/tinghua1/Merging-Project/Production/HJETS/ratio-plots/hjets-vbfnlo/H-2-3-4-25gev-vbfnlo-combine.yoda/MC_H2JETS_07_INC/jet3_mass //homes/tinghua1/Merging-Project/Production/HJETS/ratio-plots/hjets-vbfnlo/H-2-3-25gev-combine.yoda/MC_H2JETS_07_INC/jet3_mass //homes/tinghua1/Merging-Project/Production/HJETS/ratio-plots/hjets-vbfnlo/H-2-3-25gev-vbfnlo-combine.yoda/MC_H2JETS_07_INC/jet3_mass
RightMargin=0.5
RatioPlotReference=//homes/tinghua1/Merging-Project/Production/HJETS/ratio-plots/hjets-vbfnlo/H-N2-N3-4-25gev-combine.yoda/MC_H2JETS_07_INC/jet3_mass
#RatioPlot=1
LogY=1
RatioPlotYMax=3.0
#LegendOnly=//homes/tinghua1/Merging-Project/Production/HJETS/ratio-plots/hjets-vbfnlo/H-N2-N3-4-25gev-combine.yoda/MC_H2JETS_07_INC/jet3_mass //homes/tinghua1/Merging-Project/Production/HJETS/ratio-plots/hjets-vbfnlo/H-N2-N3-4-25gev-vbfnlo-combine.yoda/MC_H2JETS_07_INC/jet3_mass //homes/tinghua1/Merging-Project/Production/HJETS/ratio-plots/hjets-vbfnlo/H-N2-3-4-25gev-combine.yoda/MC_H2JETS_07_INC/jet3_mass //homes/tinghua1/Merging-Project/Production/HJETS/ratio-plots/hjets-vbfnlo/H-N2-3-4-25gev-vbfnlo-combine.yoda/MC_H2JETS_07_INC/jet3_mass //homes/tinghua1/Merging-Project/Production/HJETS/ratio-plots/hjets-vbfnlo/H-2-3-4-25gev-combine.yoda/MC_H2JETS_07_INC/jet3_mass //homes/tinghua1/Merging-Project/Production/HJETS/ratio-plots/hjets-vbfnlo/H-2-3-4-25gev-vbfnlo-combine.yoda/MC_H2JETS_07_INC/jet3_mass //homes/tinghua1/Merging-Project/Production/HJETS/ratio-plots/hjets-vbfnlo/H-2-3-25gev-combine.yoda/MC_H2JETS_07_INC/jet3_mass //homes/tinghua1/Merging-Project/Production/HJETS/ratio-plots/hjets-vbfnlo/H-2-3-25gev-vbfnlo-combine.yoda/MC_H2JETS_07_INC/jet3_mass
RatioPlotYLabel=Ratio
Scale=1000.0
XLabel=$m_{j_3}$ (GeV)
LegendAlign=r
YLabel=$ \text{d} \sigma/ \text{d}  m_{j_3}$ (fb/GeV)
Legend=1
RatioPlot=4
MainPlotSelection={"Selection":[1,2,3,4,5,6,7,8]}
RatioPlots={"RatioPlotYLabel":"","Selection":[1,2]};{"RatioPlotYLabel":"","Selection":[3,4]};{"RatioPlotYLabel":"","Selection":[5,6]};{"RatioPlotYLabel":"","Selection":[7,8]}
RatioPlotSameStyle=1
RatioPlotYMin=0.0
# END PLOT


# BEGIN SPECIAL /MC_H2JETS_07_INC/jet3_mass
\rput[tl](0.05,0.75){\parbox{5cm}{\textcolor{gray}{{\bf Herwig 7.2.0} \\ HJETS/ColorFull}}}
# END SPECIAL

# BEGIN HISTO1D //homes/tinghua1/Merging-Project/Production/HJETS/ratio-plots/hjets-vbfnlo/H-N2-N3-4-25gev-combine.yoda/MC_H2JETS_07_INC/jet3_mass
ErrorBandColor=orange
ErrorBandOpacity=0.3
ErrorBands=1
ErrorType=env
LineColor=orange
LineStyle=solid
Path=//homes/tinghua1/Merging-Project/Production/HJETS/ratio-plots/hjets-vbfnlo/H-N2-N3-4-25gev-combine.yoda/MC_H2JETS_07_INC/jet3_mass
RatioPlotSameStyle=1
Title=h(2*,3*,4)
# xlow	 xhigh	 val	 errminus	 errplus
0.000000e+00	1.000000e+00	1.687684e-01	3.433910e-02	7.363020e-02
1.000000e+00	2.000000e+00	3.104309e-02	5.645710e-03	8.361250e-03
2.000000e+00	3.000000e+00	1.749622e-02	2.459530e-03	0.000000e+00
3.000000e+00	4.000000e+00	5.292284e-02	5.865690e-03	0.000000e+00
4.000000e+00	5.000000e+00	6.743044e-02	3.381870e-03	0.000000e+00
5.000000e+00	6.000000e+00	7.829843e-02	6.597890e-03	0.000000e+00
6.000000e+00	7.000000e+00	8.240294e-02	1.267132e-02	2.645750e-03
7.000000e+00	8.000000e+00	7.753259e-02	1.674243e-02	7.961930e-03
8.000000e+00	9.000000e+00	6.833766e-02	1.645898e-02	4.409410e-03
9.000000e+00	1.000000e+01	5.657891e-02	1.431329e-02	1.283233e-02
1.000000e+01	1.100000e+01	4.648620e-02	1.345380e-02	1.166442e-02
1.100000e+01	1.200000e+01	3.529602e-02	1.059535e-02	1.152794e-02
1.200000e+01	1.300000e+01	2.885242e-02	9.956090e-03	7.105400e-03
1.300000e+01	1.400000e+01	2.194159e-02	7.582780e-03	7.785780e-03
1.400000e+01	1.500000e+01	1.690630e-02	5.199380e-03	7.802580e-03
1.500000e+01	1.600000e+01	1.428413e-02	4.927121e-03	5.138080e-03
1.600000e+01	1.700000e+01	1.120405e-02	3.639207e-03	6.082300e-03
1.700000e+01	1.800000e+01	9.728014e-03	3.829017e-03	3.811566e-03
1.800000e+01	1.900000e+01	7.373635e-03	2.536801e-03	3.651535e-03
1.900000e+01	2.000000e+01	6.525395e-03	2.493559e-03	2.899355e-03
2.000000e+01	2.100000e+01	5.235962e-03	2.352036e-03	2.299549e-03
2.100000e+01	2.200000e+01	3.623298e-03	1.149113e-03	2.382335e-03
2.200000e+01	2.300000e+01	3.606786e-03	1.655138e-03	1.467768e-03
2.300000e+01	2.400000e+01	2.634366e-03	9.707700e-04	1.468250e-03
2.400000e+01	2.500000e+01	2.260071e-03	1.058448e-03	1.023170e-03
2.500000e+01	2.600000e+01	1.646563e-03	5.823040e-04	1.192585e-03
2.600000e+01	2.700000e+01	1.406718e-03	6.023010e-04	8.009120e-04
2.700000e+01	2.800000e+01	1.241600e-03	5.453559e-04	5.188870e-04
2.800000e+01	2.900000e+01	9.815867e-04	4.410349e-04	6.546673e-04
2.900000e+01	3.000000e+01	6.820709e-04	2.420255e-04	5.145271e-04
3.000000e+01	3.100000e+01	2.367554e-03	1.975495e-03	0.000000e+00
3.100000e+01	3.200000e+01	4.269491e-04	1.409117e-04	3.504169e-04
3.200000e+01	3.300000e+01	4.745707e-04	1.966124e-04	2.307157e-04
3.300000e+01	3.400000e+01	3.322444e-04	1.010534e-04	2.525533e-04
3.400000e+01	3.500000e+01	3.403880e-04	1.770278e-04	1.267283e-04
3.500000e+01	3.600000e+01	2.290393e-04	9.864850e-05	2.656329e-04
3.600000e+01	3.700000e+01	2.461891e-04	1.340477e-04	9.898690e-05
3.700000e+01	3.800000e+01	1.996699e-04	8.615010e-05	1.001671e-04
3.800000e+01	3.900000e+01	1.644102e-04	8.117302e-05	1.084211e-04
3.900000e+01	4.000000e+01	1.485582e-04	7.045859e-05	1.055788e-04
4.000000e+01	4.100000e+01	1.257914e-04	6.409050e-05	8.277040e-05
4.100000e+01	4.200000e+01	1.035642e-04	4.698387e-05	6.548550e-05
4.200000e+01	4.300000e+01	1.187842e-04	6.879922e-05	3.802860e-05
4.300000e+01	4.400000e+01	7.576801e-05	3.756811e-05	4.303969e-05
4.400000e+01	4.500000e+01	7.989150e-05	4.417025e-05	7.295200e-07
4.500000e+01	4.600000e+01	5.979934e-05	3.204917e-05	4.078546e-05
4.600000e+01	4.700000e+01	5.329856e-05	1.883915e-05	4.577355e-05
4.700000e+01	4.800000e+01	5.119278e-05	3.024228e-05	4.250400e-05
4.800000e+01	4.900000e+01	4.423260e-05	2.114809e-05	3.277133e-05
4.900000e+01	5.000000e+01	5.004234e-05	3.010246e-05	1.321903e-05
5.000000e+01	5.100000e+01	3.097698e-05	1.212430e-05	1.155033e-05
5.100000e+01	5.200000e+01	3.159164e-05	1.165463e-05	2.593755e-05
5.200000e+01	5.300000e+01	2.317558e-05	5.358910e-06	2.269075e-05
5.300000e+01	5.400000e+01	2.329456e-05	1.052306e-05	1.965089e-05
5.400000e+01	5.500000e+01	1.978388e-05	8.115800e-06	1.730262e-05
5.500000e+01	5.600000e+01	1.956219e-05	8.713890e-06	1.776710e-05
5.600000e+01	5.700000e+01	2.097202e-05	8.578630e-06	1.120437e-05
5.700000e+01	5.800000e+01	1.718865e-05	7.872176e-06	1.240009e-05
5.800000e+01	5.900000e+01	1.584579e-05	8.267003e-06	1.172793e-05
5.900000e+01	6.000000e+01	1.295732e-05	3.624173e-06	1.201374e-05
6.000000e+01	6.100000e+01	1.475591e-05	7.847999e-06	8.701820e-06
6.100000e+01	6.200000e+01	1.313023e-05	6.734717e-06	1.005802e-05
6.200000e+01	6.300000e+01	1.345196e-05	4.663084e-06	6.031670e-06
6.300000e+01	6.400000e+01	1.057817e-05	3.662989e-06	7.249180e-06
6.400000e+01	6.500000e+01	8.179948e-06	4.086167e-06	9.975272e-06
6.500000e+01	6.600000e+01	8.933552e-06	3.870274e-06	7.003068e-06
6.600000e+01	6.700000e+01	8.706701e-06	3.792928e-06	4.157689e-06
6.700000e+01	6.800000e+01	8.359662e-06	4.001805e-06	6.250278e-06
6.800000e+01	6.900000e+01	8.036527e-06	4.676978e-06	5.731343e-06
6.900000e+01	7.000000e+01	6.983848e-06	3.138243e-06	4.589452e-06
7.000000e+01	7.100000e+01	7.326610e-06	4.103819e-06	4.338980e-06
7.100000e+01	7.200000e+01	6.057068e-06	1.913271e-06	5.409942e-06
7.200000e+01	7.300000e+01	6.324943e-06	3.487267e-06	4.791377e-06
7.300000e+01	7.400000e+01	5.326035e-06	2.418686e-06	4.418860e-06
7.400000e+01	7.500000e+01	5.630320e-06	2.253369e-06	3.260850e-06
7.500000e+01	7.600000e+01	6.192661e-06	2.253881e-06	3.787255e-06
7.600000e+01	7.700000e+01	7.287165e-06	4.029972e-06	3.860395e-06
7.700000e+01	7.800000e+01	4.950572e-06	1.354253e-06	5.450068e-06
7.800000e+01	7.900000e+01	7.024458e-06	1.578958e-06	5.958622e-06
7.900000e+01	8.000000e+01	9.908877e-06	2.154563e-06	4.085123e-06
8.000000e+01	8.100000e+01	1.222465e-05	1.442800e-06	4.967900e-06
8.100000e+01	8.200000e+01	1.181386e-05	2.895215e-06	3.113360e-06
8.200000e+01	8.300000e+01	1.040413e-05	4.335293e-06	1.811700e-06
8.300000e+01	8.400000e+01	7.167255e-06	2.398778e-06	4.042995e-06
8.400000e+01	8.500000e+01	6.199488e-06	2.734595e-06	2.891344e-06
8.500000e+01	8.600000e+01	4.713165e-06	1.716379e-06	3.009399e-06
8.600000e+01	8.700000e+01	4.028932e-06	1.679454e-06	2.827034e-06
8.700000e+01	8.800000e+01	3.515984e-06	1.329748e-06	2.373413e-06
8.800000e+01	8.900000e+01	2.743848e-06	6.303820e-07	2.490884e-06
8.900000e+01	9.000000e+01	3.814522e-06	1.764695e-06	3.734351e-06
9.000000e+01	9.100000e+01	3.827051e-06	1.496969e-06	1.504416e-06
9.100000e+01	9.200000e+01	3.950948e-06	1.065290e-06	1.722623e-06
9.200000e+01	9.300000e+01	3.291812e-06	9.708060e-07	2.517784e-06
9.300000e+01	9.400000e+01	2.560607e-06	4.687530e-07	2.810075e-06
9.400000e+01	9.500000e+01	1.969674e-06	4.860960e-07	2.045355e-06
9.500000e+01	9.600000e+01	2.410045e-06	1.201272e-06	1.633850e-06
9.600000e+01	9.700000e+01	1.922910e-06	8.555890e-07	1.427047e-06
9.700000e+01	9.800000e+01	1.954949e-06	1.259411e-06	7.476510e-07
9.800000e+01	9.900000e+01	2.039846e-06	1.292416e-06	5.054910e-07
9.900000e+01	1.000000e+02	-2.976368e-07	0.000000e+00	2.371657e-06
# END HISTO1D


# BEGIN HISTO1D //homes/tinghua1/Merging-Project/Production/HJETS/ratio-plots/hjets-vbfnlo/H-N2-N3-4-25gev-vbfnlo-combine.yoda/MC_H2JETS_07_INC/jet3_mass
ErrorBandColor=red
ErrorBandOpacity=0.3
ErrorBands=1
ErrorType=env
LineColor=red
LineStyle=solid
Path=//homes/tinghua1/Merging-Project/Production/HJETS/ratio-plots/hjets-vbfnlo/H-N2-N3-4-25gev-vbfnlo-combine.yoda/MC_H2JETS_07_INC/jet3_mass
RatioPlotSameStyle=1
Title=h(2*,3*,4)-vbfnlo
# xlow	 xhigh	 val	 errminus	 errplus
0.000000e+00	1.000000e+00	1.462626e-01	6.094727e-02	0.000000e+00
1.000000e+00	2.000000e+00	1.960101e-02	6.104200e-03	0.000000e+00
2.000000e+00	3.000000e+00	9.910473e-03	9.580280e-04	1.170170e-04
3.000000e+00	4.000000e+00	3.063311e-02	3.126790e-03	1.195780e-03
4.000000e+00	5.000000e+00	3.677138e-02	2.553200e-04	2.612170e-03
5.000000e+00	6.000000e+00	4.013902e-02	0.000000e+00	3.968340e-03
6.000000e+00	7.000000e+00	3.852182e-02	0.000000e+00	7.801830e-03
7.000000e+00	8.000000e+00	3.429500e-02	0.000000e+00	1.170448e-02
8.000000e+00	9.000000e+00	2.835621e-02	0.000000e+00	1.380774e-02
9.000000e+00	1.000000e+01	2.298961e-02	0.000000e+00	1.264144e-02
1.000000e+01	1.100000e+01	1.736702e-02	0.000000e+00	1.177926e-02
1.100000e+01	1.200000e+01	1.331949e-02	0.000000e+00	1.007862e-02
1.200000e+01	1.300000e+01	1.026137e-02	0.000000e+00	8.622830e-03
1.300000e+01	1.400000e+01	7.941000e-03	0.000000e+00	6.821680e-03
1.400000e+01	1.500000e+01	6.197912e-03	0.000000e+00	5.631908e-03
1.500000e+01	1.600000e+01	4.987282e-03	0.000000e+00	4.523399e-03
1.600000e+01	1.700000e+01	4.021828e-03	0.000000e+00	4.129963e-03
1.700000e+01	1.800000e+01	3.075886e-03	0.000000e+00	3.393210e-03
1.800000e+01	1.900000e+01	2.549522e-03	0.000000e+00	2.777552e-03
1.900000e+01	2.000000e+01	2.037547e-03	0.000000e+00	2.170726e-03
2.000000e+01	2.100000e+01	1.578853e-03	0.000000e+00	2.109509e-03
2.100000e+01	2.200000e+01	1.206477e-03	0.000000e+00	1.561131e-03
2.200000e+01	2.300000e+01	1.034028e-03	0.000000e+00	1.184215e-03
2.300000e+01	2.400000e+01	7.668138e-04	0.000000e+00	1.010461e-03
2.400000e+01	2.500000e+01	6.246111e-04	0.000000e+00	8.280589e-04
2.500000e+01	2.600000e+01	5.754681e-04	0.000000e+00	6.649479e-04
2.600000e+01	2.700000e+01	3.736268e-04	0.000000e+00	5.092550e-04
2.700000e+01	2.800000e+01	3.430144e-04	0.000000e+00	4.041066e-04
2.800000e+01	2.900000e+01	2.518039e-04	0.000000e+00	3.524835e-04
2.900000e+01	3.000000e+01	2.208189e-04	0.000000e+00	3.845669e-04
3.000000e+01	3.100000e+01	1.826181e-04	0.000000e+00	2.322762e-04
3.100000e+01	3.200000e+01	1.424459e-04	0.000000e+00	1.628426e-04
3.200000e+01	3.300000e+01	1.061289e-04	0.000000e+00	1.746043e-04
3.300000e+01	3.400000e+01	9.540037e-05	0.000000e+00	1.078122e-04
3.400000e+01	3.500000e+01	7.086631e-05	0.000000e+00	1.202591e-04
3.500000e+01	3.600000e+01	6.258770e-05	0.000000e+00	9.361570e-05
3.600000e+01	3.700000e+01	5.066916e-05	0.000000e+00	3.779421e-05
3.700000e+01	3.800000e+01	4.637789e-05	0.000000e+00	7.383651e-05
3.800000e+01	3.900000e+01	3.890904e-05	0.000000e+00	2.718152e-05
3.900000e+01	4.000000e+01	3.323449e-05	0.000000e+00	3.676986e-05
4.000000e+01	4.100000e+01	1.824602e-05	0.000000e+00	3.007793e-05
4.100000e+01	4.200000e+01	2.473242e-05	0.000000e+00	2.225497e-05
4.200000e+01	4.300000e+01	2.125276e-05	0.000000e+00	2.366866e-05
4.300000e+01	4.400000e+01	1.339276e-05	0.000000e+00	1.881638e-05
4.400000e+01	4.500000e+01	1.089325e-05	0.000000e+00	1.407723e-05
4.500000e+01	4.600000e+01	1.131348e-05	0.000000e+00	1.642298e-05
4.600000e+01	4.700000e+01	1.359525e-06	0.000000e+00	2.276392e-05
4.700000e+01	4.800000e+01	6.841170e-06	0.000000e+00	6.969860e-06
4.800000e+01	4.900000e+01	4.020771e-06	0.000000e+00	1.004323e-05
4.900000e+01	5.000000e+01	4.556408e-06	0.000000e+00	1.288937e-05
5.000000e+01	5.100000e+01	8.701980e-06	2.265202e-06	2.704390e-06
5.100000e+01	5.200000e+01	4.814085e-06	0.000000e+00	1.069379e-05
5.200000e+01	5.300000e+01	4.824308e-06	0.000000e+00	3.918497e-06
5.300000e+01	5.400000e+01	3.819200e-06	0.000000e+00	4.885638e-06
5.400000e+01	5.500000e+01	2.583126e-06	0.000000e+00	4.256232e-06
5.500000e+01	5.600000e+01	2.248411e-06	0.000000e+00	2.636161e-06
5.600000e+01	5.700000e+01	7.784046e-07	0.000000e+00	2.661280e-06
5.700000e+01	5.800000e+01	1.015730e-06	0.000000e+00	3.020308e-06
5.800000e+01	5.900000e+01	1.486287e-06	0.000000e+00	1.421114e-06
5.900000e+01	6.000000e+01	1.246380e-06	0.000000e+00	1.345528e-06
6.000000e+01	6.100000e+01	1.086237e-06	0.000000e+00	3.424788e-06
6.100000e+01	6.200000e+01	2.520069e-06	9.933450e-07	2.725460e-07
6.200000e+01	6.300000e+01	1.328804e-06	0.000000e+00	4.328581e-06
6.300000e+01	6.400000e+01	6.073262e-07	0.000000e+00	6.603988e-07
6.400000e+01	6.500000e+01	8.042469e-07	0.000000e+00	4.330861e-07
6.500000e+01	6.600000e+01	6.564633e-07	0.000000e+00	7.028877e-07
6.600000e+01	6.700000e+01	3.334555e-07	0.000000e+00	1.456041e-06
6.700000e+01	6.800000e+01	5.990069e-07	0.000000e+00	4.883941e-07
6.800000e+01	6.900000e+01	4.101452e-07	0.000000e+00	3.735372e-07
6.900000e+01	7.000000e+01	6.469418e-07	4.978477e-07	1.874836e-07
7.000000e+01	7.100000e+01	3.739473e-07	1.471301e-07	9.629020e-08
7.100000e+01	7.200000e+01	2.737144e-07	0.000000e+00	2.154671e-07
7.200000e+01	7.300000e+01	3.729093e-07	0.000000e+00	7.100917e-07
7.300000e+01	7.400000e+01	3.690227e-07	0.000000e+00	7.392273e-07
7.400000e+01	7.500000e+01	-1.381864e-07	0.000000e+00	9.747175e-07
7.500000e+01	7.600000e+01	2.127763e-07	0.000000e+00	3.431362e-07
7.600000e+01	7.700000e+01	1.347907e-07	0.000000e+00	1.776125e-07
7.700000e+01	7.800000e+01	3.298137e-07	2.327209e-07	0.000000e+00
7.800000e+01	7.900000e+01	1.144093e-07	0.000000e+00	4.536033e-07
7.900000e+01	8.000000e+01	2.460271e-07	6.163390e-08	1.457051e-07
8.000000e+01	8.100000e+01	1.632531e-07	4.579093e-07	0.000000e+00
8.100000e+01	8.200000e+01	1.417635e-07	5.699000e-09	1.278218e-07
8.200000e+01	8.300000e+01	1.306867e-07	7.251870e-07	2.582780e-08
8.300000e+01	8.400000e+01	2.225853e-08	0.000000e+00	9.543667e-08
8.400000e+01	8.500000e+01	1.402918e-07	0.000000e+00	2.203774e-07
8.500000e+01	8.600000e+01	6.248101e-08	9.489106e-08	1.167832e-07
8.600000e+01	8.700000e+01	1.536778e-07	4.884310e-08	1.035677e-07
8.700000e+01	8.800000e+01	5.884195e-08	1.354410e-09	1.527612e-07
8.800000e+01	8.900000e+01	8.654162e-08	1.178642e-07	8.529548e-08
8.900000e+01	9.000000e+01	4.583060e-08	6.208527e-08	8.247530e-08
9.000000e+01	9.100000e+01	4.313089e-08	0.000000e+00	9.451591e-08
9.100000e+01	9.200000e+01	3.336166e-08	0.000000e+00	9.907124e-08
9.200000e+01	9.300000e+01	6.073661e-08	5.408533e-08	1.614474e-07
9.300000e+01	9.400000e+01	3.957310e-08	3.759837e-08	0.000000e+00
9.400000e+01	9.500000e+01	2.300139e-08	2.175483e-08	4.379503e-08
9.500000e+01	9.600000e+01	3.533412e-08	1.129309e-07	0.000000e+00
9.600000e+01	9.700000e+01	2.630459e-08	2.227844e-08	7.682341e-08
9.700000e+01	9.800000e+01	2.372208e-08	0.000000e+00	3.136545e-08
9.800000e+01	9.900000e+01	3.566107e-08	7.815080e-09	2.974350e-09
9.900000e+01	1.000000e+02	3.090881e-08	1.998555e-08	0.000000e+00
# END HISTO1D


# BEGIN HISTO1D //homes/tinghua1/Merging-Project/Production/HJETS/ratio-plots/hjets-vbfnlo/H-N2-3-4-25gev-combine.yoda/MC_H2JETS_07_INC/jet3_mass
ErrorBandColor=blue
ErrorBandOpacity=0.3
ErrorBands=1
ErrorType=env
LineColor=blue
LineStyle=solid
Path=//homes/tinghua1/Merging-Project/Production/HJETS/ratio-plots/hjets-vbfnlo/H-N2-3-4-25gev-combine.yoda/MC_H2JETS_07_INC/jet3_mass
RatioPlotSameStyle=1
Title=h(2*,3,4)
# xlow	 xhigh	 val	 errminus	 errplus
0.000000e+00	1.000000e+00	1.630894e-01	2.397810e-02	6.204040e-02
1.000000e+00	2.000000e+00	2.880207e-02	3.370110e-03	7.610190e-03
2.000000e+00	3.000000e+00	1.638302e-02	1.396290e-03	0.000000e+00
3.000000e+00	4.000000e+00	5.182890e-02	4.435000e-03	0.000000e+00
4.000000e+00	5.000000e+00	6.581522e-02	5.769440e-03	0.000000e+00
5.000000e+00	6.000000e+00	7.631997e-02	9.078750e-03	2.332040e-03
6.000000e+00	7.000000e+00	7.970348e-02	1.394946e-02	6.760870e-03
7.000000e+00	8.000000e+00	7.499556e-02	1.663122e-02	1.147115e-02
8.000000e+00	9.000000e+00	6.551660e-02	1.652559e-02	1.464999e-02
9.000000e+00	1.000000e+01	5.470537e-02	1.590722e-02	1.552987e-02
1.000000e+01	1.100000e+01	4.410028e-02	1.401483e-02	1.445167e-02
1.100000e+01	1.200000e+01	3.455958e-02	1.154789e-02	1.245529e-02
1.200000e+01	1.300000e+01	2.709513e-02	9.207360e-03	1.108022e-02
1.300000e+01	1.400000e+01	2.124824e-02	7.483120e-03	9.257210e-03
1.400000e+01	1.500000e+01	1.725723e-02	5.932900e-03	7.156670e-03
1.500000e+01	1.600000e+01	1.424037e-02	5.312103e-03	6.341380e-03
1.600000e+01	1.700000e+01	1.159491e-02	4.472601e-03	5.668400e-03
1.700000e+01	1.800000e+01	9.413740e-03	3.652877e-03	4.538600e-03
1.800000e+01	1.900000e+01	7.723439e-03	3.187084e-03	3.959931e-03
1.900000e+01	2.000000e+01	6.195904e-03	2.499838e-03	3.308174e-03
2.000000e+01	2.100000e+01	5.108859e-03	2.163347e-03	2.586444e-03
2.100000e+01	2.200000e+01	4.210519e-03	1.849739e-03	2.125413e-03
2.200000e+01	2.300000e+01	3.261803e-03	1.322141e-03	1.969579e-03
2.300000e+01	2.400000e+01	2.682270e-03	1.158801e-03	1.511143e-03
2.400000e+01	2.500000e+01	2.148749e-03	9.084630e-04	1.323677e-03
2.500000e+01	2.600000e+01	1.775021e-03	6.536370e-04	1.054638e-03
2.600000e+01	2.700000e+01	1.409660e-03	6.287583e-04	9.183390e-04
2.700000e+01	2.800000e+01	1.121057e-03	4.690860e-04	7.627730e-04
2.800000e+01	2.900000e+01	9.760524e-04	4.436012e-04	5.719086e-04
2.900000e+01	3.000000e+01	9.420502e-04	5.325999e-04	2.961888e-04
3.000000e+01	3.100000e+01	6.440023e-04	2.873798e-04	4.153037e-04
3.100000e+01	3.200000e+01	5.422995e-04	2.597788e-04	3.310410e-04
3.200000e+01	3.300000e+01	4.437533e-04	1.795203e-04	3.430258e-04
3.300000e+01	3.400000e+01	3.743126e-04	1.741270e-04	2.269553e-04
3.400000e+01	3.500000e+01	3.276065e-04	1.661260e-04	2.575153e-04
3.500000e+01	3.600000e+01	2.746040e-04	1.383791e-04	1.910786e-04
3.600000e+01	3.700000e+01	2.330477e-04	1.187897e-04	1.242797e-04
3.700000e+01	3.800000e+01	1.848552e-04	8.286480e-05	1.461798e-04
3.800000e+01	3.900000e+01	1.492412e-04	6.356120e-05	1.028084e-04
3.900000e+01	4.000000e+01	1.458064e-04	7.394547e-05	1.086805e-04
4.000000e+01	4.100000e+01	1.150496e-04	4.929403e-05	9.636600e-05
4.100000e+01	4.200000e+01	9.769035e-05	4.154216e-05	8.563465e-05
4.200000e+01	4.300000e+01	8.759978e-05	3.899652e-05	7.193002e-05
4.300000e+01	4.400000e+01	8.665195e-05	4.232939e-05	6.461395e-05
4.400000e+01	4.500000e+01	6.735707e-05	3.312507e-05	5.096873e-05
4.500000e+01	4.600000e+01	6.259447e-05	2.842219e-05	4.261023e-05
4.600000e+01	4.700000e+01	5.408176e-05	2.397095e-05	3.942493e-05
4.700000e+01	4.800000e+01	4.909017e-05	2.585643e-05	3.407516e-05
4.800000e+01	4.900000e+01	4.637699e-05	2.345461e-05	3.330391e-05
4.900000e+01	5.000000e+01	4.026410e-05	2.227261e-05	3.217685e-05
5.000000e+01	5.100000e+01	3.249120e-05	1.512522e-05	2.782621e-05
5.100000e+01	5.200000e+01	2.900736e-05	1.281087e-05	2.366098e-05
5.200000e+01	5.300000e+01	2.816048e-05	1.285484e-05	2.235994e-05
5.300000e+01	5.400000e+01	2.299648e-05	8.071890e-06	2.187353e-05
5.400000e+01	5.500000e+01	1.789532e-05	6.236230e-06	2.104833e-05
5.500000e+01	5.600000e+01	1.892027e-05	6.538950e-06	1.911371e-05
5.600000e+01	5.700000e+01	1.776166e-05	9.575097e-06	1.244826e-05
5.700000e+01	5.800000e+01	1.616440e-05	6.776443e-06	1.574201e-05
5.800000e+01	5.900000e+01	1.668446e-05	8.803896e-06	1.178484e-05
5.900000e+01	6.000000e+01	1.507819e-05	7.551038e-06	1.061044e-05
6.000000e+01	6.100000e+01	1.273196e-05	4.726202e-06	8.773390e-06
6.100000e+01	6.200000e+01	1.059390e-05	3.965118e-06	9.244870e-06
6.200000e+01	6.300000e+01	9.993450e-06	3.966448e-06	9.337300e-06
6.300000e+01	6.400000e+01	8.882451e-06	2.860043e-06	8.961739e-06
6.400000e+01	6.500000e+01	9.742045e-06	4.514141e-06	7.866565e-06
6.500000e+01	6.600000e+01	8.256147e-06	4.090484e-06	5.015713e-06
6.600000e+01	6.700000e+01	8.124614e-06	3.616570e-06	9.026326e-06
6.700000e+01	6.800000e+01	6.267087e-06	2.410025e-06	5.889083e-06
6.800000e+01	6.900000e+01	7.758446e-06	3.824210e-06	4.230454e-06
6.900000e+01	7.000000e+01	6.993570e-06	3.655256e-06	4.640410e-06
7.000000e+01	7.100000e+01	6.817813e-06	3.176984e-06	4.332297e-06
7.100000e+01	7.200000e+01	6.068587e-06	2.444824e-06	4.602343e-06
7.200000e+01	7.300000e+01	5.899813e-06	2.716572e-06	4.271617e-06
7.300000e+01	7.400000e+01	4.944952e-06	1.431035e-06	4.556184e-06
7.400000e+01	7.500000e+01	5.701925e-06	2.806411e-06	1.106664e-05
7.500000e+01	7.600000e+01	5.032388e-06	1.564090e-06	4.330164e-06
7.600000e+01	7.700000e+01	5.218832e-06	2.092172e-06	4.847908e-06
7.700000e+01	7.800000e+01	6.053659e-06	2.441423e-06	3.896126e-06
7.800000e+01	7.900000e+01	7.307202e-06	1.856848e-06	3.377728e-06
7.900000e+01	8.000000e+01	1.044473e-05	2.198800e-07	4.992850e-06
8.000000e+01	8.100000e+01	1.314959e-05	1.102290e-06	3.973240e-06
8.100000e+01	8.200000e+01	1.110683e-05	3.786295e-06	4.270820e-06
8.200000e+01	8.300000e+01	8.273361e-06	2.635919e-06	4.923819e-06
8.300000e+01	8.400000e+01	7.473086e-06	2.818896e-06	3.602734e-06
8.400000e+01	8.500000e+01	5.763414e-06	2.228809e-06	3.214407e-06
8.500000e+01	8.600000e+01	4.420842e-06	1.895019e-06	2.770792e-06
8.600000e+01	8.700000e+01	4.464920e-06	2.312431e-06	2.352562e-06
8.700000e+01	8.800000e+01	3.748149e-06	1.115147e-06	3.134517e-06
8.800000e+01	8.900000e+01	3.892069e-06	1.518878e-06	1.788372e-06
8.900000e+01	9.000000e+01	3.688833e-06	1.439438e-06	1.811851e-06
9.000000e+01	9.100000e+01	4.057834e-06	1.477621e-06	2.060790e-06
9.100000e+01	9.200000e+01	4.023995e-06	6.259630e-07	1.949873e-06
9.200000e+01	9.300000e+01	3.807536e-06	1.256640e-06	1.949064e-06
9.300000e+01	9.400000e+01	3.363156e-06	1.697568e-06	1.110490e-06
9.400000e+01	9.500000e+01	2.761384e-06	1.422207e-06	1.386378e-06
9.500000e+01	9.600000e+01	1.894441e-06	8.042130e-07	1.895659e-06
9.600000e+01	9.700000e+01	1.849469e-06	7.611500e-07	9.582610e-07
9.700000e+01	9.800000e+01	1.542382e-06	7.181889e-07	1.271970e-06
9.800000e+01	9.900000e+01	1.483979e-06	7.974835e-07	7.141670e-07
9.900000e+01	1.000000e+02	9.496165e-07	3.726893e-07	1.212192e-06
# END HISTO1D


# BEGIN HISTO1D //homes/tinghua1/Merging-Project/Production/HJETS/ratio-plots/hjets-vbfnlo/H-N2-3-4-25gev-vbfnlo-combine.yoda/MC_H2JETS_07_INC/jet3_mass
ErrorBandColor=cyan
ErrorBandOpacity=0.3
ErrorBands=1
ErrorType=env
LineColor=cyan
LineStyle=solid
Path=//homes/tinghua1/Merging-Project/Production/HJETS/ratio-plots/hjets-vbfnlo/H-N2-3-4-25gev-vbfnlo-combine.yoda/MC_H2JETS_07_INC/jet3_mass
RatioPlotSameStyle=1
Title=h(2*,3,4)-vbfnlo
# xlow	 xhigh	 val	 errminus	 errplus
0.000000e+00	1.000000e+00	1.011686e-01	1.376856e-02	3.601270e-02
1.000000e+00	2.000000e+00	1.519982e-02	1.194930e-03	3.128870e-03
2.000000e+00	3.000000e+00	9.996895e-03	6.611290e-04	0.000000e+00
3.000000e+00	4.000000e+00	3.130528e-02	2.444390e-03	0.000000e+00
4.000000e+00	5.000000e+00	3.888733e-02	4.174910e-03	0.000000e+00
5.000000e+00	6.000000e+00	4.365994e-02	5.898710e-03	2.143470e-03
6.000000e+00	7.000000e+00	4.451013e-02	8.205820e-03	4.696350e-03
7.000000e+00	8.000000e+00	4.119846e-02	9.141630e-03	7.199050e-03
8.000000e+00	9.000000e+00	3.577967e-02	9.546420e-03	8.178280e-03
9.000000e+00	1.000000e+01	2.941408e-02	8.692130e-03	8.350890e-03
1.000000e+01	1.100000e+01	2.350552e-02	7.435700e-03	7.845110e-03
1.100000e+01	1.200000e+01	1.821496e-02	6.067230e-03	6.820000e-03
1.200000e+01	1.300000e+01	1.427877e-02	4.815655e-03	5.565670e-03
1.300000e+01	1.400000e+01	1.122945e-02	3.895327e-03	4.681660e-03
1.400000e+01	1.500000e+01	9.012894e-03	3.200685e-03	3.858416e-03
1.500000e+01	1.600000e+01	7.293968e-03	2.620945e-03	3.238122e-03
1.600000e+01	1.700000e+01	5.991377e-03	2.317105e-03	2.648927e-03
1.700000e+01	1.800000e+01	4.740852e-03	1.747018e-03	2.337239e-03
1.800000e+01	1.900000e+01	3.894445e-03	1.537426e-03	1.919997e-03
1.900000e+01	2.000000e+01	3.109546e-03	1.245769e-03	1.605900e-03
2.000000e+01	2.100000e+01	2.511951e-03	1.023197e-03	1.274007e-03
2.100000e+01	2.200000e+01	2.015720e-03	8.360900e-04	1.021132e-03
2.200000e+01	2.300000e+01	1.628438e-03	6.970424e-04	8.437530e-04
2.300000e+01	2.400000e+01	1.289935e-03	5.505444e-04	6.673910e-04
2.400000e+01	2.500000e+01	1.056290e-03	4.662151e-04	5.309290e-04
2.500000e+01	2.600000e+01	8.401095e-04	3.624246e-04	4.412935e-04
2.600000e+01	2.700000e+01	6.520842e-04	2.616925e-04	3.860748e-04
2.700000e+01	2.800000e+01	5.373402e-04	2.358464e-04	3.229866e-04
2.800000e+01	2.900000e+01	4.430369e-04	2.135012e-04	2.675026e-04
2.900000e+01	3.000000e+01	3.474457e-04	1.454746e-04	2.113610e-04
3.000000e+01	3.100000e+01	2.914495e-04	1.380966e-04	1.260838e-04
3.100000e+01	3.200000e+01	2.339647e-04	1.050803e-04	1.520007e-04
3.200000e+01	3.300000e+01	1.899774e-04	8.694440e-05	1.409042e-04
3.300000e+01	3.400000e+01	1.572093e-04	6.833956e-05	1.002632e-04
3.400000e+01	3.500000e+01	1.321800e-04	6.128943e-05	8.570590e-05
3.500000e+01	3.600000e+01	9.759573e-05	3.546057e-05	7.031717e-05
3.600000e+01	3.700000e+01	8.662540e-05	3.795653e-05	5.231180e-05
3.700000e+01	3.800000e+01	7.581786e-05	3.722643e-05	4.530724e-05
3.800000e+01	3.900000e+01	6.388480e-05	3.116764e-05	4.379970e-05
3.900000e+01	4.000000e+01	5.179140e-05	2.667334e-05	3.935144e-05
4.000000e+01	4.100000e+01	4.195151e-05	1.896173e-05	2.732532e-05
4.100000e+01	4.200000e+01	3.579164e-05	1.546300e-05	2.741213e-05
4.200000e+01	4.300000e+01	2.701981e-05	1.060908e-05	2.317677e-05
4.300000e+01	4.400000e+01	2.262094e-05	7.970430e-06	1.695587e-05
4.400000e+01	4.500000e+01	2.032358e-05	8.644010e-06	1.788723e-05
4.500000e+01	4.600000e+01	1.877625e-05	8.564340e-06	1.343796e-05
4.600000e+01	4.700000e+01	1.891374e-05	1.041511e-05	1.077378e-05
4.700000e+01	4.800000e+01	1.245960e-05	5.543774e-06	1.272843e-05
4.800000e+01	4.900000e+01	1.161742e-05	5.379013e-06	1.033051e-05
4.900000e+01	5.000000e+01	9.916603e-06	4.244161e-06	7.653177e-06
5.000000e+01	5.100000e+01	9.054970e-06	4.317986e-06	5.514010e-06
5.100000e+01	5.200000e+01	7.649903e-06	4.549627e-06	5.952087e-06
5.200000e+01	5.300000e+01	5.630694e-06	2.045685e-06	9.524046e-06
5.300000e+01	5.400000e+01	6.106415e-06	3.451975e-06	3.780682e-06
5.400000e+01	5.500000e+01	4.932538e-06	1.583078e-06	3.086434e-06
5.500000e+01	5.600000e+01	4.657978e-06	2.631651e-06	2.463121e-06
5.600000e+01	5.700000e+01	4.023229e-06	1.681689e-06	1.774442e-06
5.700000e+01	5.800000e+01	2.711594e-06	9.609150e-07	2.609801e-06
5.800000e+01	5.900000e+01	3.385149e-06	1.573288e-06	1.686384e-06
5.900000e+01	6.000000e+01	2.480473e-06	1.105354e-06	1.708604e-06
6.000000e+01	6.100000e+01	1.994580e-06	1.080579e-06	1.859846e-06
6.100000e+01	6.200000e+01	1.718713e-06	7.170220e-07	1.922553e-06
6.200000e+01	6.300000e+01	2.098157e-06	8.161100e-07	1.468227e-06
6.300000e+01	6.400000e+01	1.727981e-06	9.697447e-07	1.633680e-06
6.400000e+01	6.500000e+01	1.268680e-06	5.874931e-07	1.019133e-06
6.500000e+01	6.600000e+01	1.151938e-06	6.060797e-07	1.233887e-06
6.600000e+01	6.700000e+01	1.261329e-06	6.975896e-07	9.636130e-07
6.700000e+01	6.800000e+01	1.135992e-06	3.416045e-07	7.154300e-07
6.800000e+01	6.900000e+01	6.744107e-07	9.426300e-09	5.221303e-07
6.900000e+01	7.000000e+01	8.114264e-07	4.470238e-07	6.944006e-07
7.000000e+01	7.100000e+01	6.035467e-07	1.556380e-07	5.225463e-07
7.100000e+01	7.200000e+01	5.214786e-07	1.673922e-07	7.184564e-07
7.200000e+01	7.300000e+01	5.933727e-07	2.110004e-07	7.219463e-07
7.300000e+01	7.400000e+01	4.565728e-07	9.963870e-08	5.375760e-07
7.400000e+01	7.500000e+01	3.672635e-07	8.173250e-08	9.187455e-07
7.500000e+01	7.600000e+01	3.950972e-07	2.688180e-08	4.486245e-07
7.600000e+01	7.700000e+01	3.575846e-07	1.243058e-07	2.379794e-07
7.700000e+01	7.800000e+01	2.102894e-07	2.267040e-08	2.883369e-07
7.800000e+01	7.900000e+01	2.982649e-07	1.207932e-07	5.320640e-08
7.900000e+01	8.000000e+01	3.218301e-07	0.000000e+00	2.690481e-07
8.000000e+01	8.100000e+01	2.988212e-07	1.502032e-07	4.136712e-07
8.100000e+01	8.200000e+01	2.276915e-07	8.537410e-08	1.441363e-07
8.200000e+01	8.300000e+01	1.622691e-07	3.447880e-08	1.533936e-07
8.300000e+01	8.400000e+01	1.761590e-07	1.135470e-07	2.127736e-07
8.400000e+01	8.500000e+01	1.550395e-07	8.932231e-08	1.114386e-07
8.500000e+01	8.600000e+01	7.937862e-08	0.000000e+00	2.239044e-07
8.600000e+01	8.700000e+01	1.908602e-07	1.491985e-07	3.339490e-08
8.700000e+01	8.800000e+01	1.216647e-07	3.581359e-08	6.484234e-06
8.800000e+01	8.900000e+01	1.395543e-07	8.033203e-08	1.184748e-07
8.900000e+01	9.000000e+01	1.000714e-07	5.054593e-08	1.130737e-07
9.000000e+01	9.100000e+01	9.929212e-08	6.219611e-08	2.938168e-08
9.100000e+01	9.200000e+01	8.263947e-08	5.622827e-08	6.565963e-08
9.200000e+01	9.300000e+01	6.419516e-08	1.426667e-08	7.405024e-08
9.300000e+01	9.400000e+01	7.738170e-08	4.270386e-08	1.497630e-07
9.400000e+01	9.500000e+01	6.648482e-08	3.005812e-08	3.495208e-08
9.500000e+01	9.600000e+01	3.106592e-08	0.000000e+00	7.885548e-08
9.600000e+01	9.700000e+01	-2.284852e-08	0.000000e+00	9.059483e-08
9.700000e+01	9.800000e+01	4.724371e-08	9.328970e-09	9.451179e-08
9.800000e+01	9.900000e+01	3.232694e-08	1.585307e-08	6.678200e-08
9.900000e+01	1.000000e+02	4.953044e-08	2.704808e-08	1.845711e-08
# END HISTO1D


# BEGIN HISTO1D //homes/tinghua1/Merging-Project/Production/HJETS/ratio-plots/hjets-vbfnlo/H-2-3-4-25gev-combine.yoda/MC_H2JETS_07_INC/jet3_mass
ErrorBandColor=yellow
ErrorBandOpacity=0.3
ErrorBands=1
ErrorType=env
LineColor=yellow
LineStyle=solid
Path=//homes/tinghua1/Merging-Project/Production/HJETS/ratio-plots/hjets-vbfnlo/H-2-3-4-25gev-combine.yoda/MC_H2JETS_07_INC/jet3_mass
RatioPlotSameStyle=1
Title=h(2,3,4)
# xlow	 xhigh	 val	 errminus	 errplus
0.000000e+00	1.000000e+00	1.559980e-01	2.360520e-02	5.756610e-02
1.000000e+00	2.000000e+00	2.732312e-02	3.405890e-03	7.331390e-03
2.000000e+00	3.000000e+00	1.557400e-02	1.315550e-03	0.000000e+00
3.000000e+00	4.000000e+00	4.936251e-02	4.258660e-03	0.000000e+00
4.000000e+00	5.000000e+00	6.230570e-02	6.209990e-03	0.000000e+00
5.000000e+00	6.000000e+00	7.179665e-02	8.854050e-03	2.088270e-03
6.000000e+00	7.000000e+00	7.499785e-02	1.360003e-02	5.570810e-03
7.000000e+00	8.000000e+00	6.988492e-02	1.559998e-02	1.051165e-02
8.000000e+00	9.000000e+00	6.154164e-02	1.625003e-02	1.274143e-02
9.000000e+00	1.000000e+01	5.061798e-02	1.516426e-02	1.426631e-02
1.000000e+01	1.100000e+01	4.043839e-02	1.251854e-02	1.338114e-02
1.100000e+01	1.200000e+01	3.176194e-02	1.068439e-02	1.143850e-02
1.200000e+01	1.300000e+01	2.441817e-02	8.151880e-03	1.023068e-02
1.300000e+01	1.400000e+01	1.958998e-02	7.067790e-03	8.128760e-03
1.400000e+01	1.500000e+01	1.567694e-02	5.733371e-03	6.757770e-03
1.500000e+01	1.600000e+01	1.263353e-02	4.546119e-03	5.859540e-03
1.600000e+01	1.700000e+01	1.029265e-02	3.872991e-03	4.937940e-03
1.700000e+01	1.800000e+01	8.416674e-03	3.284143e-03	4.309306e-03
1.800000e+01	1.900000e+01	6.861400e-03	2.841620e-03	3.467620e-03
1.900000e+01	2.000000e+01	5.487361e-03	2.279259e-03	2.816819e-03
2.000000e+01	2.100000e+01	4.434111e-03	1.782989e-03	2.356887e-03
2.100000e+01	2.200000e+01	3.580446e-03	1.565901e-03	1.982258e-03
2.200000e+01	2.300000e+01	2.859892e-03	1.244259e-03	1.674397e-03
2.300000e+01	2.400000e+01	2.282787e-03	9.578690e-04	1.333736e-03
2.400000e+01	2.500000e+01	1.856107e-03	8.404310e-04	1.070175e-03
2.500000e+01	2.600000e+01	1.475671e-03	6.804237e-04	9.453120e-04
2.600000e+01	2.700000e+01	1.214286e-03	5.523491e-04	7.362550e-04
2.700000e+01	2.800000e+01	9.601863e-04	4.104457e-04	6.060717e-04
2.800000e+01	2.900000e+01	8.191714e-04	3.891277e-04	4.850496e-04
2.900000e+01	3.000000e+01	6.288508e-04	2.503538e-04	4.589202e-04
3.000000e+01	3.100000e+01	5.113141e-04	2.256952e-04	3.710714e-04
3.100000e+01	3.200000e+01	4.666835e-04	2.464046e-04	2.226701e-04
3.200000e+01	3.300000e+01	3.731586e-04	1.827823e-04	2.516023e-04
3.300000e+01	3.400000e+01	2.966620e-04	1.378453e-04	1.860116e-04
3.400000e+01	3.500000e+01	2.419159e-04	8.860680e-05	1.910873e-04
3.500000e+01	3.600000e+01	2.149285e-04	9.651080e-05	1.352184e-04
3.600000e+01	3.700000e+01	1.689254e-04	7.213416e-05	1.315970e-04
3.700000e+01	3.800000e+01	1.591332e-04	7.392056e-05	9.144280e-05
3.800000e+01	3.900000e+01	1.319624e-04	6.788447e-05	9.433770e-05
3.900000e+01	4.000000e+01	1.087020e-04	5.232124e-05	8.564580e-05
4.000000e+01	4.100000e+01	9.726934e-05	4.479087e-05	7.405306e-05
4.100000e+01	4.200000e+01	8.877709e-05	4.770264e-05	5.219931e-05
4.200000e+01	4.300000e+01	7.428067e-05	3.681102e-05	4.895813e-05
4.300000e+01	4.400000e+01	5.866001e-05	2.463707e-05	5.727049e-05
4.400000e+01	4.500000e+01	5.711404e-05	2.551970e-05	3.781025e-05
4.500000e+01	4.600000e+01	4.972814e-05	2.415042e-05	2.612901e-05
4.600000e+01	4.700000e+01	4.169910e-05	1.653527e-05	3.287488e-05
4.700000e+01	4.800000e+01	3.655887e-05	1.879730e-05	3.322285e-05
4.800000e+01	4.900000e+01	3.560104e-05	1.731273e-05	2.463139e-05
4.900000e+01	5.000000e+01	3.338072e-05	1.748984e-05	2.312343e-05
5.000000e+01	5.100000e+01	2.459976e-05	9.733500e-06	2.263781e-05
5.100000e+01	5.200000e+01	2.576818e-05	1.247657e-05	1.588643e-05
5.200000e+01	5.300000e+01	2.187412e-05	9.294110e-06	2.047876e-05
5.300000e+01	5.400000e+01	2.009663e-05	8.920260e-06	1.295241e-05
5.400000e+01	5.500000e+01	1.635435e-05	6.617737e-06	1.445108e-05
5.500000e+01	5.600000e+01	1.691418e-05	9.053101e-06	1.288353e-05
5.600000e+01	5.700000e+01	1.432901e-05	5.746174e-06	1.400258e-05
5.700000e+01	5.800000e+01	1.371943e-05	5.892194e-06	1.080555e-05
5.800000e+01	5.900000e+01	1.081500e-05	3.569511e-06	1.199119e-05
5.900000e+01	6.000000e+01	1.355516e-05	5.942883e-06	8.218950e-06
6.000000e+01	6.100000e+01	1.119296e-05	6.162599e-06	1.445814e-05
6.100000e+01	6.200000e+01	9.298091e-06	3.577664e-06	9.247049e-06
6.200000e+01	6.300000e+01	9.092864e-06	4.343986e-06	8.770446e-06
6.300000e+01	6.400000e+01	9.482924e-06	4.860029e-06	7.052716e-06
6.400000e+01	6.500000e+01	7.119908e-06	2.879766e-06	6.951902e-06
6.500000e+01	6.600000e+01	8.018732e-06	3.649194e-06	5.808638e-06
6.600000e+01	6.700000e+01	7.393610e-06	3.309095e-06	5.199420e-06
6.700000e+01	6.800000e+01	7.740494e-06	3.872206e-06	5.191076e-06
6.800000e+01	6.900000e+01	6.038444e-06	2.508257e-06	4.100536e-06
6.900000e+01	7.000000e+01	6.220121e-06	2.515590e-06	5.016819e-06
7.000000e+01	7.100000e+01	5.767192e-06	2.448442e-06	4.935268e-06
7.100000e+01	7.200000e+01	7.579476e-06	4.529719e-06	1.677053e-06
7.200000e+01	7.300000e+01	5.580595e-06	2.580145e-06	4.972935e-06
7.300000e+01	7.400000e+01	5.221968e-06	2.011089e-06	3.807379e-06
7.400000e+01	7.500000e+01	5.275503e-06	2.539317e-06	3.760673e-06
7.500000e+01	7.600000e+01	5.687137e-06	2.161196e-06	3.822114e-06
7.600000e+01	7.700000e+01	5.158304e-06	1.327395e-06	3.479452e-06
7.700000e+01	7.800000e+01	6.666603e-06	2.541203e-06	3.167422e-06
7.800000e+01	7.900000e+01	7.544931e-06	2.795941e-06	3.233589e-06
7.900000e+01	8.000000e+01	9.254440e-06	1.701396e-06	3.703100e-06
8.000000e+01	8.100000e+01	1.232273e-05	2.459125e-06	4.353520e-06
8.100000e+01	8.200000e+01	1.149738e-05	3.143255e-06	4.333460e-06
8.200000e+01	8.300000e+01	8.684114e-06	2.552278e-06	3.887816e-06
8.300000e+01	8.400000e+01	6.935926e-06	2.417345e-06	3.744904e-06
8.400000e+01	8.500000e+01	4.960103e-06	1.513458e-06	3.777766e-06
8.500000e+01	8.600000e+01	4.455662e-06	3.402640e-07	3.214828e-06
8.600000e+01	8.700000e+01	3.482210e-06	1.460142e-06	2.918737e-06
8.700000e+01	8.800000e+01	3.339873e-06	1.247829e-06	2.589907e-06
8.800000e+01	8.900000e+01	2.965965e-06	7.151030e-07	2.255528e-06
8.900000e+01	9.000000e+01	2.980698e-06	6.843400e-07	2.524334e-06
9.000000e+01	9.100000e+01	3.163200e-06	3.791400e-07	2.593866e-06
9.100000e+01	9.200000e+01	3.898768e-06	5.587660e-07	2.331784e-06
9.200000e+01	9.300000e+01	4.467562e-06	2.184088e-06	1.584625e-06
9.300000e+01	9.400000e+01	3.443952e-06	1.679477e-06	1.028048e-06
9.400000e+01	9.500000e+01	2.285163e-06	7.377440e-07	1.497885e-06
9.500000e+01	9.600000e+01	1.798505e-06	4.786510e-07	1.330909e-06
9.600000e+01	9.700000e+01	1.579988e-06	5.972703e-07	1.276315e-06
9.700000e+01	9.800000e+01	2.044673e-06	1.309914e-06	6.986810e-07
9.800000e+01	9.900000e+01	1.183459e-06	3.404911e-07	1.057628e-06
9.900000e+01	1.000000e+02	1.086057e-06	4.016724e-07	1.031895e-06
# END HISTO1D


# BEGIN HISTO1D //homes/tinghua1/Merging-Project/Production/HJETS/ratio-plots/hjets-vbfnlo/H-2-3-4-25gev-vbfnlo-combine.yoda/MC_H2JETS_07_INC/jet3_mass
ErrorBandColor=green
ErrorBandOpacity=0.3
ErrorBands=1
ErrorType=env
LineColor=green
LineStyle=solid
Path=//homes/tinghua1/Merging-Project/Production/HJETS/ratio-plots/hjets-vbfnlo/H-2-3-4-25gev-vbfnlo-combine.yoda/MC_H2JETS_07_INC/jet3_mass
RatioPlotSameStyle=1
Title=h(2,3,4)-vbfnlo
# xlow	 xhigh	 val	 errminus	 errplus
0.000000e+00	1.000000e+00	1.061199e-01	1.289059e-02	3.423980e-02
1.000000e+00	2.000000e+00	1.609520e-02	1.068480e-03	3.117150e-03
2.000000e+00	3.000000e+00	1.050935e-02	9.672630e-04	0.000000e+00
3.000000e+00	4.000000e+00	3.293377e-02	3.208340e-03	0.000000e+00
4.000000e+00	5.000000e+00	4.055629e-02	5.102420e-03	4.650600e-04
5.000000e+00	6.000000e+00	4.564230e-02	7.113390e-03	3.158160e-03
6.000000e+00	7.000000e+00	4.656742e-02	9.409520e-03	5.678730e-03
7.000000e+00	8.000000e+00	4.322673e-02	1.069287e-02	8.030020e-03
8.000000e+00	9.000000e+00	3.743014e-02	1.065080e-02	9.262980e-03
9.000000e+00	1.000000e+01	3.063763e-02	9.554940e-03	9.795870e-03
1.000000e+01	1.100000e+01	2.445442e-02	8.223970e-03	8.757500e-03
1.100000e+01	1.200000e+01	1.897428e-02	6.559310e-03	7.487950e-03
1.200000e+01	1.300000e+01	1.468085e-02	5.093614e-03	6.366010e-03
1.300000e+01	1.400000e+01	1.160689e-02	4.197818e-03	5.131540e-03
1.400000e+01	1.500000e+01	9.377002e-03	3.452153e-03	4.233328e-03
1.500000e+01	1.600000e+01	7.552790e-03	2.875210e-03	3.537180e-03
1.600000e+01	1.700000e+01	6.140173e-03	2.406063e-03	2.964054e-03
1.700000e+01	1.800000e+01	4.979366e-03	2.013050e-03	2.436552e-03
1.800000e+01	1.900000e+01	3.991569e-03	1.642302e-03	2.065830e-03
1.900000e+01	2.000000e+01	3.179595e-03	1.319472e-03	1.683461e-03
2.000000e+01	2.100000e+01	2.603746e-03	1.127898e-03	1.366000e-03
2.100000e+01	2.200000e+01	2.069112e-03	8.963060e-04	1.151112e-03
2.200000e+01	2.300000e+01	1.639480e-03	7.167643e-04	9.363000e-04
2.300000e+01	2.400000e+01	1.319605e-03	5.782633e-04	7.508520e-04
2.400000e+01	2.500000e+01	1.045472e-03	4.464945e-04	6.032400e-04
2.500000e+01	2.600000e+01	8.531907e-04	3.860836e-04	4.880593e-04
2.600000e+01	2.700000e+01	6.827980e-04	3.110064e-04	4.348970e-04
2.700000e+01	2.800000e+01	5.418665e-04	2.388040e-04	3.394605e-04
2.800000e+01	2.900000e+01	4.408253e-04	2.067728e-04	2.697209e-04
2.900000e+01	3.000000e+01	3.447411e-04	1.522407e-04	2.434582e-04
3.000000e+01	3.100000e+01	2.871158e-04	1.425356e-04	1.946683e-04
3.100000e+01	3.200000e+01	2.353384e-04	1.084860e-04	1.423360e-04
3.200000e+01	3.300000e+01	1.934366e-04	9.533645e-05	1.175440e-04
3.300000e+01	3.400000e+01	1.573303e-04	7.058354e-05	1.011783e-04
3.400000e+01	3.500000e+01	1.175180e-04	5.052895e-05	9.363060e-05
3.500000e+01	3.600000e+01	1.046040e-04	4.821190e-05	6.774040e-05
3.600000e+01	3.700000e+01	9.034525e-05	4.331206e-05	5.429035e-05
3.700000e+01	3.800000e+01	7.366441e-05	3.509166e-05	4.525489e-05
3.800000e+01	3.900000e+01	5.727801e-05	2.663469e-05	3.565802e-05
3.900000e+01	4.000000e+01	4.960110e-05	2.355032e-05	3.135247e-05
4.000000e+01	4.100000e+01	3.998246e-05	1.700863e-05	2.914747e-05
4.100000e+01	4.200000e+01	3.332562e-05	1.363341e-05	2.348096e-05
4.200000e+01	4.300000e+01	2.760118e-05	1.129007e-05	2.358257e-05
4.300000e+01	4.400000e+01	2.412361e-05	1.026745e-05	1.751125e-05
4.400000e+01	4.500000e+01	2.047090e-05	9.401710e-06	1.554055e-05
4.500000e+01	4.600000e+01	1.507407e-05	7.533273e-06	1.410597e-05
4.600000e+01	4.700000e+01	1.495747e-05	7.306625e-06	1.179186e-05
4.700000e+01	4.800000e+01	1.209837e-05	5.476229e-06	1.157906e-05
4.800000e+01	4.900000e+01	1.167130e-05	5.374481e-06	7.606750e-06
4.900000e+01	5.000000e+01	9.573293e-06	4.561713e-06	5.247907e-06
5.000000e+01	5.100000e+01	8.391372e-06	4.036674e-06	5.078688e-06
5.100000e+01	5.200000e+01	7.469613e-06	3.266674e-06	5.146167e-06
5.200000e+01	5.300000e+01	6.976784e-06	3.242683e-06	3.306126e-06
5.300000e+01	5.400000e+01	5.825423e-06	2.942665e-06	3.470148e-06
5.400000e+01	5.500000e+01	4.600836e-06	1.875240e-06	3.445269e-06
5.500000e+01	5.600000e+01	5.278666e-06	2.979482e-06	1.737949e-06
5.600000e+01	5.700000e+01	2.965344e-06	1.008924e-06	3.875570e-06
5.700000e+01	5.800000e+01	3.196545e-06	1.599819e-06	2.588539e-06
5.800000e+01	5.900000e+01	2.282479e-06	6.111170e-07	1.058697e-06
5.900000e+01	6.000000e+01	2.295403e-06	1.247079e-06	1.962243e-06
6.000000e+01	6.100000e+01	2.020882e-06	8.588590e-07	1.783600e-06
6.100000e+01	6.200000e+01	1.907780e-06	9.367249e-07	9.696220e-07
6.200000e+01	6.300000e+01	1.498538e-06	5.109166e-07	1.414475e-06
6.300000e+01	6.400000e+01	1.861674e-06	1.080471e-06	8.846820e-07
6.400000e+01	6.500000e+01	1.193469e-06	4.206047e-07	1.005974e-06
6.500000e+01	6.600000e+01	1.052788e-06	3.401732e-07	9.400740e-07
6.600000e+01	6.700000e+01	7.823655e-07	1.316566e-07	9.436265e-07
6.700000e+01	6.800000e+01	7.798376e-07	1.156696e-07	8.396124e-07
6.800000e+01	6.900000e+01	1.085426e-06	6.710471e-07	3.092870e-07
6.900000e+01	7.000000e+01	6.524047e-07	2.526967e-07	5.127973e-07
7.000000e+01	7.100000e+01	7.683964e-07	5.034528e-07	3.562656e-07
7.100000e+01	7.200000e+01	4.874840e-07	1.816767e-07	5.506620e-07
7.200000e+01	7.300000e+01	4.460425e-07	3.142631e-07	6.080715e-07
7.300000e+01	7.400000e+01	5.084116e-07	2.651359e-07	2.571072e-07
7.400000e+01	7.500000e+01	5.242529e-07	3.148195e-07	1.963421e-07
7.500000e+01	7.600000e+01	3.510175e-07	1.652173e-07	2.736856e-07
7.600000e+01	7.700000e+01	3.338973e-07	1.755619e-07	1.888654e-07
7.700000e+01	7.800000e+01	3.628524e-07	1.697861e-07	2.148727e-07
7.800000e+01	7.900000e+01	2.315455e-07	7.959290e-08	3.538796e-07
7.900000e+01	8.000000e+01	3.359882e-07	1.695802e-07	7.368730e-08
8.000000e+01	8.100000e+01	1.918336e-07	2.064060e-08	1.741649e-07
8.100000e+01	8.200000e+01	1.038067e-07	0.000000e+00	2.513724e-07
8.200000e+01	8.300000e+01	1.589906e-07	4.116400e-08	7.624027e-07
8.300000e+01	8.400000e+01	2.061963e-07	1.137643e-07	5.397550e-08
8.400000e+01	8.500000e+01	1.584142e-07	5.841723e-08	6.487000e-08
8.500000e+01	8.600000e+01	1.625024e-07	9.108324e-08	6.979740e-08
8.600000e+01	8.700000e+01	9.219366e-08	2.628610e-08	2.426456e-07
8.700000e+01	8.800000e+01	1.198879e-07	8.032350e-08	5.802550e-08
8.800000e+01	8.900000e+01	1.371159e-07	6.750826e-08	1.017944e-07
8.900000e+01	9.000000e+01	1.210494e-07	6.855733e-08	8.092120e-08
9.000000e+01	9.100000e+01	1.047886e-07	5.632050e-08	2.984850e-08
9.100000e+01	9.200000e+01	6.700445e-08	3.250090e-08	9.029105e-08
9.200000e+01	9.300000e+01	6.908354e-08	3.804918e-08	7.165500e-10
9.300000e+01	9.400000e+01	6.123918e-08	2.329328e-08	8.405502e-08
9.400000e+01	9.500000e+01	3.523943e-08	3.028170e-09	9.090087e-08
9.500000e+01	9.600000e+01	-3.952510e-08	0.000000e+00	1.963668e-07
9.600000e+01	9.700000e+01	5.783289e-08	2.811727e-08	2.453346e-07
9.700000e+01	9.800000e+01	3.218516e-08	0.000000e+00	5.658388e-08
9.800000e+01	9.900000e+01	9.841535e-08	8.574422e-08	0.000000e+00
9.900000e+01	1.000000e+02	2.610140e-08	9.497910e-09	4.358129e-08
# END HISTO1D


# BEGIN HISTO1D //homes/tinghua1/Merging-Project/Production/HJETS/ratio-plots/hjets-vbfnlo/H-2-3-25gev-combine.yoda/MC_H2JETS_07_INC/jet3_mass
ErrorBandColor=purple
ErrorBandOpacity=0.3
ErrorBands=1
ErrorType=env
LineColor=purple
LineStyle=solid
Path=//homes/tinghua1/Merging-Project/Production/HJETS/ratio-plots/hjets-vbfnlo/H-2-3-25gev-combine.yoda/MC_H2JETS_07_INC/jet3_mass
RatioPlotSameStyle=1
Title=h(2,3)
# xlow	 xhigh	 val	 errminus	 errplus
0.000000e+00	1.000000e+00	2.130459e-01	8.081890e-02	0.000000e+00
1.000000e+00	2.000000e+00	3.469225e-02	1.053765e-02	0.000000e+00
2.000000e+00	3.000000e+00	1.471897e-02	3.850900e-04	8.442500e-04
3.000000e+00	4.000000e+00	4.582185e-02	8.492400e-04	3.595750e-03
4.000000e+00	5.000000e+00	5.614892e-02	0.000000e+00	6.176880e-03
5.000000e+00	6.000000e+00	6.266376e-02	0.000000e+00	1.132338e-02
6.000000e+00	7.000000e+00	6.122163e-02	0.000000e+00	1.923464e-02
7.000000e+00	8.000000e+00	5.380203e-02	0.000000e+00	2.612663e-02
8.000000e+00	9.000000e+00	4.449681e-02	0.000000e+00	2.946532e-02
9.000000e+00	1.000000e+01	3.505340e-02	0.000000e+00	2.895357e-02
1.000000e+01	1.100000e+01	2.703922e-02	0.000000e+00	2.604352e-02
1.100000e+01	1.200000e+01	2.036334e-02	0.000000e+00	2.192175e-02
1.200000e+01	1.300000e+01	1.553518e-02	0.000000e+00	1.795156e-02
1.300000e+01	1.400000e+01	1.201611e-02	0.000000e+00	1.459488e-02
1.400000e+01	1.500000e+01	9.430676e-03	0.000000e+00	1.206580e-02
1.500000e+01	1.600000e+01	7.449520e-03	0.000000e+00	1.001016e-02
1.600000e+01	1.700000e+01	6.027023e-03	0.000000e+00	8.327607e-03
1.700000e+01	1.800000e+01	4.820253e-03	0.000000e+00	6.871427e-03
1.800000e+01	1.900000e+01	3.755095e-03	0.000000e+00	5.784219e-03
1.900000e+01	2.000000e+01	2.961674e-03	0.000000e+00	4.709745e-03
2.000000e+01	2.100000e+01	2.305420e-03	0.000000e+00	3.884365e-03
2.100000e+01	2.200000e+01	1.824065e-03	0.000000e+00	3.083358e-03
2.200000e+01	2.300000e+01	1.401035e-03	0.000000e+00	2.587884e-03
2.300000e+01	2.400000e+01	1.116870e-03	0.000000e+00	2.041407e-03
2.400000e+01	2.500000e+01	8.598365e-04	0.000000e+00	1.627585e-03
2.500000e+01	2.600000e+01	6.623016e-04	0.000000e+00	1.307208e-03
2.600000e+01	2.700000e+01	5.205153e-04	0.000000e+00	1.041490e-03
2.700000e+01	2.800000e+01	4.085359e-04	0.000000e+00	8.287021e-04
2.800000e+01	2.900000e+01	3.208869e-04	0.000000e+00	6.505099e-04
2.900000e+01	3.000000e+01	2.557187e-04	0.000000e+00	5.136790e-04
3.000000e+01	3.100000e+01	1.969337e-04	0.000000e+00	4.231323e-04
3.100000e+01	3.200000e+01	1.875313e-04	0.000000e+00	3.153390e-04
3.200000e+01	3.300000e+01	1.321229e-04	0.000000e+00	2.605676e-04
3.300000e+01	3.400000e+01	9.629323e-05	0.000000e+00	2.089342e-04
3.400000e+01	3.500000e+01	7.573785e-05	0.000000e+00	1.709890e-04
3.500000e+01	3.600000e+01	6.264269e-05	0.000000e+00	1.365305e-04
3.600000e+01	3.700000e+01	5.123818e-05	0.000000e+00	1.079835e-04
3.700000e+01	3.800000e+01	3.951874e-05	0.000000e+00	8.824376e-05
3.800000e+01	3.900000e+01	3.099022e-05	0.000000e+00	7.407208e-05
3.900000e+01	4.000000e+01	2.554126e-05	0.000000e+00	6.023592e-05
4.000000e+01	4.100000e+01	2.135658e-05	0.000000e+00	5.505797e-05
4.100000e+01	4.200000e+01	1.657050e-05	0.000000e+00	4.161804e-05
4.200000e+01	4.300000e+01	1.339454e-05	0.000000e+00	3.240435e-05
4.300000e+01	4.400000e+01	1.244204e-05	0.000000e+00	2.583860e-05
4.400000e+01	4.500000e+01	9.224517e-06	0.000000e+00	2.115047e-05
4.500000e+01	4.600000e+01	8.007623e-06	0.000000e+00	2.155347e-05
4.600000e+01	4.700000e+01	6.338812e-06	0.000000e+00	1.513791e-05
4.700000e+01	4.800000e+01	5.512101e-06	0.000000e+00	1.164650e-05
4.800000e+01	4.900000e+01	4.449249e-06	0.000000e+00	1.095525e-05
4.900000e+01	5.000000e+01	3.583601e-06	0.000000e+00	1.042009e-05
5.000000e+01	5.100000e+01	3.237949e-06	0.000000e+00	6.342816e-06
5.100000e+01	5.200000e+01	3.030332e-06	0.000000e+00	5.950793e-06
5.200000e+01	5.300000e+01	2.959036e-06	0.000000e+00	4.453391e-06
5.300000e+01	5.400000e+01	1.915485e-06	0.000000e+00	3.855995e-06
5.400000e+01	5.500000e+01	1.703961e-06	0.000000e+00	4.105521e-06
5.500000e+01	5.600000e+01	1.649385e-06	0.000000e+00	3.031618e-06
5.600000e+01	5.700000e+01	1.212061e-06	0.000000e+00	2.531456e-06
5.700000e+01	5.800000e+01	1.231802e-06	0.000000e+00	1.905732e-06
5.800000e+01	5.900000e+01	8.828095e-07	0.000000e+00	2.321798e-06
5.900000e+01	6.000000e+01	8.562912e-07	0.000000e+00	1.883161e-06
6.000000e+01	6.100000e+01	7.520325e-07	0.000000e+00	1.647054e-06
6.100000e+01	6.200000e+01	6.004997e-07	0.000000e+00	1.204500e-06
6.200000e+01	6.300000e+01	4.616689e-07	0.000000e+00	1.352892e-06
6.300000e+01	6.400000e+01	5.073080e-07	0.000000e+00	1.113771e-06
6.400000e+01	6.500000e+01	3.815805e-07	0.000000e+00	1.145625e-06
6.500000e+01	6.600000e+01	4.257911e-07	0.000000e+00	7.658729e-07
6.600000e+01	6.700000e+01	3.251408e-07	0.000000e+00	6.585131e-07
6.700000e+01	6.800000e+01	4.004233e-07	0.000000e+00	5.673427e-07
6.800000e+01	6.900000e+01	2.328717e-07	0.000000e+00	5.199395e-07
6.900000e+01	7.000000e+01	2.431601e-07	0.000000e+00	4.251821e-07
7.000000e+01	7.100000e+01	2.133559e-07	0.000000e+00	3.355134e-07
7.100000e+01	7.200000e+01	1.984109e-07	0.000000e+00	3.473762e-07
7.200000e+01	7.300000e+01	1.823789e-07	0.000000e+00	3.046478e-07
7.300000e+01	7.400000e+01	1.641505e-07	3.022345e-07	2.262081e-07
7.400000e+01	7.500000e+01	1.391463e-07	0.000000e+00	2.722212e-07
7.500000e+01	7.600000e+01	1.049620e-07	0.000000e+00	1.568955e-07
7.600000e+01	7.700000e+01	1.023598e-07	0.000000e+00	2.251981e-07
7.700000e+01	7.800000e+01	9.019266e-08	0.000000e+00	1.470219e-07
7.800000e+01	7.900000e+01	7.085717e-08	0.000000e+00	2.014391e-07
7.900000e+01	8.000000e+01	9.592368e-08	0.000000e+00	1.394300e-07
8.000000e+01	8.100000e+01	5.632183e-08	0.000000e+00	1.479020e-07
8.100000e+01	8.200000e+01	6.943686e-08	0.000000e+00	8.119524e-08
8.200000e+01	8.300000e+01	3.848607e-08	0.000000e+00	1.121707e-07
8.300000e+01	8.400000e+01	5.264935e-08	0.000000e+00	8.835505e-08
8.400000e+01	8.500000e+01	4.617451e-08	0.000000e+00	6.949619e-08
8.500000e+01	8.600000e+01	6.790989e-08	0.000000e+00	7.596501e-08
8.600000e+01	8.700000e+01	4.045141e-08	0.000000e+00	9.935139e-08
8.700000e+01	8.800000e+01	3.701064e-08	0.000000e+00	6.245260e-08
8.800000e+01	8.900000e+01	2.854803e-08	0.000000e+00	8.091927e-08
8.900000e+01	9.000000e+01	2.865809e-08	0.000000e+00	3.495226e-08
9.000000e+01	9.100000e+01	3.044168e-08	0.000000e+00	4.005590e-08
9.100000e+01	9.200000e+01	4.388783e-08	4.311020e-09	2.821440e-08
9.200000e+01	9.300000e+01	2.354434e-08	0.000000e+00	4.342977e-08
9.300000e+01	9.400000e+01	2.291097e-08	0.000000e+00	2.863002e-08
9.400000e+01	9.500000e+01	2.044877e-08	0.000000e+00	2.509424e-08
9.500000e+01	9.600000e+01	1.592403e-08	0.000000e+00	2.092128e-08
9.600000e+01	9.700000e+01	1.654243e-08	0.000000e+00	3.323472e-08
9.700000e+01	9.800000e+01	1.554916e-08	0.000000e+00	3.682307e-08
9.800000e+01	9.900000e+01	1.306091e-08	0.000000e+00	1.643343e-08
9.900000e+01	1.000000e+02	9.782304e-09	0.000000e+00	2.523401e-08
# END HISTO1D


# BEGIN HISTO1D //homes/tinghua1/Merging-Project/Production/HJETS/ratio-plots/hjets-vbfnlo/H-2-3-25gev-vbfnlo-combine.yoda/MC_H2JETS_07_INC/jet3_mass
ErrorBandColor=violet
ErrorBandOpacity=0.3
ErrorBands=1
ErrorType=env
LineColor=violet
LineStyle=solid
Path=//homes/tinghua1/Merging-Project/Production/HJETS/ratio-plots/hjets-vbfnlo/H-2-3-25gev-vbfnlo-combine.yoda/MC_H2JETS_07_INC/jet3_mass
RatioPlotSameStyle=1
Title=h(2,3)-vbfnlo
# xlow	 xhigh	 val	 errminus	 errplus
0.000000e+00	1.000000e+00	9.285406e-02	0.000000e+00	4.689104e-02
1.000000e+00	2.000000e+00	1.489491e-02	0.000000e+00	4.212070e-03
2.000000e+00	3.000000e+00	9.918506e-03	4.112720e-04	5.596040e-04
3.000000e+00	4.000000e+00	3.077768e-02	1.194680e-03	1.959780e-03
4.000000e+00	5.000000e+00	4.077547e-02	5.448610e-03	0.000000e+00
5.000000e+00	6.000000e+00	4.852100e-02	1.024458e-02	0.000000e+00
6.000000e+00	7.000000e+00	5.198096e-02	1.515921e-02	0.000000e+00
7.000000e+00	8.000000e+00	5.095036e-02	1.871363e-02	0.000000e+00
8.000000e+00	9.000000e+00	4.638449e-02	1.979958e-02	0.000000e+00
9.000000e+00	1.000000e+01	3.983110e-02	1.903966e-02	0.000000e+00
1.000000e+01	1.100000e+01	3.264618e-02	1.657620e-02	0.000000e+00
1.100000e+01	1.200000e+01	2.585127e-02	1.372780e-02	0.000000e+00
1.200000e+01	1.300000e+01	2.044753e-02	1.112693e-02	0.000000e+00
1.300000e+01	1.400000e+01	1.632797e-02	9.076635e-03	0.000000e+00
1.400000e+01	1.500000e+01	1.317441e-02	7.476757e-03	0.000000e+00
1.500000e+01	1.600000e+01	1.076120e-02	6.248910e-03	0.000000e+00
1.600000e+01	1.700000e+01	8.769773e-03	5.149415e-03	0.000000e+00
1.700000e+01	1.800000e+01	7.181238e-03	4.304612e-03	0.000000e+00
1.800000e+01	1.900000e+01	5.810994e-03	3.549032e-03	0.000000e+00
1.900000e+01	2.000000e+01	4.701079e-03	2.916718e-03	0.000000e+00
2.000000e+01	2.100000e+01	3.798173e-03	2.391033e-03	0.000000e+00
2.100000e+01	2.200000e+01	3.024572e-03	1.903669e-03	0.000000e+00
2.200000e+01	2.300000e+01	2.438423e-03	1.558430e-03	0.000000e+00
2.300000e+01	2.400000e+01	1.953315e-03	1.255947e-03	0.000000e+00
2.400000e+01	2.500000e+01	1.573027e-03	1.024739e-03	0.000000e+00
2.500000e+01	2.600000e+01	1.267058e-03	8.289905e-04	0.000000e+00
2.600000e+01	2.700000e+01	1.009271e-03	6.612256e-04	0.000000e+00
2.700000e+01	2.800000e+01	8.175491e-04	5.435298e-04	0.000000e+00
2.800000e+01	2.900000e+01	6.564330e-04	4.363854e-04	0.000000e+00
2.900000e+01	3.000000e+01	5.214874e-04	3.449972e-04	0.000000e+00
3.000000e+01	3.100000e+01	4.585815e-04	3.166342e-04	0.000000e+00
3.100000e+01	3.200000e+01	3.443431e-04	2.323309e-04	0.000000e+00
3.200000e+01	3.300000e+01	2.802765e-04	1.870634e-04	0.000000e+00
3.300000e+01	3.400000e+01	2.278986e-04	1.547050e-04	0.000000e+00
3.400000e+01	3.500000e+01	1.823125e-04	1.217982e-04	0.000000e+00
3.500000e+01	3.600000e+01	1.557402e-04	1.057043e-04	0.000000e+00
3.600000e+01	3.700000e+01	1.271192e-04	8.710997e-05	0.000000e+00
3.700000e+01	3.800000e+01	1.032359e-04	6.981921e-05	0.000000e+00
3.800000e+01	3.900000e+01	8.602343e-05	5.947118e-05	0.000000e+00
3.900000e+01	4.000000e+01	6.847437e-05	4.565881e-05	0.000000e+00
4.000000e+01	4.100000e+01	5.960388e-05	4.113070e-05	0.000000e+00
4.100000e+01	4.200000e+01	4.751382e-05	3.249883e-05	0.000000e+00
4.200000e+01	4.300000e+01	3.986135e-05	2.729919e-05	0.000000e+00
4.300000e+01	4.400000e+01	3.070845e-05	2.023314e-05	0.000000e+00
4.400000e+01	4.500000e+01	2.871436e-05	1.986562e-05	0.000000e+00
4.500000e+01	4.600000e+01	2.386720e-05	1.594781e-05	0.000000e+00
4.600000e+01	4.700000e+01	1.983048e-05	1.272576e-05	0.000000e+00
4.700000e+01	4.800000e+01	1.650663e-05	1.128638e-05	0.000000e+00
4.800000e+01	4.900000e+01	1.486884e-05	1.048852e-05	0.000000e+00
4.900000e+01	5.000000e+01	1.262672e-05	8.698269e-06	0.000000e+00
5.000000e+01	5.100000e+01	1.101164e-05	8.083991e-06	0.000000e+00
5.100000e+01	5.200000e+01	9.177724e-06	6.211882e-06	0.000000e+00
5.200000e+01	5.300000e+01	7.346431e-06	4.507228e-06	0.000000e+00
5.300000e+01	5.400000e+01	6.468292e-06	4.199539e-06	0.000000e+00
5.400000e+01	5.500000e+01	5.422662e-06	3.526963e-06	0.000000e+00
5.500000e+01	5.600000e+01	4.699817e-06	3.108222e-06	0.000000e+00
5.600000e+01	5.700000e+01	3.980569e-06	2.576438e-06	0.000000e+00
5.700000e+01	5.800000e+01	3.392726e-06	2.201352e-06	0.000000e+00
5.800000e+01	5.900000e+01	3.179544e-06	2.028969e-06	0.000000e+00
5.900000e+01	6.000000e+01	2.639361e-06	1.657521e-06	0.000000e+00
6.000000e+01	6.100000e+01	2.380177e-06	1.519443e-06	0.000000e+00
6.100000e+01	6.200000e+01	2.119538e-06	1.389758e-06	0.000000e+00
6.200000e+01	6.300000e+01	1.872818e-06	1.257291e-06	0.000000e+00
6.300000e+01	6.400000e+01	1.697830e-06	1.158612e-06	0.000000e+00
6.400000e+01	6.500000e+01	1.315050e-06	7.823654e-07	0.000000e+00
6.500000e+01	6.600000e+01	1.190275e-06	7.634659e-07	0.000000e+00
6.600000e+01	6.700000e+01	1.089356e-06	6.924361e-07	0.000000e+00
6.700000e+01	6.800000e+01	1.062842e-06	7.513665e-07	0.000000e+00
6.800000e+01	6.900000e+01	9.047198e-07	6.369778e-07	0.000000e+00
6.900000e+01	7.000000e+01	7.601521e-07	5.250309e-07	0.000000e+00
7.000000e+01	7.100000e+01	5.994276e-07	3.584659e-07	0.000000e+00
7.100000e+01	7.200000e+01	6.220848e-07	4.168901e-07	0.000000e+00
7.200000e+01	7.300000e+01	5.151422e-07	3.216036e-07	0.000000e+00
7.300000e+01	7.400000e+01	4.692657e-07	3.058656e-07	0.000000e+00
7.400000e+01	7.500000e+01	4.178969e-07	2.856881e-07	0.000000e+00
7.500000e+01	7.600000e+01	3.789589e-07	2.196261e-07	0.000000e+00
7.600000e+01	7.700000e+01	4.036263e-07	2.811319e-07	0.000000e+00
7.700000e+01	7.800000e+01	3.002352e-07	1.983883e-07	0.000000e+00
7.800000e+01	7.900000e+01	2.591570e-07	1.593336e-07	0.000000e+00
7.900000e+01	8.000000e+01	2.531843e-07	1.797331e-07	0.000000e+00
8.000000e+01	8.100000e+01	2.361035e-07	1.531513e-07	0.000000e+00
8.100000e+01	8.200000e+01	1.892223e-07	1.292091e-07	0.000000e+00
8.200000e+01	8.300000e+01	1.629750e-07	1.042985e-07	0.000000e+00
8.300000e+01	8.400000e+01	1.624518e-07	1.130153e-07	0.000000e+00
8.400000e+01	8.500000e+01	1.279818e-07	7.680093e-08	0.000000e+00
8.500000e+01	8.600000e+01	1.623035e-07	1.192577e-07	0.000000e+00
8.600000e+01	8.700000e+01	1.114487e-07	6.966636e-08	0.000000e+00
8.700000e+01	8.800000e+01	1.104689e-07	7.672228e-08	0.000000e+00
8.800000e+01	8.900000e+01	8.330263e-08	5.065955e-08	0.000000e+00
8.900000e+01	9.000000e+01	8.854117e-08	5.144815e-08	0.000000e+00
9.000000e+01	9.100000e+01	7.598788e-08	4.284590e-08	0.000000e+00
9.100000e+01	9.200000e+01	7.972863e-08	5.462372e-08	0.000000e+00
9.200000e+01	9.300000e+01	5.726834e-08	3.545846e-08	0.000000e+00
9.300000e+01	9.400000e+01	4.999399e-08	3.156631e-08	0.000000e+00
9.400000e+01	9.500000e+01	5.050825e-08	3.547614e-08	0.000000e+00
9.500000e+01	9.600000e+01	5.317602e-08	3.523100e-08	0.000000e+00
9.600000e+01	9.700000e+01	4.739867e-08	2.801918e-08	0.000000e+00
9.700000e+01	9.800000e+01	3.349877e-08	2.074630e-08	0.000000e+00
9.800000e+01	9.900000e+01	3.519666e-08	1.926724e-08	0.000000e+00
9.900000e+01	1.000000e+02	3.629971e-08	2.496926e-08	0.000000e+00
# END HISTO1D

