# BEGIN PLOT
Rebin=2
DrawOnly=//homes/tinghua1/Merging-Project/Production/HJETS/ratio-plots/hjets-vbfnlo/H-N2-N3-4-25gev-combine.yoda/MC_H2JETS_07_INC/jet4_mass //homes/tinghua1/Merging-Project/Production/HJETS/ratio-plots/hjets-vbfnlo/H-N2-N3-4-25gev-vbfnlo-combine.yoda/MC_H2JETS_07_INC/jet4_mass //homes/tinghua1/Merging-Project/Production/HJETS/ratio-plots/hjets-vbfnlo/H-N2-3-4-25gev-combine.yoda/MC_H2JETS_07_INC/jet4_mass //homes/tinghua1/Merging-Project/Production/HJETS/ratio-plots/hjets-vbfnlo/H-N2-3-4-25gev-vbfnlo-combine.yoda/MC_H2JETS_07_INC/jet4_mass //homes/tinghua1/Merging-Project/Production/HJETS/ratio-plots/hjets-vbfnlo/H-2-3-4-25gev-combine.yoda/MC_H2JETS_07_INC/jet4_mass //homes/tinghua1/Merging-Project/Production/HJETS/ratio-plots/hjets-vbfnlo/H-2-3-4-25gev-vbfnlo-combine.yoda/MC_H2JETS_07_INC/jet4_mass //homes/tinghua1/Merging-Project/Production/HJETS/ratio-plots/hjets-vbfnlo/H-2-3-25gev-combine.yoda/MC_H2JETS_07_INC/jet4_mass //homes/tinghua1/Merging-Project/Production/HJETS/ratio-plots/hjets-vbfnlo/H-2-3-25gev-vbfnlo-combine.yoda/MC_H2JETS_07_INC/jet4_mass
RightMargin=0.5
RatioPlotReference=//homes/tinghua1/Merging-Project/Production/HJETS/ratio-plots/hjets-vbfnlo/H-N2-N3-4-25gev-combine.yoda/MC_H2JETS_07_INC/jet4_mass
#RatioPlot=1
LogY=1
RatioPlotYMax=3.0
#LegendOnly=//homes/tinghua1/Merging-Project/Production/HJETS/ratio-plots/hjets-vbfnlo/H-N2-N3-4-25gev-combine.yoda/MC_H2JETS_07_INC/jet4_mass //homes/tinghua1/Merging-Project/Production/HJETS/ratio-plots/hjets-vbfnlo/H-N2-N3-4-25gev-vbfnlo-combine.yoda/MC_H2JETS_07_INC/jet4_mass //homes/tinghua1/Merging-Project/Production/HJETS/ratio-plots/hjets-vbfnlo/H-N2-3-4-25gev-combine.yoda/MC_H2JETS_07_INC/jet4_mass //homes/tinghua1/Merging-Project/Production/HJETS/ratio-plots/hjets-vbfnlo/H-N2-3-4-25gev-vbfnlo-combine.yoda/MC_H2JETS_07_INC/jet4_mass //homes/tinghua1/Merging-Project/Production/HJETS/ratio-plots/hjets-vbfnlo/H-2-3-4-25gev-combine.yoda/MC_H2JETS_07_INC/jet4_mass //homes/tinghua1/Merging-Project/Production/HJETS/ratio-plots/hjets-vbfnlo/H-2-3-4-25gev-vbfnlo-combine.yoda/MC_H2JETS_07_INC/jet4_mass //homes/tinghua1/Merging-Project/Production/HJETS/ratio-plots/hjets-vbfnlo/H-2-3-25gev-combine.yoda/MC_H2JETS_07_INC/jet4_mass //homes/tinghua1/Merging-Project/Production/HJETS/ratio-plots/hjets-vbfnlo/H-2-3-25gev-vbfnlo-combine.yoda/MC_H2JETS_07_INC/jet4_mass
RatioPlotYLabel=Ratio
Scale=1000.0
XLabel=$m_{j_4}$ (GeV)
LegendAlign=r
YLabel=$ \text{d} \sigma/ \text{d}  m_{j_4}$ (fb/GeV)
Legend=1
RatioPlot=4
MainPlotSelection={"Selection":[1,2,3,4,5,6,7,8]}
RatioPlots={"RatioPlotYLabel":"","Selection":[1,2]};{"RatioPlotYLabel":"","Selection":[3,4]};{"RatioPlotYLabel":"","Selection":[5,6]};{"RatioPlotYLabel":"","Selection":[7,8]}
RatioPlotSameStyle=1
RatioPlotYMin=0.0
# END PLOT


# BEGIN SPECIAL /MC_H2JETS_07_INC/jet4_mass
\rput[tl](0.05,0.75){\parbox{5cm}{\textcolor{gray}{{\bf Herwig 7.2.0} \\ HJETS/ColorFull}}}
# END SPECIAL

# BEGIN HISTO1D //homes/tinghua1/Merging-Project/Production/HJETS/ratio-plots/hjets-vbfnlo/H-N2-N3-4-25gev-combine.yoda/MC_H2JETS_07_INC/jet4_mass
ErrorBandColor=orange
ErrorBandOpacity=0.3
ErrorBands=1
ErrorType=env
LineColor=orange
LineStyle=solid
Path=//homes/tinghua1/Merging-Project/Production/HJETS/ratio-plots/hjets-vbfnlo/H-N2-N3-4-25gev-combine.yoda/MC_H2JETS_07_INC/jet4_mass
RatioPlotSameStyle=1
Title=h(2*,3*,4)
# xlow	 xhigh	 val	 errminus	 errplus
0.000000e+00	1.000000e+00	3.713700e-02	4.393820e-03	1.155341e-02
1.000000e+00	2.000000e+00	6.549826e-03	6.765920e-04	9.315010e-04
2.000000e+00	3.000000e+00	3.808403e-03	2.670430e-04	5.447300e-05
3.000000e+00	4.000000e+00	1.276749e-02	1.189250e-03	0.000000e+00
4.000000e+00	5.000000e+00	1.701483e-02	2.332810e-03	4.297100e-04
5.000000e+00	6.000000e+00	2.018522e-02	3.065940e-03	1.587460e-03
6.000000e+00	7.000000e+00	2.083610e-02	4.204570e-03	3.047860e-03
7.000000e+00	8.000000e+00	1.935094e-02	4.234090e-03	5.277040e-03
8.000000e+00	9.000000e+00	1.797980e-02	6.085660e-03	4.411310e-03
9.000000e+00	1.000000e+01	1.408037e-02	4.766555e-03	5.626280e-03
1.000000e+01	1.100000e+01	1.177835e-02	3.114261e-03	4.292810e-03
1.100000e+01	1.200000e+01	8.546388e-03	3.371049e-03	3.953862e-03
1.200000e+01	1.300000e+01	8.240849e-03	4.421992e-03	1.531306e-03
1.300000e+01	1.400000e+01	5.118145e-03	2.230519e-03	2.458562e-03
1.400000e+01	1.500000e+01	3.841487e-03	1.584160e-03	2.436038e-03
1.500000e+01	1.600000e+01	3.046057e-03	1.317298e-03	1.896389e-03
1.600000e+01	1.700000e+01	2.546517e-03	1.184641e-03	1.502871e-03
1.700000e+01	1.800000e+01	1.812573e-03	8.039660e-04	1.501277e-03
1.800000e+01	1.900000e+01	1.583965e-03	7.138356e-04	1.198501e-03
1.900000e+01	2.000000e+01	1.337391e-03	6.164975e-04	7.177160e-04
2.000000e+01	2.100000e+01	8.916728e-04	3.637799e-04	7.389712e-04
2.100000e+01	2.200000e+01	8.927740e-04	5.204524e-04	4.348560e-04
2.200000e+01	2.300000e+01	5.997871e-04	3.398892e-04	4.210729e-04
2.300000e+01	2.400000e+01	4.787423e-04	2.532485e-04	4.028569e-04
2.400000e+01	2.500000e+01	3.684052e-04	1.840715e-04	2.410493e-04
2.500000e+01	2.600000e+01	3.480321e-04	1.963354e-04	1.557129e-04
2.600000e+01	2.700000e+01	2.579193e-04	1.529834e-04	1.635377e-04
2.700000e+01	2.800000e+01	1.649923e-04	7.366620e-05	1.347932e-04
2.800000e+01	2.900000e+01	1.215711e-04	4.929926e-05	1.637232e-04
2.900000e+01	3.000000e+01	1.111010e-04	5.881050e-05	1.075057e-04
3.000000e+01	3.100000e+01	8.209520e-05	4.741252e-05	9.493700e-05
3.100000e+01	3.200000e+01	7.533940e-05	3.898494e-05	5.918020e-05
3.200000e+01	3.300000e+01	5.992529e-05	2.878626e-05	2.012557e-05
3.300000e+01	3.400000e+01	5.203511e-05	2.959344e-05	4.411386e-05
3.400000e+01	3.500000e+01	4.497119e-05	2.889509e-05	4.711358e-05
3.500000e+01	3.600000e+01	3.517662e-05	1.660854e-05	3.362783e-05
3.600000e+01	3.700000e+01	1.803051e-05	6.233580e-06	3.742069e-05
3.700000e+01	3.800000e+01	2.033398e-05	1.058384e-05	2.025766e-05
3.800000e+01	3.900000e+01	2.081862e-05	1.156617e-05	1.429666e-05
3.900000e+01	4.000000e+01	1.913894e-05	9.627309e-06	1.041955e-05
4.000000e+01	4.100000e+01	1.274890e-05	6.346735e-06	1.664194e-05
4.100000e+01	4.200000e+01	1.178397e-05	5.679671e-06	1.210496e-05
4.200000e+01	4.300000e+01	1.033851e-05	3.397170e-06	2.798037e-05
4.300000e+01	4.400000e+01	1.001263e-05	5.649303e-06	7.670220e-06
4.400000e+01	4.500000e+01	8.004890e-06	2.838653e-06	8.621380e-06
4.500000e+01	4.600000e+01	5.687036e-06	2.395020e-06	1.155108e-05
4.600000e+01	4.700000e+01	5.102757e-06	1.822400e-06	6.254813e-06
4.700000e+01	4.800000e+01	4.918954e-06	2.435120e-06	4.458352e-06
4.800000e+01	4.900000e+01	4.346746e-06	2.129777e-06	5.242022e-06
4.900000e+01	5.000000e+01	5.251889e-06	3.411530e-06	4.041746e-06
5.000000e+01	5.100000e+01	3.786395e-06	2.160538e-06	4.269692e-06
5.100000e+01	5.200000e+01	3.631001e-06	2.022818e-06	4.572184e-06
5.200000e+01	5.300000e+01	2.030361e-06	1.026003e-06	4.701424e-06
5.300000e+01	5.400000e+01	2.613152e-06	4.629030e-07	2.512637e-06
5.400000e+01	5.500000e+01	1.640426e-06	6.546654e-07	4.665815e-06
5.500000e+01	5.600000e+01	1.678115e-06	1.027268e-06	2.214219e-06
5.600000e+01	5.700000e+01	1.772390e-06	1.238010e-06	2.478144e-06
5.700000e+01	5.800000e+01	1.515146e-06	8.202673e-07	1.737667e-06
5.800000e+01	5.900000e+01	1.874519e-06	1.350579e-06	7.866170e-07
5.900000e+01	6.000000e+01	1.514811e-06	1.016259e-06	8.653410e-07
6.000000e+01	6.100000e+01	9.948622e-07	6.905974e-07	2.713828e-07
6.100000e+01	6.200000e+01	1.011873e-06	4.074827e-07	8.213320e-07
6.200000e+01	6.300000e+01	8.282734e-07	4.482466e-07	1.136222e-06
6.300000e+01	6.400000e+01	9.810461e-07	7.087099e-07	9.163889e-07
6.400000e+01	6.500000e+01	8.418430e-07	3.611806e-07	4.564810e-07
6.500000e+01	6.600000e+01	7.338749e-07	4.235584e-07	7.086311e-07
6.600000e+01	6.700000e+01	5.615260e-07	2.634991e-07	1.249616e-06
6.700000e+01	6.800000e+01	6.570082e-07	1.314804e-07	5.747048e-07
6.800000e+01	6.900000e+01	6.059096e-07	4.194092e-07	3.998354e-07
6.900000e+01	7.000000e+01	6.884787e-07	4.484040e-07	9.803210e-08
7.000000e+01	7.100000e+01	4.462148e-07	8.475430e-08	7.101162e-07
7.100000e+01	7.200000e+01	3.741131e-07	1.772074e-07	5.504909e-07
7.200000e+01	7.300000e+01	4.094957e-07	2.717428e-07	6.980763e-07
7.300000e+01	7.400000e+01	4.051571e-07	2.585042e-07	4.730812e-07
7.400000e+01	7.500000e+01	3.540628e-07	1.636543e-07	4.411164e-07
7.500000e+01	7.600000e+01	3.370912e-07	1.531754e-07	4.177693e-07
7.600000e+01	7.700000e+01	4.271704e-07	2.946741e-07	2.636499e-07
7.700000e+01	7.800000e+01	4.995991e-07	3.159691e-07	1.219634e-07
7.800000e+01	7.900000e+01	6.283954e-07	4.293287e-07	0.000000e+00
7.900000e+01	8.000000e+01	4.650979e-07	2.100144e-07	2.129189e-07
8.000000e+01	8.100000e+01	5.897227e-07	2.938004e-07	2.607005e-07
8.100000e+01	8.200000e+01	4.928684e-07	2.263972e-07	1.124651e-07
8.200000e+01	8.300000e+01	3.549016e-07	1.765287e-07	3.928372e-07
8.300000e+01	8.400000e+01	5.128990e-07	3.938088e-07	0.000000e+00
8.400000e+01	8.500000e+01	2.123442e-07	4.914710e-08	1.641245e-07
8.500000e+01	8.600000e+01	1.886103e-07	1.047756e-07	2.482368e-07
8.600000e+01	8.700000e+01	1.824680e-07	5.621910e-08	1.777157e-07
8.700000e+01	8.800000e+01	1.597732e-07	4.721820e-08	1.320274e-07
8.800000e+01	8.900000e+01	1.871386e-07	1.172837e-07	1.062976e-07
8.900000e+01	9.000000e+01	1.220531e-07	7.622248e-08	2.265978e-07
9.000000e+01	9.100000e+01	1.227909e-07	7.932722e-08	1.901213e-07
9.100000e+01	9.200000e+01	1.076397e-07	0.000000e+00	6.414430e-08
9.200000e+01	9.300000e+01	1.401047e-07	8.506140e-08	1.034557e-07
9.300000e+01	9.400000e+01	9.588827e-08	0.000000e+00	2.595801e-07
9.400000e+01	9.500000e+01	1.543536e-07	3.096390e-08	1.064849e-07
9.500000e+01	9.600000e+01	1.326256e-07	9.095830e-08	1.186510e-08
9.600000e+01	9.700000e+01	2.863063e-08	0.000000e+00	1.175580e-07
9.700000e+01	9.800000e+01	3.568577e-08	9.823310e-09	1.707488e-07
9.800000e+01	9.900000e+01	9.966392e-08	1.641346e-08	0.000000e+00
9.900000e+01	1.000000e+02	3.973625e-08	7.600700e-09	1.414574e-07
# END HISTO1D


# BEGIN HISTO1D //homes/tinghua1/Merging-Project/Production/HJETS/ratio-plots/hjets-vbfnlo/H-N2-N3-4-25gev-vbfnlo-combine.yoda/MC_H2JETS_07_INC/jet4_mass
ErrorBandColor=red
ErrorBandOpacity=0.3
ErrorBands=1
ErrorType=env
LineColor=red
LineStyle=solid
Path=//homes/tinghua1/Merging-Project/Production/HJETS/ratio-plots/hjets-vbfnlo/H-N2-N3-4-25gev-vbfnlo-combine.yoda/MC_H2JETS_07_INC/jet4_mass
RatioPlotSameStyle=1
Title=h(2*,3*,4)-vbfnlo
# xlow	 xhigh	 val	 errminus	 errplus
0.000000e+00	1.000000e+00	2.143083e-02	7.048970e-03	0.000000e+00
1.000000e+00	2.000000e+00	2.575155e-03	2.331550e-04	0.000000e+00
2.000000e+00	3.000000e+00	1.517267e-03	0.000000e+00	2.028310e-04
3.000000e+00	4.000000e+00	5.172618e-03	0.000000e+00	5.063220e-04
4.000000e+00	5.000000e+00	6.280440e-03	0.000000e+00	9.696650e-04
5.000000e+00	6.000000e+00	7.625473e-03	0.000000e+00	1.187920e-03
6.000000e+00	7.000000e+00	6.457819e-03	0.000000e+00	3.112637e-03
7.000000e+00	8.000000e+00	5.765143e-03	0.000000e+00	3.697792e-03
8.000000e+00	9.000000e+00	4.655015e-03	0.000000e+00	3.721330e-03
9.000000e+00	1.000000e+01	3.480911e-03	0.000000e+00	3.579718e-03
1.000000e+01	1.100000e+01	2.561573e-03	0.000000e+00	3.236333e-03
1.100000e+01	1.200000e+01	1.905835e-03	0.000000e+00	2.540165e-03
1.200000e+01	1.300000e+01	1.415789e-03	0.000000e+00	2.012434e-03
1.300000e+01	1.400000e+01	1.012525e-03	0.000000e+00	1.500590e-03
1.400000e+01	1.500000e+01	8.092525e-04	0.000000e+00	1.247157e-03
1.500000e+01	1.600000e+01	6.022017e-04	0.000000e+00	1.098802e-03
1.600000e+01	1.700000e+01	5.155094e-04	0.000000e+00	8.324786e-04
1.700000e+01	1.800000e+01	3.782444e-04	0.000000e+00	6.814426e-04
1.800000e+01	1.900000e+01	2.507883e-04	0.000000e+00	8.644967e-04
1.900000e+01	2.000000e+01	2.287576e-04	0.000000e+00	5.029250e-04
2.000000e+01	2.100000e+01	1.586504e-04	0.000000e+00	3.122666e-04
2.100000e+01	2.200000e+01	1.232328e-04	0.000000e+00	2.411950e-04
2.200000e+01	2.300000e+01	1.012447e-04	0.000000e+00	2.010833e-04
2.300000e+01	2.400000e+01	6.011375e-05	0.000000e+00	2.098833e-04
2.400000e+01	2.500000e+01	5.488833e-05	0.000000e+00	1.145782e-04
2.500000e+01	2.600000e+01	-2.268085e-05	0.000000e+00	1.588267e-04
2.600000e+01	2.700000e+01	1.729231e-05	0.000000e+00	8.349579e-05
2.700000e+01	2.800000e+01	2.555057e-05	0.000000e+00	6.388918e-05
2.800000e+01	2.900000e+01	1.734452e-05	0.000000e+00	5.085407e-05
2.900000e+01	3.000000e+01	1.463018e-05	0.000000e+00	3.871941e-05
3.000000e+01	3.100000e+01	1.103560e-05	0.000000e+00	2.385127e-05
3.100000e+01	3.200000e+01	7.973565e-06	0.000000e+00	2.398519e-05
3.200000e+01	3.300000e+01	6.964748e-06	0.000000e+00	1.702786e-05
3.300000e+01	3.400000e+01	4.876581e-06	0.000000e+00	1.594570e-05
3.400000e+01	3.500000e+01	4.144046e-06	0.000000e+00	7.684954e-06
3.500000e+01	3.600000e+01	4.535398e-06	0.000000e+00	1.236500e-05
3.600000e+01	3.700000e+01	3.119230e-06	0.000000e+00	7.793320e-06
3.700000e+01	3.800000e+01	1.370001e-06	0.000000e+00	3.210378e-06
3.800000e+01	3.900000e+01	1.794320e-06	0.000000e+00	5.111359e-06
3.900000e+01	4.000000e+01	1.325520e-06	0.000000e+00	6.574538e-06
4.000000e+01	4.100000e+01	1.374634e-06	0.000000e+00	2.022392e-06
4.100000e+01	4.200000e+01	2.409581e-06	2.888880e-07	1.430059e-06
4.200000e+01	4.300000e+01	5.469205e-07	2.843451e-07	1.165349e-06
4.300000e+01	4.400000e+01	6.633806e-07	0.000000e+00	2.867487e-06
4.400000e+01	4.500000e+01	-5.693910e-08	0.000000e+00	2.329412e-06
4.500000e+01	4.600000e+01	5.622116e-07	0.000000e+00	1.860503e-06
4.600000e+01	4.700000e+01	3.856089e-07	0.000000e+00	8.878121e-07
4.700000e+01	4.800000e+01	2.966854e-07	0.000000e+00	1.546423e-06
4.800000e+01	4.900000e+01	2.743191e-07	1.191230e-06	1.769446e-07
4.900000e+01	5.000000e+01	2.566796e-07	0.000000e+00	3.866975e-07
5.000000e+01	5.100000e+01	2.468939e-07	0.000000e+00	2.053980e-07
5.100000e+01	5.200000e+01	1.233024e-07	0.000000e+00	5.501994e-07
5.200000e+01	5.300000e+01	1.461306e-07	0.000000e+00	3.572355e-07
5.300000e+01	5.400000e+01	7.521535e-08	0.000000e+00	4.884358e-07
5.400000e+01	5.500000e+01	7.213769e-08	0.000000e+00	3.025564e-07
5.500000e+01	5.600000e+01	9.702117e-08	3.634899e-08	1.397797e-07
5.600000e+01	5.700000e+01	9.545951e-08	0.000000e+00	1.319349e-07
5.700000e+01	5.800000e+01	4.638533e-08	0.000000e+00	1.309246e-07
5.800000e+01	5.900000e+01	7.172039e-08	7.480476e-08	6.628321e-08
5.900000e+01	6.000000e+01	4.957997e-08	7.580719e-08	1.899758e-07
6.000000e+01	6.100000e+01	4.578733e-08	0.000000e+00	1.068331e-07
6.100000e+01	6.200000e+01	3.885788e-08	0.000000e+00	1.562297e-07
6.200000e+01	6.300000e+01	4.299979e-08	0.000000e+00	4.631131e-08
6.300000e+01	6.400000e+01	2.012446e-08	0.000000e+00	9.921274e-08
6.400000e+01	6.500000e+01	4.519507e-08	1.503900e-10	1.368451e-07
6.500000e+01	6.600000e+01	4.111712e-08	1.027156e-07	4.336051e-08
6.600000e+01	6.700000e+01	4.924906e-08	1.155502e-07	0.000000e+00
6.700000e+01	6.800000e+01	1.770240e-08	1.776610e-07	6.962080e-09
6.800000e+01	6.900000e+01	1.162121e-08	0.000000e+00	2.767340e-08
6.900000e+01	7.000000e+01	1.838231e-08	0.000000e+00	3.483728e-08
7.000000e+01	7.100000e+01	9.107005e-10	0.000000e+00	1.042429e-07
7.100000e+01	7.200000e+01	4.423722e-09	0.000000e+00	8.764328e-09
7.200000e+01	7.300000e+01	4.556137e-09	0.000000e+00	1.198123e-08
7.300000e+01	7.400000e+01	1.123368e-08	0.000000e+00	1.574164e-08
7.400000e+01	7.500000e+01	1.632787e-09	0.000000e+00	9.921213e-09
7.500000e+01	7.600000e+01	2.015298e-08	1.085242e-08	4.483900e-10
7.600000e+01	7.700000e+01	6.914437e-09	2.321128e-07	0.000000e+00
7.700000e+01	7.800000e+01	3.289847e-09	2.330110e-08	1.011118e-08
7.800000e+01	7.900000e+01	6.978909e-09	0.000000e+00	5.151701e-09
7.900000e+01	8.000000e+01	4.435239e-09	0.000000e+00	4.011233e-09
8.000000e+01	8.100000e+01	1.734777e-09	0.000000e+00	1.201581e-08
8.100000e+01	8.200000e+01	7.964961e-09	4.630919e-09	0.000000e+00
8.200000e+01	8.300000e+01	4.711245e-09	0.000000e+00	1.296246e-07
8.300000e+01	8.400000e+01	2.522062e-09	0.000000e+00	6.550911e-09
8.400000e+01	8.500000e+01	4.640490e-09	2.639537e-09	8.182930e-10
8.500000e+01	8.600000e+01	1.251065e-09	0.000000e+00	5.329961e-09
8.600000e+01	8.700000e+01	4.652871e-09	2.792525e-09	0.000000e+00
8.700000e+01	8.800000e+01	7.811151e-10	0.000000e+00	5.441375e-09
8.800000e+01	8.900000e+01	2.420189e-09	1.625030e-08	1.445933e-09
8.900000e+01	9.000000e+01	1.326891e-09	0.000000e+00	1.270330e-08
9.000000e+01	9.100000e+01	3.747439e-10	0.000000e+00	1.569086e-07
9.100000e+01	9.200000e+01	7.911509e-10	0.000000e+00	4.810845e-09
9.200000e+01	9.300000e+01	1.004848e-09	0.000000e+00	3.699268e-09
9.300000e+01	9.400000e+01	3.123393e-10	0.000000e+00	2.554706e-09
9.400000e+01	9.500000e+01	-3.430735e-09	0.000000e+00	4.183143e-09
9.500000e+01	9.600000e+01	-1.032489e-10	0.000000e+00	2.391938e-09
9.600000e+01	9.700000e+01	3.506605e-10	0.000000e+00	3.410035e-09
9.700000e+01	9.800000e+01	2.854416e-10	0.000000e+00	4.945447e-09
9.800000e+01	9.900000e+01	7.805915e-10	3.983915e-10	0.000000e+00
9.900000e+01	1.000000e+02	-6.548091e-11	0.000000e+00	2.370663e-09
# END HISTO1D


# BEGIN HISTO1D //homes/tinghua1/Merging-Project/Production/HJETS/ratio-plots/hjets-vbfnlo/H-N2-3-4-25gev-combine.yoda/MC_H2JETS_07_INC/jet4_mass
ErrorBandColor=blue
ErrorBandOpacity=0.3
ErrorBands=1
ErrorType=env
LineColor=blue
LineStyle=solid
Path=//homes/tinghua1/Merging-Project/Production/HJETS/ratio-plots/hjets-vbfnlo/H-N2-3-4-25gev-combine.yoda/MC_H2JETS_07_INC/jet4_mass
RatioPlotSameStyle=1
Title=h(2*,3,4)
# xlow	 xhigh	 val	 errminus	 errplus
0.000000e+00	1.000000e+00	3.603279e-02	2.253640e-03	9.244960e-03
1.000000e+00	2.000000e+00	6.188341e-03	1.645400e-05	5.880770e-04
2.000000e+00	3.000000e+00	3.870509e-03	5.601770e-04	8.905800e-05
3.000000e+00	4.000000e+00	1.251306e-02	1.571720e-03	9.625000e-05
4.000000e+00	5.000000e+00	1.609196e-02	2.169030e-03	1.655260e-03
5.000000e+00	6.000000e+00	1.936608e-02	3.379420e-03	2.750460e-03
6.000000e+00	7.000000e+00	2.010332e-02	4.871110e-03	4.298430e-03
7.000000e+00	8.000000e+00	1.933340e-02	5.922860e-03	5.045870e-03
8.000000e+00	9.000000e+00	1.664448e-02	5.365730e-03	6.281180e-03
9.000000e+00	1.000000e+01	1.383786e-02	5.260388e-03	6.135710e-03
1.000000e+01	1.100000e+01	1.086922e-02	4.379532e-03	5.931470e-03
1.100000e+01	1.200000e+01	8.056597e-03	3.346418e-03	4.755363e-03
1.200000e+01	1.300000e+01	6.090145e-03	2.483600e-03	5.105635e-03
1.300000e+01	1.400000e+01	4.754867e-03	2.069106e-03	2.894281e-03
1.400000e+01	1.500000e+01	3.861765e-03	1.754375e-03	2.228639e-03
1.500000e+01	1.600000e+01	3.017145e-03	1.359518e-03	2.040646e-03
1.600000e+01	1.700000e+01	2.490666e-03	1.206739e-03	1.708788e-03
1.700000e+01	1.800000e+01	1.947106e-03	9.155560e-04	1.321522e-03
1.800000e+01	1.900000e+01	1.603439e-03	7.973351e-04	1.066792e-03
1.900000e+01	2.000000e+01	1.284274e-03	6.470042e-04	8.361940e-04
2.000000e+01	2.100000e+01	9.845118e-04	4.952933e-04	7.274732e-04
2.100000e+01	2.200000e+01	8.199225e-04	4.190096e-04	5.790065e-04
2.200000e+01	2.300000e+01	6.020466e-04	3.367854e-04	4.391054e-04
2.300000e+01	2.400000e+01	4.535951e-04	2.291330e-04	3.733000e-04
2.400000e+01	2.500000e+01	3.781019e-04	1.961226e-04	3.008809e-04
2.500000e+01	2.600000e+01	2.836575e-04	1.563011e-04	2.500062e-04
2.600000e+01	2.700000e+01	2.206813e-04	1.208559e-04	1.871393e-04
2.700000e+01	2.800000e+01	1.801514e-04	9.832447e-05	1.852789e-04
2.800000e+01	2.900000e+01	1.356075e-04	6.377055e-05	1.560048e-04
2.900000e+01	3.000000e+01	1.104103e-04	6.416972e-05	1.106362e-04
3.000000e+01	3.100000e+01	9.596969e-05	5.123046e-05	7.782381e-05
3.100000e+01	3.200000e+01	7.671451e-05	4.298711e-05	7.451419e-05
3.200000e+01	3.300000e+01	5.618789e-05	2.692898e-05	6.405821e-05
3.300000e+01	3.400000e+01	4.908678e-05	2.782452e-05	4.984295e-05
3.400000e+01	3.500000e+01	4.150230e-05	2.526654e-05	4.238923e-05
3.500000e+01	3.600000e+01	2.714629e-05	1.237339e-05	3.436280e-05
3.600000e+01	3.700000e+01	3.004836e-05	1.556357e-05	2.334406e-05
3.700000e+01	3.800000e+01	2.316567e-05	1.291817e-05	2.894489e-05
3.800000e+01	3.900000e+01	2.199113e-05	1.391532e-05	1.925579e-05
3.900000e+01	4.000000e+01	1.739193e-05	9.206564e-06	1.766074e-05
4.000000e+01	4.100000e+01	1.360516e-05	6.531586e-06	1.450761e-05
4.100000e+01	4.200000e+01	1.165138e-05	6.692937e-06	1.244681e-05
4.200000e+01	4.300000e+01	1.145874e-05	7.228447e-06	9.867900e-06
4.300000e+01	4.400000e+01	1.096946e-05	7.703742e-06	6.105330e-06
4.400000e+01	4.500000e+01	6.783848e-06	3.435813e-06	5.944842e-06
4.500000e+01	4.600000e+01	5.260918e-06	1.918681e-06	8.769892e-06
4.600000e+01	4.700000e+01	4.969962e-06	2.578317e-06	6.092608e-06
4.700000e+01	4.800000e+01	5.981067e-06	4.185000e-06	2.643121e-06
4.800000e+01	4.900000e+01	3.887858e-06	2.394515e-06	3.632938e-06
4.900000e+01	5.000000e+01	4.347210e-06	2.245550e-06	4.506262e-06
5.000000e+01	5.100000e+01	3.627946e-06	2.105514e-06	3.600853e-06
5.100000e+01	5.200000e+01	2.672831e-06	1.496675e-06	4.055327e-06
5.200000e+01	5.300000e+01	2.615671e-06	1.243576e-06	4.917334e-06
5.300000e+01	5.400000e+01	2.062047e-06	9.899360e-07	1.760713e-06
5.400000e+01	5.500000e+01	2.124784e-06	1.179926e-06	1.532319e-06
5.500000e+01	5.600000e+01	1.641519e-06	8.480795e-07	1.847172e-06
5.600000e+01	5.700000e+01	1.840452e-06	1.078627e-06	2.042199e-06
5.700000e+01	5.800000e+01	1.375860e-06	6.926300e-07	1.854126e-06
5.800000e+01	5.900000e+01	1.037455e-06	5.007700e-07	1.606527e-06
5.900000e+01	6.000000e+01	1.074779e-06	1.602741e-07	2.015652e-06
6.000000e+01	6.100000e+01	1.107116e-06	6.502532e-07	1.127189e-06
6.100000e+01	6.200000e+01	7.667664e-07	2.902728e-07	1.111963e-06
6.200000e+01	6.300000e+01	8.804304e-07	4.722993e-07	1.256742e-06
6.300000e+01	6.400000e+01	8.314886e-07	4.690718e-07	7.743944e-07
6.400000e+01	6.500000e+01	5.792199e-07	3.101759e-07	7.864901e-07
6.500000e+01	6.600000e+01	6.549441e-07	4.204631e-07	5.382619e-07
6.600000e+01	6.700000e+01	5.103464e-07	3.140408e-07	6.660036e-07
6.700000e+01	6.800000e+01	4.115564e-07	1.845652e-07	6.455916e-07
6.800000e+01	6.900000e+01	3.848180e-07	1.960751e-07	5.488931e-07
6.900000e+01	7.000000e+01	4.509804e-07	2.277962e-07	3.658435e-07
7.000000e+01	7.100000e+01	3.641410e-07	1.875213e-07	4.603907e-07
7.100000e+01	7.200000e+01	3.464295e-07	1.192945e-07	6.973585e-07
7.200000e+01	7.300000e+01	2.567833e-07	4.408300e-09	4.901850e-07
7.300000e+01	7.400000e+01	3.681720e-07	9.826330e-08	8.540650e-07
7.400000e+01	7.500000e+01	4.760506e-07	2.715660e-07	2.341959e-07
7.500000e+01	7.600000e+01	2.935095e-07	8.808560e-08	2.798829e-07
7.600000e+01	7.700000e+01	2.431029e-07	5.594930e-08	4.743876e-07
7.700000e+01	7.800000e+01	2.566718e-07	0.000000e+00	2.044831e-07
7.800000e+01	7.900000e+01	3.254418e-07	1.055140e-08	4.016126e-07
7.900000e+01	8.000000e+01	3.316057e-07	0.000000e+00	3.320354e-07
8.000000e+01	8.100000e+01	4.304701e-07	0.000000e+00	8.320040e-08
8.100000e+01	8.200000e+01	5.529000e-07	2.833333e-07	4.861500e-07
8.200000e+01	8.300000e+01	2.635677e-07	9.589600e-08	3.871940e-07
8.300000e+01	8.400000e+01	3.271545e-07	1.237644e-07	1.096646e-07
8.400000e+01	8.500000e+01	1.596351e-07	3.993700e-08	3.545096e-07
8.500000e+01	8.600000e+01	1.903734e-07	3.977240e-08	1.869887e-07
8.600000e+01	8.700000e+01	2.149361e-07	1.260096e-07	1.759904e-07
8.700000e+01	8.800000e+01	1.564218e-07	3.171820e-08	1.114040e-07
8.800000e+01	8.900000e+01	1.111671e-07	1.262229e-08	7.471810e-08
8.900000e+01	9.000000e+01	1.041177e-07	3.655427e-08	1.937690e-07
9.000000e+01	9.100000e+01	1.055646e-07	3.513796e-08	6.494960e-08
9.100000e+01	9.200000e+01	1.272584e-07	6.804220e-08	2.462084e-07
9.200000e+01	9.300000e+01	1.596905e-07	1.004652e-07	3.767340e-08
9.300000e+01	9.400000e+01	6.429936e-08	0.000000e+00	1.114492e-07
9.400000e+01	9.500000e+01	1.125439e-07	4.122550e-08	1.237693e-07
9.500000e+01	9.600000e+01	5.216493e-08	1.915405e-08	1.315572e-07
9.600000e+01	9.700000e+01	5.983216e-08	3.429398e-08	8.353564e-08
9.700000e+01	9.800000e+01	5.249651e-08	2.257472e-08	9.889239e-08
9.800000e+01	9.900000e+01	3.443369e-08	0.000000e+00	9.416041e-08
9.900000e+01	1.000000e+02	4.376929e-08	9.396510e-09	7.211771e-08
# END HISTO1D


# BEGIN HISTO1D //homes/tinghua1/Merging-Project/Production/HJETS/ratio-plots/hjets-vbfnlo/H-N2-3-4-25gev-vbfnlo-combine.yoda/MC_H2JETS_07_INC/jet4_mass
ErrorBandColor=cyan
ErrorBandOpacity=0.3
ErrorBands=1
ErrorType=env
LineColor=cyan
LineStyle=solid
Path=//homes/tinghua1/Merging-Project/Production/HJETS/ratio-plots/hjets-vbfnlo/H-N2-3-4-25gev-vbfnlo-combine.yoda/MC_H2JETS_07_INC/jet4_mass
RatioPlotSameStyle=1
Title=h(2*,3,4)-vbfnlo
# xlow	 xhigh	 val	 errminus	 errplus
0.000000e+00	1.000000e+00	1.617904e-02	4.064000e-04	4.343440e-03
1.000000e+00	2.000000e+00	2.341314e-03	0.000000e+00	1.983470e-04
2.000000e+00	3.000000e+00	1.757682e-03	2.725520e-04	9.038400e-05
3.000000e+00	4.000000e+00	5.577759e-03	7.705880e-04	1.441060e-04
4.000000e+00	5.000000e+00	7.141052e-03	1.303033e-03	6.727540e-04
5.000000e+00	6.000000e+00	8.172409e-03	1.696163e-03	1.363028e-03
6.000000e+00	7.000000e+00	8.222136e-03	2.057661e-03	2.001644e-03
7.000000e+00	8.000000e+00	7.843163e-03	2.548816e-03	2.250677e-03
8.000000e+00	9.000000e+00	6.561362e-03	2.220910e-03	2.691138e-03
9.000000e+00	1.000000e+01	5.382568e-03	2.050600e-03	2.519088e-03
1.000000e+01	1.100000e+01	4.150798e-03	1.698478e-03	2.157282e-03
1.100000e+01	1.200000e+01	3.075583e-03	1.276068e-03	1.673991e-03
1.200000e+01	1.300000e+01	2.261273e-03	9.599000e-04	1.466915e-03
1.300000e+01	1.400000e+01	1.817148e-03	8.183218e-04	1.059665e-03
1.400000e+01	1.500000e+01	1.337832e-03	5.503842e-04	8.827000e-04
1.500000e+01	1.600000e+01	1.078933e-03	4.866894e-04	7.606250e-04
1.600000e+01	1.700000e+01	8.723474e-04	4.034738e-04	6.130286e-04
1.700000e+01	1.800000e+01	6.819694e-04	3.233483e-04	4.751676e-04
1.800000e+01	1.900000e+01	5.503082e-04	2.862463e-04	3.597353e-04
1.900000e+01	2.000000e+01	4.178004e-04	2.141690e-04	3.021897e-04
2.000000e+01	2.100000e+01	3.341726e-04	1.776377e-04	2.328678e-04
2.100000e+01	2.200000e+01	2.386446e-04	1.204607e-04	2.394072e-04
2.200000e+01	2.300000e+01	1.864974e-04	9.634681e-05	1.543633e-04
2.300000e+01	2.400000e+01	1.469683e-04	8.131555e-05	1.276512e-04
2.400000e+01	2.500000e+01	1.054615e-04	5.066348e-05	9.135970e-05
2.500000e+01	2.600000e+01	8.214540e-05	4.162179e-05	7.194660e-05
2.600000e+01	2.700000e+01	6.301890e-05	3.273790e-05	6.040630e-05
2.700000e+01	2.800000e+01	5.070840e-05	2.605580e-05	3.633860e-05
2.800000e+01	2.900000e+01	3.986128e-05	2.281773e-05	3.458021e-05
2.900000e+01	3.000000e+01	2.894336e-05	1.479493e-05	4.075284e-05
3.000000e+01	3.100000e+01	2.266409e-05	7.149670e-06	2.934079e-05
3.100000e+01	3.200000e+01	2.066442e-05	1.171871e-05	1.654928e-05
3.200000e+01	3.300000e+01	1.579358e-05	8.388325e-06	1.081414e-05
3.300000e+01	3.400000e+01	1.057409e-05	4.991775e-06	1.129351e-05
3.400000e+01	3.500000e+01	1.005352e-05	6.057527e-06	6.553530e-06
3.500000e+01	3.600000e+01	6.384543e-06	2.121053e-06	8.640497e-06
3.600000e+01	3.700000e+01	5.836420e-06	3.263179e-06	6.383900e-06
3.700000e+01	3.800000e+01	4.730804e-06	2.534149e-06	3.394632e-06
3.800000e+01	3.900000e+01	4.235723e-06	2.381807e-06	4.645310e-06
3.900000e+01	4.000000e+01	2.958342e-06	1.660240e-06	0.000000e+00
4.000000e+01	4.100000e+01	2.083101e-06	7.156490e-07	3.790435e-06
4.100000e+01	4.200000e+01	2.669842e-06	1.500267e-06	1.924296e-06
4.200000e+01	4.300000e+01	1.677052e-06	8.697256e-07	2.434214e-06
4.300000e+01	4.400000e+01	1.663262e-06	1.014794e-06	2.196950e-06
4.400000e+01	4.500000e+01	1.557309e-06	1.034599e-06	0.000000e+00
4.500000e+01	4.600000e+01	7.997960e-07	3.087547e-07	1.128722e-06
4.600000e+01	4.700000e+01	9.869173e-07	6.122894e-07	7.163967e-07
4.700000e+01	4.800000e+01	7.447697e-07	4.545913e-07	2.717603e-07
4.800000e+01	4.900000e+01	5.289847e-07	3.936072e-07	4.507461e-07
4.900000e+01	5.000000e+01	4.509651e-07	2.565074e-07	8.071589e-07
5.000000e+01	5.100000e+01	4.106619e-07	1.487893e-07	2.926965e-07
5.100000e+01	5.200000e+01	3.041871e-07	1.595612e-07	2.767945e-07
5.200000e+01	5.300000e+01	2.139111e-07	9.094240e-08	3.619077e-07
5.300000e+01	5.400000e+01	1.805100e-07	7.768740e-08	5.000824e-07
5.400000e+01	5.500000e+01	1.888362e-07	6.037490e-08	3.049196e-07
5.500000e+01	5.600000e+01	1.949034e-07	1.307777e-07	1.617225e-07
5.600000e+01	5.700000e+01	1.340151e-07	6.556138e-08	2.623286e-07
5.700000e+01	5.800000e+01	9.334922e-08	0.000000e+00	1.945343e-07
5.800000e+01	5.900000e+01	1.004784e-07	4.837334e-08	6.766080e-08
5.900000e+01	6.000000e+01	1.449818e-07	7.067548e-08	4.574520e-08
6.000000e+01	6.100000e+01	9.020159e-08	4.104116e-08	4.501221e-08
6.100000e+01	6.200000e+01	5.171297e-08	1.284448e-08	7.361603e-08
6.200000e+01	6.300000e+01	1.349556e-07	1.010117e-07	1.423910e-08
6.300000e+01	6.400000e+01	4.132979e-08	1.028273e-08	8.894151e-08
6.400000e+01	6.500000e+01	4.215771e-08	2.495398e-08	6.624389e-08
6.500000e+01	6.600000e+01	3.621277e-08	2.117601e-08	3.884014e-08
6.600000e+01	6.700000e+01	4.491291e-08	3.333712e-08	3.688885e-08
6.700000e+01	6.800000e+01	3.276974e-08	1.832137e-08	2.103864e-08
6.800000e+01	6.900000e+01	3.722161e-08	3.200811e-08	8.528930e-09
6.900000e+01	7.000000e+01	1.927350e-08	1.257694e-08	6.267478e-08
7.000000e+01	7.100000e+01	3.332314e-09	0.000000e+00	4.116832e-08
7.100000e+01	7.200000e+01	1.838576e-08	8.884910e-09	2.114300e-08
7.200000e+01	7.300000e+01	1.879091e-08	1.383376e-08	1.258220e-08
7.300000e+01	7.400000e+01	2.055888e-08	1.367713e-08	1.343531e-08
7.400000e+01	7.500000e+01	1.448649e-08	1.042514e-08	1.373425e-08
7.500000e+01	7.600000e+01	7.840375e-09	4.332361e-09	2.075161e-08
7.600000e+01	7.700000e+01	1.050543e-08	6.391863e-09	1.073107e-08
7.700000e+01	7.800000e+01	1.461209e-08	9.396224e-09	8.827300e-09
7.800000e+01	7.900000e+01	8.375701e-09	3.997646e-09	6.330759e-09
7.900000e+01	8.000000e+01	5.770176e-09	3.089590e-09	7.945974e-09
8.000000e+01	8.100000e+01	3.901963e-09	1.891338e-09	5.026980e-09
8.100000e+01	8.200000e+01	1.989849e-08	1.680947e-08	1.719201e-07
8.200000e+01	8.300000e+01	9.635572e-09	7.043129e-09	0.000000e+00
8.300000e+01	8.400000e+01	4.552033e-09	3.096878e-09	5.904837e-09
8.400000e+01	8.500000e+01	1.123299e-08	7.744645e-09	0.000000e+00
8.500000e+01	8.600000e+01	8.992530e-09	8.078231e-09	0.000000e+00
8.600000e+01	8.700000e+01	3.206850e-09	1.623674e-09	8.120720e-10
8.700000e+01	8.800000e+01	3.463723e-09	2.044843e-09	8.213140e-10
8.800000e+01	8.900000e+01	2.777514e-10	0.000000e+00	5.636003e-09
8.900000e+01	9.000000e+01	2.338420e-09	6.077150e-10	8.759230e-10
9.000000e+01	9.100000e+01	8.173188e-09	7.600717e-09	0.000000e+00
9.100000e+01	9.200000e+01	9.649034e-10	0.000000e+00	1.853125e-09
9.200000e+01	9.300000e+01	2.301786e-09	0.000000e+00	2.047122e-09
9.300000e+01	9.400000e+01	2.587789e-09	1.456700e-11	3.953000e-11
9.400000e+01	9.500000e+01	1.535355e-09	1.212805e-09	1.442635e-09
9.500000e+01	9.600000e+01	3.464818e-10	0.000000e+00	1.636586e-09
9.600000e+01	9.700000e+01	3.508531e-09	3.397349e-09	0.000000e+00
9.700000e+01	9.800000e+01	5.769742e-10	2.485825e-10	3.290565e-09
9.800000e+01	9.900000e+01	8.530701e-10	2.405630e-11	1.001678e-09
9.900000e+01	1.000000e+02	4.141982e-10	3.890360e-11	6.479458e-10
# END HISTO1D


# BEGIN HISTO1D //homes/tinghua1/Merging-Project/Production/HJETS/ratio-plots/hjets-vbfnlo/H-2-3-4-25gev-combine.yoda/MC_H2JETS_07_INC/jet4_mass
ErrorBandColor=yellow
ErrorBandOpacity=0.3
ErrorBands=1
ErrorType=env
LineColor=yellow
LineStyle=solid
Path=//homes/tinghua1/Merging-Project/Production/HJETS/ratio-plots/hjets-vbfnlo/H-2-3-4-25gev-combine.yoda/MC_H2JETS_07_INC/jet4_mass
RatioPlotSameStyle=1
Title=h(2,3,4)
# xlow	 xhigh	 val	 errminus	 errplus
0.000000e+00	1.000000e+00	3.272424e-02	2.206000e-03	8.986320e-03
1.000000e+00	2.000000e+00	5.489745e-03	7.712000e-06	8.340870e-04
2.000000e+00	3.000000e+00	3.372029e-03	3.197540e-04	2.309520e-04
3.000000e+00	4.000000e+00	1.147966e-02	1.498682e-03	0.000000e+00
4.000000e+00	5.000000e+00	1.474271e-02	2.128890e-03	1.075900e-03
5.000000e+00	6.000000e+00	1.749763e-02	3.140190e-03	2.414870e-03
6.000000e+00	7.000000e+00	1.811365e-02	4.359410e-03	3.633690e-03
7.000000e+00	8.000000e+00	1.723203e-02	4.905460e-03	4.742210e-03
8.000000e+00	9.000000e+00	1.495910e-02	4.945940e-03	5.267280e-03
9.000000e+00	1.000000e+01	1.217994e-02	4.486346e-03	5.400320e-03
1.000000e+01	1.100000e+01	9.684721e-03	3.889843e-03	4.710219e-03
1.100000e+01	1.200000e+01	7.179904e-03	2.844807e-03	3.982126e-03
1.200000e+01	1.300000e+01	5.430182e-03	2.235144e-03	3.129880e-03
1.300000e+01	1.400000e+01	4.173941e-03	1.795288e-03	2.517581e-03
1.400000e+01	1.500000e+01	3.381129e-03	1.467118e-03	1.986860e-03
1.500000e+01	1.600000e+01	2.704923e-03	1.207139e-03	1.630747e-03
1.600000e+01	1.700000e+01	2.152970e-03	9.864650e-04	1.392362e-03
1.700000e+01	1.800000e+01	1.716472e-03	8.067695e-04	1.239655e-03
1.800000e+01	1.900000e+01	1.342415e-03	6.396145e-04	1.060797e-03
1.900000e+01	2.000000e+01	1.061285e-03	5.124047e-04	9.190340e-04
2.000000e+01	2.100000e+01	8.328294e-04	4.266220e-04	7.115996e-04
2.100000e+01	2.200000e+01	7.079810e-04	3.858162e-04	4.451180e-04
2.200000e+01	2.300000e+01	5.182449e-04	2.691283e-04	4.278393e-04
2.300000e+01	2.400000e+01	4.069612e-04	2.218880e-04	3.053871e-04
2.400000e+01	2.500000e+01	2.984578e-04	1.469683e-04	2.916492e-04
2.500000e+01	2.600000e+01	2.467989e-04	1.291785e-04	2.084261e-04
2.600000e+01	2.700000e+01	1.971085e-04	1.022723e-04	1.599895e-04
2.700000e+01	2.800000e+01	1.508649e-04	8.337953e-05	1.392259e-04
2.800000e+01	2.900000e+01	1.194092e-04	6.224769e-05	1.128604e-04
2.900000e+01	3.000000e+01	9.322990e-05	4.689730e-05	9.978130e-05
3.000000e+01	3.100000e+01	8.260067e-05	4.327665e-05	6.391303e-05
3.100000e+01	3.200000e+01	6.224653e-05	3.205609e-05	5.638517e-05
3.200000e+01	3.300000e+01	5.502948e-05	3.215211e-05	4.092995e-05
3.300000e+01	3.400000e+01	4.325342e-05	2.347741e-05	3.561815e-05
3.400000e+01	3.500000e+01	3.292992e-05	1.852987e-05	3.187763e-05
3.500000e+01	3.600000e+01	2.677714e-05	1.328027e-05	2.797388e-05
3.600000e+01	3.700000e+01	2.518185e-05	1.526585e-05	2.635594e-05
3.700000e+01	3.800000e+01	2.274592e-05	1.384234e-05	2.431006e-05
3.800000e+01	3.900000e+01	1.605608e-05	8.662052e-06	1.868884e-05
3.900000e+01	4.000000e+01	1.342670e-05	7.197376e-06	1.431970e-05
4.000000e+01	4.100000e+01	1.218636e-05	6.126233e-06	1.626111e-05
4.100000e+01	4.200000e+01	1.020736e-05	5.076892e-06	9.611620e-06
4.200000e+01	4.300000e+01	8.364641e-06	4.768828e-06	1.154352e-05
4.300000e+01	4.400000e+01	8.043888e-06	4.369418e-06	4.661902e-06
4.400000e+01	4.500000e+01	5.318780e-06	2.157004e-06	7.280900e-06
4.500000e+01	4.600000e+01	6.429830e-06	3.838200e-06	5.263190e-06
4.600000e+01	4.700000e+01	4.204929e-06	2.287455e-06	5.307611e-06
4.700000e+01	4.800000e+01	4.403815e-06	2.482586e-06	4.893626e-06
4.800000e+01	4.900000e+01	4.962332e-06	3.016176e-06	2.258535e-06
4.900000e+01	5.000000e+01	3.438053e-06	1.559599e-06	3.448734e-06
5.000000e+01	5.100000e+01	3.141550e-06	1.344118e-06	3.124188e-06
5.100000e+01	5.200000e+01	2.237793e-06	1.062552e-06	2.842168e-06
5.200000e+01	5.300000e+01	1.930821e-06	7.689780e-07	3.069990e-06
5.300000e+01	5.400000e+01	2.097708e-06	9.885260e-07	2.066137e-06
5.400000e+01	5.500000e+01	2.781113e-06	2.001560e-06	8.094480e-07
5.500000e+01	5.600000e+01	1.700812e-06	4.491400e-07	1.278926e-06
5.600000e+01	5.700000e+01	1.674847e-06	8.640845e-07	1.300727e-06
5.700000e+01	5.800000e+01	1.483727e-06	8.963914e-07	1.432622e-06
5.800000e+01	5.900000e+01	9.659532e-07	5.088318e-07	1.366246e-06
5.900000e+01	6.000000e+01	1.104161e-06	5.336559e-07	1.423818e-06
6.000000e+01	6.100000e+01	7.030938e-07	2.805113e-07	1.130319e-06
6.100000e+01	6.200000e+01	6.263535e-07	1.712382e-07	1.552460e-06
6.200000e+01	6.300000e+01	7.869131e-07	2.962890e-07	1.209611e-06
6.300000e+01	6.400000e+01	9.739371e-07	5.953682e-07	6.302349e-07
6.400000e+01	6.500000e+01	5.741931e-07	2.733082e-07	7.871649e-07
6.500000e+01	6.600000e+01	6.370732e-07	3.634163e-07	8.737988e-07
6.600000e+01	6.700000e+01	5.230043e-07	2.772762e-07	7.113237e-07
6.700000e+01	6.800000e+01	4.325656e-07	1.316489e-07	6.818794e-07
6.800000e+01	6.900000e+01	5.188626e-07	2.621255e-07	5.190864e-07
6.900000e+01	7.000000e+01	5.750042e-07	4.314383e-07	2.760904e-07
7.000000e+01	7.100000e+01	2.811954e-07	7.736150e-08	5.711889e-07
7.100000e+01	7.200000e+01	3.362606e-07	2.067509e-07	3.737530e-07
7.200000e+01	7.300000e+01	3.274058e-07	1.767235e-07	3.183359e-07
7.300000e+01	7.400000e+01	7.027087e-07	4.639555e-07	0.000000e+00
7.400000e+01	7.500000e+01	3.557273e-07	1.167382e-07	3.229833e-07
7.500000e+01	7.600000e+01	3.857265e-07	1.467305e-07	1.518983e-07
7.600000e+01	7.700000e+01	3.103801e-07	1.498905e-07	4.074915e-07
7.700000e+01	7.800000e+01	2.678638e-07	1.334621e-07	1.115999e-06
7.800000e+01	7.900000e+01	4.536977e-07	2.677189e-07	1.196408e-07
7.900000e+01	8.000000e+01	4.245157e-07	1.446036e-07	3.678269e-07
8.000000e+01	8.100000e+01	5.812621e-07	2.142697e-07	2.033017e-07
8.100000e+01	8.200000e+01	4.720848e-07	1.690520e-08	3.270795e-07
8.200000e+01	8.300000e+01	4.211335e-07	1.630638e-07	3.821667e-07
8.300000e+01	8.400000e+01	2.740915e-07	1.184558e-07	3.013964e-07
8.400000e+01	8.500000e+01	2.261217e-07	1.457575e-07	2.016568e-07
8.500000e+01	8.600000e+01	1.890599e-07	1.020402e-07	1.237916e-07
8.600000e+01	8.700000e+01	1.789364e-07	1.047417e-07	1.364171e-07
8.700000e+01	8.800000e+01	1.443633e-07	6.192046e-08	1.920727e-07
8.800000e+01	8.900000e+01	1.696822e-07	1.122150e-07	1.477730e-07
8.900000e+01	9.000000e+01	1.477071e-07	9.741582e-08	5.666380e-08
9.000000e+01	9.100000e+01	2.184478e-07	1.518955e-07	2.150800e-09
9.100000e+01	9.200000e+01	1.304468e-07	0.000000e+00	2.343951e-07
9.200000e+01	9.300000e+01	1.441013e-07	9.779206e-08	4.028220e-08
9.300000e+01	9.400000e+01	8.924880e-08	2.946563e-08	1.131746e-07
9.400000e+01	9.500000e+01	6.031577e-08	3.420743e-08	1.692255e-07
9.500000e+01	9.600000e+01	7.700755e-08	3.637125e-08	6.630295e-08
9.600000e+01	9.700000e+01	1.328756e-07	1.114435e-07	7.258340e-08
9.700000e+01	9.800000e+01	5.761843e-08	3.566421e-08	2.343507e-08
9.800000e+01	9.900000e+01	3.758282e-08	1.795480e-09	9.779858e-08
9.900000e+01	1.000000e+02	5.455608e-08	4.132099e-08	4.696502e-08
# END HISTO1D


# BEGIN HISTO1D //homes/tinghua1/Merging-Project/Production/HJETS/ratio-plots/hjets-vbfnlo/H-2-3-4-25gev-vbfnlo-combine.yoda/MC_H2JETS_07_INC/jet4_mass
ErrorBandColor=green
ErrorBandOpacity=0.3
ErrorBands=1
ErrorType=env
LineColor=green
LineStyle=solid
Path=//homes/tinghua1/Merging-Project/Production/HJETS/ratio-plots/hjets-vbfnlo/H-2-3-4-25gev-vbfnlo-combine.yoda/MC_H2JETS_07_INC/jet4_mass
RatioPlotSameStyle=1
Title=h(2,3,4)-vbfnlo
# xlow	 xhigh	 val	 errminus	 errplus
0.000000e+00	1.000000e+00	1.681492e-02	4.245200e-04	3.582600e-03
1.000000e+00	2.000000e+00	2.371716e-03	0.000000e+00	2.002150e-04
2.000000e+00	3.000000e+00	1.800479e-03	2.867860e-04	1.168170e-04
3.000000e+00	4.000000e+00	5.745706e-03	9.123500e-04	2.438000e-04
4.000000e+00	5.000000e+00	7.289789e-03	1.321812e-03	9.139020e-04
5.000000e+00	6.000000e+00	8.397594e-03	1.826658e-03	1.586241e-03
6.000000e+00	7.000000e+00	8.536935e-03	2.299395e-03	2.146105e-03
7.000000e+00	8.000000e+00	7.977884e-03	2.598227e-03	2.630686e-03
8.000000e+00	9.000000e+00	6.784156e-03	2.433271e-03	2.798762e-03
9.000000e+00	1.000000e+01	5.479455e-03	2.140507e-03	2.588567e-03
1.000000e+01	1.100000e+01	4.222737e-03	1.736850e-03	2.241505e-03
1.100000e+01	1.200000e+01	3.095015e-03	1.293054e-03	1.881531e-03
1.200000e+01	1.300000e+01	2.339435e-03	1.009882e-03	1.421454e-03
1.300000e+01	1.400000e+01	1.783561e-03	7.948776e-04	1.168180e-03
1.400000e+01	1.500000e+01	1.399154e-03	6.364608e-04	8.794630e-04
1.500000e+01	1.600000e+01	1.108979e-03	5.158717e-04	7.130830e-04
1.600000e+01	1.700000e+01	8.848909e-04	3.978518e-04	5.839631e-04
1.700000e+01	1.800000e+01	6.960405e-04	3.444676e-04	4.924345e-04
1.800000e+01	1.900000e+01	5.438420e-04	2.793248e-04	3.881660e-04
1.900000e+01	2.000000e+01	4.170213e-04	2.153383e-04	3.129814e-04
2.000000e+01	2.100000e+01	3.325145e-04	1.738273e-04	2.331133e-04
2.100000e+01	2.200000e+01	2.396901e-04	1.231415e-04	1.868614e-04
2.200000e+01	2.300000e+01	1.930436e-04	1.016914e-04	1.480103e-04
2.300000e+01	2.400000e+01	1.483392e-04	8.289371e-05	1.170700e-04
2.400000e+01	2.500000e+01	1.133836e-04	5.916642e-05	8.310600e-05
2.500000e+01	2.600000e+01	8.618257e-05	4.376765e-05	6.934943e-05
2.600000e+01	2.700000e+01	6.805690e-05	3.653831e-05	5.525570e-05
2.700000e+01	2.800000e+01	5.264207e-05	2.721269e-05	4.678172e-05
2.800000e+01	2.900000e+01	4.062554e-05	2.336644e-05	3.210707e-05
2.900000e+01	3.000000e+01	2.996602e-05	1.655242e-05	2.915984e-05
3.000000e+01	3.100000e+01	2.362368e-05	1.294927e-05	2.226160e-05
3.100000e+01	3.200000e+01	1.948224e-05	1.192809e-05	1.648518e-05
3.200000e+01	3.300000e+01	1.379626e-05	7.899699e-06	1.429143e-05
3.300000e+01	3.400000e+01	1.093853e-05	5.930623e-06	1.194740e-05
3.400000e+01	3.500000e+01	1.015822e-05	6.609390e-06	1.175937e-05
3.500000e+01	3.600000e+01	7.777712e-06	4.571797e-06	5.305208e-06
3.600000e+01	3.700000e+01	6.156166e-06	3.763653e-06	4.472414e-06
3.700000e+01	3.800000e+01	4.751977e-06	2.425548e-06	5.974523e-06
3.800000e+01	3.900000e+01	3.896866e-06	2.004353e-06	3.478542e-06
3.900000e+01	4.000000e+01	3.109259e-06	1.831922e-06	3.282523e-06
4.000000e+01	4.100000e+01	2.829718e-06	1.462105e-06	2.226191e-06
4.100000e+01	4.200000e+01	2.012327e-06	1.159814e-06	2.199067e-06
4.200000e+01	4.300000e+01	1.960760e-06	1.230019e-06	1.659645e-06
4.300000e+01	4.400000e+01	1.383079e-06	4.829732e-07	1.581406e-06
4.400000e+01	4.500000e+01	1.165969e-06	6.962909e-07	1.005474e-06
4.500000e+01	4.600000e+01	8.454439e-07	4.242516e-07	9.696431e-07
4.600000e+01	4.700000e+01	8.730051e-07	5.856199e-07	4.709209e-07
4.700000e+01	4.800000e+01	5.368283e-07	2.536041e-07	6.909217e-07
4.800000e+01	4.900000e+01	4.413475e-07	2.013612e-07	7.123205e-07
4.900000e+01	5.000000e+01	5.990754e-07	4.309285e-07	3.004220e-07
5.000000e+01	5.100000e+01	3.554534e-07	7.314220e-08	5.757303e-07
5.100000e+01	5.200000e+01	3.059242e-07	1.027849e-07	2.626581e-07
5.200000e+01	5.300000e+01	2.930385e-07	1.089631e-07	2.409874e-07
5.300000e+01	5.400000e+01	2.416576e-07	1.268292e-07	2.530836e-07
5.400000e+01	5.500000e+01	2.032606e-07	9.881310e-08	2.344817e-07
5.500000e+01	5.600000e+01	2.132178e-07	1.231050e-07	1.912490e-07
5.600000e+01	5.700000e+01	1.170517e-07	4.935504e-08	1.087032e-07
5.700000e+01	5.800000e+01	1.483520e-07	9.533399e-08	1.169860e-08
5.800000e+01	5.900000e+01	1.152336e-07	7.074693e-08	5.445670e-08
5.900000e+01	6.000000e+01	1.010892e-07	5.296870e-08	5.159200e-09
6.000000e+01	6.100000e+01	8.098758e-08	4.751445e-08	6.578362e-08
6.100000e+01	6.200000e+01	5.983891e-08	3.123450e-08	1.283625e-07
6.200000e+01	6.300000e+01	4.278598e-08	2.019375e-08	1.003491e-07
6.300000e+01	6.400000e+01	6.526716e-08	3.891159e-08	4.743594e-08
6.400000e+01	6.500000e+01	3.156075e-08	8.929040e-09	6.435532e-08
6.500000e+01	6.600000e+01	2.494092e-08	6.504400e-09	1.244627e-07
6.600000e+01	6.700000e+01	4.948696e-08	2.781979e-08	1.112736e-08
6.700000e+01	6.800000e+01	2.775563e-08	1.412371e-08	5.391289e-08
6.800000e+01	6.900000e+01	2.738073e-08	1.723173e-08	3.928768e-08
6.900000e+01	7.000000e+01	3.640317e-08	2.780234e-08	2.947390e-09
7.000000e+01	7.100000e+01	3.388736e-08	2.152949e-08	7.454270e-09
7.100000e+01	7.200000e+01	7.803268e-09	0.000000e+00	3.361675e-08
7.200000e+01	7.300000e+01	1.090406e-08	7.922900e-10	2.346421e-08
7.300000e+01	7.400000e+01	1.189780e-08	4.344821e-09	2.388247e-08
7.400000e+01	7.500000e+01	1.145051e-08	7.170118e-09	1.819892e-08
7.500000e+01	7.600000e+01	1.698472e-08	1.068246e-08	8.326110e-09
7.600000e+01	7.700000e+01	1.225126e-08	5.592910e-09	6.537200e-09
7.700000e+01	7.800000e+01	9.929185e-09	7.080933e-09	2.283077e-08
7.800000e+01	7.900000e+01	4.606834e-09	5.816280e-10	6.134006e-09
7.900000e+01	8.000000e+01	4.927936e-09	2.447876e-09	3.452822e-09
8.000000e+01	8.100000e+01	6.989096e-09	5.262381e-09	1.185972e-08
8.100000e+01	8.200000e+01	4.898361e-09	3.814848e-09	3.364219e-09
8.200000e+01	8.300000e+01	1.108529e-08	4.009030e-09	0.000000e+00
8.300000e+01	8.400000e+01	6.224391e-09	4.500278e-09	2.643469e-09
8.400000e+01	8.500000e+01	3.940989e-09	1.487804e-09	9.362361e-09
8.500000e+01	8.600000e+01	3.397367e-09	2.450585e-09	5.396147e-09
8.600000e+01	8.700000e+01	3.747742e-09	0.000000e+00	5.343717e-09
8.700000e+01	8.800000e+01	2.236282e-09	1.657726e-09	3.565378e-09
8.800000e+01	8.900000e+01	4.003831e-09	3.338608e-09	1.118939e-09
8.900000e+01	9.000000e+01	4.904685e-09	4.009872e-09	0.000000e+00
9.000000e+01	9.100000e+01	2.456445e-09	7.394710e-10	5.171000e-11
9.100000e+01	9.200000e+01	3.548891e-09	2.108829e-09	0.000000e+00
9.200000e+01	9.300000e+01	4.727353e-09	4.098055e-09	0.000000e+00
9.300000e+01	9.400000e+01	1.345254e-09	9.137573e-10	4.032960e-10
9.400000e+01	9.500000e+01	6.298455e-10	2.581256e-10	8.636145e-10
9.500000e+01	9.600000e+01	1.299992e-09	4.886665e-10	5.846730e-10
9.600000e+01	9.700000e+01	1.674802e-09	1.004288e-09	3.825350e-10
9.700000e+01	9.800000e+01	6.325403e-10	0.000000e+00	4.485197e-09
9.800000e+01	9.900000e+01	2.839699e-10	1.154204e-10	0.000000e+00
9.900000e+01	1.000000e+02	5.867470e-10	3.119168e-10	6.721760e-10
# END HISTO1D


# BEGIN HISTO1D //homes/tinghua1/Merging-Project/Production/HJETS/ratio-plots/hjets-vbfnlo/H-2-3-25gev-combine.yoda/MC_H2JETS_07_INC/jet4_mass
ErrorBandColor=purple
ErrorBandOpacity=0.3
ErrorBands=1
ErrorType=env
LineColor=purple
LineStyle=solid
Path=//homes/tinghua1/Merging-Project/Production/HJETS/ratio-plots/hjets-vbfnlo/H-2-3-25gev-combine.yoda/MC_H2JETS_07_INC/jet4_mass
RatioPlotSameStyle=1
Title=h(2,3)
# xlow	 xhigh	 val	 errminus	 errplus
0.000000e+00	1.000000e+00	3.524628e-02	9.333850e-03	0.000000e+00
1.000000e+00	2.000000e+00	5.069528e-03	5.334220e-04	0.000000e+00
2.000000e+00	3.000000e+00	2.650575e-03	0.000000e+00	5.114370e-04
3.000000e+00	4.000000e+00	8.612599e-03	0.000000e+00	1.323622e-03
4.000000e+00	5.000000e+00	1.089265e-02	0.000000e+00	3.105560e-03
5.000000e+00	6.000000e+00	1.240359e-02	0.000000e+00	4.885180e-03
6.000000e+00	7.000000e+00	1.179460e-02	0.000000e+00	7.116700e-03
7.000000e+00	8.000000e+00	1.028796e-02	0.000000e+00	8.709820e-03
8.000000e+00	9.000000e+00	8.369171e-03	0.000000e+00	9.016639e-03
9.000000e+00	1.000000e+01	6.388384e-03	0.000000e+00	8.530606e-03
1.000000e+01	1.100000e+01	4.699129e-03	0.000000e+00	7.247201e-03
1.100000e+01	1.200000e+01	3.352062e-03	0.000000e+00	5.765110e-03
1.200000e+01	1.300000e+01	2.419023e-03	0.000000e+00	4.419598e-03
1.300000e+01	1.400000e+01	1.802175e-03	0.000000e+00	3.438334e-03
1.400000e+01	1.500000e+01	1.381677e-03	0.000000e+00	2.690770e-03
1.500000e+01	1.600000e+01	1.076690e-03	0.000000e+00	2.199082e-03
1.600000e+01	1.700000e+01	8.297962e-04	0.000000e+00	1.809945e-03
1.700000e+01	1.800000e+01	6.475311e-04	0.000000e+00	1.453165e-03
1.800000e+01	1.900000e+01	4.782122e-04	0.000000e+00	1.191202e-03
1.900000e+01	2.000000e+01	3.554884e-04	0.000000e+00	9.312916e-04
2.000000e+01	2.100000e+01	2.740214e-04	0.000000e+00	7.147855e-04
2.100000e+01	2.200000e+01	1.964716e-04	0.000000e+00	5.631461e-04
2.200000e+01	2.300000e+01	1.446471e-04	0.000000e+00	4.187177e-04
2.300000e+01	2.400000e+01	1.069857e-04	0.000000e+00	3.383754e-04
2.400000e+01	2.500000e+01	7.533485e-05	0.000000e+00	2.506251e-04
2.500000e+01	2.600000e+01	5.500493e-05	0.000000e+00	1.950412e-04
2.600000e+01	2.700000e+01	4.030727e-05	0.000000e+00	1.371298e-04
2.700000e+01	2.800000e+01	3.022957e-05	0.000000e+00	1.021601e-04
2.800000e+01	2.900000e+01	2.218337e-05	0.000000e+00	8.006193e-05
2.900000e+01	3.000000e+01	1.593876e-05	0.000000e+00	7.111437e-05
3.000000e+01	3.100000e+01	1.459722e-05	0.000000e+00	4.408870e-05
3.100000e+01	3.200000e+01	9.310689e-06	0.000000e+00	3.363724e-05
3.200000e+01	3.300000e+01	6.365505e-06	0.000000e+00	2.569952e-05
3.300000e+01	3.400000e+01	4.710062e-06	0.000000e+00	1.980053e-05
3.400000e+01	3.500000e+01	3.297816e-06	0.000000e+00	1.494081e-05
3.500000e+01	3.600000e+01	2.139305e-06	0.000000e+00	1.081018e-05
3.600000e+01	3.700000e+01	1.840449e-06	0.000000e+00	8.563961e-06
3.700000e+01	3.800000e+01	1.573562e-06	0.000000e+00	6.203225e-06
3.800000e+01	3.900000e+01	1.112804e-06	0.000000e+00	5.689047e-06
3.900000e+01	4.000000e+01	9.126798e-07	0.000000e+00	3.564270e-06
4.000000e+01	4.100000e+01	6.720485e-07	0.000000e+00	3.263651e-06
4.100000e+01	4.200000e+01	5.968475e-07	0.000000e+00	1.910462e-06
4.200000e+01	4.300000e+01	4.178269e-07	0.000000e+00	1.784098e-06
4.300000e+01	4.400000e+01	3.510788e-07	0.000000e+00	1.193713e-06
4.400000e+01	4.500000e+01	2.950042e-07	0.000000e+00	1.101657e-06
4.500000e+01	4.600000e+01	2.364946e-07	0.000000e+00	9.775164e-07
4.600000e+01	4.700000e+01	1.786671e-07	0.000000e+00	6.046872e-07
4.700000e+01	4.800000e+01	1.242737e-07	0.000000e+00	4.665818e-07
4.800000e+01	4.900000e+01	1.037748e-07	0.000000e+00	4.430664e-07
4.900000e+01	5.000000e+01	9.458986e-08	0.000000e+00	4.237915e-07
5.000000e+01	5.100000e+01	5.540659e-08	0.000000e+00	2.986165e-07
5.100000e+01	5.200000e+01	7.603386e-08	0.000000e+00	2.151030e-07
5.200000e+01	5.300000e+01	5.315243e-08	0.000000e+00	3.314572e-07
5.300000e+01	5.400000e+01	9.395622e-08	0.000000e+00	8.257808e-08
5.400000e+01	5.500000e+01	2.997470e-08	0.000000e+00	1.229333e-07
5.500000e+01	5.600000e+01	3.500074e-08	0.000000e+00	2.249941e-07
5.600000e+01	5.700000e+01	2.884065e-08	0.000000e+00	8.080085e-08
5.700000e+01	5.800000e+01	2.660686e-08	0.000000e+00	8.773974e-08
5.800000e+01	5.900000e+01	1.475679e-08	0.000000e+00	4.465874e-08
5.900000e+01	6.000000e+01	1.953310e-08	0.000000e+00	4.620302e-08
6.000000e+01	6.100000e+01	1.115189e-08	0.000000e+00	5.063192e-08
6.100000e+01	6.200000e+01	9.728057e-09	0.000000e+00	3.688107e-08
6.200000e+01	6.300000e+01	8.120505e-09	0.000000e+00	3.371236e-08
6.300000e+01	6.400000e+01	7.023654e-09	0.000000e+00	3.038925e-08
6.400000e+01	6.500000e+01	1.100182e-08	0.000000e+00	1.460085e-08
6.500000e+01	6.600000e+01	4.840637e-09	0.000000e+00	2.646073e-08
6.600000e+01	6.700000e+01	8.379617e-09	0.000000e+00	1.413957e-08
6.700000e+01	6.800000e+01	4.830553e-09	0.000000e+00	1.278755e-08
6.800000e+01	6.900000e+01	5.124826e-09	0.000000e+00	1.165860e-08
6.900000e+01	7.000000e+01	3.261037e-09	0.000000e+00	9.490313e-09
7.000000e+01	7.100000e+01	2.257044e-09	0.000000e+00	6.993239e-09
7.100000e+01	7.200000e+01	2.006363e-09	0.000000e+00	8.226387e-09
7.200000e+01	7.300000e+01	7.873756e-09	2.579704e-09	0.000000e+00
7.300000e+01	7.400000e+01	2.830642e-09	0.000000e+00	3.434016e-09
7.400000e+01	7.500000e+01	2.148572e-09	0.000000e+00	5.644921e-09
7.500000e+01	7.600000e+01	1.646230e-09	0.000000e+00	3.770849e-09
7.600000e+01	7.700000e+01	1.629545e-09	0.000000e+00	3.011536e-09
7.700000e+01	7.800000e+01	3.478904e-09	7.339200e-10	1.570766e-09
7.800000e+01	7.900000e+01	2.514000e-09	0.000000e+00	1.630028e-09
7.900000e+01	8.000000e+01	8.896081e-10	0.000000e+00	4.535917e-09
8.000000e+01	8.100000e+01	7.303306e-10	0.000000e+00	2.727246e-09
8.100000e+01	8.200000e+01	3.940345e-10	0.000000e+00	3.616999e-09
8.200000e+01	8.300000e+01	9.116871e-10	0.000000e+00	2.267563e-09
8.300000e+01	8.400000e+01	9.868543e-10	1.831640e-10	4.524437e-10
8.400000e+01	8.500000e+01	4.696098e-10	0.000000e+00	2.579334e-09
8.500000e+01	8.600000e+01	5.219108e-10	0.000000e+00	2.079473e-09
8.600000e+01	8.700000e+01	5.825733e-10	0.000000e+00	1.242263e-09
8.700000e+01	8.800000e+01	3.366267e-10	0.000000e+00	8.567163e-10
8.800000e+01	8.900000e+01	3.769613e-10	0.000000e+00	6.633637e-10
8.900000e+01	9.000000e+01	2.430565e-10	0.000000e+00	8.976165e-10
9.000000e+01	9.100000e+01	4.066615e-10	0.000000e+00	2.018711e-09
9.100000e+01	9.200000e+01	3.148031e-10	0.000000e+00	5.710842e-10
9.200000e+01	9.300000e+01	9.489307e-11	0.000000e+00	1.929647e-09
9.300000e+01	9.400000e+01	2.122103e-10	0.000000e+00	1.219824e-09
9.400000e+01	9.500000e+01	1.690000e-10	0.000000e+00	7.798847e-10
9.500000e+01	9.600000e+01	1.434240e-10	0.000000e+00	2.629236e-10
9.600000e+01	9.700000e+01	5.458190e-11	0.000000e+00	3.178945e-10
9.700000e+01	9.800000e+01	1.420441e-10	7.202712e-11	7.989100e-11
9.800000e+01	9.900000e+01	9.844820e-11	0.000000e+00	1.684841e-09
9.900000e+01	1.000000e+02	9.146113e-11	1.839940e-11	1.582806e-09
# END HISTO1D


# BEGIN HISTO1D //homes/tinghua1/Merging-Project/Production/HJETS/ratio-plots/hjets-vbfnlo/H-2-3-25gev-vbfnlo-combine.yoda/MC_H2JETS_07_INC/jet4_mass
ErrorBandColor=violet
ErrorBandOpacity=0.3
ErrorBands=1
ErrorType=env
LineColor=violet
LineStyle=solid
Path=//homes/tinghua1/Merging-Project/Production/HJETS/ratio-plots/hjets-vbfnlo/H-2-3-25gev-vbfnlo-combine.yoda/MC_H2JETS_07_INC/jet4_mass
RatioPlotSameStyle=1
Title=h(2,3)-vbfnlo
# xlow	 xhigh	 val	 errminus	 errplus
0.000000e+00	1.000000e+00	1.410355e-02	0.000000e+00	3.499560e-03
1.000000e+00	2.000000e+00	2.188823e-03	1.708100e-04	0.000000e+00
2.000000e+00	3.000000e+00	1.672947e-03	3.604030e-04	0.000000e+00
3.000000e+00	4.000000e+00	5.261643e-03	1.026790e-03	0.000000e+00
4.000000e+00	5.000000e+00	7.178941e-03	1.973442e-03	0.000000e+00
5.000000e+00	6.000000e+00	8.779039e-03	3.008547e-03	0.000000e+00
6.000000e+00	7.000000e+00	9.314672e-03	3.934744e-03	0.000000e+00
7.000000e+00	8.000000e+00	9.145025e-03	4.516646e-03	0.000000e+00
8.000000e+00	9.000000e+00	8.294631e-03	4.548524e-03	0.000000e+00
9.000000e+00	1.000000e+01	7.022103e-03	4.224537e-03	0.000000e+00
1.000000e+01	1.100000e+01	5.493001e-03	3.359879e-03	0.000000e+00
1.100000e+01	1.200000e+01	4.147089e-03	2.673314e-03	0.000000e+00
1.200000e+01	1.300000e+01	3.121768e-03	2.048657e-03	0.000000e+00
1.300000e+01	1.400000e+01	2.388563e-03	1.580935e-03	0.000000e+00
1.400000e+01	1.500000e+01	1.846399e-03	1.234092e-03	0.000000e+00
1.500000e+01	1.600000e+01	1.475270e-03	9.967640e-04	0.000000e+00
1.600000e+01	1.700000e+01	1.187905e-03	8.174938e-04	0.000000e+00
1.700000e+01	1.800000e+01	9.456635e-04	6.600869e-04	0.000000e+00
1.800000e+01	1.900000e+01	7.485460e-04	5.343648e-04	0.000000e+00
1.900000e+01	2.000000e+01	5.852422e-04	4.186080e-04	0.000000e+00
2.000000e+01	2.100000e+01	4.373259e-04	3.120437e-04	0.000000e+00
2.100000e+01	2.200000e+01	3.356663e-04	2.474525e-04	0.000000e+00
2.200000e+01	2.300000e+01	2.631720e-04	1.959119e-04	0.000000e+00
2.300000e+01	2.400000e+01	1.985775e-04	1.487764e-04	0.000000e+00
2.400000e+01	2.500000e+01	1.490547e-04	1.115785e-04	0.000000e+00
2.500000e+01	2.600000e+01	1.196728e-04	9.210048e-05	0.000000e+00
2.600000e+01	2.700000e+01	8.587072e-05	6.520927e-05	0.000000e+00
2.700000e+01	2.800000e+01	6.427323e-05	4.875086e-05	0.000000e+00
2.800000e+01	2.900000e+01	5.040485e-05	3.875459e-05	0.000000e+00
2.900000e+01	3.000000e+01	3.774620e-05	2.899104e-05	0.000000e+00
3.000000e+01	3.100000e+01	2.885240e-05	2.215058e-05	0.000000e+00
3.100000e+01	3.200000e+01	2.501134e-05	1.998472e-05	0.000000e+00
3.200000e+01	3.300000e+01	1.833964e-05	1.421862e-05	0.000000e+00
3.300000e+01	3.400000e+01	1.362693e-05	1.029231e-05	0.000000e+00
3.400000e+01	3.500000e+01	1.032355e-05	7.902588e-06	0.000000e+00
3.500000e+01	3.600000e+01	8.552126e-06	6.488135e-06	0.000000e+00
3.600000e+01	3.700000e+01	6.283129e-06	4.849507e-06	0.000000e+00
3.700000e+01	3.800000e+01	5.260332e-06	4.010781e-06	0.000000e+00
3.800000e+01	3.900000e+01	4.162103e-06	3.255128e-06	0.000000e+00
3.900000e+01	4.000000e+01	3.181731e-06	2.454926e-06	0.000000e+00
4.000000e+01	4.100000e+01	2.691778e-06	2.073971e-06	0.000000e+00
4.100000e+01	4.200000e+01	2.097754e-06	1.630555e-06	0.000000e+00
4.200000e+01	4.300000e+01	1.688691e-06	1.322038e-06	0.000000e+00
4.300000e+01	4.400000e+01	1.352337e-06	1.073373e-06	0.000000e+00
4.400000e+01	4.500000e+01	1.155072e-06	9.342736e-07	0.000000e+00
4.500000e+01	4.600000e+01	9.037532e-07	7.152545e-07	0.000000e+00
4.600000e+01	4.700000e+01	6.996663e-07	5.468143e-07	0.000000e+00
4.700000e+01	4.800000e+01	6.033688e-07	4.768540e-07	0.000000e+00
4.800000e+01	4.900000e+01	5.078178e-07	4.003274e-07	0.000000e+00
4.900000e+01	5.000000e+01	3.855186e-07	2.964952e-07	0.000000e+00
5.000000e+01	5.100000e+01	3.246179e-07	2.435797e-07	0.000000e+00
5.100000e+01	5.200000e+01	2.546177e-07	1.884749e-07	0.000000e+00
5.200000e+01	5.300000e+01	2.319550e-07	1.747889e-07	0.000000e+00
5.300000e+01	5.400000e+01	2.091852e-07	1.584211e-07	0.000000e+00
5.400000e+01	5.500000e+01	1.608724e-07	1.208930e-07	1.967173e-07
5.500000e+01	5.600000e+01	1.394246e-07	1.031897e-07	0.000000e+00
5.600000e+01	5.700000e+01	1.374297e-07	1.006073e-07	0.000000e+00
5.700000e+01	5.800000e+01	9.609927e-08	7.146130e-08	0.000000e+00
5.800000e+01	5.900000e+01	8.246340e-08	5.887788e-08	0.000000e+00
5.900000e+01	6.000000e+01	7.091044e-08	5.719847e-08	0.000000e+00
6.000000e+01	6.100000e+01	6.150333e-08	4.704519e-08	0.000000e+00
6.100000e+01	6.200000e+01	5.242759e-08	4.216546e-08	0.000000e+00
6.200000e+01	6.300000e+01	5.067659e-08	4.094543e-08	0.000000e+00
6.300000e+01	6.400000e+01	3.737145e-08	2.896355e-08	0.000000e+00
6.400000e+01	6.500000e+01	3.484403e-08	2.499205e-08	0.000000e+00
6.500000e+01	6.600000e+01	3.364853e-08	2.696983e-08	0.000000e+00
6.600000e+01	6.700000e+01	2.224130e-08	1.298820e-08	0.000000e+00
6.700000e+01	6.800000e+01	2.445761e-08	2.018666e-08	0.000000e+00
6.800000e+01	6.900000e+01	1.998196e-08	1.621724e-08	0.000000e+00
6.900000e+01	7.000000e+01	1.730635e-08	1.401187e-08	0.000000e+00
7.000000e+01	7.100000e+01	1.305860e-08	1.061516e-08	0.000000e+00
7.100000e+01	7.200000e+01	1.505857e-08	1.248437e-08	0.000000e+00
7.200000e+01	7.300000e+01	1.009722e-08	6.309082e-09	0.000000e+00
7.300000e+01	7.400000e+01	9.246508e-09	4.860347e-09	0.000000e+00
7.400000e+01	7.500000e+01	7.162783e-09	5.539287e-09	0.000000e+00
7.500000e+01	7.600000e+01	8.992212e-09	6.675870e-09	0.000000e+00
7.600000e+01	7.700000e+01	7.349272e-09	5.601310e-09	0.000000e+00
7.700000e+01	7.800000e+01	6.185360e-09	4.545800e-09	0.000000e+00
7.800000e+01	7.900000e+01	3.974353e-09	3.049267e-09	0.000000e+00
7.900000e+01	8.000000e+01	5.065613e-09	4.068019e-09	0.000000e+00
8.000000e+01	8.100000e+01	3.842844e-09	3.070408e-09	0.000000e+00
8.100000e+01	8.200000e+01	2.830232e-09	1.710278e-09	0.000000e+00
8.200000e+01	8.300000e+01	2.817763e-09	1.628233e-09	0.000000e+00
8.300000e+01	8.400000e+01	2.924468e-09	2.604390e-09	0.000000e+00
8.400000e+01	8.500000e+01	1.771074e-09	1.381300e-09	0.000000e+00
8.500000e+01	8.600000e+01	1.960372e-09	1.641357e-09	0.000000e+00
8.600000e+01	8.700000e+01	1.030167e-09	6.200857e-10	0.000000e+00
8.700000e+01	8.800000e+01	1.418020e-09	1.037479e-09	0.000000e+00
8.800000e+01	8.900000e+01	1.647436e-09	1.427344e-09	0.000000e+00
8.900000e+01	9.000000e+01	1.106975e-09	7.775757e-10	0.000000e+00
9.000000e+01	9.100000e+01	1.692130e-09	1.491298e-09	0.000000e+00
9.100000e+01	9.200000e+01	1.825767e-09	1.619480e-09	0.000000e+00
9.200000e+01	9.300000e+01	8.148985e-10	6.963977e-10	0.000000e+00
9.300000e+01	9.400000e+01	8.266724e-10	5.609468e-10	0.000000e+00
9.400000e+01	9.500000e+01	7.616473e-10	6.312371e-10	0.000000e+00
9.500000e+01	9.600000e+01	6.940182e-10	5.869033e-10	0.000000e+00
9.600000e+01	9.700000e+01	7.129705e-10	6.136504e-10	0.000000e+00
9.700000e+01	9.800000e+01	1.679008e-09	1.442755e-09	0.000000e+00
9.800000e+01	9.900000e+01	3.079052e-10	2.101759e-10	0.000000e+00
9.900000e+01	1.000000e+02	4.355675e-10	1.579785e-10	2.454428e-10
# END HISTO1D

