# BEGIN PLOT
Rebin=2
DrawOnly=//homes/tinghua1/Merging-Project/Production/HJETS/ratio-plots/hjets-vbfnlo/H-N2-N3-4-25gev-combine.yoda/MC_H2JETS_07_INC/log10_d_12 //homes/tinghua1/Merging-Project/Production/HJETS/ratio-plots/hjets-vbfnlo/H-N2-N3-4-25gev-vbfnlo-combine.yoda/MC_H2JETS_07_INC/log10_d_12 //homes/tinghua1/Merging-Project/Production/HJETS/ratio-plots/hjets-vbfnlo/H-N2-3-4-25gev-combine.yoda/MC_H2JETS_07_INC/log10_d_12 //homes/tinghua1/Merging-Project/Production/HJETS/ratio-plots/hjets-vbfnlo/H-N2-3-4-25gev-vbfnlo-combine.yoda/MC_H2JETS_07_INC/log10_d_12 //homes/tinghua1/Merging-Project/Production/HJETS/ratio-plots/hjets-vbfnlo/H-2-3-4-25gev-combine.yoda/MC_H2JETS_07_INC/log10_d_12 //homes/tinghua1/Merging-Project/Production/HJETS/ratio-plots/hjets-vbfnlo/H-2-3-4-25gev-vbfnlo-combine.yoda/MC_H2JETS_07_INC/log10_d_12 //homes/tinghua1/Merging-Project/Production/HJETS/ratio-plots/hjets-vbfnlo/H-2-3-25gev-combine.yoda/MC_H2JETS_07_INC/log10_d_12 //homes/tinghua1/Merging-Project/Production/HJETS/ratio-plots/hjets-vbfnlo/H-2-3-25gev-vbfnlo-combine.yoda/MC_H2JETS_07_INC/log10_d_12
RightMargin=0.5
RatioPlotReference=//homes/tinghua1/Merging-Project/Production/HJETS/ratio-plots/hjets-vbfnlo/H-N2-N3-4-25gev-combine.yoda/MC_H2JETS_07_INC/log10_d_12
#RatioPlot=1
LogY=1
RatioPlotYMax=1.6
#LegendOnly=//homes/tinghua1/Merging-Project/Production/HJETS/ratio-plots/hjets-vbfnlo/H-N2-N3-4-25gev-combine.yoda/MC_H2JETS_07_INC/log10_d_12 //homes/tinghua1/Merging-Project/Production/HJETS/ratio-plots/hjets-vbfnlo/H-N2-N3-4-25gev-vbfnlo-combine.yoda/MC_H2JETS_07_INC/log10_d_12 //homes/tinghua1/Merging-Project/Production/HJETS/ratio-plots/hjets-vbfnlo/H-N2-3-4-25gev-combine.yoda/MC_H2JETS_07_INC/log10_d_12 //homes/tinghua1/Merging-Project/Production/HJETS/ratio-plots/hjets-vbfnlo/H-N2-3-4-25gev-vbfnlo-combine.yoda/MC_H2JETS_07_INC/log10_d_12 //homes/tinghua1/Merging-Project/Production/HJETS/ratio-plots/hjets-vbfnlo/H-2-3-4-25gev-combine.yoda/MC_H2JETS_07_INC/log10_d_12 //homes/tinghua1/Merging-Project/Production/HJETS/ratio-plots/hjets-vbfnlo/H-2-3-4-25gev-vbfnlo-combine.yoda/MC_H2JETS_07_INC/log10_d_12 //homes/tinghua1/Merging-Project/Production/HJETS/ratio-plots/hjets-vbfnlo/H-2-3-25gev-combine.yoda/MC_H2JETS_07_INC/log10_d_12 //homes/tinghua1/Merging-Project/Production/HJETS/ratio-plots/hjets-vbfnlo/H-2-3-25gev-vbfnlo-combine.yoda/MC_H2JETS_07_INC/log10_d_12
RatioPlotYLabel=Ratio
Scale=1000.0
XLabel=$\sqrt{d_{12}}$ (GeV)
LegendAlign=r
YLabel=$ \text{d} \sigma / \sqrt{d_{12}}$ (fb/GeV)
Legend=1
RatioPlot=4
MainPlotSelection={"Selection":[1,2,3,4,5,6,7,8]}
RatioPlots={"RatioPlotYLabel":"","Selection":[1,2]};{"RatioPlotYLabel":"","Selection":[3,4]};{"RatioPlotYLabel":"","Selection":[5,6]};{"RatioPlotYLabel":"","Selection":[7,8]}
RatioPlotSameStyle=1
RatioPlotYMin=0.0
# END PLOT


# BEGIN SPECIAL /MC_H2JETS_07_INC/log10_d_12
\rput[tl](0.05,0.75){\parbox{5cm}{\textcolor{gray}{{\bf Herwig 7.2.0} \\ HJETS/ColorFull}}}
# END SPECIAL

# BEGIN HISTO1D //homes/tinghua1/Merging-Project/Production/HJETS/ratio-plots/hjets-vbfnlo/H-N2-N3-4-25gev-combine.yoda/MC_H2JETS_07_INC/log10_d_12
ErrorBandColor=orange
ErrorBandOpacity=0.3
ErrorBands=1
ErrorType=env
LineColor=orange
LineStyle=solid
Path=//homes/tinghua1/Merging-Project/Production/HJETS/ratio-plots/hjets-vbfnlo/H-N2-N3-4-25gev-combine.yoda/MC_H2JETS_07_INC/log10_d_12
RatioPlotSameStyle=1
Title=h(2*,3*,4)
# xlow	 xhigh	 val	 errminus	 errplus
2.000000e-01	2.361292e-01	1.596693e+00	7.558229e-02	0.000000e+00
2.361291e-01	2.722583e-01	1.667378e+00	3.705535e-02	0.000000e+00
2.722583e-01	3.083875e-01	1.728573e+00	1.283923e-02	3.428538e-02
3.083874e-01	3.445165e-01	1.873047e+00	1.274886e-01	0.000000e+00
3.445165e-01	3.806457e-01	1.931866e+00	1.252881e-01	0.000000e+00
3.806457e-01	4.167748e-01	1.978430e+00	1.499863e-01	0.000000e+00
4.167748e-01	4.529039e-01	1.948359e+00	6.742570e-02	3.670227e-02
4.529039e-01	4.890331e-01	1.971035e+00	8.363650e-02	0.000000e+00
4.890331e-01	5.251621e-01	2.006890e+00	1.102012e-01	0.000000e+00
5.251623e-01	5.612913e-01	2.023519e+00	8.419889e-02	3.883296e-02
5.612913e-01	5.974205e-01	2.051899e+00	3.424183e-02	0.000000e+00
5.974204e-01	6.335495e-01	2.057888e+00	7.019106e-02	0.000000e+00
6.335497e-01	6.696787e-01	2.017642e+00	0.000000e+00	1.279772e-02
6.696787e-01	7.058079e-01	2.048519e+00	5.241716e-02	0.000000e+00
7.058080e-01	7.419370e-01	2.005897e+00	6.418538e-02	4.811468e-02
7.419370e-01	7.780660e-01	1.883804e+00	0.000000e+00	1.290688e-01
7.780661e-01	8.141953e-01	1.894403e+00	6.638176e-02	7.839947e-02
8.141954e-01	8.503245e-01	1.841554e+00	1.860716e-01	6.521696e-02
8.503244e-01	8.864534e-01	1.818854e+00	1.146519e-01	5.527041e-02
8.864535e-01	9.225827e-01	1.686497e+00	1.044272e-01	1.484384e-01
9.225828e-01	9.587118e-01	1.567722e+00	8.436053e-02	1.601338e-01
9.587118e-01	9.948408e-01	1.501553e+00	1.454896e-01	1.105555e-01
9.948404e-01	1.030970e+00	1.396049e+00	1.389827e-01	1.507632e-01
1.030970e+00	1.067098e+00	1.270998e+00	1.309580e-01	1.817260e-01
1.067100e+00	1.103228e+00	1.161548e+00	1.200709e-01	1.838141e-01
1.103229e+00	1.139358e+00	1.089031e+00	1.588051e-01	1.600794e-01
1.139357e+00	1.175487e+00	9.536028e-01	8.984639e-02	1.643695e-01
1.175487e+00	1.211615e+00	8.864704e-01	1.020729e-01	1.651906e-01
1.211617e+00	1.247745e+00	8.109079e-01	1.292693e-01	1.611769e-01
1.247746e+00	1.283875e+00	7.288228e-01	9.212931e-02	1.400401e-01
1.283874e+00	1.320002e+00	6.405741e-01	8.923579e-02	1.438852e-01
1.320002e+00	1.356131e+00	5.809145e-01	7.894628e-02	1.338841e-01
1.356132e+00	1.392261e+00	5.164416e-01	8.023831e-02	1.138844e-01
1.392261e+00	1.428391e+00	4.565405e-01	7.145253e-02	1.018386e-01
1.428391e+00	1.464519e+00	3.947007e-01	6.088322e-02	9.999945e-02
1.464519e+00	1.500648e+00	3.609737e-01	7.624457e-02	8.514822e-02
1.500649e+00	1.536778e+00	3.039893e-01	5.013383e-02	8.382601e-02
1.536778e+00	1.572906e+00	2.695017e-01	4.439298e-02	7.540962e-02
1.572906e+00	1.609035e+00	2.294132e-01	3.488757e-02	7.160727e-02
1.609036e+00	1.645165e+00	2.036299e-01	3.182623e-02	6.141986e-02
1.645165e+00	1.681293e+00	1.763192e-01	3.188062e-02	5.866279e-02
1.681294e+00	1.717424e+00	1.479844e-01	2.599361e-02	5.532809e-02
1.717423e+00	1.753552e+00	1.372264e-01	3.453672e-02	3.922868e-02
1.753553e+00	1.789682e+00	1.147330e-01	1.796512e-02	4.251848e-02
1.789682e+00	1.825811e+00	1.026707e-01	2.337665e-02	2.929624e-02
1.825812e+00	1.861940e+00	8.803164e-02	1.866445e-02	3.619929e-02
1.861940e+00	1.898069e+00	7.443774e-02	1.294129e-02	2.495646e-02
1.898069e+00	1.934198e+00	6.597044e-02	1.308063e-02	2.157655e-02
1.934198e+00	1.970328e+00	5.449626e-02	1.233175e-02	2.225616e-02
1.970329e+00	2.006458e+00	4.492521e-02	7.514268e-03	1.895206e-02
2.006458e+00	2.042587e+00	4.016914e-02	7.949570e-03	1.450591e-02
2.042585e+00	2.078714e+00	3.676841e-02	8.427247e-03	1.029907e-02
2.078715e+00	2.114844e+00	3.509328e-02	1.386010e-02	4.537020e-03
2.114845e+00	2.150974e+00	2.589046e-02	4.809981e-03	8.883825e-03
2.150972e+00	2.187101e+00	2.121800e-02	3.880110e-03	6.993271e-03
2.187102e+00	2.223231e+00	1.886384e-02	2.566251e-03	7.111476e-03
2.223231e+00	2.259361e+00	1.605631e-02	2.788860e-03	4.901713e-03
2.259362e+00	2.295491e+00	1.311658e-02	2.103382e-03	6.532747e-03
2.295489e+00	2.331618e+00	1.469948e-02	4.691328e-03	2.837183e-03
2.331619e+00	2.367748e+00	1.242622e-02	5.294949e-03	0.000000e+00
2.367749e+00	2.403878e+00	8.438911e-03	1.558615e-03	2.365150e-03
2.403876e+00	2.440005e+00	7.477337e-03	1.780902e-03	2.039954e-03
2.440006e+00	2.476135e+00	5.659083e-03	1.034061e-03	2.273332e-03
2.476135e+00	2.512265e+00	4.754545e-03	2.435981e-04	2.132195e-03
2.512266e+00	2.548395e+00	4.470417e-03	1.278126e-03	1.372180e-03
2.548393e+00	2.584522e+00	3.898065e-03	1.247246e-03	1.868028e-03
2.584523e+00	2.620652e+00	3.283988e-03	3.399873e-04	5.193944e-04
2.620653e+00	2.656782e+00	2.972302e-03	9.523200e-04	6.396551e-04
2.656780e+00	2.692909e+00	2.189905e-03	8.621681e-04	9.517709e-04
2.692910e+00	2.729039e+00	1.773167e-03	0.000000e+00	1.068567e-03
2.729040e+00	2.765169e+00	1.447707e-03	1.777381e-04	7.946054e-04
2.765168e+00	2.801298e+00	1.224864e-03	0.000000e+00	5.044816e-04
2.801297e+00	2.837426e+00	1.114551e-03	2.119143e-04	7.026217e-04
2.837427e+00	2.873556e+00	1.020842e-03	1.447159e-04	1.402461e-04
2.873557e+00	2.909686e+00	9.137601e-04	3.290927e-04	1.677647e-04
2.909686e+00	2.945815e+00	6.577295e-04	0.000000e+00	3.094467e-04
2.945813e+00	2.981942e+00	5.591204e-04	0.000000e+00	2.216330e-04
2.981943e+00	3.018072e+00	4.883315e-04	3.585971e-04	3.048197e-04
3.018072e+00	3.054202e+00	3.915873e-04	6.550623e-05	2.023385e-04
3.054203e+00	3.090332e+00	3.314191e-04	1.151568e-05	1.032378e-04
3.090330e+00	3.126459e+00	2.539185e-04	0.000000e+00	1.644753e-04
3.126460e+00	3.162589e+00	2.973578e-04	1.134560e-04	2.081430e-05
3.162590e+00	3.198719e+00	2.152919e-04	6.097097e-05	8.182203e-05
3.198717e+00	3.234846e+00	2.091264e-04	1.036948e-04	2.155347e-04
3.234847e+00	3.270976e+00	5.821282e-04	4.087062e-04	0.000000e+00
3.270977e+00	3.307106e+00	1.509658e-04	4.591292e-05	4.959061e-05
3.307105e+00	3.343235e+00	1.148642e-04	4.885793e-05	4.331323e-05
3.343234e+00	3.379363e+00	8.976697e-05	3.315481e-06	3.469435e-05
3.379364e+00	3.415493e+00	8.509303e-05	1.435561e-05	2.030150e-05
3.415494e+00	3.451623e+00	6.904769e-05	1.351324e-05	5.205159e-05
3.451621e+00	3.487750e+00	6.317080e-05	2.475355e-05	2.517316e-05
3.487751e+00	3.523880e+00	4.571466e-05	1.236533e-05	2.015813e-05
3.523881e+00	3.560010e+00	3.752695e-05	1.015251e-07	1.291373e-05
3.560009e+00	3.596139e+00	2.308785e-05	0.000000e+00	2.986952e-04
3.596138e+00	3.632267e+00	2.809784e-05	0.000000e+00	1.204177e-05
3.632268e+00	3.668397e+00	6.865870e-07	0.000000e+00	4.962167e-05
3.668398e+00	3.704527e+00	2.321237e-05	8.534194e-06	7.653774e-06
3.704525e+00	3.740654e+00	2.035854e-05	3.837283e-06	3.643090e-06
3.740655e+00	3.776784e+00	1.299541e-05	8.250107e-06	3.275762e-07
3.776785e+00	3.812914e+00	5.730427e-06	0.000000e+00	1.281347e-05
# END HISTO1D


# BEGIN HISTO1D //homes/tinghua1/Merging-Project/Production/HJETS/ratio-plots/hjets-vbfnlo/H-N2-N3-4-25gev-vbfnlo-combine.yoda/MC_H2JETS_07_INC/log10_d_12
ErrorBandColor=red
ErrorBandOpacity=0.3
ErrorBands=1
ErrorType=env
LineColor=red
LineStyle=solid
Path=//homes/tinghua1/Merging-Project/Production/HJETS/ratio-plots/hjets-vbfnlo/H-N2-N3-4-25gev-vbfnlo-combine.yoda/MC_H2JETS_07_INC/log10_d_12
RatioPlotSameStyle=1
Title=h(2*,3*,4)-vbfnlo
# xlow	 xhigh	 val	 errminus	 errplus
2.000000e-01	2.361292e-01	1.013438e+00	3.466458e-02	1.799187e-02
2.361291e-01	2.722583e-01	1.073255e+00	2.112613e-02	2.827574e-02
2.722583e-01	3.083875e-01	1.104289e+00	6.800059e-03	4.643764e-02
3.083874e-01	3.445165e-01	1.144036e+00	0.000000e+00	4.496846e-02
3.445165e-01	3.806457e-01	1.186256e+00	0.000000e+00	8.811377e-02
3.806457e-01	4.167748e-01	1.207578e+00	0.000000e+00	4.226621e-02
4.167748e-01	4.529039e-01	1.219163e+00	0.000000e+00	5.115738e-02
4.529039e-01	4.890331e-01	1.226288e+00	0.000000e+00	4.423181e-02
4.890331e-01	5.251621e-01	1.242376e+00	0.000000e+00	4.040538e-02
5.251623e-01	5.612913e-01	1.260862e+00	0.000000e+00	4.653728e-02
5.612913e-01	5.974205e-01	1.285400e+00	0.000000e+00	3.616576e-02
5.974204e-01	6.335495e-01	1.310763e+00	5.818578e-03	1.034568e-02
6.335497e-01	6.696787e-01	1.320210e+00	1.937330e-02	9.912508e-03
6.696787e-01	7.058079e-01	1.332777e+00	4.987489e-02	0.000000e+00
7.058080e-01	7.419370e-01	1.331374e+00	7.233532e-02	0.000000e+00
7.419370e-01	7.780660e-01	1.319779e+00	9.932160e-02	0.000000e+00
7.780661e-01	8.141953e-01	1.300619e+00	1.259804e-01	0.000000e+00
8.141954e-01	8.503245e-01	1.266234e+00	1.470277e-01	0.000000e+00
8.503244e-01	8.864534e-01	1.233181e+00	1.774323e-01	0.000000e+00
8.864535e-01	9.225827e-01	1.177635e+00	1.851480e-01	0.000000e+00
9.225828e-01	9.587118e-01	1.121595e+00	2.016289e-01	0.000000e+00
9.587118e-01	9.948408e-01	1.062276e+00	2.076014e-01	0.000000e+00
9.948404e-01	1.030970e+00	9.971195e-01	2.160419e-01	0.000000e+00
1.030970e+00	1.067098e+00	9.219298e-01	2.076609e-01	0.000000e+00
1.067100e+00	1.103228e+00	8.497257e-01	2.020681e-01	0.000000e+00
1.103229e+00	1.139358e+00	7.784494e-01	1.977187e-01	0.000000e+00
1.139357e+00	1.175487e+00	7.069416e-01	1.901580e-01	0.000000e+00
1.175487e+00	1.211615e+00	6.428210e-01	1.812738e-01	0.000000e+00
1.211617e+00	1.247745e+00	5.776628e-01	1.733732e-01	0.000000e+00
1.247746e+00	1.283875e+00	5.199311e-01	1.519035e-01	0.000000e+00
1.283874e+00	1.320002e+00	4.631972e-01	1.457519e-01	0.000000e+00
1.320002e+00	1.356131e+00	4.336328e-01	1.524302e-01	0.000000e+00
1.356132e+00	1.392261e+00	3.593349e-01	1.166735e-01	0.000000e+00
1.392261e+00	1.428391e+00	3.220518e-01	1.073487e-01	0.000000e+00
1.428391e+00	1.464519e+00	2.810510e-01	9.796789e-02	0.000000e+00
1.464519e+00	1.500648e+00	2.503691e-01	9.014246e-02	0.000000e+00
1.500649e+00	1.536778e+00	2.170499e-01	7.772966e-02	0.000000e+00
1.536778e+00	1.572906e+00	1.902739e-01	6.916923e-02	0.000000e+00
1.572906e+00	1.609035e+00	1.637376e-01	5.895569e-02	0.000000e+00
1.609036e+00	1.645165e+00	1.424126e-01	5.384207e-02	0.000000e+00
1.645165e+00	1.681293e+00	1.224911e-01	4.567718e-02	0.000000e+00
1.681294e+00	1.717424e+00	1.066450e-01	4.045547e-02	0.000000e+00
1.717423e+00	1.753552e+00	9.159180e-02	3.508140e-02	0.000000e+00
1.753553e+00	1.789682e+00	8.615744e-02	3.685364e-02	0.000000e+00
1.789682e+00	1.825811e+00	6.807733e-02	2.527175e-02	0.000000e+00
1.825812e+00	1.861940e+00	5.815099e-02	2.418597e-02	0.000000e+00
1.861940e+00	1.898069e+00	4.986590e-02	1.947829e-02	0.000000e+00
1.898069e+00	1.934198e+00	4.358097e-02	1.784891e-02	0.000000e+00
1.934198e+00	1.970328e+00	3.611675e-02	1.365801e-02	0.000000e+00
1.970329e+00	2.006458e+00	3.076739e-02	1.249228e-02	0.000000e+00
2.006458e+00	2.042587e+00	2.603492e-02	1.027073e-02	0.000000e+00
2.042585e+00	2.078714e+00	2.271975e-02	9.086155e-03	0.000000e+00
2.078715e+00	2.114844e+00	2.007784e-02	8.824501e-03	0.000000e+00
2.114845e+00	2.150974e+00	1.670751e-02	6.953245e-03	0.000000e+00
2.150972e+00	2.187101e+00	1.366015e-02	5.582073e-03	0.000000e+00
2.187102e+00	2.223231e+00	1.174401e-02	4.822553e-03	0.000000e+00
2.223231e+00	2.259361e+00	1.007123e-02	4.165466e-03	0.000000e+00
2.259362e+00	2.295491e+00	8.201351e-03	3.082837e-03	0.000000e+00
2.295489e+00	2.331618e+00	7.164724e-03	2.991068e-03	0.000000e+00
2.331619e+00	2.367748e+00	6.068123e-03	2.323148e-03	0.000000e+00
2.367749e+00	2.403878e+00	5.190254e-03	2.124133e-03	0.000000e+00
2.403876e+00	2.440005e+00	4.280550e-03	1.837097e-03	0.000000e+00
2.440006e+00	2.476135e+00	3.828919e-03	1.593271e-03	0.000000e+00
2.476135e+00	2.512265e+00	3.079765e-03	1.249104e-03	0.000000e+00
2.512266e+00	2.548395e+00	2.527800e-03	1.018351e-03	0.000000e+00
2.548393e+00	2.584522e+00	2.267491e-03	9.544612e-04	0.000000e+00
2.584523e+00	2.620652e+00	1.876513e-03	4.762172e-04	0.000000e+00
2.620653e+00	2.656782e+00	1.709846e-03	7.814733e-04	0.000000e+00
2.656780e+00	2.692909e+00	1.390156e-03	5.424377e-04	0.000000e+00
2.692910e+00	2.729039e+00	1.166349e-03	5.221199e-04	0.000000e+00
2.729040e+00	2.765169e+00	9.765515e-04	4.059896e-04	0.000000e+00
2.765168e+00	2.801298e+00	9.493808e-04	4.759059e-04	0.000000e+00
2.801297e+00	2.837426e+00	7.363246e-04	3.099557e-04	0.000000e+00
2.837427e+00	2.873556e+00	5.967879e-04	2.816865e-04	0.000000e+00
2.873557e+00	2.909686e+00	4.940867e-04	1.895123e-04	0.000000e+00
2.909686e+00	2.945815e+00	4.109422e-04	1.397142e-04	0.000000e+00
2.945813e+00	2.981942e+00	3.610778e-04	1.942131e-04	0.000000e+00
2.981943e+00	3.018072e+00	3.037737e-04	1.536466e-04	0.000000e+00
3.018072e+00	3.054202e+00	2.692520e-04	9.548613e-05	0.000000e+00
3.054203e+00	3.090332e+00	2.005694e-04	5.445349e-05	0.000000e+00
3.090330e+00	3.126459e+00	2.016591e-04	7.268610e-05	0.000000e+00
3.126460e+00	3.162589e+00	1.397259e-04	5.797193e-05	0.000000e+00
3.162590e+00	3.198719e+00	1.484377e-04	7.152966e-05	0.000000e+00
3.198717e+00	3.234846e+00	1.072668e-04	4.013275e-05	0.000000e+00
3.234847e+00	3.270976e+00	9.602610e-05	4.813288e-05	0.000000e+00
3.270977e+00	3.307106e+00	7.908096e-05	2.871347e-05	0.000000e+00
3.307105e+00	3.343235e+00	7.322613e-05	3.185284e-05	0.000000e+00
3.343234e+00	3.379363e+00	6.262484e-05	3.940584e-05	0.000000e+00
3.379364e+00	3.415493e+00	5.024390e-05	2.650311e-05	0.000000e+00
3.415494e+00	3.451623e+00	4.238673e-05	1.077251e-05	0.000000e+00
3.451621e+00	3.487750e+00	3.035534e-05	9.021747e-06	0.000000e+00
3.487751e+00	3.523880e+00	1.871778e-05	0.000000e+00	5.996427e-06
3.523881e+00	3.560010e+00	2.448265e-05	9.815367e-06	0.000000e+00
3.560009e+00	3.596139e+00	1.546215e-05	2.918287e-06	0.000000e+00
3.596138e+00	3.632267e+00	2.011448e-05	7.619779e-06	0.000000e+00
3.632268e+00	3.668397e+00	8.345886e-06	0.000000e+00	2.994330e-05
3.668398e+00	3.704527e+00	1.229045e-05	6.557469e-06	0.000000e+00
3.704525e+00	3.740654e+00	9.101730e-06	3.375241e-06	0.000000e+00
3.740655e+00	3.776784e+00	9.091171e-06	4.230779e-06	0.000000e+00
3.776785e+00	3.812914e+00	8.920607e-06	7.692516e-06	0.000000e+00
# END HISTO1D


# BEGIN HISTO1D //homes/tinghua1/Merging-Project/Production/HJETS/ratio-plots/hjets-vbfnlo/H-N2-3-4-25gev-combine.yoda/MC_H2JETS_07_INC/log10_d_12
ErrorBandColor=blue
ErrorBandOpacity=0.3
ErrorBands=1
ErrorType=env
LineColor=blue
LineStyle=solid
Path=//homes/tinghua1/Merging-Project/Production/HJETS/ratio-plots/hjets-vbfnlo/H-N2-3-4-25gev-combine.yoda/MC_H2JETS_07_INC/log10_d_12
RatioPlotSameStyle=1
Title=h(2*,3,4)
# xlow	 xhigh	 val	 errminus	 errplus
2.000000e-01	2.361292e-01	1.569937e+00	5.861342e-02	0.000000e+00
2.361291e-01	2.722583e-01	1.693931e+00	7.723697e-02	0.000000e+00
2.722583e-01	3.083875e-01	1.771388e+00	7.764074e-02	0.000000e+00
3.083874e-01	3.445165e-01	1.850008e+00	9.272581e-02	0.000000e+00
3.445165e-01	3.806457e-01	1.904210e+00	9.374495e-02	0.000000e+00
3.806457e-01	4.167748e-01	1.943879e+00	9.751309e-02	0.000000e+00
4.167748e-01	4.529039e-01	1.965940e+00	9.945418e-02	0.000000e+00
4.529039e-01	4.890331e-01	1.973817e+00	8.832468e-02	0.000000e+00
4.890331e-01	5.251621e-01	1.991921e+00	8.355121e-02	0.000000e+00
5.251623e-01	5.612913e-01	2.030797e+00	9.260264e-02	0.000000e+00
5.612913e-01	5.974205e-01	2.029641e+00	6.498954e-02	3.903491e-03
5.974204e-01	6.335495e-01	2.037038e+00	4.331716e-02	0.000000e+00
6.335497e-01	6.696787e-01	2.031273e+00	1.924737e-02	0.000000e+00
6.696787e-01	7.058079e-01	2.014102e+00	0.000000e+00	1.869651e-02
7.058080e-01	7.419370e-01	1.990877e+00	2.009765e-02	2.902148e-02
7.419370e-01	7.780660e-01	1.948539e+00	5.517408e-02	6.272921e-02
7.780661e-01	8.141953e-01	1.893336e+00	6.708452e-02	7.577472e-02
8.141954e-01	8.503245e-01	1.830115e+00	9.002272e-02	1.085471e-01
8.503244e-01	8.864534e-01	1.748551e+00	9.320741e-02	1.262902e-01
8.864535e-01	9.225827e-01	1.670778e+00	1.038027e-01	1.443342e-01
9.225828e-01	9.587118e-01	1.573126e+00	1.039785e-01	1.724148e-01
9.587118e-01	9.948408e-01	1.476586e+00	1.181809e-01	1.719215e-01
9.948404e-01	1.030970e+00	1.388910e+00	1.338517e-01	1.657703e-01
1.030970e+00	1.067098e+00	1.275778e+00	1.254358e-01	1.771710e-01
1.067100e+00	1.103228e+00	1.164297e+00	1.143267e-01	1.855825e-01
1.103229e+00	1.139358e+00	1.075151e+00	1.222586e-01	1.920784e-01
1.139357e+00	1.175487e+00	9.847739e-01	1.300174e-01	1.637506e-01
1.175487e+00	1.211615e+00	8.865238e-01	1.106095e-01	1.685463e-01
1.211617e+00	1.247745e+00	8.039353e-01	1.088962e-01	1.505555e-01
1.247746e+00	1.283875e+00	7.237712e-01	1.150707e-01	1.449976e-01
1.283874e+00	1.320002e+00	6.484088e-01	9.674776e-02	1.385782e-01
1.320002e+00	1.356131e+00	5.738805e-01	8.885577e-02	1.303651e-01
1.356132e+00	1.392261e+00	5.170561e-01	8.684796e-02	1.134360e-01
1.392261e+00	1.428391e+00	4.523562e-01	7.282397e-02	1.095940e-01
1.428391e+00	1.464519e+00	3.993448e-01	6.531844e-02	1.000448e-01
1.464519e+00	1.500648e+00	3.502283e-01	4.730355e-02	9.691771e-02
1.500649e+00	1.536778e+00	3.082834e-01	5.239038e-02	8.863628e-02
1.536778e+00	1.572906e+00	2.719884e-01	5.102704e-02	7.447840e-02
1.572906e+00	1.609035e+00	2.382396e-01	4.685665e-02	6.546965e-02
1.609036e+00	1.645165e+00	2.034414e-01	3.404584e-02	6.427369e-02
1.645165e+00	1.681293e+00	1.825990e-01	3.544122e-02	5.175463e-02
1.681294e+00	1.717424e+00	1.562702e-01	2.775372e-02	4.903158e-02
1.717423e+00	1.753552e+00	1.376149e-01	2.823856e-02	4.169947e-02
1.753553e+00	1.789682e+00	1.189402e-01	2.237457e-02	3.638163e-02
1.789682e+00	1.825811e+00	1.016462e-01	1.914000e-02	3.355886e-02
1.825812e+00	1.861940e+00	8.999477e-02	1.774073e-02	2.670669e-02
1.861940e+00	1.898069e+00	7.579800e-02	1.498162e-02	2.560004e-02
1.898069e+00	1.934198e+00	6.559146e-02	1.295964e-02	2.110681e-02
1.934198e+00	1.970328e+00	5.650548e-02	1.055793e-02	1.867232e-02
1.970329e+00	2.006458e+00	4.855795e-02	9.921033e-03	1.597216e-02
2.006458e+00	2.042587e+00	4.108376e-02	7.767638e-03	1.477519e-02
2.042585e+00	2.078714e+00	3.578054e-02	7.225414e-03	1.114902e-02
2.078715e+00	2.114844e+00	3.114631e-02	5.921830e-03	9.197404e-03
2.114845e+00	2.150974e+00	2.585303e-02	5.746796e-03	9.095630e-03
2.150972e+00	2.187101e+00	2.212494e-02	4.360384e-03	7.734147e-03
2.187102e+00	2.223231e+00	1.856007e-02	3.002248e-03	6.950087e-03
2.223231e+00	2.259361e+00	1.598376e-02	3.187766e-03	5.804678e-03
2.259362e+00	2.295491e+00	1.397122e-02	3.185654e-03	4.410155e-03
2.295489e+00	2.331618e+00	1.166589e-02	2.284912e-03	4.078272e-03
2.331619e+00	2.367748e+00	9.778834e-03	2.044690e-03	3.463633e-03
2.367749e+00	2.403878e+00	8.431758e-03	1.809804e-03	2.741734e-03
2.403876e+00	2.440005e+00	7.002729e-03	1.144098e-03	2.640854e-03
2.440006e+00	2.476135e+00	5.998489e-03	1.122699e-03	2.116488e-03
2.476135e+00	2.512265e+00	5.056258e-03	9.388901e-04	1.559862e-03
2.512266e+00	2.548395e+00	4.516862e-03	1.142675e-03	1.135766e-03
2.548393e+00	2.584522e+00	3.759847e-03	1.076600e-03	1.123676e-03
2.584523e+00	2.620652e+00	3.055523e-03	3.333023e-04	1.268275e-03
2.620653e+00	2.656782e+00	2.562178e-03	4.710355e-04	1.192573e-03
2.656780e+00	2.692909e+00	2.368170e-03	6.846295e-04	6.581001e-04
2.692910e+00	2.729039e+00	1.795192e-03	3.292792e-04	7.313886e-04
2.729040e+00	2.765169e+00	1.704690e-03	4.019062e-04	4.439984e-04
2.765168e+00	2.801298e+00	1.320568e-03	1.619978e-04	5.811816e-04
2.801297e+00	2.837426e+00	1.222016e-03	2.526577e-04	3.842700e-04
2.837427e+00	2.873556e+00	9.898898e-04	2.261831e-04	3.188956e-04
2.873557e+00	2.909686e+00	7.777483e-04	2.032589e-04	3.593379e-04
2.909686e+00	2.945815e+00	7.041792e-04	1.618943e-04	3.052528e-04
2.945813e+00	2.981942e+00	5.378023e-04	0.000000e+00	2.076844e-04
2.981943e+00	3.018072e+00	4.814692e-04	7.420770e-05	2.070655e-04
3.018072e+00	3.054202e+00	4.186095e-04	1.020382e-04	1.281603e-04
3.054203e+00	3.090332e+00	3.396371e-04	4.773423e-05	1.496623e-04
3.090330e+00	3.126459e+00	2.985740e-04	1.432970e-04	1.200717e-04
3.126460e+00	3.162589e+00	2.639170e-04	8.151967e-05	7.412054e-05
3.162590e+00	3.198719e+00	2.466380e-04	8.865006e-05	6.519931e-05
3.198717e+00	3.234846e+00	1.915377e-04	1.642658e-05	5.610997e-05
3.234847e+00	3.270976e+00	1.672063e-04	4.036062e-05	5.978776e-05
3.270977e+00	3.307106e+00	1.380558e-04	3.286418e-05	2.854784e-05
3.307105e+00	3.343235e+00	8.596244e-05	0.000000e+00	6.812984e-05
3.343234e+00	3.379363e+00	6.926170e-05	0.000000e+00	5.869534e-05
3.379364e+00	3.415493e+00	7.955451e-05	7.828531e-06	3.738282e-05
3.415494e+00	3.451623e+00	6.009181e-05	0.000000e+00	3.477326e-05
3.451621e+00	3.487750e+00	6.342498e-05	2.557912e-05	3.673835e-05
3.487751e+00	3.523880e+00	2.265884e-05	0.000000e+00	6.854905e-05
3.523881e+00	3.560010e+00	3.555205e-05	1.001910e-06	6.854881e-07
3.560009e+00	3.596139e+00	4.295918e-05	1.637471e-05	2.604456e-06
3.596138e+00	3.632267e+00	2.858731e-05	7.210343e-06	1.280952e-05
3.632268e+00	3.668397e+00	2.918993e-05	4.749329e-06	5.283041e-06
3.668398e+00	3.704527e+00	2.436798e-05	1.059013e-05	3.844873e-06
3.704525e+00	3.740654e+00	1.928428e-05	9.420443e-06	5.888469e-06
3.740655e+00	3.776784e+00	1.462276e-05	0.000000e+00	1.249965e-07
3.776785e+00	3.812914e+00	2.306697e-05	1.284901e-05	0.000000e+00
# END HISTO1D


# BEGIN HISTO1D //homes/tinghua1/Merging-Project/Production/HJETS/ratio-plots/hjets-vbfnlo/H-N2-3-4-25gev-vbfnlo-combine.yoda/MC_H2JETS_07_INC/log10_d_12
ErrorBandColor=cyan
ErrorBandOpacity=0.3
ErrorBands=1
ErrorType=env
LineColor=cyan
LineStyle=solid
Path=//homes/tinghua1/Merging-Project/Production/HJETS/ratio-plots/hjets-vbfnlo/H-N2-3-4-25gev-vbfnlo-combine.yoda/MC_H2JETS_07_INC/log10_d_12
RatioPlotSameStyle=1
Title=h(2*,3,4)-vbfnlo
# xlow	 xhigh	 val	 errminus	 errplus
2.000000e-01	2.361292e-01	1.032400e+00	5.083797e-02	0.000000e+00
2.361291e-01	2.722583e-01	1.096663e+00	4.492765e-02	0.000000e+00
2.722583e-01	3.083875e-01	1.151467e+00	4.958496e-02	0.000000e+00
3.083874e-01	3.445165e-01	1.198016e+00	5.361772e-02	0.000000e+00
3.445165e-01	3.806457e-01	1.232042e+00	5.659660e-02	0.000000e+00
3.806457e-01	4.167748e-01	1.255277e+00	5.674567e-02	0.000000e+00
4.167748e-01	4.529039e-01	1.266297e+00	5.247183e-02	0.000000e+00
4.529039e-01	4.890331e-01	1.273488e+00	4.405522e-02	0.000000e+00
4.890331e-01	5.251621e-01	1.283172e+00	3.762203e-02	0.000000e+00
5.251623e-01	5.612913e-01	1.308839e+00	4.623365e-02	0.000000e+00
5.612913e-01	5.974205e-01	1.314540e+00	3.109978e-02	0.000000e+00
5.974204e-01	6.335495e-01	1.323153e+00	2.121808e-02	0.000000e+00
6.335497e-01	6.696787e-01	1.325337e+00	2.550493e-02	0.000000e+00
6.696787e-01	7.058079e-01	1.313267e+00	2.972914e-02	1.380490e-02
7.058080e-01	7.419370e-01	1.296202e+00	4.154712e-02	2.890053e-02
7.419370e-01	7.780660e-01	1.270518e+00	5.229386e-02	5.252387e-02
7.780661e-01	8.141953e-01	1.231871e+00	6.219346e-02	6.859493e-02
8.141954e-01	8.503245e-01	1.186933e+00	6.650927e-02	8.289357e-02
8.503244e-01	8.864534e-01	1.133235e+00	8.174380e-02	9.516816e-02
8.864535e-01	9.225827e-01	1.073632e+00	8.177845e-02	1.088632e-01
9.225828e-01	9.587118e-01	1.008952e+00	9.016084e-02	1.175216e-01
9.587118e-01	9.948408e-01	9.416512e-01	9.621219e-02	1.191048e-01
9.948404e-01	1.030970e+00	8.700635e-01	8.997788e-02	1.245686e-01
1.030970e+00	1.067098e+00	7.987517e-01	8.208475e-02	1.247020e-01
1.067100e+00	1.103228e+00	7.283861e-01	8.621689e-02	1.257010e-01
1.103229e+00	1.139358e+00	6.586509e-01	8.060671e-02	1.222899e-01
1.139357e+00	1.175487e+00	5.977930e-01	8.046388e-02	1.139554e-01
1.175487e+00	1.211615e+00	5.330255e-01	7.294888e-02	1.121913e-01
1.211617e+00	1.247745e+00	4.772892e-01	6.872014e-02	1.035620e-01
1.247746e+00	1.283875e+00	4.234645e-01	6.089485e-02	9.618506e-02
1.283874e+00	1.320002e+00	3.762379e-01	5.714772e-02	8.768275e-02
1.320002e+00	1.356131e+00	3.315533e-01	5.338371e-02	8.160536e-02
1.356132e+00	1.392261e+00	2.916031e-01	4.803053e-02	7.347366e-02
1.392261e+00	1.428391e+00	2.546573e-01	4.257968e-02	6.745671e-02
1.428391e+00	1.464519e+00	2.221903e-01	3.796764e-02	6.139434e-02
1.464519e+00	1.500648e+00	1.932502e-01	3.357422e-02	5.572678e-02
1.500649e+00	1.536778e+00	1.684183e-01	2.968646e-02	4.787500e-02
1.536778e+00	1.572906e+00	1.458254e-01	2.661613e-02	4.374342e-02
1.572906e+00	1.609035e+00	1.264827e-01	2.292449e-02	3.782535e-02
1.609036e+00	1.645165e+00	1.091005e-01	2.063049e-02	3.379116e-02
1.645165e+00	1.681293e+00	9.434061e-02	1.807983e-02	2.880500e-02
1.681294e+00	1.717424e+00	8.118295e-02	1.616252e-02	2.529474e-02
1.717423e+00	1.753552e+00	6.909748e-02	1.319685e-02	2.274918e-02
1.753553e+00	1.789682e+00	5.981447e-02	1.142600e-02	1.965883e-02
1.789682e+00	1.825811e+00	5.163951e-02	1.048792e-02	1.654170e-02
1.825812e+00	1.861940e+00	4.327310e-02	8.199922e-03	1.543359e-02
1.861940e+00	1.898069e+00	3.746669e-02	7.566968e-03	1.244136e-02
1.898069e+00	1.934198e+00	3.184899e-02	6.676171e-03	1.103986e-02
1.934198e+00	1.970328e+00	2.713145e-02	5.283150e-03	9.299358e-03
1.970329e+00	2.006458e+00	2.316846e-02	4.631800e-03	8.400058e-03
2.006458e+00	2.042587e+00	1.986488e-02	3.869595e-03	6.771145e-03
2.042585e+00	2.078714e+00	1.684867e-02	3.386360e-03	5.712137e-03
2.078715e+00	2.114844e+00	1.451533e-02	3.046486e-03	4.671951e-03
2.114845e+00	2.150974e+00	1.205533e-02	2.329525e-03	4.069567e-03
2.150972e+00	2.187101e+00	1.036949e-02	2.309095e-03	3.473191e-03
2.187102e+00	2.223231e+00	8.692098e-03	1.721742e-03	3.085139e-03
2.223231e+00	2.259361e+00	7.347072e-03	1.647169e-03	2.749458e-03
2.259362e+00	2.295491e+00	6.181779e-03	1.122879e-03	2.416585e-03
2.295489e+00	2.331618e+00	5.232237e-03	1.026807e-03	1.920524e-03
2.331619e+00	2.367748e+00	4.570007e-03	9.355338e-04	1.595422e-03
2.367749e+00	2.403878e+00	4.035188e-03	9.960198e-04	1.225276e-03
2.403876e+00	2.440005e+00	3.216477e-03	7.694528e-04	1.254344e-03
2.440006e+00	2.476135e+00	2.744734e-03	6.456030e-04	1.059003e-03
2.476135e+00	2.512265e+00	2.400677e-03	5.768018e-04	7.128328e-04
2.512266e+00	2.548395e+00	1.949913e-03	3.126541e-04	7.263846e-04
2.548393e+00	2.584522e+00	1.656024e-03	2.654925e-04	6.395964e-04
2.584523e+00	2.620652e+00	1.430935e-03	3.076664e-04	4.691483e-04
2.620653e+00	2.656782e+00	1.273954e-03	2.918838e-04	3.484816e-04
2.656780e+00	2.692909e+00	1.013479e-03	8.705112e-05	3.507410e-04
2.692910e+00	2.729039e+00	8.427839e-04	1.590146e-04	2.979252e-04
2.729040e+00	2.765169e+00	7.558125e-04	1.952124e-04	1.906064e-04
2.765168e+00	2.801298e+00	5.674896e-04	8.128813e-05	2.765956e-04
2.801297e+00	2.837426e+00	5.176587e-04	1.229730e-04	1.720648e-04
2.837427e+00	2.873556e+00	4.711365e-04	1.044897e-04	1.063271e-04
2.873557e+00	2.909686e+00	3.876689e-04	1.099305e-04	1.089632e-04
2.909686e+00	2.945815e+00	3.094176e-04	4.481497e-05	1.197769e-04
2.945813e+00	2.981942e+00	2.661659e-04	6.161197e-05	8.113266e-05
2.981943e+00	3.018072e+00	2.204566e-04	0.000000e+00	1.182572e-04
3.018072e+00	3.054202e+00	1.982115e-04	5.931030e-05	5.756814e-05
3.054203e+00	3.090332e+00	1.661728e-04	3.866240e-05	4.950912e-05
3.090330e+00	3.126459e+00	1.305993e-04	2.962116e-05	8.036325e-05
3.126460e+00	3.162589e+00	1.385069e-04	6.057693e-05	1.926405e-05
3.162590e+00	3.198719e+00	9.752418e-05	2.836179e-05	3.642296e-05
3.198717e+00	3.234846e+00	6.806981e-05	1.211484e-05	4.785892e-05
3.234847e+00	3.270976e+00	6.782059e-05	4.624235e-05	3.814728e-05
3.270977e+00	3.307106e+00	5.894409e-05	1.807775e-05	2.590861e-05
3.307105e+00	3.343235e+00	5.224166e-05	5.235538e-06	1.579009e-05
3.343234e+00	3.379363e+00	7.408187e-05	4.712608e-05	0.000000e+00
3.379364e+00	3.415493e+00	3.444825e-05	6.090564e-06	1.174995e-05
3.415494e+00	3.451623e+00	3.473246e-05	8.512364e-06	3.233192e-06
3.451621e+00	3.487750e+00	2.305032e-05	8.284248e-06	9.010822e-06
3.487751e+00	3.523880e+00	3.090396e-05	2.214718e-05	0.000000e+00
3.523881e+00	3.560010e+00	2.105010e-05	6.580218e-06	9.264333e-06
3.560009e+00	3.596139e+00	2.065482e-05	9.469684e-06	4.178436e-06
3.596138e+00	3.632267e+00	1.049746e-05	0.000000e+00	5.689748e-06
3.632268e+00	3.668397e+00	1.272697e-05	3.828476e-06	3.394705e-06
3.668398e+00	3.704527e+00	1.553590e-05	6.609217e-06	0.000000e+00
3.704525e+00	3.740654e+00	9.795876e-06	4.234928e-06	1.662432e-06
3.740655e+00	3.776784e+00	9.943812e-06	2.588596e-06	6.685986e-07
3.776785e+00	3.812914e+00	5.611368e-06	0.000000e+00	4.248687e-06
# END HISTO1D


# BEGIN HISTO1D //homes/tinghua1/Merging-Project/Production/HJETS/ratio-plots/hjets-vbfnlo/H-2-3-4-25gev-combine.yoda/MC_H2JETS_07_INC/log10_d_12
ErrorBandColor=yellow
ErrorBandOpacity=0.3
ErrorBands=1
ErrorType=env
LineColor=yellow
LineStyle=solid
Path=//homes/tinghua1/Merging-Project/Production/HJETS/ratio-plots/hjets-vbfnlo/H-2-3-4-25gev-combine.yoda/MC_H2JETS_07_INC/log10_d_12
RatioPlotSameStyle=1
Title=h(2,3,4)
# xlow	 xhigh	 val	 errminus	 errplus
2.000000e-01	2.361292e-01	1.484140e+00	6.574423e-02	0.000000e+00
2.361291e-01	2.722583e-01	1.590252e+00	7.530861e-02	0.000000e+00
2.722583e-01	3.083875e-01	1.663463e+00	7.758261e-02	0.000000e+00
3.083874e-01	3.445165e-01	1.736312e+00	9.688008e-02	0.000000e+00
3.445165e-01	3.806457e-01	1.787810e+00	1.013648e-01	0.000000e+00
3.806457e-01	4.167748e-01	1.813908e+00	9.127878e-02	0.000000e+00
4.167748e-01	4.529039e-01	1.841079e+00	9.481028e-02	0.000000e+00
4.529039e-01	4.890331e-01	1.849494e+00	8.869170e-02	0.000000e+00
4.890331e-01	5.251621e-01	1.866965e+00	8.330183e-02	0.000000e+00
5.251623e-01	5.612913e-01	1.900288e+00	8.934128e-02	0.000000e+00
5.612913e-01	5.974205e-01	1.915083e+00	7.833248e-02	0.000000e+00
5.974204e-01	6.335495e-01	1.911593e+00	5.277906e-02	0.000000e+00
6.335497e-01	6.696787e-01	1.906432e+00	3.284250e-02	0.000000e+00
6.696787e-01	7.058079e-01	1.897898e+00	3.643950e-02	0.000000e+00
7.058080e-01	7.419370e-01	1.870771e+00	4.653673e-02	1.437650e-02
7.419370e-01	7.780660e-01	1.826171e+00	5.404868e-02	4.978895e-02
7.780661e-01	8.141953e-01	1.783296e+00	7.472488e-02	6.670422e-02
8.141954e-01	8.503245e-01	1.714322e+00	8.101779e-02	9.647985e-02
8.503244e-01	8.864534e-01	1.650483e+00	1.003764e-01	1.089797e-01
8.864535e-01	9.225827e-01	1.567243e+00	1.090874e-01	1.238995e-01
9.225828e-01	9.587118e-01	1.481825e+00	1.168368e-01	1.357936e-01
9.587118e-01	9.948408e-01	1.382460e+00	1.153798e-01	1.529955e-01
9.948404e-01	1.030970e+00	1.289791e+00	1.191829e-01	1.606093e-01
1.030970e+00	1.067098e+00	1.194469e+00	1.218990e-01	1.606601e-01
1.067100e+00	1.103228e+00	1.097899e+00	1.220767e-01	1.646954e-01
1.103229e+00	1.139358e+00	1.006826e+00	1.199590e-01	1.627003e-01
1.139357e+00	1.175487e+00	9.162389e-01	1.165450e-01	1.560008e-01
1.175487e+00	1.211615e+00	8.237585e-01	1.069183e-01	1.570639e-01
1.211617e+00	1.247745e+00	7.429799e-01	1.008387e-01	1.542171e-01
1.247746e+00	1.283875e+00	6.687592e-01	9.905699e-02	1.398677e-01
1.283874e+00	1.320002e+00	5.993797e-01	8.963520e-02	1.337920e-01
1.320002e+00	1.356131e+00	5.348576e-01	8.707742e-02	1.190467e-01
1.356132e+00	1.392261e+00	4.719901e-01	7.423538e-02	1.124878e-01
1.392261e+00	1.428391e+00	4.182688e-01	6.959314e-02	1.052751e-01
1.428391e+00	1.464519e+00	3.706762e-01	6.417199e-02	9.354867e-02
1.464519e+00	1.500648e+00	3.268795e-01	5.936926e-02	8.382740e-02
1.500649e+00	1.536778e+00	2.851723e-01	5.230884e-02	7.767527e-02
1.536778e+00	1.572906e+00	2.486925e-01	4.527446e-02	7.081541e-02
1.572906e+00	1.609035e+00	2.188937e-01	4.140884e-02	6.222752e-02
1.609036e+00	1.645165e+00	1.906415e-01	3.675563e-02	5.665507e-02
1.645165e+00	1.681293e+00	1.662611e-01	3.227526e-02	4.943037e-02
1.681294e+00	1.717424e+00	1.448730e-01	2.917157e-02	4.404716e-02
1.717423e+00	1.753552e+00	1.247459e-01	2.579648e-02	3.972078e-02
1.753553e+00	1.789682e+00	1.088213e-01	2.292189e-02	3.590246e-02
1.789682e+00	1.825811e+00	9.397592e-02	1.954936e-02	2.986476e-02
1.825812e+00	1.861940e+00	8.110457e-02	1.633898e-02	2.556522e-02
1.861940e+00	1.898069e+00	6.960132e-02	1.425844e-02	2.257544e-02
1.898069e+00	1.934198e+00	5.989031e-02	1.260148e-02	1.943752e-02
1.934198e+00	1.970328e+00	5.038655e-02	9.042624e-03	1.804506e-02
1.970329e+00	2.006458e+00	4.366454e-02	9.092945e-03	1.552537e-02
2.006458e+00	2.042587e+00	3.789311e-02	8.322760e-03	1.320086e-02
2.042585e+00	2.078714e+00	3.249052e-02	6.942415e-03	1.080783e-02
2.078715e+00	2.114844e+00	2.670826e-02	5.195862e-03	1.035185e-02
2.114845e+00	2.150974e+00	2.344560e-02	4.848258e-03	8.128534e-03
2.150972e+00	2.187101e+00	2.023111e-02	4.489108e-03	6.817044e-03
2.187102e+00	2.223231e+00	1.717432e-02	3.606067e-03	5.587462e-03
2.223231e+00	2.259361e+00	1.452693e-02	2.932884e-03	5.356197e-03
2.259362e+00	2.295491e+00	1.225279e-02	2.493457e-03	4.624141e-03
2.295489e+00	2.331618e+00	1.048410e-02	2.377757e-03	3.763874e-03
2.331619e+00	2.367748e+00	8.847488e-03	1.927676e-03	3.226530e-03
2.367749e+00	2.403878e+00	7.670699e-03	1.787863e-03	2.757447e-03
2.403876e+00	2.440005e+00	6.432019e-03	1.436857e-03	2.283199e-03
2.440006e+00	2.476135e+00	5.429766e-03	1.163511e-03	2.066357e-03
2.476135e+00	2.512265e+00	4.642045e-03	9.489565e-04	1.624586e-03
2.512266e+00	2.548395e+00	3.987769e-03	9.626533e-04	1.352819e-03
2.548393e+00	2.584522e+00	3.440236e-03	8.506147e-04	9.181184e-04
2.584523e+00	2.620652e+00	2.793388e-03	6.269036e-04	1.161181e-03
2.620653e+00	2.656782e+00	2.401510e-03	6.522860e-04	7.761698e-04
2.656780e+00	2.692909e+00	2.035273e-03	3.758966e-04	7.791115e-04
2.692910e+00	2.729039e+00	1.679961e-03	3.791129e-04	6.948889e-04
2.729040e+00	2.765169e+00	1.458247e-03	3.826998e-04	5.271336e-04
2.765168e+00	2.801298e+00	1.220602e-03	2.356275e-04	4.183155e-04
2.801297e+00	2.837426e+00	9.995588e-04	2.210795e-04	3.933663e-04
2.837427e+00	2.873556e+00	9.156838e-04	1.784569e-04	2.586855e-04
2.873557e+00	2.909686e+00	7.638562e-04	1.826029e-04	2.873238e-04
2.909686e+00	2.945815e+00	5.922312e-04	1.132949e-04	2.709823e-04
2.945813e+00	2.981942e+00	5.329480e-04	1.078790e-04	1.865111e-04
2.981943e+00	3.018072e+00	4.302397e-04	5.794791e-05	2.085051e-04
3.018072e+00	3.054202e+00	3.840313e-04	7.979159e-05	1.348339e-04
3.054203e+00	3.090332e+00	3.184135e-04	7.512068e-05	1.355421e-04
3.090330e+00	3.126459e+00	2.812823e-04	6.845479e-05	1.022503e-04
3.126460e+00	3.162589e+00	2.253246e-04	5.975275e-05	8.394414e-05
3.162590e+00	3.198719e+00	2.112305e-04	4.641122e-05	4.673196e-05
3.198717e+00	3.234846e+00	1.665828e-04	4.881381e-05	4.988965e-05
3.234847e+00	3.270976e+00	1.313248e-04	1.753032e-05	3.598868e-05
3.270977e+00	3.307106e+00	1.203577e-04	2.480309e-05	4.752631e-05
3.307105e+00	3.343235e+00	1.009203e-04	3.290919e-05	4.735967e-05
3.343234e+00	3.379363e+00	8.392178e-05	2.396809e-05	3.288580e-05
3.379364e+00	3.415493e+00	7.133740e-05	1.869108e-05	1.930181e-05
3.415494e+00	3.451623e+00	6.057873e-05	1.362853e-05	2.646547e-05
3.451621e+00	3.487750e+00	4.341443e-05	6.677018e-06	3.222838e-05
3.487751e+00	3.523880e+00	4.769363e-05	1.432569e-05	1.415993e-05
3.523881e+00	3.560010e+00	3.622511e-05	9.586540e-06	2.321664e-05
3.560009e+00	3.596139e+00	3.336405e-05	1.364532e-05	6.729671e-06
3.596138e+00	3.632267e+00	2.101736e-05	0.000000e+00	1.676506e-05
3.632268e+00	3.668397e+00	2.427591e-05	1.533264e-05	5.006247e-06
3.668398e+00	3.704527e+00	1.631246e-05	0.000000e+00	8.098439e-06
3.704525e+00	3.740654e+00	1.687252e-05	7.358568e-06	3.763179e-06
3.740655e+00	3.776784e+00	1.483454e-05	5.665587e-06	3.281724e-06
3.776785e+00	3.812914e+00	1.127521e-05	9.135762e-06	0.000000e+00
# END HISTO1D


# BEGIN HISTO1D //homes/tinghua1/Merging-Project/Production/HJETS/ratio-plots/hjets-vbfnlo/H-2-3-4-25gev-vbfnlo-combine.yoda/MC_H2JETS_07_INC/log10_d_12
ErrorBandColor=green
ErrorBandOpacity=0.3
ErrorBands=1
ErrorType=env
LineColor=green
LineStyle=solid
Path=//homes/tinghua1/Merging-Project/Production/HJETS/ratio-plots/hjets-vbfnlo/H-2-3-4-25gev-vbfnlo-combine.yoda/MC_H2JETS_07_INC/log10_d_12
RatioPlotSameStyle=1
Title=h(2,3,4)-vbfnlo
# xlow	 xhigh	 val	 errminus	 errplus
2.000000e-01	2.361292e-01	1.061788e+00	5.282030e-02	0.000000e+00
2.361291e-01	2.722583e-01	1.127721e+00	6.598043e-02	0.000000e+00
2.722583e-01	3.083875e-01	1.185518e+00	7.639659e-02	0.000000e+00
3.083874e-01	3.445165e-01	1.231809e+00	8.465281e-02	0.000000e+00
3.445165e-01	3.806457e-01	1.264911e+00	8.565177e-02	0.000000e+00
3.806457e-01	4.167748e-01	1.289384e+00	8.520860e-02	0.000000e+00
4.167748e-01	4.529039e-01	1.304702e+00	8.262066e-02	0.000000e+00
4.529039e-01	4.890331e-01	1.310068e+00	7.830121e-02	0.000000e+00
4.890331e-01	5.251621e-01	1.322632e+00	7.455403e-02	2.522897e-03
5.251623e-01	5.612913e-01	1.343900e+00	7.424486e-02	1.015470e-02
5.612913e-01	5.974205e-01	1.356819e+00	6.850221e-02	8.568416e-03
5.974204e-01	6.335495e-01	1.358196e+00	5.125065e-02	1.143566e-02
6.335497e-01	6.696787e-01	1.358105e+00	3.766742e-02	3.197146e-03
6.696787e-01	7.058079e-01	1.348652e+00	2.068465e-02	0.000000e+00
7.058080e-01	7.419370e-01	1.333008e+00	1.876050e-02	0.000000e+00
7.419370e-01	7.780660e-01	1.302841e+00	2.710890e-02	1.793125e-02
7.780661e-01	8.141953e-01	1.265867e+00	3.691861e-02	3.891866e-02
8.141954e-01	8.503245e-01	1.215287e+00	4.547775e-02	5.750019e-02
8.503244e-01	8.864534e-01	1.162637e+00	5.447188e-02	7.128796e-02
8.864535e-01	9.225827e-01	1.100378e+00	6.072540e-02	8.339653e-02
9.225828e-01	9.587118e-01	1.033671e+00	6.735263e-02	9.422958e-02
9.587118e-01	9.948408e-01	9.638361e-01	7.093119e-02	1.007562e-01
9.948404e-01	1.030970e+00	8.935279e-01	7.794133e-02	1.032472e-01
1.030970e+00	1.067098e+00	8.212392e-01	7.511750e-02	1.056558e-01
1.067100e+00	1.103228e+00	7.486349e-01	7.435329e-02	1.068408e-01
1.103229e+00	1.139358e+00	6.797329e-01	7.201583e-02	1.043414e-01
1.139357e+00	1.175487e+00	6.114639e-01	6.905425e-02	1.017736e-01
1.175487e+00	1.211615e+00	5.479977e-01	6.443245e-02	9.942207e-02
1.211617e+00	1.247745e+00	4.897182e-01	6.136511e-02	9.263888e-02
1.247746e+00	1.283875e+00	4.362648e-01	5.791940e-02	8.651305e-02
1.283874e+00	1.320002e+00	3.865382e-01	5.291926e-02	8.038003e-02
1.320002e+00	1.356131e+00	3.399936e-01	4.759750e-02	7.454981e-02
1.356132e+00	1.392261e+00	2.996014e-01	4.516707e-02	6.752775e-02
1.392261e+00	1.428391e+00	2.616754e-01	3.858998e-02	6.203922e-02
1.428391e+00	1.464519e+00	2.288392e-01	3.495635e-02	5.465883e-02
1.464519e+00	1.500648e+00	1.991746e-01	3.162764e-02	5.017000e-02
1.500649e+00	1.536778e+00	1.732772e-01	2.828105e-02	4.508400e-02
1.536778e+00	1.572906e+00	1.494927e-01	2.402353e-02	4.074372e-02
1.572906e+00	1.609035e+00	1.302980e-01	2.265178e-02	3.527565e-02
1.609036e+00	1.645165e+00	1.121481e-01	1.903440e-02	3.135755e-02
1.645165e+00	1.681293e+00	9.707551e-02	1.714398e-02	2.716754e-02
1.681294e+00	1.717424e+00	8.328007e-02	1.425843e-02	2.396958e-02
1.717423e+00	1.753552e+00	7.168928e-02	1.294929e-02	2.098871e-02
1.753553e+00	1.789682e+00	6.121728e-02	1.057929e-02	1.865684e-02
1.789682e+00	1.825811e+00	5.260541e-02	9.745219e-03	1.597357e-02
1.825812e+00	1.861940e+00	4.491478e-02	8.143763e-03	1.392076e-02
1.861940e+00	1.898069e+00	3.830662e-02	7.014476e-03	1.211899e-02
1.898069e+00	1.934198e+00	3.287434e-02	6.954848e-03	1.012129e-02
1.934198e+00	1.970328e+00	2.797487e-02	5.258846e-03	8.690673e-03
1.970329e+00	2.006458e+00	2.381827e-02	4.556605e-03	7.661067e-03
2.006458e+00	2.042587e+00	2.011575e-02	3.715768e-03	6.561582e-03
2.042585e+00	2.078714e+00	1.724408e-02	3.323873e-03	5.759490e-03
2.078715e+00	2.114844e+00	1.470133e-02	2.768958e-03	4.601284e-03
2.114845e+00	2.150974e+00	1.242903e-02	2.163038e-03	3.985383e-03
2.150972e+00	2.187101e+00	1.054000e-02	1.772180e-03	3.304794e-03
2.187102e+00	2.223231e+00	8.954521e-03	1.634352e-03	2.879379e-03
2.223231e+00	2.259361e+00	7.587324e-03	1.479950e-03	2.501580e-03
2.259362e+00	2.295491e+00	6.402715e-03	1.169537e-03	2.204141e-03
2.295489e+00	2.331618e+00	5.480520e-03	1.085809e-03	1.750970e-03
2.331619e+00	2.367748e+00	4.638479e-03	9.547649e-04	1.526901e-03
2.367749e+00	2.403878e+00	3.916721e-03	7.474383e-04	1.267397e-03
2.403876e+00	2.440005e+00	3.303130e-03	6.383697e-04	1.118813e-03
2.440006e+00	2.476135e+00	2.815450e-03	5.205467e-04	9.542999e-04
2.476135e+00	2.512265e+00	2.463551e-03	5.151068e-04	6.941688e-04
2.512266e+00	2.548395e+00	2.009540e-03	3.960802e-04	7.034277e-04
2.548393e+00	2.584522e+00	1.697975e-03	3.255080e-04	5.655927e-04
2.584523e+00	2.620652e+00	1.460750e-03	2.698923e-04	4.815918e-04
2.620653e+00	2.656782e+00	1.216971e-03	2.287542e-04	4.121227e-04
2.656780e+00	2.692909e+00	1.040442e-03	1.994960e-04	3.461300e-04
2.692910e+00	2.729039e+00	8.909098e-04	1.764394e-04	2.922265e-04
2.729040e+00	2.765169e+00	7.393518e-04	1.371117e-04	2.545761e-04
2.765168e+00	2.801298e+00	6.266219e-04	1.310448e-04	2.092068e-04
2.801297e+00	2.837426e+00	5.246840e-04	1.150796e-04	1.750619e-04
2.837427e+00	2.873556e+00	4.599521e-04	1.027764e-04	1.398328e-04
2.873557e+00	2.909686e+00	3.819140e-04	6.490769e-05	1.269022e-04
2.909686e+00	2.945815e+00	3.163381e-04	4.685651e-05	1.107556e-04
2.945813e+00	2.981942e+00	2.764720e-04	3.843945e-05	9.174550e-05
2.981943e+00	3.018072e+00	2.297503e-04	3.506291e-05	8.840795e-05
3.018072e+00	3.054202e+00	2.033054e-04	3.606056e-05	4.234066e-05
3.054203e+00	3.090332e+00	1.496878e-04	1.421714e-05	8.530565e-05
3.090330e+00	3.126459e+00	1.432208e-04	0.000000e+00	4.103670e-05
3.126460e+00	3.162589e+00	1.152821e-04	3.817969e-05	4.184835e-05
3.162590e+00	3.198719e+00	9.586440e-05	1.799612e-05	3.906358e-05
3.198717e+00	3.234846e+00	8.239304e-05	1.531775e-05	4.134604e-05
3.234847e+00	3.270976e+00	6.507584e-05	4.987960e-06	3.236220e-05
3.270977e+00	3.307106e+00	6.163736e-05	9.651748e-06	1.864176e-05
3.307105e+00	3.343235e+00	5.362073e-05	1.489469e-05	2.324204e-05
3.343234e+00	3.379363e+00	4.515467e-05	9.169365e-06	1.145349e-05
3.379364e+00	3.415493e+00	3.895142e-05	1.200626e-05	1.319702e-05
3.415494e+00	3.451623e+00	3.269266e-05	5.100097e-06	8.715049e-06
3.451621e+00	3.487750e+00	2.785358e-05	6.743270e-06	3.535636e-06
3.487751e+00	3.523880e+00	2.294809e-05	2.622746e-06	5.930599e-06
3.523881e+00	3.560010e+00	1.948303e-05	4.129497e-06	6.289175e-06
3.560009e+00	3.596139e+00	1.517973e-05	2.672519e-06	4.509756e-06
3.596138e+00	3.632267e+00	1.338137e-05	2.438678e-07	4.418857e-06
3.632268e+00	3.668397e+00	1.192548e-05	7.365238e-06	3.833906e-06
3.668398e+00	3.704527e+00	6.813701e-06	0.000000e+00	6.129364e-06
3.704525e+00	3.740654e+00	8.439378e-06	1.555850e-06	1.516560e-06
3.740655e+00	3.776784e+00	8.063691e-06	1.855260e-06	2.442041e-06
3.776785e+00	3.812914e+00	6.673135e-06	1.985524e-06	1.289806e-06
# END HISTO1D


# BEGIN HISTO1D //homes/tinghua1/Merging-Project/Production/HJETS/ratio-plots/hjets-vbfnlo/H-2-3-25gev-combine.yoda/MC_H2JETS_07_INC/log10_d_12
ErrorBandColor=purple
ErrorBandOpacity=0.3
ErrorBands=1
ErrorType=env
LineColor=purple
LineStyle=solid
Path=//homes/tinghua1/Merging-Project/Production/HJETS/ratio-plots/hjets-vbfnlo/H-2-3-25gev-combine.yoda/MC_H2JETS_07_INC/log10_d_12
RatioPlotSameStyle=1
Title=h(2,3)
# xlow	 xhigh	 val	 errminus	 errplus
2.000000e-01	2.361292e-01	1.435867e+00	1.402388e-02	5.482700e-02
2.361291e-01	2.722583e-01	1.515768e+00	0.000000e+00	6.716866e-02
2.722583e-01	3.083875e-01	1.582461e+00	0.000000e+00	8.979327e-02
3.083874e-01	3.445165e-01	1.641366e+00	0.000000e+00	9.994963e-02
3.445165e-01	3.806457e-01	1.690313e+00	0.000000e+00	9.807746e-02
3.806457e-01	4.167748e-01	1.725625e+00	0.000000e+00	9.816768e-02
4.167748e-01	4.529039e-01	1.755183e+00	0.000000e+00	8.961751e-02
4.529039e-01	4.890331e-01	1.764169e+00	0.000000e+00	8.990982e-02
4.890331e-01	5.251621e-01	1.784768e+00	0.000000e+00	8.687900e-02
5.251623e-01	5.612913e-01	1.815613e+00	0.000000e+00	8.383132e-02
5.612913e-01	5.974205e-01	1.838054e+00	0.000000e+00	7.241982e-02
5.974204e-01	6.335495e-01	1.861220e+00	0.000000e+00	5.605371e-02
6.335497e-01	6.696787e-01	1.880438e+00	0.000000e+00	3.311237e-02
6.696787e-01	7.058079e-01	1.888828e+00	2.195343e-02	1.202462e-02
7.058080e-01	7.419370e-01	1.886441e+00	5.858602e-02	0.000000e+00
7.419370e-01	7.780660e-01	1.873605e+00	9.641812e-02	0.000000e+00
7.780661e-01	8.141953e-01	1.847753e+00	1.360523e-01	0.000000e+00
8.141954e-01	8.503245e-01	1.811504e+00	1.752975e-01	0.000000e+00
8.503244e-01	8.864534e-01	1.756085e+00	2.050787e-01	0.000000e+00
8.864535e-01	9.225827e-01	1.693829e+00	2.343263e-01	0.000000e+00
9.225828e-01	9.587118e-01	1.616986e+00	2.505891e-01	0.000000e+00
9.587118e-01	9.948408e-01	1.538432e+00	2.703549e-01	0.000000e+00
9.948404e-01	1.030970e+00	1.451252e+00	2.819569e-01	0.000000e+00
1.030970e+00	1.067098e+00	1.360093e+00	2.851502e-01	0.000000e+00
1.067100e+00	1.103228e+00	1.266359e+00	2.874190e-01	0.000000e+00
1.103229e+00	1.139358e+00	1.171319e+00	2.839769e-01	0.000000e+00
1.139357e+00	1.175487e+00	1.075342e+00	2.746095e-01	0.000000e+00
1.175487e+00	1.211615e+00	9.806834e-01	2.605126e-01	0.000000e+00
1.211617e+00	1.247745e+00	8.950375e-01	2.529583e-01	0.000000e+00
1.247746e+00	1.283875e+00	8.098270e-01	2.355177e-01	0.000000e+00
1.283874e+00	1.320002e+00	7.301282e-01	2.208968e-01	0.000000e+00
1.320002e+00	1.356131e+00	6.570326e-01	2.063066e-01	0.000000e+00
1.356132e+00	1.392261e+00	5.872266e-01	1.902535e-01	0.000000e+00
1.392261e+00	1.428391e+00	5.229184e-01	1.745048e-01	0.000000e+00
1.428391e+00	1.464519e+00	4.651233e-01	1.587044e-01	0.000000e+00
1.464519e+00	1.500648e+00	4.120097e-01	1.426413e-01	0.000000e+00
1.500649e+00	1.536778e+00	3.638199e-01	1.294272e-01	0.000000e+00
1.536778e+00	1.572906e+00	3.202884e-01	1.162035e-01	0.000000e+00
1.572906e+00	1.609035e+00	2.809945e-01	1.028369e-01	0.000000e+00
1.609036e+00	1.645165e+00	2.473219e-01	8.963664e-02	0.000000e+00
1.645165e+00	1.681293e+00	2.162167e-01	8.218572e-02	0.000000e+00
1.681294e+00	1.717424e+00	1.887138e-01	7.180252e-02	0.000000e+00
1.717423e+00	1.753552e+00	1.631993e-01	6.294085e-02	0.000000e+00
1.753553e+00	1.789682e+00	1.425831e-01	5.611855e-02	0.000000e+00
1.789682e+00	1.825811e+00	1.236380e-01	4.885732e-02	0.000000e+00
1.825812e+00	1.861940e+00	1.071266e-01	4.287990e-02	0.000000e+00
1.861940e+00	1.898069e+00	9.245755e-02	3.741980e-02	0.000000e+00
1.898069e+00	1.934198e+00	7.997359e-02	3.247862e-02	0.000000e+00
1.934198e+00	1.970328e+00	6.891110e-02	2.841340e-02	0.000000e+00
1.970329e+00	2.006458e+00	5.941701e-02	2.461300e-02	0.000000e+00
2.006458e+00	2.042587e+00	5.070508e-02	2.100205e-02	0.000000e+00
2.042585e+00	2.078714e+00	4.378474e-02	1.836584e-02	0.000000e+00
2.078715e+00	2.114844e+00	3.750713e-02	1.591224e-02	0.000000e+00
2.114845e+00	2.150974e+00	3.202145e-02	1.354438e-02	0.000000e+00
2.150972e+00	2.187101e+00	2.697209e-02	1.122671e-02	0.000000e+00
2.187102e+00	2.223231e+00	2.307177e-02	9.764012e-03	0.000000e+00
2.223231e+00	2.259361e+00	1.977148e-02	8.393897e-03	0.000000e+00
2.259362e+00	2.295491e+00	1.664560e-02	6.994686e-03	0.000000e+00
2.295489e+00	2.331618e+00	1.433737e-02	6.128719e-03	0.000000e+00
2.331619e+00	2.367748e+00	1.216015e-02	5.151050e-03	0.000000e+00
2.367749e+00	2.403878e+00	1.022205e-02	4.284422e-03	0.000000e+00
2.403876e+00	2.440005e+00	8.652988e-03	3.727823e-03	0.000000e+00
2.440006e+00	2.476135e+00	7.295344e-03	3.028404e-03	0.000000e+00
2.476135e+00	2.512265e+00	6.313175e-03	2.803449e-03	0.000000e+00
2.512266e+00	2.548395e+00	5.309134e-03	2.336813e-03	0.000000e+00
2.548393e+00	2.584522e+00	4.265919e-03	1.577896e-03	0.000000e+00
2.584523e+00	2.620652e+00	3.884284e-03	1.624618e-03	0.000000e+00
2.620653e+00	2.656782e+00	3.219032e-03	1.362546e-03	0.000000e+00
2.656780e+00	2.692909e+00	2.723723e-03	1.176224e-03	0.000000e+00
2.692910e+00	2.729039e+00	2.358209e-03	1.024670e-03	0.000000e+00
2.729040e+00	2.765169e+00	1.954804e-03	7.707938e-04	0.000000e+00
2.765168e+00	2.801298e+00	1.697061e-03	7.872671e-04	0.000000e+00
2.801297e+00	2.837426e+00	1.450379e-03	6.432002e-04	0.000000e+00
2.837427e+00	2.873556e+00	1.221695e-03	5.568612e-04	0.000000e+00
2.873557e+00	2.909686e+00	1.007621e-03	4.197476e-04	0.000000e+00
2.909686e+00	2.945815e+00	8.567912e-04	3.603667e-04	0.000000e+00
2.945813e+00	2.981942e+00	7.276324e-04	2.726452e-04	0.000000e+00
2.981943e+00	3.018072e+00	6.554981e-04	2.996346e-04	0.000000e+00
3.018072e+00	3.054202e+00	4.743003e-04	1.581132e-04	0.000000e+00
3.054203e+00	3.090332e+00	4.267968e-04	1.794111e-04	0.000000e+00
3.090330e+00	3.126459e+00	3.795571e-04	1.379614e-04	0.000000e+00
3.126460e+00	3.162589e+00	3.210011e-04	1.680578e-04	0.000000e+00
3.162590e+00	3.198719e+00	2.678715e-04	1.240519e-04	0.000000e+00
3.198717e+00	3.234846e+00	2.263018e-04	9.085665e-05	0.000000e+00
3.234847e+00	3.270976e+00	1.884190e-04	6.489551e-05	0.000000e+00
3.270977e+00	3.307106e+00	1.567965e-04	6.857580e-05	0.000000e+00
3.307105e+00	3.343235e+00	1.466514e-04	7.059898e-05	0.000000e+00
3.343234e+00	3.379363e+00	1.152395e-04	4.609779e-05	0.000000e+00
3.379364e+00	3.415493e+00	1.001343e-04	4.354826e-05	0.000000e+00
3.415494e+00	3.451623e+00	8.755014e-05	3.057666e-05	0.000000e+00
3.451621e+00	3.487750e+00	7.358438e-05	3.575366e-05	0.000000e+00
3.487751e+00	3.523880e+00	5.343248e-05	2.581671e-05	0.000000e+00
3.523881e+00	3.560010e+00	5.310092e-05	2.851191e-05	0.000000e+00
3.560009e+00	3.596139e+00	4.610667e-05	2.184567e-05	0.000000e+00
3.596138e+00	3.632267e+00	3.390254e-05	1.007826e-05	0.000000e+00
3.632268e+00	3.668397e+00	1.116638e-05	0.000000e+00	1.144697e-05
3.668398e+00	3.704527e+00	2.480402e-05	7.259451e-06	0.000000e+00
3.704525e+00	3.740654e+00	2.205168e-05	9.756547e-06	0.000000e+00
3.740655e+00	3.776784e+00	2.937657e-05	1.808207e-05	0.000000e+00
3.776785e+00	3.812914e+00	1.680304e-05	1.065662e-05	6.928163e-05
# END HISTO1D


# BEGIN HISTO1D //homes/tinghua1/Merging-Project/Production/HJETS/ratio-plots/hjets-vbfnlo/H-2-3-25gev-vbfnlo-combine.yoda/MC_H2JETS_07_INC/log10_d_12
ErrorBandColor=violet
ErrorBandOpacity=0.3
ErrorBands=1
ErrorType=env
LineColor=violet
LineStyle=solid
Path=//homes/tinghua1/Merging-Project/Production/HJETS/ratio-plots/hjets-vbfnlo/H-2-3-25gev-vbfnlo-combine.yoda/MC_H2JETS_07_INC/log10_d_12
RatioPlotSameStyle=1
Title=h(2,3)-vbfnlo
# xlow	 xhigh	 val	 errminus	 errplus
2.000000e-01	2.361292e-01	1.027215e+00	1.752216e-02	3.575345e-02
2.361291e-01	2.722583e-01	1.102376e+00	4.018052e-02	2.855640e-02
2.722583e-01	3.083875e-01	1.166115e+00	5.625687e-02	2.120922e-02
3.083874e-01	3.445165e-01	1.215516e+00	6.628646e-02	1.750860e-02
3.445165e-01	3.806457e-01	1.256073e+00	7.663524e-02	1.152032e-02
3.806457e-01	4.167748e-01	1.282501e+00	7.658203e-02	7.936262e-03
4.167748e-01	4.529039e-01	1.296246e+00	7.455957e-02	7.005433e-03
4.529039e-01	4.890331e-01	1.305383e+00	7.139986e-02	5.562537e-03
4.890331e-01	5.251621e-01	1.324446e+00	7.581285e-02	0.000000e+00
5.251623e-01	5.612913e-01	1.354980e+00	8.411779e-02	0.000000e+00
5.612913e-01	5.974205e-01	1.368278e+00	7.933721e-02	0.000000e+00
5.974204e-01	6.335495e-01	1.369872e+00	6.658040e-02	0.000000e+00
6.335497e-01	6.696787e-01	1.361187e+00	3.998799e-02	0.000000e+00
6.696787e-01	7.058079e-01	1.344446e+00	1.399367e-02	6.014802e-03
7.058080e-01	7.419370e-01	1.314295e+00	0.000000e+00	1.864757e-02
7.419370e-01	7.780660e-01	1.275566e+00	0.000000e+00	4.641245e-02
7.780661e-01	8.141953e-01	1.229458e+00	0.000000e+00	7.431247e-02
8.141954e-01	8.503245e-01	1.171480e+00	0.000000e+00	1.021451e-01
8.503244e-01	8.864534e-01	1.106843e+00	0.000000e+00	1.259788e-01
8.864535e-01	9.225827e-01	1.039357e+00	0.000000e+00	1.448526e-01
9.225828e-01	9.587118e-01	9.669632e-01	0.000000e+00	1.622927e-01
9.587118e-01	9.948408e-01	8.937178e-01	0.000000e+00	1.726032e-01
9.948404e-01	1.030970e+00	8.193022e-01	0.000000e+00	1.786170e-01
1.030970e+00	1.067098e+00	7.455429e-01	0.000000e+00	1.825229e-01
1.067100e+00	1.103228e+00	6.758335e-01	0.000000e+00	1.809555e-01
1.103229e+00	1.139358e+00	6.073434e-01	0.000000e+00	1.775853e-01
1.139357e+00	1.175487e+00	5.436748e-01	0.000000e+00	1.713886e-01
1.175487e+00	1.211615e+00	4.838387e-01	0.000000e+00	1.635094e-01
1.211617e+00	1.247745e+00	4.294846e-01	0.000000e+00	1.545368e-01
1.247746e+00	1.283875e+00	3.792394e-01	0.000000e+00	1.439262e-01
1.283874e+00	1.320002e+00	3.337394e-01	0.000000e+00	1.332021e-01
1.320002e+00	1.356131e+00	2.924988e-01	0.000000e+00	1.224468e-01
1.356132e+00	1.392261e+00	2.555619e-01	0.000000e+00	1.113040e-01
1.392261e+00	1.428391e+00	2.229885e-01	0.000000e+00	1.013893e-01
1.428391e+00	1.464519e+00	1.935887e-01	0.000000e+00	9.143967e-02
1.464519e+00	1.500648e+00	1.682933e-01	0.000000e+00	8.292391e-02
1.500649e+00	1.536778e+00	1.454251e-01	0.000000e+00	7.290448e-02
1.536778e+00	1.572906e+00	1.257051e-01	0.000000e+00	6.507205e-02
1.572906e+00	1.609035e+00	1.080198e-01	0.000000e+00	5.731689e-02
1.609036e+00	1.645165e+00	9.308010e-02	0.000000e+00	5.019447e-02
1.645165e+00	1.681293e+00	8.020598e-02	0.000000e+00	4.444873e-02
1.681294e+00	1.717424e+00	6.854791e-02	0.000000e+00	3.913341e-02
1.717423e+00	1.753552e+00	5.881469e-02	0.000000e+00	3.405051e-02
1.753553e+00	1.789682e+00	5.042545e-02	0.000000e+00	2.929331e-02
1.789682e+00	1.825811e+00	4.284732e-02	0.000000e+00	2.561045e-02
1.825812e+00	1.861940e+00	3.686626e-02	0.000000e+00	2.192593e-02
1.861940e+00	1.898069e+00	3.139503e-02	0.000000e+00	1.902461e-02
1.898069e+00	1.934198e+00	2.696169e-02	0.000000e+00	1.594390e-02
1.934198e+00	1.970328e+00	2.241881e-02	0.000000e+00	1.446733e-02
1.970329e+00	2.006458e+00	1.933100e-02	0.000000e+00	1.204006e-02
2.006458e+00	2.042587e+00	1.644061e-02	0.000000e+00	1.047312e-02
2.042585e+00	2.078714e+00	1.396591e-02	0.000000e+00	8.877054e-03
2.078715e+00	2.114844e+00	1.183835e-02	0.000000e+00	7.512685e-03
2.114845e+00	2.150974e+00	1.011779e-02	0.000000e+00	6.378544e-03
2.150972e+00	2.187101e+00	8.605270e-03	0.000000e+00	5.399593e-03
2.187102e+00	2.223231e+00	7.288868e-03	0.000000e+00	4.603050e-03
2.223231e+00	2.259361e+00	6.249369e-03	0.000000e+00	3.862117e-03
2.259362e+00	2.295491e+00	5.262114e-03	0.000000e+00	3.250336e-03
2.295489e+00	2.331618e+00	4.438022e-03	0.000000e+00	2.920349e-03
2.331619e+00	2.367748e+00	3.814949e-03	0.000000e+00	2.361256e-03
2.367749e+00	2.403878e+00	3.143051e-03	0.000000e+00	2.060674e-03
2.403876e+00	2.440005e+00	2.703556e-03	0.000000e+00	1.733749e-03
2.440006e+00	2.476135e+00	2.218532e-03	0.000000e+00	1.568595e-03
2.476135e+00	2.512265e+00	1.927385e-03	0.000000e+00	1.256562e-03
2.512266e+00	2.548395e+00	1.635122e-03	0.000000e+00	1.039121e-03
2.548393e+00	2.584522e+00	1.401120e-03	0.000000e+00	8.549121e-04
2.584523e+00	2.620652e+00	1.130490e-03	0.000000e+00	8.091918e-04
2.620653e+00	2.656782e+00	9.830255e-04	0.000000e+00	6.370832e-04
2.656780e+00	2.692909e+00	8.216023e-04	0.000000e+00	5.527554e-04
2.692910e+00	2.729039e+00	7.202073e-04	0.000000e+00	4.305574e-04
2.729040e+00	2.765169e+00	5.912334e-04	0.000000e+00	3.874491e-04
2.765168e+00	2.801298e+00	5.188932e-04	0.000000e+00	3.189499e-04
2.801297e+00	2.837426e+00	4.325323e-04	0.000000e+00	2.534878e-04
2.837427e+00	2.873556e+00	3.530042e-04	0.000000e+00	2.561416e-04
2.873557e+00	2.909686e+00	3.068001e-04	0.000000e+00	1.942794e-04
2.909686e+00	2.945815e+00	2.709067e-04	0.000000e+00	1.662183e-04
2.945813e+00	2.981942e+00	2.244485e-04	0.000000e+00	1.513302e-04
2.981943e+00	3.018072e+00	1.894607e-04	0.000000e+00	1.293774e-04
3.018072e+00	3.054202e+00	1.583919e-04	0.000000e+00	1.105904e-04
3.054203e+00	3.090332e+00	1.349506e-04	0.000000e+00	7.538136e-05
3.090330e+00	3.126459e+00	9.939904e-05	0.000000e+00	7.987747e-05
3.126460e+00	3.162589e+00	1.004290e-04	0.000000e+00	6.251676e-05
3.162590e+00	3.198719e+00	7.410474e-05	0.000000e+00	6.132639e-05
3.198717e+00	3.234846e+00	6.945858e-05	0.000000e+00	4.336635e-05
3.234847e+00	3.270976e+00	5.757405e-05	0.000000e+00	3.991799e-05
3.270977e+00	3.307106e+00	5.220820e-05	0.000000e+00	3.151812e-05
3.307105e+00	3.343235e+00	4.619095e-05	0.000000e+00	2.625494e-05
3.343234e+00	3.379363e+00	3.377600e-05	0.000000e+00	2.281430e-05
3.379364e+00	3.415493e+00	3.247427e-05	0.000000e+00	1.588519e-05
3.415494e+00	3.451623e+00	2.913139e-05	0.000000e+00	1.349406e-05
3.451621e+00	3.487750e+00	2.154338e-05	0.000000e+00	9.550785e-06
3.487751e+00	3.523880e+00	1.853887e-05	0.000000e+00	1.523613e-05
3.523881e+00	3.560010e+00	1.461426e-05	0.000000e+00	1.060662e-05
3.560009e+00	3.596139e+00	1.260794e-05	0.000000e+00	1.250274e-05
3.596138e+00	3.632267e+00	1.058068e-05	0.000000e+00	6.217609e-06
3.632268e+00	3.668397e+00	8.727081e-06	0.000000e+00	3.604354e-06
3.668398e+00	3.704527e+00	8.917761e-06	0.000000e+00	5.790885e-06
3.704525e+00	3.740654e+00	4.344045e-06	0.000000e+00	6.052822e-06
3.740655e+00	3.776784e+00	5.578926e-06	0.000000e+00	3.777124e-06
3.776785e+00	3.812914e+00	5.435102e-06	0.000000e+00	3.190329e-06
# END HISTO1D

