# BEGIN PLOT
Rebin=2
DrawOnly=//homes/tinghua1/Merging-Project/Production/HJETS/ratio-plots/hjets-vbfnlo/H-N2-N3-4-25gev-combine.yoda/MC_H2JETS_07_INC/log10_d_23 //homes/tinghua1/Merging-Project/Production/HJETS/ratio-plots/hjets-vbfnlo/H-N2-N3-4-25gev-vbfnlo-combine.yoda/MC_H2JETS_07_INC/log10_d_23 //homes/tinghua1/Merging-Project/Production/HJETS/ratio-plots/hjets-vbfnlo/H-N2-3-4-25gev-combine.yoda/MC_H2JETS_07_INC/log10_d_23 //homes/tinghua1/Merging-Project/Production/HJETS/ratio-plots/hjets-vbfnlo/H-N2-3-4-25gev-vbfnlo-combine.yoda/MC_H2JETS_07_INC/log10_d_23 //homes/tinghua1/Merging-Project/Production/HJETS/ratio-plots/hjets-vbfnlo/H-2-3-4-25gev-combine.yoda/MC_H2JETS_07_INC/log10_d_23 //homes/tinghua1/Merging-Project/Production/HJETS/ratio-plots/hjets-vbfnlo/H-2-3-4-25gev-vbfnlo-combine.yoda/MC_H2JETS_07_INC/log10_d_23 //homes/tinghua1/Merging-Project/Production/HJETS/ratio-plots/hjets-vbfnlo/H-2-3-25gev-combine.yoda/MC_H2JETS_07_INC/log10_d_23 //homes/tinghua1/Merging-Project/Production/HJETS/ratio-plots/hjets-vbfnlo/H-2-3-25gev-vbfnlo-combine.yoda/MC_H2JETS_07_INC/log10_d_23
RightMargin=0.5
RatioPlotReference=//homes/tinghua1/Merging-Project/Production/HJETS/ratio-plots/hjets-vbfnlo/H-N2-N3-4-25gev-combine.yoda/MC_H2JETS_07_INC/log10_d_23
#RatioPlot=1
LogY=1
RatioPlotYMax=1.6
#LegendOnly=//homes/tinghua1/Merging-Project/Production/HJETS/ratio-plots/hjets-vbfnlo/H-N2-N3-4-25gev-combine.yoda/MC_H2JETS_07_INC/log10_d_23 //homes/tinghua1/Merging-Project/Production/HJETS/ratio-plots/hjets-vbfnlo/H-N2-N3-4-25gev-vbfnlo-combine.yoda/MC_H2JETS_07_INC/log10_d_23 //homes/tinghua1/Merging-Project/Production/HJETS/ratio-plots/hjets-vbfnlo/H-N2-3-4-25gev-combine.yoda/MC_H2JETS_07_INC/log10_d_23 //homes/tinghua1/Merging-Project/Production/HJETS/ratio-plots/hjets-vbfnlo/H-N2-3-4-25gev-vbfnlo-combine.yoda/MC_H2JETS_07_INC/log10_d_23 //homes/tinghua1/Merging-Project/Production/HJETS/ratio-plots/hjets-vbfnlo/H-2-3-4-25gev-combine.yoda/MC_H2JETS_07_INC/log10_d_23 //homes/tinghua1/Merging-Project/Production/HJETS/ratio-plots/hjets-vbfnlo/H-2-3-4-25gev-vbfnlo-combine.yoda/MC_H2JETS_07_INC/log10_d_23 //homes/tinghua1/Merging-Project/Production/HJETS/ratio-plots/hjets-vbfnlo/H-2-3-25gev-combine.yoda/MC_H2JETS_07_INC/log10_d_23 //homes/tinghua1/Merging-Project/Production/HJETS/ratio-plots/hjets-vbfnlo/H-2-3-25gev-vbfnlo-combine.yoda/MC_H2JETS_07_INC/log10_d_23
RatioPlotYLabel=Ratio
Scale=1000.0
XLabel=$\sqrt{d_{23}}$ (GeV)
LegendAlign=r
YLabel=$ \text{d} \sigma / \sqrt{d_{23}}$ (fb/GeV)
Legend=1
RatioPlot=4
MainPlotSelection={"Selection":[1,2,3,4,5,6,7,8]}
RatioPlots={"RatioPlotYLabel":"","Selection":[1,2]};{"RatioPlotYLabel":"","Selection":[3,4]};{"RatioPlotYLabel":"","Selection":[5,6]};{"RatioPlotYLabel":"","Selection":[7,8]}
RatioPlotSameStyle=1
RatioPlotYMin=0.0
# END PLOT


# BEGIN SPECIAL /MC_H2JETS_07_INC/log10_d_23
\rput[tl](0.05,0.75){\parbox{5cm}{\textcolor{gray}{{\bf Herwig 7.2.0} \\ HJETS/ColorFull}}}
# END SPECIAL

# BEGIN HISTO1D //homes/tinghua1/Merging-Project/Production/HJETS/ratio-plots/hjets-vbfnlo/H-N2-N3-4-25gev-combine.yoda/MC_H2JETS_07_INC/log10_d_23
ErrorBandColor=orange
ErrorBandOpacity=0.3
ErrorBands=1
ErrorType=env
LineColor=orange
LineStyle=solid
Path=//homes/tinghua1/Merging-Project/Production/HJETS/ratio-plots/hjets-vbfnlo/H-N2-N3-4-25gev-combine.yoda/MC_H2JETS_07_INC/log10_d_23
RatioPlotSameStyle=1
Title=h(2*,3*,4)
# xlow	 xhigh	 val	 errminus	 errplus
2.000000e-01	2.361292e-01	3.602221e+00	4.984375e-01	2.648474e-01
2.361291e-01	2.722583e-01	3.500728e+00	4.782281e-01	2.804878e-01
2.722583e-01	3.083875e-01	3.350673e+00	4.036386e-01	3.070876e-01
3.083874e-01	3.445165e-01	3.338766e+00	5.053987e-01	1.771315e-01
3.445165e-01	3.806457e-01	3.158121e+00	4.381284e-01	1.065841e-01
3.806457e-01	4.167748e-01	3.036655e+00	3.571442e-01	8.205297e-02
4.167748e-01	4.529039e-01	2.866850e+00	3.207221e-01	1.210160e-01
4.529039e-01	4.890331e-01	2.695625e+00	2.391404e-01	1.492845e-01
4.890331e-01	5.251621e-01	2.602675e+00	2.163201e-01	1.037302e-01
5.251623e-01	5.612913e-01	2.550276e+00	1.409169e-01	9.253178e-02
5.612913e-01	5.974205e-01	2.504732e+00	1.475308e-01	7.795246e-02
5.974204e-01	6.335495e-01	2.383649e+00	7.802519e-02	3.675707e-02
6.335497e-01	6.696787e-01	2.301437e+00	9.207813e-03	6.586104e-03
6.696787e-01	7.058079e-01	2.208633e+00	7.046793e-02	1.959938e-02
7.058080e-01	7.419370e-01	2.056976e+00	4.757190e-02	1.345730e-02
7.419370e-01	7.780660e-01	1.845250e+00	5.929625e-02	1.917039e-01
7.780661e-01	8.141953e-01	1.786444e+00	8.918299e-02	1.040568e-01
8.141954e-01	8.503245e-01	1.622247e+00	6.724828e-02	1.093988e-01
8.503244e-01	8.864534e-01	1.458086e+00	8.773399e-02	1.420492e-01
8.864535e-01	9.225827e-01	1.334707e+00	1.051161e-01	1.055003e-01
9.225828e-01	9.587118e-01	1.152368e+00	5.435729e-02	1.427608e-01
9.587118e-01	9.948408e-01	1.024332e+00	7.982928e-02	1.156691e-01
9.948404e-01	1.030970e+00	8.894276e-01	9.268872e-02	1.197356e-01
1.030970e+00	1.067098e+00	7.636165e-01	7.583935e-02	1.202992e-01
1.067100e+00	1.103228e+00	6.588226e-01	6.900495e-02	9.625259e-02
1.103229e+00	1.139358e+00	5.861269e-01	8.014587e-02	5.461845e-02
1.139357e+00	1.175487e+00	4.702444e-01	4.208386e-02	8.249128e-02
1.175487e+00	1.211615e+00	4.018835e-01	3.898641e-02	6.608984e-02
1.211617e+00	1.247745e+00	3.342495e-01	4.906778e-02	5.747101e-02
1.247746e+00	1.283875e+00	2.934681e-01	3.854065e-02	3.692740e-02
1.283874e+00	1.320002e+00	2.346298e-01	2.564621e-02	4.553683e-02
1.320002e+00	1.356131e+00	2.047701e-01	3.099541e-02	2.490379e-02
1.356132e+00	1.392261e+00	1.608707e-01	1.921946e-02	3.096739e-02
1.392261e+00	1.428391e+00	1.349343e-01	1.349186e-02	2.756095e-02
1.428391e+00	1.464519e+00	1.066583e-01	2.850286e-03	2.747873e-02
1.464519e+00	1.500648e+00	9.734986e-02	1.714958e-02	1.591951e-02
1.500649e+00	1.536778e+00	7.949381e-02	1.166227e-02	1.465465e-02
1.536778e+00	1.572906e+00	6.321700e-02	5.480307e-03	1.447170e-02
1.572906e+00	1.609035e+00	5.231698e-02	5.521575e-03	1.044441e-02
1.609036e+00	1.645165e+00	4.866467e-02	7.703977e-03	4.972792e-03
1.645165e+00	1.681293e+00	3.847505e-02	5.399541e-03	8.324808e-03
1.681294e+00	1.717424e+00	2.775644e-02	0.000000e+00	1.493756e-02
1.717423e+00	1.753552e+00	2.600843e-02	4.207985e-03	6.565712e-03
1.753553e+00	1.789682e+00	2.187636e-02	7.911373e-04	5.365607e-03
1.789682e+00	1.825811e+00	1.990047e-02	3.009723e-03	2.914041e-03
1.825812e+00	1.861940e+00	1.726671e-02	3.858864e-03	2.160528e-03
1.861940e+00	1.898069e+00	1.249862e-02	1.161862e-03	3.367035e-03
1.898069e+00	1.934198e+00	1.118294e-02	1.488533e-03	2.747250e-03
1.934198e+00	1.970328e+00	9.267470e-03	7.347301e-04	2.333161e-03
1.970329e+00	2.006458e+00	8.037264e-03	1.883623e-03	1.076368e-03
2.006458e+00	2.042587e+00	6.989230e-03	1.234446e-03	1.464779e-04
2.042585e+00	2.078714e+00	5.894226e-03	1.414775e-03	7.144289e-04
2.078715e+00	2.114844e+00	4.839359e-03	6.479255e-04	1.088679e-03
2.114845e+00	2.150974e+00	3.631363e-03	2.492513e-04	1.359847e-03
2.150972e+00	2.187101e+00	2.971450e-03	2.811758e-04	1.128528e-03
2.187102e+00	2.223231e+00	2.691379e-03	0.000000e+00	8.314058e-04
2.223231e+00	2.259361e+00	2.225015e-03	1.478965e-05	7.972466e-04
2.259362e+00	2.295491e+00	2.363191e-03	7.342473e-04	1.532730e-04
2.295489e+00	2.331618e+00	5.059105e-03	3.420107e-03	0.000000e+00
2.331619e+00	2.367748e+00	1.498689e-03	2.661557e-04	1.581837e-04
2.367749e+00	2.403878e+00	1.238959e-03	0.000000e+00	3.258122e-04
2.403876e+00	2.440005e+00	1.362597e-03	4.786119e-04	0.000000e+00
2.440006e+00	2.476135e+00	6.466609e-04	0.000000e+00	4.680570e-04
2.476135e+00	2.512265e+00	6.728334e-04	0.000000e+00	2.069958e-04
2.512266e+00	2.548395e+00	6.990636e-04	2.908948e-04	1.169836e-05
2.548393e+00	2.584522e+00	5.908519e-04	5.054750e-04	5.804080e-04
2.584523e+00	2.620652e+00	4.744754e-04	0.000000e+00	1.892524e-04
2.620653e+00	2.656782e+00	4.292715e-04	8.021728e-05	3.128235e-06
2.656780e+00	2.692909e+00	2.291378e-04	4.256996e-04	1.221406e-04
2.692910e+00	2.729039e+00	2.805956e-04	2.022110e-05	8.221539e-05
2.729040e+00	2.765169e+00	2.304010e-04	1.632482e-04	8.010056e-05
2.765168e+00	2.801298e+00	2.153251e-04	9.127996e-05	3.500913e-06
2.801297e+00	2.837426e+00	2.016979e-04	6.782430e-05	2.525920e-04
2.837427e+00	2.873556e+00	1.479259e-04	8.990556e-05	0.000000e+00
2.873557e+00	2.909686e+00	1.475176e-04	1.101160e-05	3.405934e-06
2.909686e+00	2.945815e+00	1.063060e-04	0.000000e+00	2.491627e-05
2.945813e+00	2.981942e+00	1.069898e-04	2.057837e-05	0.000000e+00
2.981943e+00	3.018072e+00	1.593207e-04	1.101378e-04	0.000000e+00
3.018072e+00	3.054202e+00	7.684329e-05	9.441212e-06	4.246333e-07
3.054203e+00	3.090332e+00	3.987766e-05	0.000000e+00	1.013493e-05
3.090330e+00	3.126459e+00	5.225877e-05	1.533425e-05	1.857898e-06
3.126460e+00	3.162589e+00	4.714733e-05	9.836696e-06	0.000000e+00
3.162590e+00	3.198719e+00	3.390238e-05	8.069404e-06	8.357746e-06
3.198717e+00	3.234846e+00	3.096997e-05	1.408197e-05	4.414736e-08
3.234847e+00	3.270976e+00	2.424962e-05	9.976952e-06	5.035141e-06
3.270977e+00	3.307106e+00	2.032404e-05	0.000000e+00	2.021345e-05
3.307105e+00	3.343235e+00	2.663551e-05	1.167535e-05	0.000000e+00
3.343234e+00	3.379363e+00	1.236885e-05	1.515564e-06	0.000000e+00
3.379364e+00	3.415493e+00	1.230926e-05	0.000000e+00	6.654936e-06
3.415494e+00	3.451623e+00	1.157126e-05	2.020144e-06	0.000000e+00
3.451621e+00	3.487750e+00	1.235431e-05	5.858305e-06	1.111632e-05
3.487751e+00	3.523880e+00	8.447535e-06	0.000000e+00	2.846348e-06
3.523881e+00	3.560010e+00	3.583149e-06	0.000000e+00	4.088967e-06
3.560009e+00	3.596139e+00	2.141487e-06	1.239973e-06	2.594591e-06
3.596138e+00	3.632267e+00	4.276221e-06	2.940321e-06	0.000000e+00
3.632268e+00	3.668397e+00	2.903435e-06	1.000608e-06	2.868444e-07
3.668398e+00	3.704527e+00	2.494877e-07	0.000000e+00	2.599775e-06
3.704525e+00	3.740654e+00	8.027914e-06	5.768018e-06	0.000000e+00
3.740655e+00	3.776784e+00	3.135096e-06	1.142931e-06	0.000000e+00
3.776785e+00	3.812914e+00	1.690686e-06	2.141150e-06	2.006128e-07
# END HISTO1D


# BEGIN HISTO1D //homes/tinghua1/Merging-Project/Production/HJETS/ratio-plots/hjets-vbfnlo/H-N2-N3-4-25gev-vbfnlo-combine.yoda/MC_H2JETS_07_INC/log10_d_23
ErrorBandColor=red
ErrorBandOpacity=0.3
ErrorBands=1
ErrorType=env
LineColor=red
LineStyle=solid
Path=//homes/tinghua1/Merging-Project/Production/HJETS/ratio-plots/hjets-vbfnlo/H-N2-N3-4-25gev-vbfnlo-combine.yoda/MC_H2JETS_07_INC/log10_d_23
RatioPlotSameStyle=1
Title=h(2*,3*,4)-vbfnlo
# xlow	 xhigh	 val	 errminus	 errplus
2.000000e-01	2.361292e-01	2.157420e+00	0.000000e+00	4.993814e-01
2.361291e-01	2.722583e-01	2.097662e+00	0.000000e+00	4.847351e-01
2.722583e-01	3.083875e-01	2.015063e+00	0.000000e+00	4.547445e-01
3.083874e-01	3.445165e-01	1.958365e+00	0.000000e+00	4.031894e-01
3.445165e-01	3.806457e-01	1.894395e+00	0.000000e+00	3.376114e-01
3.806457e-01	4.167748e-01	1.817391e+00	0.000000e+00	3.250659e-01
4.167748e-01	4.529039e-01	1.734875e+00	0.000000e+00	2.798243e-01
4.529039e-01	4.890331e-01	1.659832e+00	0.000000e+00	2.347124e-01
4.890331e-01	5.251621e-01	1.630187e+00	0.000000e+00	1.833032e-01
5.251623e-01	5.612913e-01	1.614215e+00	0.000000e+00	1.433711e-01
5.612913e-01	5.974205e-01	1.598033e+00	0.000000e+00	8.449315e-02
5.974204e-01	6.335495e-01	1.567808e+00	0.000000e+00	4.456491e-02
6.335497e-01	6.696787e-01	1.523714e+00	1.213703e-03	1.654899e-03
6.696787e-01	7.058079e-01	1.476697e+00	5.788227e-02	0.000000e+00
7.058080e-01	7.419370e-01	1.407351e+00	8.165800e-02	0.000000e+00
7.419370e-01	7.780660e-01	1.325553e+00	1.161485e-01	0.000000e+00
7.780661e-01	8.141953e-01	1.255034e+00	1.590284e-01	0.000000e+00
8.141954e-01	8.503245e-01	1.132788e+00	1.252688e-01	0.000000e+00
8.503244e-01	8.864534e-01	1.027007e+00	1.447315e-01	0.000000e+00
8.864535e-01	9.225827e-01	9.183184e-01	1.433539e-01	0.000000e+00
9.225828e-01	9.587118e-01	8.098948e-01	1.419172e-01	0.000000e+00
9.587118e-01	9.948408e-01	7.119997e-01	1.296307e-01	0.000000e+00
9.948404e-01	1.030970e+00	6.184458e-01	1.186257e-01	0.000000e+00
1.030970e+00	1.067098e+00	5.261477e-01	9.513244e-02	0.000000e+00
1.067100e+00	1.103228e+00	4.516192e-01	8.842620e-02	0.000000e+00
1.103229e+00	1.139358e+00	3.798766e-01	7.396330e-02	0.000000e+00
1.139357e+00	1.175487e+00	3.224069e-01	6.818004e-02	0.000000e+00
1.175487e+00	1.211615e+00	2.692336e-01	5.534039e-02	0.000000e+00
1.211617e+00	1.247745e+00	2.241749e-01	4.672595e-02	0.000000e+00
1.247746e+00	1.283875e+00	1.989156e-01	4.914719e-02	0.000000e+00
1.283874e+00	1.320002e+00	1.566567e-01	3.316325e-02	0.000000e+00
1.320002e+00	1.356131e+00	1.318202e-01	2.826862e-02	0.000000e+00
1.356132e+00	1.392261e+00	1.092499e-01	2.312610e-02	0.000000e+00
1.392261e+00	1.428391e+00	8.947758e-02	1.733844e-02	0.000000e+00
1.428391e+00	1.464519e+00	7.567162e-02	1.681752e-02	0.000000e+00
1.464519e+00	1.500648e+00	6.330153e-02	1.376756e-02	0.000000e+00
1.500649e+00	1.536778e+00	5.157250e-02	9.298154e-03	0.000000e+00
1.536778e+00	1.572906e+00	4.420488e-02	9.857760e-03	0.000000e+00
1.572906e+00	1.609035e+00	3.698126e-02	7.400426e-03	0.000000e+00
1.609036e+00	1.645165e+00	3.066016e-02	6.854081e-03	0.000000e+00
1.645165e+00	1.681293e+00	2.558817e-02	5.941324e-03	0.000000e+00
1.681294e+00	1.717424e+00	2.195476e-02	4.254523e-03	0.000000e+00
1.717423e+00	1.753552e+00	1.816162e-02	3.441659e-03	0.000000e+00
1.753553e+00	1.789682e+00	1.503988e-02	2.378912e-03	0.000000e+00
1.789682e+00	1.825811e+00	1.298272e-02	2.657037e-03	0.000000e+00
1.825812e+00	1.861940e+00	1.073095e-02	2.142514e-03	0.000000e+00
1.861940e+00	1.898069e+00	8.990157e-03	5.611752e-04	0.000000e+00
1.898069e+00	1.934198e+00	8.266398e-03	1.975258e-03	0.000000e+00
1.934198e+00	1.970328e+00	6.294550e-03	1.030440e-03	0.000000e+00
1.970329e+00	2.006458e+00	5.185541e-03	5.953860e-04	0.000000e+00
2.006458e+00	2.042587e+00	4.115685e-03	4.095076e-04	7.113399e-07
2.042585e+00	2.078714e+00	3.648410e-03	6.448476e-04	0.000000e+00
2.078715e+00	2.114844e+00	3.249498e-03	6.974934e-04	0.000000e+00
2.114845e+00	2.150974e+00	2.654385e-03	5.347981e-04	0.000000e+00
2.150972e+00	2.187101e+00	2.256391e-03	2.843314e-04	0.000000e+00
2.187102e+00	2.223231e+00	1.924047e-03	3.917861e-04	0.000000e+00
2.223231e+00	2.259361e+00	1.703501e-03	4.531863e-04	0.000000e+00
2.259362e+00	2.295491e+00	1.437580e-03	2.862429e-04	0.000000e+00
2.295489e+00	2.331618e+00	1.128537e-03	2.388530e-04	0.000000e+00
2.331619e+00	2.367748e+00	1.015152e-03	1.443621e-04	0.000000e+00
2.367749e+00	2.403878e+00	7.980772e-04	1.262877e-04	0.000000e+00
2.403876e+00	2.440005e+00	7.200620e-04	1.534374e-04	0.000000e+00
2.440006e+00	2.476135e+00	6.907423e-04	1.774198e-04	5.388663e-05
2.476135e+00	2.512265e+00	4.792812e-04	4.996291e-05	0.000000e+00
2.512266e+00	2.548395e+00	5.414293e-04	2.049060e-04	0.000000e+00
2.548393e+00	2.584522e+00	3.692853e-04	7.864098e-05	2.041407e-04
2.584523e+00	2.620652e+00	3.191013e-04	6.655792e-05	3.352819e-05
2.620653e+00	2.656782e+00	2.618406e-04	7.327978e-05	3.089430e-05
2.656780e+00	2.692909e+00	2.290079e-04	4.278840e-05	2.685402e-05
2.692910e+00	2.729039e+00	1.844368e-04	2.000828e-05	0.000000e+00
2.729040e+00	2.765169e+00	1.361363e-04	1.116978e-05	1.715984e-05
2.765168e+00	2.801298e+00	1.394958e-04	2.355951e-05	1.422510e-05
2.801297e+00	2.837426e+00	1.404085e-04	7.077987e-05	0.000000e+00
2.837427e+00	2.873556e+00	8.895353e-05	1.792671e-05	0.000000e+00
2.873557e+00	2.909686e+00	8.232019e-05	3.587570e-05	0.000000e+00
2.909686e+00	2.945815e+00	6.001500e-05	8.306651e-06	5.012345e-06
2.945813e+00	2.981942e+00	5.634615e-05	1.414241e-05	0.000000e+00
2.981943e+00	3.018072e+00	4.019743e-05	8.680118e-06	6.770351e-06
3.018072e+00	3.054202e+00	4.808314e-05	1.565931e-05	1.260316e-05
3.054203e+00	3.090332e+00	3.336356e-05	1.263583e-06	2.834344e-06
3.090330e+00	3.126459e+00	3.037502e-05	1.492928e-06	4.078159e-05
3.126460e+00	3.162589e+00	2.948817e-05	5.648889e-06	1.122154e-05
3.162590e+00	3.198719e+00	2.290575e-05	7.496753e-06	0.000000e+00
3.198717e+00	3.234846e+00	1.360009e-05	9.479615e-07	3.345636e-06
3.234847e+00	3.270976e+00	1.256878e-05	6.140884e-07	6.605220e-08
3.270977e+00	3.307106e+00	1.072551e-05	2.811719e-06	2.373622e-06
3.307105e+00	3.343235e+00	1.380514e-05	1.967235e-06	4.200913e-07
3.343234e+00	3.379363e+00	8.426004e-06	1.205076e-06	4.523222e-06
3.379364e+00	3.415493e+00	1.013820e-05	1.245991e-05	0.000000e+00
3.415494e+00	3.451623e+00	7.579795e-06	1.909322e-06	5.249301e-07
3.451621e+00	3.487750e+00	4.531343e-06	3.071715e-06	4.481101e-06
3.487751e+00	3.523880e+00	3.044073e-06	0.000000e+00	1.832124e-06
3.523881e+00	3.560010e+00	4.596681e-06	1.023217e-06	7.468709e-07
3.560009e+00	3.596139e+00	2.444681e-06	1.551362e-06	0.000000e+00
3.596138e+00	3.632267e+00	2.369329e-06	0.000000e+00	3.852944e-07
3.632268e+00	3.668397e+00	-2.210067e-06	0.000000e+00	4.109237e-06
3.668398e+00	3.704527e+00	2.464247e-06	1.426732e-06	0.000000e+00
3.704525e+00	3.740654e+00	2.172173e-06	8.531388e-07	0.000000e+00
3.740655e+00	3.776784e+00	3.062465e-07	0.000000e+00	1.002168e-06
3.776785e+00	3.812914e+00	9.210606e-07	0.000000e+00	4.674372e-07
# END HISTO1D


# BEGIN HISTO1D //homes/tinghua1/Merging-Project/Production/HJETS/ratio-plots/hjets-vbfnlo/H-N2-3-4-25gev-combine.yoda/MC_H2JETS_07_INC/log10_d_23
ErrorBandColor=blue
ErrorBandOpacity=0.3
ErrorBands=1
ErrorType=env
LineColor=blue
LineStyle=solid
Path=//homes/tinghua1/Merging-Project/Production/HJETS/ratio-plots/hjets-vbfnlo/H-N2-3-4-25gev-combine.yoda/MC_H2JETS_07_INC/log10_d_23
RatioPlotSameStyle=1
Title=h(2*,3,4)
# xlow	 xhigh	 val	 errminus	 errplus
2.000000e-01	2.361292e-01	3.589519e+00	5.342591e-01	2.854154e-01
2.361291e-01	2.722583e-01	3.499026e+00	5.125632e-01	2.477138e-01
2.722583e-01	3.083875e-01	3.389473e+00	4.777783e-01	2.596882e-01
3.083874e-01	3.445165e-01	3.272002e+00	4.436535e-01	2.176334e-01
3.445165e-01	3.806457e-01	3.140366e+00	4.037186e-01	1.941200e-01
3.806457e-01	4.167748e-01	2.979155e+00	3.294295e-01	1.958034e-01
4.167748e-01	4.529039e-01	2.839564e+00	2.981062e-01	1.656144e-01
4.529039e-01	4.890331e-01	2.696054e+00	2.420120e-01	1.272215e-01
4.890331e-01	5.251621e-01	2.604431e+00	2.170577e-01	1.251830e-01
5.251623e-01	5.612913e-01	2.554942e+00	1.873750e-01	1.219341e-01
5.612913e-01	5.974205e-01	2.476371e+00	1.205742e-01	6.648528e-02
5.974204e-01	6.335495e-01	2.381987e+00	5.670194e-02	4.964419e-02
6.335497e-01	6.696787e-01	2.292313e+00	2.037471e-02	0.000000e+00
6.696787e-01	7.058079e-01	2.173970e+00	5.758223e-03	3.101508e-02
7.058080e-01	7.419370e-01	2.055887e+00	3.766161e-02	5.964500e-02
7.419370e-01	7.780660e-01	1.912970e+00	5.591227e-02	9.581611e-02
7.780661e-01	8.141953e-01	1.768905e+00	7.373233e-02	1.140130e-01
8.141954e-01	8.503245e-01	1.619899e+00	8.755020e-02	1.497729e-01
8.503244e-01	8.864534e-01	1.459167e+00	8.262896e-02	1.438923e-01
8.864535e-01	9.225827e-01	1.313909e+00	9.519447e-02	1.410701e-01
9.225828e-01	9.587118e-01	1.162917e+00	9.247947e-02	1.345093e-01
9.587118e-01	9.948408e-01	1.017176e+00	8.222375e-02	1.327531e-01
9.948404e-01	1.030970e+00	8.958720e-01	8.267186e-02	1.180636e-01
1.030970e+00	1.067098e+00	7.645293e-01	7.694152e-02	1.110200e-01
1.067100e+00	1.103228e+00	6.533231e-01	6.155415e-02	1.239464e-01
1.103229e+00	1.139358e+00	5.587315e-01	5.574774e-02	9.228736e-02
1.139357e+00	1.175487e+00	4.779264e-01	5.284141e-02	7.132715e-02
1.175487e+00	1.211615e+00	4.005619e-01	4.270807e-02	6.506242e-02
1.211617e+00	1.247745e+00	3.377046e-01	3.966398e-02	5.458579e-02
1.247746e+00	1.283875e+00	2.847203e-01	3.420518e-02	4.688394e-02
1.283874e+00	1.320002e+00	2.349467e-01	2.622616e-02	4.207648e-02
1.320002e+00	1.356131e+00	1.963405e-01	2.217294e-02	3.579817e-02
1.356132e+00	1.392261e+00	1.636027e-01	1.918974e-02	2.781046e-02
1.392261e+00	1.428391e+00	1.370722e-01	1.712599e-02	2.382604e-02
1.428391e+00	1.464519e+00	1.142779e-01	1.391099e-02	1.949229e-02
1.464519e+00	1.500648e+00	9.511340e-02	3.461762e-03	1.912004e-02
1.500649e+00	1.536778e+00	7.911168e-02	9.008387e-03	1.552996e-02
1.536778e+00	1.572906e+00	6.662628e-02	9.962025e-03	1.292947e-02
1.572906e+00	1.609035e+00	5.386795e-02	7.219048e-03	1.187069e-02
1.609036e+00	1.645165e+00	4.554278e-02	4.715935e-03	1.008531e-02
1.645165e+00	1.681293e+00	3.773946e-02	3.364666e-03	7.971740e-03
1.681294e+00	1.717424e+00	3.165804e-02	2.645779e-03	6.416496e-03
1.717423e+00	1.753552e+00	2.683540e-02	3.385333e-03	4.872172e-03
1.753553e+00	1.789682e+00	2.288867e-02	3.136187e-03	3.137884e-03
1.789682e+00	1.825811e+00	1.852431e-02	2.104312e-03	4.217194e-03
1.825812e+00	1.861940e+00	1.640665e-02	2.141775e-03	2.293886e-03
1.861940e+00	1.898069e+00	1.314705e-02	1.310374e-03	3.375325e-03
1.898069e+00	1.934198e+00	1.032732e-02	2.386974e-04	3.190617e-03
1.934198e+00	1.970328e+00	9.392419e-03	1.513889e-03	2.208669e-03
1.970329e+00	2.006458e+00	7.790938e-03	8.823632e-04	1.646907e-03
2.006458e+00	2.042587e+00	6.529118e-03	3.059232e-04	1.716314e-03
2.042585e+00	2.078714e+00	5.548927e-03	7.202192e-04	1.039027e-03
2.078715e+00	2.114844e+00	4.560436e-03	0.000000e+00	1.177049e-03
2.114845e+00	2.150974e+00	3.983647e-03	3.903457e-04	1.078602e-03
2.150972e+00	2.187101e+00	3.275020e-03	6.497155e-04	8.165324e-04
2.187102e+00	2.223231e+00	2.767848e-03	5.463229e-05	6.164081e-04
2.223231e+00	2.259361e+00	2.423424e-03	2.453457e-04	5.986767e-04
2.259362e+00	2.295491e+00	2.111546e-03	3.014044e-04	3.467995e-04
2.295489e+00	2.331618e+00	1.739924e-03	2.440527e-04	3.722708e-04
2.331619e+00	2.367748e+00	1.350929e-03	6.996429e-05	3.917916e-04
2.367749e+00	2.403878e+00	1.361869e-03	2.175264e-04	1.154430e-04
2.403876e+00	2.440005e+00	9.583470e-04	4.969941e-05	2.910723e-04
2.440006e+00	2.476135e+00	8.491602e-04	1.307304e-04	1.776119e-04
2.476135e+00	2.512265e+00	7.749397e-04	1.462898e-04	1.062541e-04
2.512266e+00	2.548395e+00	6.962631e-04	4.996651e-05	3.038639e-05
2.548393e+00	2.584522e+00	5.635163e-04	9.117080e-05	5.639209e-05
2.584523e+00	2.620652e+00	2.889568e-04	0.000000e+00	2.249268e-04
2.620653e+00	2.656782e+00	3.578801e-04	0.000000e+00	8.974563e-05
2.656780e+00	2.692909e+00	3.252000e-04	2.487835e-05	4.499294e-05
2.692910e+00	2.729039e+00	2.896017e-04	6.948280e-05	5.245288e-05
2.729040e+00	2.765169e+00	2.206253e-04	1.340117e-05	5.056711e-05
2.765168e+00	2.801298e+00	2.004781e-04	2.865392e-05	3.979726e-05
2.801297e+00	2.837426e+00	1.273641e-04	0.000000e+00	9.571267e-05
2.837427e+00	2.873556e+00	1.219799e-04	0.000000e+00	2.229558e-05
2.873557e+00	2.909686e+00	1.185371e-04	3.255548e-05	6.834607e-05
2.909686e+00	2.945815e+00	9.681727e-05	4.540325e-05	1.692673e-05
2.945813e+00	2.981942e+00	8.040383e-05	0.000000e+00	1.537034e-05
2.981943e+00	3.018072e+00	7.003665e-05	9.820034e-06	3.830109e-05
3.018072e+00	3.054202e+00	7.584257e-05	1.794564e-05	9.548242e-06
3.054203e+00	3.090332e+00	4.968170e-05	8.158792e-06	8.284730e-06
3.090330e+00	3.126459e+00	3.366490e-05	0.000000e+00	3.968383e-05
3.126460e+00	3.162589e+00	4.031224e-05	1.007559e-05	5.295663e-06
3.162590e+00	3.198719e+00	3.515057e-05	1.719381e-05	5.220045e-06
3.198717e+00	3.234846e+00	3.302699e-05	1.306314e-05	0.000000e+00
3.234847e+00	3.270976e+00	2.675260e-05	9.383523e-06	1.039420e-05
3.270977e+00	3.307106e+00	1.469590e-05	0.000000e+00	9.247067e-06
3.307105e+00	3.343235e+00	1.513939e-05	8.594797e-08	7.200047e-06
3.343234e+00	3.379363e+00	3.156999e-06	0.000000e+00	1.211987e-05
3.379364e+00	3.415493e+00	7.717878e-06	0.000000e+00	4.667397e-06
3.415494e+00	3.451623e+00	7.628539e-06	0.000000e+00	4.247073e-06
3.451621e+00	3.487750e+00	1.118998e-05	3.186847e-06	1.457751e-06
3.487751e+00	3.523880e+00	5.587423e-06	6.180354e-07	1.028626e-05
3.523881e+00	3.560010e+00	5.951942e-06	2.162944e-07	2.092912e-06
3.560009e+00	3.596139e+00	8.747883e-06	9.904048e-06	0.000000e+00
3.596138e+00	3.632267e+00	2.830422e-06	5.874480e-07	1.997711e-06
3.632268e+00	3.668397e+00	3.754394e-06	0.000000e+00	6.493482e-07
3.668398e+00	3.704527e+00	2.336576e-06	9.119876e-08	3.698608e-08
3.704525e+00	3.740654e+00	2.670263e-06	1.656599e-06	1.484984e-06
3.740655e+00	3.776784e+00	2.180685e-06	5.258360e-07	1.029896e-06
3.776785e+00	3.812914e+00	6.672681e-06	5.782230e-06	0.000000e+00
# END HISTO1D


# BEGIN HISTO1D //homes/tinghua1/Merging-Project/Production/HJETS/ratio-plots/hjets-vbfnlo/H-N2-3-4-25gev-vbfnlo-combine.yoda/MC_H2JETS_07_INC/log10_d_23
ErrorBandColor=cyan
ErrorBandOpacity=0.3
ErrorBands=1
ErrorType=env
LineColor=cyan
LineStyle=solid
Path=//homes/tinghua1/Merging-Project/Production/HJETS/ratio-plots/hjets-vbfnlo/H-N2-3-4-25gev-vbfnlo-combine.yoda/MC_H2JETS_07_INC/log10_d_23
RatioPlotSameStyle=1
Title=h(2*,3,4)-vbfnlo
# xlow	 xhigh	 val	 errminus	 errplus
2.000000e-01	2.361292e-01	2.518753e+00	3.699790e-01	1.463219e-01
2.361291e-01	2.722583e-01	2.438945e+00	3.573248e-01	1.422542e-01
2.722583e-01	3.083875e-01	2.351233e+00	3.374158e-01	1.363851e-01
3.083874e-01	3.445165e-01	2.246510e+00	3.003285e-01	1.348121e-01
3.445165e-01	3.806457e-01	2.140072e+00	2.642370e-01	1.178922e-01
3.806457e-01	4.167748e-01	2.037913e+00	2.351819e-01	1.080625e-01
4.167748e-01	4.529039e-01	1.933807e+00	2.029729e-01	8.456231e-02
4.529039e-01	4.890331e-01	1.830684e+00	1.627174e-01	7.185739e-02
4.890331e-01	5.251621e-01	1.765345e+00	1.409872e-01	5.691866e-02
5.251623e-01	5.612913e-01	1.719470e+00	1.048786e-01	4.680991e-02
5.612913e-01	5.974205e-01	1.662631e+00	7.232017e-02	2.418155e-02
5.974204e-01	6.335495e-01	1.603486e+00	4.139073e-02	7.170951e-03
6.335497e-01	6.696787e-01	1.532278e+00	1.688860e-02	0.000000e+00
6.696787e-01	7.058079e-01	1.450093e+00	2.694718e-02	2.015295e-02
7.058080e-01	7.419370e-01	1.360161e+00	3.598180e-02	4.736044e-02
7.419370e-01	7.780660e-01	1.259644e+00	4.665602e-02	6.405750e-02
7.780661e-01	8.141953e-01	1.155061e+00	5.906275e-02	8.007374e-02
8.141954e-01	8.503245e-01	1.047593e+00	6.234642e-02	8.192897e-02
8.503244e-01	8.864534e-01	9.375346e-01	6.461523e-02	8.814833e-02
8.864535e-01	9.225827e-01	8.301684e-01	5.752189e-02	8.973462e-02
9.225828e-01	9.587118e-01	7.309330e-01	5.906375e-02	8.501402e-02
9.587118e-01	9.948408e-01	6.362475e-01	5.943768e-02	7.469851e-02
9.948404e-01	1.030970e+00	5.468971e-01	4.997633e-02	7.088995e-02
1.030970e+00	1.067098e+00	4.663633e-01	3.685211e-02	6.310139e-02
1.067100e+00	1.103228e+00	3.962518e-01	3.726148e-02	5.450912e-02
1.103229e+00	1.139358e+00	3.345149e-01	3.203023e-02	4.787152e-02
1.139357e+00	1.175487e+00	2.828029e-01	2.845464e-02	4.014448e-02
1.175487e+00	1.211615e+00	2.376978e-01	2.514454e-02	3.345346e-02
1.211617e+00	1.247745e+00	1.988094e-01	2.092006e-02	2.656708e-02
1.247746e+00	1.283875e+00	1.648341e-01	1.517878e-02	2.395275e-02
1.283874e+00	1.320002e+00	1.387831e-01	1.442102e-02	1.907072e-02
1.320002e+00	1.356131e+00	1.152443e-01	1.196568e-02	1.691456e-02
1.356132e+00	1.392261e+00	9.633256e-02	1.027820e-02	1.325569e-02
1.392261e+00	1.428391e+00	8.053335e-02	8.711818e-03	1.032787e-02
1.428391e+00	1.464519e+00	6.596272e-02	5.885023e-03	1.008677e-02
1.464519e+00	1.500648e+00	5.510258e-02	5.038086e-03	8.182070e-03
1.500649e+00	1.536778e+00	4.620396e-02	3.959451e-03	6.296299e-03
1.536778e+00	1.572906e+00	3.869852e-02	4.345152e-03	4.971574e-03
1.572906e+00	1.609035e+00	3.208807e-02	2.322539e-03	4.423815e-03
1.609036e+00	1.645165e+00	2.743408e-02	2.777154e-03	3.333200e-03
1.645165e+00	1.681293e+00	2.292800e-02	2.099474e-03	2.798029e-03
1.681294e+00	1.717424e+00	1.914581e-02	1.834312e-03	2.267285e-03
1.717423e+00	1.753552e+00	1.588696e-02	1.344964e-03	1.923123e-03
1.753553e+00	1.789682e+00	1.357909e-02	1.402045e-03	1.367132e-03
1.789682e+00	1.825811e+00	1.133654e-02	1.111190e-03	1.405901e-03
1.825812e+00	1.861940e+00	9.418475e-03	7.521216e-04	1.686017e-03
1.861940e+00	1.898069e+00	7.890797e-03	5.816463e-04	1.020347e-03
1.898069e+00	1.934198e+00	6.677436e-03	5.612583e-04	1.010299e-03
1.934198e+00	1.970328e+00	5.639723e-03	4.915250e-04	6.933822e-04
1.970329e+00	2.006458e+00	4.710546e-03	2.967367e-04	7.962966e-04
2.006458e+00	2.042587e+00	3.985394e-03	3.262753e-04	5.648094e-04
2.042585e+00	2.078714e+00	3.413421e-03	2.092557e-04	3.253259e-04
2.078715e+00	2.114844e+00	2.838529e-03	1.688491e-04	3.782585e-04
2.114845e+00	2.150974e+00	2.467949e-03	2.195976e-04	2.511307e-04
2.150972e+00	2.187101e+00	2.066434e-03	1.698137e-04	1.817421e-04
2.187102e+00	2.223231e+00	1.733784e-03	1.574907e-04	1.518077e-04
2.223231e+00	2.259361e+00	1.400033e-03	8.111210e-05	3.412890e-04
2.259362e+00	2.295491e+00	1.198552e-03	1.175122e-04	1.872734e-04
2.295489e+00	2.331618e+00	1.066089e-03	1.506787e-04	1.281029e-04
2.331619e+00	2.367748e+00	9.404600e-04	8.014614e-05	1.016535e-04
2.367749e+00	2.403878e+00	8.635027e-04	1.611642e-04	1.138529e-04
2.403876e+00	2.440005e+00	6.551978e-04	5.760912e-05	1.411332e-04
2.440006e+00	2.476135e+00	5.400282e-04	6.779236e-05	7.006117e-05
2.476135e+00	2.512265e+00	4.985015e-04	8.791669e-05	2.952671e-06
2.512266e+00	2.548395e+00	3.984528e-04	6.414570e-05	1.154391e-05
2.548393e+00	2.584522e+00	3.281339e-04	1.594675e-05	3.176783e-05
2.584523e+00	2.620652e+00	2.785560e-04	2.244817e-05	1.208890e-05
2.620653e+00	2.656782e+00	2.662223e-04	6.194882e-05	0.000000e+00
2.656780e+00	2.692909e+00	1.995150e-04	3.586454e-06	2.017352e-05
2.692910e+00	2.729039e+00	1.816304e-04	3.248529e-05	1.781641e-05
2.729040e+00	2.765169e+00	1.506299e-04	2.154704e-05	2.552935e-06
2.765168e+00	2.801298e+00	1.030757e-04	3.143150e-06	4.127993e-05
2.801297e+00	2.837426e+00	9.203249e-05	3.604943e-06	2.822425e-05
2.837427e+00	2.873556e+00	1.469962e-04	7.471632e-05	0.000000e+00
2.873557e+00	2.909686e+00	6.672753e-05	3.097276e-05	1.578283e-05
2.909686e+00	2.945815e+00	5.964793e-05	2.623931e-06	1.623264e-05
2.945813e+00	2.981942e+00	5.434518e-05	9.478258e-06	0.000000e+00
2.981943e+00	3.018072e+00	3.433884e-05	0.000000e+00	1.944413e-05
3.018072e+00	3.054202e+00	4.132596e-05	1.287589e-05	5.653280e-06
3.054203e+00	3.090332e+00	2.827593e-05	0.000000e+00	6.378588e-06
3.090330e+00	3.126459e+00	2.340233e-05	0.000000e+00	3.074051e-06
3.126460e+00	3.162589e+00	2.167708e-05	1.369922e-06	1.176930e-06
3.162590e+00	3.198719e+00	2.019461e-05	7.659675e-06	0.000000e+00
3.198717e+00	3.234846e+00	1.845406e-05	7.620884e-06	4.025495e-06
3.234847e+00	3.270976e+00	9.279803e-06	0.000000e+00	1.255681e-05
3.270977e+00	3.307106e+00	1.151237e-05	6.091741e-06	3.805680e-06
3.307105e+00	3.343235e+00	1.363312e-05	3.062358e-06	0.000000e+00
3.343234e+00	3.379363e+00	4.141092e-05	3.513352e-05	0.000000e+00
3.379364e+00	3.415493e+00	4.583340e-06	0.000000e+00	5.603130e-06
3.415494e+00	3.451623e+00	5.165540e-06	0.000000e+00	3.195558e-06
3.451621e+00	3.487750e+00	4.688740e-06	1.915182e-06	1.119729e-06
3.487751e+00	3.523880e+00	5.143854e-06	5.845118e-06	4.472557e-07
3.523881e+00	3.560010e+00	6.188904e-06	4.927319e-06	0.000000e+00
3.560009e+00	3.596139e+00	3.407177e-06	2.389565e-07	4.207191e-06
3.596138e+00	3.632267e+00	2.536364e-06	0.000000e+00	9.148139e-07
3.632268e+00	3.668397e+00	3.411290e-06	1.881368e-06	0.000000e+00
3.668398e+00	3.704527e+00	1.527854e-06	0.000000e+00	1.335292e-06
3.704525e+00	3.740654e+00	2.145328e-06	1.516814e-06	0.000000e+00
3.740655e+00	3.776784e+00	1.657678e-06	3.499632e-07	4.429204e-07
3.776785e+00	3.812914e+00	1.578202e-06	2.926059e-07	2.731684e-08
# END HISTO1D


# BEGIN HISTO1D //homes/tinghua1/Merging-Project/Production/HJETS/ratio-plots/hjets-vbfnlo/H-2-3-4-25gev-combine.yoda/MC_H2JETS_07_INC/log10_d_23
ErrorBandColor=yellow
ErrorBandOpacity=0.3
ErrorBands=1
ErrorType=env
LineColor=yellow
LineStyle=solid
Path=//homes/tinghua1/Merging-Project/Production/HJETS/ratio-plots/hjets-vbfnlo/H-2-3-4-25gev-combine.yoda/MC_H2JETS_07_INC/log10_d_23
RatioPlotSameStyle=1
Title=h(2,3,4)
# xlow	 xhigh	 val	 errminus	 errplus
2.000000e-01	2.361292e-01	3.400865e+00	5.429889e-01	2.567210e-01
2.361291e-01	2.722583e-01	3.310381e+00	5.166181e-01	2.441294e-01
2.722583e-01	3.083875e-01	3.198377e+00	4.732803e-01	2.547863e-01
3.083874e-01	3.445165e-01	3.087663e+00	4.497375e-01	2.097589e-01
3.445165e-01	3.806457e-01	2.951853e+00	3.969828e-01	1.962236e-01
3.806457e-01	4.167748e-01	2.806004e+00	3.401231e-01	1.905943e-01
4.167748e-01	4.529039e-01	2.673273e+00	3.041327e-01	1.570908e-01
4.529039e-01	4.890331e-01	2.542186e+00	2.564172e-01	1.292902e-01
4.890331e-01	5.251621e-01	2.447702e+00	2.096122e-01	1.146228e-01
5.251623e-01	5.612913e-01	2.395328e+00	1.735047e-01	9.256112e-02
5.612913e-01	5.974205e-01	2.329214e+00	1.293494e-01	6.575540e-02
5.974204e-01	6.335495e-01	2.242562e+00	7.410813e-02	4.129026e-02
6.335497e-01	6.696787e-01	2.152410e+00	3.512100e-02	1.059617e-02
6.696787e-01	7.058079e-01	2.049553e+00	1.639256e-02	6.961959e-03
7.058080e-01	7.419370e-01	1.931219e+00	4.090858e-02	5.205914e-02
7.419370e-01	7.780660e-01	1.800640e+00	5.375445e-02	8.018716e-02
7.780661e-01	8.141953e-01	1.664902e+00	7.500221e-02	1.002602e-01
8.141954e-01	8.503245e-01	1.519627e+00	7.991951e-02	1.159924e-01
8.503244e-01	8.864534e-01	1.374225e+00	8.445934e-02	1.271775e-01
8.864535e-01	9.225827e-01	1.227140e+00	9.571399e-02	1.258885e-01
9.225828e-01	9.587118e-01	1.086876e+00	8.842069e-02	1.284145e-01
9.587118e-01	9.948408e-01	9.556657e-01	8.399877e-02	1.155908e-01
9.948404e-01	1.030970e+00	8.282409e-01	7.413941e-02	1.139486e-01
1.030970e+00	1.067098e+00	7.140037e-01	6.533533e-02	1.020955e-01
1.067100e+00	1.103228e+00	6.109004e-01	5.788785e-02	9.460876e-02
1.103229e+00	1.139358e+00	5.244623e-01	5.898309e-02	7.687370e-02
1.139357e+00	1.175487e+00	4.423202e-01	4.990590e-02	6.920371e-02
1.175487e+00	1.211615e+00	3.722367e-01	4.277533e-02	6.000111e-02
1.211617e+00	1.247745e+00	3.129420e-01	3.599269e-02	5.188740e-02
1.247746e+00	1.283875e+00	2.617019e-01	3.117858e-02	4.520089e-02
1.283874e+00	1.320002e+00	2.187509e-01	2.439663e-02	3.916383e-02
1.320002e+00	1.356131e+00	1.825154e-01	2.105433e-02	3.137554e-02
1.356132e+00	1.392261e+00	1.500552e-01	1.485768e-02	2.775230e-02
1.392261e+00	1.428391e+00	1.264903e-01	1.462906e-02	2.237357e-02
1.428391e+00	1.464519e+00	1.058112e-01	1.341861e-02	1.798647e-02
1.464519e+00	1.500648e+00	8.808340e-02	1.076072e-02	1.507241e-02
1.500649e+00	1.536778e+00	7.271953e-02	8.434914e-03	1.371624e-02
1.536778e+00	1.572906e+00	5.966636e-02	7.291123e-03	1.201583e-02
1.572906e+00	1.609035e+00	5.062786e-02	5.923275e-03	9.414404e-03
1.609036e+00	1.645165e+00	4.226361e-02	4.427247e-03	7.925987e-03
1.645165e+00	1.681293e+00	3.485042e-02	3.353096e-03	7.042542e-03
1.681294e+00	1.717424e+00	2.932134e-02	3.250426e-03	6.170745e-03
1.717423e+00	1.753552e+00	2.449982e-02	2.665582e-03	4.795674e-03
1.753553e+00	1.789682e+00	2.089036e-02	2.272941e-03	3.853328e-03
1.789682e+00	1.825811e+00	1.757466e-02	2.077893e-03	3.349766e-03
1.825812e+00	1.861940e+00	1.463016e-02	1.523704e-03	3.098724e-03
1.861940e+00	1.898069e+00	1.211528e-02	9.760802e-04	2.874145e-03
1.898069e+00	1.934198e+00	1.005479e-02	7.528883e-04	2.192837e-03
1.934198e+00	1.970328e+00	7.823900e-03	0.000000e+00	2.576457e-03
1.970329e+00	2.006458e+00	7.103919e-03	6.552299e-04	1.594052e-03
2.006458e+00	2.042587e+00	6.194816e-03	6.564145e-04	1.131324e-03
2.042585e+00	2.078714e+00	5.358867e-03	5.832185e-04	8.726895e-04
2.078715e+00	2.114844e+00	4.387561e-03	5.021313e-04	8.773894e-04
2.114845e+00	2.150974e+00	3.558061e-03	2.840654e-05	8.085582e-04
2.150972e+00	2.187101e+00	3.337610e-03	5.325113e-04	2.513908e-04
2.187102e+00	2.223231e+00	2.652881e-03	2.779648e-04	4.424473e-04
2.223231e+00	2.259361e+00	2.193964e-03	1.540457e-04	5.525422e-04
2.259362e+00	2.295491e+00	1.943909e-03	2.418373e-04	2.837275e-04
2.295489e+00	2.331618e+00	1.615282e-03	2.172759e-04	2.953586e-04
2.331619e+00	2.367748e+00	1.307834e-03	4.669656e-05	3.016732e-04
2.367749e+00	2.403878e+00	1.117419e-03	1.768211e-04	2.720183e-04
2.403876e+00	2.440005e+00	9.972020e-04	1.921567e-04	1.270500e-04
2.440006e+00	2.476135e+00	7.488591e-04	0.000000e+00	2.404841e-04
2.476135e+00	2.512265e+00	7.160706e-04	1.021890e-04	7.019707e-05
2.512266e+00	2.548395e+00	5.454596e-04	2.321625e-05	1.841980e-04
2.548393e+00	2.584522e+00	4.887329e-04	7.770904e-05	7.278142e-05
2.584523e+00	2.620652e+00	4.326486e-04	1.021454e-04	7.288328e-05
2.620653e+00	2.656782e+00	3.465811e-04	1.797642e-05	6.745025e-05
2.656780e+00	2.692909e+00	2.850126e-04	0.000000e+00	8.205929e-05
2.692910e+00	2.729039e+00	2.374833e-04	0.000000e+00	5.673188e-05
2.729040e+00	2.765169e+00	2.185536e-04	3.617903e-05	4.970677e-05
2.765168e+00	2.801298e+00	1.872641e-04	2.472917e-05	1.727620e-05
2.801297e+00	2.837426e+00	1.511361e-04	1.356279e-05	4.103607e-05
2.837427e+00	2.873556e+00	1.317146e-04	1.222007e-05	1.544396e-05
2.873557e+00	2.909686e+00	1.027747e-04	9.152980e-06	3.262620e-05
2.909686e+00	2.945815e+00	9.681890e-05	6.448947e-06	3.597819e-05
2.945813e+00	2.981942e+00	8.613197e-05	1.496798e-05	1.414418e-05
2.981943e+00	3.018072e+00	5.851634e-05	1.738963e-06	5.159445e-05
3.018072e+00	3.054202e+00	5.151409e-05	6.450733e-06	1.341713e-05
3.054203e+00	3.090332e+00	4.574638e-05	0.000000e+00	6.734756e-06
3.090330e+00	3.126459e+00	4.166979e-05	6.707825e-06	2.719751e-05
3.126460e+00	3.162589e+00	3.261867e-05	6.949542e-07	6.006338e-06
3.162590e+00	3.198719e+00	2.631823e-05	9.115212e-06	7.426851e-06
3.198717e+00	3.234846e+00	2.582563e-05	5.463533e-06	0.000000e+00
3.234847e+00	3.270976e+00	2.268900e-05	1.406599e-06	2.162648e-06
3.270977e+00	3.307106e+00	1.831016e-05	3.113391e-06	3.500407e-06
3.307105e+00	3.343235e+00	1.237974e-05	6.063288e-06	6.184531e-06
3.343234e+00	3.379363e+00	1.163565e-05	9.216502e-07	5.361983e-06
3.379364e+00	3.415493e+00	1.327050e-05	4.856498e-06	0.000000e+00
3.415494e+00	3.451623e+00	9.408093e-06	1.209458e-06	0.000000e+00
3.451621e+00	3.487750e+00	5.858449e-06	0.000000e+00	5.665114e-06
3.487751e+00	3.523880e+00	8.075120e-06	3.938736e-06	0.000000e+00
3.523881e+00	3.560010e+00	5.242827e-06	2.492492e-06	5.598738e-06
3.560009e+00	3.596139e+00	6.078458e-06	5.006697e-06	0.000000e+00
3.596138e+00	3.632267e+00	3.749871e-06	2.920460e-06	1.882145e-09
3.632268e+00	3.668397e+00	5.696167e-06	3.020951e-06	0.000000e+00
3.668398e+00	3.704527e+00	2.768361e-06	6.068762e-07	8.278198e-07
3.704525e+00	3.740654e+00	2.108270e-06	3.077746e-07	4.469235e-08
3.740655e+00	3.776784e+00	1.959655e-06	2.564057e-07	0.000000e+00
3.776785e+00	3.812914e+00	2.826353e-06	1.332143e-05	0.000000e+00
# END HISTO1D


# BEGIN HISTO1D //homes/tinghua1/Merging-Project/Production/HJETS/ratio-plots/hjets-vbfnlo/H-2-3-4-25gev-vbfnlo-combine.yoda/MC_H2JETS_07_INC/log10_d_23
ErrorBandColor=green
ErrorBandOpacity=0.3
ErrorBands=1
ErrorType=env
LineColor=green
LineStyle=solid
Path=//homes/tinghua1/Merging-Project/Production/HJETS/ratio-plots/hjets-vbfnlo/H-2-3-4-25gev-vbfnlo-combine.yoda/MC_H2JETS_07_INC/log10_d_23
RatioPlotSameStyle=1
Title=h(2,3,4)-vbfnlo
# xlow	 xhigh	 val	 errminus	 errplus
2.000000e-01	2.361292e-01	2.572062e+00	4.446347e-01	2.200835e-01
2.361291e-01	2.722583e-01	2.487622e+00	4.229424e-01	2.182830e-01
2.722583e-01	3.083875e-01	2.395125e+00	3.947021e-01	2.061203e-01
3.083874e-01	3.445165e-01	2.292758e+00	3.590424e-01	1.959612e-01
3.445165e-01	3.806457e-01	2.188081e+00	3.211524e-01	1.787892e-01
3.806457e-01	4.167748e-01	2.082032e+00	2.877902e-01	1.567465e-01
4.167748e-01	4.529039e-01	1.974580e+00	2.478451e-01	1.406744e-01
4.529039e-01	4.890331e-01	1.874316e+00	2.177970e-01	1.165334e-01
4.890331e-01	5.251621e-01	1.804293e+00	1.851934e-01	1.068856e-01
5.251623e-01	5.612913e-01	1.756076e+00	1.511463e-01	9.564645e-02
5.612913e-01	5.974205e-01	1.703765e+00	1.161457e-01	7.200215e-02
5.974204e-01	6.335495e-01	1.637893e+00	7.870193e-02	5.435286e-02
6.335497e-01	6.696787e-01	1.565646e+00	4.578276e-02	3.198253e-02
6.696787e-01	7.058079e-01	1.479957e+00	1.168778e-02	1.267617e-02
7.058080e-01	7.419370e-01	1.392399e+00	8.200869e-03	1.126433e-02
7.419370e-01	7.780660e-01	1.290855e+00	1.921747e-02	3.450764e-02
7.780661e-01	8.141953e-01	1.184349e+00	3.193013e-02	4.965042e-02
8.141954e-01	8.503245e-01	1.074119e+00	4.100241e-02	6.242420e-02
8.503244e-01	8.864534e-01	9.614546e-01	4.344836e-02	6.856744e-02
8.864535e-01	9.225827e-01	8.525279e-01	4.391905e-02	6.871699e-02
9.225828e-01	9.587118e-01	7.469303e-01	4.226621e-02	6.932999e-02
9.587118e-01	9.948408e-01	6.497311e-01	4.229942e-02	6.545527e-02
9.948404e-01	1.030970e+00	5.608150e-01	4.299775e-02	5.954037e-02
1.030970e+00	1.067098e+00	4.807138e-01	3.651997e-02	5.256498e-02
1.067100e+00	1.103228e+00	4.076318e-01	3.139998e-02	4.622547e-02
1.103229e+00	1.139358e+00	3.445814e-01	2.696753e-02	4.071217e-02
1.139357e+00	1.175487e+00	2.897185e-01	2.366374e-02	3.514199e-02
1.175487e+00	1.211615e+00	2.417818e-01	1.877531e-02	3.136879e-02
1.211617e+00	1.247745e+00	2.034704e-01	1.701437e-02	2.426106e-02
1.247746e+00	1.283875e+00	1.705958e-01	1.488156e-02	1.988649e-02
1.283874e+00	1.320002e+00	1.419133e-01	1.204257e-02	1.719131e-02
1.320002e+00	1.356131e+00	1.179991e-01	9.659443e-03	1.410532e-02
1.356132e+00	1.392261e+00	9.875466e-02	9.049185e-03	1.113601e-02
1.392261e+00	1.428391e+00	8.202458e-02	6.649958e-03	9.373734e-03
1.428391e+00	1.464519e+00	6.825401e-02	5.081430e-03	7.031996e-03
1.464519e+00	1.500648e+00	5.714199e-02	4.411747e-03	6.273215e-03
1.500649e+00	1.536778e+00	4.762260e-02	4.030004e-03	5.289961e-03
1.536778e+00	1.572906e+00	3.958681e-02	2.922085e-03	4.354674e-03
1.572906e+00	1.609035e+00	3.338913e-02	2.847048e-03	3.664259e-03
1.609036e+00	1.645165e+00	2.768128e-02	2.081123e-03	3.047413e-03
1.645165e+00	1.681293e+00	2.346992e-02	1.945158e-03	2.458629e-03
1.681294e+00	1.717424e+00	1.946767e-02	1.196413e-03	2.091079e-03
1.717423e+00	1.753552e+00	1.623156e-02	8.207617e-04	1.961098e-03
1.753553e+00	1.789682e+00	1.365710e-02	7.695923e-04	1.614581e-03
1.789682e+00	1.825811e+00	1.161365e-02	9.608514e-04	1.125273e-03
1.825812e+00	1.861940e+00	9.645689e-03	6.320657e-04	1.154023e-03
1.861940e+00	1.898069e+00	8.129627e-03	5.351850e-04	9.906253e-04
1.898069e+00	1.934198e+00	6.946007e-03	1.129265e-03	6.724044e-04
1.934198e+00	1.970328e+00	5.875430e-03	4.342541e-04	5.570994e-04
1.970329e+00	2.006458e+00	4.900280e-03	3.482576e-04	6.153395e-04
2.006458e+00	2.042587e+00	4.066448e-03	1.679177e-04	4.443799e-04
2.042585e+00	2.078714e+00	3.470702e-03	2.859863e-04	4.655097e-04
2.078715e+00	2.114844e+00	2.978258e-03	2.705782e-04	2.423399e-04
2.114845e+00	2.150974e+00	2.462182e-03	2.445044e-05	2.941933e-04
2.150972e+00	2.187101e+00	2.096105e-03	1.147903e-04	8.478701e-05
2.187102e+00	2.223231e+00	1.755816e-03	7.489053e-05	1.702574e-04
2.223231e+00	2.259361e+00	1.494934e-03	9.781843e-05	1.407213e-04
2.259362e+00	2.295491e+00	1.274850e-03	7.448642e-05	1.348186e-04
2.295489e+00	2.331618e+00	1.084165e-03	8.279443e-05	7.153893e-05
2.331619e+00	2.367748e+00	9.044518e-04	6.419552e-05	7.441225e-05
2.367749e+00	2.403878e+00	7.721924e-04	5.491489e-05	6.533948e-05
2.403876e+00	2.440005e+00	6.517864e-04	3.593429e-05	4.520634e-05
2.440006e+00	2.476135e+00	5.488400e-04	2.309142e-05	6.251488e-05
2.476135e+00	2.512265e+00	4.747553e-04	4.222585e-05	1.852865e-05
2.512266e+00	2.548395e+00	3.886902e-04	1.525340e-05	3.080351e-05
2.548393e+00	2.584522e+00	3.253622e-04	2.460627e-05	5.307398e-05
2.584523e+00	2.620652e+00	2.766338e-04	6.810097e-06	4.271848e-05
2.620653e+00	2.656782e+00	2.319253e-04	9.396883e-08	2.043126e-05
2.656780e+00	2.692909e+00	2.090388e-04	2.661419e-05	1.583404e-05
2.692910e+00	2.729039e+00	1.769298e-04	5.278530e-06	2.141546e-05
2.729040e+00	2.765169e+00	1.336439e-04	0.000000e+00	2.910662e-05
2.765168e+00	2.801298e+00	1.277197e-04	2.539527e-05	1.374603e-05
2.801297e+00	2.837426e+00	9.342055e-05	1.724044e-06	1.801384e-05
2.837427e+00	2.873556e+00	9.567835e-05	3.273321e-05	0.000000e+00
2.873557e+00	2.909686e+00	7.812729e-05	1.515719e-05	1.945916e-06
2.909686e+00	2.945815e+00	5.837803e-05	0.000000e+00	1.364696e-05
2.945813e+00	2.981942e+00	5.712273e-05	0.000000e+00	2.941543e-06
2.981943e+00	3.018072e+00	4.295059e-05	1.255612e-06	5.466108e-06
3.018072e+00	3.054202e+00	3.859029e-05	1.184058e-06	3.704678e-07
3.054203e+00	3.090332e+00	2.696601e-05	0.000000e+00	1.497509e-05
3.090330e+00	3.126459e+00	2.779803e-05	2.315580e-06	2.118437e-06
3.126460e+00	3.162589e+00	2.033813e-05	0.000000e+00	5.018473e-06
3.162590e+00	3.198719e+00	1.675366e-05	0.000000e+00	6.011445e-06
3.198717e+00	3.234846e+00	1.412562e-05	0.000000e+00	1.683393e-06
3.234847e+00	3.270976e+00	1.396613e-05	2.313471e-06	0.000000e+00
3.270977e+00	3.307106e+00	1.287240e-05	1.058706e-07	2.571397e-07
3.307105e+00	3.343235e+00	8.982978e-06	0.000000e+00	3.203875e-06
3.343234e+00	3.379363e+00	7.273625e-06	0.000000e+00	2.296551e-06
3.379364e+00	3.415493e+00	6.898262e-06	5.629467e-07	4.397941e-06
3.415494e+00	3.451623e+00	6.296457e-06	0.000000e+00	1.669255e-06
3.451621e+00	3.487750e+00	4.394060e-06	7.401423e-07	0.000000e+00
3.487751e+00	3.523880e+00	4.283769e-06	2.750367e-07	0.000000e+00
3.523881e+00	3.560010e+00	3.608733e-06	8.720798e-07	4.931662e-07
3.560009e+00	3.596139e+00	2.359952e-06	0.000000e+00	2.327422e-06
3.596138e+00	3.632267e+00	2.247086e-06	8.660107e-08	4.647635e-07
3.632268e+00	3.668397e+00	2.241695e-06	1.197409e-06	1.242833e-07
3.668398e+00	3.704527e+00	1.175666e-06	0.000000e+00	9.470160e-07
3.704525e+00	3.740654e+00	1.686504e-06	4.242232e-07	6.229788e-08
3.740655e+00	3.776784e+00	2.629251e-06	1.042601e-06	0.000000e+00
3.776785e+00	3.812914e+00	1.163943e-06	2.321351e-07	0.000000e+00
# END HISTO1D


# BEGIN HISTO1D //homes/tinghua1/Merging-Project/Production/HJETS/ratio-plots/hjets-vbfnlo/H-2-3-25gev-combine.yoda/MC_H2JETS_07_INC/log10_d_23
ErrorBandColor=purple
ErrorBandOpacity=0.3
ErrorBands=1
ErrorType=env
LineColor=purple
LineStyle=solid
Path=//homes/tinghua1/Merging-Project/Production/HJETS/ratio-plots/hjets-vbfnlo/H-2-3-25gev-combine.yoda/MC_H2JETS_07_INC/log10_d_23
RatioPlotSameStyle=1
Title=h(2,3)
# xlow	 xhigh	 val	 errminus	 errplus
2.000000e-01	2.361292e-01	2.857600e+00	0.000000e+00	7.973656e-01
2.361291e-01	2.722583e-01	2.792915e+00	0.000000e+00	7.688241e-01
2.722583e-01	3.083875e-01	2.723931e+00	0.000000e+00	7.200882e-01
3.083874e-01	3.445165e-01	2.639376e+00	0.000000e+00	6.639199e-01
3.445165e-01	3.806457e-01	2.553920e+00	0.000000e+00	5.936002e-01
3.806457e-01	4.167748e-01	2.464283e+00	0.000000e+00	5.300514e-01
4.167748e-01	4.529039e-01	2.371965e+00	0.000000e+00	4.514267e-01
4.529039e-01	4.890331e-01	2.286819e+00	0.000000e+00	3.852391e-01
4.890331e-01	5.251621e-01	2.236398e+00	0.000000e+00	3.234988e-01
5.251623e-01	5.612913e-01	2.225139e+00	0.000000e+00	2.534777e-01
5.612913e-01	5.974205e-01	2.197609e+00	0.000000e+00	1.874298e-01
5.974204e-01	6.335495e-01	2.167064e+00	0.000000e+00	1.161003e-01
6.335497e-01	6.696787e-01	2.122669e+00	0.000000e+00	3.521040e-02
6.696787e-01	7.058079e-01	2.058293e+00	2.744982e-02	0.000000e+00
7.058080e-01	7.419370e-01	1.976961e+00	8.585628e-02	0.000000e+00
7.419370e-01	7.780660e-01	1.882791e+00	1.334235e-01	0.000000e+00
7.780661e-01	8.141953e-01	1.765216e+00	1.725029e-01	0.000000e+00
8.141954e-01	8.503245e-01	1.637176e+00	1.942476e-01	0.000000e+00
8.503244e-01	8.864534e-01	1.496432e+00	2.074126e-01	0.000000e+00
8.864535e-01	9.225827e-01	1.356445e+00	2.163865e-01	0.000000e+00
9.225828e-01	9.587118e-01	1.213045e+00	2.099562e-01	0.000000e+00
9.587118e-01	9.948408e-01	1.074191e+00	2.021977e-01	0.000000e+00
9.948404e-01	1.030970e+00	9.413077e-01	1.883482e-01	0.000000e+00
1.030970e+00	1.067098e+00	8.205887e-01	1.736995e-01	0.000000e+00
1.067100e+00	1.103228e+00	7.028202e-01	1.523948e-01	0.000000e+00
1.103229e+00	1.139358e+00	6.034100e-01	1.385247e-01	0.000000e+00
1.139357e+00	1.175487e+00	5.122710e-01	1.188004e-01	0.000000e+00
1.175487e+00	1.211615e+00	4.323920e-01	1.011163e-01	0.000000e+00
1.211617e+00	1.247745e+00	3.653168e-01	8.796009e-02	0.000000e+00
1.247746e+00	1.283875e+00	3.064472e-01	7.372482e-02	0.000000e+00
1.283874e+00	1.320002e+00	2.561491e-01	6.127950e-02	0.000000e+00
1.320002e+00	1.356131e+00	2.148622e-01	5.302427e-02	0.000000e+00
1.356132e+00	1.392261e+00	1.787780e-01	4.444546e-02	0.000000e+00
1.392261e+00	1.428391e+00	1.489868e-01	3.708616e-02	0.000000e+00
1.428391e+00	1.464519e+00	1.230001e-01	2.942990e-02	0.000000e+00
1.464519e+00	1.500648e+00	1.036676e-01	2.630388e-02	0.000000e+00
1.500649e+00	1.536778e+00	8.679352e-02	2.239605e-02	0.000000e+00
1.536778e+00	1.572906e+00	7.235072e-02	1.840931e-02	0.000000e+00
1.572906e+00	1.609035e+00	5.990944e-02	1.462983e-02	0.000000e+00
1.609036e+00	1.645165e+00	5.050713e-02	1.243956e-02	0.000000e+00
1.645165e+00	1.681293e+00	4.225650e-02	1.042974e-02	0.000000e+00
1.681294e+00	1.717424e+00	3.531937e-02	9.327841e-03	0.000000e+00
1.717423e+00	1.753552e+00	2.965717e-02	7.645631e-03	0.000000e+00
1.753553e+00	1.789682e+00	2.458794e-02	6.314088e-03	0.000000e+00
1.789682e+00	1.825811e+00	2.071542e-02	5.253602e-03	0.000000e+00
1.825812e+00	1.861940e+00	1.721727e-02	4.196842e-03	0.000000e+00
1.861940e+00	1.898069e+00	1.461800e-02	3.654441e-03	0.000000e+00
1.898069e+00	1.934198e+00	1.243341e-02	3.165975e-03	0.000000e+00
1.934198e+00	1.970328e+00	1.037849e-02	2.557974e-03	0.000000e+00
1.970329e+00	2.006458e+00	8.878303e-03	2.099128e-03	0.000000e+00
2.006458e+00	2.042587e+00	7.395632e-03	2.069886e-03	0.000000e+00
2.042585e+00	2.078714e+00	6.234950e-03	1.591586e-03	0.000000e+00
2.078715e+00	2.114844e+00	5.255875e-03	1.343206e-03	0.000000e+00
2.114845e+00	2.150974e+00	4.487121e-03	1.105536e-03	0.000000e+00
2.150972e+00	2.187101e+00	3.643970e-03	8.695286e-04	0.000000e+00
2.187102e+00	2.223231e+00	3.258120e-03	9.022157e-04	0.000000e+00
2.223231e+00	2.259361e+00	2.661451e-03	7.063606e-04	0.000000e+00
2.259362e+00	2.295491e+00	2.209781e-03	4.944989e-04	0.000000e+00
2.295489e+00	2.331618e+00	1.923720e-03	5.085408e-04	0.000000e+00
2.331619e+00	2.367748e+00	1.592080e-03	4.055532e-04	0.000000e+00
2.367749e+00	2.403878e+00	1.382487e-03	3.179058e-04	0.000000e+00
2.403876e+00	2.440005e+00	1.191117e-03	3.664530e-04	0.000000e+00
2.440006e+00	2.476135e+00	9.099482e-04	1.537978e-04	0.000000e+00
2.476135e+00	2.512265e+00	8.233559e-04	2.495978e-04	0.000000e+00
2.512266e+00	2.548395e+00	6.841058e-04	1.729074e-04	0.000000e+00
2.548393e+00	2.584522e+00	5.752706e-04	1.171234e-04	0.000000e+00
2.584523e+00	2.620652e+00	5.286033e-04	1.645584e-04	0.000000e+00
2.620653e+00	2.656782e+00	4.302779e-04	1.247721e-04	0.000000e+00
2.656780e+00	2.692909e+00	3.707360e-04	1.132302e-04	0.000000e+00
2.692910e+00	2.729039e+00	2.955310e-04	7.947546e-05	0.000000e+00
2.729040e+00	2.765169e+00	2.639733e-04	6.655227e-05	0.000000e+00
2.765168e+00	2.801298e+00	2.092095e-04	5.689192e-05	0.000000e+00
2.801297e+00	2.837426e+00	1.839120e-04	4.630779e-05	0.000000e+00
2.837427e+00	2.873556e+00	1.566943e-04	3.926668e-05	0.000000e+00
2.873557e+00	2.909686e+00	1.288565e-04	2.785369e-05	0.000000e+00
2.909686e+00	2.945815e+00	1.110681e-04	3.445623e-05	0.000000e+00
2.945813e+00	2.981942e+00	1.000866e-04	2.674181e-05	0.000000e+00
2.981943e+00	3.018072e+00	1.096565e-04	5.175206e-05	0.000000e+00
3.018072e+00	3.054202e+00	7.089488e-05	1.585043e-05	0.000000e+00
3.054203e+00	3.090332e+00	5.975241e-05	1.994871e-05	0.000000e+00
3.090330e+00	3.126459e+00	4.670157e-05	1.115575e-05	0.000000e+00
3.126460e+00	3.162589e+00	4.324833e-05	1.421982e-05	0.000000e+00
3.162590e+00	3.198719e+00	3.465081e-05	8.358892e-06	0.000000e+00
3.198717e+00	3.234846e+00	3.925885e-05	1.476761e-05	0.000000e+00
3.234847e+00	3.270976e+00	2.288081e-05	9.999518e-06	0.000000e+00
3.270977e+00	3.307106e+00	1.457240e-05	0.000000e+00	7.499765e-07
3.307105e+00	3.343235e+00	2.108806e-05	1.185547e-05	0.000000e+00
3.343234e+00	3.379363e+00	9.646924e-06	9.130643e-07	2.404858e-06
3.379364e+00	3.415493e+00	1.101236e-05	8.885466e-07	0.000000e+00
3.415494e+00	3.451623e+00	1.212832e-05	9.152122e-07	0.000000e+00
3.451621e+00	3.487750e+00	8.946860e-06	2.889972e-06	0.000000e+00
3.487751e+00	3.523880e+00	5.991229e-06	0.000000e+00	7.240942e-07
3.523881e+00	3.560010e+00	6.705813e-06	9.951612e-06	8.145451e-07
3.560009e+00	3.596139e+00	6.289806e-06	2.077407e-06	0.000000e+00
3.596138e+00	3.632267e+00	4.662468e-06	3.954774e-06	6.091699e-07
3.632268e+00	3.668397e+00	1.206347e-06	0.000000e+00	3.264770e-06
3.668398e+00	3.704527e+00	3.043541e-06	1.718468e-06	0.000000e+00
3.704525e+00	3.740654e+00	2.812602e-06	1.336137e-06	3.316007e-07
3.740655e+00	3.776784e+00	2.292338e-06	3.379557e-08	0.000000e+00
3.776785e+00	3.812914e+00	2.242469e-06	8.388727e-07	0.000000e+00
# END HISTO1D


# BEGIN HISTO1D //homes/tinghua1/Merging-Project/Production/HJETS/ratio-plots/hjets-vbfnlo/H-2-3-25gev-vbfnlo-combine.yoda/MC_H2JETS_07_INC/log10_d_23
ErrorBandColor=violet
ErrorBandOpacity=0.3
ErrorBands=1
ErrorType=env
LineColor=violet
LineStyle=solid
Path=//homes/tinghua1/Merging-Project/Production/HJETS/ratio-plots/hjets-vbfnlo/H-2-3-25gev-vbfnlo-combine.yoda/MC_H2JETS_07_INC/log10_d_23
RatioPlotSameStyle=1
Title=h(2,3)-vbfnlo
# xlow	 xhigh	 val	 errminus	 errplus
2.000000e-01	2.361292e-01	2.791592e+00	6.672865e-01	0.000000e+00
2.361291e-01	2.722583e-01	2.705625e+00	6.413109e-01	0.000000e+00
2.722583e-01	3.083875e-01	2.600252e+00	5.970168e-01	0.000000e+00
3.083874e-01	3.445165e-01	2.488672e+00	5.530428e-01	0.000000e+00
3.445165e-01	3.806457e-01	2.367522e+00	5.024363e-01	0.000000e+00
3.806457e-01	4.167748e-01	2.239865e+00	4.442740e-01	0.000000e+00
4.167748e-01	4.529039e-01	2.112967e+00	3.877448e-01	0.000000e+00
4.529039e-01	4.890331e-01	1.994075e+00	3.362626e-01	0.000000e+00
4.890331e-01	5.251621e-01	1.908009e+00	2.889316e-01	0.000000e+00
5.251623e-01	5.612913e-01	1.849013e+00	2.432474e-01	0.000000e+00
5.612913e-01	5.974205e-01	1.776381e+00	1.925492e-01	0.000000e+00
5.974204e-01	6.335495e-01	1.690559e+00	1.317904e-01	0.000000e+00
6.335497e-01	6.696787e-01	1.595085e+00	7.607773e-02	0.000000e+00
6.696787e-01	7.058079e-01	1.494541e+00	2.638365e-02	0.000000e+00
7.058080e-01	7.419370e-01	1.385127e+00	0.000000e+00	1.934037e-02
7.419370e-01	7.780660e-01	1.269998e+00	0.000000e+00	5.436947e-02
7.780661e-01	8.141953e-01	1.153145e+00	0.000000e+00	8.355873e-02
8.141954e-01	8.503245e-01	1.034044e+00	0.000000e+00	1.013928e-01
8.503244e-01	8.864534e-01	9.182548e-01	0.000000e+00	1.113476e-01
8.864535e-01	9.225827e-01	8.083182e-01	0.000000e+00	1.142223e-01
9.225828e-01	9.587118e-01	7.044942e-01	0.000000e+00	1.135973e-01
9.587118e-01	9.948408e-01	6.076072e-01	0.000000e+00	1.098616e-01
9.948404e-01	1.030970e+00	5.215062e-01	0.000000e+00	9.942927e-02
1.030970e+00	1.067098e+00	4.440953e-01	0.000000e+00	9.027402e-02
1.067100e+00	1.103228e+00	3.765319e-01	0.000000e+00	7.858009e-02
1.103229e+00	1.139358e+00	3.169852e-01	0.000000e+00	6.923386e-02
1.139357e+00	1.175487e+00	2.667622e-01	0.000000e+00	5.843454e-02
1.175487e+00	1.211615e+00	2.227810e-01	0.000000e+00	5.008132e-02
1.211617e+00	1.247745e+00	1.864398e-01	0.000000e+00	4.210595e-02
1.247746e+00	1.283875e+00	1.559084e-01	0.000000e+00	3.487437e-02
1.283874e+00	1.320002e+00	1.300495e-01	0.000000e+00	2.906801e-02
1.320002e+00	1.356131e+00	1.075319e-01	0.000000e+00	2.479399e-02
1.356132e+00	1.392261e+00	9.050239e-02	0.000000e+00	1.972571e-02
1.392261e+00	1.428391e+00	7.532707e-02	0.000000e+00	1.640919e-02
1.428391e+00	1.464519e+00	6.290841e-02	0.000000e+00	1.335370e-02
1.464519e+00	1.500648e+00	5.246171e-02	0.000000e+00	1.255880e-02
1.500649e+00	1.536778e+00	4.376318e-02	0.000000e+00	9.339506e-03
1.536778e+00	1.572906e+00	3.654042e-02	0.000000e+00	7.899444e-03
1.572906e+00	1.609035e+00	3.069080e-02	0.000000e+00	6.136760e-03
1.609036e+00	1.645165e+00	2.568899e-02	0.000000e+00	5.235282e-03
1.645165e+00	1.681293e+00	2.145052e-02	0.000000e+00	4.427250e-03
1.681294e+00	1.717424e+00	1.807510e-02	0.000000e+00	3.703122e-03
1.717423e+00	1.753552e+00	1.506034e-02	0.000000e+00	3.221235e-03
1.753553e+00	1.789682e+00	1.273767e-02	0.000000e+00	2.566943e-03
1.789682e+00	1.825811e+00	1.073499e-02	0.000000e+00	2.040217e-03
1.825812e+00	1.861940e+00	9.089892e-03	0.000000e+00	1.662662e-03
1.861940e+00	1.898069e+00	7.655880e-03	0.000000e+00	1.433126e-03
1.898069e+00	1.934198e+00	6.530651e-03	0.000000e+00	1.022262e-03
1.934198e+00	1.970328e+00	5.237384e-03	0.000000e+00	1.233537e-03
1.970329e+00	2.006458e+00	4.555584e-03	0.000000e+00	8.915802e-04
2.006458e+00	2.042587e+00	3.815810e-03	0.000000e+00	7.875861e-04
2.042585e+00	2.078714e+00	3.249929e-03	0.000000e+00	6.318913e-04
2.078715e+00	2.114844e+00	2.700070e-03	0.000000e+00	5.644601e-04
2.114845e+00	2.150974e+00	2.345956e-03	0.000000e+00	4.594547e-04
2.150972e+00	2.187101e+00	2.007388e-03	0.000000e+00	3.174253e-04
2.187102e+00	2.223231e+00	1.668450e-03	0.000000e+00	3.132096e-04
2.223231e+00	2.259361e+00	1.436093e-03	0.000000e+00	2.537578e-04
2.259362e+00	2.295491e+00	1.219287e-03	0.000000e+00	1.611130e-04
2.295489e+00	2.331618e+00	9.945697e-04	0.000000e+00	2.169894e-04
2.331619e+00	2.367748e+00	8.504501e-04	0.000000e+00	1.350087e-04
2.367749e+00	2.403878e+00	6.941809e-04	0.000000e+00	1.465258e-04
2.403876e+00	2.440005e+00	5.988494e-04	0.000000e+00	1.137889e-04
2.440006e+00	2.476135e+00	4.783747e-04	0.000000e+00	1.193794e-04
2.476135e+00	2.512265e+00	4.678948e-04	0.000000e+00	4.945918e-05
2.512266e+00	2.548395e+00	3.697617e-04	0.000000e+00	4.578732e-05
2.548393e+00	2.584522e+00	3.135299e-04	0.000000e+00	5.355808e-05
2.584523e+00	2.620652e+00	2.509020e-04	0.000000e+00	5.568803e-05
2.620653e+00	2.656782e+00	2.341614e-04	0.000000e+00	3.413975e-05
2.656780e+00	2.692909e+00	1.992518e-04	4.851781e-07	2.032763e-05
2.692910e+00	2.729039e+00	1.702057e-04	0.000000e+00	9.504359e-06
2.729040e+00	2.765169e+00	1.240325e-04	0.000000e+00	4.452254e-05
2.765168e+00	2.801298e+00	1.206704e-04	0.000000e+00	1.923725e-05
2.801297e+00	2.837426e+00	1.018145e-04	0.000000e+00	1.798007e-05
2.837427e+00	2.873556e+00	8.200933e-05	0.000000e+00	1.158986e-05
2.873557e+00	2.909686e+00	6.846079e-05	3.752110e-06	7.963879e-06
2.909686e+00	2.945815e+00	6.311431e-05	1.455645e-06	0.000000e+00
2.945813e+00	2.981942e+00	5.049644e-05	0.000000e+00	7.239254e-06
2.981943e+00	3.018072e+00	4.256855e-05	0.000000e+00	8.776412e-06
3.018072e+00	3.054202e+00	3.535619e-05	0.000000e+00	8.575450e-06
3.054203e+00	3.090332e+00	3.183445e-05	5.270835e-07	5.397797e-06
3.090330e+00	3.126459e+00	1.777013e-05	0.000000e+00	1.042890e-05
3.126460e+00	3.162589e+00	2.371515e-05	0.000000e+00	1.752805e-06
3.162590e+00	3.198719e+00	1.181648e-05	0.000000e+00	7.879905e-06
3.198717e+00	3.234846e+00	1.699228e-05	6.797669e-07	1.095635e-06
3.234847e+00	3.270976e+00	1.298950e-05	0.000000e+00	3.306922e-06
3.270977e+00	3.307106e+00	1.335883e-05	1.399308e-06	0.000000e+00
3.307105e+00	3.343235e+00	9.764805e-06	3.472577e-06	1.603761e-06
3.343234e+00	3.379363e+00	7.856824e-06	5.595228e-08	9.366437e-07
3.379364e+00	3.415493e+00	6.901675e-06	0.000000e+00	4.638213e-07
3.415494e+00	3.451623e+00	6.219821e-06	0.000000e+00	1.553486e-06
3.451621e+00	3.487750e+00	4.825940e-06	0.000000e+00	1.938974e-06
3.487751e+00	3.523880e+00	3.835199e-06	0.000000e+00	1.587132e-06
3.523881e+00	3.560010e+00	2.959747e-06	2.838825e-07	9.787401e-07
3.560009e+00	3.596139e+00	2.741581e-06	0.000000e+00	1.033841e-06
3.596138e+00	3.632267e+00	2.633300e-06	4.834053e-07	6.025852e-08
3.632268e+00	3.668397e+00	2.609158e-06	2.293272e-06	0.000000e+00
3.668398e+00	3.704527e+00	1.332777e-06	0.000000e+00	1.321086e-06
3.704525e+00	3.740654e+00	2.315174e-07	0.000000e+00	1.688048e-06
3.740655e+00	3.776784e+00	1.041367e-06	0.000000e+00	8.351623e-07
3.776785e+00	3.812914e+00	1.583322e-06	3.043403e-07	2.775026e-07
# END HISTO1D

