# BEGIN PLOT
Scale=1000.0
DrawOnly=//homes/tinghua1/Merging-Project/Production/HJETS/ratio-plots/hjets-vbfnlo/H-N2-N3-4-25gev-combine.yoda/MC_H2JETS_07_INC/trijet_mass //homes/tinghua1/Merging-Project/Production/HJETS/ratio-plots/hjets-vbfnlo/H-N2-N3-4-25gev-vbfnlo-combine.yoda/MC_H2JETS_07_INC/trijet_mass //homes/tinghua1/Merging-Project/Production/HJETS/ratio-plots/hjets-vbfnlo/H-N2-3-4-25gev-combine.yoda/MC_H2JETS_07_INC/trijet_mass //homes/tinghua1/Merging-Project/Production/HJETS/ratio-plots/hjets-vbfnlo/H-N2-3-4-25gev-vbfnlo-combine.yoda/MC_H2JETS_07_INC/trijet_mass //homes/tinghua1/Merging-Project/Production/HJETS/ratio-plots/hjets-vbfnlo/H-2-3-4-25gev-combine.yoda/MC_H2JETS_07_INC/trijet_mass //homes/tinghua1/Merging-Project/Production/HJETS/ratio-plots/hjets-vbfnlo/H-2-3-4-25gev-vbfnlo-combine.yoda/MC_H2JETS_07_INC/trijet_mass //homes/tinghua1/Merging-Project/Production/HJETS/ratio-plots/hjets-vbfnlo/H-2-3-25gev-combine.yoda/MC_H2JETS_07_INC/trijet_mass //homes/tinghua1/Merging-Project/Production/HJETS/ratio-plots/hjets-vbfnlo/H-2-3-25gev-vbfnlo-combine.yoda/MC_H2JETS_07_INC/trijet_mass
RightMargin=0.5
RatioPlotReference=//homes/tinghua1/Merging-Project/Production/HJETS/ratio-plots/hjets-vbfnlo/H-N2-N3-4-25gev-combine.yoda/MC_H2JETS_07_INC/trijet_mass
#RatioPlot=1
LogY=1
RatioPlotYMax=2.0
RatioPlotYLabel=Ratio
#LegendOnly=//homes/tinghua1/Merging-Project/Production/HJETS/ratio-plots/hjets-vbfnlo/H-N2-N3-4-25gev-combine.yoda/MC_H2JETS_07_INC/trijet_mass //homes/tinghua1/Merging-Project/Production/HJETS/ratio-plots/hjets-vbfnlo/H-N2-N3-4-25gev-vbfnlo-combine.yoda/MC_H2JETS_07_INC/trijet_mass //homes/tinghua1/Merging-Project/Production/HJETS/ratio-plots/hjets-vbfnlo/H-N2-3-4-25gev-combine.yoda/MC_H2JETS_07_INC/trijet_mass //homes/tinghua1/Merging-Project/Production/HJETS/ratio-plots/hjets-vbfnlo/H-N2-3-4-25gev-vbfnlo-combine.yoda/MC_H2JETS_07_INC/trijet_mass //homes/tinghua1/Merging-Project/Production/HJETS/ratio-plots/hjets-vbfnlo/H-2-3-4-25gev-combine.yoda/MC_H2JETS_07_INC/trijet_mass //homes/tinghua1/Merging-Project/Production/HJETS/ratio-plots/hjets-vbfnlo/H-2-3-4-25gev-vbfnlo-combine.yoda/MC_H2JETS_07_INC/trijet_mass //homes/tinghua1/Merging-Project/Production/HJETS/ratio-plots/hjets-vbfnlo/H-2-3-25gev-combine.yoda/MC_H2JETS_07_INC/trijet_mass //homes/tinghua1/Merging-Project/Production/HJETS/ratio-plots/hjets-vbfnlo/H-2-3-25gev-vbfnlo-combine.yoda/MC_H2JETS_07_INC/trijet_mass
XLabel=$m_{j_1j_2j_3}$ (GeV)
LegendAlign=r
YLabel=$ \text{d} \sigma/ \text{d}  m_{j_1j_2j_3}$ (fb/GeV)
Legend=1
RatioPlot=4
MainPlotSelection={"Selection":[1,2,3,4,5,6,7,8]}
RatioPlots={"RatioPlotYLabel":"","Selection":[1,2]};{"RatioPlotYLabel":"","Selection":[3,4]};{"RatioPlotYLabel":"","Selection":[5,6]};{"RatioPlotYLabel":"","Selection":[7,8]}
RatioPlotSameStyle=1
RatioPlotYMin=0.0
# END PLOT


# BEGIN SPECIAL /MC_H2JETS_07_INC/trijet_mass
\rput[tl](0.05,0.75){\parbox{5cm}{\textcolor{gray}{{\bf Herwig 7.2.0} \\ HJETS/ColorFull}}}
# END SPECIAL

# BEGIN HISTO1D //homes/tinghua1/Merging-Project/Production/HJETS/ratio-plots/hjets-vbfnlo/H-N2-N3-4-25gev-combine.yoda/MC_H2JETS_07_INC/trijet_mass
ErrorBandColor=orange
ErrorBandOpacity=0.3
ErrorBands=1
ErrorType=env
LineColor=orange
LineStyle=solid
Path=//homes/tinghua1/Merging-Project/Production/HJETS/ratio-plots/hjets-vbfnlo/H-N2-N3-4-25gev-combine.yoda/MC_H2JETS_07_INC/trijet_mass
RatioPlotSameStyle=1
Title=h(2*,3*,4)
# xlow	 xhigh	 val	 errminus	 errplus
0.000000e+00	2.000000e+01	0.000000e+00	0.000000e+00	0.000000e+00
2.000000e+01	4.000000e+01	4.117033e-09	7.887190e-10	0.000000e+00
4.000000e+01	6.000000e+01	2.590665e-06	0.000000e+00	5.767360e-07
6.000000e+01	8.000000e+01	7.101805e-05	4.701400e-06	7.166500e-06
8.000000e+01	1.000000e+02	3.191298e-04	0.000000e+00	2.725595e-05
1.000000e+02	1.200000e+02	7.907615e-04	5.694800e-05	3.592800e-05
1.200000e+02	1.400000e+02	1.596904e-03	5.753150e-05	1.026425e-04
1.400000e+02	1.600000e+02	2.088358e-03	1.016755e-04	1.505310e-04
1.600000e+02	1.800000e+02	2.177073e-03	3.320400e-05	1.132835e-04
1.800000e+02	2.000000e+02	2.037085e-03	1.195060e-04	7.424150e-05
2.000000e+02	2.200000e+02	1.815669e-03	5.461450e-05	1.880855e-04
2.200000e+02	2.400000e+02	1.723312e-03	1.755835e-04	5.733350e-05
2.400000e+02	2.600000e+02	1.597106e-03	2.550060e-04	6.653400e-05
2.600000e+02	2.800000e+02	1.356064e-03	7.713800e-05	8.777500e-05
2.800000e+02	3.000000e+02	1.261270e-03	1.016910e-04	6.456450e-05
3.000000e+02	3.200000e+02	1.205003e-03	1.269440e-04	4.699950e-05
3.200000e+02	3.400000e+02	1.036143e-03	6.953100e-05	9.969950e-05
3.400000e+02	3.600000e+02	9.779645e-04	7.766250e-05	1.064405e-04
3.600000e+02	3.800000e+02	9.001300e-04	4.057350e-05	3.950250e-05
3.800000e+02	4.000000e+02	8.678745e-04	5.895500e-05	4.876500e-05
4.000000e+02	4.200000e+02	7.685480e-04	6.145000e-05	8.454900e-05
4.200000e+02	4.400000e+02	7.853060e-04	5.563450e-05	1.074960e-04
4.400000e+02	4.600000e+02	7.342875e-04	7.634650e-05	4.590750e-05
4.600000e+02	4.800000e+02	7.036455e-04	0.000000e+00	8.790550e-05
4.800000e+02	5.000000e+02	6.608720e-04	3.630550e-05	0.000000e+00
5.000000e+02	5.200000e+02	6.360270e-04	6.977500e-05	4.129400e-05
5.200000e+02	5.400000e+02	6.442795e-04	5.970350e-05	1.734600e-05
5.400000e+02	5.600000e+02	5.908700e-04	4.300000e-05	4.253800e-05
5.600000e+02	5.800000e+02	5.637185e-04	3.931100e-05	1.358855e-04
5.800000e+02	6.000000e+02	5.735230e-04	6.476100e-05	5.547000e-06
6.000000e+02	6.200000e+02	5.951760e-04	1.207907e-04	0.000000e+00
6.200000e+02	6.400000e+02	5.479020e-04	7.222785e-05	1.754150e-05
6.400000e+02	6.600000e+02	4.839138e-04	2.215745e-05	2.058470e-05
6.600000e+02	6.800000e+02	4.709383e-04	2.321205e-05	4.101625e-05
6.800000e+02	7.000000e+02	4.103694e-04	0.000000e+00	8.022040e-05
7.000000e+02	7.200000e+02	4.378702e-04	1.769050e-05	5.574900e-05
7.200000e+02	7.400000e+02	4.321896e-04	4.119040e-05	2.275160e-05
7.400000e+02	7.600000e+02	4.502858e-04	5.959080e-05	2.445250e-06
7.600000e+02	7.800000e+02	4.074055e-04	4.044690e-05	5.184370e-05
7.800000e+02	8.000000e+02	3.429494e-04	0.000000e+00	7.376120e-05
8.000000e+02	8.200000e+02	4.062679e-04	6.230630e-05	1.303250e-05
8.200000e+02	8.400000e+02	3.665027e-04	2.161540e-05	4.307485e-05
8.400000e+02	8.600000e+02	3.484517e-04	1.569090e-05	4.192315e-05
8.600000e+02	8.800000e+02	3.322511e-04	0.000000e+00	4.684275e-05
8.800000e+02	9.000000e+02	3.313515e-04	2.312930e-05	2.920225e-05
9.000000e+02	9.200000e+02	3.228894e-04	1.608690e-05	2.096685e-05
9.200000e+02	9.400000e+02	3.274668e-04	4.308640e-05	6.103800e-06
9.400000e+02	9.600000e+02	3.197388e-04	3.758690e-05	0.000000e+00
9.600000e+02	9.800000e+02	2.884795e-04	0.000000e+00	4.751590e-05
9.800000e+02	1.000000e+03	2.876209e-04	1.747935e-05	3.224295e-05
# END HISTO1D


# BEGIN HISTO1D //homes/tinghua1/Merging-Project/Production/HJETS/ratio-plots/hjets-vbfnlo/H-N2-N3-4-25gev-vbfnlo-combine.yoda/MC_H2JETS_07_INC/trijet_mass
ErrorBandColor=red
ErrorBandOpacity=0.3
ErrorBands=1
ErrorType=env
LineColor=red
LineStyle=solid
Path=//homes/tinghua1/Merging-Project/Production/HJETS/ratio-plots/hjets-vbfnlo/H-N2-N3-4-25gev-vbfnlo-combine.yoda/MC_H2JETS_07_INC/trijet_mass
RatioPlotSameStyle=1
Title=h(2*,3*,4)-vbfnlo
# xlow	 xhigh	 val	 errminus	 errplus
0.000000e+00	2.000000e+01	0.000000e+00	0.000000e+00	0.000000e+00
2.000000e+01	4.000000e+01	4.353806e-09	8.071410e-10	2.225715e-08
4.000000e+01	6.000000e+01	1.232917e-06	3.002300e-08	1.882805e-07
6.000000e+01	8.000000e+01	1.127343e-05	0.000000e+00	1.885075e-06
8.000000e+01	1.000000e+02	3.750166e-05	0.000000e+00	1.113810e-05
1.000000e+02	1.200000e+02	7.772630e-05	0.000000e+00	2.116520e-05
1.200000e+02	1.400000e+02	1.306864e-04	0.000000e+00	3.731660e-05
1.400000e+02	1.600000e+02	1.842197e-04	0.000000e+00	4.566210e-05
1.600000e+02	1.800000e+02	2.340722e-04	0.000000e+00	4.732950e-05
1.800000e+02	2.000000e+02	2.795796e-04	0.000000e+00	3.143465e-05
2.000000e+02	2.200000e+02	3.174531e-04	0.000000e+00	3.939735e-05
2.200000e+02	2.400000e+02	3.833403e-04	1.966605e-05	1.030290e-05
2.400000e+02	2.600000e+02	3.714628e-04	0.000000e+00	3.588375e-05
2.600000e+02	2.800000e+02	3.959176e-04	0.000000e+00	3.217150e-05
2.800000e+02	3.000000e+02	4.071297e-04	0.000000e+00	3.149070e-05
3.000000e+02	3.200000e+02	4.167999e-04	0.000000e+00	3.934725e-05
3.200000e+02	3.400000e+02	4.287761e-04	0.000000e+00	2.063590e-05
3.400000e+02	3.600000e+02	4.349808e-04	0.000000e+00	4.421075e-05
3.600000e+02	3.800000e+02	4.314627e-04	0.000000e+00	5.059270e-05
3.800000e+02	4.000000e+02	4.417185e-04	0.000000e+00	3.406200e-05
4.000000e+02	4.200000e+02	4.393240e-04	0.000000e+00	1.837495e-05
4.200000e+02	4.400000e+02	4.419333e-04	0.000000e+00	3.004900e-05
4.400000e+02	4.600000e+02	4.413988e-04	0.000000e+00	2.649235e-05
4.600000e+02	4.800000e+02	4.335991e-04	0.000000e+00	1.728585e-05
4.800000e+02	5.000000e+02	4.366370e-04	0.000000e+00	2.997075e-05
5.000000e+02	5.200000e+02	4.256200e-04	0.000000e+00	2.277290e-05
5.200000e+02	5.400000e+02	4.294312e-04	0.000000e+00	1.078150e-05
5.400000e+02	5.600000e+02	4.051925e-04	0.000000e+00	3.378660e-05
5.600000e+02	5.800000e+02	4.053798e-04	0.000000e+00	2.960920e-05
5.800000e+02	6.000000e+02	3.982438e-04	0.000000e+00	4.038900e-05
6.000000e+02	6.200000e+02	3.930481e-04	0.000000e+00	3.264675e-05
6.200000e+02	6.400000e+02	3.715991e-04	0.000000e+00	2.912470e-05
6.400000e+02	6.600000e+02	3.804423e-04	0.000000e+00	1.648562e-04
6.600000e+02	6.800000e+02	3.632116e-04	0.000000e+00	2.801880e-05
6.800000e+02	7.000000e+02	3.646943e-04	0.000000e+00	2.468165e-05
7.000000e+02	7.200000e+02	3.469987e-04	0.000000e+00	3.849195e-05
7.200000e+02	7.400000e+02	3.450087e-04	0.000000e+00	1.802395e-05
7.400000e+02	7.600000e+02	3.346336e-04	0.000000e+00	2.748710e-05
7.600000e+02	7.800000e+02	3.217943e-04	0.000000e+00	3.865510e-05
7.800000e+02	8.000000e+02	3.167835e-04	0.000000e+00	2.446725e-05
8.000000e+02	8.200000e+02	3.088204e-04	0.000000e+00	2.185375e-05
8.200000e+02	8.400000e+02	3.074979e-04	0.000000e+00	1.739570e-05
8.400000e+02	8.600000e+02	2.880678e-04	0.000000e+00	2.649915e-05
8.600000e+02	8.800000e+02	2.871799e-04	0.000000e+00	4.261865e-05
8.800000e+02	9.000000e+02	2.912536e-04	0.000000e+00	6.417700e-06
9.000000e+02	9.200000e+02	2.761408e-04	0.000000e+00	2.296060e-05
9.200000e+02	9.400000e+02	2.695375e-04	0.000000e+00	1.689485e-05
9.400000e+02	9.600000e+02	2.578095e-04	0.000000e+00	2.056790e-05
9.600000e+02	9.800000e+02	2.492322e-04	0.000000e+00	1.887725e-05
9.800000e+02	1.000000e+03	2.431068e-04	0.000000e+00	2.389300e-05
# END HISTO1D


# BEGIN HISTO1D //homes/tinghua1/Merging-Project/Production/HJETS/ratio-plots/hjets-vbfnlo/H-N2-3-4-25gev-combine.yoda/MC_H2JETS_07_INC/trijet_mass
ErrorBandColor=blue
ErrorBandOpacity=0.3
ErrorBands=1
ErrorType=env
LineColor=blue
LineStyle=solid
Path=//homes/tinghua1/Merging-Project/Production/HJETS/ratio-plots/hjets-vbfnlo/H-N2-3-4-25gev-combine.yoda/MC_H2JETS_07_INC/trijet_mass
RatioPlotSameStyle=1
Title=h(2*,3,4)
# xlow	 xhigh	 val	 errminus	 errplus
0.000000e+00	2.000000e+01	0.000000e+00	0.000000e+00	0.000000e+00
2.000000e+01	4.000000e+01	5.075085e-09	9.301425e-10	0.000000e+00
4.000000e+01	6.000000e+01	2.761635e-06	2.565890e-07	3.554655e-07
6.000000e+01	8.000000e+01	7.189675e-05	0.000000e+00	3.396900e-06
8.000000e+01	1.000000e+02	3.322096e-04	1.799000e-06	2.081030e-05
1.000000e+02	1.200000e+02	7.841010e-04	4.902750e-05	6.882300e-05
1.200000e+02	1.400000e+02	1.566040e-03	7.152350e-05	9.628750e-05
1.400000e+02	1.600000e+02	2.020771e-03	1.257830e-04	1.276965e-04
1.600000e+02	1.800000e+02	2.065093e-03	1.365050e-04	1.781840e-04
1.800000e+02	2.000000e+02	1.960621e-03	1.683270e-04	1.672190e-04
2.000000e+02	2.200000e+02	1.772967e-03	1.441940e-04	1.759850e-04
2.200000e+02	2.400000e+02	1.598475e-03	1.418615e-04	1.726465e-04
2.400000e+02	2.600000e+02	1.439685e-03	1.363200e-04	1.529085e-04
2.600000e+02	2.800000e+02	1.312470e-03	1.224500e-04	1.445505e-04
2.800000e+02	3.000000e+02	1.200060e-03	1.292295e-04	1.373105e-04
3.000000e+02	3.200000e+02	1.097971e-03	1.114820e-04	1.334545e-04
3.200000e+02	3.400000e+02	1.020360e-03	1.084350e-04	1.225150e-04
3.400000e+02	3.600000e+02	9.429170e-04	9.271950e-05	1.334795e-04
3.600000e+02	3.800000e+02	8.858975e-04	8.415950e-05	1.152490e-04
3.800000e+02	4.000000e+02	8.436100e-04	9.947450e-05	9.540050e-05
4.000000e+02	4.200000e+02	7.993035e-04	8.929700e-05	8.994000e-05
4.200000e+02	4.400000e+02	7.596290e-04	8.299550e-05	9.203150e-05
4.400000e+02	4.600000e+02	7.377530e-04	8.953350e-05	1.363775e-04
4.600000e+02	4.800000e+02	6.871985e-04	6.471100e-05	9.038500e-05
4.800000e+02	5.000000e+02	6.594205e-04	6.684650e-05	8.157750e-05
5.000000e+02	5.200000e+02	6.324895e-04	6.989450e-05	9.031100e-05
5.200000e+02	5.400000e+02	6.139170e-04	7.055600e-05	7.357150e-05
5.400000e+02	5.600000e+02	5.831325e-04	6.492900e-05	1.013760e-04
5.600000e+02	5.800000e+02	5.622735e-04	5.941050e-05	7.610850e-05
5.800000e+02	6.000000e+02	5.429065e-04	5.763670e-05	6.793500e-05
6.000000e+02	6.200000e+02	5.232070e-04	6.108330e-05	5.886150e-05
6.200000e+02	6.400000e+02	4.953770e-04	5.245685e-05	7.688300e-05
6.400000e+02	6.600000e+02	4.868677e-04	4.589335e-05	6.532425e-05
6.600000e+02	6.800000e+02	4.812261e-04	6.258950e-05	4.973985e-05
6.800000e+02	7.000000e+02	4.572746e-04	5.437445e-05	5.819985e-05
7.000000e+02	7.200000e+02	4.437318e-04	5.494225e-05	5.681265e-05
7.200000e+02	7.400000e+02	4.241403e-04	5.085265e-05	5.327240e-05
7.400000e+02	7.600000e+02	4.088332e-04	4.164830e-05	5.946255e-05
7.600000e+02	7.800000e+02	3.986117e-04	4.512625e-05	5.313485e-05
7.800000e+02	8.000000e+02	3.831074e-04	4.140965e-05	4.990195e-05
8.000000e+02	8.200000e+02	3.623351e-04	2.890920e-05	5.987600e-05
8.200000e+02	8.400000e+02	3.621798e-04	3.885185e-05	4.983635e-05
8.400000e+02	8.600000e+02	3.507354e-04	4.436550e-05	4.884230e-05
8.600000e+02	8.800000e+02	3.360809e-04	2.769220e-05	2.076825e-05
8.800000e+02	9.000000e+02	3.279239e-04	3.698185e-05	4.620345e-05
9.000000e+02	9.200000e+02	3.212579e-04	4.157410e-05	4.024415e-05
9.200000e+02	9.400000e+02	3.106952e-04	3.240630e-05	4.350310e-05
9.400000e+02	9.600000e+02	2.989689e-04	4.196610e-05	4.241315e-05
9.600000e+02	9.800000e+02	2.869359e-04	3.368650e-05	4.633280e-05
9.800000e+02	1.000000e+03	2.825202e-04	3.190440e-05	3.893595e-05
# END HISTO1D


# BEGIN HISTO1D //homes/tinghua1/Merging-Project/Production/HJETS/ratio-plots/hjets-vbfnlo/H-N2-3-4-25gev-vbfnlo-combine.yoda/MC_H2JETS_07_INC/trijet_mass
ErrorBandColor=cyan
ErrorBandOpacity=0.3
ErrorBands=1
ErrorType=env
LineColor=cyan
LineStyle=solid
Path=//homes/tinghua1/Merging-Project/Production/HJETS/ratio-plots/hjets-vbfnlo/H-N2-3-4-25gev-vbfnlo-combine.yoda/MC_H2JETS_07_INC/trijet_mass
RatioPlotSameStyle=1
Title=h(2*,3,4)-vbfnlo
# xlow	 xhigh	 val	 errminus	 errplus
0.000000e+00	2.000000e+01	0.000000e+00	0.000000e+00	0.000000e+00
2.000000e+01	4.000000e+01	3.388288e-09	1.482575e-09	0.000000e+00
4.000000e+01	6.000000e+01	1.442055e-06	2.235605e-07	0.000000e+00
6.000000e+01	8.000000e+01	1.194443e-05	9.377300e-07	2.377970e-06
8.000000e+01	1.000000e+02	4.065619e-05	3.956745e-06	7.492110e-06
1.000000e+02	1.200000e+02	8.667180e-05	1.006150e-05	1.763965e-05
1.200000e+02	1.400000e+02	1.431112e-04	1.381455e-05	2.308455e-05
1.400000e+02	1.600000e+02	2.001425e-04	2.086015e-05	2.917525e-05
1.600000e+02	1.800000e+02	2.497457e-04	1.749855e-05	3.538555e-05
1.800000e+02	2.000000e+02	2.957975e-04	2.170970e-05	3.608295e-05
2.000000e+02	2.200000e+02	3.313786e-04	2.191985e-05	3.395960e-05
2.200000e+02	2.400000e+02	3.664718e-04	2.929795e-05	3.452010e-05
2.400000e+02	2.600000e+02	3.889219e-04	2.756220e-05	3.573815e-05
2.600000e+02	2.800000e+02	4.120578e-04	3.103950e-05	3.407385e-05
2.800000e+02	3.000000e+02	4.288606e-04	3.446390e-05	2.709375e-05
3.000000e+02	3.200000e+02	4.352581e-04	2.835495e-05	3.500580e-05
3.200000e+02	3.400000e+02	4.430090e-04	3.049610e-05	4.375000e-05
3.400000e+02	3.600000e+02	4.512877e-04	3.033930e-05	3.669300e-05
3.600000e+02	3.800000e+02	4.581623e-04	3.163990e-05	3.332620e-05
3.800000e+02	4.000000e+02	4.529280e-04	2.671815e-05	4.208970e-05
4.000000e+02	4.200000e+02	4.568549e-04	3.555020e-05	3.774120e-05
4.200000e+02	4.400000e+02	4.524659e-04	3.273620e-05	3.963470e-05
4.400000e+02	4.600000e+02	4.530848e-04	3.624450e-05	3.318515e-05
4.600000e+02	4.800000e+02	4.484754e-04	3.211335e-05	3.612390e-05
4.800000e+02	5.000000e+02	4.423619e-04	3.190325e-05	3.927645e-05
5.000000e+02	5.200000e+02	4.391038e-04	3.574590e-05	3.570635e-05
5.200000e+02	5.400000e+02	4.272732e-04	2.995120e-05	4.205785e-05
5.400000e+02	5.600000e+02	4.256919e-04	3.584840e-05	3.255190e-05
5.600000e+02	5.800000e+02	4.196166e-04	3.859610e-05	3.459265e-05
5.800000e+02	6.000000e+02	4.098665e-04	1.971065e-05	4.109615e-05
6.000000e+02	6.200000e+02	4.041538e-04	3.776590e-05	3.447430e-05
6.200000e+02	6.400000e+02	3.923301e-04	3.408970e-05	3.730725e-05
6.400000e+02	6.600000e+02	3.851939e-04	3.229200e-05	4.072785e-05
6.600000e+02	6.800000e+02	3.759793e-04	3.247855e-05	3.940705e-05
6.800000e+02	7.000000e+02	3.674486e-04	3.021830e-05	4.063965e-05
7.000000e+02	7.200000e+02	3.614580e-04	3.523400e-05	3.784925e-05
7.200000e+02	7.400000e+02	3.530288e-04	2.872395e-05	3.403255e-05
7.400000e+02	7.600000e+02	3.450951e-04	3.123240e-05	3.492425e-05
7.600000e+02	7.800000e+02	3.334669e-04	3.020995e-05	3.714485e-05
7.800000e+02	8.000000e+02	3.286601e-04	3.184600e-05	2.871655e-05
8.000000e+02	8.200000e+02	3.207562e-04	3.119335e-05	3.615120e-05
8.200000e+02	8.400000e+02	3.130121e-04	2.947445e-05	3.142535e-05
8.400000e+02	8.600000e+02	3.056047e-04	3.153415e-05	3.167680e-05
8.600000e+02	8.800000e+02	2.956959e-04	2.492150e-05	3.384090e-05
8.800000e+02	9.000000e+02	2.906546e-04	3.172970e-05	3.134240e-05
9.000000e+02	9.200000e+02	2.796240e-04	2.750490e-05	3.462910e-05
9.200000e+02	9.400000e+02	2.748620e-04	2.856975e-05	3.185625e-05
9.400000e+02	9.600000e+02	2.676373e-04	2.717405e-05	3.099125e-05
9.600000e+02	9.800000e+02	2.604889e-04	2.567005e-05	3.029320e-05
9.800000e+02	1.000000e+03	2.540202e-04	2.890040e-05	3.097565e-05
# END HISTO1D


# BEGIN HISTO1D //homes/tinghua1/Merging-Project/Production/HJETS/ratio-plots/hjets-vbfnlo/H-2-3-4-25gev-combine.yoda/MC_H2JETS_07_INC/trijet_mass
ErrorBandColor=yellow
ErrorBandOpacity=0.3
ErrorBands=1
ErrorType=env
LineColor=yellow
LineStyle=solid
Path=//homes/tinghua1/Merging-Project/Production/HJETS/ratio-plots/hjets-vbfnlo/H-2-3-4-25gev-combine.yoda/MC_H2JETS_07_INC/trijet_mass
RatioPlotSameStyle=1
Title=h(2,3,4)
# xlow	 xhigh	 val	 errminus	 errplus
0.000000e+00	2.000000e+01	0.000000e+00	0.000000e+00	0.000000e+00
2.000000e+01	4.000000e+01	3.381638e-09	0.000000e+00	2.483591e-09
4.000000e+01	6.000000e+01	2.543737e-06	0.000000e+00	1.857355e-07
6.000000e+01	8.000000e+01	6.284165e-05	0.000000e+00	3.509900e-06
8.000000e+01	1.000000e+02	2.878478e-04	9.808000e-07	4.165400e-06
1.000000e+02	1.200000e+02	6.444860e-04	2.344950e-05	5.578000e-06
1.200000e+02	1.400000e+02	1.320561e-03	2.982300e-05	1.965400e-05
1.400000e+02	1.600000e+02	1.735506e-03	6.974800e-05	4.063600e-05
1.600000e+02	1.800000e+02	1.808751e-03	8.435450e-05	7.909850e-05
1.800000e+02	2.000000e+02	1.701712e-03	9.023600e-05	9.934550e-05
2.000000e+02	2.200000e+02	1.558573e-03	9.667800e-05	1.017550e-04
2.200000e+02	2.400000e+02	1.411563e-03	9.701300e-05	9.120750e-05
2.400000e+02	2.600000e+02	1.278736e-03	9.478650e-05	9.393150e-05
2.600000e+02	2.800000e+02	1.166672e-03	9.150000e-05	9.088750e-05
2.800000e+02	3.000000e+02	1.069084e-03	9.266100e-05	7.309400e-05
3.000000e+02	3.200000e+02	9.866665e-04	7.895350e-05	8.099300e-05
3.200000e+02	3.400000e+02	9.114540e-04	7.752200e-05	7.690950e-05
3.400000e+02	3.600000e+02	8.582595e-04	8.001300e-05	6.632900e-05
3.600000e+02	3.800000e+02	8.040960e-04	7.585150e-05	7.386650e-05
3.800000e+02	4.000000e+02	7.738970e-04	8.126900e-05	5.763350e-05
4.000000e+02	4.200000e+02	7.213355e-04	5.780950e-05	6.313800e-05
4.200000e+02	4.400000e+02	6.921270e-04	6.046100e-05	6.300450e-05
4.400000e+02	4.600000e+02	6.568005e-04	6.023000e-05	7.777550e-05
4.600000e+02	4.800000e+02	6.380095e-04	6.293750e-05	6.489150e-05
4.800000e+02	5.000000e+02	6.101280e-04	5.775650e-05	6.292700e-05
5.000000e+02	5.200000e+02	5.889825e-04	5.657000e-05	6.583200e-05
5.200000e+02	5.400000e+02	5.717795e-04	6.022000e-05	5.505800e-05
5.400000e+02	5.600000e+02	5.470825e-04	5.026520e-05	5.805900e-05
5.600000e+02	5.800000e+02	5.273300e-04	5.244520e-05	6.399600e-05
5.800000e+02	6.000000e+02	5.214900e-04	6.242830e-05	4.755350e-05
6.000000e+02	6.200000e+02	4.928445e-04	4.916550e-05	7.220595e-05
6.200000e+02	6.400000e+02	4.794177e-04	4.794255e-05	5.849280e-05
6.400000e+02	6.600000e+02	4.669548e-04	4.825560e-05	6.027675e-05
6.600000e+02	6.800000e+02	4.830666e-04	8.150675e-05	3.149090e-05
6.800000e+02	7.000000e+02	4.463045e-04	5.525095e-05	5.220850e-05
7.000000e+02	7.200000e+02	4.270813e-04	4.751150e-05	5.523865e-05
7.200000e+02	7.400000e+02	4.234789e-04	5.579485e-05	4.891565e-05
7.400000e+02	7.600000e+02	4.002536e-04	4.245555e-05	5.933030e-05
7.600000e+02	7.800000e+02	3.939128e-04	4.864120e-05	5.153935e-05
7.800000e+02	8.000000e+02	3.816185e-04	4.735780e-05	5.593930e-05
8.000000e+02	8.200000e+02	3.748624e-04	4.954185e-05	4.970430e-05
8.200000e+02	8.400000e+02	3.614063e-04	4.147460e-05	4.766435e-05
8.400000e+02	8.600000e+02	3.524837e-04	4.858935e-05	5.534840e-05
8.600000e+02	8.800000e+02	3.341947e-04	3.981235e-05	5.223255e-05
8.800000e+02	9.000000e+02	3.258389e-04	3.990965e-05	4.842120e-05
9.000000e+02	9.200000e+02	3.153077e-04	3.932340e-05	5.386330e-05
9.200000e+02	9.400000e+02	3.081804e-04	3.796160e-05	4.736520e-05
9.400000e+02	9.600000e+02	3.022015e-04	3.736590e-05	4.281890e-05
9.600000e+02	9.800000e+02	2.938696e-04	3.946585e-05	4.290140e-05
9.800000e+02	1.000000e+03	2.798663e-04	3.279705e-05	4.905040e-05
# END HISTO1D


# BEGIN HISTO1D //homes/tinghua1/Merging-Project/Production/HJETS/ratio-plots/hjets-vbfnlo/H-2-3-4-25gev-vbfnlo-combine.yoda/MC_H2JETS_07_INC/trijet_mass
ErrorBandColor=green
ErrorBandOpacity=0.3
ErrorBands=1
ErrorType=env
LineColor=green
LineStyle=solid
Path=//homes/tinghua1/Merging-Project/Production/HJETS/ratio-plots/hjets-vbfnlo/H-2-3-4-25gev-vbfnlo-combine.yoda/MC_H2JETS_07_INC/trijet_mass
RatioPlotSameStyle=1
Title=h(2,3,4)-vbfnlo
# xlow	 xhigh	 val	 errminus	 errplus
0.000000e+00	2.000000e+01	0.000000e+00	0.000000e+00	0.000000e+00
2.000000e+01	4.000000e+01	1.768534e-09	0.000000e+00	1.453387e-09
4.000000e+01	6.000000e+01	1.233581e-06	2.781600e-08	1.079860e-07
6.000000e+01	8.000000e+01	1.196057e-05	1.201700e-06	2.402290e-06
8.000000e+01	1.000000e+02	4.115839e-05	5.365795e-06	6.776740e-06
1.000000e+02	1.200000e+02	8.736015e-05	9.494000e-06	1.513575e-05
1.200000e+02	1.400000e+02	1.450055e-04	1.327125e-05	2.143220e-05
1.400000e+02	1.600000e+02	2.051019e-04	1.914400e-05	2.524000e-05
1.600000e+02	1.800000e+02	2.591977e-04	2.063260e-05	2.631610e-05
1.800000e+02	2.000000e+02	3.071371e-04	2.240715e-05	2.563955e-05
2.000000e+02	2.200000e+02	3.504166e-04	2.667385e-05	2.182530e-05
2.200000e+02	2.400000e+02	3.837508e-04	2.643110e-05	2.649480e-05
2.400000e+02	2.600000e+02	4.130471e-04	2.935980e-05	2.757005e-05
2.600000e+02	2.800000e+02	4.313190e-04	3.138365e-05	2.718000e-05
2.800000e+02	3.000000e+02	4.447655e-04	2.776760e-05	2.938620e-05
3.000000e+02	3.200000e+02	4.603330e-04	2.803450e-05	2.646905e-05
3.200000e+02	3.400000e+02	4.656509e-04	2.991475e-05	2.997920e-05
3.400000e+02	3.600000e+02	4.713738e-04	3.042580e-05	3.150070e-05
3.600000e+02	3.800000e+02	4.775328e-04	3.453010e-05	3.164075e-05
3.800000e+02	4.000000e+02	4.766704e-04	3.327830e-05	3.368855e-05
4.000000e+02	4.200000e+02	4.774150e-04	3.455320e-05	3.423950e-05
4.200000e+02	4.400000e+02	4.753137e-04	3.624290e-05	3.604335e-05
4.400000e+02	4.600000e+02	4.738361e-04	3.794600e-05	3.479785e-05
4.600000e+02	4.800000e+02	4.679115e-04	3.642115e-05	3.668095e-05
4.800000e+02	5.000000e+02	4.647872e-04	3.829280e-05	3.701225e-05
5.000000e+02	5.200000e+02	4.589516e-04	3.884800e-05	4.008360e-05
5.200000e+02	5.400000e+02	4.533854e-04	4.125550e-05	4.117560e-05
5.400000e+02	5.600000e+02	4.440645e-04	3.874640e-05	4.104720e-05
5.600000e+02	5.800000e+02	4.390261e-04	4.143315e-05	3.852390e-05
5.800000e+02	6.000000e+02	4.283574e-04	3.848265e-05	4.238200e-05
6.000000e+02	6.200000e+02	4.242981e-04	4.204695e-05	4.104215e-05
6.200000e+02	6.400000e+02	4.137520e-04	4.098365e-05	3.957450e-05
6.400000e+02	6.600000e+02	4.094350e-04	4.176255e-05	3.867740e-05
6.600000e+02	6.800000e+02	3.952868e-04	3.861200e-05	4.479975e-05
6.800000e+02	7.000000e+02	3.892906e-04	4.364460e-05	4.577840e-05
7.000000e+02	7.200000e+02	3.806613e-04	4.090115e-05	4.228400e-05
7.200000e+02	7.400000e+02	3.693343e-04	3.845420e-05	4.562515e-05
7.400000e+02	7.600000e+02	3.633462e-04	3.928480e-05	4.206375e-05
7.600000e+02	7.800000e+02	3.524507e-04	3.911915e-05	4.384175e-05
7.800000e+02	8.000000e+02	3.457801e-04	4.125605e-05	4.382560e-05
8.000000e+02	8.200000e+02	3.366420e-04	4.018585e-05	4.402330e-05
8.200000e+02	8.400000e+02	3.280549e-04	3.959365e-05	4.225275e-05
8.400000e+02	8.600000e+02	3.209322e-04	4.063690e-05	4.237460e-05
8.600000e+02	8.800000e+02	3.125433e-04	3.894880e-05	4.046875e-05
8.800000e+02	9.000000e+02	3.058689e-04	3.912560e-05	3.960615e-05
9.000000e+02	9.200000e+02	2.992068e-04	4.571870e-05	3.697910e-05
9.200000e+02	9.400000e+02	2.895219e-04	3.806835e-05	3.985850e-05
9.400000e+02	9.600000e+02	2.807957e-04	3.597385e-05	4.078875e-05
9.600000e+02	9.800000e+02	2.739382e-04	3.545135e-05	4.008320e-05
9.800000e+02	1.000000e+03	2.659865e-04	3.556605e-05	3.985670e-05
# END HISTO1D


# BEGIN HISTO1D //homes/tinghua1/Merging-Project/Production/HJETS/ratio-plots/hjets-vbfnlo/H-2-3-25gev-combine.yoda/MC_H2JETS_07_INC/trijet_mass
ErrorBandColor=purple
ErrorBandOpacity=0.3
ErrorBands=1
ErrorType=env
LineColor=purple
LineStyle=solid
Path=//homes/tinghua1/Merging-Project/Production/HJETS/ratio-plots/hjets-vbfnlo/H-2-3-25gev-combine.yoda/MC_H2JETS_07_INC/trijet_mass
RatioPlotSameStyle=1
Title=h(2,3)
# xlow	 xhigh	 val	 errminus	 errplus
0.000000e+00	2.000000e+01	0.000000e+00	0.000000e+00	0.000000e+00
2.000000e+01	4.000000e+01	5.307465e-09	1.172935e-09	7.646650e-10
4.000000e+01	6.000000e+01	2.646264e-06	1.780680e-07	0.000000e+00
6.000000e+01	8.000000e+01	6.647395e-05	3.782700e-06	0.000000e+00
8.000000e+01	1.000000e+02	2.947272e-04	7.489100e-06	0.000000e+00
1.000000e+02	1.200000e+02	6.231330e-04	0.000000e+00	4.741000e-05
1.200000e+02	1.400000e+02	1.287909e-03	0.000000e+00	5.593250e-05
1.400000e+02	1.600000e+02	1.667981e-03	0.000000e+00	9.972950e-05
1.600000e+02	1.800000e+02	1.715178e-03	0.000000e+00	1.498445e-04
1.800000e+02	2.000000e+02	1.604784e-03	0.000000e+00	1.810870e-04
2.000000e+02	2.200000e+02	1.459392e-03	0.000000e+00	1.945210e-04
2.200000e+02	2.400000e+02	1.316163e-03	0.000000e+00	1.937325e-04
2.400000e+02	2.600000e+02	1.189006e-03	0.000000e+00	1.855360e-04
2.600000e+02	2.800000e+02	1.078506e-03	0.000000e+00	1.800995e-04
2.800000e+02	3.000000e+02	9.833305e-04	0.000000e+00	1.754830e-04
3.000000e+02	3.200000e+02	9.071445e-04	0.000000e+00	1.603715e-04
3.200000e+02	3.400000e+02	8.366625e-04	0.000000e+00	1.515995e-04
3.400000e+02	3.600000e+02	7.781755e-04	0.000000e+00	1.491730e-04
3.600000e+02	3.800000e+02	7.304760e-04	0.000000e+00	1.452170e-04
3.800000e+02	4.000000e+02	6.878810e-04	0.000000e+00	1.344980e-04
4.000000e+02	4.200000e+02	6.557145e-04	0.000000e+00	1.144140e-04
4.200000e+02	4.400000e+02	6.203475e-04	0.000000e+00	1.249175e-04
4.400000e+02	4.600000e+02	5.931495e-04	0.000000e+00	1.169425e-04
4.600000e+02	4.800000e+02	5.627835e-04	0.000000e+00	1.199955e-04
4.800000e+02	5.000000e+02	5.429715e-04	0.000000e+00	1.183340e-04
5.000000e+02	5.200000e+02	5.206875e-04	0.000000e+00	1.247070e-04
5.200000e+02	5.400000e+02	5.000790e-04	0.000000e+00	1.140280e-04
5.400000e+02	5.600000e+02	4.831108e-04	0.000000e+00	1.078657e-04
5.600000e+02	5.800000e+02	4.655179e-04	0.000000e+00	1.042526e-04
5.800000e+02	6.000000e+02	4.462933e-04	0.000000e+00	1.106927e-04
6.000000e+02	6.200000e+02	4.360677e-04	0.000000e+00	9.978030e-05
6.200000e+02	6.400000e+02	4.202751e-04	0.000000e+00	1.011744e-04
6.400000e+02	6.600000e+02	4.050537e-04	0.000000e+00	1.026098e-04
6.600000e+02	6.800000e+02	3.908981e-04	0.000000e+00	1.014186e-04
6.800000e+02	7.000000e+02	3.855295e-04	0.000000e+00	9.266445e-05
7.000000e+02	7.200000e+02	3.676099e-04	0.000000e+00	9.755425e-05
7.200000e+02	7.400000e+02	3.566551e-04	0.000000e+00	9.777440e-05
7.400000e+02	7.600000e+02	3.438555e-04	0.000000e+00	9.759345e-05
7.600000e+02	7.800000e+02	3.354094e-04	0.000000e+00	9.326665e-05
7.800000e+02	8.000000e+02	3.234322e-04	0.000000e+00	8.960225e-05
8.000000e+02	8.200000e+02	3.163827e-04	0.000000e+00	8.915805e-05
8.200000e+02	8.400000e+02	3.022368e-04	0.000000e+00	9.070385e-05
8.400000e+02	8.600000e+02	2.946838e-04	0.000000e+00	8.721025e-05
8.600000e+02	8.800000e+02	2.863760e-04	0.000000e+00	8.650030e-05
8.800000e+02	9.000000e+02	2.774078e-04	0.000000e+00	8.396440e-05
9.000000e+02	9.200000e+02	2.677454e-04	0.000000e+00	8.424660e-05
9.200000e+02	9.400000e+02	2.598491e-04	0.000000e+00	8.496080e-05
9.400000e+02	9.600000e+02	2.515845e-04	0.000000e+00	8.217380e-05
9.600000e+02	9.800000e+02	2.437241e-04	0.000000e+00	8.532460e-05
9.800000e+02	1.000000e+03	2.377731e-04	0.000000e+00	7.586035e-05
# END HISTO1D


# BEGIN HISTO1D //homes/tinghua1/Merging-Project/Production/HJETS/ratio-plots/hjets-vbfnlo/H-2-3-25gev-vbfnlo-combine.yoda/MC_H2JETS_07_INC/trijet_mass
ErrorBandColor=violet
ErrorBandOpacity=0.3
ErrorBands=1
ErrorType=env
LineColor=violet
LineStyle=solid
Path=//homes/tinghua1/Merging-Project/Production/HJETS/ratio-plots/hjets-vbfnlo/H-2-3-25gev-vbfnlo-combine.yoda/MC_H2JETS_07_INC/trijet_mass
RatioPlotSameStyle=1
Title=h(2,3)-vbfnlo
# xlow	 xhigh	 val	 errminus	 errplus
0.000000e+00	2.000000e+01	0.000000e+00	0.000000e+00	0.000000e+00
2.000000e+01	4.000000e+01	2.036519e-09	2.736140e-10	6.951550e-10
4.000000e+01	6.000000e+01	1.340373e-06	1.336840e-07	0.000000e+00
6.000000e+01	8.000000e+01	1.431444e-05	3.378440e-06	0.000000e+00
8.000000e+01	1.000000e+02	4.789286e-05	1.214203e-05	0.000000e+00
1.000000e+02	1.200000e+02	1.005197e-04	2.315265e-05	0.000000e+00
1.200000e+02	1.400000e+02	1.614999e-04	3.261750e-05	0.000000e+00
1.400000e+02	1.600000e+02	2.218096e-04	3.496775e-05	0.000000e+00
1.600000e+02	1.800000e+02	2.766686e-04	4.356750e-05	0.000000e+00
1.800000e+02	2.000000e+02	3.258281e-04	4.738100e-05	0.000000e+00
2.000000e+02	2.200000e+02	3.645499e-04	4.809890e-05	0.000000e+00
2.200000e+02	2.400000e+02	3.967300e-04	4.734070e-05	0.000000e+00
2.400000e+02	2.600000e+02	4.247867e-04	4.955440e-05	0.000000e+00
2.600000e+02	2.800000e+02	4.478139e-04	5.358905e-05	0.000000e+00
2.800000e+02	3.000000e+02	4.617930e-04	5.121330e-05	0.000000e+00
3.000000e+02	3.200000e+02	4.765472e-04	5.363040e-05	0.000000e+00
3.200000e+02	3.400000e+02	4.850435e-04	5.418395e-05	0.000000e+00
3.400000e+02	3.600000e+02	4.939738e-04	5.915695e-05	0.000000e+00
3.600000e+02	3.800000e+02	5.002205e-04	6.204510e-05	0.000000e+00
3.800000e+02	4.000000e+02	5.034190e-04	6.413260e-05	0.000000e+00
4.000000e+02	4.200000e+02	5.031770e-04	6.540100e-05	0.000000e+00
4.200000e+02	4.400000e+02	5.047940e-04	6.777380e-05	0.000000e+00
4.400000e+02	4.600000e+02	5.028030e-04	6.956395e-05	0.000000e+00
4.600000e+02	4.800000e+02	5.023710e-04	7.025695e-05	0.000000e+00
4.800000e+02	5.000000e+02	4.953858e-04	7.173300e-05	0.000000e+00
5.000000e+02	5.200000e+02	4.934295e-04	7.509850e-05	0.000000e+00
5.200000e+02	5.400000e+02	4.893411e-04	7.955240e-05	0.000000e+00
5.400000e+02	5.600000e+02	4.808393e-04	7.812345e-05	0.000000e+00
5.600000e+02	5.800000e+02	4.785020e-04	8.401150e-05	0.000000e+00
5.800000e+02	6.000000e+02	4.711753e-04	8.306350e-05	0.000000e+00
6.000000e+02	6.200000e+02	4.615872e-04	8.265745e-05	0.000000e+00
6.200000e+02	6.400000e+02	4.542821e-04	8.248530e-05	0.000000e+00
6.400000e+02	6.600000e+02	4.444270e-04	7.901320e-05	0.000000e+00
6.600000e+02	6.800000e+02	4.371607e-04	8.358240e-05	0.000000e+00
6.800000e+02	7.000000e+02	4.291418e-04	8.371265e-05	0.000000e+00
7.000000e+02	7.200000e+02	4.195223e-04	8.352075e-05	0.000000e+00
7.200000e+02	7.400000e+02	4.120525e-04	8.325870e-05	0.000000e+00
7.400000e+02	7.600000e+02	4.037442e-04	8.358865e-05	0.000000e+00
7.600000e+02	7.800000e+02	3.933969e-04	8.114855e-05	0.000000e+00
7.800000e+02	8.000000e+02	3.851901e-04	8.294720e-05	0.000000e+00
8.000000e+02	8.200000e+02	3.779445e-04	8.276955e-05	0.000000e+00
8.200000e+02	8.400000e+02	3.678449e-04	7.979135e-05	0.000000e+00
8.400000e+02	8.600000e+02	3.593072e-04	8.489835e-05	0.000000e+00
8.600000e+02	8.800000e+02	3.523391e-04	7.959735e-05	0.000000e+00
8.800000e+02	9.000000e+02	3.437987e-04	7.867690e-05	0.000000e+00
9.000000e+02	9.200000e+02	3.340490e-04	7.683840e-05	0.000000e+00
9.200000e+02	9.400000e+02	3.276412e-04	7.740525e-05	0.000000e+00
9.400000e+02	9.600000e+02	3.188142e-04	7.491545e-05	0.000000e+00
9.600000e+02	9.800000e+02	3.109661e-04	7.526565e-05	0.000000e+00
9.800000e+02	1.000000e+03	3.031640e-04	7.316575e-05	0.000000e+00
# END HISTO1D

