# BEGIN PLOT
Scale=1000.0
DrawOnly=//homes/tinghua1/Merging-Project/Production/HJETS/ratio-plots/hjets-vbfnlo/H-N2-N3-4-25gev-combine.yoda/MC_H2JETS_04_LOOSE/j1j3_mass //homes/tinghua1/Merging-Project/Production/HJETS/ratio-plots/hjets-vbfnlo/H-N2-N3-4-25gev-vbfnlo-combine.yoda/MC_H2JETS_04_LOOSE/j1j3_mass //homes/tinghua1/Merging-Project/Production/HJETS/ratio-plots/hjets-vbfnlo/H-N2-3-4-25gev-combine.yoda/MC_H2JETS_04_LOOSE/j1j3_mass //homes/tinghua1/Merging-Project/Production/HJETS/ratio-plots/hjets-vbfnlo/H-N2-3-4-25gev-vbfnlo-combine.yoda/MC_H2JETS_04_LOOSE/j1j3_mass //homes/tinghua1/Merging-Project/Production/HJETS/ratio-plots/hjets-vbfnlo/H-2-3-4-25gev-combine.yoda/MC_H2JETS_04_LOOSE/j1j3_mass //homes/tinghua1/Merging-Project/Production/HJETS/ratio-plots/hjets-vbfnlo/H-2-3-4-25gev-vbfnlo-combine.yoda/MC_H2JETS_04_LOOSE/j1j3_mass //homes/tinghua1/Merging-Project/Production/HJETS/ratio-plots/hjets-vbfnlo/H-2-3-25gev-combine.yoda/MC_H2JETS_04_LOOSE/j1j3_mass //homes/tinghua1/Merging-Project/Production/HJETS/ratio-plots/hjets-vbfnlo/H-2-3-25gev-vbfnlo-combine.yoda/MC_H2JETS_04_LOOSE/j1j3_mass
RightMargin=0.5
RatioPlotReference=//homes/tinghua1/Merging-Project/Production/HJETS/ratio-plots/hjets-vbfnlo/H-N2-N3-4-25gev-combine.yoda/MC_H2JETS_04_LOOSE/j1j3_mass
#RatioPlot=1
LogY=1
RatioPlotYMax=1.5
RatioPlotYLabel=Ratio
#LegendOnly=//homes/tinghua1/Merging-Project/Production/HJETS/ratio-plots/hjets-vbfnlo/H-N2-N3-4-25gev-combine.yoda/MC_H2JETS_04_LOOSE/j1j3_mass //homes/tinghua1/Merging-Project/Production/HJETS/ratio-plots/hjets-vbfnlo/H-N2-N3-4-25gev-vbfnlo-combine.yoda/MC_H2JETS_04_LOOSE/j1j3_mass //homes/tinghua1/Merging-Project/Production/HJETS/ratio-plots/hjets-vbfnlo/H-N2-3-4-25gev-combine.yoda/MC_H2JETS_04_LOOSE/j1j3_mass //homes/tinghua1/Merging-Project/Production/HJETS/ratio-plots/hjets-vbfnlo/H-N2-3-4-25gev-vbfnlo-combine.yoda/MC_H2JETS_04_LOOSE/j1j3_mass //homes/tinghua1/Merging-Project/Production/HJETS/ratio-plots/hjets-vbfnlo/H-2-3-4-25gev-combine.yoda/MC_H2JETS_04_LOOSE/j1j3_mass //homes/tinghua1/Merging-Project/Production/HJETS/ratio-plots/hjets-vbfnlo/H-2-3-4-25gev-vbfnlo-combine.yoda/MC_H2JETS_04_LOOSE/j1j3_mass //homes/tinghua1/Merging-Project/Production/HJETS/ratio-plots/hjets-vbfnlo/H-2-3-25gev-combine.yoda/MC_H2JETS_04_LOOSE/j1j3_mass //homes/tinghua1/Merging-Project/Production/HJETS/ratio-plots/hjets-vbfnlo/H-2-3-25gev-vbfnlo-combine.yoda/MC_H2JETS_04_LOOSE/j1j3_mass
XLabel=$m_{j_1j_3}$ (GeV)
LegendAlign=r
XMax=1000
YLabel=$ \text{d} \sigma/ \text{d}  m_{j_1j_3}$ (fb/GeV)
Legend=1
RatioPlot=4
MainPlotSelection={"Selection":[1,2,3,4,5,6,7,8]}
RatioPlots={"RatioPlotYLabel":"","Selection":[1,2]};{"RatioPlotYLabel":"","Selection":[3,4]};{"RatioPlotYLabel":"","Selection":[5,6]};{"RatioPlotYLabel":"","Selection":[7,8]}
RatioPlotSameStyle=1
RatioPlotYMin=0.5
# END PLOT


# BEGIN SPECIAL /MC_H2JETS_04_LOOSE/j1j3_mass
\rput[tl](0.05,0.75){\parbox{5cm}{\textcolor{gray}{{\bf Herwig 7.2.0} \\ HJETS/ColorFull}}}
# END SPECIAL

# BEGIN HISTO1D //homes/tinghua1/Merging-Project/Production/HJETS/ratio-plots/hjets-vbfnlo/H-N2-N3-4-25gev-combine.yoda/MC_H2JETS_04_LOOSE/j1j3_mass
ErrorBandColor=orange
ErrorBandOpacity=0.3
ErrorBands=1
ErrorType=env
LineColor=orange
LineStyle=solid
Path=//homes/tinghua1/Merging-Project/Production/HJETS/ratio-plots/hjets-vbfnlo/H-N2-N3-4-25gev-combine.yoda/MC_H2JETS_04_LOOSE/j1j3_mass
RatioPlotSameStyle=1
Title=h(2*,3*,4)
# xlow	 xhigh	 val	 errminus	 errplus
0.000000e+00	4.000000e+01	6.859433e-04	1.970525e-05	5.721600e-05
4.000000e+01	8.000000e+01	1.681245e-03	1.219618e-04	7.507000e-05
8.000000e+01	1.200000e+02	1.440717e-03	2.927700e-05	0.000000e+00
1.200000e+02	1.600000e+02	9.534655e-04	6.035500e-06	1.382225e-05
1.600000e+02	2.000000e+02	7.318805e-04	1.246925e-05	2.826050e-05
2.000000e+02	2.400000e+02	5.826495e-04	1.693775e-05	0.000000e+00
2.400000e+02	2.800000e+02	4.654045e-04	7.766125e-05	0.000000e+00
2.800000e+02	3.200000e+02	3.942307e-04	0.000000e+00	1.735925e-05
3.200000e+02	3.600000e+02	3.399288e-04	6.328750e-06	2.404250e-05
3.600000e+02	4.000000e+02	3.235128e-04	1.996375e-05	0.000000e+00
4.000000e+02	4.400000e+02	2.835378e-04	0.000000e+00	1.089075e-05
4.400000e+02	4.800000e+02	2.389747e-04	0.000000e+00	1.793158e-05
4.800000e+02	5.200000e+02	2.725830e-04	5.717625e-05	0.000000e+00
5.200000e+02	5.600000e+02	2.108322e-04	1.502515e-05	0.000000e+00
5.600000e+02	6.000000e+02	1.836999e-04	4.944750e-07	5.563950e-06
6.000000e+02	6.400000e+02	1.470880e-04	0.000000e+00	2.092260e-05
6.400000e+02	6.800000e+02	1.537764e-04	8.499000e-06	1.212750e-07
6.800000e+02	7.200000e+02	1.410021e-04	8.128875e-06	1.264775e-06
7.200000e+02	7.600000e+02	1.264456e-04	3.763525e-06	5.041675e-06
7.600000e+02	8.000000e+02	1.144693e-04	7.421750e-06	1.253967e-05
8.000000e+02	8.400000e+02	1.026991e-04	0.000000e+00	6.697075e-06
8.400000e+02	8.800000e+02	9.230765e-05	0.000000e+00	3.923400e-06
8.800000e+02	9.200000e+02	8.923730e-05	1.826500e-07	7.489125e-06
9.200000e+02	9.600000e+02	7.943000e-05	0.000000e+00	2.199200e-06
9.600000e+02	1.000000e+03	7.391208e-05	1.119750e-07	1.494500e-07
1.000000e+03	1.040000e+03	7.362852e-05	4.426275e-06	0.000000e+00
1.040000e+03	1.080000e+03	6.272740e-05	0.000000e+00	4.970350e-06
1.080000e+03	1.120000e+03	5.672150e-05	0.000000e+00	1.507975e-06
1.120000e+03	1.160000e+03	5.372073e-05	0.000000e+00	1.051125e-06
1.160000e+03	1.200000e+03	4.942315e-05	0.000000e+00	2.163150e-06
1.200000e+03	1.240000e+03	4.877463e-05	3.838000e-06	0.000000e+00
1.240000e+03	1.280000e+03	4.516950e-05	2.266575e-06	1.655050e-06
1.280000e+03	1.320000e+03	3.919975e-05	1.626450e-06	0.000000e+00
1.320000e+03	1.360000e+03	3.558537e-05	0.000000e+00	1.376325e-06
1.360000e+03	1.400000e+03	3.343520e-05	9.102250e-07	1.184950e-06
1.400000e+03	1.440000e+03	2.799663e-05	0.000000e+00	4.257025e-06
1.440000e+03	1.480000e+03	2.942945e-05	1.675664e-05	0.000000e+00
1.480000e+03	1.520000e+03	2.544540e-05	1.350750e-07	1.817300e-06
1.520000e+03	1.560000e+03	2.517082e-05	1.388510e-06	0.000000e+00
1.560000e+03	1.600000e+03	2.276811e-05	8.608645e-06	0.000000e+00
1.600000e+03	1.640000e+03	2.188737e-05	2.727118e-06	4.026050e-07
1.640000e+03	1.680000e+03	2.052096e-05	1.794610e-06	0.000000e+00
1.680000e+03	1.720000e+03	2.146348e-05	7.215078e-06	0.000000e+00
1.720000e+03	1.760000e+03	1.735542e-05	1.314395e-06	0.000000e+00
1.760000e+03	1.800000e+03	1.529929e-05	4.324500e-07	8.787725e-07
1.800000e+03	1.840000e+03	1.482407e-05	3.838300e-07	3.337500e-09
1.840000e+03	1.880000e+03	1.410564e-05	8.673850e-07	0.000000e+00
1.880000e+03	1.920000e+03	1.311202e-05	8.212700e-07	0.000000e+00
1.920000e+03	1.960000e+03	1.205679e-05	1.694825e-06	0.000000e+00
1.960000e+03	2.000000e+03	1.019133e-05	0.000000e+00	1.560162e-06
2.000000e+03	2.040000e+03	1.065242e-05	9.484500e-07	2.716000e-07
2.040000e+03	2.080000e+03	1.051308e-05	2.020805e-06	0.000000e+00
2.080000e+03	2.120000e+03	8.941460e-06	9.172325e-07	0.000000e+00
2.120000e+03	2.160000e+03	7.578377e-06	2.245750e-08	1.644492e-06
2.160000e+03	2.200000e+03	7.247750e-06	1.254600e-07	0.000000e+00
2.200000e+03	2.240000e+03	6.425080e-06	2.703625e-07	6.477700e-07
2.240000e+03	2.280000e+03	6.551713e-06	6.597200e-07	0.000000e+00
2.280000e+03	2.320000e+03	5.851260e-06	3.993200e-07	7.062500e-09
2.320000e+03	2.360000e+03	4.542650e-06	0.000000e+00	1.402837e-06
2.360000e+03	2.400000e+03	4.865625e-06	0.000000e+00	2.671700e-07
2.400000e+03	2.440000e+03	3.526322e-06	0.000000e+00	1.090775e-06
2.440000e+03	2.480000e+03	4.281902e-06	0.000000e+00	2.242225e-07
2.480000e+03	2.520000e+03	4.072028e-06	0.000000e+00	3.773175e-07
2.520000e+03	2.560000e+03	3.783255e-06	2.843675e-07	0.000000e+00
2.560000e+03	2.600000e+03	3.241032e-06	0.000000e+00	2.716250e-07
2.600000e+03	2.640000e+03	3.127683e-06	0.000000e+00	6.266000e-08
2.640000e+03	2.680000e+03	3.228297e-06	5.325875e-07	0.000000e+00
2.680000e+03	2.720000e+03	2.810968e-06	2.018525e-07	0.000000e+00
2.720000e+03	2.760000e+03	2.703380e-06	9.240500e-08	3.753750e-08
2.760000e+03	2.800000e+03	2.173410e-06	0.000000e+00	2.169403e-07
2.800000e+03	2.840000e+03	1.912237e-06	4.419825e-08	1.945938e-07
2.840000e+03	2.880000e+03	1.892536e-06	1.329630e-07	1.522622e-07
2.880000e+03	2.920000e+03	1.923624e-06	4.671500e-08	1.964450e-08
2.920000e+03	2.960000e+03	1.649862e-06	1.549488e-07	8.624457e-07
2.960000e+03	3.000000e+03	1.526767e-06	4.562595e-07	9.140700e-08
3.000000e+03	3.040000e+03	1.554423e-06	1.653117e-07	3.020642e-07
3.040000e+03	3.080000e+03	1.204382e-06	2.528075e-08	2.886645e-07
3.080000e+03	3.120000e+03	1.036338e-06	0.000000e+00	3.061298e-07
3.120000e+03	3.160000e+03	8.447257e-07	6.225334e-07	1.743530e-07
3.160000e+03	3.200000e+03	1.341774e-06	1.414868e-06	0.000000e+00
3.200000e+03	3.240000e+03	9.530060e-07	1.512366e-06	0.000000e+00
3.240000e+03	3.280000e+03	7.138890e-07	0.000000e+00	3.574845e-07
3.280000e+03	3.320000e+03	8.345295e-07	2.379842e-07	0.000000e+00
3.320000e+03	3.360000e+03	7.229008e-07	9.757425e-08	1.237325e-08
3.360000e+03	3.400000e+03	7.158803e-07	4.639750e-08	1.890762e-07
3.400000e+03	3.440000e+03	5.997840e-07	4.983825e-08	0.000000e+00
3.440000e+03	3.480000e+03	6.195565e-07	4.973825e-08	4.484125e-08
3.480000e+03	3.520000e+03	5.182940e-07	5.846200e-08	1.123817e-07
3.520000e+03	3.560000e+03	3.577105e-07	4.693400e-08	0.000000e+00
3.560000e+03	3.600000e+03	4.409677e-07	8.637750e-09	2.654475e-08
3.600000e+03	3.640000e+03	4.721498e-07	1.239048e-07	0.000000e+00
3.640000e+03	3.680000e+03	3.939132e-07	0.000000e+00	1.855925e-08
3.680000e+03	3.720000e+03	6.208715e-07	2.940118e-07	0.000000e+00
3.720000e+03	3.760000e+03	3.330610e-07	1.022322e-07	0.000000e+00
3.760000e+03	3.800000e+03	2.629853e-07	3.485750e-09	2.013100e-08
3.800000e+03	3.840000e+03	2.681690e-07	1.243900e-08	0.000000e+00
3.840000e+03	3.880000e+03	3.529775e-07	2.095380e-07	0.000000e+00
3.880000e+03	3.920000e+03	1.930404e-07	0.000000e+00	2.673392e-08
3.920000e+03	3.960000e+03	2.311988e-07	5.362437e-08	0.000000e+00
3.960000e+03	4.000000e+03	1.409900e-07	0.000000e+00	5.787060e-08
4.000000e+03	4.040000e+03	1.880350e-07	3.695533e-08	0.000000e+00
4.040000e+03	4.080000e+03	3.026210e-07	1.766470e-07	0.000000e+00
4.080000e+03	4.120000e+03	1.618798e-07	3.506373e-08	2.072042e-08
4.120000e+03	4.160000e+03	1.346146e-07	1.771748e-08	1.963175e-09
4.160000e+03	4.200000e+03	7.301798e-08	0.000000e+00	4.270267e-08
4.200000e+03	4.240000e+03	1.136039e-07	1.372255e-08	0.000000e+00
4.240000e+03	4.280000e+03	1.052975e-07	1.469345e-08	9.133750e-10
4.280000e+03	4.320000e+03	9.447353e-08	5.208868e-07	4.077775e-09
4.320000e+03	4.360000e+03	9.532155e-08	8.387411e-08	0.000000e+00
4.360000e+03	4.400000e+03	1.215745e-07	4.546507e-08	0.000000e+00
4.400000e+03	4.440000e+03	7.937312e-08	1.693170e-08	0.000000e+00
4.440000e+03	4.480000e+03	5.948922e-08	0.000000e+00	2.867300e-08
4.480000e+03	4.520000e+03	2.597700e-08	0.000000e+00	4.676985e-08
4.520000e+03	4.560000e+03	1.969922e-07	1.968643e-07	0.000000e+00
4.560000e+03	4.600000e+03	1.277704e-08	0.000000e+00	3.545791e-08
4.600000e+03	4.640000e+03	6.158915e-08	1.869802e-08	8.741475e-09
4.640000e+03	4.680000e+03	4.865848e-08	6.605900e-09	0.000000e+00
4.680000e+03	4.720000e+03	5.803570e-08	2.592242e-08	0.000000e+00
4.720000e+03	4.760000e+03	3.236822e-08	1.356175e-09	3.610250e-10
4.760000e+03	4.800000e+03	1.488501e-08	0.000000e+00	1.330284e-08
4.800000e+03	4.840000e+03	2.712433e-08	0.000000e+00	1.250030e-08
4.840000e+03	4.880000e+03	2.547122e-08	9.613593e-09	0.000000e+00
4.880000e+03	4.920000e+03	2.400762e-08	6.864150e-10	0.000000e+00
4.920000e+03	4.960000e+03	1.883555e-08	0.000000e+00	2.570583e-09
4.960000e+03	5.000000e+03	1.689006e-08	0.000000e+00	6.848943e-09
5.000000e+03	5.040000e+03	1.147715e-08	0.000000e+00	7.504872e-09
5.040000e+03	5.080000e+03	1.497613e-08	3.509778e-08	1.677673e-09
5.080000e+03	5.120000e+03	1.746931e-08	4.730438e-09	8.209390e-09
5.120000e+03	5.160000e+03	1.637365e-08	5.195235e-09	2.908242e-09
5.160000e+03	5.200000e+03	1.156910e-08	1.810088e-08	0.000000e+00
5.200000e+03	5.240000e+03	1.841232e-08	1.878460e-09	1.529045e-09
5.240000e+03	5.280000e+03	1.505727e-08	5.689953e-09	0.000000e+00
5.280000e+03	5.320000e+03	8.976913e-09	2.427300e-09	4.708650e-10
5.320000e+03	5.360000e+03	3.446370e-09	8.242125e-10	4.350487e-09
5.360000e+03	5.400000e+03	2.276128e-08	1.637448e-08	0.000000e+00
5.400000e+03	5.440000e+03	-2.468761e-08	0.000000e+00	3.137399e-08
5.440000e+03	5.480000e+03	6.006927e-09	2.171565e-09	7.933175e-10
5.480000e+03	5.520000e+03	3.212515e-09	2.084571e-09	3.799430e-09
5.520000e+03	5.560000e+03	3.476695e-09	0.000000e+00	1.930990e-09
5.560000e+03	5.600000e+03	2.930975e-09	0.000000e+00	3.568648e-09
5.600000e+03	5.640000e+03	2.013585e-09	6.301095e-10	4.918128e-10
5.640000e+03	5.680000e+03	4.500880e-09	1.330410e-09	0.000000e+00
5.680000e+03	5.720000e+03	2.423587e-09	4.452778e-10	8.402225e-10
5.720000e+03	5.760000e+03	2.931152e-09	1.953484e-09	0.000000e+00
5.760000e+03	5.800000e+03	1.242465e-09	0.000000e+00	1.552885e-09
5.800000e+03	5.840000e+03	-1.455886e-09	3.205642e-09	3.942643e-09
5.840000e+03	5.880000e+03	2.878982e-09	4.722885e-09	0.000000e+00
5.880000e+03	5.920000e+03	9.406102e-10	4.355345e-10	1.703095e-09
5.920000e+03	5.960000e+03	2.843782e-09	2.957589e-09	0.000000e+00
5.960000e+03	6.000000e+03	9.667125e-10	7.954766e-10	8.139315e-10
# END HISTO1D


# BEGIN HISTO1D //homes/tinghua1/Merging-Project/Production/HJETS/ratio-plots/hjets-vbfnlo/H-N2-N3-4-25gev-vbfnlo-combine.yoda/MC_H2JETS_04_LOOSE/j1j3_mass
ErrorBandColor=red
ErrorBandOpacity=0.3
ErrorBands=1
ErrorType=env
LineColor=red
LineStyle=solid
Path=//homes/tinghua1/Merging-Project/Production/HJETS/ratio-plots/hjets-vbfnlo/H-N2-N3-4-25gev-vbfnlo-combine.yoda/MC_H2JETS_04_LOOSE/j1j3_mass
RatioPlotSameStyle=1
Title=h(2*,3*,4)-vbfnlo
# xlow	 xhigh	 val	 errminus	 errplus
0.000000e+00	4.000000e+01	6.601788e-04	0.000000e+00	4.602925e-05
4.000000e+01	8.000000e+01	1.257543e-03	0.000000e+00	7.314550e-05
8.000000e+01	1.200000e+02	1.054559e-03	5.976750e-05	0.000000e+00
1.200000e+02	1.600000e+02	7.494820e-04	3.541500e-05	0.000000e+00
1.600000e+02	2.000000e+02	5.344580e-04	2.139550e-05	2.044250e-06
2.000000e+02	2.400000e+02	4.175493e-04	2.607250e-06	3.612500e-06
2.400000e+02	2.800000e+02	3.536475e-04	6.669250e-06	4.405000e-07
2.800000e+02	3.200000e+02	3.149072e-04	0.000000e+00	4.019500e-06
3.200000e+02	3.600000e+02	2.837568e-04	0.000000e+00	1.084050e-05
3.600000e+02	4.000000e+02	2.596563e-04	1.645000e-07	5.610500e-06
4.000000e+02	4.400000e+02	2.286583e-04	0.000000e+00	9.271900e-06
4.400000e+02	4.800000e+02	2.149173e-04	0.000000e+00	4.277450e-06
4.800000e+02	5.200000e+02	1.983088e-04	0.000000e+00	4.836250e-06
5.200000e+02	5.600000e+02	1.792306e-04	0.000000e+00	4.931500e-06
5.600000e+02	6.000000e+02	1.659586e-04	2.987425e-06	6.149925e-06
6.000000e+02	6.400000e+02	1.540542e-04	0.000000e+00	3.335475e-06
6.400000e+02	6.800000e+02	1.386724e-04	0.000000e+00	6.257975e-06
6.800000e+02	7.200000e+02	1.290591e-04	0.000000e+00	6.587350e-06
7.200000e+02	7.600000e+02	1.197051e-04	0.000000e+00	3.615950e-06
7.600000e+02	8.000000e+02	1.063948e-04	0.000000e+00	4.058975e-06
8.000000e+02	8.400000e+02	1.003410e-04	5.954275e-06	1.843850e-06
8.400000e+02	8.800000e+02	9.164955e-05	0.000000e+00	3.721550e-06
8.800000e+02	9.200000e+02	8.354260e-05	0.000000e+00	3.230750e-06
9.200000e+02	9.600000e+02	7.751417e-05	0.000000e+00	2.108050e-06
9.600000e+02	1.000000e+03	7.093868e-05	0.000000e+00	1.140000e-06
1.000000e+03	1.040000e+03	6.494953e-05	0.000000e+00	1.202972e-05
1.040000e+03	1.080000e+03	6.184112e-05	0.000000e+00	6.623200e-06
1.080000e+03	1.120000e+03	5.535197e-05	0.000000e+00	3.935525e-06
1.120000e+03	1.160000e+03	5.165495e-05	0.000000e+00	3.215200e-06
1.160000e+03	1.200000e+03	4.786387e-05	0.000000e+00	1.655775e-06
1.200000e+03	1.240000e+03	4.461412e-05	0.000000e+00	1.761575e-06
1.240000e+03	1.280000e+03	4.123075e-05	1.746750e-07	2.979425e-06
1.280000e+03	1.320000e+03	3.956255e-05	1.112975e-06	7.451000e-07
1.320000e+03	1.360000e+03	3.423540e-05	5.859500e-07	1.995450e-06
1.360000e+03	1.400000e+03	3.208655e-05	1.189250e-07	7.230000e-08
1.400000e+03	1.440000e+03	3.115472e-05	0.000000e+00	3.050225e-06
1.440000e+03	1.480000e+03	2.731537e-05	0.000000e+00	1.478175e-06
1.480000e+03	1.520000e+03	2.606940e-05	0.000000e+00	4.920000e-07
1.520000e+03	1.560000e+03	2.350231e-05	3.822975e-07	1.058437e-06
1.560000e+03	1.600000e+03	2.176764e-05	1.178750e-08	1.546953e-06
1.600000e+03	1.640000e+03	2.303158e-05	7.693085e-06	0.000000e+00
1.640000e+03	1.680000e+03	1.878002e-05	0.000000e+00	1.117735e-06
1.680000e+03	1.720000e+03	1.793788e-05	0.000000e+00	6.638600e-07
1.720000e+03	1.760000e+03	1.667945e-05	0.000000e+00	1.004175e-06
1.760000e+03	1.800000e+03	1.567425e-05	5.060175e-07	1.255300e-06
1.800000e+03	1.840000e+03	1.372786e-05	7.328425e-07	8.439925e-07
1.840000e+03	1.880000e+03	1.294574e-05	0.000000e+00	4.541650e-07
1.880000e+03	1.920000e+03	1.216964e-05	0.000000e+00	5.673350e-07
1.920000e+03	1.960000e+03	1.138389e-05	2.678050e-07	4.819750e-08
1.960000e+03	2.000000e+03	1.042511e-05	0.000000e+00	4.127100e-07
2.000000e+03	2.040000e+03	9.793827e-06	0.000000e+00	5.824275e-07
2.040000e+03	2.080000e+03	8.633850e-06	0.000000e+00	6.249425e-07
2.080000e+03	2.120000e+03	8.460285e-06	0.000000e+00	1.977375e-07
2.120000e+03	2.160000e+03	7.445882e-06	0.000000e+00	1.828285e-06
2.160000e+03	2.200000e+03	8.582187e-06	1.713740e-06	0.000000e+00
2.200000e+03	2.240000e+03	6.098845e-06	0.000000e+00	9.152625e-07
2.240000e+03	2.280000e+03	6.204110e-06	0.000000e+00	2.820375e-07
2.280000e+03	2.320000e+03	5.476958e-06	5.532175e-07	1.298535e-06
2.320000e+03	2.360000e+03	5.306733e-06	0.000000e+00	5.848325e-07
2.360000e+03	2.400000e+03	4.668210e-06	0.000000e+00	1.788325e-07
2.400000e+03	2.440000e+03	4.257595e-06	2.011500e-08	5.496875e-07
2.440000e+03	2.480000e+03	4.239610e-06	0.000000e+00	5.667825e-07
2.480000e+03	2.520000e+03	4.039335e-06	4.110750e-08	0.000000e+00
2.520000e+03	2.560000e+03	3.413957e-06	0.000000e+00	3.540725e-07
2.560000e+03	2.600000e+03	3.385698e-06	6.601750e-08	3.090750e-08
2.600000e+03	2.640000e+03	2.905378e-06	1.027490e-06	3.413550e-07
2.640000e+03	2.680000e+03	2.890710e-06	1.791700e-07	0.000000e+00
2.680000e+03	2.720000e+03	2.564605e-06	3.288145e-07	2.779375e-07
2.720000e+03	2.760000e+03	2.398858e-06	2.143753e-07	2.548920e-07
2.760000e+03	2.800000e+03	2.009609e-06	0.000000e+00	2.811512e-07
2.800000e+03	2.840000e+03	2.660230e-06	2.170070e-07	1.350800e-07
2.840000e+03	2.880000e+03	1.851444e-06	9.682520e-07	0.000000e+00
2.880000e+03	2.920000e+03	1.761524e-06	0.000000e+00	3.122425e-08
2.920000e+03	2.960000e+03	1.662012e-06	0.000000e+00	9.004225e-08
2.960000e+03	3.000000e+03	1.595010e-06	2.047925e-08	3.471000e-09
3.000000e+03	3.040000e+03	1.424032e-06	2.095625e-08	7.059050e-08
3.040000e+03	3.080000e+03	1.207149e-06	0.000000e+00	3.530280e-07
3.080000e+03	3.120000e+03	1.236009e-06	1.745033e-07	0.000000e+00
3.120000e+03	3.160000e+03	1.170311e-06	8.164600e-08	7.239240e-07
3.160000e+03	3.200000e+03	1.078601e-06	0.000000e+00	9.655850e-08
3.200000e+03	3.240000e+03	8.279765e-07	0.000000e+00	1.886077e-07
3.240000e+03	3.280000e+03	8.299840e-07	2.860100e-07	0.000000e+00
3.280000e+03	3.320000e+03	8.218390e-07	4.597525e-08	0.000000e+00
3.320000e+03	3.360000e+03	7.241488e-07	2.148000e-09	7.546700e-08
3.360000e+03	3.400000e+03	6.419550e-07	3.095675e-08	1.090785e-07
3.400000e+03	3.440000e+03	5.594920e-07	0.000000e+00	2.550790e-07
3.440000e+03	3.480000e+03	5.324275e-07	0.000000e+00	5.291575e-08
3.480000e+03	3.520000e+03	5.213095e-07	6.959500e-09	4.114700e-08
3.520000e+03	3.560000e+03	4.766155e-07	0.000000e+00	2.632500e-08
3.560000e+03	3.600000e+03	4.315643e-07	5.879300e-08	3.471250e-09
3.600000e+03	3.640000e+03	4.216582e-07	6.555050e-08	0.000000e+00
3.640000e+03	3.680000e+03	3.905293e-07	1.306788e-07	3.839775e-08
3.680000e+03	3.720000e+03	2.830230e-07	6.050250e-09	5.117550e-08
3.720000e+03	3.760000e+03	3.029273e-07	7.283750e-09	2.882725e-08
3.760000e+03	3.800000e+03	2.936022e-07	9.150000e-09	1.037200e-08
3.800000e+03	3.840000e+03	2.228656e-07	0.000000e+00	6.821443e-08
3.840000e+03	3.880000e+03	2.632847e-07	4.051000e-09	1.524750e-09
3.880000e+03	3.920000e+03	2.208084e-07	0.000000e+00	2.778483e-08
3.920000e+03	3.960000e+03	1.859371e-07	3.018250e-08	0.000000e+00
3.960000e+03	4.000000e+03	1.699295e-07	0.000000e+00	4.172295e-08
4.000000e+03	4.040000e+03	1.695650e-07	8.955635e-08	6.156487e-08
4.040000e+03	4.080000e+03	1.764926e-07	0.000000e+00	5.738254e-07
4.080000e+03	4.120000e+03	1.073407e-07	0.000000e+00	2.894918e-08
4.120000e+03	4.160000e+03	1.211468e-07	1.851425e-09	2.923880e-08
4.160000e+03	4.200000e+03	1.345121e-07	9.931640e-08	0.000000e+00
4.200000e+03	4.240000e+03	1.121279e-07	3.345962e-08	4.943550e-09
4.240000e+03	4.280000e+03	9.219745e-08	4.854225e-09	3.092510e-08
4.280000e+03	4.320000e+03	1.052274e-07	3.899215e-08	0.000000e+00
4.320000e+03	4.360000e+03	7.455945e-08	8.808059e-08	1.490332e-08
4.360000e+03	4.400000e+03	6.567767e-08	0.000000e+00	2.297980e-08
4.400000e+03	4.440000e+03	5.678845e-08	0.000000e+00	1.034420e-08
4.440000e+03	4.480000e+03	6.279870e-08	1.395790e-08	1.872418e-08
4.480000e+03	4.520000e+03	5.375690e-08	1.380698e-08	2.194575e-08
4.520000e+03	4.560000e+03	4.784337e-08	1.163168e-08	0.000000e+00
4.560000e+03	4.600000e+03	4.153625e-08	0.000000e+00	1.819408e-08
4.600000e+03	4.640000e+03	4.246037e-08	6.127125e-09	4.696250e-09
4.640000e+03	4.680000e+03	3.622798e-08	4.971025e-09	0.000000e+00
4.680000e+03	4.720000e+03	3.298957e-08	4.617100e-09	1.088505e-08
4.720000e+03	4.760000e+03	3.175450e-08	8.915318e-09	3.263670e-08
4.760000e+03	4.800000e+03	2.651392e-08	5.279567e-09	3.360125e-08
4.800000e+03	4.840000e+03	2.764865e-08	7.794793e-09	5.952300e-09
4.840000e+03	4.880000e+03	3.957320e-08	2.331813e-08	0.000000e+00
4.880000e+03	4.920000e+03	1.471608e-08	0.000000e+00	1.269777e-08
4.920000e+03	4.960000e+03	3.090523e-08	7.153955e-09	2.134225e-09
4.960000e+03	5.000000e+03	1.427408e-08	8.516175e-10	1.382290e-08
5.000000e+03	5.040000e+03	1.390615e-08	0.000000e+00	9.176388e-09
5.040000e+03	5.080000e+03	2.180291e-08	7.053282e-09	3.511240e-09
5.080000e+03	5.120000e+03	1.395023e-08	3.271175e-09	1.044267e-08
5.120000e+03	5.160000e+03	1.066871e-08	0.000000e+00	2.091819e-08
5.160000e+03	5.200000e+03	9.919732e-09	0.000000e+00	4.011255e-09
5.200000e+03	5.240000e+03	1.324355e-08	1.102370e-08	0.000000e+00
5.240000e+03	5.280000e+03	9.653177e-09	0.000000e+00	1.686160e-08
5.280000e+03	5.320000e+03	1.233103e-08	3.411978e-09	0.000000e+00
5.320000e+03	5.360000e+03	1.024413e-09	0.000000e+00	7.609774e-09
5.360000e+03	5.400000e+03	3.217005e-09	0.000000e+00	5.804267e-09
5.400000e+03	5.440000e+03	5.262447e-09	0.000000e+00	1.189596e-08
5.440000e+03	5.480000e+03	9.567485e-09	4.795375e-09	0.000000e+00
5.480000e+03	5.520000e+03	6.594035e-09	4.212334e-09	0.000000e+00
5.520000e+03	5.560000e+03	4.038505e-09	1.149247e-09	1.039002e-09
5.560000e+03	5.600000e+03	5.354725e-09	1.693400e-10	1.453550e-09
5.600000e+03	5.640000e+03	1.412915e-08	1.029180e-08	0.000000e+00
5.640000e+03	5.680000e+03	2.829673e-09	0.000000e+00	9.868875e-10
5.680000e+03	5.720000e+03	3.427943e-09	1.976420e-09	1.025873e-09
5.720000e+03	5.760000e+03	2.493172e-09	6.811880e-10	0.000000e+00
5.760000e+03	5.800000e+03	2.559615e-09	9.763735e-10	1.611375e-10
5.800000e+03	5.840000e+03	2.685453e-09	9.835243e-10	0.000000e+00
5.840000e+03	5.880000e+03	2.523403e-09	1.171434e-09	0.000000e+00
5.880000e+03	5.920000e+03	1.803203e-09	3.335230e-10	1.198095e-10
5.920000e+03	5.960000e+03	1.461371e-09	4.331767e-10	0.000000e+00
5.960000e+03	6.000000e+03	1.748167e-09	1.810162e-09	0.000000e+00
# END HISTO1D


# BEGIN HISTO1D //homes/tinghua1/Merging-Project/Production/HJETS/ratio-plots/hjets-vbfnlo/H-N2-3-4-25gev-combine.yoda/MC_H2JETS_04_LOOSE/j1j3_mass
ErrorBandColor=blue
ErrorBandOpacity=0.3
ErrorBands=1
ErrorType=env
LineColor=blue
LineStyle=solid
Path=//homes/tinghua1/Merging-Project/Production/HJETS/ratio-plots/hjets-vbfnlo/H-N2-3-4-25gev-combine.yoda/MC_H2JETS_04_LOOSE/j1j3_mass
RatioPlotSameStyle=1
Title=h(2*,3,4)
# xlow	 xhigh	 val	 errminus	 errplus
0.000000e+00	4.000000e+01	6.882815e-04	1.033600e-05	4.074575e-05
4.000000e+01	8.000000e+01	1.620152e-03	1.243233e-04	1.392215e-04
8.000000e+01	1.200000e+02	1.394976e-03	8.140725e-05	5.968225e-05
1.200000e+02	1.600000e+02	9.391297e-04	6.032725e-05	8.832000e-05
1.600000e+02	2.000000e+02	7.026460e-04	5.316000e-05	4.278150e-05
2.000000e+02	2.400000e+02	5.557542e-04	4.573650e-05	3.958000e-05
2.400000e+02	2.800000e+02	4.556938e-04	3.603175e-05	3.722200e-05
2.800000e+02	3.200000e+02	3.920903e-04	2.473225e-05	2.790475e-05
3.200000e+02	3.600000e+02	3.471977e-04	2.828400e-05	1.523325e-05
3.600000e+02	4.000000e+02	2.997695e-04	1.433200e-05	2.638750e-05
4.000000e+02	4.400000e+02	2.707845e-04	1.723825e-05	2.861275e-05
4.400000e+02	4.800000e+02	2.430609e-04	1.293105e-05	1.662365e-05
4.800000e+02	5.200000e+02	2.195030e-04	1.320695e-05	1.741425e-05
5.200000e+02	5.600000e+02	2.010941e-04	1.363640e-05	1.437395e-05
5.600000e+02	6.000000e+02	1.787266e-04	8.644450e-06	1.660762e-05
6.000000e+02	6.400000e+02	1.629344e-04	8.874375e-06	1.188463e-05
6.400000e+02	6.800000e+02	1.493111e-04	9.232900e-06	5.520975e-06
6.800000e+02	7.200000e+02	1.382968e-04	1.096795e-05	8.062425e-06
7.200000e+02	7.600000e+02	1.257694e-04	7.841250e-06	8.714375e-06
7.600000e+02	8.000000e+02	1.136450e-04	7.938150e-06	9.726750e-06
8.000000e+02	8.400000e+02	1.050971e-04	5.719650e-06	7.395050e-06
8.400000e+02	8.800000e+02	9.429730e-05	5.735575e-06	8.806400e-06
8.800000e+02	9.200000e+02	8.787730e-05	6.630500e-06	7.909775e-06
9.200000e+02	9.600000e+02	7.921207e-05	3.411650e-06	1.069680e-05
9.600000e+02	1.000000e+03	7.445078e-05	4.413975e-06	6.540525e-06
1.000000e+03	1.040000e+03	6.893730e-05	4.715250e-06	5.408125e-06
1.040000e+03	1.080000e+03	6.307422e-05	4.752550e-06	4.899475e-06
1.080000e+03	1.120000e+03	5.893445e-05	4.154950e-06	5.288075e-06
1.120000e+03	1.160000e+03	5.428992e-05	3.380450e-06	4.489875e-06
1.160000e+03	1.200000e+03	4.879165e-05	3.229350e-06	4.473800e-06
1.200000e+03	1.240000e+03	4.575118e-05	4.362425e-06	4.599925e-06
1.240000e+03	1.280000e+03	4.147205e-05	3.117625e-06	4.798300e-06
1.280000e+03	1.320000e+03	3.887778e-05	3.252375e-06	3.206075e-06
1.320000e+03	1.360000e+03	3.620445e-05	2.816975e-06	4.641100e-06
1.360000e+03	1.400000e+03	3.312188e-05	2.517625e-06	3.175075e-06
1.400000e+03	1.440000e+03	3.204015e-05	3.906775e-06	2.245025e-06
1.440000e+03	1.480000e+03	2.869488e-05	2.108575e-06	2.660525e-06
1.480000e+03	1.520000e+03	2.654142e-05	2.532375e-06	2.499575e-06
1.520000e+03	1.560000e+03	2.446804e-05	2.220895e-06	3.522387e-06
1.560000e+03	1.600000e+03	2.260932e-05	2.540960e-06	3.528077e-06
1.600000e+03	1.640000e+03	2.087171e-05	1.808693e-06	2.816050e-06
1.640000e+03	1.680000e+03	1.946549e-05	1.079367e-06	1.863760e-06
1.680000e+03	1.720000e+03	1.820008e-05	2.015077e-06	1.460508e-06
1.720000e+03	1.760000e+03	1.643532e-05	1.049165e-06	2.280393e-06
1.760000e+03	1.800000e+03	1.565229e-05	1.791447e-06	7.547200e-07
1.800000e+03	1.840000e+03	1.429258e-05	1.306455e-06	9.349725e-07
1.840000e+03	1.880000e+03	1.343372e-05	1.061445e-06	1.095608e-06
1.880000e+03	1.920000e+03	1.185817e-05	9.804025e-07	1.647490e-06
1.920000e+03	1.960000e+03	1.122509e-05	0.000000e+00	2.448612e-06
1.960000e+03	2.000000e+03	1.069876e-05	1.114850e-06	1.518890e-06
2.000000e+03	2.040000e+03	9.551453e-06	4.777500e-07	1.035537e-06
2.040000e+03	2.080000e+03	9.057518e-06	1.117783e-06	7.711275e-07
2.080000e+03	2.120000e+03	8.448335e-06	1.033877e-06	1.020968e-06
2.120000e+03	2.160000e+03	7.978590e-06	1.007050e-06	3.842825e-07
2.160000e+03	2.200000e+03	7.115440e-06	3.829150e-07	1.298985e-06
2.200000e+03	2.240000e+03	6.537385e-06	8.091725e-07	6.130625e-07
2.240000e+03	2.280000e+03	6.181433e-06	5.351675e-07	8.897650e-07
2.280000e+03	2.320000e+03	5.939915e-06	5.766300e-07	3.961500e-08
2.320000e+03	2.360000e+03	5.205875e-06	3.777550e-07	5.273225e-07
2.360000e+03	2.400000e+03	4.571955e-06	0.000000e+00	9.947400e-07
2.400000e+03	2.440000e+03	4.455620e-06	3.986025e-07	1.101185e-06
2.440000e+03	2.480000e+03	4.272948e-06	5.518725e-07	3.336925e-07
2.480000e+03	2.520000e+03	3.966727e-06	5.008650e-07	6.035625e-07
2.520000e+03	2.560000e+03	3.547353e-06	2.805400e-07	3.053800e-07
2.560000e+03	2.600000e+03	3.341195e-06	2.708575e-07	4.202625e-07
2.600000e+03	2.640000e+03	3.167565e-06	4.020175e-07	4.115100e-07
2.640000e+03	2.680000e+03	3.030267e-06	2.604350e-07	1.287000e-08
2.680000e+03	2.720000e+03	2.641858e-06	2.834425e-07	2.484150e-07
2.720000e+03	2.760000e+03	2.304984e-06	1.272647e-07	3.820510e-07
2.760000e+03	2.800000e+03	2.060889e-06	2.478250e-08	3.174098e-07
2.800000e+03	2.840000e+03	2.175235e-06	2.337975e-07	2.387877e-07
2.840000e+03	2.880000e+03	2.012472e-06	2.793718e-07	2.750953e-07
2.880000e+03	2.920000e+03	1.604700e-06	7.224725e-08	3.631672e-07
2.920000e+03	2.960000e+03	1.656174e-06	1.489760e-07	3.818210e-07
2.960000e+03	3.000000e+03	1.419348e-06	0.000000e+00	4.292545e-07
3.000000e+03	3.040000e+03	1.490307e-06	2.421207e-07	5.723650e-08
3.040000e+03	3.080000e+03	1.306564e-06	9.537175e-08	9.563250e-08
3.080000e+03	3.120000e+03	1.211638e-06	1.545355e-07	5.422825e-08
3.120000e+03	3.160000e+03	1.211944e-06	1.664223e-07	1.633250e-08
3.160000e+03	3.200000e+03	9.947270e-07	1.347133e-07	7.171250e-08
3.200000e+03	3.240000e+03	9.716395e-07	1.497660e-07	1.329195e-07
3.240000e+03	3.280000e+03	9.154020e-07	1.931135e-07	8.821450e-08
3.280000e+03	3.320000e+03	8.743885e-07	1.269530e-07	9.560250e-09
3.320000e+03	3.360000e+03	6.728795e-07	4.798750e-08	1.810232e-07
3.360000e+03	3.400000e+03	5.955592e-07	1.846800e-08	1.028505e-07
3.400000e+03	3.440000e+03	6.319353e-07	3.577775e-08	7.781600e-08
3.440000e+03	3.480000e+03	6.595533e-07	1.907225e-07	0.000000e+00
3.480000e+03	3.520000e+03	5.115888e-07	5.287925e-08	3.637550e-08
3.520000e+03	3.560000e+03	4.466025e-07	4.824225e-08	1.359688e-07
3.560000e+03	3.600000e+03	4.804790e-07	1.307635e-07	7.352550e-08
3.600000e+03	3.640000e+03	4.382800e-07	9.370050e-08	0.000000e+00
3.640000e+03	3.680000e+03	3.402993e-07	0.000000e+00	7.488275e-08
3.680000e+03	3.720000e+03	3.753040e-07	9.430250e-09	7.856050e-08
3.720000e+03	3.760000e+03	3.069622e-07	0.000000e+00	6.841575e-08
3.760000e+03	3.800000e+03	1.923709e-07	0.000000e+00	8.451932e-08
3.800000e+03	3.840000e+03	2.629358e-07	5.269200e-08	5.102700e-08
3.840000e+03	3.880000e+03	2.321178e-07	1.895440e-08	0.000000e+00
3.880000e+03	3.920000e+03	2.012767e-07	1.630482e-08	5.714350e-08
3.920000e+03	3.960000e+03	2.139867e-07	3.664425e-08	4.156777e-08
3.960000e+03	4.000000e+03	1.651475e-07	9.842950e-09	2.154717e-08
4.000000e+03	4.040000e+03	1.661624e-07	8.932675e-09	0.000000e+00
4.040000e+03	4.080000e+03	1.425137e-07	0.000000e+00	5.608647e-08
4.080000e+03	4.120000e+03	4.090685e-08	0.000000e+00	9.120470e-08
4.120000e+03	4.160000e+03	1.615748e-07	4.568693e-08	0.000000e+00
4.160000e+03	4.200000e+03	9.831832e-08	9.543825e-09	1.528915e-08
4.200000e+03	4.240000e+03	1.641976e-07	8.014057e-08	0.000000e+00
4.240000e+03	4.280000e+03	8.479757e-08	4.419275e-09	1.427648e-08
4.280000e+03	4.320000e+03	8.599403e-08	7.694750e-09	8.653818e-08
4.320000e+03	4.360000e+03	8.528460e-08	1.044432e-08	1.514300e-09
4.360000e+03	4.400000e+03	4.569315e-08	0.000000e+00	7.613088e-08
4.400000e+03	4.440000e+03	1.046501e-07	6.222035e-08	0.000000e+00
4.440000e+03	4.480000e+03	6.111618e-08	5.019200e-09	0.000000e+00
4.480000e+03	4.520000e+03	5.611028e-08	0.000000e+00	1.467605e-08
4.520000e+03	4.560000e+03	4.537475e-08	0.000000e+00	1.910510e-08
4.560000e+03	4.600000e+03	4.501447e-08	6.002500e-09	0.000000e+00
4.600000e+03	4.640000e+03	6.328820e-08	3.802355e-08	0.000000e+00
4.640000e+03	4.680000e+03	4.260902e-08	1.867566e-08	0.000000e+00
4.680000e+03	4.720000e+03	2.255328e-08	1.895619e-08	9.832867e-09
4.720000e+03	4.760000e+03	2.216777e-08	0.000000e+00	1.389733e-08
4.760000e+03	4.800000e+03	1.301611e-08	0.000000e+00	9.833690e-09
4.800000e+03	4.840000e+03	2.005239e-08	0.000000e+00	1.507426e-08
4.840000e+03	4.880000e+03	2.296008e-08	2.812840e-09	4.587475e-10
4.880000e+03	4.920000e+03	1.773526e-08	2.597712e-09	1.922815e-09
4.920000e+03	4.960000e+03	2.414943e-08	9.928015e-09	9.680667e-09
4.960000e+03	5.000000e+03	1.899945e-08	0.000000e+00	1.196388e-08
5.000000e+03	5.040000e+03	1.365979e-08	2.328740e-09	1.527990e-09
5.040000e+03	5.080000e+03	1.125733e-08	0.000000e+00	5.480035e-09
5.080000e+03	5.120000e+03	1.125375e-08	2.251482e-09	8.651805e-09
5.120000e+03	5.160000e+03	1.126243e-08	3.105360e-09	4.255045e-09
5.160000e+03	5.200000e+03	2.051169e-08	1.353472e-08	0.000000e+00
5.200000e+03	5.240000e+03	6.688993e-09	0.000000e+00	4.998762e-09
5.240000e+03	5.280000e+03	5.650455e-09	8.740000e-12	5.118993e-09
5.280000e+03	5.320000e+03	6.506090e-09	2.066705e-09	1.828353e-09
5.320000e+03	5.360000e+03	6.348228e-09	2.963998e-09	6.721750e-10
5.360000e+03	5.400000e+03	5.682352e-09	1.804772e-09	7.036912e-09
5.400000e+03	5.440000e+03	9.009372e-09	4.410250e-09	0.000000e+00
5.440000e+03	5.480000e+03	4.887688e-09	0.000000e+00	9.966900e-10
5.480000e+03	5.520000e+03	6.199323e-09	2.122935e-09	4.422625e-10
5.520000e+03	5.560000e+03	2.438318e-09	0.000000e+00	4.269852e-09
5.560000e+03	5.600000e+03	2.316789e-09	1.397662e-09	9.775183e-10
5.600000e+03	5.640000e+03	4.989600e-09	1.414288e-09	4.710250e-11
5.640000e+03	5.680000e+03	2.919520e-09	4.766895e-10	6.324825e-10
5.680000e+03	5.720000e+03	2.899345e-09	1.948290e-09	0.000000e+00
5.720000e+03	5.760000e+03	2.345044e-09	8.341922e-10	4.406566e-09
5.760000e+03	5.800000e+03	2.649895e-09	8.308137e-10	9.002550e-10
5.800000e+03	5.840000e+03	1.702023e-09	0.000000e+00	1.061547e-09
5.840000e+03	5.880000e+03	1.388591e-09	3.196775e-10	1.167077e-09
5.880000e+03	5.920000e+03	2.389071e-09	1.217069e-09	8.799043e-10
5.920000e+03	5.960000e+03	8.003328e-10	0.000000e+00	9.076663e-10
5.960000e+03	6.000000e+03	1.218926e-09	3.068303e-10	8.476500e-12
# END HISTO1D


# BEGIN HISTO1D //homes/tinghua1/Merging-Project/Production/HJETS/ratio-plots/hjets-vbfnlo/H-N2-3-4-25gev-vbfnlo-combine.yoda/MC_H2JETS_04_LOOSE/j1j3_mass
ErrorBandColor=cyan
ErrorBandOpacity=0.3
ErrorBands=1
ErrorType=env
LineColor=cyan
LineStyle=solid
Path=//homes/tinghua1/Merging-Project/Production/HJETS/ratio-plots/hjets-vbfnlo/H-N2-3-4-25gev-vbfnlo-combine.yoda/MC_H2JETS_04_LOOSE/j1j3_mass
RatioPlotSameStyle=1
Title=h(2*,3,4)-vbfnlo
# xlow	 xhigh	 val	 errminus	 errplus
0.000000e+00	4.000000e+01	6.601827e-04	1.853250e-06	4.155925e-05
4.000000e+01	8.000000e+01	1.287528e-03	8.426325e-05	8.793825e-05
8.000000e+01	1.200000e+02	1.025259e-03	6.010675e-05	4.837750e-05
1.200000e+02	1.600000e+02	7.328580e-04	4.422600e-05	3.183900e-05
1.600000e+02	2.000000e+02	5.230167e-04	1.892875e-05	2.655200e-05
2.000000e+02	2.400000e+02	4.133180e-04	2.050850e-05	1.962050e-05
2.400000e+02	2.800000e+02	3.504207e-04	1.402025e-05	1.925600e-05
2.800000e+02	3.200000e+02	3.150505e-04	1.612575e-05	1.414500e-05
3.200000e+02	3.600000e+02	2.823195e-04	1.317550e-05	1.521650e-05
3.600000e+02	4.000000e+02	2.565250e-04	9.672400e-06	1.440075e-05
4.000000e+02	4.400000e+02	2.366726e-04	1.318345e-05	1.061965e-05
4.400000e+02	4.800000e+02	2.150119e-04	9.169550e-06	1.410465e-05
4.800000e+02	5.200000e+02	1.982620e-04	9.346100e-06	1.230512e-05
5.200000e+02	5.600000e+02	1.812493e-04	8.953950e-06	1.086888e-05
5.600000e+02	6.000000e+02	1.675688e-04	8.755900e-06	9.423550e-06
6.000000e+02	6.400000e+02	1.531545e-04	8.043275e-06	9.285575e-06
6.400000e+02	6.800000e+02	1.405932e-04	8.332950e-06	8.237875e-06
6.800000e+02	7.200000e+02	1.293909e-04	7.902575e-06	8.554500e-06
7.200000e+02	7.600000e+02	1.186439e-04	6.113175e-06	6.921400e-06
7.600000e+02	8.000000e+02	1.095003e-04	7.910650e-06	8.235275e-06
8.000000e+02	8.400000e+02	1.001626e-04	6.324575e-06	7.567850e-06
8.400000e+02	8.800000e+02	9.257602e-05	6.060700e-06	6.704275e-06
8.800000e+02	9.200000e+02	8.371015e-05	4.844925e-06	7.558100e-06
9.200000e+02	9.600000e+02	7.818658e-05	4.544000e-06	5.663550e-06
9.600000e+02	1.000000e+03	7.252585e-05	5.595675e-06	4.902725e-06
1.000000e+03	1.040000e+03	6.652597e-05	4.466650e-06	5.653400e-06
1.040000e+03	1.080000e+03	6.196815e-05	4.842575e-06	4.537200e-06
1.080000e+03	1.120000e+03	5.701888e-05	4.579225e-06	4.817125e-06
1.120000e+03	1.160000e+03	5.157715e-05	2.330900e-06	5.568550e-06
1.160000e+03	1.200000e+03	4.851390e-05	3.575300e-06	3.862350e-06
1.200000e+03	1.240000e+03	4.533622e-05	4.774125e-06	2.875975e-06
1.240000e+03	1.280000e+03	4.126658e-05	3.241225e-06	2.696425e-06
1.280000e+03	1.320000e+03	3.805197e-05	2.840500e-06	3.889325e-06
1.320000e+03	1.360000e+03	3.545390e-05	3.371525e-06	2.442600e-06
1.360000e+03	1.400000e+03	3.290728e-05	3.481550e-06	2.664300e-06
1.400000e+03	1.440000e+03	3.061102e-05	2.866675e-06	2.042525e-06
1.440000e+03	1.480000e+03	2.758550e-05	1.508175e-06	2.401200e-06
1.480000e+03	1.520000e+03	2.586103e-05	2.094915e-06	1.958050e-06
1.520000e+03	1.560000e+03	2.413852e-05	2.249907e-06	2.106103e-06
1.560000e+03	1.600000e+03	2.213586e-05	2.085172e-06	2.167468e-06
1.600000e+03	1.640000e+03	2.071582e-05	1.966750e-06	1.916543e-06
1.640000e+03	1.680000e+03	1.863609e-05	1.052285e-06	2.440850e-06
1.680000e+03	1.720000e+03	1.752517e-05	1.490173e-06	1.628195e-06
1.720000e+03	1.760000e+03	1.634115e-05	1.376067e-06	8.150475e-07
1.760000e+03	1.800000e+03	1.301466e-05	0.000000e+00	3.470965e-06
1.800000e+03	1.840000e+03	1.450810e-05	1.544818e-06	1.319437e-06
1.840000e+03	1.880000e+03	1.330192e-05	1.396717e-06	9.819650e-07
1.880000e+03	1.920000e+03	1.194954e-05	7.233025e-07	1.399465e-06
1.920000e+03	1.960000e+03	1.146052e-05	1.249662e-06	9.315675e-07
1.960000e+03	2.000000e+03	1.031095e-05	8.004675e-07	1.188122e-06
2.000000e+03	2.040000e+03	9.485078e-06	9.082125e-07	1.020440e-06
2.040000e+03	2.080000e+03	8.718855e-06	3.350925e-07	1.185780e-06
2.080000e+03	2.120000e+03	8.179567e-06	7.266925e-07	7.383275e-07
2.120000e+03	2.160000e+03	7.903332e-06	9.601575e-07	7.207150e-07
2.160000e+03	2.200000e+03	6.901028e-06	5.681000e-07	9.223975e-07
2.200000e+03	2.240000e+03	6.523933e-06	6.552700e-07	7.759175e-07
2.240000e+03	2.280000e+03	6.186375e-06	6.834150e-07	5.629650e-07
2.280000e+03	2.320000e+03	5.717668e-06	7.588400e-07	5.500375e-07
2.320000e+03	2.360000e+03	5.279180e-06	5.642325e-07	5.914725e-07
2.360000e+03	2.400000e+03	5.068702e-06	6.273500e-07	4.431325e-07
2.400000e+03	2.440000e+03	4.362063e-06	1.981325e-07	4.916875e-07
2.440000e+03	2.480000e+03	4.190000e-06	4.294550e-07	4.349500e-07
2.480000e+03	2.520000e+03	4.060820e-06	5.784950e-07	2.523425e-07
2.520000e+03	2.560000e+03	3.699688e-06	5.162950e-07	1.241900e-07
2.560000e+03	2.600000e+03	3.250837e-06	2.431725e-07	3.342225e-07
2.600000e+03	2.640000e+03	3.085747e-06	3.230325e-07	4.159500e-07
2.640000e+03	2.680000e+03	2.858203e-06	2.035725e-07	2.968775e-07
2.680000e+03	2.720000e+03	2.631893e-06	2.505522e-07	6.319750e-08
2.720000e+03	2.760000e+03	2.453781e-06	3.112228e-07	2.518040e-07
2.760000e+03	2.800000e+03	2.252721e-06	2.603273e-07	2.661462e-07
2.800000e+03	2.840000e+03	2.101397e-06	2.886817e-07	1.155342e-07
2.840000e+03	2.880000e+03	2.238047e-06	5.521620e-07	0.000000e+00
2.880000e+03	2.920000e+03	1.741888e-06	1.250940e-07	3.202093e-07
2.920000e+03	2.960000e+03	1.602756e-06	1.412395e-07	1.561632e-07
2.960000e+03	3.000000e+03	1.476050e-06	1.254545e-07	2.126565e-07
3.000000e+03	3.040000e+03	1.426185e-06	1.932715e-07	1.656635e-07
3.040000e+03	3.080000e+03	1.285470e-06	1.786455e-07	1.732552e-07
3.080000e+03	3.120000e+03	1.129075e-06	1.175080e-07	1.510638e-07
3.120000e+03	3.160000e+03	1.114760e-06	1.167497e-07	8.253650e-08
3.160000e+03	3.200000e+03	1.056802e-06	1.171195e-07	7.088750e-08
3.200000e+03	3.240000e+03	8.391108e-07	3.678250e-08	1.865792e-07
3.240000e+03	3.280000e+03	1.020870e-06	3.052827e-07	0.000000e+00
3.280000e+03	3.320000e+03	7.886917e-07	1.062293e-07	2.848775e-08
3.320000e+03	3.360000e+03	8.134335e-07	3.993698e-07	0.000000e+00
3.360000e+03	3.400000e+03	6.093928e-07	0.000000e+00	1.294637e-07
3.400000e+03	3.440000e+03	6.485955e-07	1.013348e-07	2.270525e-08
3.440000e+03	3.480000e+03	5.941947e-07	1.195862e-07	0.000000e+00
3.480000e+03	3.520000e+03	5.406235e-07	3.427750e-09	4.510175e-08
3.520000e+03	3.560000e+03	4.083890e-07	1.556750e-09	4.039150e-08
3.560000e+03	3.600000e+03	4.415890e-07	6.757425e-08	6.174150e-08
3.600000e+03	3.640000e+03	3.786288e-07	3.196975e-08	1.207015e-07
3.640000e+03	3.680000e+03	3.816777e-07	7.779750e-08	1.500100e-08
3.680000e+03	3.720000e+03	2.302001e-07	0.000000e+00	1.892301e-07
3.720000e+03	3.760000e+03	3.169767e-07	4.800000e-08	8.581500e-09
3.760000e+03	3.800000e+03	2.990297e-07	2.092675e-08	2.912050e-08
3.800000e+03	3.840000e+03	2.417640e-07	7.189308e-08	0.000000e+00
3.840000e+03	3.880000e+03	2.278995e-07	0.000000e+00	1.610473e-08
3.880000e+03	3.920000e+03	2.184206e-07	2.459018e-08	2.953750e-10
3.920000e+03	3.960000e+03	1.819466e-07	1.707220e-08	3.066080e-08
3.960000e+03	4.000000e+03	1.909710e-07	4.100655e-08	1.439885e-08
4.000000e+03	4.040000e+03	1.745873e-07	1.119480e-08	4.896715e-08
4.040000e+03	4.080000e+03	1.551623e-07	3.093238e-08	2.249550e-08
4.080000e+03	4.120000e+03	1.402452e-07	2.356942e-08	9.405225e-09
4.120000e+03	4.160000e+03	1.057578e-07	0.000000e+00	4.424875e-08
4.160000e+03	4.200000e+03	1.250147e-07	2.884425e-09	2.959757e-08
4.200000e+03	4.240000e+03	9.744000e-08	1.228265e-08	1.186280e-08
4.240000e+03	4.280000e+03	9.953927e-08	1.743532e-08	8.290100e-09
4.280000e+03	4.320000e+03	1.030613e-07	3.542363e-08	1.091672e-08
4.320000e+03	4.360000e+03	8.670582e-08	1.815897e-08	8.735725e-09
4.360000e+03	4.400000e+03	7.770832e-08	1.383685e-08	0.000000e+00
4.400000e+03	4.440000e+03	6.187017e-08	7.514100e-09	8.553725e-09
4.440000e+03	4.480000e+03	6.596055e-08	3.586175e-09	0.000000e+00
4.480000e+03	4.520000e+03	6.181417e-08	6.579950e-09	8.682925e-09
4.520000e+03	4.560000e+03	5.307997e-08	1.565530e-08	8.000350e-09
4.560000e+03	4.600000e+03	4.774190e-08	1.205235e-08	0.000000e+00
4.600000e+03	4.640000e+03	3.910380e-08	9.177975e-09	2.269350e-09
4.640000e+03	4.680000e+03	3.260485e-08	0.000000e+00	2.446425e-09
4.680000e+03	4.720000e+03	3.478318e-08	5.971800e-09	0.000000e+00
4.720000e+03	4.760000e+03	2.268635e-08	0.000000e+00	1.880477e-08
4.760000e+03	4.800000e+03	7.888130e-08	5.582460e-08	0.000000e+00
4.800000e+03	4.840000e+03	2.554715e-08	4.781932e-09	0.000000e+00
4.840000e+03	4.880000e+03	2.604275e-08	1.035849e-08	2.090260e-08
4.880000e+03	4.920000e+03	1.919871e-08	1.175632e-09	8.416237e-09
4.920000e+03	4.960000e+03	1.919135e-08	5.720525e-09	4.427565e-09
4.960000e+03	5.000000e+03	2.259632e-08	9.502387e-09	0.000000e+00
5.000000e+03	5.040000e+03	1.579590e-08	1.173815e-09	2.535208e-09
5.040000e+03	5.080000e+03	1.475870e-08	3.944255e-09	0.000000e+00
5.080000e+03	5.120000e+03	1.214324e-08	0.000000e+00	4.076930e-09
5.120000e+03	5.160000e+03	1.506786e-08	6.398180e-09	0.000000e+00
5.160000e+03	5.200000e+03	9.670337e-09	0.000000e+00	4.259410e-09
5.200000e+03	5.240000e+03	8.549905e-09	5.440950e-10	2.267220e-09
5.240000e+03	5.280000e+03	9.693440e-09	2.128405e-09	4.183277e-09
5.280000e+03	5.320000e+03	9.423632e-09	2.443017e-09	7.466333e-09
5.320000e+03	5.360000e+03	7.466425e-09	1.147550e-10	1.048140e-09
5.360000e+03	5.400000e+03	8.923290e-09	2.064615e-09	0.000000e+00
5.400000e+03	5.440000e+03	6.603555e-09	4.886275e-10	0.000000e+00
5.440000e+03	5.480000e+03	6.821083e-09	4.501687e-09	0.000000e+00
5.480000e+03	5.520000e+03	5.280248e-09	0.000000e+00	1.094235e-09
5.520000e+03	5.560000e+03	4.897832e-09	9.339625e-10	8.306725e-10
5.560000e+03	5.600000e+03	5.533885e-09	2.339717e-09	7.870425e-09
5.600000e+03	5.640000e+03	2.260780e-09	0.000000e+00	7.590270e-09
5.640000e+03	5.680000e+03	3.483045e-09	3.726925e-10	2.555750e-11
5.680000e+03	5.720000e+03	2.739257e-09	1.400004e-09	1.223732e-09
5.720000e+03	5.760000e+03	3.853272e-09	1.593454e-09	0.000000e+00
5.760000e+03	5.800000e+03	2.945053e-09	8.646260e-10	1.350547e-09
5.800000e+03	5.840000e+03	4.186977e-09	2.338577e-09	0.000000e+00
5.840000e+03	5.880000e+03	1.762864e-09	4.679592e-10	7.598507e-10
5.880000e+03	5.920000e+03	2.145394e-09	1.602985e-09	0.000000e+00
5.920000e+03	5.960000e+03	1.153345e-09	0.000000e+00	9.341045e-10
5.960000e+03	6.000000e+03	1.085350e-09	5.015575e-10	3.208025e-11
# END HISTO1D


# BEGIN HISTO1D //homes/tinghua1/Merging-Project/Production/HJETS/ratio-plots/hjets-vbfnlo/H-2-3-4-25gev-combine.yoda/MC_H2JETS_04_LOOSE/j1j3_mass
ErrorBandColor=yellow
ErrorBandOpacity=0.3
ErrorBands=1
ErrorType=env
LineColor=yellow
LineStyle=solid
Path=//homes/tinghua1/Merging-Project/Production/HJETS/ratio-plots/hjets-vbfnlo/H-2-3-4-25gev-combine.yoda/MC_H2JETS_04_LOOSE/j1j3_mass
RatioPlotSameStyle=1
Title=h(2,3,4)
# xlow	 xhigh	 val	 errminus	 errplus
0.000000e+00	4.000000e+01	7.108332e-04	3.303675e-05	7.880975e-05
4.000000e+01	8.000000e+01	1.624247e-03	1.683132e-04	1.621502e-04
8.000000e+01	1.200000e+02	1.354030e-03	9.232250e-05	8.462050e-05
1.200000e+02	1.600000e+02	8.995602e-04	6.748025e-05	6.111700e-05
1.600000e+02	2.000000e+02	6.614572e-04	4.683075e-05	3.423900e-05
2.000000e+02	2.400000e+02	5.188775e-04	3.733825e-05	3.385300e-05
2.400000e+02	2.800000e+02	4.360887e-04	2.922775e-05	2.979000e-05
2.800000e+02	3.200000e+02	3.776177e-04	2.110350e-05	2.876150e-05
3.200000e+02	3.600000e+02	3.347363e-04	2.132225e-05	2.737975e-05
3.600000e+02	4.000000e+02	3.035070e-04	2.125075e-05	2.146600e-05
4.000000e+02	4.400000e+02	2.708253e-04	1.816075e-05	2.592750e-05
4.400000e+02	4.800000e+02	2.478308e-04	2.055660e-05	2.267925e-05
4.800000e+02	5.200000e+02	2.234181e-04	1.871510e-05	2.209457e-05
5.200000e+02	5.600000e+02	2.019289e-04	1.497380e-05	2.040183e-05
5.600000e+02	6.000000e+02	1.842340e-04	1.500618e-05	2.155620e-05
6.000000e+02	6.400000e+02	1.699521e-04	1.523343e-05	1.794972e-05
6.400000e+02	6.800000e+02	1.548790e-04	1.402825e-05	1.714333e-05
6.800000e+02	7.200000e+02	1.439529e-04	1.718203e-05	1.593850e-05
7.200000e+02	7.600000e+02	1.292818e-04	1.217505e-05	1.521380e-05
7.600000e+02	8.000000e+02	1.181297e-04	1.064123e-05	1.631427e-05
8.000000e+02	8.400000e+02	1.083224e-04	1.197782e-05	1.425260e-05
8.400000e+02	8.800000e+02	1.003614e-04	1.107492e-05	1.166783e-05
8.800000e+02	9.200000e+02	9.042975e-05	1.038097e-05	1.313100e-05
9.200000e+02	9.600000e+02	8.342355e-05	8.600050e-06	1.211342e-05
9.600000e+02	1.000000e+03	7.738612e-05	9.098325e-06	1.077918e-05
1.000000e+03	1.040000e+03	7.044740e-05	6.480400e-06	1.030743e-05
1.040000e+03	1.080000e+03	6.598190e-05	8.623450e-06	8.144425e-06
1.080000e+03	1.120000e+03	6.008065e-05	6.840225e-06	1.041995e-05
1.120000e+03	1.160000e+03	5.466362e-05	6.166875e-06	9.340725e-06
1.160000e+03	1.200000e+03	5.105358e-05	6.152100e-06	7.353800e-06
1.200000e+03	1.240000e+03	4.847110e-05	7.710125e-06	5.908050e-06
1.240000e+03	1.280000e+03	4.435965e-05	6.305800e-06	5.649725e-06
1.280000e+03	1.320000e+03	4.049452e-05	5.740100e-06	6.761700e-06
1.320000e+03	1.360000e+03	3.705300e-05	4.926400e-06	6.342450e-06
1.360000e+03	1.400000e+03	3.416437e-05	4.343475e-06	5.376675e-06
1.400000e+03	1.440000e+03	3.155110e-05	4.670050e-06	5.341250e-06
1.440000e+03	1.480000e+03	2.895902e-05	3.538800e-06	5.256325e-06
1.480000e+03	1.520000e+03	2.735815e-05	4.167838e-06	3.260525e-06
1.520000e+03	1.560000e+03	2.491932e-05	1.499670e-06	4.021980e-06
1.560000e+03	1.600000e+03	2.390513e-05	4.066833e-06	3.722942e-06
1.600000e+03	1.640000e+03	2.128396e-05	2.446910e-06	3.716710e-06
1.640000e+03	1.680000e+03	2.076767e-05	3.890078e-06	2.415742e-06
1.680000e+03	1.720000e+03	1.847997e-05	2.622703e-06	3.545145e-06
1.720000e+03	1.760000e+03	1.683064e-05	2.861377e-06	3.337012e-06
1.760000e+03	1.800000e+03	1.558724e-05	2.122950e-06	3.091785e-06
1.800000e+03	1.840000e+03	1.413287e-05	1.754257e-06	3.715872e-06
1.840000e+03	1.880000e+03	1.321046e-05	1.641700e-06	2.895595e-06
1.880000e+03	1.920000e+03	1.236958e-05	1.413218e-06	2.278832e-06
1.920000e+03	1.960000e+03	1.138083e-05	1.671995e-06	2.568455e-06
1.960000e+03	2.000000e+03	1.107456e-05	2.139635e-06	1.665115e-06
2.000000e+03	2.040000e+03	9.962545e-06	1.087137e-06	1.994325e-06
2.040000e+03	2.080000e+03	9.196250e-06	1.632193e-06	1.611370e-06
2.080000e+03	2.120000e+03	8.713278e-06	1.346853e-06	1.521525e-06
2.120000e+03	2.160000e+03	7.631817e-06	9.459825e-07	2.530823e-06
2.160000e+03	2.200000e+03	7.471858e-06	1.378053e-06	1.588922e-06
2.200000e+03	2.240000e+03	6.667557e-06	6.320050e-07	1.494873e-06
2.240000e+03	2.280000e+03	6.170050e-06	8.494100e-07	1.873997e-06
2.280000e+03	2.320000e+03	5.599340e-06	6.598625e-07	1.396945e-06
2.320000e+03	2.360000e+03	5.291882e-06	8.236950e-07	9.814675e-07
2.360000e+03	2.400000e+03	4.736473e-06	6.132350e-07	1.085290e-06
2.400000e+03	2.440000e+03	4.637125e-06	8.996575e-07	9.264425e-07
2.440000e+03	2.480000e+03	4.252887e-06	9.388875e-07	8.996525e-07
2.480000e+03	2.520000e+03	4.000628e-06	5.669450e-07	6.300475e-07
2.520000e+03	2.560000e+03	3.604728e-06	6.718800e-07	8.478650e-07
2.560000e+03	2.600000e+03	3.283135e-06	4.318925e-07	6.425400e-07
2.600000e+03	2.640000e+03	3.118088e-06	7.227318e-07	6.863325e-07
2.640000e+03	2.680000e+03	2.722302e-06	3.348840e-07	7.179950e-07
2.680000e+03	2.720000e+03	2.817297e-06	8.340427e-07	3.923150e-07
2.720000e+03	2.760000e+03	2.440424e-06	5.070640e-07	6.074515e-07
2.760000e+03	2.800000e+03	2.215693e-06	2.183975e-07	5.480573e-07
2.800000e+03	2.840000e+03	2.097197e-06	4.299462e-07	3.672322e-07
2.840000e+03	2.880000e+03	2.156703e-06	5.959107e-07	1.324700e-07
2.880000e+03	2.920000e+03	1.794438e-06	2.662617e-07	4.418065e-07
2.920000e+03	2.960000e+03	1.543609e-06	2.657940e-07	3.805085e-07
2.960000e+03	3.000000e+03	1.439143e-06	2.429430e-07	2.954707e-07
3.000000e+03	3.040000e+03	1.289238e-06	1.529405e-07	3.833148e-07
3.040000e+03	3.080000e+03	1.225913e-06	1.611272e-07	3.247043e-07
3.080000e+03	3.120000e+03	1.216309e-06	2.429735e-07	1.902538e-07
3.120000e+03	3.160000e+03	1.140242e-06	3.281860e-07	1.383570e-07
3.160000e+03	3.200000e+03	9.792143e-07	1.892870e-07	2.895767e-07
3.200000e+03	3.240000e+03	9.456675e-07	2.735918e-07	1.713030e-07
3.240000e+03	3.280000e+03	8.693668e-07	1.625355e-07	3.008872e-07
3.280000e+03	3.320000e+03	6.972575e-07	7.909500e-08	3.721220e-07
3.320000e+03	3.360000e+03	7.996070e-07	2.362895e-07	3.142850e-07
3.360000e+03	3.400000e+03	5.520883e-07	3.891375e-08	2.471943e-07
3.400000e+03	3.440000e+03	5.498797e-07	1.290882e-07	2.050630e-07
3.440000e+03	3.480000e+03	5.862467e-07	7.567425e-08	9.455625e-08
3.480000e+03	3.520000e+03	5.341315e-07	1.016803e-07	5.671500e-08
3.520000e+03	3.560000e+03	4.669900e-07	1.241062e-07	4.055050e-08
3.560000e+03	3.600000e+03	4.549355e-07	9.028850e-08	7.162425e-08
3.600000e+03	3.640000e+03	3.295525e-07	2.138350e-08	1.425545e-07
3.640000e+03	3.680000e+03	3.629398e-07	7.011875e-08	4.807350e-08
3.680000e+03	3.720000e+03	3.474598e-07	8.175600e-08	0.000000e+00
3.720000e+03	3.760000e+03	3.128707e-07	7.708817e-08	8.773175e-08
3.760000e+03	3.800000e+03	2.811455e-07	4.768310e-08	7.345950e-08
3.800000e+03	3.840000e+03	2.675712e-07	6.746885e-08	4.904600e-08
3.840000e+03	3.880000e+03	2.066678e-07	3.103440e-08	7.051447e-08
3.880000e+03	3.920000e+03	1.910293e-07	3.173850e-08	5.902365e-08
3.920000e+03	3.960000e+03	1.780565e-07	1.851130e-08	6.450560e-08
3.960000e+03	4.000000e+03	1.614191e-07	6.371025e-09	3.178760e-08
4.000000e+03	4.040000e+03	1.556547e-07	3.001293e-08	5.174642e-08
4.040000e+03	4.080000e+03	1.415333e-07	1.783478e-08	4.531122e-08
4.080000e+03	4.120000e+03	1.545825e-07	4.894280e-08	1.764840e-08
4.120000e+03	4.160000e+03	1.229690e-07	3.964737e-08	2.447688e-08
4.160000e+03	4.200000e+03	1.198753e-07	4.065393e-08	3.612755e-08
4.200000e+03	4.240000e+03	8.470200e-08	0.000000e+00	5.097618e-08
4.240000e+03	4.280000e+03	9.602362e-08	1.843645e-08	2.768913e-08
4.280000e+03	4.320000e+03	8.395522e-08	1.538462e-08	2.632495e-08
4.320000e+03	4.360000e+03	7.553138e-08	4.143100e-09	4.900440e-08
4.360000e+03	4.400000e+03	6.637975e-08	5.106350e-09	2.463070e-08
4.400000e+03	4.440000e+03	6.932932e-08	2.987545e-08	0.000000e+00
4.440000e+03	4.480000e+03	8.381693e-08	3.130918e-08	0.000000e+00
4.480000e+03	4.520000e+03	4.794837e-08	7.829300e-09	2.401530e-08
4.520000e+03	4.560000e+03	6.664405e-08	1.277268e-08	0.000000e+00
4.560000e+03	4.600000e+03	4.732230e-08	1.677350e-08	3.637975e-09
4.600000e+03	4.640000e+03	5.497598e-08	2.714753e-08	0.000000e+00
4.640000e+03	4.680000e+03	3.100545e-08	8.057500e-10	1.540027e-08
4.680000e+03	4.720000e+03	2.809830e-08	9.728003e-09	1.577755e-08
4.720000e+03	4.760000e+03	3.182555e-08	6.129900e-09	5.212125e-09
4.760000e+03	4.800000e+03	2.369890e-08	4.851130e-09	1.170457e-08
4.800000e+03	4.840000e+03	2.010504e-08	3.673718e-09	1.697029e-08
4.840000e+03	4.880000e+03	2.079260e-08	1.564313e-09	0.000000e+00
4.880000e+03	4.920000e+03	2.224625e-08	2.828560e-09	8.858300e-09
4.920000e+03	4.960000e+03	2.992370e-08	3.323812e-08	0.000000e+00
4.960000e+03	5.000000e+03	1.478100e-08	3.313997e-09	1.378515e-08
5.000000e+03	5.040000e+03	1.593661e-08	4.631313e-09	1.257972e-08
5.040000e+03	5.080000e+03	1.328182e-08	0.000000e+00	6.955358e-09
5.080000e+03	5.120000e+03	1.800071e-08	1.030127e-08	0.000000e+00
5.120000e+03	5.160000e+03	7.629360e-09	0.000000e+00	7.745005e-09
5.160000e+03	5.200000e+03	1.341955e-08	5.795373e-09	0.000000e+00
5.200000e+03	5.240000e+03	6.829715e-09	4.797481e-09	1.461671e-08
5.240000e+03	5.280000e+03	9.108020e-09	5.621880e-09	0.000000e+00
5.280000e+03	5.320000e+03	1.077728e-08	2.546963e-09	0.000000e+00
5.320000e+03	5.360000e+03	8.001495e-09	1.945715e-09	2.653698e-09
5.360000e+03	5.400000e+03	5.900673e-09	1.557117e-09	1.454680e-09
5.400000e+03	5.440000e+03	5.280650e-09	1.793400e-10	3.067875e-09
5.440000e+03	5.480000e+03	1.265855e-08	9.225815e-09	0.000000e+00
5.480000e+03	5.520000e+03	3.952775e-09	1.508250e-11	2.761475e-09
5.520000e+03	5.560000e+03	4.394622e-09	1.165907e-09	3.027085e-09
5.560000e+03	5.600000e+03	4.039670e-09	1.890172e-09	3.565233e-09
5.600000e+03	5.640000e+03	2.484074e-09	0.000000e+00	2.989595e-09
5.640000e+03	5.680000e+03	2.386132e-09	0.000000e+00	2.115891e-09
5.680000e+03	5.720000e+03	4.419765e-09	3.001859e-09	1.167443e-09
5.720000e+03	5.760000e+03	1.078618e-09	0.000000e+00	3.249277e-09
5.760000e+03	5.800000e+03	3.177215e-09	1.059220e-09	4.484725e-10
5.800000e+03	5.840000e+03	2.687845e-09	1.415108e-09	4.755450e-10
5.840000e+03	5.880000e+03	2.551698e-09	0.000000e+00	2.794500e-10
5.880000e+03	5.920000e+03	1.839715e-09	2.679615e-10	0.000000e+00
5.920000e+03	5.960000e+03	1.410302e-09	4.938113e-10	6.343130e-10
5.960000e+03	6.000000e+03	1.713720e-09	0.000000e+00	3.636245e-10
# END HISTO1D


# BEGIN HISTO1D //homes/tinghua1/Merging-Project/Production/HJETS/ratio-plots/hjets-vbfnlo/H-2-3-4-25gev-vbfnlo-combine.yoda/MC_H2JETS_04_LOOSE/j1j3_mass
ErrorBandColor=green
ErrorBandOpacity=0.3
ErrorBands=1
ErrorType=env
LineColor=green
LineStyle=solid
Path=//homes/tinghua1/Merging-Project/Production/HJETS/ratio-plots/hjets-vbfnlo/H-2-3-4-25gev-vbfnlo-combine.yoda/MC_H2JETS_04_LOOSE/j1j3_mass
RatioPlotSameStyle=1
Title=h(2,3,4)-vbfnlo
# xlow	 xhigh	 val	 errminus	 errplus
0.000000e+00	4.000000e+01	6.950568e-04	3.017550e-05	7.464200e-05
4.000000e+01	8.000000e+01	1.364358e-03	1.350205e-04	1.424150e-04
8.000000e+01	1.200000e+02	1.062208e-03	8.737125e-05	7.395325e-05
1.200000e+02	1.600000e+02	7.531143e-04	5.842325e-05	4.669700e-05
1.600000e+02	2.000000e+02	5.447830e-04	3.807825e-05	3.133900e-05
2.000000e+02	2.400000e+02	4.318170e-04	2.728125e-05	2.132200e-05
2.400000e+02	2.800000e+02	3.695133e-04	2.196100e-05	2.262525e-05
2.800000e+02	3.200000e+02	3.300628e-04	2.018100e-05	2.090825e-05
3.200000e+02	3.600000e+02	2.997065e-04	1.899625e-05	1.745075e-05
3.600000e+02	4.000000e+02	2.726570e-04	1.742250e-05	1.862450e-05
4.000000e+02	4.400000e+02	2.509017e-04	1.854857e-05	1.936800e-05
4.400000e+02	4.800000e+02	2.288816e-04	1.478510e-05	1.802825e-05
4.800000e+02	5.200000e+02	2.109140e-04	1.665663e-05	1.756052e-05
5.200000e+02	5.600000e+02	1.935716e-04	1.545025e-05	1.714085e-05
5.600000e+02	6.000000e+02	1.771107e-04	1.488270e-05	1.782390e-05
6.000000e+02	6.400000e+02	1.632902e-04	1.570128e-05	1.489943e-05
6.400000e+02	6.800000e+02	1.493746e-04	1.498623e-05	1.531462e-05
6.800000e+02	7.200000e+02	1.360007e-04	1.218723e-05	1.582115e-05
7.200000e+02	7.600000e+02	1.255827e-04	1.259455e-05	1.510547e-05
7.600000e+02	8.000000e+02	1.146990e-04	1.103225e-05	1.391805e-05
8.000000e+02	8.400000e+02	1.072352e-04	1.249093e-05	1.088487e-05
8.400000e+02	8.800000e+02	9.774530e-05	1.102048e-05	1.247180e-05
8.800000e+02	9.200000e+02	8.956410e-05	9.216800e-06	1.100415e-05
9.200000e+02	9.600000e+02	8.189363e-05	8.499450e-06	1.021062e-05
9.600000e+02	1.000000e+03	7.533270e-05	8.424225e-06	1.068783e-05
1.000000e+03	1.040000e+03	6.980392e-05	8.390775e-06	9.540525e-06
1.040000e+03	1.080000e+03	6.415775e-05	7.273050e-06	9.071750e-06
1.080000e+03	1.120000e+03	5.921818e-05	6.825625e-06	7.845600e-06
1.120000e+03	1.160000e+03	5.504880e-05	7.004825e-06	7.537100e-06
1.160000e+03	1.200000e+03	5.026235e-05	6.378925e-06	7.818650e-06
1.200000e+03	1.240000e+03	4.668293e-05	5.878000e-06	7.297425e-06
1.240000e+03	1.280000e+03	4.294367e-05	5.863875e-06	6.612225e-06
1.280000e+03	1.320000e+03	3.959955e-05	4.853900e-06	6.581275e-06
1.320000e+03	1.360000e+03	3.637025e-05	4.636425e-06	5.729625e-06
1.360000e+03	1.400000e+03	3.360038e-05	4.965125e-06	5.833450e-06
1.400000e+03	1.440000e+03	3.095565e-05	4.195075e-06	5.051175e-06
1.440000e+03	1.480000e+03	2.908955e-05	3.961750e-06	4.570375e-06
1.480000e+03	1.520000e+03	2.663323e-05	3.501630e-06	4.770850e-06
1.520000e+03	1.560000e+03	2.472404e-05	3.536818e-06	4.319007e-06
1.560000e+03	1.600000e+03	2.252846e-05	2.648720e-06	4.511768e-06
1.600000e+03	1.640000e+03	2.083136e-05	2.440293e-06	3.996305e-06
1.640000e+03	1.680000e+03	1.961492e-05	2.352097e-06	3.283465e-06
1.680000e+03	1.720000e+03	1.756232e-05	1.853645e-06	3.920095e-06
1.720000e+03	1.760000e+03	1.688852e-05	2.359365e-06	3.100085e-06
1.760000e+03	1.800000e+03	1.600983e-05	2.997640e-06	2.695140e-06
1.800000e+03	1.840000e+03	1.438689e-05	2.191900e-06	3.506817e-06
1.840000e+03	1.880000e+03	1.318694e-05	1.854598e-06	2.535558e-06
1.880000e+03	1.920000e+03	1.217484e-05	1.773895e-06	2.203622e-06
1.920000e+03	1.960000e+03	1.158674e-05	2.060578e-06	1.769607e-06
1.960000e+03	2.000000e+03	1.051754e-05	1.635198e-06	2.219812e-06
2.000000e+03	2.040000e+03	9.879058e-06	1.700832e-06	1.728765e-06
2.040000e+03	2.080000e+03	9.231665e-06	1.740298e-06	1.790765e-06
2.080000e+03	2.120000e+03	8.461040e-06	1.353798e-06	1.453192e-06
2.120000e+03	2.160000e+03	7.829490e-06	1.378705e-06	1.538863e-06
2.160000e+03	2.200000e+03	7.104133e-06	1.124202e-06	1.465787e-06
2.200000e+03	2.240000e+03	6.802800e-06	1.136250e-06	1.148047e-06
2.240000e+03	2.280000e+03	6.143837e-06	9.589550e-07	1.478878e-06
2.280000e+03	2.320000e+03	5.787097e-06	1.079958e-06	1.116930e-06
2.320000e+03	2.360000e+03	5.280697e-06	8.441575e-07	1.176265e-06
2.360000e+03	2.400000e+03	4.819428e-06	8.167225e-07	1.076750e-06
2.400000e+03	2.440000e+03	4.507347e-06	7.375750e-07	9.785200e-07
2.440000e+03	2.480000e+03	4.246755e-06	7.439800e-07	7.850300e-07
2.480000e+03	2.520000e+03	3.982280e-06	6.881900e-07	7.683175e-07
2.520000e+03	2.560000e+03	3.568102e-06	6.698475e-07	8.729225e-07
2.560000e+03	2.600000e+03	3.425917e-06	7.077675e-07	6.987525e-07
2.600000e+03	2.640000e+03	3.019823e-06	6.444710e-07	7.144625e-07
2.640000e+03	2.680000e+03	2.831540e-06	4.916575e-07	6.404650e-07
2.680000e+03	2.720000e+03	2.664582e-06	5.044782e-07	4.736150e-07
2.720000e+03	2.760000e+03	2.437048e-06	4.248067e-07	4.955917e-07
2.760000e+03	2.800000e+03	2.362416e-06	4.540738e-07	3.895165e-07
2.800000e+03	2.840000e+03	2.023376e-06	3.027615e-07	5.166912e-07
2.840000e+03	2.880000e+03	1.888962e-06	3.447542e-07	5.026972e-07
2.880000e+03	2.920000e+03	1.820503e-06	2.912182e-07	3.079590e-07
2.920000e+03	2.960000e+03	1.553114e-06	1.885668e-07	2.728635e-07
2.960000e+03	3.000000e+03	1.455264e-06	1.933302e-07	4.052055e-07
3.000000e+03	3.040000e+03	1.409912e-06	3.161025e-07	2.777885e-07
3.040000e+03	3.080000e+03	1.327886e-06	3.142062e-07	2.794595e-07
3.080000e+03	3.120000e+03	1.123250e-06	1.938110e-07	4.051220e-07
3.120000e+03	3.160000e+03	1.092699e-06	1.957338e-07	3.424015e-07
3.160000e+03	3.200000e+03	9.312482e-07	6.532650e-08	2.840652e-07
3.200000e+03	3.240000e+03	9.148765e-07	1.469912e-07	2.431817e-07
3.240000e+03	3.280000e+03	8.222388e-07	1.419585e-07	1.631515e-07
3.280000e+03	3.320000e+03	7.619300e-07	1.482703e-07	2.408310e-07
3.320000e+03	3.360000e+03	7.497570e-07	1.513615e-07	1.461770e-07
3.360000e+03	3.400000e+03	6.473082e-07	8.309150e-08	1.568138e-07
3.400000e+03	3.440000e+03	6.175192e-07	9.733850e-08	1.468283e-07
3.440000e+03	3.480000e+03	5.585358e-07	1.354863e-07	1.589285e-07
3.480000e+03	3.520000e+03	4.764845e-07	8.575500e-08	1.497842e-07
3.520000e+03	3.560000e+03	4.447065e-07	7.537100e-08	1.186842e-07
3.560000e+03	3.600000e+03	4.136475e-07	6.102525e-08	1.813490e-07
3.600000e+03	3.640000e+03	3.790695e-07	9.254050e-08	1.272837e-07
3.640000e+03	3.680000e+03	3.570005e-07	9.324800e-08	8.288550e-08
3.680000e+03	3.720000e+03	2.615158e-07	0.000000e+00	1.626310e-07
3.720000e+03	3.760000e+03	3.011987e-07	7.381810e-08	8.426500e-08
3.760000e+03	3.800000e+03	3.024547e-07	8.662187e-08	3.423100e-08
3.800000e+03	3.840000e+03	2.553093e-07	6.376335e-08	3.152250e-08
3.840000e+03	3.880000e+03	1.612655e-07	0.000000e+00	9.275728e-08
3.880000e+03	3.920000e+03	1.925378e-07	3.418820e-08	7.767067e-08
3.920000e+03	3.960000e+03	2.007470e-07	4.890120e-08	3.073275e-08
3.960000e+03	4.000000e+03	1.555641e-07	6.480430e-08	7.209395e-08
4.000000e+03	4.040000e+03	1.616702e-07	3.695078e-08	3.556507e-08
4.040000e+03	4.080000e+03	1.519718e-07	3.790330e-08	3.862132e-08
4.080000e+03	4.120000e+03	1.240738e-07	2.285908e-08	5.028057e-08
4.120000e+03	4.160000e+03	1.085400e-07	1.450525e-08	4.057482e-08
4.160000e+03	4.200000e+03	1.153483e-07	2.653590e-08	2.108215e-08
4.200000e+03	4.240000e+03	9.417375e-08	0.000000e+00	5.037350e-09
4.240000e+03	4.280000e+03	1.014950e-07	3.448967e-08	0.000000e+00
4.280000e+03	4.320000e+03	8.287970e-08	1.459008e-08	3.737275e-09
4.320000e+03	4.360000e+03	8.876792e-08	2.419840e-08	1.190278e-08
4.360000e+03	4.400000e+03	7.807475e-08	2.259825e-08	0.000000e+00
4.400000e+03	4.440000e+03	6.556225e-08	3.278300e-09	1.502675e-08
4.440000e+03	4.480000e+03	5.593120e-08	1.007935e-08	8.257925e-09
4.480000e+03	4.520000e+03	5.056055e-08	5.189350e-09	1.452663e-08
4.520000e+03	4.560000e+03	5.316253e-08	1.645315e-08	2.856300e-09
4.560000e+03	4.600000e+03	4.743112e-08	1.405555e-08	0.000000e+00
4.600000e+03	4.640000e+03	3.890532e-08	3.270750e-10	1.288137e-08
4.640000e+03	4.680000e+03	4.004685e-08	2.458651e-08	6.852200e-09
4.680000e+03	4.720000e+03	2.399949e-08	1.380479e-08	1.469868e-08
4.720000e+03	4.760000e+03	4.706180e-08	2.754998e-08	0.000000e+00
4.760000e+03	4.800000e+03	2.884248e-08	6.187275e-09	4.812750e-09
4.800000e+03	4.840000e+03	2.963180e-08	1.176209e-08	2.071625e-09
4.840000e+03	4.880000e+03	1.772302e-08	2.184998e-09	8.585435e-09
4.880000e+03	4.920000e+03	2.145878e-08	4.631200e-09	7.306893e-09
4.920000e+03	4.960000e+03	1.851615e-08	6.008045e-09	6.521675e-10
4.960000e+03	5.000000e+03	1.792032e-08	2.539465e-09	2.353025e-09
5.000000e+03	5.040000e+03	1.594301e-08	3.535867e-09	0.000000e+00
5.040000e+03	5.080000e+03	1.344644e-08	5.147122e-09	9.848067e-09
5.080000e+03	5.120000e+03	1.106094e-08	1.694815e-09	5.742818e-09
5.120000e+03	5.160000e+03	8.745548e-09	1.847643e-09	7.270972e-09
5.160000e+03	5.200000e+03	1.124721e-08	3.054517e-09	1.683637e-09
5.200000e+03	5.240000e+03	7.796655e-09	0.000000e+00	5.667980e-09
5.240000e+03	5.280000e+03	5.396538e-09	0.000000e+00	1.161557e-08
5.280000e+03	5.320000e+03	9.219578e-09	2.966150e-09	0.000000e+00
5.320000e+03	5.360000e+03	6.694060e-09	6.652221e-09	0.000000e+00
5.360000e+03	5.400000e+03	7.551275e-09	2.952808e-09	0.000000e+00
5.400000e+03	5.440000e+03	5.449805e-09	1.328225e-09	1.512218e-09
5.440000e+03	5.480000e+03	4.691228e-09	0.000000e+00	5.748000e-10
5.480000e+03	5.520000e+03	5.251048e-09	9.961650e-10	1.806317e-09
5.520000e+03	5.560000e+03	3.593193e-09	5.291250e-11	2.112310e-09
5.560000e+03	5.600000e+03	5.032845e-09	2.145655e-09	0.000000e+00
5.600000e+03	5.640000e+03	3.351127e-09	3.126376e-09	2.211250e-10
5.640000e+03	5.680000e+03	5.130962e-09	2.734935e-09	0.000000e+00
5.680000e+03	5.720000e+03	2.883655e-09	7.610422e-10	1.435225e-09
5.720000e+03	5.760000e+03	2.692115e-09	1.367028e-09	7.817100e-10
5.760000e+03	5.800000e+03	1.965411e-09	5.422525e-11	0.000000e+00
5.800000e+03	5.840000e+03	1.411133e-09	0.000000e+00	1.740212e-09
5.840000e+03	5.880000e+03	2.561250e-09	1.633623e-09	5.464200e-10
5.880000e+03	5.920000e+03	2.593640e-09	1.504054e-09	0.000000e+00
5.920000e+03	5.960000e+03	1.415866e-09	0.000000e+00	1.119434e-09
5.960000e+03	6.000000e+03	1.368743e-09	3.055245e-10	8.901527e-10
# END HISTO1D


# BEGIN HISTO1D //homes/tinghua1/Merging-Project/Production/HJETS/ratio-plots/hjets-vbfnlo/H-2-3-25gev-combine.yoda/MC_H2JETS_04_LOOSE/j1j3_mass
ErrorBandColor=purple
ErrorBandOpacity=0.3
ErrorBands=1
ErrorType=env
LineColor=purple
LineStyle=solid
Path=//homes/tinghua1/Merging-Project/Production/HJETS/ratio-plots/hjets-vbfnlo/H-2-3-25gev-combine.yoda/MC_H2JETS_04_LOOSE/j1j3_mass
RatioPlotSameStyle=1
Title=h(2,3)
# xlow	 xhigh	 val	 errminus	 errplus
0.000000e+00	4.000000e+01	6.809847e-04	0.000000e+00	1.100410e-04
4.000000e+01	8.000000e+01	1.454109e-03	0.000000e+00	3.320582e-04
8.000000e+01	1.200000e+02	1.244216e-03	0.000000e+00	1.536520e-04
1.200000e+02	1.600000e+02	8.153460e-04	0.000000e+00	1.187960e-04
1.600000e+02	2.000000e+02	6.014160e-04	0.000000e+00	8.148625e-05
2.000000e+02	2.400000e+02	4.723915e-04	0.000000e+00	6.376275e-05
2.400000e+02	2.800000e+02	3.980585e-04	0.000000e+00	5.269125e-05
2.800000e+02	3.200000e+02	3.476945e-04	0.000000e+00	4.729575e-05
3.200000e+02	3.600000e+02	3.084943e-04	0.000000e+00	4.503500e-05
3.600000e+02	4.000000e+02	2.759397e-04	0.000000e+00	4.290125e-05
4.000000e+02	4.400000e+02	2.469998e-04	0.000000e+00	4.006020e-05
4.400000e+02	4.800000e+02	2.240956e-04	0.000000e+00	3.623140e-05
4.800000e+02	5.200000e+02	2.024539e-04	0.000000e+00	3.586105e-05
5.200000e+02	5.600000e+02	1.844098e-04	0.000000e+00	3.423615e-05
5.600000e+02	6.000000e+02	1.663662e-04	0.000000e+00	3.301825e-05
6.000000e+02	6.400000e+02	1.524643e-04	0.000000e+00	3.026758e-05
6.400000e+02	6.800000e+02	1.382087e-04	0.000000e+00	3.147205e-05
6.800000e+02	7.200000e+02	1.253797e-04	0.000000e+00	2.811873e-05
7.200000e+02	7.600000e+02	1.143991e-04	0.000000e+00	2.714005e-05
7.600000e+02	8.000000e+02	1.042948e-04	0.000000e+00	2.542180e-05
8.000000e+02	8.400000e+02	9.552830e-05	0.000000e+00	2.371077e-05
8.400000e+02	8.800000e+02	8.730495e-05	0.000000e+00	2.245407e-05
8.800000e+02	9.200000e+02	8.030467e-05	0.000000e+00	2.041600e-05
9.200000e+02	9.600000e+02	7.367570e-05	0.000000e+00	1.982023e-05
9.600000e+02	1.000000e+03	6.666130e-05	0.000000e+00	1.945870e-05
1.000000e+03	1.040000e+03	6.242340e-05	0.000000e+00	1.636280e-05
1.040000e+03	1.080000e+03	5.646050e-05	0.000000e+00	1.690783e-05
1.080000e+03	1.120000e+03	5.179222e-05	0.000000e+00	1.517693e-05
1.120000e+03	1.160000e+03	4.765885e-05	0.000000e+00	1.491527e-05
1.160000e+03	1.200000e+03	4.408242e-05	0.000000e+00	1.310007e-05
1.200000e+03	1.240000e+03	3.999275e-05	0.000000e+00	1.288445e-05
1.240000e+03	1.280000e+03	3.735653e-05	0.000000e+00	1.214585e-05
1.280000e+03	1.320000e+03	3.448358e-05	0.000000e+00	1.112827e-05
1.320000e+03	1.360000e+03	3.180432e-05	0.000000e+00	1.074865e-05
1.360000e+03	1.400000e+03	2.914587e-05	0.000000e+00	9.600675e-06
1.400000e+03	1.440000e+03	2.661687e-05	0.000000e+00	9.275725e-06
1.440000e+03	1.480000e+03	2.498911e-05	0.000000e+00	8.046118e-06
1.480000e+03	1.520000e+03	2.301100e-05	0.000000e+00	8.249175e-06
1.520000e+03	1.560000e+03	2.121298e-05	0.000000e+00	7.361895e-06
1.560000e+03	1.600000e+03	1.939088e-05	0.000000e+00	7.225448e-06
1.600000e+03	1.640000e+03	1.778330e-05	0.000000e+00	6.860300e-06
1.640000e+03	1.680000e+03	1.669979e-05	0.000000e+00	5.908790e-06
1.680000e+03	1.720000e+03	1.521789e-05	0.000000e+00	6.000098e-06
1.720000e+03	1.760000e+03	1.426039e-05	0.000000e+00	5.379522e-06
1.760000e+03	1.800000e+03	1.310442e-05	0.000000e+00	5.120670e-06
1.800000e+03	1.840000e+03	1.212785e-05	0.000000e+00	5.010933e-06
1.840000e+03	1.880000e+03	1.140401e-05	0.000000e+00	4.456813e-06
1.880000e+03	1.920000e+03	1.043346e-05	0.000000e+00	3.921272e-06
1.920000e+03	1.960000e+03	9.867243e-06	0.000000e+00	3.604140e-06
1.960000e+03	2.000000e+03	8.995410e-06	0.000000e+00	3.457872e-06
2.000000e+03	2.040000e+03	8.197827e-06	0.000000e+00	3.501288e-06
2.040000e+03	2.080000e+03	7.665025e-06	0.000000e+00	3.073432e-06
2.080000e+03	2.120000e+03	7.016803e-06	0.000000e+00	2.960572e-06
2.120000e+03	2.160000e+03	6.471178e-06	0.000000e+00	2.724743e-06
2.160000e+03	2.200000e+03	5.987557e-06	0.000000e+00	2.620058e-06
2.200000e+03	2.240000e+03	5.478358e-06	0.000000e+00	2.429895e-06
2.240000e+03	2.280000e+03	5.353632e-06	0.000000e+00	2.115155e-06
2.280000e+03	2.320000e+03	4.645750e-06	0.000000e+00	2.308982e-06
2.320000e+03	2.360000e+03	4.453918e-06	0.000000e+00	1.972480e-06
2.360000e+03	2.400000e+03	4.015847e-06	0.000000e+00	1.711558e-06
2.400000e+03	2.440000e+03	3.799770e-06	0.000000e+00	1.672868e-06
2.440000e+03	2.480000e+03	3.472228e-06	0.000000e+00	1.411482e-06
2.480000e+03	2.520000e+03	3.301262e-06	0.000000e+00	1.249640e-06
2.520000e+03	2.560000e+03	3.046985e-06	0.000000e+00	1.251263e-06
2.560000e+03	2.600000e+03	2.687897e-06	0.000000e+00	1.247045e-06
2.600000e+03	2.640000e+03	2.512235e-06	0.000000e+00	1.077053e-06
2.640000e+03	2.680000e+03	2.292577e-06	0.000000e+00	1.010680e-06
2.680000e+03	2.720000e+03	2.156596e-06	0.000000e+00	1.051884e-06
2.720000e+03	2.760000e+03	1.967162e-06	0.000000e+00	9.271927e-07
2.760000e+03	2.800000e+03	1.785857e-06	0.000000e+00	8.710558e-07
2.800000e+03	2.840000e+03	1.676380e-06	0.000000e+00	8.008053e-07
2.840000e+03	2.880000e+03	1.507569e-06	0.000000e+00	7.027200e-07
2.880000e+03	2.920000e+03	1.406716e-06	0.000000e+00	6.476058e-07
2.920000e+03	2.960000e+03	1.304786e-06	0.000000e+00	6.599510e-07
2.960000e+03	3.000000e+03	1.208922e-06	0.000000e+00	6.063580e-07
3.000000e+03	3.040000e+03	1.124442e-06	0.000000e+00	4.763540e-07
3.040000e+03	3.080000e+03	1.014703e-06	0.000000e+00	4.512735e-07
3.080000e+03	3.120000e+03	9.659260e-07	0.000000e+00	4.336395e-07
3.120000e+03	3.160000e+03	8.200922e-07	0.000000e+00	4.548543e-07
3.160000e+03	3.200000e+03	7.697390e-07	0.000000e+00	3.840745e-07
3.200000e+03	3.240000e+03	7.233628e-07	0.000000e+00	4.139975e-07
3.240000e+03	3.280000e+03	6.208350e-07	0.000000e+00	4.117988e-07
3.280000e+03	3.320000e+03	5.709563e-07	0.000000e+00	3.104748e-07
3.320000e+03	3.360000e+03	5.680227e-07	0.000000e+00	2.650183e-07
3.360000e+03	3.400000e+03	5.155108e-07	0.000000e+00	2.460542e-07
3.400000e+03	3.440000e+03	5.451237e-07	0.000000e+00	1.895760e-07
3.440000e+03	3.480000e+03	4.194113e-07	0.000000e+00	2.284113e-07
3.480000e+03	3.520000e+03	3.768607e-07	0.000000e+00	2.502608e-07
3.520000e+03	3.560000e+03	3.546503e-07	0.000000e+00	2.219235e-07
3.560000e+03	3.600000e+03	3.657388e-07	0.000000e+00	1.566507e-07
3.600000e+03	3.640000e+03	3.057840e-07	0.000000e+00	1.432970e-07
3.640000e+03	3.680000e+03	2.664575e-07	0.000000e+00	1.551635e-07
3.680000e+03	3.720000e+03	2.649515e-07	0.000000e+00	1.188370e-07
3.720000e+03	3.760000e+03	2.111366e-07	0.000000e+00	1.258282e-07
3.760000e+03	3.800000e+03	2.268786e-07	0.000000e+00	8.739567e-08
3.800000e+03	3.840000e+03	1.926722e-07	0.000000e+00	9.945525e-08
3.840000e+03	3.880000e+03	1.800373e-07	0.000000e+00	8.099790e-08
3.880000e+03	3.920000e+03	1.560588e-07	0.000000e+00	1.045498e-07
3.920000e+03	3.960000e+03	1.690830e-07	7.513500e-10	6.932903e-08
3.960000e+03	4.000000e+03	1.210379e-07	0.000000e+00	8.097185e-08
4.000000e+03	4.040000e+03	1.264934e-07	0.000000e+00	6.582258e-08
4.040000e+03	4.080000e+03	1.040890e-07	0.000000e+00	7.684215e-08
4.080000e+03	4.120000e+03	1.007928e-07	0.000000e+00	6.890890e-08
4.120000e+03	4.160000e+03	8.679465e-08	0.000000e+00	7.264718e-08
4.160000e+03	4.200000e+03	7.304140e-08	0.000000e+00	7.112698e-08
4.200000e+03	4.240000e+03	8.787825e-08	0.000000e+00	3.149185e-08
4.240000e+03	4.280000e+03	6.867232e-08	0.000000e+00	2.894035e-08
4.280000e+03	4.320000e+03	6.242533e-08	0.000000e+00	4.120260e-08
4.320000e+03	4.360000e+03	6.108703e-08	0.000000e+00	4.833210e-08
4.360000e+03	4.400000e+03	6.033522e-08	5.377500e-10	3.242958e-08
4.400000e+03	4.440000e+03	4.430345e-08	0.000000e+00	2.521952e-08
4.440000e+03	4.480000e+03	4.544497e-08	2.002575e-09	2.061098e-08
4.480000e+03	4.520000e+03	3.980112e-08	0.000000e+00	1.907890e-08
4.520000e+03	4.560000e+03	3.608998e-08	0.000000e+00	5.515932e-08
4.560000e+03	4.600000e+03	3.417980e-08	0.000000e+00	2.370962e-08
4.600000e+03	4.640000e+03	3.140902e-08	0.000000e+00	8.884825e-09
4.640000e+03	4.680000e+03	2.543255e-08	0.000000e+00	2.206780e-08
4.680000e+03	4.720000e+03	1.972236e-08	0.000000e+00	1.479162e-08
4.720000e+03	4.760000e+03	2.156879e-08	3.707200e-10	1.170646e-08
4.760000e+03	4.800000e+03	1.835366e-08	0.000000e+00	9.949188e-09
4.800000e+03	4.840000e+03	2.070150e-08	0.000000e+00	8.295748e-09
4.840000e+03	4.880000e+03	1.758166e-08	0.000000e+00	1.258399e-08
4.880000e+03	4.920000e+03	1.473709e-08	0.000000e+00	1.388079e-08
4.920000e+03	4.960000e+03	1.156660e-08	0.000000e+00	1.202547e-08
4.960000e+03	5.000000e+03	1.290225e-08	0.000000e+00	3.076168e-09
5.000000e+03	5.040000e+03	1.456154e-08	8.966750e-11	1.014040e-09
5.040000e+03	5.080000e+03	1.409797e-08	2.454823e-09	7.216540e-09
5.080000e+03	5.120000e+03	7.737102e-09	0.000000e+00	8.450215e-09
5.120000e+03	5.160000e+03	8.412092e-09	6.419625e-10	5.300528e-09
5.160000e+03	5.200000e+03	8.353690e-09	0.000000e+00	2.509000e-09
5.200000e+03	5.240000e+03	7.667115e-09	6.728750e-11	5.206120e-09
5.240000e+03	5.280000e+03	4.469545e-09	0.000000e+00	5.181170e-09
5.280000e+03	5.320000e+03	7.253240e-09	1.090935e-09	4.210275e-10
5.320000e+03	5.360000e+03	5.234022e-09	0.000000e+00	5.728185e-09
5.360000e+03	5.400000e+03	3.671293e-09	0.000000e+00	3.213862e-09
5.400000e+03	5.440000e+03	4.643202e-09	0.000000e+00	1.900500e-09
5.440000e+03	5.480000e+03	3.594907e-09	0.000000e+00	2.342940e-09
5.480000e+03	5.520000e+03	3.455075e-09	0.000000e+00	2.585667e-09
5.520000e+03	5.560000e+03	2.275441e-09	0.000000e+00	3.339694e-09
5.560000e+03	5.600000e+03	3.977085e-09	7.263450e-10	5.233650e-10
5.600000e+03	5.640000e+03	2.136465e-09	0.000000e+00	2.839842e-09
5.640000e+03	5.680000e+03	2.601447e-09	1.270610e-10	5.038400e-10
5.680000e+03	5.720000e+03	1.214074e-09	0.000000e+00	3.495436e-09
5.720000e+03	5.760000e+03	1.904240e-09	0.000000e+00	1.493657e-09
5.760000e+03	5.800000e+03	1.944474e-09	0.000000e+00	8.523163e-10
5.800000e+03	5.840000e+03	2.436361e-09	5.645115e-10	0.000000e+00
5.840000e+03	5.880000e+03	1.162815e-09	0.000000e+00	7.342872e-10
5.880000e+03	5.920000e+03	1.420383e-09	0.000000e+00	6.728553e-10
5.920000e+03	5.960000e+03	1.202483e-09	0.000000e+00	5.482062e-10
5.960000e+03	6.000000e+03	7.801808e-10	0.000000e+00	1.295102e-09
# END HISTO1D


# BEGIN HISTO1D //homes/tinghua1/Merging-Project/Production/HJETS/ratio-plots/hjets-vbfnlo/H-2-3-25gev-vbfnlo-combine.yoda/MC_H2JETS_04_LOOSE/j1j3_mass
ErrorBandColor=violet
ErrorBandOpacity=0.3
ErrorBands=1
ErrorType=env
LineColor=violet
LineStyle=solid
Path=//homes/tinghua1/Merging-Project/Production/HJETS/ratio-plots/hjets-vbfnlo/H-2-3-25gev-vbfnlo-combine.yoda/MC_H2JETS_04_LOOSE/j1j3_mass
RatioPlotSameStyle=1
Title=h(2,3)-vbfnlo
# xlow	 xhigh	 val	 errminus	 errplus
0.000000e+00	4.000000e+01	7.731895e-04	1.037060e-04	0.000000e+00
4.000000e+01	8.000000e+01	1.503904e-03	2.760655e-04	0.000000e+00
8.000000e+01	1.200000e+02	1.117999e-03	1.555115e-04	0.000000e+00
1.200000e+02	1.600000e+02	7.862348e-04	9.605750e-05	0.000000e+00
1.600000e+02	2.000000e+02	5.655610e-04	6.510650e-05	0.000000e+00
2.000000e+02	2.400000e+02	4.481977e-04	4.835700e-05	0.000000e+00
2.400000e+02	2.800000e+02	3.881070e-04	4.297400e-05	0.000000e+00
2.800000e+02	3.200000e+02	3.459095e-04	3.755550e-05	0.000000e+00
3.200000e+02	3.600000e+02	3.153263e-04	3.557975e-05	0.000000e+00
3.600000e+02	4.000000e+02	2.897937e-04	3.572475e-05	0.000000e+00
4.000000e+02	4.400000e+02	2.669105e-04	3.469228e-05	0.000000e+00
4.400000e+02	4.800000e+02	2.461847e-04	3.417845e-05	0.000000e+00
4.800000e+02	5.200000e+02	2.264278e-04	3.262780e-05	0.000000e+00
5.200000e+02	5.600000e+02	2.091448e-04	3.245282e-05	0.000000e+00
5.600000e+02	6.000000e+02	1.923165e-04	3.113173e-05	0.000000e+00
6.000000e+02	6.400000e+02	1.767087e-04	2.908790e-05	0.000000e+00
6.400000e+02	6.800000e+02	1.637451e-04	3.142860e-05	0.000000e+00
6.800000e+02	7.200000e+02	1.492444e-04	2.635120e-05	0.000000e+00
7.200000e+02	7.600000e+02	1.387617e-04	2.644325e-05	0.000000e+00
7.600000e+02	8.000000e+02	1.276523e-04	2.460147e-05	0.000000e+00
8.000000e+02	8.400000e+02	1.175020e-04	2.345860e-05	0.000000e+00
8.400000e+02	8.800000e+02	1.084856e-04	2.220755e-05	0.000000e+00
8.800000e+02	9.200000e+02	9.999127e-05	2.090278e-05	0.000000e+00
9.200000e+02	9.600000e+02	9.204810e-05	1.945813e-05	0.000000e+00
9.600000e+02	1.000000e+03	8.507195e-05	1.828100e-05	0.000000e+00
1.000000e+03	1.040000e+03	7.882700e-05	1.752035e-05	0.000000e+00
1.040000e+03	1.080000e+03	7.229305e-05	1.639168e-05	0.000000e+00
1.080000e+03	1.120000e+03	6.715480e-05	1.546253e-05	0.000000e+00
1.120000e+03	1.160000e+03	6.180877e-05	1.432305e-05	0.000000e+00
1.160000e+03	1.200000e+03	5.745170e-05	1.386485e-05	0.000000e+00
1.200000e+03	1.240000e+03	5.268005e-05	1.259262e-05	0.000000e+00
1.240000e+03	1.280000e+03	4.898657e-05	1.208140e-05	0.000000e+00
1.280000e+03	1.320000e+03	4.539265e-05	1.116332e-05	0.000000e+00
1.320000e+03	1.360000e+03	4.173088e-05	1.047077e-05	0.000000e+00
1.360000e+03	1.400000e+03	3.871180e-05	9.733100e-06	0.000000e+00
1.400000e+03	1.440000e+03	3.606620e-05	9.173200e-06	0.000000e+00
1.440000e+03	1.480000e+03	3.315942e-05	8.499052e-06	0.000000e+00
1.480000e+03	1.520000e+03	3.095063e-05	8.077870e-06	0.000000e+00
1.520000e+03	1.560000e+03	2.844095e-05	7.543225e-06	0.000000e+00
1.560000e+03	1.600000e+03	2.645745e-05	6.989223e-06	0.000000e+00
1.600000e+03	1.640000e+03	2.453135e-05	6.524280e-06	0.000000e+00
1.640000e+03	1.680000e+03	2.259727e-05	5.872148e-06	0.000000e+00
1.680000e+03	1.720000e+03	2.117504e-05	5.822373e-06	0.000000e+00
1.720000e+03	1.760000e+03	1.964573e-05	5.420017e-06	0.000000e+00
1.760000e+03	1.800000e+03	1.837259e-05	5.285495e-06	0.000000e+00
1.800000e+03	1.840000e+03	1.667489e-05	4.682515e-06	0.000000e+00
1.840000e+03	1.880000e+03	1.564584e-05	4.610108e-06	0.000000e+00
1.880000e+03	1.920000e+03	1.444081e-05	4.085293e-06	0.000000e+00
1.920000e+03	1.960000e+03	1.348662e-05	4.041803e-06	0.000000e+00
1.960000e+03	2.000000e+03	1.245456e-05	3.702360e-06	0.000000e+00
2.000000e+03	2.040000e+03	1.154282e-05	3.318533e-06	0.000000e+00
2.040000e+03	2.080000e+03	1.054170e-05	3.011070e-06	0.000000e+00
2.080000e+03	2.120000e+03	9.750797e-06	2.715355e-06	0.000000e+00
2.120000e+03	2.160000e+03	9.203090e-06	2.635175e-06	0.000000e+00
2.160000e+03	2.200000e+03	8.582803e-06	2.604762e-06	0.000000e+00
2.200000e+03	2.240000e+03	7.878860e-06	2.281670e-06	0.000000e+00
2.240000e+03	2.280000e+03	7.315720e-06	2.182883e-06	0.000000e+00
2.280000e+03	2.320000e+03	6.759750e-06	2.005638e-06	0.000000e+00
2.320000e+03	2.360000e+03	6.362270e-06	1.968065e-06	0.000000e+00
2.360000e+03	2.400000e+03	5.804503e-06	1.751557e-06	0.000000e+00
2.400000e+03	2.440000e+03	5.457175e-06	1.769350e-06	0.000000e+00
2.440000e+03	2.480000e+03	5.004163e-06	1.570062e-06	0.000000e+00
2.480000e+03	2.520000e+03	4.620918e-06	1.458693e-06	0.000000e+00
2.520000e+03	2.560000e+03	4.246282e-06	1.325477e-06	0.000000e+00
2.560000e+03	2.600000e+03	3.934057e-06	1.224292e-06	0.000000e+00
2.600000e+03	2.640000e+03	3.645528e-06	1.143973e-06	0.000000e+00
2.640000e+03	2.680000e+03	3.417858e-06	1.106756e-06	0.000000e+00
2.680000e+03	2.720000e+03	3.155933e-06	1.013566e-06	0.000000e+00
2.720000e+03	2.760000e+03	2.883613e-06	9.204885e-07	0.000000e+00
2.760000e+03	2.800000e+03	2.719072e-06	8.921442e-07	0.000000e+00
2.800000e+03	2.840000e+03	2.436446e-06	8.095720e-07	0.000000e+00
2.840000e+03	2.880000e+03	2.264296e-06	7.263890e-07	0.000000e+00
2.880000e+03	2.920000e+03	2.060255e-06	6.342665e-07	0.000000e+00
2.920000e+03	2.960000e+03	1.950321e-06	6.653535e-07	0.000000e+00
2.960000e+03	3.000000e+03	1.722673e-06	5.496808e-07	0.000000e+00
3.000000e+03	3.040000e+03	1.659532e-06	5.754790e-07	0.000000e+00
3.040000e+03	3.080000e+03	1.488004e-06	4.571310e-07	0.000000e+00
3.080000e+03	3.120000e+03	1.371786e-06	3.961525e-07	0.000000e+00
3.120000e+03	3.160000e+03	1.322148e-06	4.563882e-07	0.000000e+00
3.160000e+03	3.200000e+03	1.220160e-06	4.314788e-07	0.000000e+00
3.200000e+03	3.240000e+03	1.055988e-06	3.521800e-07	0.000000e+00
3.240000e+03	3.280000e+03	9.908625e-07	3.283490e-07	0.000000e+00
3.280000e+03	3.320000e+03	9.298690e-07	3.207200e-07	0.000000e+00
3.320000e+03	3.360000e+03	8.692177e-07	3.343553e-07	0.000000e+00
3.360000e+03	3.400000e+03	8.254467e-07	3.350900e-07	0.000000e+00
3.400000e+03	3.440000e+03	6.807788e-07	2.239560e-07	0.000000e+00
3.440000e+03	3.480000e+03	6.558807e-07	2.179632e-07	0.000000e+00
3.480000e+03	3.520000e+03	6.132425e-07	2.162810e-07	0.000000e+00
3.520000e+03	3.560000e+03	5.728523e-07	2.008048e-07	0.000000e+00
3.560000e+03	3.600000e+03	4.993295e-07	1.705210e-07	0.000000e+00
3.600000e+03	3.640000e+03	4.408198e-07	1.318895e-07	0.000000e+00
3.640000e+03	3.680000e+03	4.301793e-07	1.537085e-07	0.000000e+00
3.680000e+03	3.720000e+03	3.958633e-07	1.370150e-07	0.000000e+00
3.720000e+03	3.760000e+03	3.575175e-07	1.374433e-07	0.000000e+00
3.760000e+03	3.800000e+03	3.199087e-07	1.050898e-07	0.000000e+00
3.800000e+03	3.840000e+03	3.001842e-07	1.056750e-07	0.000000e+00
3.840000e+03	3.880000e+03	2.806915e-07	1.090071e-07	0.000000e+00
3.880000e+03	3.920000e+03	2.388571e-07	5.503595e-08	0.000000e+00
3.920000e+03	3.960000e+03	2.281799e-07	8.909253e-08	0.000000e+00
3.960000e+03	4.000000e+03	1.976177e-07	5.596325e-08	0.000000e+00
4.000000e+03	4.040000e+03	2.020036e-07	7.498380e-08	0.000000e+00
4.040000e+03	4.080000e+03	1.814080e-07	6.610653e-08	0.000000e+00
4.080000e+03	4.120000e+03	1.720347e-07	6.274197e-08	0.000000e+00
4.120000e+03	4.160000e+03	1.503136e-07	6.426213e-08	0.000000e+00
4.160000e+03	4.200000e+03	1.230644e-07	3.573292e-08	0.000000e+00
4.200000e+03	4.240000e+03	1.258947e-07	4.706460e-08	0.000000e+00
4.240000e+03	4.280000e+03	1.009145e-07	2.050453e-08	0.000000e+00
4.280000e+03	4.320000e+03	1.051555e-07	3.720493e-08	0.000000e+00
4.320000e+03	4.360000e+03	8.976158e-08	3.264473e-08	0.000000e+00
4.360000e+03	4.400000e+03	9.280735e-08	3.897872e-08	0.000000e+00
4.400000e+03	4.440000e+03	7.361293e-08	2.143828e-08	0.000000e+00
4.440000e+03	4.480000e+03	7.691742e-08	3.334157e-08	0.000000e+00
4.480000e+03	4.520000e+03	6.349513e-08	2.304020e-08	0.000000e+00
4.520000e+03	4.560000e+03	5.240540e-08	1.360865e-08	0.000000e+00
4.560000e+03	4.600000e+03	5.265218e-08	1.877292e-08	0.000000e+00
4.600000e+03	4.640000e+03	4.634638e-08	1.487087e-08	7.483750e-10
4.640000e+03	4.680000e+03	4.299020e-08	1.577385e-08	0.000000e+00
4.680000e+03	4.720000e+03	3.991397e-08	1.602618e-08	0.000000e+00
4.720000e+03	4.760000e+03	2.715328e-08	6.391953e-09	0.000000e+00
4.760000e+03	4.800000e+03	3.541505e-08	1.153277e-08	0.000000e+00
4.800000e+03	4.840000e+03	2.811252e-08	9.774230e-09	0.000000e+00
4.840000e+03	4.880000e+03	3.180963e-08	1.585467e-08	0.000000e+00
4.880000e+03	4.920000e+03	2.244685e-08	9.423883e-09	0.000000e+00
4.920000e+03	4.960000e+03	2.650460e-08	1.307345e-08	0.000000e+00
4.960000e+03	5.000000e+03	1.878417e-08	5.485010e-09	0.000000e+00
5.000000e+03	5.040000e+03	1.791744e-08	5.553413e-09	0.000000e+00
5.040000e+03	5.080000e+03	1.363401e-08	4.016580e-09	0.000000e+00
5.080000e+03	5.120000e+03	1.551590e-08	8.325415e-09	0.000000e+00
5.120000e+03	5.160000e+03	1.258072e-08	3.344053e-09	0.000000e+00
5.160000e+03	5.200000e+03	1.352142e-08	6.541725e-09	0.000000e+00
5.200000e+03	5.240000e+03	1.008332e-08	3.747985e-09	6.239525e-10
5.240000e+03	5.280000e+03	9.608695e-09	3.056647e-09	5.801600e-10
5.280000e+03	5.320000e+03	8.985855e-09	3.909893e-09	0.000000e+00
5.320000e+03	5.360000e+03	8.054602e-09	3.203125e-09	0.000000e+00
5.360000e+03	5.400000e+03	6.862930e-09	2.232132e-09	0.000000e+00
5.400000e+03	5.440000e+03	7.751288e-09	3.595377e-09	0.000000e+00
5.440000e+03	5.480000e+03	6.625625e-09	2.816870e-09	0.000000e+00
5.480000e+03	5.520000e+03	6.516105e-09	2.589168e-09	0.000000e+00
5.520000e+03	5.560000e+03	5.333930e-09	3.133883e-09	0.000000e+00
5.560000e+03	5.600000e+03	3.610217e-09	1.639515e-09	8.345950e-10
5.600000e+03	5.640000e+03	3.094088e-09	7.890040e-10	9.878700e-10
5.640000e+03	5.680000e+03	3.819810e-09	2.931350e-10	3.754200e-10
5.680000e+03	5.720000e+03	3.580130e-09	1.717514e-09	0.000000e+00
5.720000e+03	5.760000e+03	3.086450e-09	2.221228e-09	0.000000e+00
5.760000e+03	5.800000e+03	2.792218e-09	1.141003e-09	0.000000e+00
5.800000e+03	5.840000e+03	2.530165e-09	7.661095e-10	0.000000e+00
5.840000e+03	5.880000e+03	3.434512e-09	2.102840e-09	0.000000e+00
5.880000e+03	5.920000e+03	2.686245e-09	1.528442e-09	0.000000e+00
5.920000e+03	5.960000e+03	2.623510e-09	1.369166e-09	0.000000e+00
5.960000e+03	6.000000e+03	1.801259e-09	8.048482e-10	0.000000e+00
# END HISTO1D

