# BEGIN PLOT
Scale=1000.0
DrawOnly=//homes/tinghua1/Merging-Project/Production/HJETS/ratio-plots/hjets-vbfnlo/H-N2-N3-4-25gev-combine.yoda/MC_H2JETS_04_LOOSE/j2j4_mass //homes/tinghua1/Merging-Project/Production/HJETS/ratio-plots/hjets-vbfnlo/H-N2-N3-4-25gev-vbfnlo-combine.yoda/MC_H2JETS_04_LOOSE/j2j4_mass //homes/tinghua1/Merging-Project/Production/HJETS/ratio-plots/hjets-vbfnlo/H-N2-3-4-25gev-combine.yoda/MC_H2JETS_04_LOOSE/j2j4_mass //homes/tinghua1/Merging-Project/Production/HJETS/ratio-plots/hjets-vbfnlo/H-N2-3-4-25gev-vbfnlo-combine.yoda/MC_H2JETS_04_LOOSE/j2j4_mass //homes/tinghua1/Merging-Project/Production/HJETS/ratio-plots/hjets-vbfnlo/H-2-3-4-25gev-combine.yoda/MC_H2JETS_04_LOOSE/j2j4_mass //homes/tinghua1/Merging-Project/Production/HJETS/ratio-plots/hjets-vbfnlo/H-2-3-4-25gev-vbfnlo-combine.yoda/MC_H2JETS_04_LOOSE/j2j4_mass //homes/tinghua1/Merging-Project/Production/HJETS/ratio-plots/hjets-vbfnlo/H-2-3-25gev-combine.yoda/MC_H2JETS_04_LOOSE/j2j4_mass //homes/tinghua1/Merging-Project/Production/HJETS/ratio-plots/hjets-vbfnlo/H-2-3-25gev-vbfnlo-combine.yoda/MC_H2JETS_04_LOOSE/j2j4_mass
RightMargin=0.5
RatioPlotReference=//homes/tinghua1/Merging-Project/Production/HJETS/ratio-plots/hjets-vbfnlo/H-N2-N3-4-25gev-combine.yoda/MC_H2JETS_04_LOOSE/j2j4_mass
#RatioPlot=1
LogY=1
RatioPlotYMax=2.0
RatioPlotYLabel=Ratio
#LegendOnly=//homes/tinghua1/Merging-Project/Production/HJETS/ratio-plots/hjets-vbfnlo/H-N2-N3-4-25gev-combine.yoda/MC_H2JETS_04_LOOSE/j2j4_mass //homes/tinghua1/Merging-Project/Production/HJETS/ratio-plots/hjets-vbfnlo/H-N2-N3-4-25gev-vbfnlo-combine.yoda/MC_H2JETS_04_LOOSE/j2j4_mass //homes/tinghua1/Merging-Project/Production/HJETS/ratio-plots/hjets-vbfnlo/H-N2-3-4-25gev-combine.yoda/MC_H2JETS_04_LOOSE/j2j4_mass //homes/tinghua1/Merging-Project/Production/HJETS/ratio-plots/hjets-vbfnlo/H-N2-3-4-25gev-vbfnlo-combine.yoda/MC_H2JETS_04_LOOSE/j2j4_mass //homes/tinghua1/Merging-Project/Production/HJETS/ratio-plots/hjets-vbfnlo/H-2-3-4-25gev-combine.yoda/MC_H2JETS_04_LOOSE/j2j4_mass //homes/tinghua1/Merging-Project/Production/HJETS/ratio-plots/hjets-vbfnlo/H-2-3-4-25gev-vbfnlo-combine.yoda/MC_H2JETS_04_LOOSE/j2j4_mass //homes/tinghua1/Merging-Project/Production/HJETS/ratio-plots/hjets-vbfnlo/H-2-3-25gev-combine.yoda/MC_H2JETS_04_LOOSE/j2j4_mass //homes/tinghua1/Merging-Project/Production/HJETS/ratio-plots/hjets-vbfnlo/H-2-3-25gev-vbfnlo-combine.yoda/MC_H2JETS_04_LOOSE/j2j4_mass
XLabel=$m_{j_2j_4}$ (GeV)
LegendAlign=r
XMax=1000
YLabel=$ \text{d} \sigma/ \text{d}  m_{j_2j_4}$ (fb/GeV)
Legend=1
RatioPlot=4
MainPlotSelection={"Selection":[1,2,3,4,5,6,7,8]}
RatioPlots={"RatioPlotYLabel":"","Selection":[1,2]};{"RatioPlotYLabel":"","Selection":[3,4]};{"RatioPlotYLabel":"","Selection":[5,6]};{"RatioPlotYLabel":"","Selection":[7,8]}
RatioPlotSameStyle=1
RatioPlotYMin=0.0
# END PLOT


# BEGIN SPECIAL /MC_H2JETS_04_LOOSE/j2j4_mass
\rput[tl](0.05,0.75){\parbox{5cm}{\textcolor{gray}{{\bf Herwig 7.2.0} \\ HJETS/ColorFull}}}
# END SPECIAL

# BEGIN HISTO1D //homes/tinghua1/Merging-Project/Production/HJETS/ratio-plots/hjets-vbfnlo/H-N2-N3-4-25gev-combine.yoda/MC_H2JETS_04_LOOSE/j2j4_mass
ErrorBandColor=orange
ErrorBandOpacity=0.3
ErrorBands=1
ErrorType=env
LineColor=orange
LineStyle=solid
Path=//homes/tinghua1/Merging-Project/Production/HJETS/ratio-plots/hjets-vbfnlo/H-N2-N3-4-25gev-combine.yoda/MC_H2JETS_04_LOOSE/j2j4_mass
RatioPlotSameStyle=1
Title=h(2*,3*,4)
# xlow	 xhigh	 val	 errminus	 errplus
0.000000e+00	4.000000e+01	2.146629e-04	2.239393e-05	2.596197e-05
4.000000e+01	8.000000e+01	4.425587e-04	4.680375e-05	5.218500e-05
8.000000e+01	1.200000e+02	4.456700e-04	8.755250e-05	0.000000e+00
1.200000e+02	1.600000e+02	2.462998e-04	3.233647e-05	4.345645e-05
1.600000e+02	2.000000e+02	1.794331e-04	2.096127e-05	3.913478e-05
2.000000e+02	2.400000e+02	1.345447e-04	1.256417e-05	1.580438e-05
2.400000e+02	2.800000e+02	1.177690e-04	1.746855e-05	2.632375e-06
2.800000e+02	3.200000e+02	8.843568e-05	0.000000e+00	1.380957e-05
3.200000e+02	3.600000e+02	6.790810e-05	0.000000e+00	1.394085e-05
3.600000e+02	4.000000e+02	6.284540e-05	5.286500e-06	2.014565e-05
4.000000e+02	4.400000e+02	5.961035e-05	5.569975e-06	2.069475e-06
4.400000e+02	4.800000e+02	4.414837e-05	3.306925e-06	1.313498e-05
4.800000e+02	5.200000e+02	4.405680e-05	9.038825e-06	0.000000e+00
5.200000e+02	5.600000e+02	3.859820e-05	4.781575e-06	4.696925e-06
5.600000e+02	6.000000e+02	3.158275e-05	1.808175e-06	7.240675e-06
6.000000e+02	6.400000e+02	3.029845e-05	3.334875e-06	9.428075e-06
6.400000e+02	6.800000e+02	3.631087e-05	1.382743e-05	0.000000e+00
6.800000e+02	7.200000e+02	2.074012e-05	0.000000e+00	5.217483e-06
7.200000e+02	7.600000e+02	2.273629e-05	3.648047e-06	1.995038e-06
7.600000e+02	8.000000e+02	2.025438e-05	2.328095e-06	8.216275e-07
8.000000e+02	8.400000e+02	1.652764e-05	1.273217e-06	1.086375e-06
8.400000e+02	8.800000e+02	1.470312e-05	7.003725e-07	4.080510e-06
8.800000e+02	9.200000e+02	1.288377e-05	0.000000e+00	4.443750e-06
9.200000e+02	9.600000e+02	1.277157e-05	1.013315e-06	1.154025e-06
9.600000e+02	1.000000e+03	1.024314e-05	1.290518e-06	2.275325e-06
1.000000e+03	1.040000e+03	9.706223e-06	4.909500e-08	1.395747e-06
1.040000e+03	1.080000e+03	9.245433e-06	6.601225e-07	4.504905e-06
1.080000e+03	1.120000e+03	9.502548e-06	1.794098e-06	0.000000e+00
1.120000e+03	1.160000e+03	8.662390e-06	1.748255e-06	0.000000e+00
1.160000e+03	1.200000e+03	6.215825e-06	8.518000e-07	2.528965e-06
1.200000e+03	1.240000e+03	6.656213e-06	2.193728e-06	3.513225e-07
1.240000e+03	1.280000e+03	8.351162e-06	3.103362e-06	0.000000e+00
1.280000e+03	1.320000e+03	5.710405e-06	7.376700e-07	0.000000e+00
1.320000e+03	1.360000e+03	4.871168e-06	4.216575e-07	2.326867e-06
1.360000e+03	1.400000e+03	5.148997e-06	1.005930e-06	6.745150e-07
1.400000e+03	1.440000e+03	3.520748e-06	0.000000e+00	4.734350e-07
1.440000e+03	1.480000e+03	4.188102e-06	8.829600e-07	3.290100e-07
1.480000e+03	1.520000e+03	3.855975e-06	1.014142e-06	0.000000e+00
1.520000e+03	1.560000e+03	2.629447e-06	2.898750e-08	1.253175e-06
1.560000e+03	1.600000e+03	2.364581e-06	0.000000e+00	1.813597e-06
1.600000e+03	1.640000e+03	3.865850e-06	1.526876e-06	0.000000e+00
1.640000e+03	1.680000e+03	2.137732e-06	0.000000e+00	6.438133e-07
1.680000e+03	1.720000e+03	2.399775e-06	2.116435e-07	0.000000e+00
1.720000e+03	1.760000e+03	2.239871e-06	0.000000e+00	4.444920e-07
1.760000e+03	1.800000e+03	1.830426e-06	2.641353e-07	6.732767e-07
1.800000e+03	1.840000e+03	1.417823e-06	1.028627e-06	1.731162e-07
1.840000e+03	1.880000e+03	1.399119e-06	1.630375e-08	9.298467e-07
1.880000e+03	1.920000e+03	1.331841e-06	0.000000e+00	7.502237e-06
1.920000e+03	1.960000e+03	1.392990e-06	1.005922e-07	9.431300e-08
1.960000e+03	2.000000e+03	1.348800e-06	2.471330e-07	3.744165e-07
2.000000e+03	2.040000e+03	1.537767e-06	0.000000e+00	1.689170e-06
2.040000e+03	2.080000e+03	1.072020e-06	4.361150e-08	2.827880e-07
2.080000e+03	2.120000e+03	1.244589e-06	4.007523e-07	0.000000e+00
2.120000e+03	2.160000e+03	6.408303e-07	0.000000e+00	2.866725e-07
2.160000e+03	2.200000e+03	1.182241e-06	4.055112e-07	0.000000e+00
2.200000e+03	2.240000e+03	7.852107e-07	8.073125e-08	8.468075e-08
2.240000e+03	2.280000e+03	6.408820e-07	2.482073e-07	1.294425e-08
2.280000e+03	2.320000e+03	6.604020e-07	8.084826e-07	2.436130e-07
2.320000e+03	2.360000e+03	4.155297e-07	0.000000e+00	2.505173e-07
2.360000e+03	2.400000e+03	5.355362e-07	1.054652e-07	9.869300e-08
2.400000e+03	2.440000e+03	4.203515e-07	9.819950e-08	3.558060e-07
2.440000e+03	2.480000e+03	4.216092e-07	0.000000e+00	1.619200e-07
2.480000e+03	2.520000e+03	2.503935e-07	0.000000e+00	3.570807e-07
2.520000e+03	2.560000e+03	5.718993e-07	2.205965e-07	0.000000e+00
2.560000e+03	2.600000e+03	2.951690e-07	0.000000e+00	6.686850e-08
2.600000e+03	2.640000e+03	4.333513e-07	1.070725e-07	1.433045e-07
2.640000e+03	2.680000e+03	2.630722e-07	0.000000e+00	1.884458e-07
2.680000e+03	2.720000e+03	2.897270e-07	9.521500e-09	2.727300e-08
2.720000e+03	2.760000e+03	2.179573e-07	0.000000e+00	1.529097e-07
2.760000e+03	2.800000e+03	3.165018e-07	9.359928e-08	1.794165e-07
2.800000e+03	2.840000e+03	2.050859e-07	4.865022e-08	4.300018e-08
2.840000e+03	2.880000e+03	1.649207e-07	0.000000e+00	5.040382e-08
2.880000e+03	2.920000e+03	-1.918761e-07	0.000000e+00	4.813923e-07
2.920000e+03	2.960000e+03	1.709162e-07	0.000000e+00	2.183740e-08
2.960000e+03	3.000000e+03	2.676700e-07	1.213764e-07	0.000000e+00
3.000000e+03	3.040000e+03	1.108128e-07	0.000000e+00	3.995263e-08
3.040000e+03	3.080000e+03	1.388021e-07	1.822135e-08	1.541680e-08
3.080000e+03	3.120000e+03	-2.027407e-07	0.000000e+00	3.501915e-07
3.120000e+03	3.160000e+03	1.095395e-07	2.339360e-08	8.237250e-09
3.160000e+03	3.200000e+03	1.077544e-07	2.883825e-08	2.780062e-08
3.200000e+03	3.240000e+03	1.097165e-07	4.846902e-08	0.000000e+00
3.240000e+03	3.280000e+03	7.452282e-08	4.094850e-09	4.290117e-08
3.280000e+03	3.320000e+03	1.036348e-07	5.836087e-08	0.000000e+00
3.320000e+03	3.360000e+03	1.566731e-07	6.643387e-08	0.000000e+00
3.360000e+03	3.400000e+03	3.331980e-08	1.892430e-07	3.830735e-08
3.400000e+03	3.440000e+03	4.713900e-08	0.000000e+00	1.185991e-07
3.440000e+03	3.480000e+03	-1.052212e-07	0.000000e+00	2.122139e-07
3.480000e+03	3.520000e+03	3.612273e-08	0.000000e+00	5.853165e-08
3.520000e+03	3.560000e+03	4.909293e-08	2.478955e-08	9.178925e-09
3.560000e+03	3.600000e+03	4.426722e-08	2.282236e-08	3.221313e-07
3.600000e+03	3.640000e+03	4.655220e-08	3.157689e-08	2.924750e-09
3.640000e+03	3.680000e+03	-1.781253e-09	0.000000e+00	7.940510e-08
3.680000e+03	3.720000e+03	2.918330e-08	8.105807e-09	2.295072e-08
3.720000e+03	3.760000e+03	2.583050e-08	9.900450e-10	8.289375e-09
3.760000e+03	3.800000e+03	2.983780e-08	2.110666e-08	0.000000e+00
3.800000e+03	3.840000e+03	1.303961e-08	7.240025e-10	4.223847e-09
3.840000e+03	3.880000e+03	3.126568e-08	1.266693e-08	2.269927e-08
3.880000e+03	3.920000e+03	1.871819e-08	1.049080e-08	2.948348e-09
3.920000e+03	3.960000e+03	-2.706802e-09	0.000000e+00	1.655141e-08
3.960000e+03	4.000000e+03	1.265324e-08	2.290083e-09	1.654111e-08
4.000000e+03	4.040000e+03	1.675926e-09	0.000000e+00	1.467194e-08
4.040000e+03	4.080000e+03	1.412130e-08	4.311290e-09	0.000000e+00
4.080000e+03	4.120000e+03	8.256575e-09	0.000000e+00	1.324252e-08
4.120000e+03	4.160000e+03	4.289113e-08	2.688768e-08	0.000000e+00
4.160000e+03	4.200000e+03	8.558222e-09	2.925800e-10	8.657725e-09
4.200000e+03	4.240000e+03	1.994056e-09	6.331596e-09	2.027734e-09
4.240000e+03	4.280000e+03	2.486576e-08	1.350289e-08	0.000000e+00
4.280000e+03	4.320000e+03	3.867788e-09	0.000000e+00	2.407617e-09
4.320000e+03	4.360000e+03	3.804187e-09	0.000000e+00	2.656378e-09
4.360000e+03	4.400000e+03	3.115578e-09	0.000000e+00	3.030632e-09
4.400000e+03	4.440000e+03	1.260579e-08	5.263887e-08	0.000000e+00
4.440000e+03	4.480000e+03	4.032470e-09	0.000000e+00	3.511653e-09
4.480000e+03	4.520000e+03	3.669895e-09	1.801680e-09	3.360678e-09
4.520000e+03	4.560000e+03	6.905582e-09	3.972680e-09	0.000000e+00
4.560000e+03	4.600000e+03	2.185916e-09	3.052570e-10	2.942464e-09
4.600000e+03	4.640000e+03	-4.251032e-09	0.000000e+00	8.370752e-09
4.640000e+03	4.680000e+03	2.041063e-09	4.450870e-10	6.552977e-09
4.680000e+03	4.720000e+03	1.050360e-09	7.340218e-09	8.607232e-09
4.720000e+03	4.760000e+03	2.870572e-09	2.187953e-09	2.204302e-09
4.760000e+03	4.800000e+03	8.706240e-09	1.745973e-08	5.148573e-09
4.800000e+03	4.840000e+03	3.710982e-09	3.421700e-09	0.000000e+00
4.840000e+03	4.880000e+03	1.192731e-09	0.000000e+00	6.128133e-10
4.880000e+03	4.920000e+03	4.614243e-10	0.000000e+00	1.291063e-09
4.920000e+03	4.960000e+03	1.363220e-09	4.447930e-10	2.210685e-09
4.960000e+03	5.000000e+03	1.200070e-09	0.000000e+00	5.225170e-10
5.000000e+03	5.040000e+03	2.722507e-09	6.938467e-09	0.000000e+00
5.040000e+03	5.080000e+03	1.672975e-09	9.350230e-10	0.000000e+00
5.080000e+03	5.120000e+03	2.048508e-09	1.461749e-09	0.000000e+00
5.120000e+03	5.160000e+03	6.674440e-10	1.398305e-10	1.862796e-09
5.160000e+03	5.200000e+03	3.607192e-10	8.716382e-10	0.000000e+00
5.200000e+03	5.240000e+03	2.473755e-09	2.026555e-09	0.000000e+00
5.240000e+03	5.280000e+03	1.944414e-10	0.000000e+00	3.523811e-10
5.280000e+03	5.320000e+03	1.407767e-09	3.905233e-09	0.000000e+00
5.320000e+03	5.360000e+03	2.824377e-09	2.686590e-09	0.000000e+00
5.360000e+03	5.400000e+03	7.161195e-10	5.675430e-10	0.000000e+00
5.400000e+03	5.440000e+03	1.354701e-09	1.553400e-09	0.000000e+00
5.440000e+03	5.480000e+03	1.485064e-10	0.000000e+00	2.726361e-09
5.480000e+03	5.520000e+03	-7.241058e-11	0.000000e+00	2.433329e-10
5.520000e+03	5.560000e+03	4.651073e-11	0.000000e+00	4.716175e-11
5.560000e+03	5.600000e+03	1.693466e-10	0.000000e+00	6.062422e-10
5.600000e+03	5.640000e+03	2.216825e-10	4.275997e-10	0.000000e+00
5.640000e+03	5.680000e+03	2.407506e-10	2.383194e-10	7.455731e-10
5.680000e+03	5.720000e+03	8.336405e-10	1.402914e-09	0.000000e+00
5.720000e+03	5.760000e+03	4.899925e-11	0.000000e+00	1.534223e-10
5.760000e+03	5.800000e+03	3.225370e-11	0.000000e+00	6.195430e-10
5.800000e+03	5.840000e+03	-9.386545e-10	0.000000e+00	1.088311e-09
5.840000e+03	5.880000e+03	5.234093e-11	2.991907e-11	0.000000e+00
5.880000e+03	5.920000e+03	-4.685745e-10	0.000000e+00	2.780481e-09
5.920000e+03	5.960000e+03	8.439505e-11	0.000000e+00	2.739065e-11
5.960000e+03	6.000000e+03	1.396863e-10	1.190276e-10	0.000000e+00
# END HISTO1D


# BEGIN HISTO1D //homes/tinghua1/Merging-Project/Production/HJETS/ratio-plots/hjets-vbfnlo/H-N2-N3-4-25gev-vbfnlo-combine.yoda/MC_H2JETS_04_LOOSE/j2j4_mass
ErrorBandColor=red
ErrorBandOpacity=0.3
ErrorBands=1
ErrorType=env
LineColor=red
LineStyle=solid
Path=//homes/tinghua1/Merging-Project/Production/HJETS/ratio-plots/hjets-vbfnlo/H-N2-N3-4-25gev-vbfnlo-combine.yoda/MC_H2JETS_04_LOOSE/j2j4_mass
RatioPlotSameStyle=1
Title=h(2*,3*,4)-vbfnlo
# xlow	 xhigh	 val	 errminus	 errplus
0.000000e+00	4.000000e+01	1.627137e-04	0.000000e+00	2.792355e-05
4.000000e+01	8.000000e+01	2.394904e-04	0.000000e+00	3.470905e-05
8.000000e+01	1.200000e+02	1.792888e-04	0.000000e+00	3.029640e-05
1.200000e+02	1.600000e+02	1.124689e-04	0.000000e+00	1.531008e-05
1.600000e+02	2.000000e+02	8.013143e-05	0.000000e+00	1.278150e-05
2.000000e+02	2.400000e+02	6.601675e-05	0.000000e+00	7.711275e-06
2.400000e+02	2.800000e+02	5.480465e-05	0.000000e+00	1.149145e-05
2.800000e+02	3.200000e+02	5.027280e-05	0.000000e+00	8.143200e-06
3.200000e+02	3.600000e+02	4.772215e-05	0.000000e+00	1.101720e-05
3.600000e+02	4.000000e+02	4.059292e-05	0.000000e+00	6.069650e-06
4.000000e+02	4.400000e+02	3.639615e-05	0.000000e+00	7.419350e-06
4.400000e+02	4.800000e+02	3.405117e-05	0.000000e+00	5.571925e-06
4.800000e+02	5.200000e+02	3.071635e-05	0.000000e+00	3.430850e-06
5.200000e+02	5.600000e+02	2.759132e-05	0.000000e+00	3.337825e-06
5.600000e+02	6.000000e+02	2.338698e-05	0.000000e+00	4.360242e-06
6.000000e+02	6.400000e+02	2.326653e-05	0.000000e+00	1.785592e-06
6.400000e+02	6.800000e+02	2.005964e-05	0.000000e+00	4.194980e-06
6.800000e+02	7.200000e+02	1.853134e-05	1.628225e-07	1.281285e-06
7.200000e+02	7.600000e+02	1.628851e-05	0.000000e+00	3.539730e-06
7.600000e+02	8.000000e+02	1.472087e-05	0.000000e+00	2.945923e-06
8.000000e+02	8.400000e+02	1.357292e-05	0.000000e+00	1.619838e-06
8.400000e+02	8.800000e+02	1.246861e-05	3.652125e-07	1.871577e-06
8.800000e+02	9.200000e+02	1.107919e-05	0.000000e+00	2.022423e-06
9.200000e+02	9.600000e+02	9.496685e-06	0.000000e+00	2.444680e-06
9.600000e+02	1.000000e+03	9.927235e-06	1.886600e-07	3.894350e-07
1.000000e+03	1.040000e+03	8.778327e-06	0.000000e+00	1.778040e-06
1.040000e+03	1.080000e+03	5.974435e-06	0.000000e+00	2.346375e-06
1.080000e+03	1.120000e+03	6.861505e-06	0.000000e+00	2.097197e-06
1.120000e+03	1.160000e+03	5.780560e-06	0.000000e+00	1.726808e-06
1.160000e+03	1.200000e+03	5.500295e-06	0.000000e+00	1.477933e-06
1.200000e+03	1.240000e+03	6.475980e-06	8.935000e-08	4.010675e-07
1.240000e+03	1.280000e+03	5.281485e-06	4.127500e-09	5.705550e-07
1.280000e+03	1.320000e+03	4.422200e-06	0.000000e+00	1.643025e-06
1.320000e+03	1.360000e+03	4.439145e-06	3.132075e-07	0.000000e+00
1.360000e+03	1.400000e+03	3.591600e-06	1.888875e-07	2.313463e-06
1.400000e+03	1.440000e+03	3.488295e-06	1.184100e-07	1.090867e-06
1.440000e+03	1.480000e+03	3.068063e-06	0.000000e+00	5.382175e-07
1.480000e+03	1.520000e+03	2.856693e-06	0.000000e+00	7.520600e-07
1.520000e+03	1.560000e+03	2.747597e-06	0.000000e+00	5.224625e-07
1.560000e+03	1.600000e+03	2.438297e-06	0.000000e+00	7.374535e-07
1.600000e+03	1.640000e+03	2.108111e-06	0.000000e+00	6.513415e-07
1.640000e+03	1.680000e+03	2.107987e-06	0.000000e+00	9.279855e-07
1.680000e+03	1.720000e+03	1.802946e-06	0.000000e+00	4.837587e-07
1.720000e+03	1.760000e+03	2.168361e-06	3.122920e-07	0.000000e+00
1.760000e+03	1.800000e+03	1.688152e-06	0.000000e+00	5.596050e-07
1.800000e+03	1.840000e+03	1.608315e-06	4.838622e-07	8.276275e-08
1.840000e+03	1.880000e+03	1.345523e-06	0.000000e+00	9.839850e-08
1.880000e+03	1.920000e+03	1.334382e-06	0.000000e+00	3.926512e-07
1.920000e+03	1.960000e+03	1.170374e-06	0.000000e+00	5.914295e-07
1.960000e+03	2.000000e+03	1.147097e-06	0.000000e+00	4.174130e-07
2.000000e+03	2.040000e+03	9.474942e-07	0.000000e+00	3.591500e-07
2.040000e+03	2.080000e+03	9.081187e-07	8.132750e-09	2.414877e-07
2.080000e+03	2.120000e+03	8.484385e-07	0.000000e+00	1.918688e-07
2.120000e+03	2.160000e+03	6.944412e-07	0.000000e+00	3.682407e-07
2.160000e+03	2.200000e+03	7.663850e-07	0.000000e+00	7.593875e-08
2.200000e+03	2.240000e+03	5.700270e-07	0.000000e+00	7.228998e-07
2.240000e+03	2.280000e+03	5.915345e-07	2.923150e-08	1.274053e-07
2.280000e+03	2.320000e+03	5.714300e-07	2.799810e-07	9.559375e-08
2.320000e+03	2.360000e+03	5.310300e-07	0.000000e+00	4.145375e-07
2.360000e+03	2.400000e+03	5.463650e-07	1.841760e-07	2.025300e-08
2.400000e+03	2.440000e+03	4.086795e-07	0.000000e+00	1.307270e-07
2.440000e+03	2.480000e+03	2.795335e-07	0.000000e+00	1.637787e-07
2.480000e+03	2.520000e+03	4.560678e-07	0.000000e+00	1.519164e-06
2.520000e+03	2.560000e+03	3.596547e-07	0.000000e+00	2.320005e-07
2.560000e+03	2.600000e+03	3.814845e-07	4.778500e-08	1.692090e-07
2.600000e+03	2.640000e+03	2.454382e-07	0.000000e+00	1.515758e-07
2.640000e+03	2.680000e+03	2.233566e-07	0.000000e+00	1.333927e-07
2.680000e+03	2.720000e+03	3.308325e-07	5.529250e-08	1.486598e-07
2.720000e+03	2.760000e+03	1.941464e-07	0.000000e+00	1.492701e-07
2.760000e+03	2.800000e+03	1.714611e-07	0.000000e+00	1.495589e-07
2.800000e+03	2.840000e+03	2.084282e-07	7.336175e-09	4.238828e-08
2.840000e+03	2.880000e+03	1.553776e-07	0.000000e+00	1.609919e-07
2.880000e+03	2.920000e+03	2.398470e-07	2.901407e-08	4.949598e-08
2.920000e+03	2.960000e+03	1.744038e-07	2.183767e-07	6.649240e-08
2.960000e+03	3.000000e+03	1.227431e-07	0.000000e+00	1.477003e-07
3.000000e+03	3.040000e+03	1.430618e-07	5.521633e-08	3.041825e-08
3.040000e+03	3.080000e+03	1.029007e-07	0.000000e+00	4.787075e-08
3.080000e+03	3.120000e+03	8.816470e-08	5.012950e-09	7.217512e-08
3.120000e+03	3.160000e+03	1.153672e-07	9.729825e-09	7.957500e-09
3.160000e+03	3.200000e+03	1.201024e-07	2.876955e-08	8.944500e-10
3.200000e+03	3.240000e+03	7.491728e-08	1.611203e-07	2.233410e-08
3.240000e+03	3.280000e+03	-5.841055e-08	0.000000e+00	1.514036e-07
3.280000e+03	3.320000e+03	1.224672e-07	6.970628e-08	0.000000e+00
3.320000e+03	3.360000e+03	9.903635e-08	7.678875e-09	0.000000e+00
3.360000e+03	3.400000e+03	5.352695e-08	1.363050e-08	0.000000e+00
3.400000e+03	3.440000e+03	4.279923e-08	0.000000e+00	2.072455e-08
3.440000e+03	3.480000e+03	4.858107e-09	0.000000e+00	6.792444e-08
3.480000e+03	3.520000e+03	6.658248e-08	1.979390e-08	2.003762e-08
3.520000e+03	3.560000e+03	3.561915e-08	0.000000e+00	7.282618e-08
3.560000e+03	3.600000e+03	4.049120e-08	4.304725e-09	3.361652e-08
3.600000e+03	3.640000e+03	2.982667e-08	0.000000e+00	6.655240e-08
3.640000e+03	3.680000e+03	3.087547e-08	2.729575e-09	6.346950e-09
3.680000e+03	3.720000e+03	2.217987e-08	0.000000e+00	2.064823e-08
3.720000e+03	3.760000e+03	2.300908e-08	0.000000e+00	1.588987e-08
3.760000e+03	3.800000e+03	3.361977e-09	0.000000e+00	3.574160e-08
3.800000e+03	3.840000e+03	1.310411e-08	0.000000e+00	1.055278e-08
3.840000e+03	3.880000e+03	1.642115e-08	6.078725e-10	2.023197e-09
3.880000e+03	3.920000e+03	1.773266e-08	9.543750e-11	4.141898e-09
3.920000e+03	3.960000e+03	2.295963e-08	9.565307e-09	1.280929e-08
3.960000e+03	4.000000e+03	9.322672e-09	0.000000e+00	1.409952e-08
4.000000e+03	4.040000e+03	1.085414e-08	1.581669e-08	2.194045e-09
4.040000e+03	4.080000e+03	9.694250e-09	2.228300e-10	3.957585e-09
4.080000e+03	4.120000e+03	1.089305e-08	6.079630e-09	2.222705e-09
4.120000e+03	4.160000e+03	9.410508e-09	0.000000e+00	3.227557e-09
4.160000e+03	4.200000e+03	9.257860e-09	0.000000e+00	9.456340e-09
4.200000e+03	4.240000e+03	1.081439e-08	5.017958e-09	0.000000e+00
4.240000e+03	4.280000e+03	5.701065e-09	0.000000e+00	6.839292e-09
4.280000e+03	4.320000e+03	7.069065e-09	7.111175e-10	4.016065e-09
4.320000e+03	4.360000e+03	4.540573e-09	0.000000e+00	6.992535e-09
4.360000e+03	4.400000e+03	5.104690e-09	0.000000e+00	2.169807e-09
4.400000e+03	4.440000e+03	3.469107e-09	0.000000e+00	3.740472e-09
4.440000e+03	4.480000e+03	4.739657e-09	9.484605e-09	0.000000e+00
4.480000e+03	4.520000e+03	4.190523e-09	1.346998e-09	0.000000e+00
4.520000e+03	4.560000e+03	3.471315e-09	0.000000e+00	1.789420e-09
4.560000e+03	4.600000e+03	2.776720e-09	0.000000e+00	6.745642e-09
4.600000e+03	4.640000e+03	5.761877e-09	3.395909e-09	0.000000e+00
4.640000e+03	4.680000e+03	2.933227e-09	0.000000e+00	4.387425e-09
4.680000e+03	4.720000e+03	2.718582e-09	2.661697e-09	1.200670e-09
4.720000e+03	4.760000e+03	2.399288e-09	6.151300e-11	4.762420e-10
4.760000e+03	4.800000e+03	8.292543e-10	0.000000e+00	1.762783e-09
4.800000e+03	4.840000e+03	2.424233e-09	1.005720e-10	3.311945e-10
4.840000e+03	4.880000e+03	2.002226e-09	0.000000e+00	1.497254e-08
4.880000e+03	4.920000e+03	-4.960042e-10	0.000000e+00	2.733048e-09
4.920000e+03	4.960000e+03	9.299152e-10	0.000000e+00	3.897557e-09
4.960000e+03	5.000000e+03	9.547375e-10	0.000000e+00	1.228849e-09
5.000000e+03	5.040000e+03	1.208559e-09	8.422885e-10	0.000000e+00
5.040000e+03	5.080000e+03	1.395624e-09	2.812226e-09	0.000000e+00
5.080000e+03	5.120000e+03	6.988067e-10	0.000000e+00	1.036009e-09
5.120000e+03	5.160000e+03	1.144919e-09	1.366958e-10	6.051965e-10
5.160000e+03	5.200000e+03	8.171113e-10	4.436444e-09	1.078450e-09
5.200000e+03	5.240000e+03	1.764073e-09	1.476039e-09	0.000000e+00
5.240000e+03	5.280000e+03	2.671137e-10	2.440837e-11	7.603415e-10
5.280000e+03	5.320000e+03	9.670722e-10	0.000000e+00	7.286785e-10
5.320000e+03	5.360000e+03	2.612478e-10	0.000000e+00	9.570077e-10
5.360000e+03	5.400000e+03	5.865358e-10	1.113440e-10	0.000000e+00
5.400000e+03	5.440000e+03	4.705337e-10	5.643702e-10	2.524025e-11
5.440000e+03	5.480000e+03	9.587203e-10	4.416675e-11	7.048650e-11
5.480000e+03	5.520000e+03	1.293140e-10	0.000000e+00	1.040985e-10
5.520000e+03	5.560000e+03	1.987950e-10	4.621375e-10	2.325213e-10
5.560000e+03	5.600000e+03	2.264564e-10	0.000000e+00	1.669221e-09
5.600000e+03	5.640000e+03	2.356380e-10	0.000000e+00	4.980427e-11
5.640000e+03	5.680000e+03	2.360679e-10	3.449368e-11	3.515633e-10
5.680000e+03	5.720000e+03	-6.399523e-10	0.000000e+00	1.202246e-09
5.720000e+03	5.760000e+03	-1.917860e-10	0.000000e+00	4.757167e-10
5.760000e+03	5.800000e+03	3.763405e-10	1.522940e-10	0.000000e+00
5.800000e+03	5.840000e+03	2.016109e-11	3.939363e-10	1.751510e-10
5.840000e+03	5.880000e+03	9.354895e-11	2.528505e-11	7.681585e-11
5.880000e+03	5.920000e+03	9.784040e-11	0.000000e+00	1.346960e-10
5.920000e+03	5.960000e+03	1.199626e-10	1.093170e-10	0.000000e+00
5.960000e+03	6.000000e+03	2.954308e-10	2.738622e-10	0.000000e+00
# END HISTO1D


# BEGIN HISTO1D //homes/tinghua1/Merging-Project/Production/HJETS/ratio-plots/hjets-vbfnlo/H-N2-3-4-25gev-combine.yoda/MC_H2JETS_04_LOOSE/j2j4_mass
ErrorBandColor=blue
ErrorBandOpacity=0.3
ErrorBands=1
ErrorType=env
LineColor=blue
LineStyle=solid
Path=//homes/tinghua1/Merging-Project/Production/HJETS/ratio-plots/hjets-vbfnlo/H-N2-3-4-25gev-combine.yoda/MC_H2JETS_04_LOOSE/j2j4_mass
RatioPlotSameStyle=1
Title=h(2*,3,4)
# xlow	 xhigh	 val	 errminus	 errplus
0.000000e+00	4.000000e+01	2.055155e-04	2.089868e-05	4.020958e-05
4.000000e+01	8.000000e+01	4.256715e-04	6.338725e-05	1.084867e-04
8.000000e+01	1.200000e+02	3.860150e-04	5.819750e-05	4.947650e-05
1.200000e+02	1.600000e+02	2.447855e-04	3.628320e-05	4.775377e-05
1.600000e+02	2.000000e+02	1.732626e-04	2.522818e-05	3.207605e-05
2.000000e+02	2.400000e+02	1.353090e-04	1.994137e-05	2.586752e-05
2.400000e+02	2.800000e+02	1.086610e-04	1.870123e-05	2.037655e-05
2.800000e+02	3.200000e+02	9.011725e-05	1.502817e-05	1.095355e-05
3.200000e+02	3.600000e+02	7.481670e-05	1.204433e-05	1.312602e-05
3.600000e+02	4.000000e+02	6.408618e-05	8.649500e-06	1.156050e-05
4.000000e+02	4.400000e+02	5.371745e-05	6.713050e-06	1.176035e-05
4.400000e+02	4.800000e+02	4.765508e-05	5.709725e-06	9.219675e-06
4.800000e+02	5.200000e+02	4.188542e-05	5.026600e-06	8.613500e-06
5.200000e+02	5.600000e+02	3.665925e-05	4.858375e-06	7.381850e-06
5.600000e+02	6.000000e+02	3.197375e-05	3.093200e-06	6.094175e-06
6.000000e+02	6.400000e+02	2.922800e-05	4.227875e-06	5.493125e-06
6.400000e+02	6.800000e+02	2.526713e-05	3.375893e-06	5.640650e-06
6.800000e+02	7.200000e+02	2.255553e-05	3.410688e-06	5.505568e-06
7.200000e+02	7.600000e+02	2.141452e-05	4.384625e-06	4.614882e-06
7.600000e+02	8.000000e+02	1.966504e-05	3.490858e-06	2.470577e-06
8.000000e+02	8.400000e+02	1.567734e-05	1.425195e-06	4.854985e-06
8.400000e+02	8.800000e+02	1.616531e-05	3.553083e-06	2.502048e-06
8.800000e+02	9.200000e+02	1.419114e-05	3.267408e-06	1.621115e-06
9.200000e+02	9.600000e+02	1.200959e-05	1.711188e-06	2.842432e-06
9.600000e+02	1.000000e+03	1.193889e-05	3.132030e-06	2.061723e-06
1.000000e+03	1.040000e+03	1.023232e-05	1.689233e-06	2.028205e-06
1.040000e+03	1.080000e+03	9.474935e-06	1.691007e-06	1.353340e-06
1.080000e+03	1.120000e+03	9.645493e-06	2.492985e-06	6.235975e-07
1.120000e+03	1.160000e+03	8.101080e-06	8.116575e-07	8.065500e-07
1.160000e+03	1.200000e+03	7.434193e-06	1.505578e-06	1.321115e-06
1.200000e+03	1.240000e+03	6.389995e-06	1.378577e-06	1.416157e-06
1.240000e+03	1.280000e+03	6.012215e-06	1.312902e-06	1.373960e-06
1.280000e+03	1.320000e+03	5.320217e-06	9.683475e-07	1.224188e-06
1.320000e+03	1.360000e+03	4.653790e-06	6.818775e-07	1.515527e-06
1.360000e+03	1.400000e+03	4.611532e-06	9.307200e-07	7.379525e-07
1.400000e+03	1.440000e+03	3.831643e-06	4.792375e-07	1.443122e-06
1.440000e+03	1.480000e+03	4.136785e-06	1.192510e-06	2.539175e-07
1.480000e+03	1.520000e+03	3.419830e-06	6.381950e-07	3.924500e-07
1.520000e+03	1.560000e+03	3.530765e-06	9.982375e-07	3.271650e-07
1.560000e+03	1.600000e+03	2.767915e-06	0.000000e+00	1.360878e-06
1.600000e+03	1.640000e+03	3.821953e-06	1.542294e-06	0.000000e+00
1.640000e+03	1.680000e+03	2.236347e-06	1.331128e-07	9.038255e-07
1.680000e+03	1.720000e+03	2.270763e-06	5.902945e-07	2.651622e-07
1.720000e+03	1.760000e+03	2.315775e-06	3.695945e-07	3.049097e-07
1.760000e+03	1.800000e+03	1.762834e-06	2.546958e-07	6.693505e-07
1.800000e+03	1.840000e+03	1.832606e-06	3.532298e-07	4.375645e-07
1.840000e+03	1.880000e+03	1.514285e-06	0.000000e+00	4.081942e-07
1.880000e+03	1.920000e+03	1.482339e-06	2.199870e-07	5.622577e-07
1.920000e+03	1.960000e+03	1.400227e-06	3.942970e-07	1.277940e-07
1.960000e+03	2.000000e+03	1.235022e-06	2.359832e-07	3.083285e-07
2.000000e+03	2.040000e+03	1.092573e-06	5.297275e-08	3.505178e-07
2.040000e+03	2.080000e+03	1.158442e-06	4.024550e-07	1.793095e-07
2.080000e+03	2.120000e+03	9.308830e-07	2.319495e-07	2.983792e-07
2.120000e+03	2.160000e+03	9.266535e-07	1.940407e-07	3.681523e-07
2.160000e+03	2.200000e+03	7.825327e-07	1.688092e-07	1.972050e-07
2.200000e+03	2.240000e+03	6.249575e-07	1.052753e-07	2.699440e-07
2.240000e+03	2.280000e+03	7.143425e-07	1.989457e-07	2.324042e-07
2.280000e+03	2.320000e+03	5.822978e-07	2.266675e-08	3.146425e-08
2.320000e+03	2.360000e+03	6.169320e-07	1.167110e-07	1.077917e-07
2.360000e+03	2.400000e+03	4.662290e-07	0.000000e+00	1.520295e-07
2.400000e+03	2.440000e+03	5.544890e-07	1.213000e-08	4.390800e-08
2.440000e+03	2.480000e+03	4.051605e-07	2.590475e-08	1.508975e-07
2.480000e+03	2.520000e+03	3.706933e-07	7.587275e-08	7.469450e-08
2.520000e+03	2.560000e+03	6.092673e-07	2.735363e-07	0.000000e+00
2.560000e+03	2.600000e+03	3.323632e-07	8.745130e-08	1.085618e-07
2.600000e+03	2.640000e+03	3.356622e-07	8.038825e-08	1.547325e-07
2.640000e+03	2.680000e+03	2.697685e-07	0.000000e+00	1.335548e-07
2.680000e+03	2.720000e+03	2.220825e-07	0.000000e+00	1.001485e-07
2.720000e+03	2.760000e+03	2.474084e-07	1.594580e-08	1.211161e-07
2.760000e+03	2.800000e+03	3.386245e-07	1.232316e-07	0.000000e+00
2.800000e+03	2.840000e+03	1.631545e-07	0.000000e+00	1.558323e-07
2.840000e+03	2.880000e+03	1.891674e-07	5.895223e-08	1.823331e-07
2.880000e+03	2.920000e+03	5.857715e-08	0.000000e+00	3.814526e-07
2.920000e+03	2.960000e+03	1.787161e-07	3.992390e-08	0.000000e+00
2.960000e+03	3.000000e+03	1.299982e-07	4.735740e-08	3.150520e-08
3.000000e+03	3.040000e+03	1.093873e-07	1.464525e-08	1.901193e-08
3.040000e+03	3.080000e+03	1.563647e-07	5.964370e-08	1.554000e-09
3.080000e+03	3.120000e+03	1.077926e-07	2.201062e-08	8.236365e-08
3.120000e+03	3.160000e+03	1.251354e-07	1.211907e-08	0.000000e+00
3.160000e+03	3.200000e+03	8.674925e-08	3.679055e-08	8.176150e-09
3.200000e+03	3.240000e+03	9.622915e-08	3.439567e-08	2.094238e-08
3.240000e+03	3.280000e+03	8.675925e-08	3.785935e-08	3.114218e-08
3.280000e+03	3.320000e+03	1.225430e-07	5.799160e-08	0.000000e+00
3.320000e+03	3.360000e+03	5.953318e-08	6.589700e-09	5.050268e-08
3.360000e+03	3.400000e+03	4.257763e-08	0.000000e+00	5.191100e-08
3.400000e+03	3.440000e+03	9.433122e-08	4.523920e-08	0.000000e+00
3.440000e+03	3.480000e+03	5.520137e-08	2.344665e-08	6.485950e-09
3.480000e+03	3.520000e+03	5.741445e-08	4.565069e-08	0.000000e+00
3.520000e+03	3.560000e+03	7.168547e-08	4.913270e-08	0.000000e+00
3.560000e+03	3.600000e+03	1.857791e-08	0.000000e+00	2.415402e-08
3.600000e+03	3.640000e+03	1.544436e-08	0.000000e+00	2.971002e-08
3.640000e+03	3.680000e+03	4.192778e-08	1.612038e-08	8.020000e-10
3.680000e+03	3.720000e+03	2.491428e-08	1.437583e-09	7.047045e-09
3.720000e+03	3.760000e+03	2.137126e-08	0.000000e+00	1.971652e-08
3.760000e+03	3.800000e+03	1.450481e-08	1.269342e-09	1.944461e-08
3.800000e+03	3.840000e+03	2.251768e-08	1.146352e-08	3.107757e-08
3.840000e+03	3.880000e+03	4.442363e-08	2.559189e-08	3.656350e-09
3.880000e+03	3.920000e+03	1.177084e-08	0.000000e+00	1.671969e-08
3.920000e+03	3.960000e+03	1.025035e-08	0.000000e+00	1.714837e-08
3.960000e+03	4.000000e+03	2.528497e-08	1.674558e-08	7.888475e-09
4.000000e+03	4.040000e+03	1.107628e-08	0.000000e+00	6.468682e-09
4.040000e+03	4.080000e+03	5.222052e-09	0.000000e+00	4.110992e-09
4.080000e+03	4.120000e+03	7.279625e-09	0.000000e+00	6.869807e-09
4.120000e+03	4.160000e+03	2.649330e-08	1.973276e-08	0.000000e+00
4.160000e+03	4.200000e+03	6.580315e-09	0.000000e+00	3.067094e-07
4.200000e+03	4.240000e+03	1.329434e-08	9.850633e-09	0.000000e+00
4.240000e+03	4.280000e+03	-3.164875e-09	0.000000e+00	1.167718e-08
4.280000e+03	4.320000e+03	5.717530e-09	0.000000e+00	1.806105e-09
4.320000e+03	4.360000e+03	6.168753e-09	3.655890e-09	0.000000e+00
4.360000e+03	4.400000e+03	2.602158e-08	2.156317e-08	0.000000e+00
4.400000e+03	4.440000e+03	7.514208e-09	3.908830e-09	4.685588e-09
4.440000e+03	4.480000e+03	9.905130e-09	7.596082e-09	0.000000e+00
4.480000e+03	4.520000e+03	2.615612e-09	0.000000e+00	1.383610e-09
4.520000e+03	4.560000e+03	5.292068e-09	9.207632e-09	0.000000e+00
4.560000e+03	4.600000e+03	1.586834e-08	1.529459e-08	0.000000e+00
4.600000e+03	4.640000e+03	2.721503e-09	1.979829e-09	4.914225e-10
4.640000e+03	4.680000e+03	1.918333e-09	7.734770e-10	2.242082e-09
4.680000e+03	4.720000e+03	2.917183e-09	1.921225e-09	0.000000e+00
4.720000e+03	4.760000e+03	1.732279e-09	6.951138e-10	2.307919e-09
4.760000e+03	4.800000e+03	6.366607e-10	0.000000e+00	1.596245e-09
4.800000e+03	4.840000e+03	1.427442e-09	5.805815e-10	0.000000e+00
4.840000e+03	4.880000e+03	-8.304965e-11	0.000000e+00	1.266336e-09
4.880000e+03	4.920000e+03	1.110711e-09	0.000000e+00	3.637384e-08
4.920000e+03	4.960000e+03	1.116908e-09	7.092200e-10	0.000000e+00
4.960000e+03	5.000000e+03	4.387315e-10	3.719092e-10	4.316475e-11
5.000000e+03	5.040000e+03	1.751501e-09	2.676439e-09	1.197619e-09
5.040000e+03	5.080000e+03	5.947163e-10	2.143198e-10	0.000000e+00
5.080000e+03	5.120000e+03	7.887178e-10	4.162955e-10	1.413635e-10
5.120000e+03	5.160000e+03	9.636070e-10	9.699800e-11	1.470482e-10
5.160000e+03	5.200000e+03	4.528125e-10	9.009425e-11	6.892200e-11
5.200000e+03	5.240000e+03	1.464675e-09	8.951110e-10	0.000000e+00
5.240000e+03	5.280000e+03	3.384852e-10	0.000000e+00	2.071146e-09
5.280000e+03	5.320000e+03	2.187784e-09	1.918351e-09	0.000000e+00
5.320000e+03	5.360000e+03	2.049444e-10	1.806701e-10	7.447409e-10
5.360000e+03	5.400000e+03	-1.688397e-09	0.000000e+00	1.915630e-09
5.400000e+03	5.440000e+03	1.881987e-10	1.525352e-10	8.409455e-10
5.440000e+03	5.480000e+03	1.446544e-10	2.817139e-10	6.662429e-10
5.480000e+03	5.520000e+03	-2.321206e-09	0.000000e+00	2.530193e-09
5.520000e+03	5.560000e+03	1.354302e-10	1.145943e-10	1.435742e-11
5.560000e+03	5.600000e+03	7.442213e-11	1.830589e-10	1.646969e-10
5.600000e+03	5.640000e+03	2.193666e-10	1.477623e-10	5.535390e-11
5.640000e+03	5.680000e+03	1.094092e-10	4.394200e-11	0.000000e+00
5.680000e+03	5.720000e+03	3.335610e-11	3.613138e-10	2.165363e-11
5.720000e+03	5.760000e+03	1.574496e-10	7.803457e-11	1.426199e-10
5.760000e+03	5.800000e+03	1.272988e-10	7.978313e-11	0.000000e+00
5.800000e+03	5.840000e+03	1.892469e-11	0.000000e+00	3.426653e-10
5.840000e+03	5.880000e+03	1.415235e-10	7.057905e-11	0.000000e+00
5.880000e+03	5.920000e+03	4.726657e-11	1.723052e-10	0.000000e+00
5.920000e+03	5.960000e+03	1.490013e-10	6.626463e-11	0.000000e+00
5.960000e+03	6.000000e+03	1.853908e-10	0.000000e+00	1.047236e-09
# END HISTO1D


# BEGIN HISTO1D //homes/tinghua1/Merging-Project/Production/HJETS/ratio-plots/hjets-vbfnlo/H-N2-3-4-25gev-vbfnlo-combine.yoda/MC_H2JETS_04_LOOSE/j2j4_mass
ErrorBandColor=cyan
ErrorBandOpacity=0.3
ErrorBands=1
ErrorType=env
LineColor=cyan
LineStyle=solid
Path=//homes/tinghua1/Merging-Project/Production/HJETS/ratio-plots/hjets-vbfnlo/H-N2-3-4-25gev-vbfnlo-combine.yoda/MC_H2JETS_04_LOOSE/j2j4_mass
RatioPlotSameStyle=1
Title=h(2*,3,4)-vbfnlo
# xlow	 xhigh	 val	 errminus	 errplus
0.000000e+00	4.000000e+01	1.749411e-04	1.999507e-05	2.997275e-05
4.000000e+01	8.000000e+01	2.622495e-04	3.339917e-05	4.673575e-05
8.000000e+01	1.200000e+02	1.919171e-04	2.445737e-05	3.216820e-05
1.200000e+02	1.600000e+02	1.218750e-04	1.816165e-05	1.606472e-05
1.600000e+02	2.000000e+02	8.713998e-05	1.107978e-05	1.318695e-05
2.000000e+02	2.400000e+02	7.138862e-05	8.680275e-06	1.084745e-05
2.400000e+02	2.800000e+02	6.175873e-05	8.486575e-06	9.407550e-06
2.800000e+02	3.200000e+02	5.471250e-05	8.934750e-07	9.494350e-06
3.200000e+02	3.600000e+02	4.860807e-05	5.647100e-06	9.009125e-06
3.600000e+02	4.000000e+02	4.507975e-05	6.060950e-06	6.031150e-06
4.000000e+02	4.400000e+02	3.921375e-05	5.232900e-06	6.706175e-06
4.400000e+02	4.800000e+02	3.658317e-05	5.599800e-06	4.474775e-06
4.800000e+02	5.200000e+02	3.132053e-05	3.553325e-06	6.624825e-06
5.200000e+02	5.600000e+02	2.798167e-05	3.048802e-06	8.591700e-06
5.600000e+02	6.000000e+02	2.628715e-05	3.301535e-06	5.289675e-06
6.000000e+02	6.400000e+02	2.371408e-05	3.447982e-06	4.805265e-06
6.400000e+02	6.800000e+02	2.251718e-05	3.710553e-06	2.548398e-06
6.800000e+02	7.200000e+02	1.926949e-05	2.699620e-06	3.650940e-06
7.200000e+02	7.600000e+02	1.780732e-05	2.774233e-06	2.947700e-06
7.600000e+02	8.000000e+02	1.533879e-05	9.523425e-07	4.116827e-06
8.000000e+02	8.400000e+02	1.462719e-05	2.275673e-06	2.732562e-06
8.400000e+02	8.800000e+02	1.303250e-05	1.934495e-06	3.074122e-06
8.800000e+02	9.200000e+02	1.153371e-05	1.295525e-06	2.754440e-06
9.200000e+02	9.600000e+02	1.114271e-05	1.426205e-06	2.010620e-06
9.600000e+02	1.000000e+03	1.016930e-05	1.703708e-06	1.816130e-06
1.000000e+03	1.040000e+03	8.897615e-06	1.309975e-06	2.232948e-06
1.040000e+03	1.080000e+03	8.510797e-06	1.622790e-06	2.057420e-06
1.080000e+03	1.120000e+03	7.561065e-06	1.141115e-06	1.942508e-06
1.120000e+03	1.160000e+03	6.965742e-06	1.329767e-06	1.793922e-06
1.160000e+03	1.200000e+03	6.311855e-06	1.018395e-06	1.083433e-06
1.200000e+03	1.240000e+03	5.867393e-06	1.059805e-06	1.163592e-06
1.240000e+03	1.280000e+03	5.468192e-06	8.401925e-07	1.280023e-06
1.280000e+03	1.320000e+03	4.717107e-06	0.000000e+00	1.294267e-06
1.320000e+03	1.360000e+03	4.624940e-06	9.646600e-07	8.512625e-07
1.360000e+03	1.400000e+03	4.167397e-06	6.235825e-07	7.834475e-07
1.400000e+03	1.440000e+03	4.212780e-06	1.005722e-06	6.016100e-07
1.440000e+03	1.480000e+03	3.418575e-06	6.019150e-07	6.566875e-07
1.480000e+03	1.520000e+03	3.172320e-06	6.787923e-07	5.893925e-07
1.520000e+03	1.560000e+03	2.961667e-06	5.688125e-07	6.980500e-07
1.560000e+03	1.600000e+03	2.638285e-06	4.923500e-07	7.690500e-07
1.600000e+03	1.640000e+03	2.368673e-06	2.287195e-07	1.139402e-06
1.640000e+03	1.680000e+03	2.217159e-06	2.936552e-07	5.443758e-07
1.680000e+03	1.720000e+03	2.077652e-06	3.591808e-07	5.967680e-07
1.720000e+03	1.760000e+03	2.088284e-06	4.688425e-07	3.099008e-07
1.760000e+03	1.800000e+03	1.782183e-06	3.195878e-07	3.188420e-07
1.800000e+03	1.840000e+03	1.504270e-06	1.623880e-07	4.165995e-07
1.840000e+03	1.880000e+03	1.595357e-06	3.853295e-07	1.317200e-07
1.880000e+03	1.920000e+03	1.196046e-06	2.004855e-07	4.472128e-07
1.920000e+03	1.960000e+03	2.135998e-06	1.123299e-06	0.000000e+00
1.960000e+03	2.000000e+03	1.269317e-06	2.645208e-07	8.054575e-08
2.000000e+03	2.040000e+03	1.101128e-06	1.328215e-07	1.774848e-07
2.040000e+03	2.080000e+03	9.815370e-07	2.222275e-07	3.055162e-07
2.080000e+03	2.120000e+03	9.228152e-07	2.060420e-07	2.927890e-07
2.120000e+03	2.160000e+03	8.678815e-07	1.726537e-07	1.365702e-07
2.160000e+03	2.200000e+03	8.051598e-07	0.000000e+00	9.960200e-08
2.200000e+03	2.240000e+03	7.125410e-07	2.063513e-07	2.202088e-07
2.240000e+03	2.280000e+03	6.864005e-07	1.114180e-07	1.087140e-07
2.280000e+03	2.320000e+03	7.175828e-07	2.007345e-07	4.721175e-08
2.320000e+03	2.360000e+03	5.709577e-07	8.494900e-08	2.318670e-07
2.360000e+03	2.400000e+03	5.318635e-07	1.655020e-07	1.136607e-07
2.400000e+03	2.440000e+03	5.415195e-07	1.538465e-07	1.617442e-07
2.440000e+03	2.480000e+03	4.854353e-07	1.167235e-07	8.896475e-08
2.480000e+03	2.520000e+03	2.966190e-07	0.000000e+00	2.662550e-07
2.520000e+03	2.560000e+03	3.624898e-07	3.634750e-08	6.514525e-08
2.560000e+03	2.600000e+03	3.465360e-07	8.711825e-08	7.048675e-08
2.600000e+03	2.640000e+03	2.811992e-07	2.862525e-08	5.597800e-08
2.640000e+03	2.680000e+03	2.608905e-07	0.000000e+00	9.346750e-08
2.680000e+03	2.720000e+03	2.525355e-07	1.071265e-08	4.208025e-08
2.720000e+03	2.760000e+03	2.669455e-07	7.713212e-08	1.552443e-07
2.760000e+03	2.800000e+03	2.348963e-07	3.740350e-08	4.647395e-08
2.800000e+03	2.840000e+03	2.574682e-07	9.965823e-08	6.682750e-09
2.840000e+03	2.880000e+03	1.769577e-07	1.388760e-08	6.957457e-08
2.880000e+03	2.920000e+03	1.805955e-07	1.544190e-08	5.349028e-08
2.920000e+03	2.960000e+03	1.422448e-07	4.046645e-08	6.904763e-08
2.960000e+03	3.000000e+03	1.893222e-07	8.401522e-08	0.000000e+00
3.000000e+03	3.040000e+03	1.230549e-07	2.635255e-08	7.759913e-08
3.040000e+03	3.080000e+03	1.081050e-07	0.000000e+00	3.688593e-08
3.080000e+03	3.120000e+03	9.375760e-08	1.006263e-08	5.218015e-08
3.120000e+03	3.160000e+03	1.035004e-07	2.718170e-08	4.172855e-08
3.160000e+03	3.200000e+03	1.341763e-07	5.741867e-08	0.000000e+00
3.200000e+03	3.240000e+03	8.119470e-08	2.339525e-09	2.700748e-08
3.240000e+03	3.280000e+03	8.618502e-08	2.632857e-08	1.705882e-08
3.280000e+03	3.320000e+03	8.965830e-08	2.529290e-08	1.488140e-08
3.320000e+03	3.360000e+03	6.477682e-08	1.626898e-08	1.415842e-08
3.360000e+03	3.400000e+03	6.029405e-08	2.385800e-09	1.084680e-08
3.400000e+03	3.440000e+03	7.229517e-08	2.868375e-08	3.330835e-08
3.440000e+03	3.480000e+03	4.796917e-08	1.221477e-08	6.328125e-09
3.480000e+03	3.520000e+03	4.349170e-08	5.820000e-09	1.537917e-08
3.520000e+03	3.560000e+03	3.733293e-08	0.000000e+00	1.863480e-08
3.560000e+03	3.600000e+03	6.381362e-08	2.553355e-08	0.000000e+00
3.600000e+03	3.640000e+03	2.599433e-08	0.000000e+00	1.571542e-08
3.640000e+03	3.680000e+03	2.344193e-08	5.431705e-09	8.364767e-09
3.680000e+03	3.720000e+03	2.880535e-08	4.741502e-09	5.163025e-09
3.720000e+03	3.760000e+03	3.541192e-08	1.412639e-08	0.000000e+00
3.760000e+03	3.800000e+03	1.984969e-08	0.000000e+00	1.884763e-08
3.800000e+03	3.840000e+03	1.812949e-08	0.000000e+00	1.471978e-08
3.840000e+03	3.880000e+03	1.312069e-08	1.595925e-10	1.524151e-08
3.880000e+03	3.920000e+03	2.334770e-08	9.690295e-09	3.023950e-09
3.920000e+03	3.960000e+03	2.154838e-08	7.526528e-09	0.000000e+00
3.960000e+03	4.000000e+03	1.804442e-08	0.000000e+00	2.029322e-08
4.000000e+03	4.040000e+03	9.480205e-09	0.000000e+00	7.708173e-09
4.040000e+03	4.080000e+03	2.789258e-08	1.686964e-08	0.000000e+00
4.080000e+03	4.120000e+03	1.072171e-08	2.448500e-09	1.851654e-08
4.120000e+03	4.160000e+03	8.319370e-09	3.990147e-09	0.000000e+00
4.160000e+03	4.200000e+03	1.643580e-08	1.077187e-08	1.772565e-09
4.200000e+03	4.240000e+03	1.247112e-08	5.042620e-09	2.530800e-09
4.240000e+03	4.280000e+03	4.433083e-09	0.000000e+00	6.169932e-09
4.280000e+03	4.320000e+03	9.363560e-09	5.554482e-09	0.000000e+00
4.320000e+03	4.360000e+03	4.226060e-09	0.000000e+00	3.272887e-09
4.360000e+03	4.400000e+03	6.422968e-09	7.851750e-10	2.323405e-09
4.400000e+03	4.440000e+03	2.367452e-09	3.511754e-09	2.640943e-09
4.440000e+03	4.480000e+03	7.281368e-09	4.672585e-09	0.000000e+00
4.480000e+03	4.520000e+03	5.983910e-09	3.402345e-09	0.000000e+00
4.520000e+03	4.560000e+03	1.120724e-08	9.538531e-09	0.000000e+00
4.560000e+03	4.600000e+03	4.431025e-09	1.344377e-09	0.000000e+00
4.600000e+03	4.640000e+03	3.449222e-09	6.974450e-10	1.061322e-09
4.640000e+03	4.680000e+03	2.367550e-09	7.383753e-10	8.920022e-10
4.680000e+03	4.720000e+03	2.806637e-09	1.505241e-09	3.340000e-11
4.720000e+03	4.760000e+03	2.433518e-09	1.500202e-09	3.202434e-09
4.760000e+03	4.800000e+03	2.015750e-09	5.100500e-10	1.080923e-09
4.800000e+03	4.840000e+03	1.585750e-09	0.000000e+00	1.654930e-09
4.840000e+03	4.880000e+03	1.650969e-09	4.868232e-10	6.938493e-10
4.880000e+03	4.920000e+03	1.285101e-09	0.000000e+00	1.910677e-09
4.920000e+03	4.960000e+03	1.877937e-09	4.609480e-10	7.632875e-10
4.960000e+03	5.000000e+03	8.247148e-10	0.000000e+00	2.657238e-09
5.000000e+03	5.040000e+03	3.360382e-10	0.000000e+00	1.425995e-09
5.040000e+03	5.080000e+03	2.286894e-09	1.649762e-09	0.000000e+00
5.080000e+03	5.120000e+03	6.423825e-10	0.000000e+00	4.783825e-10
5.120000e+03	5.160000e+03	2.406483e-09	1.749673e-09	0.000000e+00
5.160000e+03	5.200000e+03	1.139284e-10	0.000000e+00	7.788991e-10
5.200000e+03	5.240000e+03	4.156590e-10	0.000000e+00	1.967533e-10
5.240000e+03	5.280000e+03	8.059095e-10	3.842535e-10	0.000000e+00
5.280000e+03	5.320000e+03	3.087280e-10	1.035575e-09	3.130525e-10
5.320000e+03	5.360000e+03	3.083252e-10	1.903057e-10	1.909999e-09
5.360000e+03	5.400000e+03	6.127902e-10	5.004585e-10	0.000000e+00
5.400000e+03	5.440000e+03	6.483512e-10	4.480119e-10	0.000000e+00
5.440000e+03	5.480000e+03	6.378865e-10	1.169150e-10	1.161116e-09
5.480000e+03	5.520000e+03	6.868030e-10	5.471286e-10	2.839380e-10
5.520000e+03	5.560000e+03	5.177663e-10	3.164281e-10	0.000000e+00
5.560000e+03	5.600000e+03	-1.403390e-08	0.000000e+00	1.476607e-08
5.600000e+03	5.640000e+03	1.774589e-10	4.373453e-11	3.036623e-10
5.640000e+03	5.680000e+03	3.161877e-10	2.097421e-10	2.996225e-11
5.680000e+03	5.720000e+03	9.192300e-11	0.000000e+00	5.283323e-10
5.720000e+03	5.760000e+03	7.836240e-11	5.846381e-11	7.019690e-11
5.760000e+03	5.800000e+03	-3.387720e-12	0.000000e+00	1.700282e-10
5.800000e+03	5.840000e+03	1.333420e-10	0.000000e+00	6.485167e-10
5.840000e+03	5.880000e+03	-2.590585e-10	0.000000e+00	3.740751e-10
5.880000e+03	5.920000e+03	8.488807e-11	6.498357e-11	1.005015e-10
5.920000e+03	5.960000e+03	1.004264e-10	3.355473e-11	8.479990e-11
5.960000e+03	6.000000e+03	1.053149e-10	0.000000e+00	4.986520e-11
# END HISTO1D


# BEGIN HISTO1D //homes/tinghua1/Merging-Project/Production/HJETS/ratio-plots/hjets-vbfnlo/H-2-3-4-25gev-combine.yoda/MC_H2JETS_04_LOOSE/j2j4_mass
ErrorBandColor=yellow
ErrorBandOpacity=0.3
ErrorBands=1
ErrorType=env
LineColor=yellow
LineStyle=solid
Path=//homes/tinghua1/Merging-Project/Production/HJETS/ratio-plots/hjets-vbfnlo/H-2-3-4-25gev-combine.yoda/MC_H2JETS_04_LOOSE/j2j4_mass
RatioPlotSameStyle=1
Title=h(2,3,4)
# xlow	 xhigh	 val	 errminus	 errplus
0.000000e+00	4.000000e+01	2.070052e-04	2.724683e-05	4.613652e-05
4.000000e+01	8.000000e+01	4.020247e-04	5.818325e-05	7.404000e-05
8.000000e+01	1.200000e+02	3.439020e-04	4.123350e-05	5.575250e-05
1.200000e+02	1.600000e+02	2.200925e-04	3.003985e-05	3.622320e-05
1.600000e+02	2.000000e+02	1.566890e-04	2.348612e-05	2.464525e-05
2.000000e+02	2.400000e+02	1.213895e-04	1.787382e-05	2.161720e-05
2.400000e+02	2.800000e+02	9.937292e-05	1.349827e-05	1.792763e-05
2.800000e+02	3.200000e+02	8.086805e-05	9.311575e-06	1.736483e-05
3.200000e+02	3.600000e+02	7.111870e-05	1.068798e-05	1.407460e-05
3.600000e+02	4.000000e+02	6.129630e-05	1.112225e-05	1.227655e-05
4.000000e+02	4.400000e+02	5.363930e-05	8.557650e-06	9.572025e-06
4.400000e+02	4.800000e+02	4.645445e-05	7.494750e-06	1.018800e-05
4.800000e+02	5.200000e+02	4.208433e-05	7.085500e-06	7.758450e-06
5.200000e+02	5.600000e+02	3.707550e-05	6.968650e-06	6.479700e-06
5.600000e+02	6.000000e+02	3.215632e-05	4.896650e-06	8.048775e-06
6.000000e+02	6.400000e+02	2.839015e-05	4.236700e-06	7.467900e-06
6.400000e+02	6.800000e+02	2.607918e-05	4.445065e-06	5.722400e-06
6.800000e+02	7.200000e+02	2.277754e-05	3.651100e-06	5.667485e-06
7.200000e+02	7.600000e+02	2.100680e-05	5.072252e-06	4.741575e-06
7.600000e+02	8.000000e+02	1.924734e-05	3.691040e-06	5.781615e-06
8.000000e+02	8.400000e+02	1.653491e-05	2.728885e-06	6.739088e-06
8.400000e+02	8.800000e+02	1.522400e-05	3.017985e-06	6.555193e-06
8.800000e+02	9.200000e+02	1.404522e-05	2.954350e-06	2.747353e-06
9.200000e+02	9.600000e+02	1.249598e-05	2.550545e-06	4.425003e-06
9.600000e+02	1.000000e+03	1.146515e-05	2.373822e-06	2.373862e-06
1.000000e+03	1.040000e+03	1.060460e-05	1.846660e-06	1.589280e-06
1.040000e+03	1.080000e+03	9.086152e-06	1.555022e-06	2.841400e-06
1.080000e+03	1.120000e+03	9.384495e-06	2.621885e-06	1.281862e-06
1.120000e+03	1.160000e+03	7.239005e-06	4.304800e-07	2.199092e-06
1.160000e+03	1.200000e+03	7.331082e-06	8.817650e-07	1.338975e-06
1.200000e+03	1.240000e+03	6.162680e-06	1.010535e-06	1.582880e-06
1.240000e+03	1.280000e+03	5.763485e-06	1.168385e-06	1.354133e-06
1.280000e+03	1.320000e+03	5.562090e-06	1.476785e-06	1.027300e-06
1.320000e+03	1.360000e+03	4.953265e-06	9.596350e-07	1.615157e-06
1.360000e+03	1.400000e+03	4.453903e-06	1.034470e-06	9.151300e-07
1.400000e+03	1.440000e+03	3.890343e-06	6.253400e-07	1.472458e-06
1.440000e+03	1.480000e+03	3.686632e-06	7.377575e-07	1.034878e-06
1.480000e+03	1.520000e+03	3.325440e-06	7.102400e-07	8.529950e-07
1.520000e+03	1.560000e+03	3.435280e-06	1.085703e-06	6.250125e-07
1.560000e+03	1.600000e+03	2.770618e-06	2.776405e-07	9.489500e-07
1.600000e+03	1.640000e+03	2.928970e-06	3.818700e-07	4.684725e-07
1.640000e+03	1.680000e+03	2.453960e-06	3.019080e-07	9.854130e-07
1.680000e+03	1.720000e+03	2.142176e-06	4.295883e-07	7.486143e-07
1.720000e+03	1.760000e+03	1.970807e-06	4.631820e-07	3.733660e-07
1.760000e+03	1.800000e+03	1.776918e-06	6.355050e-08	6.865387e-07
1.800000e+03	1.840000e+03	1.680838e-06	2.726700e-07	7.952805e-07
1.840000e+03	1.880000e+03	1.461663e-06	1.893140e-07	5.762082e-07
1.880000e+03	1.920000e+03	1.438809e-06	3.681002e-07	4.046123e-07
1.920000e+03	1.960000e+03	1.850267e-06	8.154442e-07	0.000000e+00
1.960000e+03	2.000000e+03	1.165202e-06	1.138053e-07	7.208943e-07
2.000000e+03	2.040000e+03	1.460552e-06	5.051525e-07	0.000000e+00
2.040000e+03	2.080000e+03	1.024932e-06	9.270675e-08	2.886345e-07
2.080000e+03	2.120000e+03	9.316370e-07	1.835360e-07	2.511715e-07
2.120000e+03	2.160000e+03	9.683082e-07	2.466782e-07	1.469275e-07
2.160000e+03	2.200000e+03	7.421542e-07	1.120962e-07	2.749493e-07
2.200000e+03	2.240000e+03	6.653762e-07	9.501375e-08	2.588430e-07
2.240000e+03	2.280000e+03	7.798675e-07	2.264925e-07	3.359778e-07
2.280000e+03	2.320000e+03	5.832905e-07	6.211300e-08	9.817175e-08
2.320000e+03	2.360000e+03	5.474428e-07	8.467700e-08	2.824015e-07
2.360000e+03	2.400000e+03	6.387500e-07	1.730843e-07	0.000000e+00
2.400000e+03	2.440000e+03	4.733150e-07	1.449435e-07	3.240323e-07
2.440000e+03	2.480000e+03	4.085652e-07	6.550550e-08	3.031647e-07
2.480000e+03	2.520000e+03	4.232853e-07	1.038975e-07	2.635512e-07
2.520000e+03	2.560000e+03	4.177258e-07	9.650675e-08	7.644500e-08
2.560000e+03	2.600000e+03	2.975173e-07	4.572125e-08	1.279340e-07
2.600000e+03	2.640000e+03	3.428272e-07	1.358782e-07	8.453275e-08
2.640000e+03	2.680000e+03	3.383810e-07	1.329761e-07	7.646425e-08
2.680000e+03	2.720000e+03	3.233875e-07	9.556005e-08	3.137425e-08
2.720000e+03	2.760000e+03	2.586802e-07	0.000000e+00	1.451393e-07
2.760000e+03	2.800000e+03	2.197244e-07	5.412832e-08	5.747835e-08
2.800000e+03	2.840000e+03	2.112890e-07	3.458975e-09	2.855013e-08
2.840000e+03	2.880000e+03	2.097771e-07	6.627685e-08	2.497200e-08
2.880000e+03	2.920000e+03	1.587207e-07	1.161615e-08	1.025055e-07
2.920000e+03	2.960000e+03	1.777906e-07	6.596672e-08	4.415635e-08
2.960000e+03	3.000000e+03	1.902369e-07	7.189437e-08	0.000000e+00
3.000000e+03	3.040000e+03	1.274839e-07	1.500335e-08	9.347040e-08
3.040000e+03	3.080000e+03	2.049658e-07	1.138469e-07	0.000000e+00
3.080000e+03	3.120000e+03	1.002303e-07	1.733747e-08	3.124930e-08
3.120000e+03	3.160000e+03	1.005008e-07	3.137892e-08	1.136745e-08
3.160000e+03	3.200000e+03	8.992475e-08	2.645050e-09	2.756695e-08
3.200000e+03	3.240000e+03	1.169418e-07	5.413798e-08	0.000000e+00
3.240000e+03	3.280000e+03	6.366735e-08	0.000000e+00	1.094078e-08
3.280000e+03	3.320000e+03	5.549570e-08	0.000000e+00	3.057365e-08
3.320000e+03	3.360000e+03	5.924120e-08	0.000000e+00	5.627342e-08
3.360000e+03	3.400000e+03	5.197897e-08	1.747022e-08	9.204125e-09
3.400000e+03	3.440000e+03	1.138969e-07	7.990830e-08	0.000000e+00
3.440000e+03	3.480000e+03	8.343862e-08	3.509582e-08	0.000000e+00
3.480000e+03	3.520000e+03	3.788835e-08	0.000000e+00	1.912085e-08
3.520000e+03	3.560000e+03	2.119067e-08	0.000000e+00	2.129046e-08
3.560000e+03	3.600000e+03	3.596608e-08	1.499250e-08	1.439580e-08
3.600000e+03	3.640000e+03	6.098860e-08	3.203540e-08	0.000000e+00
3.640000e+03	3.680000e+03	1.987100e-08	6.168410e-09	1.063115e-09
3.680000e+03	3.720000e+03	2.771382e-08	8.702750e-09	1.142580e-08
3.720000e+03	3.760000e+03	2.327025e-08	4.631320e-09	1.039670e-08
3.760000e+03	3.800000e+03	5.199843e-08	3.802329e-08	0.000000e+00
3.800000e+03	3.840000e+03	2.117652e-08	1.901657e-09	2.992360e-08
3.840000e+03	3.880000e+03	2.889700e-08	3.126492e-08	0.000000e+00
3.880000e+03	3.920000e+03	1.348847e-08	0.000000e+00	1.655421e-08
3.920000e+03	3.960000e+03	1.181263e-08	0.000000e+00	7.057212e-09
3.960000e+03	4.000000e+03	9.828465e-09	4.773855e-09	6.451907e-09
4.000000e+03	4.040000e+03	1.309132e-08	7.492797e-09	5.054378e-09
4.040000e+03	4.080000e+03	1.136460e-08	3.547203e-09	1.529475e-10
4.080000e+03	4.120000e+03	1.531361e-08	7.346530e-09	0.000000e+00
4.120000e+03	4.160000e+03	9.901858e-09	3.232005e-09	6.362038e-09
4.160000e+03	4.200000e+03	4.264985e-08	5.010498e-08	0.000000e+00
4.200000e+03	4.240000e+03	3.083968e-08	2.377148e-08	0.000000e+00
4.240000e+03	4.280000e+03	6.766107e-09	2.201717e-09	1.023085e-09
4.280000e+03	4.320000e+03	5.640525e-09	3.267900e-10	0.000000e+00
4.320000e+03	4.360000e+03	4.689038e-09	1.045575e-09	7.967600e-10
4.360000e+03	4.400000e+03	1.049285e-08	9.700777e-09	0.000000e+00
4.400000e+03	4.440000e+03	3.597917e-09	2.229887e-09	9.632025e-10
4.440000e+03	4.480000e+03	2.629427e-09	6.244467e-10	2.249097e-09
4.480000e+03	4.520000e+03	6.091305e-09	2.199085e-09	0.000000e+00
4.520000e+03	4.560000e+03	3.730172e-09	0.000000e+00	2.292250e-09
4.560000e+03	4.600000e+03	1.816570e-09	0.000000e+00	3.921765e-09
4.600000e+03	4.640000e+03	1.489932e-09	2.450290e-10	1.607500e-09
4.640000e+03	4.680000e+03	8.788827e-09	7.058806e-09	0.000000e+00
4.680000e+03	4.720000e+03	3.303177e-09	8.318827e-10	0.000000e+00
4.720000e+03	4.760000e+03	2.404305e-09	2.376543e-09	3.932880e-09
4.760000e+03	4.800000e+03	1.596540e-09	2.031776e-09	1.277297e-09
4.800000e+03	4.840000e+03	1.333478e-09	3.286713e-10	8.262387e-10
4.840000e+03	4.880000e+03	1.384392e-09	9.627433e-10	2.468463e-09
4.880000e+03	4.920000e+03	2.513568e-09	1.727241e-09	0.000000e+00
4.920000e+03	4.960000e+03	-2.334001e-09	0.000000e+00	9.484641e-09
4.960000e+03	5.000000e+03	1.417645e-09	8.810077e-10	1.667105e-10
5.000000e+03	5.040000e+03	1.398121e-09	2.232615e-10	1.531784e-09
5.040000e+03	5.080000e+03	5.820367e-10	1.789638e-10	3.737567e-10
5.080000e+03	5.120000e+03	4.823288e-10	0.000000e+00	3.199327e-10
5.120000e+03	5.160000e+03	5.782815e-10	2.528755e-10	2.725057e-10
5.160000e+03	5.200000e+03	1.627611e-10	0.000000e+00	6.539554e-10
5.200000e+03	5.240000e+03	3.089420e-10	0.000000e+00	8.985100e-10
5.240000e+03	5.280000e+03	3.085597e-10	0.000000e+00	1.619046e-09
5.280000e+03	5.320000e+03	2.573190e-10	1.221429e-10	1.333230e-09
5.320000e+03	5.360000e+03	6.850600e-10	5.520246e-10	6.723015e-10
5.360000e+03	5.400000e+03	5.102790e-10	3.385866e-10	0.000000e+00
5.400000e+03	5.440000e+03	3.720522e-10	0.000000e+00	1.335168e-09
5.440000e+03	5.480000e+03	1.314048e-10	0.000000e+00	1.524085e-10
5.480000e+03	5.520000e+03	1.762863e-10	1.554902e-11	1.247027e-11
5.520000e+03	5.560000e+03	8.081002e-11	0.000000e+00	6.633492e-10
5.560000e+03	5.600000e+03	2.854192e-11	0.000000e+00	3.756061e-10
5.600000e+03	5.640000e+03	9.106620e-11	0.000000e+00	5.877480e-10
5.640000e+03	5.680000e+03	9.179687e-11	0.000000e+00	1.833306e-10
5.680000e+03	5.720000e+03	7.394070e-11	0.000000e+00	1.728571e-10
5.720000e+03	5.760000e+03	8.410540e-11	3.975480e-11	3.772825e-11
5.760000e+03	5.800000e+03	4.355080e-10	3.654287e-10	0.000000e+00
5.800000e+03	5.840000e+03	-2.258700e-11	0.000000e+00	3.246218e-10
5.840000e+03	5.880000e+03	1.947767e-10	1.343847e-10	0.000000e+00
5.880000e+03	5.920000e+03	9.303507e-12	0.000000e+00	8.075697e-11
5.920000e+03	5.960000e+03	2.622480e-10	1.875113e-10	0.000000e+00
5.960000e+03	6.000000e+03	6.188587e-11	0.000000e+00	2.047246e-10
# END HISTO1D


# BEGIN HISTO1D //homes/tinghua1/Merging-Project/Production/HJETS/ratio-plots/hjets-vbfnlo/H-2-3-4-25gev-vbfnlo-combine.yoda/MC_H2JETS_04_LOOSE/j2j4_mass
ErrorBandColor=green
ErrorBandOpacity=0.3
ErrorBands=1
ErrorType=env
LineColor=green
LineStyle=solid
Path=//homes/tinghua1/Merging-Project/Production/HJETS/ratio-plots/hjets-vbfnlo/H-2-3-4-25gev-vbfnlo-combine.yoda/MC_H2JETS_04_LOOSE/j2j4_mass
RatioPlotSameStyle=1
Title=h(2,3,4)-vbfnlo
# xlow	 xhigh	 val	 errminus	 errplus
0.000000e+00	4.000000e+01	1.840217e-04	2.509188e-05	4.071348e-05
4.000000e+01	8.000000e+01	2.754905e-04	4.524863e-05	5.749825e-05
8.000000e+01	1.200000e+02	1.978312e-04	2.763475e-05	3.574182e-05
1.200000e+02	1.600000e+02	1.233541e-04	1.840330e-05	1.897322e-05
1.600000e+02	2.000000e+02	8.871285e-05	1.262880e-05	1.386222e-05
2.000000e+02	2.400000e+02	7.269018e-05	1.029743e-05	1.259247e-05
2.400000e+02	2.800000e+02	6.398178e-05	9.418800e-06	1.023290e-05
2.800000e+02	3.200000e+02	5.659248e-05	8.040300e-06	9.787550e-06
3.200000e+02	3.600000e+02	5.075290e-05	6.648725e-06	1.004132e-05
3.600000e+02	4.000000e+02	4.624725e-05	7.028300e-06	9.103325e-06
4.000000e+02	4.400000e+02	4.084793e-05	5.533950e-06	8.741525e-06
4.400000e+02	4.800000e+02	3.781235e-05	5.795775e-06	7.194950e-06
4.800000e+02	5.200000e+02	3.365327e-05	5.941950e-06	7.079300e-06
5.200000e+02	5.600000e+02	3.129937e-05	5.695625e-06	5.579375e-06
5.600000e+02	6.000000e+02	2.749477e-05	4.948417e-06	6.275925e-06
6.000000e+02	6.400000e+02	2.500433e-05	4.328063e-06	5.683975e-06
6.400000e+02	6.800000e+02	2.267821e-05	4.092270e-06	4.536540e-06
6.800000e+02	7.200000e+02	2.066695e-05	4.082510e-06	4.053833e-06
7.200000e+02	7.600000e+02	1.827866e-05	3.094543e-06	4.094402e-06
7.600000e+02	8.000000e+02	1.628190e-05	2.573822e-06	4.019035e-06
8.000000e+02	8.400000e+02	1.553945e-05	3.182082e-06	3.052320e-06
8.400000e+02	8.800000e+02	1.385711e-05	2.597480e-06	2.694295e-06
8.800000e+02	9.200000e+02	1.233414e-05	2.195302e-06	3.339828e-06
9.200000e+02	9.600000e+02	1.117156e-05	1.785517e-06	3.053017e-06
9.600000e+02	1.000000e+03	1.034792e-05	1.901658e-06	2.368982e-06
1.000000e+03	1.040000e+03	9.251095e-06	1.737370e-06	2.957940e-06
1.040000e+03	1.080000e+03	8.717602e-06	1.497692e-06	1.881310e-06
1.080000e+03	1.120000e+03	7.834095e-06	1.665455e-06	2.175240e-06
1.120000e+03	1.160000e+03	7.148432e-06	1.508240e-06	2.035350e-06
1.160000e+03	1.200000e+03	6.563425e-06	1.242230e-06	1.782377e-06
1.200000e+03	1.240000e+03	6.137290e-06	1.197608e-06	1.704435e-06
1.240000e+03	1.280000e+03	5.454450e-06	9.272900e-07	1.595503e-06
1.280000e+03	1.320000e+03	4.823350e-06	9.391900e-07	1.517023e-06
1.320000e+03	1.360000e+03	4.635835e-06	7.945275e-07	1.163805e-06
1.360000e+03	1.400000e+03	4.124550e-06	4.208850e-07	1.113780e-06
1.400000e+03	1.440000e+03	3.907565e-06	7.014350e-07	9.635900e-07
1.440000e+03	1.480000e+03	3.662470e-06	8.168925e-07	9.270100e-07
1.480000e+03	1.520000e+03	3.278087e-06	6.718100e-07	8.446575e-07
1.520000e+03	1.560000e+03	2.965463e-06	6.241762e-07	9.054800e-07
1.560000e+03	1.600000e+03	2.719922e-06	4.232587e-07	5.712575e-07
1.600000e+03	1.640000e+03	2.470485e-06	4.508307e-07	7.178203e-07
1.640000e+03	1.680000e+03	2.364195e-06	5.211027e-07	6.617280e-07
1.680000e+03	1.720000e+03	2.157313e-06	5.361333e-07	8.311075e-07
1.720000e+03	1.760000e+03	1.943557e-06	3.674885e-07	4.745540e-07
1.760000e+03	1.800000e+03	1.906531e-06	4.086280e-07	3.981875e-07
1.800000e+03	1.840000e+03	1.617685e-06	3.813053e-07	4.334453e-07
1.840000e+03	1.880000e+03	1.689353e-06	5.184245e-07	3.219208e-07
1.880000e+03	1.920000e+03	1.364393e-06	2.584050e-08	4.200420e-07
1.920000e+03	1.960000e+03	1.238594e-06	2.591345e-07	3.844502e-07
1.960000e+03	2.000000e+03	1.220330e-06	2.930213e-07	2.233817e-07
2.000000e+03	2.040000e+03	1.149652e-06	2.947655e-07	4.530355e-07
2.040000e+03	2.080000e+03	1.012112e-06	2.608223e-07	3.406087e-07
2.080000e+03	2.120000e+03	9.413092e-07	2.611300e-07	2.202130e-07
2.120000e+03	2.160000e+03	9.319293e-07	0.000000e+00	1.916037e-07
2.160000e+03	2.200000e+03	8.208165e-07	1.931135e-07	2.088425e-07
2.200000e+03	2.240000e+03	7.625170e-07	1.984930e-07	1.493203e-07
2.240000e+03	2.280000e+03	6.910812e-07	1.386360e-07	2.199860e-07
2.280000e+03	2.320000e+03	6.067222e-07	1.298807e-07	2.420555e-07
2.320000e+03	2.360000e+03	9.248603e-07	5.263947e-07	0.000000e+00
2.360000e+03	2.400000e+03	4.830153e-07	1.067435e-07	2.355595e-07
2.400000e+03	2.440000e+03	6.681948e-07	2.458738e-07	0.000000e+00
2.440000e+03	2.480000e+03	5.008343e-07	1.820800e-07	1.409092e-07
2.480000e+03	2.520000e+03	3.565642e-07	2.800450e-08	1.638530e-07
2.520000e+03	2.560000e+03	3.548177e-07	9.167050e-08	9.441825e-08
2.560000e+03	2.600000e+03	4.264237e-07	1.413127e-07	2.180875e-08
2.600000e+03	2.640000e+03	3.190985e-07	8.434543e-08	1.140728e-07
2.640000e+03	2.680000e+03	2.978820e-07	6.163922e-08	7.554725e-08
2.680000e+03	2.720000e+03	2.727762e-07	5.813840e-08	3.918975e-08
2.720000e+03	2.760000e+03	2.331758e-07	4.355175e-08	1.198457e-07
2.760000e+03	2.800000e+03	2.357183e-07	8.058140e-08	6.935620e-08
2.800000e+03	2.840000e+03	2.217698e-07	8.283235e-08	8.092292e-08
2.840000e+03	2.880000e+03	1.985485e-07	5.007085e-08	4.559562e-08
2.880000e+03	2.920000e+03	1.658068e-07	5.718305e-08	5.589167e-08
2.920000e+03	2.960000e+03	1.382935e-07	1.547360e-08	6.485790e-08
2.960000e+03	3.000000e+03	1.862669e-07	8.161430e-08	3.117058e-08
3.000000e+03	3.040000e+03	1.335896e-07	2.960192e-08	4.225097e-08
3.040000e+03	3.080000e+03	1.203998e-07	3.235880e-08	3.774627e-08
3.080000e+03	3.120000e+03	1.124631e-07	1.100395e-08	3.638030e-08
3.120000e+03	3.160000e+03	1.125138e-07	2.389810e-08	3.185967e-08
3.160000e+03	3.200000e+03	8.676042e-08	1.399862e-08	2.465498e-08
3.200000e+03	3.240000e+03	7.387407e-08	1.786647e-08	4.341345e-08
3.240000e+03	3.280000e+03	7.427902e-08	5.781650e-09	3.364420e-08
3.280000e+03	3.320000e+03	6.859043e-08	6.692650e-09	3.902848e-08
3.320000e+03	3.360000e+03	7.347730e-08	1.488193e-08	1.082552e-08
3.360000e+03	3.400000e+03	7.005188e-08	2.324503e-08	1.082643e-08
3.400000e+03	3.440000e+03	6.792987e-08	2.863762e-08	1.893875e-09
3.440000e+03	3.480000e+03	6.474045e-08	2.462947e-08	2.502975e-09
3.480000e+03	3.520000e+03	4.419007e-08	8.944975e-09	1.405700e-08
3.520000e+03	3.560000e+03	5.230648e-08	2.113070e-08	1.080967e-08
3.560000e+03	3.600000e+03	2.895750e-08	0.000000e+00	1.048752e-08
3.600000e+03	3.640000e+03	2.800673e-08	1.176800e-09	1.061205e-08
3.640000e+03	3.680000e+03	4.685303e-08	2.618162e-08	0.000000e+00
3.680000e+03	3.720000e+03	2.861742e-08	6.732465e-09	1.957213e-08
3.720000e+03	3.760000e+03	2.370232e-08	1.868098e-09	1.958095e-08
3.760000e+03	3.800000e+03	2.681255e-08	1.244000e-10	6.942825e-09
3.800000e+03	3.840000e+03	2.538147e-08	3.517285e-09	8.519475e-09
3.840000e+03	3.880000e+03	2.282133e-08	6.680867e-09	0.000000e+00
3.880000e+03	3.920000e+03	2.117484e-08	7.962542e-09	3.635200e-10
3.920000e+03	3.960000e+03	1.721842e-08	1.432687e-09	1.872980e-09
3.960000e+03	4.000000e+03	8.287825e-09	0.000000e+00	8.552710e-09
4.000000e+03	4.040000e+03	1.368567e-08	1.825818e-09	8.840995e-09
4.040000e+03	4.080000e+03	1.593079e-08	0.000000e+00	8.214785e-09
4.080000e+03	4.120000e+03	8.823975e-09	1.314792e-09	3.547955e-09
4.120000e+03	4.160000e+03	1.149278e-08	4.646205e-09	1.851953e-09
4.160000e+03	4.200000e+03	7.284325e-09	1.555958e-09	9.693183e-09
4.200000e+03	4.240000e+03	1.229066e-08	7.301720e-09	0.000000e+00
4.240000e+03	4.280000e+03	4.603917e-09	0.000000e+00	7.307920e-09
4.280000e+03	4.320000e+03	8.227375e-09	3.203057e-09	4.245475e-10
4.320000e+03	4.360000e+03	5.286173e-09	2.014825e-09	2.318878e-08
4.360000e+03	4.400000e+03	5.222180e-09	0.000000e+00	2.186778e-09
4.400000e+03	4.440000e+03	3.983460e-09	1.186905e-09	4.771105e-09
4.440000e+03	4.480000e+03	4.296107e-09	2.471600e-10	5.628072e-09
4.480000e+03	4.520000e+03	3.470360e-09	0.000000e+00	2.281287e-09
4.520000e+03	4.560000e+03	1.291330e-08	9.185087e-09	0.000000e+00
4.560000e+03	4.600000e+03	3.067643e-09	0.000000e+00	1.835157e-09
4.600000e+03	4.640000e+03	2.472297e-09	1.315759e-09	9.663030e-10
4.640000e+03	4.680000e+03	-1.987702e-10	0.000000e+00	5.156953e-09
4.680000e+03	4.720000e+03	2.225829e-09	1.483929e-09	0.000000e+00
4.720000e+03	4.760000e+03	3.174347e-09	1.274176e-09	0.000000e+00
4.760000e+03	4.800000e+03	2.427033e-09	8.316390e-10	1.109621e-09
4.800000e+03	4.840000e+03	8.859165e-10	0.000000e+00	3.041081e-09
4.840000e+03	4.880000e+03	1.279215e-09	4.879487e-10	7.286087e-10
4.880000e+03	4.920000e+03	1.407040e-09	5.407250e-12	3.943443e-10
4.920000e+03	4.960000e+03	9.540753e-10	0.000000e+00	7.684002e-10
4.960000e+03	5.000000e+03	2.055644e-09	1.277009e-09	0.000000e+00
5.000000e+03	5.040000e+03	1.519767e-09	1.964063e-10	0.000000e+00
5.040000e+03	5.080000e+03	4.580112e-10	0.000000e+00	1.345570e-09
5.080000e+03	5.120000e+03	1.074387e-09	0.000000e+00	8.863775e-10
5.120000e+03	5.160000e+03	2.822482e-09	2.458024e-09	0.000000e+00
5.160000e+03	5.200000e+03	3.597293e-10	2.522500e-12	6.383110e-10
5.200000e+03	5.240000e+03	7.710722e-10	2.041400e-11	3.102130e-10
5.240000e+03	5.280000e+03	3.934708e-10	0.000000e+00	3.781492e-09
5.280000e+03	5.320000e+03	4.187863e-10	0.000000e+00	3.810040e-10
5.320000e+03	5.360000e+03	9.039668e-10	4.496582e-10	8.478275e-11
5.360000e+03	5.400000e+03	5.250745e-10	0.000000e+00	2.084487e-10
5.400000e+03	5.440000e+03	4.572083e-10	1.936270e-10	4.346118e-10
5.440000e+03	5.480000e+03	2.443607e-10	2.795975e-11	8.652058e-10
5.480000e+03	5.520000e+03	2.496204e-10	0.000000e+00	2.778796e-10
5.520000e+03	5.560000e+03	3.074020e-10	9.812407e-11	3.080000e-13
5.560000e+03	5.600000e+03	2.684020e-10	7.457213e-11	0.000000e+00
5.600000e+03	5.640000e+03	5.263212e-10	4.438317e-10	7.296978e-10
5.640000e+03	5.680000e+03	2.039951e-10	2.707865e-11	1.100232e-10
5.680000e+03	5.720000e+03	2.071504e-10	0.000000e+00	4.553111e-10
5.720000e+03	5.760000e+03	3.849773e-10	3.283922e-10	8.586900e-11
5.760000e+03	5.800000e+03	9.149247e-10	7.963546e-10	0.000000e+00
5.800000e+03	5.840000e+03	1.793315e-10	1.456394e-10	6.570693e-11
5.840000e+03	5.880000e+03	1.490703e-10	0.000000e+00	1.604860e-10
5.880000e+03	5.920000e+03	2.542935e-10	2.046827e-10	0.000000e+00
5.920000e+03	5.960000e+03	7.039058e-11	0.000000e+00	4.338422e-11
5.960000e+03	6.000000e+03	6.549643e-11	3.078893e-11	2.566695e-11
# END HISTO1D


# BEGIN HISTO1D //homes/tinghua1/Merging-Project/Production/HJETS/ratio-plots/hjets-vbfnlo/H-2-3-25gev-combine.yoda/MC_H2JETS_04_LOOSE/j2j4_mass
ErrorBandColor=purple
ErrorBandOpacity=0.3
ErrorBands=1
ErrorType=env
LineColor=purple
LineStyle=solid
Path=//homes/tinghua1/Merging-Project/Production/HJETS/ratio-plots/hjets-vbfnlo/H-2-3-25gev-combine.yoda/MC_H2JETS_04_LOOSE/j2j4_mass
RatioPlotSameStyle=1
Title=h(2,3)
# xlow	 xhigh	 val	 errminus	 errplus
0.000000e+00	4.000000e+01	1.849942e-04	0.000000e+00	7.296727e-05
4.000000e+01	8.000000e+01	3.069293e-04	0.000000e+00	1.221767e-04
8.000000e+01	1.200000e+02	2.430875e-04	0.000000e+00	7.523298e-05
1.200000e+02	1.600000e+02	1.487625e-04	0.000000e+00	4.982057e-05
1.600000e+02	2.000000e+02	1.054738e-04	0.000000e+00	3.449808e-05
2.000000e+02	2.400000e+02	8.063692e-05	0.000000e+00	2.823528e-05
2.400000e+02	2.800000e+02	6.604548e-05	0.000000e+00	2.378482e-05
2.800000e+02	3.200000e+02	5.639185e-05	0.000000e+00	2.025997e-05
3.200000e+02	3.600000e+02	4.771495e-05	0.000000e+00	1.863135e-05
3.600000e+02	4.000000e+02	4.190602e-05	0.000000e+00	1.594598e-05
4.000000e+02	4.400000e+02	3.639145e-05	0.000000e+00	1.452068e-05
4.400000e+02	4.800000e+02	3.219968e-05	0.000000e+00	1.418775e-05
4.800000e+02	5.200000e+02	2.828075e-05	0.000000e+00	1.258265e-05
5.200000e+02	5.600000e+02	2.579453e-05	0.000000e+00	1.040325e-05
5.600000e+02	6.000000e+02	2.242536e-05	0.000000e+00	1.032147e-05
6.000000e+02	6.400000e+02	1.964761e-05	0.000000e+00	9.039613e-06
6.400000e+02	6.800000e+02	1.782561e-05	0.000000e+00	8.254345e-06
6.800000e+02	7.200000e+02	1.570881e-05	0.000000e+00	7.623452e-06
7.200000e+02	7.600000e+02	1.422332e-05	0.000000e+00	7.008465e-06
7.600000e+02	8.000000e+02	1.266052e-05	0.000000e+00	6.789710e-06
8.000000e+02	8.400000e+02	1.130874e-05	0.000000e+00	6.309228e-06
8.400000e+02	8.800000e+02	1.050015e-05	0.000000e+00	5.051402e-06
8.800000e+02	9.200000e+02	9.375843e-06	0.000000e+00	5.003015e-06
9.200000e+02	9.600000e+02	8.443165e-06	0.000000e+00	4.242430e-06
9.600000e+02	1.000000e+03	7.678243e-06	0.000000e+00	3.987845e-06
1.000000e+03	1.040000e+03	6.847548e-06	0.000000e+00	3.908768e-06
1.040000e+03	1.080000e+03	5.944428e-06	0.000000e+00	3.771990e-06
1.080000e+03	1.120000e+03	5.330803e-06	0.000000e+00	3.369797e-06
1.120000e+03	1.160000e+03	5.123315e-06	0.000000e+00	2.972982e-06
1.160000e+03	1.200000e+03	4.639865e-06	0.000000e+00	2.668423e-06
1.200000e+03	1.240000e+03	4.264713e-06	0.000000e+00	2.259653e-06
1.240000e+03	1.280000e+03	3.911513e-06	0.000000e+00	2.035467e-06
1.280000e+03	1.320000e+03	3.501660e-06	0.000000e+00	1.911542e-06
1.320000e+03	1.360000e+03	3.090818e-06	0.000000e+00	1.975583e-06
1.360000e+03	1.400000e+03	2.797287e-06	0.000000e+00	1.739842e-06
1.400000e+03	1.440000e+03	2.596060e-06	0.000000e+00	1.697137e-06
1.440000e+03	1.480000e+03	2.365237e-06	0.000000e+00	1.462695e-06
1.480000e+03	1.520000e+03	2.340215e-06	0.000000e+00	1.188960e-06
1.520000e+03	1.560000e+03	1.942953e-06	0.000000e+00	1.334742e-06
1.560000e+03	1.600000e+03	1.821888e-06	0.000000e+00	1.169769e-06
1.600000e+03	1.640000e+03	1.730913e-06	0.000000e+00	8.684370e-07
1.640000e+03	1.680000e+03	1.550420e-06	0.000000e+00	9.141928e-07
1.680000e+03	1.720000e+03	1.362843e-06	0.000000e+00	9.154270e-07
1.720000e+03	1.760000e+03	1.315395e-06	0.000000e+00	6.870440e-07
1.760000e+03	1.800000e+03	1.135291e-06	0.000000e+00	7.532005e-07
1.800000e+03	1.840000e+03	1.053556e-06	0.000000e+00	7.114620e-07
1.840000e+03	1.880000e+03	9.368823e-07	0.000000e+00	6.628050e-07
1.880000e+03	1.920000e+03	9.453800e-07	0.000000e+00	5.195495e-07
1.920000e+03	1.960000e+03	8.498852e-07	0.000000e+00	4.894072e-07
1.960000e+03	2.000000e+03	7.398855e-07	0.000000e+00	5.318865e-07
2.000000e+03	2.040000e+03	7.124243e-07	0.000000e+00	3.805647e-07
2.040000e+03	2.080000e+03	6.211485e-07	0.000000e+00	4.300210e-07
2.080000e+03	2.120000e+03	5.556700e-07	0.000000e+00	3.844850e-07
2.120000e+03	2.160000e+03	5.365808e-07	0.000000e+00	3.496133e-07
2.160000e+03	2.200000e+03	4.953590e-07	0.000000e+00	3.152330e-07
2.200000e+03	2.240000e+03	4.371637e-07	0.000000e+00	3.338218e-07
2.240000e+03	2.280000e+03	4.028238e-07	0.000000e+00	2.509457e-07
2.280000e+03	2.320000e+03	3.677178e-07	0.000000e+00	2.414375e-07
2.320000e+03	2.360000e+03	3.419850e-07	0.000000e+00	1.917700e-07
2.360000e+03	2.400000e+03	3.340857e-07	0.000000e+00	2.069620e-07
2.400000e+03	2.440000e+03	3.200660e-07	0.000000e+00	1.546290e-07
2.440000e+03	2.480000e+03	2.062708e-07	0.000000e+00	2.281469e-07
2.480000e+03	2.520000e+03	2.181125e-07	0.000000e+00	1.593582e-07
2.520000e+03	2.560000e+03	2.052875e-07	0.000000e+00	1.489958e-07
2.560000e+03	2.600000e+03	1.999081e-07	0.000000e+00	1.389766e-07
2.600000e+03	2.640000e+03	1.756701e-07	0.000000e+00	1.256551e-07
2.640000e+03	2.680000e+03	1.499963e-07	0.000000e+00	1.642102e-07
2.680000e+03	2.720000e+03	1.538706e-07	0.000000e+00	1.326662e-07
2.720000e+03	2.760000e+03	1.433555e-07	0.000000e+00	8.512345e-08
2.760000e+03	2.800000e+03	1.567338e-07	0.000000e+00	5.820810e-08
2.800000e+03	2.840000e+03	1.105592e-07	0.000000e+00	7.286092e-08
2.840000e+03	2.880000e+03	1.000333e-07	0.000000e+00	1.134953e-07
2.880000e+03	2.920000e+03	9.069532e-08	0.000000e+00	6.523255e-08
2.920000e+03	2.960000e+03	8.908183e-08	0.000000e+00	5.701160e-08
2.960000e+03	3.000000e+03	1.024681e-07	1.132758e-08	4.522428e-08
3.000000e+03	3.040000e+03	8.070000e-08	0.000000e+00	2.897835e-08
3.040000e+03	3.080000e+03	6.207062e-08	0.000000e+00	5.246068e-08
3.080000e+03	3.120000e+03	6.752885e-08	0.000000e+00	2.033790e-08
3.120000e+03	3.160000e+03	4.974093e-08	0.000000e+00	5.561273e-08
3.160000e+03	3.200000e+03	4.959657e-08	0.000000e+00	3.277738e-08
3.200000e+03	3.240000e+03	4.163663e-08	0.000000e+00	3.723390e-08
3.240000e+03	3.280000e+03	4.484745e-08	0.000000e+00	2.795793e-08
3.280000e+03	3.320000e+03	3.251060e-08	0.000000e+00	3.346032e-08
3.320000e+03	3.360000e+03	3.128390e-08	0.000000e+00	2.324488e-08
3.360000e+03	3.400000e+03	2.444387e-08	0.000000e+00	2.032953e-08
3.400000e+03	3.440000e+03	2.819103e-08	0.000000e+00	1.996835e-08
3.440000e+03	3.480000e+03	2.364203e-08	0.000000e+00	1.990735e-08
3.480000e+03	3.520000e+03	2.360885e-08	0.000000e+00	2.096702e-08
3.520000e+03	3.560000e+03	1.886920e-08	0.000000e+00	1.814373e-08
3.560000e+03	3.600000e+03	1.899710e-08	0.000000e+00	9.785103e-09
3.600000e+03	3.640000e+03	2.238751e-08	0.000000e+00	6.280918e-09
3.640000e+03	3.680000e+03	1.484468e-08	0.000000e+00	1.022147e-08
3.680000e+03	3.720000e+03	1.050820e-08	0.000000e+00	8.742770e-09
3.720000e+03	3.760000e+03	1.343697e-08	0.000000e+00	1.155954e-08
3.760000e+03	3.800000e+03	1.122691e-08	0.000000e+00	1.362764e-08
3.800000e+03	3.840000e+03	1.493972e-08	6.421550e-10	0.000000e+00
3.840000e+03	3.880000e+03	7.838088e-09	0.000000e+00	6.773105e-09
3.880000e+03	3.920000e+03	4.301535e-09	0.000000e+00	8.905575e-09
3.920000e+03	3.960000e+03	1.554478e-08	1.876448e-09	3.396773e-09
3.960000e+03	4.000000e+03	6.261950e-09	0.000000e+00	5.727640e-09
4.000000e+03	4.040000e+03	9.221015e-09	6.755800e-10	0.000000e+00
4.040000e+03	4.080000e+03	4.369925e-09	0.000000e+00	5.978655e-09
4.080000e+03	4.120000e+03	4.244130e-09	0.000000e+00	4.810853e-09
4.120000e+03	4.160000e+03	4.659588e-09	0.000000e+00	3.335677e-09
4.160000e+03	4.200000e+03	3.755735e-09	0.000000e+00	4.124290e-09
4.200000e+03	4.240000e+03	3.542230e-09	0.000000e+00	1.020727e-09
4.240000e+03	4.280000e+03	4.791395e-09	4.931550e-10	0.000000e+00
4.280000e+03	4.320000e+03	2.439584e-09	8.856132e-09	2.184946e-09
4.320000e+03	4.360000e+03	2.938218e-09	0.000000e+00	1.564265e-09
4.360000e+03	4.400000e+03	1.731159e-09	0.000000e+00	1.802000e-09
4.400000e+03	4.440000e+03	2.183258e-09	0.000000e+00	3.738660e-09
4.440000e+03	4.480000e+03	1.796728e-09	0.000000e+00	1.739620e-09
4.480000e+03	4.520000e+03	2.717308e-09	1.317000e-10	5.757975e-10
4.520000e+03	4.560000e+03	9.942172e-10	0.000000e+00	4.827715e-10
4.560000e+03	4.600000e+03	8.965597e-10	0.000000e+00	1.394888e-09
4.600000e+03	4.640000e+03	1.430705e-09	5.048333e-10	1.135722e-10
4.640000e+03	4.680000e+03	2.003873e-09	8.302820e-10	0.000000e+00
4.680000e+03	4.720000e+03	7.215922e-10	0.000000e+00	2.132960e-09
4.720000e+03	4.760000e+03	1.125245e-09	0.000000e+00	1.159397e-09
4.760000e+03	4.800000e+03	9.880775e-10	1.524765e-10	6.807700e-11
4.800000e+03	4.840000e+03	6.238975e-10	0.000000e+00	9.419655e-10
4.840000e+03	4.880000e+03	9.152880e-10	5.105530e-10	2.162550e-11
4.880000e+03	4.920000e+03	8.611235e-10	3.584500e-12	1.527072e-10
4.920000e+03	4.960000e+03	5.374598e-10	0.000000e+00	1.125518e-09
4.960000e+03	5.000000e+03	2.437772e-10	0.000000e+00	7.161915e-10
5.000000e+03	5.040000e+03	4.948207e-10	0.000000e+00	5.895795e-10
5.040000e+03	5.080000e+03	5.319600e-10	0.000000e+00	4.181695e-10
5.080000e+03	5.120000e+03	5.960360e-10	0.000000e+00	1.657780e-10
5.120000e+03	5.160000e+03	3.249363e-10	7.661715e-10	5.802148e-10
5.160000e+03	5.200000e+03	2.147999e-10	1.187773e-10	3.547388e-10
5.200000e+03	5.240000e+03	1.659497e-10	0.000000e+00	6.388993e-11
5.240000e+03	5.280000e+03	1.875687e-10	0.000000e+00	2.713238e-10
5.280000e+03	5.320000e+03	3.032123e-10	0.000000e+00	7.538068e-10
5.320000e+03	5.360000e+03	1.803915e-10	4.319295e-11	1.117756e-10
5.360000e+03	5.400000e+03	8.406972e-11	0.000000e+00	4.259898e-10
5.400000e+03	5.440000e+03	3.922213e-11	0.000000e+00	2.652389e-10
5.440000e+03	5.480000e+03	1.801197e-10	7.897940e-11	0.000000e+00
5.480000e+03	5.520000e+03	9.240502e-11	0.000000e+00	3.288797e-10
5.520000e+03	5.560000e+03	1.017900e-10	6.348218e-11	0.000000e+00
5.560000e+03	5.600000e+03	1.303905e-10	0.000000e+00	1.735988e-10
5.600000e+03	5.640000e+03	2.505245e-11	0.000000e+00	1.265627e-10
5.640000e+03	5.680000e+03	1.704481e-11	0.000000e+00	2.602952e-10
5.680000e+03	5.720000e+03	1.267564e-09	1.244873e-09	0.000000e+00
5.720000e+03	5.760000e+03	2.554800e-10	2.402685e-10	0.000000e+00
5.760000e+03	5.800000e+03	7.005222e-11	3.468312e-11	0.000000e+00
5.800000e+03	5.840000e+03	1.871760e-11	4.530738e-11	2.116677e-11
5.840000e+03	5.880000e+03	3.252558e-11	0.000000e+00	1.269541e-10
5.880000e+03	5.920000e+03	9.297382e-11	7.035805e-11	1.013624e-10
5.920000e+03	5.960000e+03	3.847928e-11	5.625275e-12	7.408275e-12
5.960000e+03	6.000000e+03	6.541975e-11	5.415369e-11	3.284317e-11
# END HISTO1D


# BEGIN HISTO1D //homes/tinghua1/Merging-Project/Production/HJETS/ratio-plots/hjets-vbfnlo/H-2-3-25gev-vbfnlo-combine.yoda/MC_H2JETS_04_LOOSE/j2j4_mass
ErrorBandColor=violet
ErrorBandOpacity=0.3
ErrorBands=1
ErrorType=env
LineColor=violet
LineStyle=solid
Path=//homes/tinghua1/Merging-Project/Production/HJETS/ratio-plots/hjets-vbfnlo/H-2-3-25gev-vbfnlo-combine.yoda/MC_H2JETS_04_LOOSE/j2j4_mass
RatioPlotSameStyle=1
Title=h(2,3)-vbfnlo
# xlow	 xhigh	 val	 errminus	 errplus
0.000000e+00	4.000000e+01	2.266785e-04	6.551900e-05	0.000000e+00
4.000000e+01	8.000000e+01	3.070432e-04	9.027418e-05	0.000000e+00
8.000000e+01	1.200000e+02	1.996460e-04	5.382435e-05	0.000000e+00
1.200000e+02	1.600000e+02	1.206703e-04	3.068430e-05	0.000000e+00
1.600000e+02	2.000000e+02	8.769213e-05	2.132668e-05	0.000000e+00
2.000000e+02	2.400000e+02	7.440110e-05	1.914725e-05	0.000000e+00
2.400000e+02	2.800000e+02	6.554357e-05	1.681030e-05	0.000000e+00
2.800000e+02	3.200000e+02	5.933325e-05	1.575445e-05	0.000000e+00
3.200000e+02	3.600000e+02	5.403895e-05	1.504433e-05	0.000000e+00
3.600000e+02	4.000000e+02	4.903430e-05	1.439150e-05	0.000000e+00
4.000000e+02	4.400000e+02	4.430647e-05	1.309383e-05	0.000000e+00
4.400000e+02	4.800000e+02	4.010620e-05	1.215765e-05	0.000000e+00
4.800000e+02	5.200000e+02	3.611185e-05	1.083582e-05	0.000000e+00
5.200000e+02	5.600000e+02	3.288457e-05	1.031814e-05	0.000000e+00
5.600000e+02	6.000000e+02	2.952453e-05	9.431558e-06	0.000000e+00
6.000000e+02	6.400000e+02	2.657608e-05	8.546838e-06	0.000000e+00
6.400000e+02	6.800000e+02	2.438154e-05	8.137823e-06	0.000000e+00
6.800000e+02	7.200000e+02	2.202737e-05	7.287415e-06	0.000000e+00
7.200000e+02	7.600000e+02	1.980133e-05	6.331407e-06	0.000000e+00
7.600000e+02	8.000000e+02	1.795410e-05	6.034245e-06	0.000000e+00
8.000000e+02	8.400000e+02	1.627061e-05	5.520745e-06	0.000000e+00
8.400000e+02	8.800000e+02	1.471321e-05	5.029527e-06	0.000000e+00
8.800000e+02	9.200000e+02	1.346510e-05	4.685390e-06	0.000000e+00
9.200000e+02	9.600000e+02	1.233678e-05	4.408535e-06	0.000000e+00
9.600000e+02	1.000000e+03	1.121382e-05	3.990152e-06	0.000000e+00
1.000000e+03	1.040000e+03	1.011505e-05	3.608220e-06	0.000000e+00
1.040000e+03	1.080000e+03	9.186513e-06	3.238703e-06	0.000000e+00
1.080000e+03	1.120000e+03	8.263960e-06	2.831070e-06	0.000000e+00
1.120000e+03	1.160000e+03	7.700453e-06	2.813245e-06	0.000000e+00
1.160000e+03	1.200000e+03	6.967780e-06	2.547143e-06	0.000000e+00
1.200000e+03	1.240000e+03	6.474630e-06	2.411020e-06	0.000000e+00
1.240000e+03	1.280000e+03	5.910560e-06	2.138460e-06	0.000000e+00
1.280000e+03	1.320000e+03	5.348328e-06	1.922693e-06	0.000000e+00
1.320000e+03	1.360000e+03	4.890308e-06	1.873160e-06	0.000000e+00
1.360000e+03	1.400000e+03	4.380862e-06	1.606720e-06	0.000000e+00
1.400000e+03	1.440000e+03	4.122675e-06	1.537655e-06	0.000000e+00
1.440000e+03	1.480000e+03	3.739835e-06	1.433878e-06	0.000000e+00
1.480000e+03	1.520000e+03	3.428470e-06	1.256760e-06	0.000000e+00
1.520000e+03	1.560000e+03	3.213325e-06	1.230865e-06	0.000000e+00
1.560000e+03	1.600000e+03	2.842028e-06	1.047580e-06	0.000000e+00
1.600000e+03	1.640000e+03	2.648688e-06	1.038782e-06	0.000000e+00
1.640000e+03	1.680000e+03	2.422147e-06	9.555715e-07	0.000000e+00
1.680000e+03	1.720000e+03	2.213156e-06	8.797443e-07	0.000000e+00
1.720000e+03	1.760000e+03	2.077750e-06	8.150548e-07	0.000000e+00
1.760000e+03	1.800000e+03	1.856837e-06	7.137855e-07	0.000000e+00
1.800000e+03	1.840000e+03	1.747499e-06	7.034935e-07	0.000000e+00
1.840000e+03	1.880000e+03	1.576636e-06	6.282675e-07	0.000000e+00
1.880000e+03	1.920000e+03	1.400800e-06	4.950257e-07	0.000000e+00
1.920000e+03	1.960000e+03	1.321879e-06	5.172265e-07	0.000000e+00
1.960000e+03	2.000000e+03	1.202602e-06	4.461607e-07	0.000000e+00
2.000000e+03	2.040000e+03	1.172603e-06	4.864847e-07	0.000000e+00
2.040000e+03	2.080000e+03	1.016194e-06	4.049487e-07	0.000000e+00
2.080000e+03	2.120000e+03	9.745308e-07	3.805718e-07	0.000000e+00
2.120000e+03	2.160000e+03	8.626892e-07	3.595855e-07	0.000000e+00
2.160000e+03	2.200000e+03	8.286908e-07	3.394553e-07	0.000000e+00
2.200000e+03	2.240000e+03	7.197517e-07	2.799633e-07	0.000000e+00
2.240000e+03	2.280000e+03	6.882738e-07	2.792000e-07	0.000000e+00
2.280000e+03	2.320000e+03	6.115347e-07	2.423095e-07	0.000000e+00
2.320000e+03	2.360000e+03	5.619583e-07	2.222228e-07	0.000000e+00
2.360000e+03	2.400000e+03	5.096602e-07	1.917460e-07	0.000000e+00
2.400000e+03	2.440000e+03	4.718010e-07	1.988768e-07	0.000000e+00
2.440000e+03	2.480000e+03	4.133718e-07	1.443193e-07	0.000000e+00
2.480000e+03	2.520000e+03	4.050980e-07	1.712939e-07	0.000000e+00
2.520000e+03	2.560000e+03	3.636333e-07	1.440620e-07	0.000000e+00
2.560000e+03	2.600000e+03	3.277860e-07	1.412515e-07	0.000000e+00
2.600000e+03	2.640000e+03	3.157285e-07	1.191563e-07	0.000000e+00
2.640000e+03	2.680000e+03	2.707945e-07	9.433590e-08	0.000000e+00
2.680000e+03	2.720000e+03	2.607598e-07	9.275493e-08	0.000000e+00
2.720000e+03	2.760000e+03	2.246402e-07	8.183215e-08	0.000000e+00
2.760000e+03	2.800000e+03	2.061859e-07	8.125890e-08	0.000000e+00
2.800000e+03	2.840000e+03	1.848395e-07	7.772800e-08	0.000000e+00
2.840000e+03	2.880000e+03	1.857319e-07	7.594220e-08	0.000000e+00
2.880000e+03	2.920000e+03	1.554440e-07	6.210740e-08	0.000000e+00
2.920000e+03	2.960000e+03	1.603983e-07	7.475663e-08	0.000000e+00
2.960000e+03	3.000000e+03	1.400928e-07	6.173023e-08	0.000000e+00
3.000000e+03	3.040000e+03	1.463721e-07	6.642875e-08	0.000000e+00
3.040000e+03	3.080000e+03	1.191024e-07	5.490907e-08	0.000000e+00
3.080000e+03	3.120000e+03	1.052965e-07	4.963563e-08	0.000000e+00
3.120000e+03	3.160000e+03	9.951057e-08	3.703140e-08	0.000000e+00
3.160000e+03	3.200000e+03	9.087487e-08	4.112842e-08	0.000000e+00
3.200000e+03	3.240000e+03	7.539220e-08	3.044895e-08	0.000000e+00
3.240000e+03	3.280000e+03	8.194177e-08	3.829580e-08	0.000000e+00
3.280000e+03	3.320000e+03	6.916003e-08	2.979400e-08	0.000000e+00
3.320000e+03	3.360000e+03	5.998315e-08	1.982440e-08	0.000000e+00
3.360000e+03	3.400000e+03	5.414267e-08	2.196592e-08	0.000000e+00
3.400000e+03	3.440000e+03	5.141090e-08	2.324918e-08	0.000000e+00
3.440000e+03	3.480000e+03	4.339560e-08	1.278260e-08	0.000000e+00
3.480000e+03	3.520000e+03	4.026830e-08	1.236187e-08	0.000000e+00
3.520000e+03	3.560000e+03	3.265352e-08	1.014624e-08	0.000000e+00
3.560000e+03	3.600000e+03	3.283943e-08	1.518098e-08	0.000000e+00
3.600000e+03	3.640000e+03	3.175980e-08	1.351658e-08	0.000000e+00
3.640000e+03	3.680000e+03	2.529787e-08	9.567468e-09	0.000000e+00
3.680000e+03	3.720000e+03	2.824200e-08	1.341259e-08	0.000000e+00
3.720000e+03	3.760000e+03	1.988098e-08	7.896025e-09	2.888985e-09
3.760000e+03	3.800000e+03	2.023786e-08	7.889933e-09	0.000000e+00
3.800000e+03	3.840000e+03	1.498509e-08	2.046843e-09	0.000000e+00
3.840000e+03	3.880000e+03	1.852038e-08	9.531130e-09	0.000000e+00
3.880000e+03	3.920000e+03	1.658101e-08	8.015683e-09	0.000000e+00
3.920000e+03	3.960000e+03	1.596363e-08	8.831753e-09	0.000000e+00
3.960000e+03	4.000000e+03	1.289061e-08	5.655770e-09	0.000000e+00
4.000000e+03	4.040000e+03	1.305181e-08	6.324302e-09	0.000000e+00
4.040000e+03	4.080000e+03	1.126873e-08	5.469960e-09	0.000000e+00
4.080000e+03	4.120000e+03	7.855627e-09	2.483820e-09	0.000000e+00
4.120000e+03	4.160000e+03	8.296677e-09	4.014455e-09	0.000000e+00
4.160000e+03	4.200000e+03	8.185205e-09	3.716042e-09	0.000000e+00
4.200000e+03	4.240000e+03	8.099515e-09	4.583310e-09	0.000000e+00
4.240000e+03	4.280000e+03	6.028742e-09	3.184822e-09	0.000000e+00
4.280000e+03	4.320000e+03	7.180285e-09	3.826240e-09	0.000000e+00
4.320000e+03	4.360000e+03	4.955192e-09	6.122250e-10	0.000000e+00
4.360000e+03	4.400000e+03	4.701198e-09	2.328184e-09	0.000000e+00
4.400000e+03	4.440000e+03	5.064673e-09	2.934038e-09	0.000000e+00
4.440000e+03	4.480000e+03	3.176315e-09	6.503500e-11	4.130725e-10
4.480000e+03	4.520000e+03	3.234343e-09	1.025265e-09	0.000000e+00
4.520000e+03	4.560000e+03	2.297570e-09	4.409500e-10	0.000000e+00
4.560000e+03	4.600000e+03	2.780472e-09	1.416040e-09	0.000000e+00
4.600000e+03	4.640000e+03	1.885371e-09	6.349315e-10	0.000000e+00
4.640000e+03	4.680000e+03	2.229133e-09	1.370258e-09	0.000000e+00
4.680000e+03	4.720000e+03	2.201064e-09	1.398198e-09	0.000000e+00
4.720000e+03	4.760000e+03	2.286845e-09	6.888375e-10	0.000000e+00
4.760000e+03	4.800000e+03	1.505869e-09	4.283940e-10	0.000000e+00
4.800000e+03	4.840000e+03	1.163199e-09	1.439880e-10	4.073393e-10
4.840000e+03	4.880000e+03	1.388947e-09	5.033350e-10	0.000000e+00
4.880000e+03	4.920000e+03	1.110384e-09	3.954828e-10	2.952650e-11
4.920000e+03	4.960000e+03	1.020433e-09	5.210967e-10	0.000000e+00
4.960000e+03	5.000000e+03	1.150333e-09	6.974343e-10	0.000000e+00
5.000000e+03	5.040000e+03	1.250261e-09	5.742400e-10	0.000000e+00
5.040000e+03	5.080000e+03	4.892560e-10	0.000000e+00	1.790147e-10
5.080000e+03	5.120000e+03	1.135593e-09	7.109060e-10	0.000000e+00
5.120000e+03	5.160000e+03	8.527628e-10	4.733658e-10	5.746550e-11
5.160000e+03	5.200000e+03	5.721665e-10	1.141300e-10	1.189835e-10
5.200000e+03	5.240000e+03	4.563972e-10	3.519543e-10	7.001325e-11
5.240000e+03	5.280000e+03	4.133385e-10	1.951725e-10	0.000000e+00
5.280000e+03	5.320000e+03	4.768620e-10	2.336907e-10	0.000000e+00
5.320000e+03	5.360000e+03	2.359739e-10	5.605240e-11	4.571789e-10
5.360000e+03	5.400000e+03	3.012398e-10	7.561457e-11	7.523250e-11
5.400000e+03	5.440000e+03	3.480725e-10	4.130707e-10	0.000000e+00
5.440000e+03	5.480000e+03	1.245572e-10	0.000000e+00	2.154118e-10
5.480000e+03	5.520000e+03	5.676362e-10	3.206570e-10	0.000000e+00
5.520000e+03	5.560000e+03	1.532313e-10	0.000000e+00	5.522112e-11
5.560000e+03	5.600000e+03	1.937302e-10	1.418887e-10	0.000000e+00
5.600000e+03	5.640000e+03	2.451282e-10	2.131082e-10	0.000000e+00
5.640000e+03	5.680000e+03	3.166887e-10	1.952637e-10	0.000000e+00
5.680000e+03	5.720000e+03	9.702070e-11	8.328234e-11	3.140152e-11
5.720000e+03	5.760000e+03	1.816076e-10	9.958645e-11	0.000000e+00
5.760000e+03	5.800000e+03	1.206030e-10	9.259088e-11	0.000000e+00
5.800000e+03	5.840000e+03	1.142335e-10	6.318695e-11	0.000000e+00
5.840000e+03	5.880000e+03	1.932541e-10	1.451588e-10	0.000000e+00
5.880000e+03	5.920000e+03	1.042001e-10	4.305023e-11	0.000000e+00
5.920000e+03	5.960000e+03	8.208388e-11	3.425978e-11	7.278000e-13
5.960000e+03	6.000000e+03	8.806707e-11	6.358232e-11	0.000000e+00
# END HISTO1D

