# BEGIN PLOT
Scale=1000.0
DrawOnly=//homes/tinghua1/Merging-Project/Production/HJETS/ratio-plots/hjets-vbfnlo/H-N2-N3-4-25gev-combine.yoda/MC_H2JETS_04_LOOSE/j3j4_mass //homes/tinghua1/Merging-Project/Production/HJETS/ratio-plots/hjets-vbfnlo/H-N2-N3-4-25gev-vbfnlo-combine.yoda/MC_H2JETS_04_LOOSE/j3j4_mass //homes/tinghua1/Merging-Project/Production/HJETS/ratio-plots/hjets-vbfnlo/H-N2-3-4-25gev-combine.yoda/MC_H2JETS_04_LOOSE/j3j4_mass //homes/tinghua1/Merging-Project/Production/HJETS/ratio-plots/hjets-vbfnlo/H-N2-3-4-25gev-vbfnlo-combine.yoda/MC_H2JETS_04_LOOSE/j3j4_mass //homes/tinghua1/Merging-Project/Production/HJETS/ratio-plots/hjets-vbfnlo/H-2-3-4-25gev-combine.yoda/MC_H2JETS_04_LOOSE/j3j4_mass //homes/tinghua1/Merging-Project/Production/HJETS/ratio-plots/hjets-vbfnlo/H-2-3-4-25gev-vbfnlo-combine.yoda/MC_H2JETS_04_LOOSE/j3j4_mass //homes/tinghua1/Merging-Project/Production/HJETS/ratio-plots/hjets-vbfnlo/H-2-3-25gev-combine.yoda/MC_H2JETS_04_LOOSE/j3j4_mass //homes/tinghua1/Merging-Project/Production/HJETS/ratio-plots/hjets-vbfnlo/H-2-3-25gev-vbfnlo-combine.yoda/MC_H2JETS_04_LOOSE/j3j4_mass
RightMargin=0.5
RatioPlotReference=//homes/tinghua1/Merging-Project/Production/HJETS/ratio-plots/hjets-vbfnlo/H-N2-N3-4-25gev-combine.yoda/MC_H2JETS_04_LOOSE/j3j4_mass
#RatioPlot=1
LogY=1
RatioPlotYMax=2.0
RatioPlotYLabel=Ratio
#LegendOnly=//homes/tinghua1/Merging-Project/Production/HJETS/ratio-plots/hjets-vbfnlo/H-N2-N3-4-25gev-combine.yoda/MC_H2JETS_04_LOOSE/j3j4_mass //homes/tinghua1/Merging-Project/Production/HJETS/ratio-plots/hjets-vbfnlo/H-N2-N3-4-25gev-vbfnlo-combine.yoda/MC_H2JETS_04_LOOSE/j3j4_mass //homes/tinghua1/Merging-Project/Production/HJETS/ratio-plots/hjets-vbfnlo/H-N2-3-4-25gev-combine.yoda/MC_H2JETS_04_LOOSE/j3j4_mass //homes/tinghua1/Merging-Project/Production/HJETS/ratio-plots/hjets-vbfnlo/H-N2-3-4-25gev-vbfnlo-combine.yoda/MC_H2JETS_04_LOOSE/j3j4_mass //homes/tinghua1/Merging-Project/Production/HJETS/ratio-plots/hjets-vbfnlo/H-2-3-4-25gev-combine.yoda/MC_H2JETS_04_LOOSE/j3j4_mass //homes/tinghua1/Merging-Project/Production/HJETS/ratio-plots/hjets-vbfnlo/H-2-3-4-25gev-vbfnlo-combine.yoda/MC_H2JETS_04_LOOSE/j3j4_mass //homes/tinghua1/Merging-Project/Production/HJETS/ratio-plots/hjets-vbfnlo/H-2-3-25gev-combine.yoda/MC_H2JETS_04_LOOSE/j3j4_mass //homes/tinghua1/Merging-Project/Production/HJETS/ratio-plots/hjets-vbfnlo/H-2-3-25gev-vbfnlo-combine.yoda/MC_H2JETS_04_LOOSE/j3j4_mass
XLabel=$m_{j_3j_4}$ (GeV)
LegendAlign=r
XMax=1000
YLabel=$ \text{d} \sigma/ \text{d}  m_{j_3j_4}$ (fb/GeV)
Legend=1
RatioPlot=4
MainPlotSelection={"Selection":[1,2,3,4,5,6,7,8]}
RatioPlots={"RatioPlotYLabel":"","Selection":[1,2]};{"RatioPlotYLabel":"","Selection":[3,4]};{"RatioPlotYLabel":"","Selection":[5,6]};{"RatioPlotYLabel":"","Selection":[7,8]}
RatioPlotSameStyle=1
RatioPlotYMin=0.0
# END PLOT


# BEGIN SPECIAL /MC_H2JETS_04_LOOSE/j3j4_mass
\rput[tl](0.05,0.75){\parbox{5cm}{\textcolor{gray}{{\bf Herwig 7.2.0} \\ HJETS/ColorFull}}}
# END SPECIAL

# BEGIN HISTO1D //homes/tinghua1/Merging-Project/Production/HJETS/ratio-plots/hjets-vbfnlo/H-N2-N3-4-25gev-combine.yoda/MC_H2JETS_04_LOOSE/j3j4_mass
ErrorBandColor=orange
ErrorBandOpacity=0.3
ErrorBands=1
ErrorType=env
LineColor=orange
LineStyle=solid
Path=//homes/tinghua1/Merging-Project/Production/HJETS/ratio-plots/hjets-vbfnlo/H-N2-N3-4-25gev-combine.yoda/MC_H2JETS_04_LOOSE/j3j4_mass
RatioPlotSameStyle=1
Title=h(2*,3*,4)
# xlow	 xhigh	 val	 errminus	 errplus
0.000000e+00	4.000000e+01	3.201015e-04	2.139075e-05	5.715500e-05
4.000000e+01	8.000000e+01	6.397412e-04	7.018200e-05	1.090790e-04
8.000000e+01	1.200000e+02	4.483588e-04	4.384350e-05	3.801925e-05
1.200000e+02	1.600000e+02	2.520953e-04	3.753565e-05	1.302600e-05
1.600000e+02	2.000000e+02	1.485928e-04	1.153222e-05	1.737503e-05
2.000000e+02	2.400000e+02	1.176426e-04	1.887717e-05	0.000000e+00
2.400000e+02	2.800000e+02	8.430318e-05	1.112983e-05	1.032665e-05
2.800000e+02	3.200000e+02	6.400953e-05	3.821450e-06	6.920525e-06
3.200000e+02	3.600000e+02	5.660267e-05	0.000000e+00	8.457050e-06
3.600000e+02	4.000000e+02	4.541340e-05	4.623575e-06	9.384575e-06
4.000000e+02	4.400000e+02	3.852510e-05	3.842350e-06	4.445125e-06
4.400000e+02	4.800000e+02	3.380640e-05	1.560250e-06	5.516650e-06
4.800000e+02	5.200000e+02	2.871440e-05	3.003100e-06	9.943075e-06
5.200000e+02	5.600000e+02	2.352252e-05	1.047343e-06	4.594235e-06
5.600000e+02	6.000000e+02	2.338867e-05	5.573102e-06	2.685280e-06
6.000000e+02	6.400000e+02	1.927520e-05	2.180927e-06	0.000000e+00
6.400000e+02	6.800000e+02	1.782842e-05	2.274698e-06	0.000000e+00
6.800000e+02	7.200000e+02	1.481633e-05	1.891943e-06	1.363475e-07
7.200000e+02	7.600000e+02	1.214269e-05	6.923775e-07	3.437523e-06
7.600000e+02	8.000000e+02	1.043270e-05	3.036450e-07	2.043555e-06
8.000000e+02	8.400000e+02	9.940970e-06	0.000000e+00	1.602375e-06
8.400000e+02	8.800000e+02	8.034840e-06	5.274750e-07	2.105338e-06
8.800000e+02	9.200000e+02	5.338022e-05	4.736539e-05	0.000000e+00
9.200000e+02	9.600000e+02	6.915005e-06	5.539075e-07	1.120987e-06
9.600000e+02	1.000000e+03	7.064825e-06	1.873450e-06	0.000000e+00
1.000000e+03	1.040000e+03	5.733250e-06	7.066425e-07	1.755358e-06
1.040000e+03	1.080000e+03	4.716990e-06	1.598465e-06	0.000000e+00
1.080000e+03	1.120000e+03	4.145435e-06	0.000000e+00	6.090525e-07
1.120000e+03	1.160000e+03	2.816168e-06	7.702723e-07	1.346447e-06
1.160000e+03	1.200000e+03	4.365800e-06	1.542807e-06	0.000000e+00
1.200000e+03	1.240000e+03	3.002580e-06	6.755302e-07	0.000000e+00
1.240000e+03	1.280000e+03	2.744118e-06	7.534093e-07	3.133500e-08
1.280000e+03	1.320000e+03	2.478361e-06	0.000000e+00	1.157091e-06
1.320000e+03	1.360000e+03	2.482547e-06	7.018870e-07	0.000000e+00
1.360000e+03	1.400000e+03	1.504696e-06	0.000000e+00	1.322449e-06
1.400000e+03	1.440000e+03	1.834333e-06	0.000000e+00	3.060037e-07
1.440000e+03	1.480000e+03	1.278060e-06	0.000000e+00	4.318453e-07
1.480000e+03	1.520000e+03	1.360293e-06	3.110125e-08	1.245082e-07
1.520000e+03	1.560000e+03	1.412452e-06	2.307860e-07	0.000000e+00
1.560000e+03	1.600000e+03	1.033473e-06	0.000000e+00	2.426878e-07
1.600000e+03	1.640000e+03	1.031507e-06	8.819500e-09	3.466933e-07
1.640000e+03	1.680000e+03	1.261958e-06	4.331738e-07	0.000000e+00
1.680000e+03	1.720000e+03	9.063467e-07	1.138747e-07	2.608125e-08
1.720000e+03	1.760000e+03	7.691845e-07	8.317425e-08	1.286115e-07
1.760000e+03	1.800000e+03	7.448693e-07	5.225975e-08	0.000000e+00
1.800000e+03	1.840000e+03	4.515333e-07	0.000000e+00	1.280545e-07
1.840000e+03	1.880000e+03	1.176227e-06	6.479458e-07	0.000000e+00
1.880000e+03	1.920000e+03	5.618135e-07	6.805025e-08	0.000000e+00
1.920000e+03	1.960000e+03	4.875560e-07	1.005483e-07	1.847807e-07
1.960000e+03	2.000000e+03	4.337498e-07	1.676097e-07	2.198825e-08
2.000000e+03	2.040000e+03	3.955348e-07	8.975250e-09	7.837950e-08
2.040000e+03	2.080000e+03	2.544543e-07	0.000000e+00	1.748987e-07
2.080000e+03	2.120000e+03	4.192192e-07	1.319140e-07	0.000000e+00
2.120000e+03	2.160000e+03	1.665245e-06	1.649682e-06	0.000000e+00
2.160000e+03	2.200000e+03	4.105475e-07	1.940016e-07	1.814850e-08
2.200000e+03	2.240000e+03	3.077635e-07	1.349825e-06	0.000000e+00
2.240000e+03	2.280000e+03	1.973923e-07	6.177050e-08	5.278167e-08
2.280000e+03	2.320000e+03	1.243723e-07	0.000000e+00	7.838200e-08
2.320000e+03	2.360000e+03	1.910888e-07	1.066717e-07	0.000000e+00
2.360000e+03	2.400000e+03	1.204622e-07	6.709325e-08	5.553050e-09
2.400000e+03	2.440000e+03	1.639295e-07	3.655075e-08	8.836130e-08
2.440000e+03	2.480000e+03	5.096793e-07	3.512195e-07	0.000000e+00
2.480000e+03	2.520000e+03	3.442383e-08	1.427632e-07	7.329057e-08
2.520000e+03	2.560000e+03	1.415374e-07	7.675183e-08	7.032165e-08
2.560000e+03	2.600000e+03	1.903139e-07	1.098536e-07	0.000000e+00
2.600000e+03	2.640000e+03	9.023463e-08	1.410063e-08	1.593882e-08
2.640000e+03	2.680000e+03	1.198696e-07	6.832635e-08	0.000000e+00
2.680000e+03	2.720000e+03	6.732020e-08	0.000000e+00	8.398927e-08
2.720000e+03	2.760000e+03	6.383555e-08	4.599225e-09	0.000000e+00
2.760000e+03	2.800000e+03	4.490180e-08	3.688075e-09	0.000000e+00
2.800000e+03	2.840000e+03	4.881762e-08	2.916759e-08	0.000000e+00
2.840000e+03	2.880000e+03	8.969110e-08	5.429952e-08	0.000000e+00
2.880000e+03	2.920000e+03	4.534165e-08	0.000000e+00	4.006030e-08
2.920000e+03	2.960000e+03	6.958960e-08	5.205855e-08	0.000000e+00
2.960000e+03	3.000000e+03	4.329562e-08	1.444762e-08	0.000000e+00
3.000000e+03	3.040000e+03	5.556205e-08	3.221781e-08	0.000000e+00
3.040000e+03	3.080000e+03	3.996600e-08	2.398852e-08	0.000000e+00
3.080000e+03	3.120000e+03	2.407605e-08	2.317005e-09	1.028330e-08
3.120000e+03	3.160000e+03	2.483035e-08	2.842705e-09	0.000000e+00
3.160000e+03	3.200000e+03	1.578132e-08	3.553998e-08	2.480840e-08
3.200000e+03	3.240000e+03	4.768560e-08	2.199665e-08	0.000000e+00
3.240000e+03	3.280000e+03	1.094793e-08	1.089063e-09	6.072917e-09
3.280000e+03	3.320000e+03	1.031024e-08	0.000000e+00	9.134598e-09
3.320000e+03	3.360000e+03	2.496661e-08	1.888348e-08	1.628744e-08
3.360000e+03	3.400000e+03	2.038397e-08	2.780200e-08	0.000000e+00
3.400000e+03	3.440000e+03	1.101015e-08	0.000000e+00	5.301480e-09
3.440000e+03	3.480000e+03	1.011246e-08	1.679512e-09	0.000000e+00
3.480000e+03	3.520000e+03	8.411473e-09	1.442767e-09	3.277208e-09
3.520000e+03	3.560000e+03	1.093690e-08	3.347325e-09	2.548051e-07
3.560000e+03	3.600000e+03	1.059726e-08	5.734213e-09	7.545925e-10
3.600000e+03	3.640000e+03	7.307593e-09	0.000000e+00	1.195595e-09
3.640000e+03	3.680000e+03	1.060571e-08	7.271387e-09	0.000000e+00
3.680000e+03	3.720000e+03	5.962480e-09	0.000000e+00	1.208273e-08
3.720000e+03	3.760000e+03	1.251038e-10	1.440693e-09	7.773276e-09
3.760000e+03	3.800000e+03	3.862475e-09	7.394100e-10	5.416010e-09
3.800000e+03	3.840000e+03	1.263463e-08	8.195423e-09	0.000000e+00
3.840000e+03	3.880000e+03	2.135760e-09	1.521716e-09	0.000000e+00
3.880000e+03	3.920000e+03	2.660360e-09	5.325503e-10	2.290637e-09
3.920000e+03	3.960000e+03	1.461663e-09	2.127370e-10	9.283823e-09
3.960000e+03	4.000000e+03	9.556455e-10	0.000000e+00	9.595524e-09
4.000000e+03	4.040000e+03	2.362446e-09	0.000000e+00	1.524608e-08
4.040000e+03	4.080000e+03	3.596455e-09	2.737933e-09	8.611825e-10
4.080000e+03	4.120000e+03	2.311992e-09	3.772923e-09	0.000000e+00
4.120000e+03	4.160000e+03	1.464772e-09	0.000000e+00	5.547630e-10
4.160000e+03	4.200000e+03	2.497554e-09	2.159148e-09	0.000000e+00
4.200000e+03	4.240000e+03	-1.661746e-08	0.000000e+00	1.797134e-08
4.240000e+03	4.280000e+03	6.834442e-09	6.143713e-09	0.000000e+00
4.280000e+03	4.320000e+03	9.527183e-10	3.360228e-10	1.011265e-09
4.320000e+03	4.360000e+03	1.940958e-09	1.515251e-09	0.000000e+00
4.360000e+03	4.400000e+03	-5.991015e-09	4.640188e-09	6.885575e-09
4.400000e+03	4.440000e+03	7.860655e-09	1.423745e-08	0.000000e+00
4.440000e+03	4.480000e+03	5.188063e-10	0.000000e+00	2.417619e-09
4.480000e+03	4.520000e+03	3.475813e-10	1.149737e-10	7.833222e-10
4.520000e+03	4.560000e+03	1.065448e-09	4.994765e-10	0.000000e+00
4.560000e+03	4.600000e+03	1.601876e-09	4.301516e-09	0.000000e+00
4.600000e+03	4.640000e+03	1.354973e-09	1.444112e-09	0.000000e+00
4.640000e+03	4.680000e+03	2.229172e-09	2.090841e-09	0.000000e+00
4.680000e+03	4.720000e+03	1.989495e-09	1.568990e-09	0.000000e+00
4.720000e+03	4.760000e+03	3.266415e-10	1.484425e-11	5.172665e-10
4.760000e+03	4.800000e+03	4.673780e-10	3.953382e-10	4.360307e-10
4.800000e+03	4.840000e+03	1.401227e-10	0.000000e+00	9.295618e-10
4.840000e+03	4.880000e+03	5.017885e-09	4.860783e-09	0.000000e+00
4.880000e+03	4.920000e+03	4.440537e-10	2.609242e-10	3.097925e-11
4.920000e+03	4.960000e+03	4.091603e-10	2.487218e-10	6.047725e-11
4.960000e+03	5.000000e+03	5.974283e-10	5.124479e-10	2.094907e-09
5.000000e+03	5.040000e+03	-9.131160e-11	0.000000e+00	5.384903e-10
5.040000e+03	5.080000e+03	9.969732e-10	9.518167e-10	0.000000e+00
5.080000e+03	5.120000e+03	6.445870e-10	8.432100e-11	0.000000e+00
5.120000e+03	5.160000e+03	7.664135e-11	0.000000e+00	1.117992e-10
5.160000e+03	5.200000e+03	4.016147e-10	1.514125e-10	1.073640e-10
5.200000e+03	5.240000e+03	2.053110e-10	1.848370e-11	7.309252e-10
5.240000e+03	5.280000e+03	1.796926e-11	0.000000e+00	3.589727e-10
5.280000e+03	5.320000e+03	1.438099e-10	1.099561e-10	0.000000e+00
5.320000e+03	5.360000e+03	2.656095e-11	0.000000e+00	1.290947e-10
5.360000e+03	5.400000e+03	5.270618e-11	6.986975e-12	1.108561e-09
5.400000e+03	5.440000e+03	2.182300e-11	1.490385e-11	9.784975e-12
5.440000e+03	5.480000e+03	3.079852e-10	2.883359e-10	4.160625e-10
5.480000e+03	5.520000e+03	2.142525e-11	0.000000e+00	2.634032e-11
5.520000e+03	5.560000e+03	1.507588e-09	1.461557e-09	0.000000e+00
5.560000e+03	5.600000e+03	1.102811e-11	0.000000e+00	1.086958e-10
5.600000e+03	5.640000e+03	2.062221e-10	2.038696e-10	0.000000e+00
5.640000e+03	5.680000e+03	4.805667e-11	3.731368e-11	0.000000e+00
5.680000e+03	5.720000e+03	1.773500e-11	6.237425e-13	1.921466e-10
5.720000e+03	5.760000e+03	3.070238e-11	0.000000e+00	1.137751e-09
5.760000e+03	5.800000e+03	1.467288e-10	1.434270e-10	0.000000e+00
5.800000e+03	5.840000e+03	2.706170e-11	2.397744e-11	1.752082e-11
5.840000e+03	5.880000e+03	1.541397e-11	4.152862e-12	2.055073e-11
5.880000e+03	5.920000e+03	5.031860e-13	0.000000e+00	4.082734e-12
5.920000e+03	5.960000e+03	4.651760e-12	0.000000e+00	7.079979e-11
5.960000e+03	6.000000e+03	-3.621038e-10	0.000000e+00	4.010740e-10
# END HISTO1D


# BEGIN HISTO1D //homes/tinghua1/Merging-Project/Production/HJETS/ratio-plots/hjets-vbfnlo/H-N2-N3-4-25gev-vbfnlo-combine.yoda/MC_H2JETS_04_LOOSE/j3j4_mass
ErrorBandColor=red
ErrorBandOpacity=0.3
ErrorBands=1
ErrorType=env
LineColor=red
LineStyle=solid
Path=//homes/tinghua1/Merging-Project/Production/HJETS/ratio-plots/hjets-vbfnlo/H-N2-N3-4-25gev-vbfnlo-combine.yoda/MC_H2JETS_04_LOOSE/j3j4_mass
RatioPlotSameStyle=1
Title=h(2*,3*,4)-vbfnlo
# xlow	 xhigh	 val	 errminus	 errplus
0.000000e+00	4.000000e+01	2.443790e-04	0.000000e+00	3.879877e-05
4.000000e+01	8.000000e+01	3.606035e-04	0.000000e+00	5.190250e-05
8.000000e+01	1.200000e+02	2.116634e-04	0.000000e+00	3.612905e-05
1.200000e+02	1.600000e+02	1.085557e-04	0.000000e+00	1.605640e-05
1.600000e+02	2.000000e+02	7.391102e-05	0.000000e+00	9.145525e-06
2.000000e+02	2.400000e+02	5.594850e-05	0.000000e+00	1.050595e-05
2.400000e+02	2.800000e+02	4.565707e-05	0.000000e+00	9.687275e-06
2.800000e+02	3.200000e+02	4.098553e-05	0.000000e+00	1.259460e-05
3.200000e+02	3.600000e+02	3.234250e-05	0.000000e+00	8.399275e-06
3.600000e+02	4.000000e+02	2.848870e-05	0.000000e+00	6.943625e-06
4.000000e+02	4.400000e+02	2.520170e-05	0.000000e+00	5.152600e-06
4.400000e+02	4.800000e+02	2.354549e-05	2.235093e-06	1.566012e-06
4.800000e+02	5.200000e+02	2.034004e-05	0.000000e+00	1.769685e-06
5.200000e+02	5.600000e+02	1.829502e-05	0.000000e+00	2.441235e-06
5.600000e+02	6.000000e+02	1.602804e-05	0.000000e+00	2.714230e-06
6.000000e+02	6.400000e+02	1.408701e-05	0.000000e+00	2.549872e-06
6.400000e+02	6.800000e+02	1.051009e-05	0.000000e+00	3.372862e-06
6.800000e+02	7.200000e+02	1.114529e-05	0.000000e+00	2.170148e-06
7.200000e+02	7.600000e+02	9.444487e-06	0.000000e+00	3.180180e-06
7.600000e+02	8.000000e+02	8.561625e-06	0.000000e+00	2.240100e-06
8.000000e+02	8.400000e+02	7.684697e-06	0.000000e+00	1.000977e-06
8.400000e+02	8.800000e+02	6.879213e-06	0.000000e+00	5.603500e-07
8.800000e+02	9.200000e+02	5.493235e-06	0.000000e+00	1.254790e-06
9.200000e+02	9.600000e+02	5.188653e-06	0.000000e+00	9.761550e-07
9.600000e+02	1.000000e+03	4.897425e-06	0.000000e+00	7.099925e-07
1.000000e+03	1.040000e+03	4.400377e-06	0.000000e+00	5.732050e-07
1.040000e+03	1.080000e+03	3.643185e-06	0.000000e+00	7.564200e-07
1.080000e+03	1.120000e+03	4.915412e-06	1.058675e-06	0.000000e+00
1.120000e+03	1.160000e+03	3.350645e-06	0.000000e+00	5.219025e-07
1.160000e+03	1.200000e+03	3.304672e-06	3.563825e-07	0.000000e+00
1.200000e+03	1.240000e+03	2.500368e-06	5.939050e-08	3.978775e-07
1.240000e+03	1.280000e+03	2.069448e-06	0.000000e+00	8.975240e-07
1.280000e+03	1.320000e+03	1.987252e-06	8.191200e-08	6.897282e-07
1.320000e+03	1.360000e+03	1.902257e-06	0.000000e+00	2.584302e-07
1.360000e+03	1.400000e+03	1.678145e-06	5.489062e-07	9.746775e-08
1.400000e+03	1.440000e+03	1.786523e-06	3.554775e-08	3.952222e-07
1.440000e+03	1.480000e+03	1.375783e-06	0.000000e+00	1.983207e-07
1.480000e+03	1.520000e+03	1.230649e-06	3.981600e-08	2.662897e-07
1.520000e+03	1.560000e+03	1.015584e-06	0.000000e+00	2.455007e-07
1.560000e+03	1.600000e+03	9.237518e-07	0.000000e+00	2.659292e-07
1.600000e+03	1.640000e+03	8.407383e-07	0.000000e+00	3.218995e-07
1.640000e+03	1.680000e+03	8.876900e-07	0.000000e+00	4.989700e-07
1.680000e+03	1.720000e+03	6.847652e-07	1.709407e-07	0.000000e+00
1.720000e+03	1.760000e+03	6.938535e-07	1.615000e-10	1.093943e-07
1.760000e+03	1.800000e+03	6.251985e-07	0.000000e+00	7.211950e-08
1.800000e+03	1.840000e+03	6.950448e-07	6.140800e-08	5.404425e-08
1.840000e+03	1.880000e+03	4.898543e-07	0.000000e+00	1.333082e-07
1.880000e+03	1.920000e+03	4.288402e-07	7.064000e-08	0.000000e+00
1.920000e+03	1.960000e+03	3.646090e-07	2.301000e-09	2.905660e-07
1.960000e+03	2.000000e+03	3.666855e-07	2.901500e-09	8.055950e-08
2.000000e+03	2.040000e+03	3.452607e-07	1.548650e-08	1.533600e-08
2.040000e+03	2.080000e+03	2.778145e-07	0.000000e+00	6.455300e-08
2.080000e+03	2.120000e+03	2.178131e-07	0.000000e+00	9.355995e-08
2.120000e+03	2.160000e+03	2.835670e-07	1.682250e-09	3.402300e-08
2.160000e+03	2.200000e+03	2.423430e-07	1.930813e-08	2.591375e-08
2.200000e+03	2.240000e+03	2.198262e-07	1.654140e-08	4.052903e-08
2.240000e+03	2.280000e+03	1.944421e-07	0.000000e+00	5.155900e-08
2.280000e+03	2.320000e+03	1.637440e-07	0.000000e+00	3.315772e-08
2.320000e+03	2.360000e+03	1.783998e-07	5.356912e-08	5.108280e-08
2.360000e+03	2.400000e+03	1.471342e-07	0.000000e+00	2.021130e-08
2.400000e+03	2.440000e+03	1.213344e-07	0.000000e+00	1.030012e-07
2.440000e+03	2.480000e+03	1.083247e-07	0.000000e+00	5.979228e-08
2.480000e+03	2.520000e+03	1.148541e-07	1.032920e-08	8.811550e-09
2.520000e+03	2.560000e+03	6.664810e-08	5.339236e-07	3.706037e-08
2.560000e+03	2.600000e+03	1.076678e-07	6.242900e-09	3.306395e-08
2.600000e+03	2.640000e+03	8.060737e-08	0.000000e+00	2.896393e-08
2.640000e+03	2.680000e+03	6.063393e-08	0.000000e+00	4.904193e-08
2.680000e+03	2.720000e+03	4.505468e-08	0.000000e+00	2.359860e-08
2.720000e+03	2.760000e+03	4.288640e-08	0.000000e+00	2.416433e-08
2.760000e+03	2.800000e+03	5.201500e-08	2.232882e-08	4.236630e-08
2.800000e+03	2.840000e+03	4.111275e-08	0.000000e+00	3.538715e-08
2.840000e+03	2.880000e+03	4.123797e-08	0.000000e+00	1.661660e-08
2.880000e+03	2.920000e+03	2.229938e-08	1.813849e-08	0.000000e+00
2.920000e+03	2.960000e+03	6.433430e-08	2.001528e-08	0.000000e+00
2.960000e+03	3.000000e+03	3.260097e-08	0.000000e+00	1.745568e-08
3.000000e+03	3.040000e+03	3.009140e-08	1.445075e-09	3.081875e-09
3.040000e+03	3.080000e+03	-7.349490e-09	0.000000e+00	3.652202e-08
3.080000e+03	3.120000e+03	2.525615e-08	1.107003e-09	5.510025e-09
3.120000e+03	3.160000e+03	4.756023e-09	0.000000e+00	2.274420e-08
3.160000e+03	3.200000e+03	2.269668e-08	5.922925e-09	5.299098e-09
3.200000e+03	3.240000e+03	1.627411e-08	1.942250e-10	5.601975e-09
3.240000e+03	3.280000e+03	1.455791e-08	0.000000e+00	4.087870e-09
3.280000e+03	3.320000e+03	8.691487e-09	0.000000e+00	1.487154e-08
3.320000e+03	3.360000e+03	2.019016e-08	1.034557e-08	0.000000e+00
3.360000e+03	3.400000e+03	9.973890e-09	1.148973e-09	1.371025e-08
3.400000e+03	3.440000e+03	1.049164e-08	1.539855e-09	3.092727e-09
3.440000e+03	3.480000e+03	9.938358e-09	7.659847e-09	2.996900e-09
3.480000e+03	3.520000e+03	8.129715e-09	5.577500e-10	2.327282e-09
3.520000e+03	3.560000e+03	3.097120e-09	0.000000e+00	1.264551e-08
3.560000e+03	3.600000e+03	2.477341e-09	0.000000e+00	1.019105e-08
3.600000e+03	3.640000e+03	7.179185e-09	0.000000e+00	3.733725e-09
3.640000e+03	3.680000e+03	1.122969e-08	5.977080e-09	8.719125e-10
3.680000e+03	3.720000e+03	3.501502e-09	0.000000e+00	2.792975e-09
3.720000e+03	3.760000e+03	4.032925e-09	2.465122e-08	5.133088e-09
3.760000e+03	3.800000e+03	7.423098e-09	1.674325e-09	2.251780e-09
3.800000e+03	3.840000e+03	2.219739e-09	0.000000e+00	4.294169e-09
3.840000e+03	3.880000e+03	7.943720e-09	2.378767e-09	1.983135e-08
3.880000e+03	3.920000e+03	5.987060e-09	1.324480e-09	0.000000e+00
3.920000e+03	3.960000e+03	8.185445e-09	9.658476e-09	0.000000e+00
3.960000e+03	4.000000e+03	2.998500e-09	0.000000e+00	6.610775e-10
4.000000e+03	4.040000e+03	9.598910e-10	0.000000e+00	3.556582e-09
4.040000e+03	4.080000e+03	4.085970e-09	0.000000e+00	4.717173e-09
4.080000e+03	4.120000e+03	6.885980e-09	4.439361e-09	0.000000e+00
4.120000e+03	4.160000e+03	1.315357e-09	1.801721e-09	0.000000e+00
4.160000e+03	4.200000e+03	1.671432e-09	0.000000e+00	1.629206e-09
4.200000e+03	4.240000e+03	1.139861e-09	1.453863e-09	1.101645e-10
4.240000e+03	4.280000e+03	1.502370e-09	1.055778e-10	5.883840e-10
4.280000e+03	4.320000e+03	1.312498e-09	1.470260e-10	1.466630e-10
4.320000e+03	4.360000e+03	1.011342e-09	4.549275e-11	3.332448e-10
4.360000e+03	4.400000e+03	1.258884e-09	0.000000e+00	7.802938e-10
4.400000e+03	4.440000e+03	1.503890e-09	4.446993e-10	2.705598e-10
4.440000e+03	4.480000e+03	2.199414e-10	0.000000e+00	9.495931e-10
4.480000e+03	4.520000e+03	-7.335850e-10	0.000000e+00	1.707394e-09
4.520000e+03	4.560000e+03	3.487560e-10	1.621567e-09	1.417793e-09
4.560000e+03	4.600000e+03	5.620552e-10	0.000000e+00	3.424873e-10
4.600000e+03	4.640000e+03	7.475670e-10	0.000000e+00	1.797063e-09
4.640000e+03	4.680000e+03	2.224142e-09	1.353918e-09	0.000000e+00
4.680000e+03	4.720000e+03	9.310443e-10	2.008473e-10	3.749850e-10
4.720000e+03	4.760000e+03	7.160165e-10	1.030715e-09	0.000000e+00
4.760000e+03	4.800000e+03	5.203487e-10	3.261655e-10	6.850275e-10
4.800000e+03	4.840000e+03	2.437802e-10	0.000000e+00	1.627316e-10
4.840000e+03	4.880000e+03	3.352498e-10	8.543030e-11	4.082775e-11
4.880000e+03	4.920000e+03	3.887380e-10	1.787609e-10	3.825630e-10
4.920000e+03	4.960000e+03	9.853645e-10	6.732497e-10	0.000000e+00
4.960000e+03	5.000000e+03	2.766215e-10	2.318531e-10	5.120625e-11
5.000000e+03	5.040000e+03	2.680210e-10	6.413250e-11	1.936450e-11
5.040000e+03	5.080000e+03	4.968958e-10	1.810134e-09	0.000000e+00
5.080000e+03	5.120000e+03	7.641307e-11	2.972077e-10	0.000000e+00
5.120000e+03	5.160000e+03	2.036647e-10	6.445157e-10	0.000000e+00
5.160000e+03	5.200000e+03	8.918703e-10	7.972092e-10	0.000000e+00
5.200000e+03	5.240000e+03	9.960182e-11	1.669117e-10	3.748552e-10
5.240000e+03	5.280000e+03	2.014861e-10	1.681299e-10	0.000000e+00
5.280000e+03	5.320000e+03	1.418533e-10	4.998950e-11	0.000000e+00
5.320000e+03	5.360000e+03	1.941203e-10	1.345908e-10	0.000000e+00
5.360000e+03	5.400000e+03	8.672123e-11	0.000000e+00	2.785228e-10
5.400000e+03	5.440000e+03	-2.806327e-11	2.312777e-10	1.296671e-10
5.440000e+03	5.480000e+03	1.002423e-10	2.319817e-11	2.737667e-11
5.480000e+03	5.520000e+03	3.804175e-11	6.089025e-12	5.071985e-11
5.520000e+03	5.560000e+03	3.216623e-11	0.000000e+00	4.604218e-10
5.560000e+03	5.600000e+03	1.380710e-10	1.596894e-10	5.504053e-10
5.600000e+03	5.640000e+03	6.290830e-11	7.655650e-12	3.778467e-10
5.640000e+03	5.680000e+03	3.994277e-11	0.000000e+00	1.525036e-10
5.680000e+03	5.720000e+03	2.833425e-11	9.205472e-11	0.000000e+00
5.720000e+03	5.760000e+03	1.859684e-11	0.000000e+00	1.674661e-10
5.760000e+03	5.800000e+03	7.166732e-11	4.975675e-11	3.604915e-11
5.800000e+03	5.840000e+03	7.502730e-11	6.228010e-11	1.338914e-10
5.840000e+03	5.880000e+03	3.269303e-11	3.716043e-10	6.975750e-13
5.880000e+03	5.920000e+03	-1.796423e-10	0.000000e+00	2.288232e-10
5.920000e+03	5.960000e+03	-1.845956e-13	3.652492e-10	1.956660e-11
5.960000e+03	6.000000e+03	2.770617e-12	0.000000e+00	7.020146e-11
# END HISTO1D


# BEGIN HISTO1D //homes/tinghua1/Merging-Project/Production/HJETS/ratio-plots/hjets-vbfnlo/H-N2-3-4-25gev-combine.yoda/MC_H2JETS_04_LOOSE/j3j4_mass
ErrorBandColor=blue
ErrorBandOpacity=0.3
ErrorBands=1
ErrorType=env
LineColor=blue
LineStyle=solid
Path=//homes/tinghua1/Merging-Project/Production/HJETS/ratio-plots/hjets-vbfnlo/H-N2-3-4-25gev-combine.yoda/MC_H2JETS_04_LOOSE/j3j4_mass
RatioPlotSameStyle=1
Title=h(2*,3,4)
# xlow	 xhigh	 val	 errminus	 errplus
0.000000e+00	4.000000e+01	3.235100e-04	3.994200e-05	8.460225e-05
4.000000e+01	8.000000e+01	6.281630e-04	9.111750e-05	1.126717e-04
8.000000e+01	1.200000e+02	4.372890e-04	5.730550e-05	6.971200e-05
1.200000e+02	1.600000e+02	2.351352e-04	3.923060e-05	3.739975e-05
1.600000e+02	2.000000e+02	1.479293e-04	2.404255e-05	2.778650e-05
2.000000e+02	2.400000e+02	1.055692e-04	1.418730e-05	2.211715e-05
2.400000e+02	2.800000e+02	8.008043e-05	1.104358e-05	1.844557e-05
2.800000e+02	3.200000e+02	6.579347e-05	1.060720e-05	1.276905e-05
3.200000e+02	3.600000e+02	5.399095e-05	8.048625e-06	1.000805e-05
3.600000e+02	4.000000e+02	4.582227e-05	7.923550e-06	8.171150e-06
4.000000e+02	4.400000e+02	3.847410e-05	6.701300e-06	6.454275e-06
4.400000e+02	4.800000e+02	3.826235e-05	1.119195e-05	0.000000e+00
4.800000e+02	5.200000e+02	2.732970e-05	4.190160e-06	4.747275e-06
5.200000e+02	5.600000e+02	2.377360e-05	4.386820e-06	7.662105e-06
5.600000e+02	6.000000e+02	1.972785e-05	2.686072e-06	6.669275e-06
6.000000e+02	6.400000e+02	1.756310e-05	1.774048e-06	3.831062e-06
6.400000e+02	6.800000e+02	1.567179e-05	1.765000e-06	3.401005e-06
6.800000e+02	7.200000e+02	1.380730e-05	1.641830e-06	3.110240e-06
7.200000e+02	7.600000e+02	1.222836e-05	2.853035e-06	2.759255e-06
7.600000e+02	8.000000e+02	1.148890e-05	2.183903e-06	1.658445e-06
8.000000e+02	8.400000e+02	9.747733e-06	1.386938e-06	1.641862e-06
8.400000e+02	8.800000e+02	8.134965e-06	8.792425e-07	1.979685e-06
8.800000e+02	9.200000e+02	7.162730e-06	6.193550e-07	2.285530e-06
9.200000e+02	9.600000e+02	6.442110e-06	4.670050e-07	1.713598e-06
9.600000e+02	1.000000e+03	5.955002e-06	1.017053e-06	1.795953e-06
1.000000e+03	1.040000e+03	5.452785e-06	1.134620e-06	0.000000e+00
1.040000e+03	1.080000e+03	4.562613e-06	9.239825e-07	1.392727e-06
1.080000e+03	1.120000e+03	3.927020e-06	6.877075e-07	1.258882e-06
1.120000e+03	1.160000e+03	3.929838e-06	7.089425e-07	8.679600e-07
1.160000e+03	1.200000e+03	3.459403e-06	6.498575e-07	6.616250e-07
1.200000e+03	1.240000e+03	2.488073e-06	0.000000e+00	1.456257e-06
1.240000e+03	1.280000e+03	2.750595e-06	5.405695e-07	1.239350e-06
1.280000e+03	1.320000e+03	2.552160e-06	5.832102e-07	4.474775e-07
1.320000e+03	1.360000e+03	2.110270e-06	2.786435e-07	4.939850e-07
1.360000e+03	1.400000e+03	2.189094e-06	6.832528e-07	2.814770e-07
1.400000e+03	1.440000e+03	1.731876e-06	3.334290e-07	1.228625e-08
1.440000e+03	1.480000e+03	1.881152e-06	5.241927e-07	3.644200e-08
1.480000e+03	1.520000e+03	1.450092e-06	4.185552e-07	4.983745e-07
1.520000e+03	1.560000e+03	1.381189e-06	2.486287e-07	0.000000e+00
1.560000e+03	1.600000e+03	1.231562e-06	3.036707e-07	1.474590e-07
1.600000e+03	1.640000e+03	1.078204e-06	3.438273e-07	2.661175e-07
1.640000e+03	1.680000e+03	9.433297e-07	2.610545e-07	2.447815e-07
1.680000e+03	1.720000e+03	7.416005e-07	2.517893e-07	3.277317e-07
1.720000e+03	1.760000e+03	8.379160e-07	1.846845e-07	2.157695e-07
1.760000e+03	1.800000e+03	6.392463e-07	1.214320e-07	1.499605e-07
1.800000e+03	1.840000e+03	6.100228e-07	2.007795e-07	1.313540e-07
1.840000e+03	1.880000e+03	6.679563e-07	2.827880e-07	8.390875e-08
1.880000e+03	1.920000e+03	5.022370e-07	8.580850e-08	1.157810e-07
1.920000e+03	1.960000e+03	5.100493e-07	2.118860e-07	7.716300e-08
1.960000e+03	2.000000e+03	4.395208e-07	1.268468e-07	2.436050e-08
2.000000e+03	2.040000e+03	6.053693e-07	2.948148e-07	0.000000e+00
2.040000e+03	2.080000e+03	3.636635e-07	9.640200e-08	2.090268e-07
2.080000e+03	2.120000e+03	3.152353e-07	4.390725e-08	1.515042e-07
2.120000e+03	2.160000e+03	2.728055e-07	9.555095e-08	1.148595e-07
2.160000e+03	2.200000e+03	3.663545e-07	1.510838e-07	4.036250e-08
2.200000e+03	2.240000e+03	2.133970e-07	0.000000e+00	1.324335e-07
2.240000e+03	2.280000e+03	1.921519e-07	4.776663e-08	7.038437e-08
2.280000e+03	2.320000e+03	1.727412e-07	2.916680e-08	6.126995e-08
2.320000e+03	2.360000e+03	1.596517e-07	0.000000e+00	2.098595e-08
2.360000e+03	2.400000e+03	1.711646e-07	5.467563e-08	4.156877e-08
2.400000e+03	2.440000e+03	2.679072e-07	1.555742e-07	0.000000e+00
2.440000e+03	2.480000e+03	7.757715e-08	0.000000e+00	7.189073e-08
2.480000e+03	2.520000e+03	2.119588e-07	1.562326e-07	0.000000e+00
2.520000e+03	2.560000e+03	1.189807e-07	4.924480e-08	1.762435e-08
2.560000e+03	2.600000e+03	1.082313e-07	3.710150e-08	1.752412e-08
2.600000e+03	2.640000e+03	8.419932e-08	0.000000e+00	8.819250e-08
2.640000e+03	2.680000e+03	5.404262e-08	0.000000e+00	1.058843e-07
2.680000e+03	2.720000e+03	6.781052e-08	3.062125e-09	1.896335e-08
2.720000e+03	2.760000e+03	1.054559e-07	6.272147e-08	0.000000e+00
2.760000e+03	2.800000e+03	5.041150e-08	5.833000e-09	2.514208e-08
2.800000e+03	2.840000e+03	1.162287e-07	7.890940e-08	0.000000e+00
2.840000e+03	2.880000e+03	6.432145e-08	3.706350e-08	0.000000e+00
2.880000e+03	2.920000e+03	4.812867e-08	0.000000e+00	3.164310e-08
2.920000e+03	2.960000e+03	4.683995e-08	4.631428e-08	0.000000e+00
2.960000e+03	3.000000e+03	1.642107e-08	0.000000e+00	1.564971e-08
3.000000e+03	3.040000e+03	4.251913e-08	1.648570e-08	0.000000e+00
3.040000e+03	3.080000e+03	2.020666e-08	3.400215e-09	1.537889e-08
3.080000e+03	3.120000e+03	2.082175e-08	0.000000e+00	1.267570e-08
3.120000e+03	3.160000e+03	2.281242e-08	0.000000e+00	2.559798e-08
3.160000e+03	3.200000e+03	1.868590e-08	1.046833e-09	2.041960e-08
3.200000e+03	3.240000e+03	6.246860e-08	3.973539e-08	0.000000e+00
3.240000e+03	3.280000e+03	1.153419e-08	0.000000e+00	7.430112e-09
3.280000e+03	3.320000e+03	1.355286e-08	4.817610e-09	1.056086e-08
3.320000e+03	3.360000e+03	1.228159e-08	4.646180e-09	0.000000e+00
3.360000e+03	3.400000e+03	1.150565e-08	4.738890e-09	6.453635e-09
3.400000e+03	3.440000e+03	9.216737e-09	2.990325e-09	9.955475e-10
3.440000e+03	3.480000e+03	8.595925e-09	0.000000e+00	7.415820e-09
3.480000e+03	3.520000e+03	-8.677793e-09	0.000000e+00	2.012876e-08
3.520000e+03	3.560000e+03	8.931940e-09	0.000000e+00	3.045397e-09
3.560000e+03	3.600000e+03	6.750312e-09	5.072025e-10	3.019937e-09
3.600000e+03	3.640000e+03	-7.270320e-08	0.000000e+00	9.264491e-08
3.640000e+03	3.680000e+03	7.888150e-09	5.623150e-09	2.673865e-09
3.680000e+03	3.720000e+03	7.298753e-09	1.853745e-09	5.607575e-10
3.720000e+03	3.760000e+03	1.040038e-09	0.000000e+00	1.378466e-08
3.760000e+03	3.800000e+03	7.430182e-09	1.998248e-09	0.000000e+00
3.800000e+03	3.840000e+03	2.675328e-09	8.766313e-10	4.150235e-09
3.840000e+03	3.880000e+03	4.697902e-09	2.806173e-09	0.000000e+00
3.880000e+03	3.920000e+03	1.296308e-09	0.000000e+00	7.560074e-09
3.920000e+03	3.960000e+03	3.539328e-09	1.291210e-09	0.000000e+00
3.960000e+03	4.000000e+03	1.688200e-09	0.000000e+00	3.618332e-09
4.000000e+03	4.040000e+03	3.289425e-09	1.335745e-09	2.591775e-09
4.040000e+03	4.080000e+03	1.344400e-09	1.584640e-10	4.287992e-10
4.080000e+03	4.120000e+03	-7.801138e-10	0.000000e+00	6.817794e-09
4.120000e+03	4.160000e+03	5.434025e-09	3.294227e-09	6.861975e-10
4.160000e+03	4.200000e+03	1.466098e-09	0.000000e+00	2.300132e-09
4.200000e+03	4.240000e+03	1.525989e-09	6.752270e-10	4.521528e-09
4.240000e+03	4.280000e+03	1.906143e-09	8.945193e-10	0.000000e+00
4.280000e+03	4.320000e+03	1.661816e-08	1.562595e-08	0.000000e+00
4.320000e+03	4.360000e+03	1.421573e-09	1.410724e-09	1.782337e-09
4.360000e+03	4.400000e+03	4.700328e-10	1.775750e-12	1.048790e-09
4.400000e+03	4.440000e+03	2.452582e-09	2.293969e-09	0.000000e+00
4.440000e+03	4.480000e+03	8.741415e-10	6.698200e-11	2.556763e-10
4.480000e+03	4.520000e+03	6.573102e-11	0.000000e+00	1.616442e-09
4.520000e+03	4.560000e+03	3.387690e-10	0.000000e+00	9.634607e-10
4.560000e+03	4.600000e+03	-1.139653e-09	0.000000e+00	2.121387e-09
4.600000e+03	4.640000e+03	4.637462e-10	2.444565e-10	0.000000e+00
4.640000e+03	4.680000e+03	9.228068e-10	8.873946e-10	0.000000e+00
4.680000e+03	4.720000e+03	6.082737e-10	0.000000e+00	9.019230e-10
4.720000e+03	4.760000e+03	4.128127e-10	2.848575e-11	1.184944e-09
4.760000e+03	4.800000e+03	6.623780e-09	6.430175e-09	0.000000e+00
4.800000e+03	4.840000e+03	6.889060e-10	6.242369e-10	0.000000e+00
4.840000e+03	4.880000e+03	5.026132e-10	4.278516e-10	1.869940e-10
4.880000e+03	4.920000e+03	4.081138e-10	3.246606e-10	0.000000e+00
4.920000e+03	4.960000e+03	3.613008e-10	1.810279e-10	0.000000e+00
4.960000e+03	5.000000e+03	9.629260e-10	1.591350e-11	4.981724e-09
5.000000e+03	5.040000e+03	-1.392261e-10	0.000000e+00	7.782678e-10
5.040000e+03	5.080000e+03	-3.365378e-11	0.000000e+00	2.168484e-09
5.080000e+03	5.120000e+03	5.216178e-10	4.259528e-10	0.000000e+00
5.120000e+03	5.160000e+03	6.776830e-11	3.756830e-10	1.238238e-10
5.160000e+03	5.200000e+03	6.361485e-11	1.182317e-11	4.912118e-11
5.200000e+03	5.240000e+03	3.125953e-11	0.000000e+00	4.786415e-11
5.240000e+03	5.280000e+03	8.169320e-10	7.447150e-10	0.000000e+00
5.280000e+03	5.320000e+03	7.863165e-11	4.198379e-10	8.415955e-11
5.320000e+03	5.360000e+03	-9.855990e-12	0.000000e+00	8.716034e-11
5.360000e+03	5.400000e+03	1.158121e-09	8.273160e-10	1.376302e-09
5.400000e+03	5.440000e+03	1.774566e-10	1.339960e-10	0.000000e+00
5.440000e+03	5.480000e+03	8.519410e-11	0.000000e+00	8.705082e-11
5.480000e+03	5.520000e+03	5.463170e-11	4.680509e-11	1.510272e-10
5.520000e+03	5.560000e+03	6.079835e-11	1.162792e-10	0.000000e+00
5.560000e+03	5.600000e+03	7.637255e-11	7.167329e-11	3.550877e-11
5.600000e+03	5.640000e+03	8.339453e-12	3.730478e-12	2.879547e-11
5.640000e+03	5.680000e+03	4.431380e-12	0.000000e+00	1.176202e-10
5.680000e+03	5.720000e+03	1.558795e-11	1.001169e-11	5.391670e-11
5.720000e+03	5.760000e+03	1.951866e-09	1.946674e-09	0.000000e+00
5.760000e+03	5.800000e+03	6.729393e-12	2.663903e-12	3.579143e-11
5.800000e+03	5.840000e+03	1.302146e-10	1.291419e-10	0.000000e+00
5.840000e+03	5.880000e+03	3.458735e-11	3.161110e-11	0.000000e+00
5.880000e+03	5.920000e+03	7.624535e-12	7.289452e-12	1.676950e-10
5.920000e+03	5.960000e+03	2.087222e-11	0.000000e+00	1.102968e-10
5.960000e+03	6.000000e+03	-5.404103e-13	0.000000e+00	8.896349e-10
# END HISTO1D


# BEGIN HISTO1D //homes/tinghua1/Merging-Project/Production/HJETS/ratio-plots/hjets-vbfnlo/H-N2-3-4-25gev-vbfnlo-combine.yoda/MC_H2JETS_04_LOOSE/j3j4_mass
ErrorBandColor=cyan
ErrorBandOpacity=0.3
ErrorBands=1
ErrorType=env
LineColor=cyan
LineStyle=solid
Path=//homes/tinghua1/Merging-Project/Production/HJETS/ratio-plots/hjets-vbfnlo/H-N2-3-4-25gev-vbfnlo-combine.yoda/MC_H2JETS_04_LOOSE/j3j4_mass
RatioPlotSameStyle=1
Title=h(2*,3,4)-vbfnlo
# xlow	 xhigh	 val	 errminus	 errplus
0.000000e+00	4.000000e+01	2.577127e-04	2.874432e-05	5.281450e-05
4.000000e+01	8.000000e+01	3.876692e-04	4.619575e-05	6.837675e-05
8.000000e+01	1.200000e+02	2.314471e-04	2.995630e-05	3.521442e-05
1.200000e+02	1.600000e+02	1.191073e-04	1.614610e-05	1.814940e-05
1.600000e+02	2.000000e+02	8.039100e-05	1.257623e-05	1.064110e-05
2.000000e+02	2.400000e+02	6.050627e-05	7.048575e-06	8.741225e-06
2.400000e+02	2.800000e+02	5.015600e-05	5.787550e-06	7.477775e-06
2.800000e+02	3.200000e+02	4.378902e-05	6.214500e-06	6.797250e-06
3.200000e+02	3.600000e+02	3.709840e-05	2.124425e-06	6.376125e-06
3.600000e+02	4.000000e+02	3.304797e-05	5.779225e-06	5.195800e-06
4.000000e+02	4.400000e+02	2.788635e-05	3.715082e-06	6.071725e-06
4.400000e+02	4.800000e+02	2.504978e-05	3.595642e-06	4.623475e-06
4.800000e+02	5.200000e+02	2.198240e-05	3.266790e-06	3.791645e-06
5.200000e+02	5.600000e+02	1.906806e-05	2.708998e-06	3.038953e-06
5.600000e+02	6.000000e+02	1.684470e-05	1.946795e-06	3.760885e-06
6.000000e+02	6.400000e+02	1.471175e-05	2.213802e-06	3.868117e-06
6.400000e+02	6.800000e+02	1.323177e-05	2.154198e-06	2.334000e-06
6.800000e+02	7.200000e+02	1.188122e-05	2.199785e-06	2.011505e-06
7.200000e+02	7.600000e+02	1.078284e-05	1.837560e-06	1.521378e-06
7.600000e+02	8.000000e+02	9.178015e-06	1.289517e-06	1.933258e-06
8.000000e+02	8.400000e+02	8.465603e-06	1.552263e-06	1.286360e-06
8.400000e+02	8.800000e+02	7.310357e-06	1.048342e-06	1.622730e-06
8.800000e+02	9.200000e+02	6.832080e-06	1.156468e-06	1.369175e-06
9.200000e+02	9.600000e+02	5.960115e-06	1.033963e-06	1.168165e-06
9.600000e+02	1.000000e+03	5.042925e-06	6.945700e-07	6.102675e-07
1.000000e+03	1.040000e+03	4.692838e-06	9.725200e-07	7.566825e-07
1.040000e+03	1.080000e+03	4.094683e-06	5.453575e-07	9.272875e-07
1.080000e+03	1.120000e+03	3.608323e-06	4.188425e-07	9.614275e-07
1.120000e+03	1.160000e+03	3.375015e-06	7.492650e-07	8.675775e-07
1.160000e+03	1.200000e+03	3.244225e-06	9.331768e-07	6.094525e-07
1.200000e+03	1.240000e+03	2.783557e-06	5.344837e-07	5.802500e-07
1.240000e+03	1.280000e+03	2.388696e-06	3.805978e-07	5.513838e-07
1.280000e+03	1.320000e+03	2.007075e-06	1.468308e-07	6.271430e-07
1.320000e+03	1.360000e+03	1.899365e-06	2.214903e-07	3.386278e-07
1.360000e+03	1.400000e+03	1.722693e-06	1.059115e-07	4.065462e-07
1.400000e+03	1.440000e+03	1.655156e-06	2.155515e-07	3.384080e-07
1.440000e+03	1.480000e+03	1.555884e-06	3.648938e-07	2.797813e-07
1.480000e+03	1.520000e+03	1.262702e-06	2.243157e-07	2.975795e-07
1.520000e+03	1.560000e+03	1.094232e-06	1.150847e-07	4.398233e-07
1.560000e+03	1.600000e+03	1.010800e-06	2.030660e-07	2.253380e-07
1.600000e+03	1.640000e+03	1.018945e-06	2.185385e-07	1.761320e-07
1.640000e+03	1.680000e+03	7.995360e-07	6.100550e-08	2.271100e-07
1.680000e+03	1.720000e+03	7.554943e-07	1.118970e-07	1.434082e-07
1.720000e+03	1.760000e+03	7.032765e-07	1.357270e-07	1.887175e-07
1.760000e+03	1.800000e+03	6.177105e-07	5.088125e-08	2.180785e-07
1.800000e+03	1.840000e+03	6.551780e-07	2.215542e-07	1.493002e-07
1.840000e+03	1.880000e+03	5.813055e-07	2.318990e-07	2.230975e-08
1.880000e+03	1.920000e+03	3.968193e-07	3.393575e-08	2.496958e-07
1.920000e+03	1.960000e+03	4.541730e-07	1.248920e-07	9.450100e-08
1.960000e+03	2.000000e+03	3.837312e-07	1.084585e-07	1.314137e-07
2.000000e+03	2.040000e+03	3.442630e-07	2.546650e-08	8.801050e-08
2.040000e+03	2.080000e+03	3.210142e-07	5.393100e-08	1.019247e-07
2.080000e+03	2.120000e+03	2.422665e-07	2.944047e-08	1.532013e-07
2.120000e+03	2.160000e+03	2.886010e-07	8.228183e-08	7.049425e-08
2.160000e+03	2.200000e+03	2.475880e-07	7.966267e-08	4.623975e-09
2.200000e+03	2.240000e+03	1.973089e-07	4.241313e-08	3.979307e-08
2.240000e+03	2.280000e+03	1.863264e-07	2.415193e-08	4.619880e-08
2.280000e+03	2.320000e+03	1.767627e-07	3.622583e-08	4.128400e-08
2.320000e+03	2.360000e+03	1.494069e-07	3.337593e-08	5.468622e-08
2.360000e+03	2.400000e+03	1.440716e-07	1.980665e-08	4.329822e-08
2.400000e+03	2.440000e+03	1.100733e-07	5.488200e-09	5.541765e-08
2.440000e+03	2.480000e+03	1.264163e-07	4.362705e-08	4.423728e-08
2.480000e+03	2.520000e+03	1.086903e-07	1.462407e-08	1.280028e-08
2.520000e+03	2.560000e+03	9.264715e-08	0.000000e+00	1.965760e-08
2.560000e+03	2.600000e+03	1.251607e-07	5.407235e-08	0.000000e+00
2.600000e+03	2.640000e+03	7.901905e-08	9.400825e-09	8.850750e-10
2.640000e+03	2.680000e+03	8.553855e-08	1.756853e-08	9.591750e-09
2.680000e+03	2.720000e+03	6.964735e-08	1.480477e-08	1.742563e-08
2.720000e+03	2.760000e+03	5.432712e-08	1.357242e-08	2.740628e-08
2.760000e+03	2.800000e+03	5.500060e-08	2.354195e-08	1.879453e-08
2.800000e+03	2.840000e+03	6.674087e-08	2.163585e-08	2.087148e-08
2.840000e+03	2.880000e+03	3.371005e-08	0.000000e+00	3.851860e-08
2.880000e+03	2.920000e+03	4.440310e-08	0.000000e+00	6.500250e-09
2.920000e+03	2.960000e+03	3.393180e-08	0.000000e+00	2.277870e-08
2.960000e+03	3.000000e+03	3.341210e-08	2.845075e-09	2.022525e-09
3.000000e+03	3.040000e+03	3.156922e-08	1.232425e-08	7.393925e-09
3.040000e+03	3.080000e+03	2.533315e-08	4.853415e-09	1.699370e-08
3.080000e+03	3.120000e+03	2.613530e-08	8.040475e-09	4.083475e-09
3.120000e+03	3.160000e+03	2.239397e-08	4.365967e-09	6.219607e-09
3.160000e+03	3.200000e+03	2.680135e-08	3.345078e-09	7.229200e-09
3.200000e+03	3.240000e+03	2.155949e-08	3.355470e-09	0.000000e+00
3.240000e+03	3.280000e+03	2.093357e-08	4.514142e-09	9.608328e-09
3.280000e+03	3.320000e+03	1.704336e-08	5.604320e-09	4.300520e-09
3.320000e+03	3.360000e+03	1.642630e-08	5.714323e-09	2.835940e-09
3.360000e+03	3.400000e+03	8.198738e-09	0.000000e+00	5.645885e-09
3.400000e+03	3.440000e+03	2.282565e-08	1.063904e-08	0.000000e+00
3.440000e+03	3.480000e+03	1.547492e-08	7.518970e-09	0.000000e+00
3.480000e+03	3.520000e+03	9.510055e-09	2.449648e-09	1.981322e-08
3.520000e+03	3.560000e+03	1.223615e-08	3.258385e-09	0.000000e+00
3.560000e+03	3.600000e+03	7.138390e-09	1.214997e-09	2.021148e-09
3.600000e+03	3.640000e+03	9.050160e-09	1.541632e-09	1.208000e-10
3.640000e+03	3.680000e+03	4.294320e-09	0.000000e+00	5.581278e-09
3.680000e+03	3.720000e+03	7.175382e-09	1.807762e-09	1.095623e-09
3.720000e+03	3.760000e+03	5.065890e-09	0.000000e+00	1.762785e-09
3.760000e+03	3.800000e+03	6.741347e-09	3.164922e-09	1.096960e-09
3.800000e+03	3.840000e+03	4.389215e-09	7.230500e-10	8.437555e-09
3.840000e+03	3.880000e+03	4.909335e-09	1.080375e-09	3.404120e-09
3.880000e+03	3.920000e+03	3.804332e-09	0.000000e+00	1.548540e-09
3.920000e+03	3.960000e+03	2.723735e-09	1.181117e-09	4.150405e-09
3.960000e+03	4.000000e+03	8.838030e-09	5.568143e-09	0.000000e+00
4.000000e+03	4.040000e+03	2.570517e-09	0.000000e+00	1.734445e-09
4.040000e+03	4.080000e+03	4.809675e-09	1.990147e-09	0.000000e+00
4.080000e+03	4.120000e+03	2.578732e-09	0.000000e+00	3.653852e-09
4.120000e+03	4.160000e+03	2.204083e-09	4.650370e-10	1.059590e-09
4.160000e+03	4.200000e+03	1.592380e-09	2.633140e-10	1.097928e-09
4.200000e+03	4.240000e+03	1.279776e-09	0.000000e+00	1.557919e-09
4.240000e+03	4.280000e+03	1.889246e-09	1.038165e-09	0.000000e+00
4.280000e+03	4.320000e+03	9.483232e-10	3.276380e-10	1.185090e-09
4.320000e+03	4.360000e+03	9.395857e-10	1.810687e-10	9.250948e-10
4.360000e+03	4.400000e+03	1.676570e-09	1.193416e-09	0.000000e+00
4.400000e+03	4.440000e+03	1.125780e-09	5.453150e-10	8.807250e-11
4.440000e+03	4.480000e+03	1.864234e-09	1.438710e-10	0.000000e+00
4.480000e+03	4.520000e+03	1.436863e-09	9.527735e-10	5.317658e-10
4.520000e+03	4.560000e+03	4.213755e-10	0.000000e+00	9.529427e-10
4.560000e+03	4.600000e+03	9.714147e-10	7.506111e-10	0.000000e+00
4.600000e+03	4.640000e+03	9.696462e-10	7.594854e-10	0.000000e+00
4.640000e+03	4.680000e+03	3.905417e-09	3.383445e-09	0.000000e+00
4.680000e+03	4.720000e+03	4.886267e-10	0.000000e+00	8.180847e-10
4.720000e+03	4.760000e+03	6.945935e-10	1.828112e-10	0.000000e+00
4.760000e+03	4.800000e+03	4.134160e-10	2.075116e-10	0.000000e+00
4.800000e+03	4.840000e+03	7.569610e-10	3.040315e-10	1.195067e-10
4.840000e+03	4.880000e+03	2.937188e-10	0.000000e+00	3.669150e-10
4.880000e+03	4.920000e+03	8.796963e-10	4.969710e-10	0.000000e+00
4.920000e+03	4.960000e+03	4.616183e-10	2.668016e-10	1.475235e-10
4.960000e+03	5.000000e+03	2.257462e-10	0.000000e+00	2.028661e-10
5.000000e+03	5.040000e+03	6.475225e-10	1.259000e-10	0.000000e+00
5.040000e+03	5.080000e+03	1.304089e-10	0.000000e+00	1.322622e-09
5.080000e+03	5.120000e+03	3.482343e-11	3.857717e-10	3.016578e-10
5.120000e+03	5.160000e+03	2.490852e-10	8.183488e-11	0.000000e+00
5.160000e+03	5.200000e+03	2.046214e-10	9.703393e-11	6.334110e-11
5.200000e+03	5.240000e+03	4.616123e-11	0.000000e+00	5.565230e-11
5.240000e+03	5.280000e+03	5.158362e-10	4.558824e-10	0.000000e+00
5.280000e+03	5.320000e+03	8.705320e-11	3.081450e-12	1.081471e-10
5.320000e+03	5.360000e+03	8.284385e-11	0.000000e+00	2.827074e-10
5.360000e+03	5.400000e+03	1.305346e-10	6.496002e-11	3.358515e-11
5.400000e+03	5.440000e+03	1.831467e-10	1.340537e-10	1.116586e-10
5.440000e+03	5.480000e+03	1.788184e-10	6.351550e-11	1.387489e-10
5.480000e+03	5.520000e+03	1.068785e-11	0.000000e+00	3.889650e-11
5.520000e+03	5.560000e+03	2.425542e-11	0.000000e+00	3.702211e-11
5.560000e+03	5.600000e+03	1.535042e-10	5.531517e-11	5.307913e-11
5.600000e+03	5.640000e+03	2.618100e-11	9.273250e-13	4.037847e-11
5.640000e+03	5.680000e+03	9.324645e-11	7.094729e-11	6.571753e-11
5.680000e+03	5.720000e+03	4.058145e-11	5.159884e-11	0.000000e+00
5.720000e+03	5.760000e+03	4.913947e-11	2.549304e-11	1.718990e-11
5.760000e+03	5.800000e+03	1.629836e-11	1.401602e-11	3.488074e-10
5.800000e+03	5.840000e+03	2.301792e-12	8.300849e-12	1.460386e-11
5.840000e+03	5.880000e+03	2.258496e-11	1.342891e-11	2.323415e-12
5.880000e+03	5.920000e+03	7.692128e-12	2.480387e-12	5.924457e-11
5.920000e+03	5.960000e+03	6.537987e-12	6.254239e-12	3.640299e-11
5.960000e+03	6.000000e+03	7.139335e-11	1.861982e-10	0.000000e+00
# END HISTO1D


# BEGIN HISTO1D //homes/tinghua1/Merging-Project/Production/HJETS/ratio-plots/hjets-vbfnlo/H-2-3-4-25gev-combine.yoda/MC_H2JETS_04_LOOSE/j3j4_mass
ErrorBandColor=yellow
ErrorBandOpacity=0.3
ErrorBands=1
ErrorType=env
LineColor=yellow
LineStyle=solid
Path=//homes/tinghua1/Merging-Project/Production/HJETS/ratio-plots/hjets-vbfnlo/H-2-3-4-25gev-combine.yoda/MC_H2JETS_04_LOOSE/j3j4_mass
RatioPlotSameStyle=1
Title=h(2,3,4)
# xlow	 xhigh	 val	 errminus	 errplus
0.000000e+00	4.000000e+01	3.115680e-04	3.838350e-05	7.230150e-05
4.000000e+01	8.000000e+01	5.834090e-04	9.170950e-05	1.133005e-04
8.000000e+01	1.200000e+02	4.034208e-04	5.024825e-05	5.600875e-05
1.200000e+02	1.600000e+02	2.082345e-04	3.026672e-05	3.513683e-05
1.600000e+02	2.000000e+02	1.365681e-04	2.216785e-05	2.488565e-05
2.000000e+02	2.400000e+02	9.869295e-05	1.338543e-05	2.035270e-05
2.400000e+02	2.800000e+02	7.684812e-05	1.144945e-05	1.578553e-05
2.800000e+02	3.200000e+02	6.242945e-05	8.368350e-06	1.351725e-05
3.200000e+02	3.600000e+02	5.108775e-05	7.139100e-06	1.132870e-05
3.600000e+02	4.000000e+02	4.401627e-05	6.721525e-06	9.200175e-06
4.000000e+02	4.400000e+02	3.713695e-05	5.310775e-06	9.069175e-06
4.400000e+02	4.800000e+02	3.285080e-05	5.913850e-06	6.492625e-06
4.800000e+02	5.200000e+02	2.801378e-05	3.301390e-06	5.343025e-06
5.200000e+02	5.600000e+02	2.508048e-05	5.317833e-06	4.908975e-06
5.600000e+02	6.000000e+02	2.183058e-05	4.832765e-06	3.642448e-06
6.000000e+02	6.400000e+02	1.808921e-05	3.042220e-06	4.972708e-06
6.400000e+02	6.800000e+02	1.598690e-05	2.929360e-06	3.610883e-06
6.800000e+02	7.200000e+02	1.402178e-05	2.594670e-06	3.428480e-06
7.200000e+02	7.600000e+02	1.244650e-05	2.369218e-06	3.181168e-06
7.600000e+02	8.000000e+02	1.190273e-05	3.087422e-06	1.459090e-06
8.000000e+02	8.400000e+02	9.649378e-06	1.624703e-06	2.092095e-06
8.400000e+02	8.800000e+02	8.311325e-06	1.437038e-06	2.780402e-06
8.800000e+02	9.200000e+02	7.488950e-06	1.466165e-06	2.442757e-06
9.200000e+02	9.600000e+02	6.369908e-06	1.251910e-06	2.641380e-06
9.600000e+02	1.000000e+03	5.728285e-06	1.002040e-06	1.779875e-06
1.000000e+03	1.040000e+03	5.442670e-06	1.402293e-06	1.825897e-06
1.040000e+03	1.080000e+03	4.549605e-06	7.071875e-07	1.228347e-06
1.080000e+03	1.120000e+03	4.117532e-06	9.156725e-07	9.264975e-07
1.120000e+03	1.160000e+03	3.826765e-06	5.649650e-07	5.874925e-07
1.160000e+03	1.200000e+03	3.659740e-06	8.789200e-07	6.806800e-07
1.200000e+03	1.240000e+03	3.302693e-06	6.637525e-07	5.532475e-07
1.240000e+03	1.280000e+03	2.697150e-06	5.626838e-07	6.594650e-07
1.280000e+03	1.320000e+03	2.522158e-06	4.344245e-07	3.100550e-07
1.320000e+03	1.360000e+03	2.090193e-06	3.411182e-07	1.128767e-06
1.360000e+03	1.400000e+03	1.864235e-06	2.382120e-07	4.879725e-07
1.400000e+03	1.440000e+03	1.817431e-06	3.750380e-07	3.819450e-07
1.440000e+03	1.480000e+03	1.537947e-06	2.947925e-07	5.485173e-07
1.480000e+03	1.520000e+03	1.427850e-06	2.539032e-07	4.074788e-07
1.520000e+03	1.560000e+03	1.325820e-06	4.345807e-07	3.099550e-07
1.560000e+03	1.600000e+03	1.189013e-06	2.711650e-07	2.582330e-07
1.600000e+03	1.640000e+03	1.096544e-06	3.047992e-07	3.142035e-07
1.640000e+03	1.680000e+03	1.011155e-06	2.572585e-07	1.806572e-07
1.680000e+03	1.720000e+03	8.326605e-07	3.238975e-08	3.130917e-07
1.720000e+03	1.760000e+03	8.351728e-07	1.287375e-07	2.606218e-07
1.760000e+03	1.800000e+03	6.187362e-07	3.331725e-08	3.542238e-07
1.800000e+03	1.840000e+03	6.322433e-07	1.915565e-07	1.852815e-07
1.840000e+03	1.880000e+03	3.822515e-07	0.000000e+00	3.749490e-07
1.880000e+03	1.920000e+03	5.121588e-07	7.753400e-08	1.391750e-07
1.920000e+03	1.960000e+03	5.066398e-07	1.240125e-08	1.055643e-07
1.960000e+03	2.000000e+03	3.706445e-07	5.314675e-08	4.888020e-07
2.000000e+03	2.040000e+03	3.555075e-07	1.013575e-07	1.439288e-07
2.040000e+03	2.080000e+03	3.199500e-07	1.169798e-07	1.282445e-07
2.080000e+03	2.120000e+03	3.316517e-07	9.128572e-08	3.318475e-08
2.120000e+03	2.160000e+03	2.712545e-07	1.832550e-08	4.775150e-08
2.160000e+03	2.200000e+03	3.091965e-07	1.528861e-07	4.325025e-08
2.200000e+03	2.240000e+03	2.160774e-07	5.682985e-08	4.240948e-07
2.240000e+03	2.280000e+03	1.985300e-07	3.220545e-08	6.287670e-08
2.280000e+03	2.320000e+03	1.612800e-07	0.000000e+00	6.284080e-08
2.320000e+03	2.360000e+03	1.829502e-07	7.770068e-08	4.548587e-08
2.360000e+03	2.400000e+03	1.625011e-07	5.274620e-08	3.126955e-08
2.400000e+03	2.440000e+03	1.502964e-07	3.933965e-08	5.724983e-08
2.440000e+03	2.480000e+03	1.029045e-07	0.000000e+00	4.229297e-08
2.480000e+03	2.520000e+03	1.293290e-07	4.715078e-08	6.456258e-08
2.520000e+03	2.560000e+03	1.807962e-07	6.103337e-08	0.000000e+00
2.560000e+03	2.600000e+03	8.914465e-08	4.521525e-09	6.568782e-08
2.600000e+03	2.640000e+03	8.659562e-08	9.352225e-09	4.233140e-08
2.640000e+03	2.680000e+03	6.965875e-08	2.217377e-08	1.132420e-08
2.680000e+03	2.720000e+03	6.771015e-08	9.408850e-09	9.650073e-08
2.720000e+03	2.760000e+03	5.851063e-08	0.000000e+00	2.476220e-08
2.760000e+03	2.800000e+03	7.355608e-08	1.250055e-08	0.000000e+00
2.800000e+03	2.840000e+03	5.273600e-08	5.758626e-08	9.789600e-09
2.840000e+03	2.880000e+03	5.752462e-08	4.415400e-09	5.575932e-08
2.880000e+03	2.920000e+03	4.018900e-08	9.270200e-09	1.735200e-08
2.920000e+03	2.960000e+03	3.891523e-08	1.280710e-08	1.117487e-08
2.960000e+03	3.000000e+03	3.392743e-08	1.137078e-08	2.163298e-08
3.000000e+03	3.040000e+03	3.492128e-08	2.020450e-09	5.210325e-09
3.040000e+03	3.080000e+03	3.129810e-08	9.741342e-09	2.273975e-09
3.080000e+03	3.120000e+03	2.403910e-08	2.753825e-10	2.802653e-09
3.120000e+03	3.160000e+03	1.850704e-08	0.000000e+00	9.966305e-09
3.160000e+03	3.200000e+03	2.535575e-08	1.006069e-08	3.991575e-09
3.200000e+03	3.240000e+03	5.602145e-08	3.850355e-08	0.000000e+00
3.240000e+03	3.280000e+03	1.460933e-08	6.561960e-09	9.007255e-09
3.280000e+03	3.320000e+03	1.523803e-08	3.079688e-09	2.911574e-08
3.320000e+03	3.360000e+03	1.373946e-08	0.000000e+00	6.732365e-09
3.360000e+03	3.400000e+03	1.227889e-08	7.150100e-10	3.154228e-09
3.400000e+03	3.440000e+03	1.170729e-08	1.796288e-09	3.152130e-09
3.440000e+03	3.480000e+03	1.251654e-08	0.000000e+00	9.358475e-10
3.480000e+03	3.520000e+03	1.282152e-08	7.034810e-09	0.000000e+00
3.520000e+03	3.560000e+03	1.170279e-08	6.145950e-10	0.000000e+00
3.560000e+03	3.600000e+03	7.441425e-09	1.492933e-09	5.531480e-09
3.600000e+03	3.640000e+03	1.011392e-08	1.816553e-09	1.903300e-09
3.640000e+03	3.680000e+03	5.461562e-09	1.315727e-09	3.230205e-09
3.680000e+03	3.720000e+03	6.240550e-09	1.070305e-09	0.000000e+00
3.720000e+03	3.760000e+03	1.305336e-08	8.290217e-09	0.000000e+00
3.760000e+03	3.800000e+03	3.420537e-09	0.000000e+00	3.614310e-09
3.800000e+03	3.840000e+03	4.730563e-09	9.106975e-10	0.000000e+00
3.840000e+03	3.880000e+03	2.502490e-09	0.000000e+00	7.110825e-10
3.880000e+03	3.920000e+03	7.419815e-09	4.659667e-09	0.000000e+00
3.920000e+03	3.960000e+03	2.781823e-09	0.000000e+00	5.268075e-10
3.960000e+03	4.000000e+03	2.970285e-09	1.254470e-09	1.164500e-11
4.000000e+03	4.040000e+03	-7.017170e-09	0.000000e+00	1.158140e-08
4.040000e+03	4.080000e+03	5.231188e-09	3.866090e-09	0.000000e+00
4.080000e+03	4.120000e+03	2.988420e-09	3.014944e-09	2.289925e-09
4.120000e+03	4.160000e+03	1.340427e-09	0.000000e+00	6.054185e-10
4.160000e+03	4.200000e+03	8.141140e-10	0.000000e+00	2.089374e-09
4.200000e+03	4.240000e+03	1.490583e-09	3.516982e-10	3.479355e-10
4.240000e+03	4.280000e+03	6.450175e-10	4.614250e-12	3.544628e-09
4.280000e+03	4.320000e+03	1.875036e-09	2.736340e-10	3.820227e-10
4.320000e+03	4.360000e+03	2.021106e-09	1.396759e-09	8.809190e-10
4.360000e+03	4.400000e+03	1.237097e-09	1.973692e-10	6.225973e-10
4.400000e+03	4.440000e+03	4.000500e-11	7.138310e-10	7.927873e-10
4.440000e+03	4.480000e+03	1.325341e-09	1.067781e-09	0.000000e+00
4.480000e+03	4.520000e+03	7.095823e-10	6.603226e-10	0.000000e+00
4.520000e+03	4.560000e+03	1.448257e-09	5.111405e-10	0.000000e+00
4.560000e+03	4.600000e+03	8.417220e-10	2.588377e-10	1.878496e-09
4.600000e+03	4.640000e+03	8.997132e-10	3.648995e-10	0.000000e+00
4.640000e+03	4.680000e+03	-4.118610e-11	0.000000e+00	4.681158e-10
4.680000e+03	4.720000e+03	4.149025e-10	1.101675e-10	0.000000e+00
4.720000e+03	4.760000e+03	8.047530e-10	1.990707e-10	0.000000e+00
4.760000e+03	4.800000e+03	2.369600e-10	7.195935e-11	6.175625e-11
4.800000e+03	4.840000e+03	8.819562e-11	0.000000e+00	6.210431e-10
4.840000e+03	4.880000e+03	1.065521e-10	0.000000e+00	1.412992e-09
4.880000e+03	4.920000e+03	3.598908e-10	0.000000e+00	1.878186e-09
4.920000e+03	4.960000e+03	9.480215e-11	0.000000e+00	4.416700e-09
4.960000e+03	5.000000e+03	1.777266e-10	6.229612e-11	0.000000e+00
5.000000e+03	5.040000e+03	2.123823e-09	2.071656e-09	0.000000e+00
5.040000e+03	5.080000e+03	8.932040e-11	0.000000e+00	4.369310e-11
5.080000e+03	5.120000e+03	7.906885e-10	7.737922e-10	6.214200e-11
5.120000e+03	5.160000e+03	3.039630e-10	1.969217e-10	0.000000e+00
5.160000e+03	5.200000e+03	1.862360e-10	1.177203e-10	0.000000e+00
5.200000e+03	5.240000e+03	1.967013e-10	8.108202e-11	0.000000e+00
5.240000e+03	5.280000e+03	7.140358e-10	7.086516e-10	0.000000e+00
5.280000e+03	5.320000e+03	7.605400e-10	7.133583e-10	0.000000e+00
5.320000e+03	5.360000e+03	6.080397e-11	0.000000e+00	1.668829e-10
5.360000e+03	5.400000e+03	8.764982e-11	7.836674e-11	0.000000e+00
5.400000e+03	5.440000e+03	3.028290e-10	2.839823e-10	0.000000e+00
5.440000e+03	5.480000e+03	3.772775e-10	3.707701e-10	0.000000e+00
5.480000e+03	5.520000e+03	7.098437e-11	6.842297e-11	7.061500e-13
5.520000e+03	5.560000e+03	1.910735e-11	4.537368e-11	0.000000e+00
5.560000e+03	5.600000e+03	6.483117e-12	0.000000e+00	4.022766e-11
5.600000e+03	5.640000e+03	7.476233e-11	6.761362e-11	0.000000e+00
5.640000e+03	5.680000e+03	2.599847e-11	2.618106e-11	7.422813e-10
5.680000e+03	5.720000e+03	3.149875e-11	2.272979e-11	2.689845e-10
5.720000e+03	5.760000e+03	6.366517e-11	6.223490e-11	2.467340e-09
5.760000e+03	5.800000e+03	9.750737e-11	8.625849e-11	0.000000e+00
5.800000e+03	5.840000e+03	1.859205e-11	1.330691e-11	0.000000e+00
5.840000e+03	5.880000e+03	7.438283e-11	6.586561e-11	2.976124e-10
5.880000e+03	5.920000e+03	5.500335e-11	4.555290e-11	0.000000e+00
5.920000e+03	5.960000e+03	2.292961e-11	2.167137e-11	2.061487e-11
5.960000e+03	6.000000e+03	1.438262e-11	3.059467e-12	1.083948e-10
# END HISTO1D


# BEGIN HISTO1D //homes/tinghua1/Merging-Project/Production/HJETS/ratio-plots/hjets-vbfnlo/H-2-3-4-25gev-vbfnlo-combine.yoda/MC_H2JETS_04_LOOSE/j3j4_mass
ErrorBandColor=green
ErrorBandOpacity=0.3
ErrorBands=1
ErrorType=env
LineColor=green
LineStyle=solid
Path=//homes/tinghua1/Merging-Project/Production/HJETS/ratio-plots/hjets-vbfnlo/H-2-3-4-25gev-vbfnlo-combine.yoda/MC_H2JETS_04_LOOSE/j3j4_mass
RatioPlotSameStyle=1
Title=h(2,3,4)-vbfnlo
# xlow	 xhigh	 val	 errminus	 errplus
0.000000e+00	4.000000e+01	2.716638e-04	3.838120e-05	6.300000e-05
4.000000e+01	8.000000e+01	4.020345e-04	6.372825e-05	7.673475e-05
8.000000e+01	1.200000e+02	2.361888e-04	3.640885e-05	4.165645e-05
1.200000e+02	1.600000e+02	1.225126e-04	1.892150e-05	1.917880e-05
1.600000e+02	2.000000e+02	8.115525e-05	1.163800e-05	1.328105e-05
2.000000e+02	2.400000e+02	6.332615e-05	9.553200e-06	1.101235e-05
2.400000e+02	2.800000e+02	5.254270e-05	7.452850e-06	1.005610e-05
2.800000e+02	3.200000e+02	4.539208e-05	6.696150e-06	8.462700e-06
3.200000e+02	3.600000e+02	3.886482e-05	5.570000e-06	7.517525e-06
3.600000e+02	4.000000e+02	3.408208e-05	5.366900e-06	7.050575e-06
4.000000e+02	4.400000e+02	2.974390e-05	4.648000e-06	6.484975e-06
4.400000e+02	4.800000e+02	2.582067e-05	4.038185e-06	6.092875e-06
4.800000e+02	5.200000e+02	2.266266e-05	3.344598e-06	5.932438e-06
5.200000e+02	5.600000e+02	2.059995e-05	3.404800e-06	4.081920e-06
5.600000e+02	6.000000e+02	1.759962e-05	3.150110e-06	4.184412e-06
6.000000e+02	6.400000e+02	1.554154e-05	2.422348e-06	3.551830e-06
6.400000e+02	6.800000e+02	1.409224e-05	2.380180e-06	3.442317e-06
6.800000e+02	7.200000e+02	1.241545e-05	2.572223e-06	2.793965e-06
7.200000e+02	7.600000e+02	1.092845e-05	1.880152e-06	2.784762e-06
7.600000e+02	8.000000e+02	1.019594e-05	2.400467e-06	2.022790e-06
8.000000e+02	8.400000e+02	8.553607e-06	1.804683e-06	2.170175e-06
8.400000e+02	8.800000e+02	7.472143e-06	1.416425e-06	2.172335e-06
8.800000e+02	9.200000e+02	6.916075e-06	1.399333e-06	1.367973e-06
9.200000e+02	9.600000e+02	5.859830e-06	8.508575e-07	1.549505e-06
9.600000e+02	1.000000e+03	5.420377e-06	9.004075e-07	1.372713e-06
1.000000e+03	1.040000e+03	4.917360e-06	1.169565e-06	1.073065e-06
1.040000e+03	1.080000e+03	4.555553e-06	1.148267e-06	1.075660e-06
1.080000e+03	1.120000e+03	3.880830e-06	6.460700e-07	9.301250e-07
1.120000e+03	1.160000e+03	3.332627e-06	5.391575e-07	1.451462e-06
1.160000e+03	1.200000e+03	3.023512e-06	6.044915e-07	1.009525e-06
1.200000e+03	1.240000e+03	2.889158e-06	6.005110e-07	5.546625e-07
1.240000e+03	1.280000e+03	2.528295e-06	5.602208e-07	7.743875e-07
1.280000e+03	1.320000e+03	2.339883e-06	6.117145e-07	6.101398e-07
1.320000e+03	1.360000e+03	2.073683e-06	5.452755e-07	5.731620e-07
1.360000e+03	1.400000e+03	1.859821e-06	4.223742e-07	4.675015e-07
1.400000e+03	1.440000e+03	1.649679e-06	2.022287e-07	4.136308e-07
1.440000e+03	1.480000e+03	1.509799e-06	2.826327e-07	4.534533e-07
1.480000e+03	1.520000e+03	1.344664e-06	2.973930e-07	4.339223e-07
1.520000e+03	1.560000e+03	1.366121e-06	3.122557e-07	1.331698e-07
1.560000e+03	1.600000e+03	1.051509e-06	2.173332e-07	4.569535e-07
1.600000e+03	1.640000e+03	1.150554e-06	3.824570e-07	1.613053e-07
1.640000e+03	1.680000e+03	8.740255e-07	1.909612e-07	2.526035e-07
1.680000e+03	1.720000e+03	8.793232e-07	6.658800e-08	1.729688e-07
1.720000e+03	1.760000e+03	7.297530e-07	8.784475e-08	1.963825e-07
1.760000e+03	1.800000e+03	6.747618e-07	1.945470e-07	1.872522e-07
1.800000e+03	1.840000e+03	5.680917e-07	1.209190e-07	1.980493e-07
1.840000e+03	1.880000e+03	5.902835e-07	1.799940e-07	4.601300e-08
1.880000e+03	1.920000e+03	4.708403e-07	2.980800e-08	1.466507e-07
1.920000e+03	1.960000e+03	4.834490e-07	1.217117e-07	1.148308e-07
1.960000e+03	2.000000e+03	3.800715e-07	7.140250e-08	1.002600e-07
2.000000e+03	2.040000e+03	3.223355e-07	1.874925e-08	1.845878e-07
2.040000e+03	2.080000e+03	3.214175e-07	0.000000e+00	9.630225e-08
2.080000e+03	2.120000e+03	2.871705e-07	6.792923e-08	6.735875e-08
2.120000e+03	2.160000e+03	3.009595e-07	1.101192e-07	6.869950e-08
2.160000e+03	2.200000e+03	2.204483e-07	3.839175e-09	5.120645e-08
2.200000e+03	2.240000e+03	2.126856e-07	6.255423e-08	5.236140e-08
2.240000e+03	2.280000e+03	1.932904e-07	2.890557e-08	7.238963e-08
2.280000e+03	2.320000e+03	1.771328e-07	3.852670e-08	7.082650e-08
2.320000e+03	2.360000e+03	1.799356e-07	4.898493e-08	1.537752e-08
2.360000e+03	2.400000e+03	1.899326e-07	6.605058e-08	2.618625e-09
2.400000e+03	2.440000e+03	1.471434e-07	3.491882e-08	1.780732e-08
2.440000e+03	2.480000e+03	1.159063e-07	2.110550e-08	4.738463e-08
2.480000e+03	2.520000e+03	9.851600e-08	2.152000e-09	3.523355e-08
2.520000e+03	2.560000e+03	1.313058e-07	3.714318e-08	5.625325e-09
2.560000e+03	2.600000e+03	9.091380e-08	1.479553e-08	0.000000e+00
2.600000e+03	2.640000e+03	7.805025e-08	5.893625e-09	1.527862e-08
2.640000e+03	2.680000e+03	7.264990e-08	1.908568e-08	2.846883e-08
2.680000e+03	2.720000e+03	5.970840e-08	2.281125e-09	1.931960e-08
2.720000e+03	2.760000e+03	5.612115e-08	9.030750e-09	2.720595e-08
2.760000e+03	2.800000e+03	6.256085e-08	1.870670e-08	2.707265e-08
2.800000e+03	2.840000e+03	4.948340e-08	9.646675e-09	1.910465e-08
2.840000e+03	2.880000e+03	3.193680e-08	0.000000e+00	2.933182e-08
2.880000e+03	2.920000e+03	4.328112e-08	1.162197e-08	7.136975e-09
2.920000e+03	2.960000e+03	3.997095e-08	1.142272e-08	6.086725e-09
2.960000e+03	3.000000e+03	6.268935e-08	3.426595e-08	0.000000e+00
3.000000e+03	3.040000e+03	3.451522e-08	4.656175e-09	4.335750e-09
3.040000e+03	3.080000e+03	2.805100e-08	7.573878e-09	6.827600e-09
3.080000e+03	3.120000e+03	2.365353e-08	2.459833e-09	1.107852e-08
3.120000e+03	3.160000e+03	3.319375e-08	7.632025e-09	3.181950e-09
3.160000e+03	3.200000e+03	2.005912e-08	6.530342e-09	1.752245e-08
3.200000e+03	3.240000e+03	2.398680e-08	7.225662e-09	3.775150e-09
3.240000e+03	3.280000e+03	1.584517e-08	5.234282e-09	7.519385e-09
3.280000e+03	3.320000e+03	1.584558e-08	4.055037e-09	6.984038e-09
3.320000e+03	3.360000e+03	2.330564e-08	1.574658e-08	0.000000e+00
3.360000e+03	3.400000e+03	1.243163e-08	1.905660e-09	1.333325e-09
3.400000e+03	3.440000e+03	1.581895e-08	7.528480e-09	5.569337e-09
3.440000e+03	3.480000e+03	1.267684e-08	4.683862e-09	5.169772e-09
3.480000e+03	3.520000e+03	9.601685e-09	1.524743e-09	3.284295e-09
3.520000e+03	3.560000e+03	1.152154e-08	9.102534e-09	0.000000e+00
3.560000e+03	3.600000e+03	9.294562e-09	3.959075e-10	8.192125e-10
3.600000e+03	3.640000e+03	8.111620e-09	2.987295e-09	1.189570e-09
3.640000e+03	3.680000e+03	3.788975e-09	4.047675e-10	6.169500e-10
3.680000e+03	3.720000e+03	6.169980e-09	0.000000e+00	2.392668e-09
3.720000e+03	3.760000e+03	6.151825e-09	2.334110e-09	1.884615e-09
3.760000e+03	3.800000e+03	1.364173e-09	0.000000e+00	5.779852e-09
3.800000e+03	3.840000e+03	4.975897e-09	2.225707e-09	6.113950e-10
3.840000e+03	3.880000e+03	3.319402e-09	0.000000e+00	1.622733e-09
3.880000e+03	3.920000e+03	3.632225e-09	1.040755e-09	0.000000e+00
3.920000e+03	3.960000e+03	6.541362e-09	3.602132e-09	0.000000e+00
3.960000e+03	4.000000e+03	4.185045e-09	4.514353e-09	9.246575e-10
4.000000e+03	4.040000e+03	2.594887e-09	2.597077e-10	8.505150e-10
4.040000e+03	4.080000e+03	2.022043e-09	0.000000e+00	2.373702e-09
4.080000e+03	4.120000e+03	1.753279e-09	8.971910e-10	6.266182e-10
4.120000e+03	4.160000e+03	7.666928e-10	0.000000e+00	2.362502e-09
4.160000e+03	4.200000e+03	2.855772e-09	1.640980e-09	5.121625e-10
4.200000e+03	4.240000e+03	2.567940e-09	1.483455e-09	3.986150e-09
4.240000e+03	4.280000e+03	2.062379e-09	2.122242e-09	2.556928e-10
4.280000e+03	4.320000e+03	1.970502e-09	8.431050e-10	5.796960e-10
4.320000e+03	4.360000e+03	9.935613e-10	0.000000e+00	2.183474e-09
4.360000e+03	4.400000e+03	1.511613e-09	1.452282e-10	1.695600e-10
4.400000e+03	4.440000e+03	9.202348e-10	0.000000e+00	5.251522e-10
4.440000e+03	4.480000e+03	1.347245e-09	7.732297e-10	0.000000e+00
4.480000e+03	4.520000e+03	1.024661e-09	3.928335e-10	2.902425e-11
4.520000e+03	4.560000e+03	5.154220e-10	1.151147e-10	8.434612e-10
4.560000e+03	4.600000e+03	9.858900e-10	5.376565e-10	5.836625e-11
4.600000e+03	4.640000e+03	7.781073e-10	5.370580e-10	0.000000e+00
4.640000e+03	4.680000e+03	9.036538e-10	2.035045e-10	0.000000e+00
4.680000e+03	4.720000e+03	7.780125e-10	5.575493e-10	2.429800e-11
4.720000e+03	4.760000e+03	5.435875e-10	2.380148e-10	0.000000e+00
4.760000e+03	4.800000e+03	3.211440e-10	0.000000e+00	3.089100e-10
4.800000e+03	4.840000e+03	-7.858803e-11	0.000000e+00	5.991785e-10
4.840000e+03	4.880000e+03	3.543693e-10	4.712280e-10	0.000000e+00
4.880000e+03	4.920000e+03	2.554907e-10	2.470846e-10	7.541290e-10
4.920000e+03	4.960000e+03	2.525845e-10	2.818573e-10	3.832802e-10
4.960000e+03	5.000000e+03	3.866670e-10	2.304322e-10	0.000000e+00
5.000000e+03	5.040000e+03	2.106711e-10	0.000000e+00	1.684104e-10
5.040000e+03	5.080000e+03	2.199865e-10	1.350510e-10	1.216143e-10
5.080000e+03	5.120000e+03	1.811351e-10	9.986725e-12	8.632150e-12
5.120000e+03	5.160000e+03	2.120679e-10	1.471991e-10	8.452700e-12
5.160000e+03	5.200000e+03	4.059390e-10	3.443857e-10	0.000000e+00
5.200000e+03	5.240000e+03	2.571042e-10	1.988490e-10	1.356655e-10
5.240000e+03	5.280000e+03	2.632660e-10	1.546391e-10	0.000000e+00
5.280000e+03	5.320000e+03	1.756653e-10	1.184173e-10	0.000000e+00
5.320000e+03	5.360000e+03	2.296431e-10	1.942836e-10	0.000000e+00
5.360000e+03	5.400000e+03	8.695700e-11	2.390808e-11	3.361810e-10
5.400000e+03	5.440000e+03	-2.580912e-10	0.000000e+00	6.853055e-10
5.440000e+03	5.480000e+03	8.857867e-11	9.136829e-11	9.967018e-11
5.480000e+03	5.520000e+03	1.390323e-10	1.051895e-10	0.000000e+00
5.520000e+03	5.560000e+03	1.146488e-10	5.983425e-11	0.000000e+00
5.560000e+03	5.600000e+03	4.578107e-11	3.151203e-11	1.536220e-11
5.600000e+03	5.640000e+03	6.129572e-11	3.044751e-10	0.000000e+00
5.640000e+03	5.680000e+03	1.920605e-11	0.000000e+00	3.570322e-11
5.680000e+03	5.720000e+03	7.632075e-11	7.007752e-11	6.828242e-11
5.720000e+03	5.760000e+03	9.152020e-11	6.089552e-11	2.445590e-11
5.760000e+03	5.800000e+03	4.216285e-10	4.135721e-10	0.000000e+00
5.800000e+03	5.840000e+03	3.042330e-11	2.017567e-11	1.601150e-12
5.840000e+03	5.880000e+03	2.285180e-11	6.151655e-12	2.311870e-11
5.880000e+03	5.920000e+03	1.484737e-11	0.000000e+00	5.244538e-11
5.920000e+03	5.960000e+03	2.554650e-12	0.000000e+00	5.037850e-11
5.960000e+03	6.000000e+03	2.540695e-11	1.738588e-11	1.031625e-12
# END HISTO1D


# BEGIN HISTO1D //homes/tinghua1/Merging-Project/Production/HJETS/ratio-plots/hjets-vbfnlo/H-2-3-25gev-combine.yoda/MC_H2JETS_04_LOOSE/j3j4_mass
ErrorBandColor=purple
ErrorBandOpacity=0.3
ErrorBands=1
ErrorType=env
LineColor=purple
LineStyle=solid
Path=//homes/tinghua1/Merging-Project/Production/HJETS/ratio-plots/hjets-vbfnlo/H-2-3-25gev-combine.yoda/MC_H2JETS_04_LOOSE/j3j4_mass
RatioPlotSameStyle=1
Title=h(2,3)
# xlow	 xhigh	 val	 errminus	 errplus
0.000000e+00	4.000000e+01	2.750670e-04	0.000000e+00	1.155662e-04
4.000000e+01	8.000000e+01	4.298747e-04	0.000000e+00	1.570537e-04
8.000000e+01	1.200000e+02	2.682185e-04	0.000000e+00	8.693525e-05
1.200000e+02	1.600000e+02	1.368753e-04	0.000000e+00	4.924157e-05
1.600000e+02	2.000000e+02	8.854257e-05	0.000000e+00	3.212010e-05
2.000000e+02	2.400000e+02	6.555665e-05	0.000000e+00	2.378800e-05
2.400000e+02	2.800000e+02	5.171382e-05	0.000000e+00	1.955513e-05
2.800000e+02	3.200000e+02	4.275418e-05	0.000000e+00	1.616857e-05
3.200000e+02	3.600000e+02	3.541777e-05	0.000000e+00	1.459053e-05
3.600000e+02	4.000000e+02	3.006005e-05	0.000000e+00	1.267667e-05
4.000000e+02	4.400000e+02	2.563367e-05	0.000000e+00	1.086500e-05
4.400000e+02	4.800000e+02	2.192122e-05	0.000000e+00	1.029513e-05
4.800000e+02	5.200000e+02	1.895568e-05	0.000000e+00	9.022050e-06
5.200000e+02	5.600000e+02	1.649540e-05	0.000000e+00	8.001360e-06
5.600000e+02	6.000000e+02	1.417522e-05	0.000000e+00	7.434470e-06
6.000000e+02	6.400000e+02	1.266200e-05	0.000000e+00	5.965392e-06
6.400000e+02	6.800000e+02	1.110357e-05	0.000000e+00	5.554793e-06
6.800000e+02	7.200000e+02	9.925122e-06	0.000000e+00	4.536718e-06
7.200000e+02	7.600000e+02	8.837032e-06	0.000000e+00	4.017990e-06
7.600000e+02	8.000000e+02	7.566365e-06	0.000000e+00	3.823340e-06
8.000000e+02	8.400000e+02	6.504168e-06	0.000000e+00	3.556740e-06
8.400000e+02	8.800000e+02	5.790492e-06	0.000000e+00	3.106438e-06
8.800000e+02	9.200000e+02	5.139065e-06	0.000000e+00	2.891100e-06
9.200000e+02	9.600000e+02	4.501210e-06	0.000000e+00	2.708927e-06
9.600000e+02	1.000000e+03	4.013622e-06	0.000000e+00	2.353688e-06
1.000000e+03	1.040000e+03	3.603285e-06	0.000000e+00	2.057190e-06
1.040000e+03	1.080000e+03	3.112577e-06	0.000000e+00	1.824590e-06
1.080000e+03	1.120000e+03	2.793152e-06	0.000000e+00	1.702208e-06
1.120000e+03	1.160000e+03	2.427252e-06	0.000000e+00	1.597516e-06
1.160000e+03	1.200000e+03	2.252665e-06	0.000000e+00	1.241305e-06
1.200000e+03	1.240000e+03	1.967575e-06	0.000000e+00	1.176240e-06
1.240000e+03	1.280000e+03	1.737469e-06	0.000000e+00	1.136973e-06
1.280000e+03	1.320000e+03	1.393203e-06	0.000000e+00	1.205805e-06
1.320000e+03	1.360000e+03	1.394531e-06	0.000000e+00	8.762710e-07
1.360000e+03	1.400000e+03	1.248268e-06	0.000000e+00	8.548425e-07
1.400000e+03	1.440000e+03	1.122278e-06	0.000000e+00	7.086428e-07
1.440000e+03	1.480000e+03	1.029201e-06	0.000000e+00	5.675495e-07
1.480000e+03	1.520000e+03	9.067795e-07	0.000000e+00	5.519405e-07
1.520000e+03	1.560000e+03	8.556127e-07	0.000000e+00	5.354068e-07
1.560000e+03	1.600000e+03	7.364508e-07	0.000000e+00	4.650840e-07
1.600000e+03	1.640000e+03	6.722057e-07	0.000000e+00	4.354575e-07
1.640000e+03	1.680000e+03	5.936245e-07	0.000000e+00	3.630757e-07
1.680000e+03	1.720000e+03	5.290328e-07	0.000000e+00	3.755510e-07
1.720000e+03	1.760000e+03	4.616392e-07	0.000000e+00	3.109170e-07
1.760000e+03	1.800000e+03	4.286193e-07	0.000000e+00	2.773993e-07
1.800000e+03	1.840000e+03	3.811755e-07	0.000000e+00	2.811105e-07
1.840000e+03	1.880000e+03	3.493817e-07	0.000000e+00	2.648740e-07
1.880000e+03	1.920000e+03	3.224062e-07	0.000000e+00	2.121612e-07
1.920000e+03	1.960000e+03	3.032348e-07	0.000000e+00	2.040947e-07
1.960000e+03	2.000000e+03	2.648437e-07	0.000000e+00	1.505108e-07
2.000000e+03	2.040000e+03	2.230919e-07	0.000000e+00	1.565324e-07
2.040000e+03	2.080000e+03	2.196105e-07	0.000000e+00	1.139018e-07
2.080000e+03	2.120000e+03	1.949606e-07	0.000000e+00	1.202199e-07
2.120000e+03	2.160000e+03	1.793972e-07	0.000000e+00	1.121363e-07
2.160000e+03	2.200000e+03	1.509949e-07	0.000000e+00	1.040449e-07
2.200000e+03	2.240000e+03	1.359782e-07	0.000000e+00	9.134420e-08
2.240000e+03	2.280000e+03	1.196744e-07	0.000000e+00	8.968715e-08
2.280000e+03	2.320000e+03	1.080237e-07	0.000000e+00	7.631610e-08
2.320000e+03	2.360000e+03	1.021753e-07	0.000000e+00	6.596885e-08
2.360000e+03	2.400000e+03	9.490202e-08	0.000000e+00	3.837183e-08
2.400000e+03	2.440000e+03	9.068477e-08	0.000000e+00	4.669800e-08
2.440000e+03	2.480000e+03	7.210410e-08	0.000000e+00	3.487237e-08
2.480000e+03	2.520000e+03	6.060022e-08	0.000000e+00	5.193477e-08
2.520000e+03	2.560000e+03	5.719943e-08	0.000000e+00	3.880555e-08
2.560000e+03	2.600000e+03	5.206613e-08	0.000000e+00	3.504643e-08
2.600000e+03	2.640000e+03	4.490727e-08	0.000000e+00	3.542810e-08
2.640000e+03	2.680000e+03	4.288113e-08	0.000000e+00	3.700740e-08
2.680000e+03	2.720000e+03	4.656280e-08	0.000000e+00	2.673383e-08
2.720000e+03	2.760000e+03	4.978110e-08	0.000000e+00	1.658952e-08
2.760000e+03	2.800000e+03	3.870600e-08	0.000000e+00	1.449740e-08
2.800000e+03	2.840000e+03	2.825020e-08	0.000000e+00	2.142312e-08
2.840000e+03	2.880000e+03	3.043135e-08	0.000000e+00	1.606840e-08
2.880000e+03	2.920000e+03	2.598335e-08	0.000000e+00	1.550735e-08
2.920000e+03	2.960000e+03	2.271629e-08	0.000000e+00	1.248091e-08
2.960000e+03	3.000000e+03	1.429879e-08	0.000000e+00	2.155478e-08
3.000000e+03	3.040000e+03	2.151217e-08	2.377605e-09	6.698955e-09
3.040000e+03	3.080000e+03	1.524331e-08	0.000000e+00	1.080479e-08
3.080000e+03	3.120000e+03	1.467725e-08	0.000000e+00	1.381157e-08
3.120000e+03	3.160000e+03	1.366935e-08	0.000000e+00	8.371478e-09
3.160000e+03	3.200000e+03	1.398932e-08	0.000000e+00	5.436380e-09
3.200000e+03	3.240000e+03	8.993930e-09	0.000000e+00	1.046897e-08
3.240000e+03	3.280000e+03	9.476235e-09	0.000000e+00	4.605197e-09
3.280000e+03	3.320000e+03	7.651507e-09	0.000000e+00	6.222605e-09
3.320000e+03	3.360000e+03	-2.408580e-08	0.000000e+00	3.715722e-08
3.360000e+03	3.400000e+03	6.163813e-09	0.000000e+00	8.049715e-09
3.400000e+03	3.440000e+03	6.197153e-09	0.000000e+00	6.854002e-09
3.440000e+03	3.480000e+03	4.094533e-09	0.000000e+00	7.444298e-09
3.480000e+03	3.520000e+03	8.396378e-09	2.417663e-09	0.000000e+00
3.520000e+03	3.560000e+03	4.563582e-09	0.000000e+00	2.597818e-09
3.560000e+03	3.600000e+03	3.893492e-09	0.000000e+00	3.873663e-09
3.600000e+03	3.640000e+03	5.383193e-09	9.566650e-10	2.501025e-10
3.640000e+03	3.680000e+03	4.653395e-09	1.926100e-10	2.775447e-09
3.680000e+03	3.720000e+03	4.080730e-09	0.000000e+00	3.120352e-09
3.720000e+03	3.760000e+03	2.533220e-09	0.000000e+00	3.722157e-09
3.760000e+03	3.800000e+03	1.438621e-09	0.000000e+00	3.149224e-09
3.800000e+03	3.840000e+03	1.770831e-09	0.000000e+00	1.092984e-09
3.840000e+03	3.880000e+03	2.184377e-09	0.000000e+00	2.730858e-09
3.880000e+03	3.920000e+03	2.055846e-09	0.000000e+00	3.338379e-09
3.920000e+03	3.960000e+03	1.544108e-09	0.000000e+00	1.254556e-09
3.960000e+03	4.000000e+03	1.661553e-09	0.000000e+00	1.278089e-09
4.000000e+03	4.040000e+03	1.069058e-09	0.000000e+00	8.583480e-10
4.040000e+03	4.080000e+03	7.965540e-10	0.000000e+00	2.059723e-09
4.080000e+03	4.120000e+03	1.560122e-09	0.000000e+00	6.431243e-10
4.120000e+03	4.160000e+03	4.783443e-10	0.000000e+00	2.115311e-09
4.160000e+03	4.200000e+03	1.076245e-09	0.000000e+00	5.703548e-10
4.200000e+03	4.240000e+03	1.005842e-09	0.000000e+00	2.935968e-10
4.240000e+03	4.280000e+03	4.876030e-10	0.000000e+00	4.903437e-10
4.280000e+03	4.320000e+03	1.541033e-09	9.161528e-10	0.000000e+00
4.320000e+03	4.360000e+03	3.251817e-10	0.000000e+00	1.995009e-09
4.360000e+03	4.400000e+03	3.138415e-10	0.000000e+00	8.351737e-10
4.400000e+03	4.440000e+03	3.864755e-10	0.000000e+00	1.613164e-09
4.440000e+03	4.480000e+03	6.638345e-10	2.534730e-10	0.000000e+00
4.480000e+03	4.520000e+03	4.968598e-10	0.000000e+00	2.357918e-10
4.520000e+03	4.560000e+03	9.447970e-10	2.637827e-10	0.000000e+00
4.560000e+03	4.600000e+03	3.201317e-10	0.000000e+00	8.562745e-10
4.600000e+03	4.640000e+03	3.477013e-10	4.997108e-10	0.000000e+00
4.640000e+03	4.680000e+03	5.913395e-10	3.372585e-10	0.000000e+00
4.680000e+03	4.720000e+03	4.477652e-10	0.000000e+00	1.299510e-10
4.720000e+03	4.760000e+03	5.849712e-10	3.630006e-10	5.936950e-11
4.760000e+03	4.800000e+03	1.387397e-10	0.000000e+00	1.870321e-10
4.800000e+03	4.840000e+03	2.147703e-10	7.938875e-11	5.670397e-11
4.840000e+03	4.880000e+03	1.718854e-10	2.921345e-11	1.175593e-11
4.880000e+03	4.920000e+03	1.672082e-10	4.054245e-11	0.000000e+00
4.920000e+03	4.960000e+03	1.765185e-09	1.669075e-09	0.000000e+00
4.960000e+03	5.000000e+03	2.011261e-10	7.280365e-11	0.000000e+00
5.000000e+03	5.040000e+03	2.647697e-10	1.958069e-10	0.000000e+00
5.040000e+03	5.080000e+03	1.095641e-10	1.014666e-10	1.621452e-10
5.080000e+03	5.120000e+03	1.404810e-10	3.789147e-11	6.139490e-11
5.120000e+03	5.160000e+03	2.441687e-10	1.364397e-10	0.000000e+00
5.160000e+03	5.200000e+03	6.318245e-11	3.404613e-11	0.000000e+00
5.200000e+03	5.240000e+03	1.060116e-11	0.000000e+00	2.484881e-10
5.240000e+03	5.280000e+03	8.978813e-11	0.000000e+00	1.925775e-11
5.280000e+03	5.320000e+03	3.540317e-11	2.951961e-11	3.242012e-11
5.320000e+03	5.360000e+03	3.178488e-11	0.000000e+00	3.116332e-11
5.360000e+03	5.400000e+03	1.007292e-10	6.658897e-11	2.188075e-10
5.400000e+03	5.440000e+03	2.381496e-10	1.799111e-10	0.000000e+00
5.440000e+03	5.480000e+03	1.269194e-11	0.000000e+00	8.207356e-10
5.480000e+03	5.520000e+03	8.363057e-13	0.000000e+00	2.205829e-11
5.520000e+03	5.560000e+03	4.032712e-11	1.580452e-11	1.547675e-12
5.560000e+03	5.600000e+03	1.672278e-11	1.006752e-11	3.754362e-11
5.600000e+03	5.640000e+03	3.109073e-11	2.319699e-11	1.049875e-12
5.640000e+03	5.680000e+03	7.277632e-11	6.900542e-11	0.000000e+00
5.680000e+03	5.720000e+03	9.871358e-13	0.000000e+00	1.039669e-11
5.720000e+03	5.760000e+03	1.718149e-11	1.498154e-11	1.114176e-11
5.760000e+03	5.800000e+03	2.040406e-12	0.000000e+00	2.223227e-11
5.800000e+03	5.840000e+03	1.434160e-12	0.000000e+00	7.203629e-11
5.840000e+03	5.880000e+03	3.224080e-11	3.137188e-11	1.861743e-11
5.880000e+03	5.920000e+03	2.670635e-12	7.794408e-13	9.735037e-11
5.920000e+03	5.960000e+03	5.001115e-12	4.821553e-12	0.000000e+00
5.960000e+03	6.000000e+03	4.434250e-13	0.000000e+00	1.791431e-11
# END HISTO1D


# BEGIN HISTO1D //homes/tinghua1/Merging-Project/Production/HJETS/ratio-plots/hjets-vbfnlo/H-2-3-25gev-vbfnlo-combine.yoda/MC_H2JETS_04_LOOSE/j3j4_mass
ErrorBandColor=violet
ErrorBandOpacity=0.3
ErrorBands=1
ErrorType=env
LineColor=violet
LineStyle=solid
Path=//homes/tinghua1/Merging-Project/Production/HJETS/ratio-plots/hjets-vbfnlo/H-2-3-25gev-vbfnlo-combine.yoda/MC_H2JETS_04_LOOSE/j3j4_mass
RatioPlotSameStyle=1
Title=h(2,3)-vbfnlo
# xlow	 xhigh	 val	 errminus	 errplus
0.000000e+00	4.000000e+01	3.364515e-04	1.019267e-04	0.000000e+00
4.000000e+01	8.000000e+01	4.328622e-04	1.231155e-04	0.000000e+00
8.000000e+01	1.200000e+02	2.306272e-04	6.182865e-05	0.000000e+00
1.200000e+02	1.600000e+02	1.173425e-04	3.007093e-05	0.000000e+00
1.600000e+02	2.000000e+02	8.003367e-05	2.057688e-05	0.000000e+00
2.000000e+02	2.400000e+02	6.335267e-05	1.660840e-05	0.000000e+00
2.400000e+02	2.800000e+02	5.429522e-05	1.479080e-05	0.000000e+00
2.800000e+02	3.200000e+02	4.707063e-05	1.348308e-05	0.000000e+00
3.200000e+02	3.600000e+02	4.112128e-05	1.214680e-05	0.000000e+00
3.600000e+02	4.000000e+02	3.624700e-05	1.087630e-05	0.000000e+00
4.000000e+02	4.400000e+02	3.196925e-05	9.900235e-06	0.000000e+00
4.400000e+02	4.800000e+02	2.823968e-05	8.929578e-06	0.000000e+00
4.800000e+02	5.200000e+02	2.474034e-05	7.922967e-06	0.000000e+00
5.200000e+02	5.600000e+02	2.195857e-05	7.205458e-06	0.000000e+00
5.600000e+02	6.000000e+02	1.917616e-05	6.258460e-06	0.000000e+00
6.000000e+02	6.400000e+02	1.705698e-05	5.690612e-06	0.000000e+00
6.400000e+02	6.800000e+02	1.507287e-05	5.132490e-06	0.000000e+00
6.800000e+02	7.200000e+02	1.352549e-05	4.775370e-06	0.000000e+00
7.200000e+02	7.600000e+02	1.198679e-05	4.176040e-06	0.000000e+00
7.600000e+02	8.000000e+02	1.059362e-05	3.694935e-06	0.000000e+00
8.000000e+02	8.400000e+02	9.397528e-06	3.325680e-06	0.000000e+00
8.400000e+02	8.800000e+02	8.377858e-06	2.986770e-06	0.000000e+00
8.800000e+02	9.200000e+02	7.482732e-06	2.684907e-06	0.000000e+00
9.200000e+02	9.600000e+02	6.749975e-06	2.527372e-06	0.000000e+00
9.600000e+02	1.000000e+03	5.923252e-06	2.130560e-06	0.000000e+00
1.000000e+03	1.040000e+03	5.261855e-06	1.801350e-06	0.000000e+00
1.040000e+03	1.080000e+03	4.769228e-06	1.745693e-06	0.000000e+00
1.080000e+03	1.120000e+03	4.260212e-06	1.551532e-06	0.000000e+00
1.120000e+03	1.160000e+03	3.806262e-06	1.415233e-06	0.000000e+00
1.160000e+03	1.200000e+03	3.402427e-06	1.273716e-06	0.000000e+00
1.200000e+03	1.240000e+03	3.080810e-06	1.105723e-06	0.000000e+00
1.240000e+03	1.280000e+03	2.730013e-06	1.057927e-06	0.000000e+00
1.280000e+03	1.320000e+03	2.491034e-06	9.764173e-07	0.000000e+00
1.320000e+03	1.360000e+03	2.206490e-06	8.551195e-07	0.000000e+00
1.360000e+03	1.400000e+03	2.051858e-06	8.213203e-07	0.000000e+00
1.400000e+03	1.440000e+03	1.778199e-06	6.278565e-07	0.000000e+00
1.440000e+03	1.480000e+03	1.630906e-06	6.387005e-07	0.000000e+00
1.480000e+03	1.520000e+03	1.506597e-06	6.188900e-07	0.000000e+00
1.520000e+03	1.560000e+03	1.347627e-06	5.639492e-07	0.000000e+00
1.560000e+03	1.600000e+03	1.167210e-06	4.315692e-07	0.000000e+00
1.600000e+03	1.640000e+03	1.102230e-06	4.565607e-07	0.000000e+00
1.640000e+03	1.680000e+03	9.657005e-07	3.876780e-07	0.000000e+00
1.680000e+03	1.720000e+03	8.858102e-07	3.584740e-07	0.000000e+00
1.720000e+03	1.760000e+03	7.991245e-07	3.241475e-07	0.000000e+00
1.760000e+03	1.800000e+03	7.084597e-07	2.785087e-07	0.000000e+00
1.800000e+03	1.840000e+03	6.418140e-07	2.543565e-07	0.000000e+00
1.840000e+03	1.880000e+03	5.614735e-07	2.196155e-07	0.000000e+00
1.880000e+03	1.920000e+03	5.305307e-07	2.103485e-07	0.000000e+00
1.920000e+03	1.960000e+03	4.776475e-07	1.813458e-07	0.000000e+00
1.960000e+03	2.000000e+03	4.248970e-07	1.755911e-07	0.000000e+00
2.000000e+03	2.040000e+03	3.815950e-07	1.454008e-07	0.000000e+00
2.040000e+03	2.080000e+03	3.574810e-07	1.543809e-07	0.000000e+00
2.080000e+03	2.120000e+03	2.995815e-07	1.118416e-07	0.000000e+00
2.120000e+03	2.160000e+03	2.975042e-07	1.265457e-07	0.000000e+00
2.160000e+03	2.200000e+03	2.566025e-07	1.036235e-07	0.000000e+00
2.200000e+03	2.240000e+03	2.279834e-07	7.544425e-08	0.000000e+00
2.240000e+03	2.280000e+03	1.988010e-07	6.840083e-08	0.000000e+00
2.280000e+03	2.320000e+03	1.890908e-07	6.635388e-08	0.000000e+00
2.320000e+03	2.360000e+03	1.738205e-07	7.000978e-08	0.000000e+00
2.360000e+03	2.400000e+03	1.598098e-07	6.709095e-08	0.000000e+00
2.400000e+03	2.440000e+03	1.287718e-07	4.330722e-08	0.000000e+00
2.440000e+03	2.480000e+03	1.628663e-07	8.374223e-08	0.000000e+00
2.480000e+03	2.520000e+03	1.161037e-07	4.950128e-08	0.000000e+00
2.520000e+03	2.560000e+03	1.048565e-07	4.643338e-08	0.000000e+00
2.560000e+03	2.600000e+03	8.480640e-08	2.837458e-08	0.000000e+00
2.600000e+03	2.640000e+03	8.733562e-08	3.289530e-08	0.000000e+00
2.640000e+03	2.680000e+03	7.632220e-08	3.025452e-08	0.000000e+00
2.680000e+03	2.720000e+03	6.568610e-08	2.518368e-08	0.000000e+00
2.720000e+03	2.760000e+03	6.121775e-08	2.344302e-08	0.000000e+00
2.760000e+03	2.800000e+03	5.625628e-08	2.440783e-08	0.000000e+00
2.800000e+03	2.840000e+03	4.955818e-08	2.115333e-08	0.000000e+00
2.840000e+03	2.880000e+03	4.190005e-08	1.407228e-08	0.000000e+00
2.880000e+03	2.920000e+03	3.687032e-08	1.292043e-08	0.000000e+00
2.920000e+03	2.960000e+03	3.772320e-08	1.507007e-08	0.000000e+00
2.960000e+03	3.000000e+03	3.416857e-08	1.312134e-08	0.000000e+00
3.000000e+03	3.040000e+03	3.207877e-08	1.281773e-08	0.000000e+00
3.040000e+03	3.080000e+03	2.464435e-08	8.304073e-09	0.000000e+00
3.080000e+03	3.120000e+03	2.786553e-08	1.171029e-08	0.000000e+00
3.120000e+03	3.160000e+03	2.143528e-08	8.539900e-09	0.000000e+00
3.160000e+03	3.200000e+03	2.372105e-08	1.111529e-08	0.000000e+00
3.200000e+03	3.240000e+03	1.610679e-08	3.491520e-09	6.401775e-10
3.240000e+03	3.280000e+03	1.943326e-08	8.259325e-09	0.000000e+00
3.280000e+03	3.320000e+03	1.468602e-08	3.453758e-09	0.000000e+00
3.320000e+03	3.360000e+03	1.717890e-08	9.708470e-09	0.000000e+00
3.360000e+03	3.400000e+03	1.221382e-08	5.808603e-09	0.000000e+00
3.400000e+03	3.440000e+03	1.326829e-08	6.404117e-09	0.000000e+00
3.440000e+03	3.480000e+03	9.954898e-09	3.609830e-09	0.000000e+00
3.480000e+03	3.520000e+03	8.567363e-09	2.549353e-09	0.000000e+00
3.520000e+03	3.560000e+03	7.783083e-09	2.239400e-09	0.000000e+00
3.560000e+03	3.600000e+03	7.271670e-09	1.969850e-09	1.666725e-10
3.600000e+03	3.640000e+03	7.824355e-09	3.272715e-09	0.000000e+00
3.640000e+03	3.680000e+03	8.046182e-09	3.990227e-09	0.000000e+00
3.680000e+03	3.720000e+03	5.298272e-09	2.408542e-09	3.491825e-10
3.720000e+03	3.760000e+03	6.163610e-09	3.406300e-09	0.000000e+00
3.760000e+03	3.800000e+03	4.882863e-09	2.001275e-09	0.000000e+00
3.800000e+03	3.840000e+03	4.748407e-09	1.854517e-09	0.000000e+00
3.840000e+03	3.880000e+03	3.576820e-09	1.057952e-09	0.000000e+00
3.880000e+03	3.920000e+03	4.092223e-09	1.687133e-09	0.000000e+00
3.920000e+03	3.960000e+03	3.697322e-09	2.148200e-09	0.000000e+00
3.960000e+03	4.000000e+03	2.369901e-09	1.712757e-10	0.000000e+00
4.000000e+03	4.040000e+03	2.396974e-09	9.209480e-10	0.000000e+00
4.040000e+03	4.080000e+03	2.864250e-09	1.309732e-09	0.000000e+00
4.080000e+03	4.120000e+03	2.689213e-09	1.203294e-09	0.000000e+00
4.120000e+03	4.160000e+03	1.708038e-09	9.241375e-10	3.769078e-10
4.160000e+03	4.200000e+03	2.130607e-09	8.709808e-10	0.000000e+00
4.200000e+03	4.240000e+03	1.851797e-09	6.617810e-10	0.000000e+00
4.240000e+03	4.280000e+03	1.892760e-09	1.061953e-09	0.000000e+00
4.280000e+03	4.320000e+03	1.477549e-09	5.536875e-10	0.000000e+00
4.320000e+03	4.360000e+03	1.131989e-09	3.027215e-10	9.613817e-10
4.360000e+03	4.400000e+03	1.057967e-09	2.100160e-10	0.000000e+00
4.400000e+03	4.440000e+03	9.751835e-10	6.434788e-10	4.639075e-11
4.440000e+03	4.480000e+03	1.060485e-09	6.908130e-10	0.000000e+00
4.480000e+03	4.520000e+03	7.807710e-10	3.802660e-10	0.000000e+00
4.520000e+03	4.560000e+03	8.079510e-10	2.655495e-10	7.278775e-11
4.560000e+03	4.600000e+03	8.492470e-10	4.198690e-10	9.552500e-12
4.600000e+03	4.640000e+03	5.754115e-10	3.364425e-10	5.435050e-11
4.640000e+03	4.680000e+03	6.449732e-10	2.704745e-10	2.212350e-11
4.680000e+03	4.720000e+03	6.484577e-10	3.319820e-10	0.000000e+00
4.720000e+03	4.760000e+03	4.373190e-10	2.616925e-11	4.076575e-11
4.760000e+03	4.800000e+03	5.708150e-10	3.757616e-10	0.000000e+00
4.800000e+03	4.840000e+03	3.377780e-10	1.197265e-10	0.000000e+00
4.840000e+03	4.880000e+03	3.466498e-10	1.577587e-10	0.000000e+00
4.880000e+03	4.920000e+03	2.379804e-10	0.000000e+00	3.017966e-10
4.920000e+03	4.960000e+03	1.739610e-10	1.343175e-12	1.006080e-10
4.960000e+03	5.000000e+03	2.998383e-10	2.010595e-10	0.000000e+00
5.000000e+03	5.040000e+03	2.831248e-10	1.798836e-10	0.000000e+00
5.040000e+03	5.080000e+03	3.453420e-10	1.234166e-10	0.000000e+00
5.080000e+03	5.120000e+03	2.981065e-10	6.821938e-11	0.000000e+00
5.120000e+03	5.160000e+03	2.621810e-10	1.517317e-10	0.000000e+00
5.160000e+03	5.200000e+03	1.679547e-10	1.162484e-10	0.000000e+00
5.200000e+03	5.240000e+03	4.377847e-10	3.417011e-10	0.000000e+00
5.240000e+03	5.280000e+03	2.487208e-10	3.298768e-10	0.000000e+00
5.280000e+03	5.320000e+03	1.565171e-10	1.138034e-10	0.000000e+00
5.320000e+03	5.360000e+03	6.710147e-11	2.465135e-11	0.000000e+00
5.360000e+03	5.400000e+03	1.367487e-10	2.895695e-11	0.000000e+00
5.400000e+03	5.440000e+03	1.099647e-10	8.037485e-11	0.000000e+00
5.440000e+03	5.480000e+03	1.169055e-10	1.023441e-10	0.000000e+00
5.480000e+03	5.520000e+03	4.195822e-11	0.000000e+00	9.189290e-11
5.520000e+03	5.560000e+03	1.114852e-11	0.000000e+00	3.584508e-11
5.560000e+03	5.600000e+03	7.035543e-11	2.603665e-11	0.000000e+00
5.600000e+03	5.640000e+03	3.634965e-11	2.380475e-11	0.000000e+00
5.640000e+03	5.680000e+03	2.756145e-11	0.000000e+00	9.054075e-12
5.680000e+03	5.720000e+03	3.553935e-11	3.000746e-11	0.000000e+00
5.720000e+03	5.760000e+03	4.128542e-11	2.113956e-11	0.000000e+00
5.760000e+03	5.800000e+03	2.711575e-11	9.680667e-12	0.000000e+00
5.800000e+03	5.840000e+03	6.242772e-11	6.119669e-11	0.000000e+00
5.840000e+03	5.880000e+03	1.343676e-11	3.031588e-12	0.000000e+00
5.880000e+03	5.920000e+03	4.141552e-11	3.190169e-11	0.000000e+00
5.920000e+03	5.960000e+03	1.002572e-11	0.000000e+00	1.944965e-11
5.960000e+03	6.000000e+03	4.448350e-11	3.675407e-11	0.000000e+00
# END HISTO1D

