# BEGIN PLOT
Rebin=2
DrawOnly=//homes/tinghua1/Merging-Project/Production/HJETS/ratio-plots/hjets-vbfnlo/H-N2-N3-4-25gev-combine.yoda/MC_H2JETS_04_LOOSE/jet1_mass //homes/tinghua1/Merging-Project/Production/HJETS/ratio-plots/hjets-vbfnlo/H-N2-N3-4-25gev-vbfnlo-combine.yoda/MC_H2JETS_04_LOOSE/jet1_mass //homes/tinghua1/Merging-Project/Production/HJETS/ratio-plots/hjets-vbfnlo/H-N2-3-4-25gev-combine.yoda/MC_H2JETS_04_LOOSE/jet1_mass //homes/tinghua1/Merging-Project/Production/HJETS/ratio-plots/hjets-vbfnlo/H-N2-3-4-25gev-vbfnlo-combine.yoda/MC_H2JETS_04_LOOSE/jet1_mass //homes/tinghua1/Merging-Project/Production/HJETS/ratio-plots/hjets-vbfnlo/H-2-3-4-25gev-combine.yoda/MC_H2JETS_04_LOOSE/jet1_mass //homes/tinghua1/Merging-Project/Production/HJETS/ratio-plots/hjets-vbfnlo/H-2-3-4-25gev-vbfnlo-combine.yoda/MC_H2JETS_04_LOOSE/jet1_mass //homes/tinghua1/Merging-Project/Production/HJETS/ratio-plots/hjets-vbfnlo/H-2-3-25gev-combine.yoda/MC_H2JETS_04_LOOSE/jet1_mass //homes/tinghua1/Merging-Project/Production/HJETS/ratio-plots/hjets-vbfnlo/H-2-3-25gev-vbfnlo-combine.yoda/MC_H2JETS_04_LOOSE/jet1_mass
RightMargin=0.5
RatioPlotReference=//homes/tinghua1/Merging-Project/Production/HJETS/ratio-plots/hjets-vbfnlo/H-N2-N3-4-25gev-combine.yoda/MC_H2JETS_04_LOOSE/jet1_mass
#RatioPlot=1
LogY=1
RatioPlotYMax=2.5
#LegendOnly=//homes/tinghua1/Merging-Project/Production/HJETS/ratio-plots/hjets-vbfnlo/H-N2-N3-4-25gev-combine.yoda/MC_H2JETS_04_LOOSE/jet1_mass //homes/tinghua1/Merging-Project/Production/HJETS/ratio-plots/hjets-vbfnlo/H-N2-N3-4-25gev-vbfnlo-combine.yoda/MC_H2JETS_04_LOOSE/jet1_mass //homes/tinghua1/Merging-Project/Production/HJETS/ratio-plots/hjets-vbfnlo/H-N2-3-4-25gev-combine.yoda/MC_H2JETS_04_LOOSE/jet1_mass //homes/tinghua1/Merging-Project/Production/HJETS/ratio-plots/hjets-vbfnlo/H-N2-3-4-25gev-vbfnlo-combine.yoda/MC_H2JETS_04_LOOSE/jet1_mass //homes/tinghua1/Merging-Project/Production/HJETS/ratio-plots/hjets-vbfnlo/H-2-3-4-25gev-combine.yoda/MC_H2JETS_04_LOOSE/jet1_mass //homes/tinghua1/Merging-Project/Production/HJETS/ratio-plots/hjets-vbfnlo/H-2-3-4-25gev-vbfnlo-combine.yoda/MC_H2JETS_04_LOOSE/jet1_mass //homes/tinghua1/Merging-Project/Production/HJETS/ratio-plots/hjets-vbfnlo/H-2-3-25gev-combine.yoda/MC_H2JETS_04_LOOSE/jet1_mass //homes/tinghua1/Merging-Project/Production/HJETS/ratio-plots/hjets-vbfnlo/H-2-3-25gev-vbfnlo-combine.yoda/MC_H2JETS_04_LOOSE/jet1_mass
RatioPlotYLabel=Ratio
Scale=1000.0
XLabel=$m_{j_1}$ (GeV) 
LegendAlign=r
YLabel=$ \text{d} \sigma/ \text{d}  m_{j_1}$ (fb/GeV)
Legend=1
RatioPlot=4
MainPlotSelection={"Selection":[1,2,3,4,5,6,7,8]}
RatioPlots={"RatioPlotYLabel":"","Selection":[1,2]};{"RatioPlotYLabel":"","Selection":[3,4]};{"RatioPlotYLabel":"","Selection":[5,6]};{"RatioPlotYLabel":"","Selection":[7,8]}
RatioPlotSameStyle=1
RatioPlotYMin=0.0
# END PLOT


# BEGIN SPECIAL /MC_H2JETS_04_LOOSE/jet1_mass
\rput[tl](0.05,0.75){\parbox{5cm}{\textcolor{gray}{{\bf Herwig 7.2.0} \\ HJETS/ColorFull}}}
# END SPECIAL

# BEGIN HISTO1D //homes/tinghua1/Merging-Project/Production/HJETS/ratio-plots/hjets-vbfnlo/H-N2-N3-4-25gev-combine.yoda/MC_H2JETS_04_LOOSE/jet1_mass
ErrorBandColor=orange
ErrorBandOpacity=0.3
ErrorBands=1
ErrorType=env
LineColor=orange
LineStyle=solid
Path=//homes/tinghua1/Merging-Project/Production/HJETS/ratio-plots/hjets-vbfnlo/H-N2-N3-4-25gev-combine.yoda/MC_H2JETS_04_LOOSE/jet1_mass
RatioPlotSameStyle=1
Title=h(2*,3*,4)
# xlow	 xhigh	 val	 errminus	 errplus
0.000000e+00	1.000000e+00	4.787661e-01	1.169036e-01	2.287569e-01
1.000000e+00	2.000000e+00	5.326982e-02	1.272684e-02	2.378554e-02
2.000000e+00	3.000000e+00	3.992620e-02	7.910690e-03	3.861200e-04
3.000000e+00	4.000000e+00	1.126249e-01	1.997787e-02	0.000000e+00
4.000000e+00	5.000000e+00	1.293361e-01	1.419510e-02	0.000000e+00
5.000000e+00	6.000000e+00	1.331155e-01	1.016130e-02	0.000000e+00
6.000000e+00	7.000000e+00	1.323168e-01	1.591320e-02	0.000000e+00
7.000000e+00	8.000000e+00	1.202043e-01	1.595060e-02	1.288400e-03
8.000000e+00	9.000000e+00	1.054411e-01	1.512000e-02	4.174600e-03
9.000000e+00	1.000000e+01	9.176814e-02	1.589710e-02	6.352920e-03
1.000000e+01	1.100000e+01	7.695611e-02	1.376311e-02	8.526710e-03
1.100000e+01	1.200000e+01	6.529114e-02	1.304463e-02	8.945250e-03
1.200000e+01	1.300000e+01	5.391515e-02	1.071049e-02	1.063267e-02
1.300000e+01	1.400000e+01	4.668406e-02	1.064080e-02	6.427760e-03
1.400000e+01	1.500000e+01	3.808225e-02	7.684730e-03	6.808450e-03
1.500000e+01	1.600000e+01	3.156934e-02	6.481780e-03	3.859910e-03
1.600000e+01	1.700000e+01	2.711127e-02	6.277470e-03	5.652740e-03
1.700000e+01	1.800000e+01	2.529332e-02	7.514820e-03	2.632680e-03
1.800000e+01	1.900000e+01	1.939362e-02	3.761140e-03	4.924530e-03
1.900000e+01	2.000000e+01	1.657477e-02	3.713050e-03	6.123170e-03
2.000000e+01	2.100000e+01	1.463927e-02	4.281440e-03	3.175260e-03
2.100000e+01	2.200000e+01	1.250575e-02	3.375414e-03	3.448450e-03
2.200000e+01	2.300000e+01	1.094452e-02	2.811045e-03	1.958910e-03
2.300000e+01	2.400000e+01	9.615419e-03	2.522408e-03	1.818431e-03
2.400000e+01	2.500000e+01	8.146146e-03	2.146885e-03	1.800543e-03
2.500000e+01	2.600000e+01	7.021834e-03	2.015358e-03	1.759642e-03
2.600000e+01	2.700000e+01	6.075405e-03	1.586754e-03	1.514913e-03
2.700000e+01	2.800000e+01	5.143644e-03	1.298573e-03	2.073438e-03
2.800000e+01	2.900000e+01	4.676687e-03	1.196745e-03	1.204126e-03
2.900000e+01	3.000000e+01	4.177896e-03	1.211554e-03	1.037635e-03
3.000000e+01	3.100000e+01	3.566722e-03	9.463030e-04	8.772060e-04
3.100000e+01	3.200000e+01	3.224430e-03	9.369190e-04	8.214500e-04
3.200000e+01	3.300000e+01	2.964638e-03	9.436430e-04	3.952520e-04
3.300000e+01	3.400000e+01	2.475173e-03	5.968980e-04	6.299220e-04
3.400000e+01	3.500000e+01	2.064994e-03	5.696230e-04	6.225930e-04
3.500000e+01	3.600000e+01	1.793310e-03	4.844330e-04	1.041764e-03
3.600000e+01	3.700000e+01	1.684594e-03	4.617510e-04	2.108460e-04
3.700000e+01	3.800000e+01	1.635064e-03	6.425881e-04	1.976250e-04
3.800000e+01	3.900000e+01	1.283427e-03	3.943209e-04	3.253650e-04
3.900000e+01	4.000000e+01	1.050197e-03	3.355095e-04	3.737900e-04
4.000000e+01	4.100000e+01	9.143104e-04	1.994177e-04	3.169476e-04
4.100000e+01	4.200000e+01	9.517778e-04	5.430942e-04	1.698382e-04
4.200000e+01	4.300000e+01	7.246194e-04	1.572962e-04	3.658326e-04
4.300000e+01	4.400000e+01	7.329873e-04	1.954871e-04	4.983380e-05
4.400000e+01	4.500000e+01	5.866101e-04	1.085212e-04	2.303936e-04
4.500000e+01	4.600000e+01	5.722976e-04	2.069962e-04	1.002796e-04
4.600000e+01	4.700000e+01	4.024209e-04	1.918750e-05	1.159409e-04
4.700000e+01	4.800000e+01	4.708192e-04	1.353000e-04	5.688180e-05
4.800000e+01	4.900000e+01	2.796061e-04	0.000000e+00	2.509138e-04
4.900000e+01	5.000000e+01	3.775448e-04	9.314860e-05	6.801170e-05
5.000000e+01	5.100000e+01	2.792643e-04	0.000000e+00	1.894078e-04
5.100000e+01	5.200000e+01	2.877619e-04	6.005380e-05	1.335763e-04
5.200000e+01	5.300000e+01	2.692142e-04	4.993210e-05	1.623249e-04
5.300000e+01	5.400000e+01	2.649390e-04	6.004540e-05	0.000000e+00
5.400000e+01	5.500000e+01	2.324754e-04	7.516450e-05	4.913940e-05
5.500000e+01	5.600000e+01	2.042953e-04	2.652600e-05	8.758820e-05
5.600000e+01	5.700000e+01	2.003323e-04	6.000790e-05	1.787470e-05
5.700000e+01	5.800000e+01	1.807626e-04	2.837300e-05	5.947370e-05
5.800000e+01	5.900000e+01	1.996235e-04	8.282500e-05	3.666090e-05
5.900000e+01	6.000000e+01	1.760662e-04	5.943700e-05	1.347530e-05
6.000000e+01	6.100000e+01	1.287188e-04	2.335260e-05	0.000000e+00
6.100000e+01	6.200000e+01	1.332855e-04	2.168410e-05	2.784230e-05
6.200000e+01	6.300000e+01	7.340150e-05	0.000000e+00	1.023989e-04
6.300000e+01	6.400000e+01	1.136464e-04	2.578931e-05	0.000000e+00
6.400000e+01	6.500000e+01	9.526770e-05	1.128908e-05	7.629970e-05
6.500000e+01	6.600000e+01	-1.278944e-05	0.000000e+00	1.312598e-04
6.600000e+01	6.700000e+01	8.641500e-05	1.503349e-05	2.414680e-05
6.700000e+01	6.800000e+01	1.016259e-04	5.544780e-06	0.000000e+00
6.800000e+01	6.900000e+01	7.568779e-05	1.440013e-05	2.221763e-05
6.900000e+01	7.000000e+01	7.791504e-05	6.159387e-05	8.328040e-06
7.000000e+01	7.100000e+01	7.660499e-05	1.297169e-05	3.151651e-05
7.100000e+01	7.200000e+01	6.175452e-05	3.705412e-05	0.000000e+00
7.200000e+01	7.300000e+01	7.114993e-05	7.449720e-06	0.000000e+00
7.300000e+01	7.400000e+01	1.002579e-04	4.474242e-05	0.000000e+00
7.400000e+01	7.500000e+01	1.702425e-04	1.249173e-04	0.000000e+00
7.500000e+01	7.600000e+01	1.994684e-05	0.000000e+00	6.462027e-05
7.600000e+01	7.700000e+01	8.011938e-05	2.163945e-04	2.776472e-05
7.700000e+01	7.800000e+01	9.180913e-05	2.206683e-05	0.000000e+00
7.800000e+01	7.900000e+01	5.991026e-05	0.000000e+00	2.407290e-05
7.900000e+01	8.000000e+01	9.245800e-05	0.000000e+00	2.253183e-04
8.000000e+01	8.100000e+01	1.350162e-04	0.000000e+00	9.716750e-05
8.100000e+01	8.200000e+01	1.271698e-04	0.000000e+00	2.624340e-05
8.200000e+01	8.300000e+01	1.089706e-04	2.896030e-05	1.830090e-05
8.300000e+01	8.400000e+01	6.738906e-05	0.000000e+00	2.717693e-05
8.400000e+01	8.500000e+01	3.156085e-05	0.000000e+00	3.187596e-05
8.500000e+01	8.600000e+01	2.934669e-05	0.000000e+00	2.522805e-05
8.600000e+01	8.700000e+01	3.106986e-05	0.000000e+00	2.224163e-05
8.700000e+01	8.800000e+01	4.025273e-05	1.351380e-05	5.433443e-05
8.800000e+01	8.900000e+01	2.364847e-05	5.697160e-06	2.128735e-05
8.900000e+01	9.000000e+01	3.051541e-05	4.700120e-06	3.145650e-06
9.000000e+01	9.100000e+01	2.219876e-04	1.899124e-04	0.000000e+00
9.100000e+01	9.200000e+01	4.481253e-05	5.349870e-06	3.509400e-05
9.200000e+01	9.300000e+01	4.470362e-05	8.681580e-06	0.000000e+00
9.300000e+01	9.400000e+01	5.435448e-05	2.755995e-05	0.000000e+00
9.400000e+01	9.500000e+01	2.083358e-05	1.292405e-05	0.000000e+00
9.500000e+01	9.600000e+01	2.229804e-05	8.869320e-06	3.212650e-06
9.600000e+01	9.700000e+01	1.682334e-05	0.000000e+00	1.122410e-06
9.700000e+01	9.800000e+01	3.770211e-06	0.000000e+00	2.500021e-05
9.800000e+01	9.900000e+01	1.139658e-05	8.170300e-07	5.417230e-06
9.900000e+01	1.000000e+02	1.131090e-05	3.541961e-06	8.259960e-06
# END HISTO1D


# BEGIN HISTO1D //homes/tinghua1/Merging-Project/Production/HJETS/ratio-plots/hjets-vbfnlo/H-N2-N3-4-25gev-vbfnlo-combine.yoda/MC_H2JETS_04_LOOSE/jet1_mass
ErrorBandColor=red
ErrorBandOpacity=0.3
ErrorBands=1
ErrorType=env
LineColor=red
LineStyle=solid
Path=//homes/tinghua1/Merging-Project/Production/HJETS/ratio-plots/hjets-vbfnlo/H-N2-N3-4-25gev-vbfnlo-combine.yoda/MC_H2JETS_04_LOOSE/jet1_mass
RatioPlotSameStyle=1
Title=h(2*,3*,4)-vbfnlo
# xlow	 xhigh	 val	 errminus	 errplus
0.000000e+00	1.000000e+00	6.900608e-01	3.377700e-01	0.000000e+00
1.000000e+00	2.000000e+00	7.341533e-02	3.511997e-02	0.000000e+00
2.000000e+00	3.000000e+00	3.940490e-02	8.151340e-03	0.000000e+00
3.000000e+00	4.000000e+00	1.046920e-01	1.588906e-02	3.905300e-03
4.000000e+00	5.000000e+00	1.160599e-01	6.692800e-03	8.411200e-03
5.000000e+00	6.000000e+00	1.177346e-01	0.000000e+00	1.056840e-02
6.000000e+00	7.000000e+00	1.120108e-01	0.000000e+00	1.304080e-02
7.000000e+00	8.000000e+00	1.001271e-01	0.000000e+00	1.478350e-02
8.000000e+00	9.000000e+00	8.639968e-02	0.000000e+00	1.809552e-02
9.000000e+00	1.000000e+01	7.178250e-02	0.000000e+00	1.971589e-02
1.000000e+01	1.100000e+01	5.978512e-02	0.000000e+00	1.975140e-02
1.100000e+01	1.200000e+01	4.925629e-02	0.000000e+00	1.905179e-02
1.200000e+01	1.300000e+01	4.078988e-02	0.000000e+00	1.733337e-02
1.300000e+01	1.400000e+01	3.377631e-02	0.000000e+00	1.501740e-02
1.400000e+01	1.500000e+01	2.797955e-02	0.000000e+00	1.335869e-02
1.500000e+01	1.600000e+01	2.314577e-02	0.000000e+00	1.223892e-02
1.600000e+01	1.700000e+01	1.922342e-02	0.000000e+00	1.053975e-02
1.700000e+01	1.800000e+01	1.646053e-02	0.000000e+00	9.384480e-03
1.800000e+01	1.900000e+01	1.399844e-02	0.000000e+00	7.774190e-03
1.900000e+01	2.000000e+01	1.180978e-02	0.000000e+00	6.962750e-03
2.000000e+01	2.100000e+01	1.013741e-02	0.000000e+00	6.088930e-03
2.100000e+01	2.200000e+01	8.550589e-03	0.000000e+00	5.486541e-03
2.200000e+01	2.300000e+01	7.486605e-03	0.000000e+00	5.148535e-03
2.300000e+01	2.400000e+01	6.326414e-03	0.000000e+00	4.294636e-03
2.400000e+01	2.500000e+01	5.518167e-03	0.000000e+00	3.590048e-03
2.500000e+01	2.600000e+01	4.817579e-03	0.000000e+00	3.213591e-03
2.600000e+01	2.700000e+01	4.130920e-03	0.000000e+00	2.678543e-03
2.700000e+01	2.800000e+01	3.400905e-03	0.000000e+00	2.349283e-03
2.800000e+01	2.900000e+01	3.135653e-03	0.000000e+00	2.060077e-03
2.900000e+01	3.000000e+01	2.644592e-03	0.000000e+00	1.757177e-03
3.000000e+01	3.100000e+01	2.342781e-03	0.000000e+00	1.555478e-03
3.100000e+01	3.200000e+01	2.014953e-03	0.000000e+00	1.429337e-03
3.200000e+01	3.300000e+01	1.732125e-03	0.000000e+00	1.158821e-03
3.300000e+01	3.400000e+01	1.482570e-03	0.000000e+00	1.147802e-03
3.400000e+01	3.500000e+01	1.366711e-03	0.000000e+00	9.881170e-04
3.500000e+01	3.600000e+01	1.221002e-03	0.000000e+00	7.587320e-04
3.600000e+01	3.700000e+01	9.595147e-04	0.000000e+00	7.339203e-04
3.700000e+01	3.800000e+01	9.424247e-04	0.000000e+00	5.062023e-04
3.800000e+01	3.900000e+01	7.944099e-04	0.000000e+00	4.690241e-04
3.900000e+01	4.000000e+01	7.076049e-04	0.000000e+00	4.944311e-04
4.000000e+01	4.100000e+01	6.287795e-04	0.000000e+00	5.542975e-04
4.100000e+01	4.200000e+01	5.627339e-04	0.000000e+00	3.372452e-04
4.200000e+01	4.300000e+01	4.876607e-04	0.000000e+00	2.635871e-04
4.300000e+01	4.400000e+01	3.851512e-04	0.000000e+00	3.410691e-04
4.400000e+01	4.500000e+01	4.079153e-04	0.000000e+00	3.255744e-04
4.500000e+01	4.600000e+01	3.615189e-04	0.000000e+00	2.150510e-04
4.600000e+01	4.700000e+01	2.970506e-04	0.000000e+00	1.500873e-04
4.700000e+01	4.800000e+01	2.765258e-04	0.000000e+00	1.554086e-04
4.800000e+01	4.900000e+01	2.417057e-04	0.000000e+00	1.494050e-04
4.900000e+01	5.000000e+01	2.233384e-04	0.000000e+00	9.289700e-05
5.000000e+01	5.100000e+01	1.797287e-04	0.000000e+00	1.557098e-04
5.100000e+01	5.200000e+01	1.928127e-04	0.000000e+00	1.282689e-04
5.200000e+01	5.300000e+01	1.644707e-04	0.000000e+00	1.001200e-04
5.300000e+01	5.400000e+01	1.644895e-04	0.000000e+00	7.820160e-05
5.400000e+01	5.500000e+01	1.323143e-04	0.000000e+00	6.037690e-05
5.500000e+01	5.600000e+01	1.110757e-04	0.000000e+00	2.667954e-04
5.600000e+01	5.700000e+01	1.159286e-04	0.000000e+00	3.591460e-05
5.700000e+01	5.800000e+01	1.117016e-04	0.000000e+00	7.787370e-05
5.800000e+01	5.900000e+01	9.406278e-05	0.000000e+00	7.344642e-05
5.900000e+01	6.000000e+01	9.860658e-05	0.000000e+00	3.502632e-05
6.000000e+01	6.100000e+01	8.274456e-05	0.000000e+00	4.654244e-05
6.100000e+01	6.200000e+01	8.804270e-05	0.000000e+00	7.120030e-05
6.200000e+01	6.300000e+01	6.863545e-05	6.654240e-06	2.215065e-05
6.300000e+01	6.400000e+01	4.114234e-05	0.000000e+00	5.313011e-05
6.400000e+01	6.500000e+01	6.071982e-05	0.000000e+00	2.279916e-05
6.500000e+01	6.600000e+01	6.574262e-05	0.000000e+00	3.363860e-06
6.600000e+01	6.700000e+01	5.212119e-05	3.564368e-05	1.300256e-05
6.700000e+01	6.800000e+01	4.787808e-05	0.000000e+00	1.385071e-05
6.800000e+01	6.900000e+01	4.340448e-05	0.000000e+00	2.480431e-05
6.900000e+01	7.000000e+01	5.396638e-05	0.000000e+00	2.210468e-05
7.000000e+01	7.100000e+01	4.120840e-05	0.000000e+00	1.471140e-05
7.100000e+01	7.200000e+01	3.556398e-05	0.000000e+00	2.498702e-05
7.200000e+01	7.300000e+01	3.050705e-05	5.766950e-06	8.400890e-06
7.300000e+01	7.400000e+01	2.951558e-05	1.456670e-06	6.536140e-06
7.400000e+01	7.500000e+01	3.470260e-05	1.792675e-05	0.000000e+00
7.500000e+01	7.600000e+01	2.962316e-05	0.000000e+00	6.693910e-06
7.600000e+01	7.700000e+01	3.291801e-05	2.177670e-06	1.330812e-05
7.700000e+01	7.800000e+01	2.441274e-05	2.080900e-07	5.147110e-06
7.800000e+01	7.900000e+01	1.266322e-05	0.000000e+00	1.068258e-05
7.900000e+01	8.000000e+01	1.684009e-05	0.000000e+00	5.031960e-06
8.000000e+01	8.100000e+01	1.725616e-05	0.000000e+00	7.830610e-06
8.100000e+01	8.200000e+01	4.016631e-05	3.544891e-05	0.000000e+00
8.200000e+01	8.300000e+01	1.216188e-05	0.000000e+00	3.940070e-06
8.300000e+01	8.400000e+01	1.184627e-05	0.000000e+00	2.701280e-06
8.400000e+01	8.500000e+01	1.150995e-05	0.000000e+00	9.270690e-06
8.500000e+01	8.600000e+01	1.221502e-05	2.758690e-05	1.027737e-05
8.600000e+01	8.700000e+01	9.482844e-06	0.000000e+00	1.012424e-05
8.700000e+01	8.800000e+01	9.514250e-06	2.657778e-06	4.375780e-06
8.800000e+01	8.900000e+01	4.782964e-06	1.354569e-06	1.127512e-05
8.900000e+01	9.000000e+01	6.370255e-06	0.000000e+00	2.382455e-06
9.000000e+01	9.100000e+01	9.336980e-06	1.515156e-06	4.455130e-07
9.100000e+01	9.200000e+01	7.271668e-06	0.000000e+00	1.829866e-06
9.200000e+01	9.300000e+01	8.727449e-06	8.036070e-07	2.776771e-06
9.300000e+01	9.400000e+01	7.423475e-06	0.000000e+00	9.250375e-06
9.400000e+01	9.500000e+01	7.157859e-06	0.000000e+00	2.309855e-06
9.500000e+01	9.600000e+01	8.388872e-06	1.965607e-06	7.207000e-09
9.600000e+01	9.700000e+01	6.335589e-06	8.120200e-08	4.190391e-06
9.700000e+01	9.800000e+01	6.761016e-06	0.000000e+00	4.846604e-06
9.800000e+01	9.900000e+01	5.924431e-06	2.321208e-06	1.288402e-06
9.900000e+01	1.000000e+02	4.569081e-06	0.000000e+00	2.988745e-06
# END HISTO1D


# BEGIN HISTO1D //homes/tinghua1/Merging-Project/Production/HJETS/ratio-plots/hjets-vbfnlo/H-N2-3-4-25gev-combine.yoda/MC_H2JETS_04_LOOSE/jet1_mass
ErrorBandColor=blue
ErrorBandOpacity=0.3
ErrorBands=1
ErrorType=env
LineColor=blue
LineStyle=solid
Path=//homes/tinghua1/Merging-Project/Production/HJETS/ratio-plots/hjets-vbfnlo/H-N2-3-4-25gev-combine.yoda/MC_H2JETS_04_LOOSE/jet1_mass
RatioPlotSameStyle=1
Title=h(2*,3,4)
# xlow	 xhigh	 val	 errminus	 errplus
0.000000e+00	1.000000e+00	4.779711e-01	1.151813e-01	2.289406e-01
1.000000e+00	2.000000e+00	5.348216e-02	1.272480e-02	2.373840e-02
2.000000e+00	3.000000e+00	4.003609e-02	7.524730e-03	5.554600e-04
3.000000e+00	4.000000e+00	1.118952e-01	1.948430e-02	0.000000e+00
4.000000e+00	5.000000e+00	1.288923e-01	1.441470e-02	0.000000e+00
5.000000e+00	6.000000e+00	1.330101e-01	1.101180e-02	0.000000e+00
6.000000e+00	7.000000e+00	1.298692e-01	1.383030e-02	0.000000e+00
7.000000e+00	8.000000e+00	1.202360e-01	1.573720e-02	8.420000e-04
8.000000e+00	9.000000e+00	1.055302e-01	1.507678e-02	4.003400e-03
9.000000e+00	1.000000e+01	9.078948e-02	1.487467e-02	6.306500e-03
1.000000e+01	1.100000e+01	7.686272e-02	1.358014e-02	7.669400e-03
1.100000e+01	1.200000e+01	6.449279e-02	1.215224e-02	8.141300e-03
1.200000e+01	1.300000e+01	5.395492e-02	1.061287e-02	8.173340e-03
1.300000e+01	1.400000e+01	4.512533e-02	8.444950e-03	7.630380e-03
1.400000e+01	1.500000e+01	3.796899e-02	7.968810e-03	6.758850e-03
1.500000e+01	1.600000e+01	3.179982e-02	6.671410e-03	6.387620e-03
1.600000e+01	1.700000e+01	2.706188e-02	6.031930e-03	5.521440e-03
1.700000e+01	1.800000e+01	2.325446e-02	5.409440e-03	4.590220e-03
1.800000e+01	1.900000e+01	1.958320e-02	4.448050e-03	4.302480e-03
1.900000e+01	2.000000e+01	1.673306e-02	3.907320e-03	3.928490e-03
2.000000e+01	2.100000e+01	1.439317e-02	3.369090e-03	3.447980e-03
2.100000e+01	2.200000e+01	1.238902e-02	3.007400e-03	2.910740e-03
2.200000e+01	2.300000e+01	1.069650e-02	2.601563e-03	2.493150e-03
2.300000e+01	2.400000e+01	9.435838e-03	2.466081e-03	2.067912e-03
2.400000e+01	2.500000e+01	8.078050e-03	2.066390e-03	1.985070e-03
2.500000e+01	2.600000e+01	6.918488e-03	1.666282e-03	1.815602e-03
2.600000e+01	2.700000e+01	6.054146e-03	1.521121e-03	1.541088e-03
2.700000e+01	2.800000e+01	5.265258e-03	1.334355e-03	1.425147e-03
2.800000e+01	2.900000e+01	4.611867e-03	1.204918e-03	1.128186e-03
2.900000e+01	3.000000e+01	4.036879e-03	1.035123e-03	1.039007e-03
3.000000e+01	3.100000e+01	3.475952e-03	8.898750e-04	9.601950e-04
3.100000e+01	3.200000e+01	3.038480e-03	8.139860e-04	7.637070e-04
3.200000e+01	3.300000e+01	2.692609e-03	7.571570e-04	7.321510e-04
3.300000e+01	3.400000e+01	2.364368e-03	6.688980e-04	6.376970e-04
3.400000e+01	3.500000e+01	2.077592e-03	5.625750e-04	5.606040e-04
3.500000e+01	3.600000e+01	1.839293e-03	4.959380e-04	5.271360e-04
3.600000e+01	3.700000e+01	1.582363e-03	3.782420e-04	4.612920e-04
3.700000e+01	3.800000e+01	1.401538e-03	3.956020e-04	3.906330e-04
3.800000e+01	3.900000e+01	1.247397e-03	3.464661e-04	3.425920e-04
3.900000e+01	4.000000e+01	1.120886e-03	3.100101e-04	3.297800e-04
4.000000e+01	4.100000e+01	9.907528e-04	2.773393e-04	2.275232e-04
4.100000e+01	4.200000e+01	8.628869e-04	2.315931e-04	2.766231e-04
4.200000e+01	4.300000e+01	7.673915e-04	1.849215e-04	2.308499e-04
4.300000e+01	4.400000e+01	6.833009e-04	1.960268e-04	1.681382e-04
4.400000e+01	4.500000e+01	5.997042e-04	1.566303e-04	1.621052e-04
4.500000e+01	4.600000e+01	5.314487e-04	1.136229e-04	1.856118e-04
4.600000e+01	4.700000e+01	4.931164e-04	1.135378e-04	1.177866e-04
4.700000e+01	4.800000e+01	4.347482e-04	1.172586e-04	1.331588e-04
4.800000e+01	4.900000e+01	3.800021e-04	8.831110e-05	1.091658e-04
4.900000e+01	5.000000e+01	3.444480e-04	8.095710e-05	1.303154e-04
5.000000e+01	5.100000e+01	3.132478e-04	8.610580e-05	1.020696e-04
5.100000e+01	5.200000e+01	2.971596e-04	6.630080e-05	7.123410e-05
5.200000e+01	5.300000e+01	2.733740e-04	6.968980e-05	7.247500e-05
5.300000e+01	5.400000e+01	2.400031e-04	6.739700e-05	3.461410e-05
5.400000e+01	5.500000e+01	2.305131e-04	6.141140e-05	6.741480e-05
5.500000e+01	5.600000e+01	2.006143e-04	4.480740e-05	5.366300e-05
5.600000e+01	5.700000e+01	1.749014e-04	3.404710e-05	6.607540e-05
5.700000e+01	5.800000e+01	1.520582e-04	1.962760e-05	7.194350e-05
5.800000e+01	5.900000e+01	1.541907e-04	4.785690e-05	5.431190e-05
5.900000e+01	6.000000e+01	1.409007e-04	2.717190e-05	5.507240e-05
6.000000e+01	6.100000e+01	1.289704e-04	1.965040e-05	8.411240e-05
6.100000e+01	6.200000e+01	1.245095e-04	3.876476e-05	4.450980e-05
6.200000e+01	6.300000e+01	1.173459e-04	2.167807e-05	3.473620e-05
6.300000e+01	6.400000e+01	1.108394e-04	4.024511e-05	2.761650e-05
6.400000e+01	6.500000e+01	7.591872e-05	0.000000e+00	6.084158e-05
6.500000e+01	6.600000e+01	1.003738e-04	2.585723e-05	3.076200e-05
6.600000e+01	6.700000e+01	7.593133e-05	1.678464e-05	3.193787e-05
6.700000e+01	6.800000e+01	7.290959e-05	0.000000e+00	3.143691e-05
6.800000e+01	6.900000e+01	7.971868e-05	2.385216e-05	1.146331e-05
6.900000e+01	7.000000e+01	7.454541e-05	2.069513e-05	3.021229e-05
7.000000e+01	7.100000e+01	7.113314e-05	2.036698e-05	2.639352e-05
7.100000e+01	7.200000e+01	6.925611e-05	1.321246e-05	2.013318e-05
7.200000e+01	7.300000e+01	6.049172e-05	1.033986e-05	2.347616e-05
7.300000e+01	7.400000e+01	6.751163e-05	1.478984e-05	5.530440e-06
7.400000e+01	7.500000e+01	6.953048e-05	2.534202e-05	2.496353e-05
7.500000e+01	7.600000e+01	5.966575e-05	1.563506e-05	3.463290e-05
7.600000e+01	7.700000e+01	7.714778e-05	2.497149e-05	4.341350e-06
7.700000e+01	7.800000e+01	7.766290e-05	1.869025e-05	1.792243e-05
7.800000e+01	7.900000e+01	1.002580e-04	2.829894e-05	4.385300e-06
7.900000e+01	8.000000e+01	1.152681e-04	1.925200e-06	8.474500e-06
8.000000e+01	8.100000e+01	1.532806e-04	1.248950e-05	8.606900e-06
8.100000e+01	8.200000e+01	1.375691e-04	8.522500e-06	3.818080e-05
8.200000e+01	8.300000e+01	7.223912e-05	9.422300e-07	6.193168e-05
8.300000e+01	8.400000e+01	6.350333e-05	1.347289e-05	1.526356e-05
8.400000e+01	8.500000e+01	5.299258e-05	2.221222e-05	2.834847e-05
8.500000e+01	8.600000e+01	3.887442e-05	1.172153e-05	1.247506e-05
8.600000e+01	8.700000e+01	4.018595e-05	1.372705e-05	5.701540e-06
8.700000e+01	8.800000e+01	3.789955e-05	1.588158e-05	4.756740e-06
8.800000e+01	8.900000e+01	3.248148e-05	1.201960e-06	1.924249e-05
8.900000e+01	9.000000e+01	2.372544e-05	0.000000e+00	1.901540e-05
9.000000e+01	9.100000e+01	4.118056e-05	3.593780e-06	0.000000e+00
9.100000e+01	9.200000e+01	6.474423e-05	2.618788e-05	0.000000e+00
9.200000e+01	9.300000e+01	3.919511e-05	8.019830e-06	4.709100e-07
9.300000e+01	9.400000e+01	3.275370e-05	7.753470e-06	6.580440e-06
9.400000e+01	9.500000e+01	3.173426e-05	1.512335e-05	0.000000e+00
9.500000e+01	9.600000e+01	2.237876e-05	1.024588e-05	1.591350e-06
9.600000e+01	9.700000e+01	1.920463e-05	6.830970e-06	7.398750e-06
9.700000e+01	9.800000e+01	1.255595e-05	4.227429e-06	7.203940e-06
9.800000e+01	9.900000e+01	1.571186e-05	6.039400e-06	4.698300e-06
9.900000e+01	1.000000e+02	1.124944e-05	2.558982e-06	7.082010e-06
# END HISTO1D


# BEGIN HISTO1D //homes/tinghua1/Merging-Project/Production/HJETS/ratio-plots/hjets-vbfnlo/H-N2-3-4-25gev-vbfnlo-combine.yoda/MC_H2JETS_04_LOOSE/jet1_mass
ErrorBandColor=cyan
ErrorBandOpacity=0.3
ErrorBands=1
ErrorType=env
LineColor=cyan
LineStyle=solid
Path=//homes/tinghua1/Merging-Project/Production/HJETS/ratio-plots/hjets-vbfnlo/H-N2-3-4-25gev-vbfnlo-combine.yoda/MC_H2JETS_04_LOOSE/jet1_mass
RatioPlotSameStyle=1
Title=h(2*,3,4)-vbfnlo
# xlow	 xhigh	 val	 errminus	 errplus
0.000000e+00	1.000000e+00	4.661174e-01	1.151568e-01	2.228704e-01
1.000000e+00	2.000000e+00	5.030106e-02	1.219463e-02	2.300607e-02
2.000000e+00	3.000000e+00	3.889655e-02	7.776900e-03	6.397200e-04
3.000000e+00	4.000000e+00	1.084321e-01	1.976311e-02	0.000000e+00
4.000000e+00	5.000000e+00	1.245072e-01	1.482390e-02	0.000000e+00
5.000000e+00	6.000000e+00	1.282669e-01	1.075900e-02	0.000000e+00
6.000000e+00	7.000000e+00	1.247904e-01	1.313730e-02	0.000000e+00
7.000000e+00	8.000000e+00	1.148781e-01	1.475970e-02	0.000000e+00
8.000000e+00	9.000000e+00	1.006569e-01	1.457468e-02	3.487100e-03
9.000000e+00	1.000000e+01	8.604368e-02	1.385534e-02	5.650810e-03
1.000000e+01	1.100000e+01	7.247038e-02	1.251314e-02	7.091950e-03
1.100000e+01	1.200000e+01	6.066149e-02	1.119382e-02	7.148120e-03
1.200000e+01	1.300000e+01	5.033525e-02	9.740020e-03	7.332430e-03
1.300000e+01	1.400000e+01	4.213219e-02	8.405130e-03	6.961840e-03
1.400000e+01	1.500000e+01	3.530730e-02	7.192420e-03	6.087910e-03
1.500000e+01	1.600000e+01	2.956168e-02	6.123200e-03	5.503120e-03
1.600000e+01	1.700000e+01	2.500076e-02	5.315340e-03	4.857700e-03
1.700000e+01	1.800000e+01	2.113353e-02	4.720290e-03	4.313120e-03
1.800000e+01	1.900000e+01	1.799240e-02	3.968220e-03	3.805010e-03
1.900000e+01	2.000000e+01	1.534327e-02	3.468940e-03	3.171050e-03
2.000000e+01	2.100000e+01	1.310461e-02	2.967760e-03	3.001920e-03
2.100000e+01	2.200000e+01	1.131317e-02	2.614975e-03	2.612020e-03
2.200000e+01	2.300000e+01	9.770043e-03	2.331402e-03	2.164707e-03
2.300000e+01	2.400000e+01	8.383238e-03	1.714080e-03	2.006662e-03
2.400000e+01	2.500000e+01	7.252280e-03	1.777264e-03	1.656484e-03
2.500000e+01	2.600000e+01	6.331368e-03	1.581207e-03	1.380849e-03
2.600000e+01	2.700000e+01	5.463973e-03	1.380962e-03	1.343364e-03
2.700000e+01	2.800000e+01	4.725160e-03	1.166891e-03	1.101874e-03
2.800000e+01	2.900000e+01	4.116072e-03	1.035283e-03	9.469090e-04
2.900000e+01	3.000000e+01	3.599364e-03	9.221810e-04	8.606160e-04
3.000000e+01	3.100000e+01	3.058892e-03	7.272350e-04	7.472380e-04
3.100000e+01	3.200000e+01	2.719639e-03	6.830900e-04	6.246890e-04
3.200000e+01	3.300000e+01	2.354714e-03	5.911220e-04	5.642760e-04
3.300000e+01	3.400000e+01	2.076216e-03	5.214840e-04	4.830730e-04
3.400000e+01	3.500000e+01	1.815542e-03	4.618280e-04	4.485320e-04
3.500000e+01	3.600000e+01	1.567667e-03	3.993000e-04	4.131160e-04
3.600000e+01	3.700000e+01	1.400721e-03	3.637530e-04	3.404570e-04
3.700000e+01	3.800000e+01	1.222751e-03	3.129197e-04	1.532700e-05
3.800000e+01	3.900000e+01	1.046345e-03	2.475589e-04	2.691560e-04
3.900000e+01	4.000000e+01	9.414704e-04	2.339531e-04	2.387676e-04
4.000000e+01	4.100000e+01	8.256930e-04	1.917925e-04	2.066010e-04
4.100000e+01	4.200000e+01	7.401339e-04	2.017847e-04	1.566644e-04
4.200000e+01	4.300000e+01	6.624842e-04	1.868320e-04	1.437193e-04
4.300000e+01	4.400000e+01	5.694745e-04	1.436420e-04	1.307989e-04
4.400000e+01	4.500000e+01	5.124218e-04	1.250022e-04	9.399350e-05
4.500000e+01	4.600000e+01	4.455900e-04	9.658840e-05	1.339139e-04
4.600000e+01	4.700000e+01	4.005275e-04	9.582040e-05	9.177580e-05
4.700000e+01	4.800000e+01	3.631841e-04	9.465480e-05	4.218520e-05
4.800000e+01	4.900000e+01	3.232867e-04	7.620810e-05	7.757370e-05
4.900000e+01	5.000000e+01	2.908938e-04	7.638340e-05	6.925860e-05
5.000000e+01	5.100000e+01	2.380847e-04	4.537210e-05	8.738970e-05
5.100000e+01	5.200000e+01	2.385125e-04	6.258580e-05	6.143380e-05
5.200000e+01	5.300000e+01	2.113438e-04	5.072590e-05	6.843240e-05
5.300000e+01	5.400000e+01	1.944604e-04	4.788230e-05	2.833900e-05
5.400000e+01	5.500000e+01	1.727964e-04	3.122610e-05	4.285910e-05
5.500000e+01	5.600000e+01	1.475341e-04	2.405220e-05	2.555220e-05
5.600000e+01	5.700000e+01	1.467416e-04	3.520440e-05	2.614130e-05
5.700000e+01	5.800000e+01	1.341824e-04	3.218600e-05	1.801520e-05
5.800000e+01	5.900000e+01	1.238367e-04	3.587574e-05	2.350970e-05
5.900000e+01	6.000000e+01	1.071331e-04	1.667223e-05	5.303680e-05
6.000000e+01	6.100000e+01	1.056511e-04	2.407376e-05	1.466810e-05
6.100000e+01	6.200000e+01	9.196307e-05	2.495908e-05	1.954033e-05
6.200000e+01	6.300000e+01	8.728230e-05	2.712381e-05	7.536700e-06
6.300000e+01	6.400000e+01	7.824560e-05	1.983037e-05	1.574674e-05
6.400000e+01	6.500000e+01	6.111797e-05	8.259230e-06	2.255072e-05
6.500000e+01	6.600000e+01	5.928855e-05	4.943590e-06	2.027570e-05
6.600000e+01	6.700000e+01	5.804559e-05	1.268453e-05	3.257450e-06
6.700000e+01	6.800000e+01	5.186903e-05	1.173233e-05	1.028817e-05
6.800000e+01	6.900000e+01	4.672239e-05	1.505471e-05	1.505534e-05
6.900000e+01	7.000000e+01	5.466461e-05	1.644018e-05	0.000000e+00
7.000000e+01	7.100000e+01	4.517616e-05	1.417901e-05	5.126860e-06
7.100000e+01	7.200000e+01	3.302967e-05	2.887860e-06	9.381320e-06
7.200000e+01	7.300000e+01	3.692535e-05	8.613260e-06	1.681815e-05
7.300000e+01	7.400000e+01	3.305021e-05	2.326890e-06	1.199518e-05
7.400000e+01	7.500000e+01	2.769454e-05	2.252320e-06	9.257770e-06
7.500000e+01	7.600000e+01	2.778607e-05	4.968400e-06	2.762200e-06
7.600000e+01	7.700000e+01	2.827695e-05	6.781320e-06	7.810880e-06
7.700000e+01	7.800000e+01	2.727799e-05	9.949690e-06	7.754140e-06
7.800000e+01	7.900000e+01	2.304706e-05	1.690780e-06	5.394220e-06
7.900000e+01	8.000000e+01	2.443724e-05	6.405800e-06	0.000000e+00
8.000000e+01	8.100000e+01	3.501799e-06	0.000000e+00	2.138803e-05
8.100000e+01	8.200000e+01	3.499693e-05	2.333872e-05	0.000000e+00
8.200000e+01	8.300000e+01	1.504778e-05	3.998440e-06	0.000000e+00
8.300000e+01	8.400000e+01	1.548440e-05	2.518830e-06	1.782340e-06
8.400000e+01	8.500000e+01	1.389950e-05	3.365020e-06	7.235000e-08
8.500000e+01	8.600000e+01	1.679285e-05	7.299026e-06	0.000000e+00
8.600000e+01	8.700000e+01	1.428308e-05	2.542250e-06	0.000000e+00
8.700000e+01	8.800000e+01	9.859466e-06	2.275707e-06	2.728794e-06
8.800000e+01	8.900000e+01	9.851271e-06	2.670292e-06	6.158990e-07
8.900000e+01	9.000000e+01	1.073550e-05	2.606849e-06	9.006200e-07
9.000000e+01	9.100000e+01	9.499066e-06	1.911209e-06	1.176174e-06
9.100000e+01	9.200000e+01	9.383215e-06	3.108888e-06	4.372060e-07
9.200000e+01	9.300000e+01	7.087645e-06	0.000000e+00	4.006915e-06
9.300000e+01	9.400000e+01	9.219311e-06	1.014232e-05	0.000000e+00
9.400000e+01	9.500000e+01	8.720579e-06	4.102015e-06	0.000000e+00
9.500000e+01	9.600000e+01	6.712414e-06	5.713160e-07	2.008772e-06
9.600000e+01	9.700000e+01	6.755846e-06	2.139159e-06	0.000000e+00
9.700000e+01	9.800000e+01	6.985664e-06	1.389695e-06	1.288712e-05
9.800000e+01	9.900000e+01	3.727197e-06	4.325250e-07	2.773299e-06
9.900000e+01	1.000000e+02	4.740850e-06	6.899270e-07	0.000000e+00
# END HISTO1D


# BEGIN HISTO1D //homes/tinghua1/Merging-Project/Production/HJETS/ratio-plots/hjets-vbfnlo/H-2-3-4-25gev-combine.yoda/MC_H2JETS_04_LOOSE/jet1_mass
ErrorBandColor=yellow
ErrorBandOpacity=0.3
ErrorBands=1
ErrorType=env
LineColor=yellow
LineStyle=solid
Path=//homes/tinghua1/Merging-Project/Production/HJETS/ratio-plots/hjets-vbfnlo/H-2-3-4-25gev-combine.yoda/MC_H2JETS_04_LOOSE/jet1_mass
RatioPlotSameStyle=1
Title=h(2,3,4)
# xlow	 xhigh	 val	 errminus	 errplus
0.000000e+00	1.000000e+00	4.814814e-01	1.054929e-01	2.053437e-01
1.000000e+00	2.000000e+00	5.357747e-02	1.222110e-02	2.263186e-02
2.000000e+00	3.000000e+00	4.013341e-02	6.815890e-03	0.000000e+00
3.000000e+00	4.000000e+00	1.127840e-01	1.761022e-02	0.000000e+00
4.000000e+00	5.000000e+00	1.294459e-01	1.233470e-02	0.000000e+00
5.000000e+00	6.000000e+00	1.337036e-01	1.536420e-02	0.000000e+00
6.000000e+00	7.000000e+00	1.304556e-01	1.795840e-02	1.309000e-04
7.000000e+00	8.000000e+00	1.196221e-01	1.851710e-02	5.042300e-03
8.000000e+00	9.000000e+00	1.053692e-01	1.841421e-02	8.023400e-03
9.000000e+00	1.000000e+01	9.027635e-02	1.743843e-02	9.950750e-03
1.000000e+01	1.100000e+01	7.635543e-02	1.577837e-02	1.077499e-02
1.100000e+01	1.200000e+01	6.365375e-02	1.374954e-02	1.106373e-02
1.200000e+01	1.300000e+01	5.339735e-02	1.215610e-02	1.013332e-02
1.300000e+01	1.400000e+01	4.461036e-02	1.033436e-02	9.318180e-03
1.400000e+01	1.500000e+01	3.717862e-02	8.799110e-03	8.833090e-03
1.500000e+01	1.600000e+01	3.148423e-02	7.714590e-03	7.520830e-03
1.600000e+01	1.700000e+01	2.651609e-02	6.619960e-03	6.884490e-03
1.700000e+01	1.800000e+01	2.246558e-02	5.673940e-03	6.031560e-03
1.800000e+01	1.900000e+01	1.914997e-02	4.948090e-03	5.372290e-03
1.900000e+01	2.000000e+01	1.629919e-02	4.204450e-03	4.748480e-03
2.000000e+01	2.100000e+01	1.410945e-02	3.835670e-03	4.034920e-03
2.100000e+01	2.200000e+01	1.206237e-02	3.258497e-03	3.514600e-03
2.200000e+01	2.300000e+01	1.041617e-02	2.824185e-03	3.158420e-03
2.300000e+01	2.400000e+01	8.997035e-03	2.560039e-03	2.746235e-03
2.400000e+01	2.500000e+01	7.779020e-03	2.165250e-03	2.451370e-03
2.500000e+01	2.600000e+01	6.735295e-03	1.910808e-03	2.055659e-03
2.600000e+01	2.700000e+01	5.859844e-03	1.646825e-03	1.794944e-03
2.700000e+01	2.800000e+01	5.179110e-03	1.549049e-03	1.505698e-03
2.800000e+01	2.900000e+01	4.430470e-03	1.252728e-03	1.433829e-03
2.900000e+01	3.000000e+01	3.896691e-03	1.161172e-03	1.174854e-03
3.000000e+01	3.100000e+01	3.341839e-03	9.831150e-04	1.114736e-03
3.100000e+01	3.200000e+01	2.931042e-03	8.503030e-04	9.612080e-04
3.200000e+01	3.300000e+01	2.618709e-03	7.937290e-04	7.889280e-04
3.300000e+01	3.400000e+01	2.273011e-03	7.110160e-04	7.379560e-04
3.400000e+01	3.500000e+01	1.947548e-03	5.519730e-04	6.666130e-04
3.500000e+01	3.600000e+01	1.718684e-03	4.872120e-04	6.135100e-04
3.600000e+01	3.700000e+01	1.520620e-03	4.452570e-04	4.896210e-04
3.700000e+01	3.800000e+01	1.356855e-03	4.349359e-04	3.668950e-04
3.800000e+01	3.900000e+01	1.163014e-03	3.538967e-04	4.230780e-04
3.900000e+01	4.000000e+01	1.051466e-03	3.199918e-04	3.372110e-04
4.000000e+01	4.100000e+01	9.197830e-04	2.694313e-04	3.226130e-04
4.100000e+01	4.200000e+01	7.957592e-04	2.233436e-04	3.119048e-04
4.200000e+01	4.300000e+01	7.408478e-04	2.373176e-04	1.951032e-04
4.300000e+01	4.400000e+01	6.467682e-04	2.025466e-04	2.143557e-04
4.400000e+01	4.500000e+01	5.592003e-04	1.592181e-04	1.988685e-04
4.500000e+01	4.600000e+01	5.023369e-04	1.411904e-04	1.768954e-04
4.600000e+01	4.700000e+01	4.602844e-04	1.396498e-04	2.253273e-04
4.700000e+01	4.800000e+01	3.733458e-04	8.161780e-05	1.845633e-04
4.800000e+01	4.900000e+01	3.629700e-04	1.059969e-04	1.285200e-04
4.900000e+01	5.000000e+01	3.379741e-04	9.224020e-05	1.173019e-04
5.000000e+01	5.100000e+01	2.881921e-04	6.955280e-05	1.238321e-04
5.100000e+01	5.200000e+01	2.722495e-04	8.695250e-05	1.071215e-04
5.200000e+01	5.300000e+01	2.500766e-04	7.621720e-05	8.876600e-05
5.300000e+01	5.400000e+01	2.156681e-04	5.568540e-05	8.297770e-05
5.400000e+01	5.500000e+01	2.008290e-04	9.660800e-05	7.218380e-05
5.500000e+01	5.600000e+01	1.826018e-04	4.619790e-05	6.734830e-05
5.600000e+01	5.700000e+01	1.755206e-04	4.853330e-05	5.591050e-05
5.700000e+01	5.800000e+01	1.485670e-04	4.194570e-05	6.145570e-05
5.800000e+01	5.900000e+01	1.455769e-04	4.232310e-05	5.009400e-05
5.900000e+01	6.000000e+01	1.266713e-04	3.058330e-05	5.627430e-05
6.000000e+01	6.100000e+01	1.248755e-04	3.633343e-05	3.613280e-05
6.100000e+01	6.200000e+01	1.142534e-04	3.025452e-05	5.011890e-05
6.200000e+01	6.300000e+01	1.041733e-04	2.536722e-05	4.798800e-05
6.300000e+01	6.400000e+01	1.057300e-04	3.170468e-05	3.835690e-05
6.400000e+01	6.500000e+01	8.416426e-05	1.592092e-05	3.825234e-05
6.500000e+01	6.600000e+01	8.953853e-05	2.352533e-05	2.592277e-05
6.600000e+01	6.700000e+01	7.364628e-05	1.451717e-05	6.437442e-05
6.700000e+01	6.800000e+01	7.517053e-05	2.263534e-05	2.555287e-05
6.800000e+01	6.900000e+01	6.515373e-05	1.994866e-05	2.920556e-05
6.900000e+01	7.000000e+01	7.237388e-05	2.104407e-05	1.611563e-05
7.000000e+01	7.100000e+01	6.098684e-05	1.681660e-05	2.719363e-05
7.100000e+01	7.200000e+01	6.188522e-05	1.825912e-05	2.459543e-05
7.200000e+01	7.300000e+01	6.022649e-05	1.334462e-05	1.951548e-05
7.300000e+01	7.400000e+01	5.472948e-05	1.415430e-05	2.472329e-05
7.400000e+01	7.500000e+01	5.416193e-05	1.842235e-05	1.963848e-05
7.500000e+01	7.600000e+01	5.265853e-05	6.850700e-06	2.734117e-05
7.600000e+01	7.700000e+01	5.273602e-05	1.276666e-05	2.279389e-05
7.700000e+01	7.800000e+01	5.921013e-05	1.652583e-05	2.059955e-05
7.800000e+01	7.900000e+01	6.557646e-05	1.382777e-05	3.614164e-05
7.900000e+01	8.000000e+01	8.857646e-05	8.352670e-06	1.997134e-05
8.000000e+01	8.100000e+01	1.225842e-04	1.869140e-05	2.365340e-05
8.100000e+01	8.200000e+01	9.255291e-05	1.850555e-05	1.801749e-05
8.200000e+01	8.300000e+01	6.401440e-05	1.446108e-05	2.195335e-05
8.300000e+01	8.400000e+01	5.639789e-05	2.103330e-05	5.381870e-06
8.400000e+01	8.500000e+01	3.802176e-05	7.588070e-06	2.135056e-05
8.500000e+01	8.600000e+01	3.787249e-05	1.553151e-05	3.162080e-06
8.600000e+01	8.700000e+01	5.615135e-05	5.078975e-05	0.000000e+00
8.700000e+01	8.800000e+01	3.207377e-05	1.554536e-05	5.881560e-06
8.800000e+01	8.900000e+01	2.924594e-05	0.000000e+00	7.182510e-06
8.900000e+01	9.000000e+01	2.928077e-05	4.921080e-06	7.499670e-06
9.000000e+01	9.100000e+01	3.305130e-05	4.864950e-06	5.576270e-06
9.100000e+01	9.200000e+01	3.526398e-05	7.299550e-06	6.173910e-06
9.200000e+01	9.300000e+01	3.779320e-05	1.326789e-05	2.389640e-06
9.300000e+01	9.400000e+01	2.172980e-05	5.306960e-06	2.690380e-06
9.400000e+01	9.500000e+01	1.626955e-05	4.644300e-06	7.532100e-06
9.500000e+01	9.600000e+01	1.507116e-05	3.578510e-06	7.916850e-06
9.600000e+01	9.700000e+01	1.217759e-05	0.000000e+00	5.730342e-05
9.700000e+01	9.800000e+01	1.137483e-05	3.725655e-06	1.837540e-06
9.800000e+01	9.900000e+01	5.412315e-06	1.361081e-06	6.962045e-06
9.900000e+01	1.000000e+02	7.103944e-06	0.000000e+00	5.137536e-06
# END HISTO1D


# BEGIN HISTO1D //homes/tinghua1/Merging-Project/Production/HJETS/ratio-plots/hjets-vbfnlo/H-2-3-4-25gev-vbfnlo-combine.yoda/MC_H2JETS_04_LOOSE/jet1_mass
ErrorBandColor=green
ErrorBandOpacity=0.3
ErrorBands=1
ErrorType=env
LineColor=green
LineStyle=solid
Path=//homes/tinghua1/Merging-Project/Production/HJETS/ratio-plots/hjets-vbfnlo/H-2-3-4-25gev-vbfnlo-combine.yoda/MC_H2JETS_04_LOOSE/jet1_mass
RatioPlotSameStyle=1
Title=h(2,3,4)-vbfnlo
# xlow	 xhigh	 val	 errminus	 errplus
0.000000e+00	1.000000e+00	4.734724e-01	1.038017e-01	2.018492e-01
1.000000e+00	2.000000e+00	5.168014e-02	1.209106e-02	2.193814e-02
2.000000e+00	3.000000e+00	3.944079e-02	6.618040e-03	0.000000e+00
3.000000e+00	4.000000e+00	1.105190e-01	1.715223e-02	0.000000e+00
4.000000e+00	5.000000e+00	1.265574e-01	1.197360e-02	0.000000e+00
5.000000e+00	6.000000e+00	1.303194e-01	1.471630e-02	0.000000e+00
6.000000e+00	7.000000e+00	1.267410e-01	1.722060e-02	3.430000e-04
7.000000e+00	8.000000e+00	1.162556e-01	1.814974e-02	4.725000e-03
8.000000e+00	9.000000e+00	1.020935e-01	1.786891e-02	7.469600e-03
9.000000e+00	1.000000e+01	8.729944e-02	1.668455e-02	9.408960e-03
1.000000e+01	1.100000e+01	7.367933e-02	1.510793e-02	1.017929e-02
1.100000e+01	1.200000e+01	6.138521e-02	1.308768e-02	1.035053e-02
1.200000e+01	1.300000e+01	5.130737e-02	1.149401e-02	9.792530e-03
1.300000e+01	1.400000e+01	4.291801e-02	9.958460e-03	8.944450e-03
1.400000e+01	1.500000e+01	3.582448e-02	8.418590e-03	8.189330e-03
1.500000e+01	1.600000e+01	3.022792e-02	7.369410e-03	7.246360e-03
1.600000e+01	1.700000e+01	2.545138e-02	6.268580e-03	6.473890e-03
1.700000e+01	1.800000e+01	2.159914e-02	5.431140e-03	5.753860e-03
1.800000e+01	1.900000e+01	1.841031e-02	4.727030e-03	5.053920e-03
1.900000e+01	2.000000e+01	1.573311e-02	4.091990e-03	4.422690e-03
2.000000e+01	2.100000e+01	1.351010e-02	3.571564e-03	3.875660e-03
2.100000e+01	2.200000e+01	1.165207e-02	3.119349e-03	3.381140e-03
2.200000e+01	2.300000e+01	1.003961e-02	2.721843e-03	2.955530e-03
2.300000e+01	2.400000e+01	8.638174e-03	2.344204e-03	2.617986e-03
2.400000e+01	2.500000e+01	7.511731e-03	2.086160e-03	2.247508e-03
2.500000e+01	2.600000e+01	6.474885e-03	1.815147e-03	2.009772e-03
2.600000e+01	2.700000e+01	5.622672e-03	1.585545e-03	1.740635e-03
2.700000e+01	2.800000e+01	4.925537e-03	1.405148e-03	1.484618e-03
2.800000e+01	2.900000e+01	4.264556e-03	1.218530e-03	1.327331e-03
2.900000e+01	3.000000e+01	3.732093e-03	1.105574e-03	1.142551e-03
3.000000e+01	3.100000e+01	3.259818e-03	9.619720e-04	1.006500e-03
3.100000e+01	3.200000e+01	2.825896e-03	8.220510e-04	8.899470e-04
3.200000e+01	3.300000e+01	2.437907e-03	7.037720e-04	8.429730e-04
3.300000e+01	3.400000e+01	2.169027e-03	6.518250e-04	6.789840e-04
3.400000e+01	3.500000e+01	1.887374e-03	5.712430e-04	6.065770e-04
3.500000e+01	3.600000e+01	1.665497e-03	4.978080e-04	5.353320e-04
3.600000e+01	3.700000e+01	1.446121e-03	4.304930e-04	4.756770e-04
3.700000e+01	3.800000e+01	1.283775e-03	3.904315e-04	4.018240e-04
3.800000e+01	3.900000e+01	1.112401e-03	3.148516e-04	3.947320e-04
3.900000e+01	4.000000e+01	9.800310e-04	2.899693e-04	3.461430e-04
4.000000e+01	4.100000e+01	8.825493e-04	2.645362e-04	3.081047e-04
4.100000e+01	4.200000e+01	7.641002e-04	2.172859e-04	2.609968e-04
4.200000e+01	4.300000e+01	6.902529e-04	2.190896e-04	2.225579e-04
4.300000e+01	4.400000e+01	5.970860e-04	1.665796e-04	2.295284e-04
4.400000e+01	4.500000e+01	5.426981e-04	1.631791e-04	1.858119e-04
4.500000e+01	4.600000e+01	4.772553e-04	1.356347e-04	1.611996e-04
4.600000e+01	4.700000e+01	4.278731e-04	1.196746e-04	1.822825e-04
4.700000e+01	4.800000e+01	3.846586e-04	1.153626e-04	1.437709e-04
4.800000e+01	4.900000e+01	3.441666e-04	9.050920e-05	1.243605e-04
4.900000e+01	5.000000e+01	3.096625e-04	8.407050e-05	1.046837e-04
5.000000e+01	5.100000e+01	2.806370e-04	8.086970e-05	9.352390e-05
5.100000e+01	5.200000e+01	2.596079e-04	8.772340e-05	8.362990e-05
5.200000e+01	5.300000e+01	2.305308e-04	7.317570e-05	7.437260e-05
5.300000e+01	5.400000e+01	2.093848e-04	9.153550e-05	6.513670e-05
5.400000e+01	5.500000e+01	1.902642e-04	5.684310e-05	3.219030e-05
5.500000e+01	5.600000e+01	1.739489e-04	4.920400e-05	5.214110e-05
5.600000e+01	5.700000e+01	1.560857e-04	4.787520e-05	5.446860e-05
5.700000e+01	5.800000e+01	1.375589e-04	3.490370e-05	4.550320e-05
5.800000e+01	5.900000e+01	1.270466e-04	3.138064e-05	4.356050e-05
5.900000e+01	6.000000e+01	1.209008e-04	3.467948e-05	3.177360e-05
6.000000e+01	6.100000e+01	1.078819e-04	2.941710e-05	3.598870e-05
6.100000e+01	6.200000e+01	1.003061e-04	2.902330e-05	2.872780e-05
6.200000e+01	6.300000e+01	8.620096e-05	1.553882e-05	3.509804e-05
6.300000e+01	6.400000e+01	8.187231e-05	2.570543e-05	2.306409e-05
6.400000e+01	6.500000e+01	7.708761e-05	2.168270e-05	2.526499e-05
6.500000e+01	6.600000e+01	6.862149e-05	1.782911e-05	1.895358e-05
6.600000e+01	6.700000e+01	6.636551e-05	1.915819e-05	2.798888e-05
6.700000e+01	6.800000e+01	5.500034e-05	1.534509e-05	2.281929e-05
6.800000e+01	6.900000e+01	5.613071e-05	1.814488e-05	2.118595e-05
6.900000e+01	7.000000e+01	4.706107e-05	7.177510e-06	1.705758e-05
7.000000e+01	7.100000e+01	4.469256e-05	7.928970e-06	1.779770e-05
7.100000e+01	7.200000e+01	4.451560e-05	1.289028e-05	8.807120e-06
7.200000e+01	7.300000e+01	4.148311e-05	1.069428e-05	1.229175e-05
7.300000e+01	7.400000e+01	4.221616e-05	1.398815e-05	9.198730e-06
7.400000e+01	7.500000e+01	3.682079e-05	1.252078e-05	1.188823e-05
7.500000e+01	7.600000e+01	2.954465e-05	4.484150e-06	7.249690e-06
7.600000e+01	7.700000e+01	3.090997e-05	8.545640e-06	7.536030e-06
7.700000e+01	7.800000e+01	2.826131e-05	1.060743e-05	7.891990e-06
7.800000e+01	7.900000e+01	2.359353e-05	3.856370e-06	6.671060e-06
7.900000e+01	8.000000e+01	2.291241e-05	5.806800e-06	1.001272e-05
8.000000e+01	8.100000e+01	2.073034e-05	6.554750e-06	4.288500e-07
8.100000e+01	8.200000e+01	2.048543e-05	5.719820e-06	2.242260e-06
8.200000e+01	8.300000e+01	1.978449e-05	6.407790e-06	4.025540e-06
8.300000e+01	8.400000e+01	1.526628e-05	3.089520e-06	1.092353e-05
8.400000e+01	8.500000e+01	1.615135e-05	2.700700e-06	3.355690e-06
8.500000e+01	8.600000e+01	1.615631e-05	4.920500e-06	1.375628e-05
8.600000e+01	8.700000e+01	1.357048e-05	1.417520e-06	5.719850e-06
8.700000e+01	8.800000e+01	1.383184e-05	2.883950e-06	4.294490e-06
8.800000e+01	8.900000e+01	1.226409e-05	2.213480e-06	2.934360e-06
8.900000e+01	9.000000e+01	1.056016e-05	2.133210e-06	5.159460e-06
9.000000e+01	9.100000e+01	9.208732e-06	1.335079e-06	5.314758e-06
9.100000e+01	9.200000e+01	1.114295e-05	4.321710e-06	2.608700e-06
9.200000e+01	9.300000e+01	9.680258e-06	3.330959e-06	2.320232e-06
9.300000e+01	9.400000e+01	7.591070e-06	8.799120e-07	3.376920e-06
9.400000e+01	9.500000e+01	8.113739e-06	1.505806e-06	1.814423e-06
9.500000e+01	9.600000e+01	8.517516e-06	2.881211e-06	6.757930e-07
9.600000e+01	9.700000e+01	6.970597e-06	2.115898e-06	1.674083e-06
9.700000e+01	9.800000e+01	7.876873e-06	2.777656e-06	4.300510e-07
9.800000e+01	9.900000e+01	5.552515e-06	8.066980e-07	2.714603e-06
9.900000e+01	1.000000e+02	5.352267e-06	5.349510e-07	3.792662e-06
# END HISTO1D


# BEGIN HISTO1D //homes/tinghua1/Merging-Project/Production/HJETS/ratio-plots/hjets-vbfnlo/H-2-3-25gev-combine.yoda/MC_H2JETS_04_LOOSE/jet1_mass
ErrorBandColor=purple
ErrorBandOpacity=0.3
ErrorBands=1
ErrorType=env
LineColor=purple
LineStyle=solid
Path=//homes/tinghua1/Merging-Project/Production/HJETS/ratio-plots/hjets-vbfnlo/H-2-3-25gev-combine.yoda/MC_H2JETS_04_LOOSE/jet1_mass
RatioPlotSameStyle=1
Title=h(2,3)
# xlow	 xhigh	 val	 errminus	 errplus
0.000000e+00	1.000000e+00	6.856976e-01	3.099019e-01	0.000000e+00
1.000000e+00	2.000000e+00	7.615590e-02	3.495268e-02	0.000000e+00
2.000000e+00	3.000000e+00	3.935633e-02	5.993760e-03	7.016400e-04
3.000000e+00	4.000000e+00	1.051071e-01	9.535570e-03	7.489800e-03
4.000000e+00	5.000000e+00	1.172262e-01	0.000000e+00	1.232020e-02
5.000000e+00	6.000000e+00	1.182878e-01	0.000000e+00	1.550190e-02
6.000000e+00	7.000000e+00	1.124530e-01	0.000000e+00	1.795160e-02
7.000000e+00	8.000000e+00	1.008068e-01	0.000000e+00	2.369020e-02
8.000000e+00	9.000000e+00	8.669890e-02	0.000000e+00	2.653340e-02
9.000000e+00	1.000000e+01	7.281472e-02	0.000000e+00	2.731968e-02
1.000000e+01	1.100000e+01	6.057738e-02	0.000000e+00	2.618294e-02
1.100000e+01	1.200000e+01	4.993088e-02	0.000000e+00	2.443531e-02
1.200000e+01	1.300000e+01	4.125413e-02	0.000000e+00	2.226085e-02
1.300000e+01	1.400000e+01	3.407812e-02	0.000000e+00	1.985365e-02
1.400000e+01	1.500000e+01	2.849316e-02	0.000000e+00	1.731493e-02
1.500000e+01	1.600000e+01	2.374097e-02	0.000000e+00	1.525475e-02
1.600000e+01	1.700000e+01	1.992251e-02	0.000000e+00	1.343147e-02
1.700000e+01	1.800000e+01	1.681514e-02	0.000000e+00	1.173053e-02
1.800000e+01	1.900000e+01	1.419889e-02	0.000000e+00	9.956910e-03
1.900000e+01	2.000000e+01	1.207757e-02	0.000000e+00	8.930900e-03
2.000000e+01	2.100000e+01	1.034623e-02	0.000000e+00	7.753610e-03
2.100000e+01	2.200000e+01	8.835901e-03	0.000000e+00	6.857289e-03
2.200000e+01	2.300000e+01	7.589043e-03	0.000000e+00	5.922847e-03
2.300000e+01	2.400000e+01	6.512810e-03	0.000000e+00	5.168300e-03
2.400000e+01	2.500000e+01	5.587378e-03	0.000000e+00	4.611132e-03
2.500000e+01	2.600000e+01	4.870822e-03	0.000000e+00	3.973016e-03
2.600000e+01	2.700000e+01	4.187565e-03	0.000000e+00	3.470655e-03
2.700000e+01	2.800000e+01	3.631039e-03	0.000000e+00	3.104648e-03
2.800000e+01	2.900000e+01	3.153650e-03	0.000000e+00	2.850381e-03
2.900000e+01	3.000000e+01	2.735729e-03	0.000000e+00	2.369326e-03
3.000000e+01	3.100000e+01	2.372446e-03	0.000000e+00	2.093431e-03
3.100000e+01	3.200000e+01	2.077107e-03	0.000000e+00	1.796858e-03
3.200000e+01	3.300000e+01	1.806729e-03	0.000000e+00	1.603266e-03
3.300000e+01	3.400000e+01	1.579640e-03	0.000000e+00	1.378178e-03
3.400000e+01	3.500000e+01	1.380161e-03	0.000000e+00	1.223719e-03
3.500000e+01	3.600000e+01	1.209846e-03	0.000000e+00	1.097835e-03
3.600000e+01	3.700000e+01	1.055563e-03	0.000000e+00	9.764260e-04
3.700000e+01	3.800000e+01	9.253629e-04	0.000000e+00	8.348161e-04
3.800000e+01	3.900000e+01	8.302392e-04	0.000000e+00	7.411748e-04
3.900000e+01	4.000000e+01	7.281792e-04	0.000000e+00	6.520138e-04
4.000000e+01	4.100000e+01	6.355635e-04	0.000000e+00	5.932275e-04
4.100000e+01	4.200000e+01	5.702193e-04	0.000000e+00	5.368827e-04
4.200000e+01	4.300000e+01	5.015019e-04	0.000000e+00	4.708461e-04
4.300000e+01	4.400000e+01	4.516900e-04	0.000000e+00	4.022809e-04
4.400000e+01	4.500000e+01	3.952442e-04	0.000000e+00	3.709675e-04
4.500000e+01	4.600000e+01	3.582900e-04	0.000000e+00	3.199473e-04
4.600000e+01	4.700000e+01	3.246824e-04	0.000000e+00	2.795699e-04
4.700000e+01	4.800000e+01	2.815765e-04	0.000000e+00	2.702909e-04
4.800000e+01	4.900000e+01	2.556029e-04	0.000000e+00	2.413042e-04
4.900000e+01	5.000000e+01	2.289505e-04	0.000000e+00	2.116017e-04
5.000000e+01	5.100000e+01	2.110848e-04	0.000000e+00	1.988160e-04
5.100000e+01	5.200000e+01	1.999690e-04	0.000000e+00	1.645962e-04
5.200000e+01	5.300000e+01	1.713506e-04	0.000000e+00	1.525639e-04
5.300000e+01	5.400000e+01	1.573584e-04	0.000000e+00	1.440408e-04
5.400000e+01	5.500000e+01	1.442295e-04	0.000000e+00	1.296827e-04
5.500000e+01	5.600000e+01	1.333128e-04	0.000000e+00	1.195004e-04
5.600000e+01	5.700000e+01	1.231630e-04	0.000000e+00	1.043603e-04
5.700000e+01	5.800000e+01	1.084752e-04	0.000000e+00	1.008747e-04
5.800000e+01	5.900000e+01	1.040376e-04	0.000000e+00	8.763820e-05
5.900000e+01	6.000000e+01	9.375071e-05	0.000000e+00	8.015759e-05
6.000000e+01	6.100000e+01	8.642773e-05	0.000000e+00	8.086367e-05
6.100000e+01	6.200000e+01	8.045929e-05	0.000000e+00	6.590231e-05
6.200000e+01	6.300000e+01	7.279493e-05	0.000000e+00	6.493487e-05
6.300000e+01	6.400000e+01	6.727086e-05	0.000000e+00	6.095714e-05
6.400000e+01	6.500000e+01	6.490424e-05	0.000000e+00	5.069536e-05
6.500000e+01	6.600000e+01	5.924947e-05	0.000000e+00	4.875413e-05
6.600000e+01	6.700000e+01	5.430110e-05	0.000000e+00	5.000940e-05
6.700000e+01	6.800000e+01	5.004829e-05	0.000000e+00	4.811643e-05
6.800000e+01	6.900000e+01	5.020336e-05	0.000000e+00	1.908336e-05
6.900000e+01	7.000000e+01	4.644661e-05	0.000000e+00	3.818326e-05
7.000000e+01	7.100000e+01	4.404175e-05	0.000000e+00	3.684339e-05
7.100000e+01	7.200000e+01	4.171569e-05	0.000000e+00	3.896018e-05
7.200000e+01	7.300000e+01	4.168152e-05	0.000000e+00	3.538341e-05
7.300000e+01	7.400000e+01	3.775163e-05	0.000000e+00	3.624580e-05
7.400000e+01	7.500000e+01	3.821491e-05	0.000000e+00	3.617224e-05
7.500000e+01	7.600000e+01	3.936328e-05	0.000000e+00	2.985935e-05
7.600000e+01	7.700000e+01	3.827605e-05	0.000000e+00	3.319967e-05
7.700000e+01	7.800000e+01	4.298805e-05	0.000000e+00	3.157449e-05
7.800000e+01	7.900000e+01	4.961399e-05	0.000000e+00	3.054558e-05
7.900000e+01	8.000000e+01	6.769584e-05	0.000000e+00	2.928087e-05
8.000000e+01	8.100000e+01	9.447006e-05	0.000000e+00	2.493334e-05
8.100000e+01	8.200000e+01	7.394517e-05	0.000000e+00	3.423683e-05
8.200000e+01	8.300000e+01	4.582486e-05	0.000000e+00	3.252827e-05
8.300000e+01	8.400000e+01	3.262810e-05	0.000000e+00	2.647010e-05
8.400000e+01	8.500000e+01	2.546212e-05	0.000000e+00	2.058222e-05
8.500000e+01	8.600000e+01	2.172064e-05	0.000000e+00	1.959473e-05
8.600000e+01	8.700000e+01	1.837902e-05	0.000000e+00	1.833610e-05
8.700000e+01	8.800000e+01	1.949360e-05	0.000000e+00	1.558962e-05
8.800000e+01	8.900000e+01	1.851507e-05	0.000000e+00	1.521661e-05
8.900000e+01	9.000000e+01	2.011631e-05	0.000000e+00	1.358873e-05
9.000000e+01	9.100000e+01	2.385395e-05	0.000000e+00	1.179092e-05
9.100000e+01	9.200000e+01	2.661352e-05	0.000000e+00	1.276458e-05
9.200000e+01	9.300000e+01	2.055338e-05	0.000000e+00	1.318953e-05
9.300000e+01	9.400000e+01	1.469999e-05	0.000000e+00	1.102181e-05
9.400000e+01	9.500000e+01	1.238312e-05	0.000000e+00	8.552610e-06
9.500000e+01	9.600000e+01	1.072896e-05	0.000000e+00	6.078350e-06
9.600000e+01	9.700000e+01	7.648143e-06	0.000000e+00	7.503807e-06
9.700000e+01	9.800000e+01	7.025810e-06	0.000000e+00	6.829190e-06
9.800000e+01	9.900000e+01	6.112894e-06	0.000000e+00	6.018196e-06
9.900000e+01	1.000000e+02	5.998377e-06	0.000000e+00	4.624293e-06
# END HISTO1D


# BEGIN HISTO1D //homes/tinghua1/Merging-Project/Production/HJETS/ratio-plots/hjets-vbfnlo/H-2-3-25gev-vbfnlo-combine.yoda/MC_H2JETS_04_LOOSE/jet1_mass
ErrorBandColor=violet
ErrorBandOpacity=0.3
ErrorBands=1
ErrorType=env
LineColor=violet
LineStyle=solid
Path=//homes/tinghua1/Merging-Project/Production/HJETS/ratio-plots/hjets-vbfnlo/H-2-3-25gev-vbfnlo-combine.yoda/MC_H2JETS_04_LOOSE/jet1_mass
RatioPlotSameStyle=1
Title=h(2,3)-vbfnlo
# xlow	 xhigh	 val	 errminus	 errplus
0.000000e+00	1.000000e+00	3.695595e-01	0.000000e+00	3.058725e-01
1.000000e+00	2.000000e+00	3.965689e-02	0.000000e+00	3.397749e-02
2.000000e+00	3.000000e+00	3.277403e-02	0.000000e+00	6.710550e-03
3.000000e+00	4.000000e+00	9.339702e-02	0.000000e+00	1.707628e-02
4.000000e+00	5.000000e+00	1.149807e-01	3.567000e-04	1.162030e-02
5.000000e+00	6.000000e+00	1.253464e-01	9.882600e-03	5.017200e-03
6.000000e+00	7.000000e+00	1.271802e-01	1.766000e-02	0.000000e+00
7.000000e+00	8.000000e+00	1.207156e-01	2.264942e-02	0.000000e+00
8.000000e+00	9.000000e+00	1.097459e-01	2.545453e-02	0.000000e+00
9.000000e+00	1.000000e+01	9.670005e-02	2.603090e-02	0.000000e+00
1.000000e+01	1.100000e+01	8.382330e-02	2.526419e-02	0.000000e+00
1.100000e+01	1.200000e+01	7.183593e-02	2.346096e-02	0.000000e+00
1.200000e+01	1.300000e+01	6.112138e-02	2.124793e-02	0.000000e+00
1.300000e+01	1.400000e+01	5.186167e-02	1.885906e-02	0.000000e+00
1.400000e+01	1.500000e+01	4.419257e-02	1.673561e-02	0.000000e+00
1.500000e+01	1.600000e+01	3.757312e-02	1.467956e-02	0.000000e+00
1.600000e+01	1.700000e+01	3.203392e-02	1.277786e-02	0.000000e+00
1.700000e+01	1.800000e+01	2.737673e-02	1.119450e-02	0.000000e+00
1.800000e+01	1.900000e+01	2.352565e-02	9.822520e-03	0.000000e+00
1.900000e+01	2.000000e+01	2.022165e-02	8.521840e-03	0.000000e+00
2.000000e+01	2.100000e+01	1.741059e-02	7.444741e-03	0.000000e+00
2.100000e+01	2.200000e+01	1.503664e-02	6.522964e-03	0.000000e+00
2.200000e+01	2.300000e+01	1.304881e-02	5.728097e-03	0.000000e+00
2.300000e+01	2.400000e+01	1.129104e-02	4.994760e-03	0.000000e+00
2.400000e+01	2.500000e+01	9.804396e-03	4.386544e-03	0.000000e+00
2.500000e+01	2.600000e+01	8.543501e-03	3.864854e-03	0.000000e+00
2.600000e+01	2.700000e+01	7.406015e-03	3.325464e-03	0.000000e+00
2.700000e+01	2.800000e+01	6.436568e-03	2.916428e-03	0.000000e+00
2.800000e+01	2.900000e+01	5.616865e-03	2.565224e-03	0.000000e+00
2.900000e+01	3.000000e+01	4.910368e-03	2.249476e-03	0.000000e+00
3.000000e+01	3.100000e+01	4.301477e-03	1.991751e-03	0.000000e+00
3.100000e+01	3.200000e+01	3.746992e-03	1.729474e-03	0.000000e+00
3.200000e+01	3.300000e+01	3.196155e-03	1.445407e-03	0.000000e+00
3.300000e+01	3.400000e+01	2.872599e-03	1.353839e-03	0.000000e+00
3.400000e+01	3.500000e+01	2.534190e-03	1.201069e-03	0.000000e+00
3.500000e+01	3.600000e+01	2.226310e-03	1.056915e-03	0.000000e+00
3.600000e+01	3.700000e+01	1.938357e-03	9.078990e-04	0.000000e+00
3.700000e+01	3.800000e+01	1.720975e-03	8.143460e-04	0.000000e+00
3.800000e+01	3.900000e+01	1.517111e-03	7.212690e-04	0.000000e+00
3.900000e+01	4.000000e+01	1.335054e-03	6.363574e-04	0.000000e+00
4.000000e+01	4.100000e+01	1.192043e-03	5.722517e-04	0.000000e+00
4.100000e+01	4.200000e+01	1.054952e-03	5.085720e-04	0.000000e+00
4.200000e+01	4.300000e+01	9.357571e-04	4.521955e-04	0.000000e+00
4.300000e+01	4.400000e+01	8.310637e-04	3.958670e-04	0.000000e+00
4.400000e+01	4.500000e+01	7.356656e-04	3.509183e-04	0.000000e+00
4.500000e+01	4.600000e+01	6.638432e-04	3.221420e-04	0.000000e+00
4.600000e+01	4.700000e+01	5.936876e-04	2.863552e-04	0.000000e+00
4.700000e+01	4.800000e+01	5.286322e-04	2.513177e-04	0.000000e+00
4.800000e+01	4.900000e+01	4.762176e-04	2.278797e-04	0.000000e+00
4.900000e+01	5.000000e+01	4.238781e-04	1.963518e-04	0.000000e+00
5.000000e+01	5.100000e+01	3.814453e-04	1.823119e-04	0.000000e+00
5.100000e+01	5.200000e+01	3.463001e-04	1.635522e-04	0.000000e+00
5.200000e+01	5.300000e+01	3.105353e-04	1.459201e-04	0.000000e+00
5.300000e+01	5.400000e+01	2.809327e-04	1.302685e-04	0.000000e+00
5.400000e+01	5.500000e+01	2.523801e-04	1.176835e-04	0.000000e+00
5.500000e+01	5.600000e+01	2.355397e-04	1.128178e-04	0.000000e+00
5.600000e+01	5.700000e+01	2.122242e-04	9.931770e-05	0.000000e+00
5.700000e+01	5.800000e+01	1.942176e-04	9.379710e-05	0.000000e+00
5.800000e+01	5.900000e+01	1.735064e-04	8.140927e-05	0.000000e+00
5.900000e+01	6.000000e+01	1.581050e-04	7.311052e-05	0.000000e+00
6.000000e+01	6.100000e+01	1.431749e-04	6.418093e-05	0.000000e+00
6.100000e+01	6.200000e+01	1.313201e-04	5.889853e-05	0.000000e+00
6.200000e+01	6.300000e+01	1.233884e-04	5.787681e-05	0.000000e+00
6.300000e+01	6.400000e+01	1.104794e-04	4.855715e-05	0.000000e+00
6.400000e+01	6.500000e+01	1.032548e-04	4.763145e-05	0.000000e+00
6.500000e+01	6.600000e+01	9.523084e-05	4.593703e-05	0.000000e+00
6.600000e+01	6.700000e+01	8.540230e-05	3.642826e-05	0.000000e+00
6.700000e+01	6.800000e+01	8.016947e-05	3.763935e-05	0.000000e+00
6.800000e+01	6.900000e+01	7.380598e-05	3.253295e-05	0.000000e+00
6.900000e+01	7.000000e+01	6.715501e-05	3.092895e-05	0.000000e+00
7.000000e+01	7.100000e+01	6.123832e-05	2.715564e-05	0.000000e+00
7.100000e+01	7.200000e+01	5.730297e-05	2.597936e-05	0.000000e+00
7.200000e+01	7.300000e+01	5.292950e-05	2.507362e-05	0.000000e+00
7.300000e+01	7.400000e+01	4.797034e-05	2.108731e-05	0.000000e+00
7.400000e+01	7.500000e+01	4.590180e-05	2.083319e-05	0.000000e+00
7.500000e+01	7.600000e+01	4.068588e-05	1.849547e-05	0.000000e+00
7.600000e+01	7.700000e+01	3.765509e-05	1.621366e-05	0.000000e+00
7.700000e+01	7.800000e+01	3.517894e-05	1.541164e-05	0.000000e+00
7.800000e+01	7.900000e+01	3.319436e-05	1.471789e-05	0.000000e+00
7.900000e+01	8.000000e+01	2.966686e-05	1.163054e-05	0.000000e+00
8.000000e+01	8.100000e+01	2.785120e-05	1.265129e-05	0.000000e+00
8.100000e+01	8.200000e+01	2.411216e-05	9.751880e-06	0.000000e+00
8.200000e+01	8.300000e+01	2.551893e-05	1.167774e-05	0.000000e+00
8.300000e+01	8.400000e+01	2.163626e-05	9.083020e-06	0.000000e+00
8.400000e+01	8.500000e+01	2.064428e-05	9.060930e-06	0.000000e+00
8.500000e+01	8.600000e+01	1.978666e-05	8.633100e-06	0.000000e+00
8.600000e+01	8.700000e+01	1.761865e-05	7.635422e-06	0.000000e+00
8.700000e+01	8.800000e+01	1.796648e-05	8.753077e-06	0.000000e+00
8.800000e+01	8.900000e+01	1.576535e-05	6.944737e-06	0.000000e+00
8.900000e+01	9.000000e+01	1.561510e-05	7.157250e-06	0.000000e+00
9.000000e+01	9.100000e+01	1.404739e-05	5.882117e-06	0.000000e+00
9.100000e+01	9.200000e+01	1.325232e-05	6.183146e-06	0.000000e+00
9.200000e+01	9.300000e+01	1.236044e-05	5.505919e-06	0.000000e+00
9.300000e+01	9.400000e+01	1.100674e-05	5.268328e-06	0.000000e+00
9.400000e+01	9.500000e+01	1.094559e-05	5.282819e-06	0.000000e+00
9.500000e+01	9.600000e+01	1.023753e-05	4.987454e-06	0.000000e+00
9.600000e+01	9.700000e+01	9.240560e-06	3.960489e-06	0.000000e+00
9.700000e+01	9.800000e+01	8.934278e-06	4.224310e-06	0.000000e+00
9.800000e+01	9.900000e+01	7.617823e-06	3.472687e-06	0.000000e+00
9.900000e+01	1.000000e+02	8.054343e-06	3.576584e-06	0.000000e+00
# END HISTO1D

