# BEGIN PLOT
Scale=1000.0
DrawOnly=//homes/tinghua1/Merging-Project/Production/HJETS/ratio-plots/hjets-vbfnlo/H-N2-N3-4-25gev-combine.yoda/MC_H2JETS_04_TIGHT/j3j4_mass //homes/tinghua1/Merging-Project/Production/HJETS/ratio-plots/hjets-vbfnlo/H-N2-N3-4-25gev-vbfnlo-combine.yoda/MC_H2JETS_04_TIGHT/j3j4_mass //homes/tinghua1/Merging-Project/Production/HJETS/ratio-plots/hjets-vbfnlo/H-N2-3-4-25gev-combine.yoda/MC_H2JETS_04_TIGHT/j3j4_mass //homes/tinghua1/Merging-Project/Production/HJETS/ratio-plots/hjets-vbfnlo/H-N2-3-4-25gev-vbfnlo-combine.yoda/MC_H2JETS_04_TIGHT/j3j4_mass //homes/tinghua1/Merging-Project/Production/HJETS/ratio-plots/hjets-vbfnlo/H-2-3-4-25gev-combine.yoda/MC_H2JETS_04_TIGHT/j3j4_mass //homes/tinghua1/Merging-Project/Production/HJETS/ratio-plots/hjets-vbfnlo/H-2-3-4-25gev-vbfnlo-combine.yoda/MC_H2JETS_04_TIGHT/j3j4_mass //homes/tinghua1/Merging-Project/Production/HJETS/ratio-plots/hjets-vbfnlo/H-2-3-25gev-combine.yoda/MC_H2JETS_04_TIGHT/j3j4_mass //homes/tinghua1/Merging-Project/Production/HJETS/ratio-plots/hjets-vbfnlo/H-2-3-25gev-vbfnlo-combine.yoda/MC_H2JETS_04_TIGHT/j3j4_mass
RightMargin=0.5
RatioPlotReference=//homes/tinghua1/Merging-Project/Production/HJETS/ratio-plots/hjets-vbfnlo/H-N2-N3-4-25gev-combine.yoda/MC_H2JETS_04_TIGHT/j3j4_mass
#RatioPlot=1
LogY=1
RatioPlotYMax=2.0
RatioPlotYLabel=Ratio
#LegendOnly=//homes/tinghua1/Merging-Project/Production/HJETS/ratio-plots/hjets-vbfnlo/H-N2-N3-4-25gev-combine.yoda/MC_H2JETS_04_TIGHT/j3j4_mass //homes/tinghua1/Merging-Project/Production/HJETS/ratio-plots/hjets-vbfnlo/H-N2-N3-4-25gev-vbfnlo-combine.yoda/MC_H2JETS_04_TIGHT/j3j4_mass //homes/tinghua1/Merging-Project/Production/HJETS/ratio-plots/hjets-vbfnlo/H-N2-3-4-25gev-combine.yoda/MC_H2JETS_04_TIGHT/j3j4_mass //homes/tinghua1/Merging-Project/Production/HJETS/ratio-plots/hjets-vbfnlo/H-N2-3-4-25gev-vbfnlo-combine.yoda/MC_H2JETS_04_TIGHT/j3j4_mass //homes/tinghua1/Merging-Project/Production/HJETS/ratio-plots/hjets-vbfnlo/H-2-3-4-25gev-combine.yoda/MC_H2JETS_04_TIGHT/j3j4_mass //homes/tinghua1/Merging-Project/Production/HJETS/ratio-plots/hjets-vbfnlo/H-2-3-4-25gev-vbfnlo-combine.yoda/MC_H2JETS_04_TIGHT/j3j4_mass //homes/tinghua1/Merging-Project/Production/HJETS/ratio-plots/hjets-vbfnlo/H-2-3-25gev-combine.yoda/MC_H2JETS_04_TIGHT/j3j4_mass //homes/tinghua1/Merging-Project/Production/HJETS/ratio-plots/hjets-vbfnlo/H-2-3-25gev-vbfnlo-combine.yoda/MC_H2JETS_04_TIGHT/j3j4_mass
XLabel=$m_{j_3j_4}$ (GeV)
LegendAlign=r
XMax=1000
YLabel=$ \text{d} \sigma/ \text{d}  m_{j_3j_4}$ (fb/GeV)
Legend=1
RatioPlot=4
MainPlotSelection={"Selection":[1,2,3,4,5,6,7,8]}
RatioPlots={"RatioPlotYLabel":"","Selection":[1,2]};{"RatioPlotYLabel":"","Selection":[3,4]};{"RatioPlotYLabel":"","Selection":[5,6]};{"RatioPlotYLabel":"","Selection":[7,8]}
RatioPlotSameStyle=1
RatioPlotYMin=0.0
# END PLOT


# BEGIN SPECIAL /MC_H2JETS_04_TIGHT/j3j4_mass
\rput[tl](0.05,0.75){\parbox{5cm}{\textcolor{gray}{{\bf Herwig 7.2.0} \\ HJETS/ColorFull}}}
# END SPECIAL

# BEGIN HISTO1D //homes/tinghua1/Merging-Project/Production/HJETS/ratio-plots/hjets-vbfnlo/H-N2-N3-4-25gev-combine.yoda/MC_H2JETS_04_TIGHT/j3j4_mass
ErrorBandColor=orange
ErrorBandOpacity=0.3
ErrorBands=1
ErrorType=env
LineColor=orange
LineStyle=solid
Path=//homes/tinghua1/Merging-Project/Production/HJETS/ratio-plots/hjets-vbfnlo/H-N2-N3-4-25gev-combine.yoda/MC_H2JETS_04_TIGHT/j3j4_mass
RatioPlotSameStyle=1
Title=h(2*,3*,4)
# xlow	 xhigh	 val	 errminus	 errplus
0.000000e+00	4.000000e+01	8.440828e-05	1.959175e-06	2.172400e-05
4.000000e+01	8.000000e+01	1.166840e-04	9.304000e-06	2.693043e-05
8.000000e+01	1.200000e+02	6.060428e-05	8.612225e-06	4.150350e-06
1.200000e+02	1.600000e+02	2.776518e-05	4.894020e-06	0.000000e+00
1.600000e+02	2.000000e+02	1.358741e-05	1.706425e-06	1.603200e-06
2.000000e+02	2.400000e+02	9.465510e-06	8.917775e-07	2.454800e-06
2.400000e+02	2.800000e+02	7.177932e-06	0.000000e+00	5.005875e-07
2.800000e+02	3.200000e+02	7.583087e-06	8.922275e-07	4.893250e-07
3.200000e+02	3.600000e+02	6.818268e-06	5.672500e-07	8.860000e-07
3.600000e+02	4.000000e+02	7.284295e-06	6.360125e-07	9.721650e-07
4.000000e+02	4.400000e+02	5.779887e-06	0.000000e+00	1.632615e-06
4.400000e+02	4.800000e+02	6.675663e-06	1.051695e-06	7.037075e-07
4.800000e+02	5.200000e+02	6.642672e-06	1.322590e-06	6.172350e-07
5.200000e+02	5.600000e+02	4.474962e-06	0.000000e+00	2.176695e-06
5.600000e+02	6.000000e+02	5.545790e-06	1.392528e-06	3.553025e-07
6.000000e+02	6.400000e+02	5.370075e-06	1.116383e-06	0.000000e+00
6.400000e+02	6.800000e+02	4.762800e-06	4.774225e-07	0.000000e+00
6.800000e+02	7.200000e+02	4.006438e-06	5.718250e-08	4.376275e-07
7.200000e+02	7.600000e+02	3.818033e-06	5.812325e-07	2.504000e-06
7.600000e+02	8.000000e+02	3.716730e-06	2.281475e-07	2.189950e-07
8.000000e+02	8.400000e+02	3.205047e-06	2.312325e-07	9.174000e-08
8.400000e+02	8.800000e+02	2.771340e-06	0.000000e+00	4.604925e-07
8.800000e+02	9.200000e+02	2.376209e-06	7.253825e-08	4.456360e-07
9.200000e+02	9.600000e+02	2.228585e-06	5.750750e-09	6.013750e-07
9.600000e+02	1.000000e+03	2.027809e-06	4.816575e-08	0.000000e+00
1.000000e+03	1.040000e+03	1.995568e-06	1.451235e-07	3.357348e-07
1.040000e+03	1.080000e+03	1.627829e-06	2.455106e-06	0.000000e+00
1.080000e+03	1.120000e+03	1.386254e-06	1.281648e-07	1.349683e-07
1.120000e+03	1.160000e+03	5.117653e-07	0.000000e+00	9.515040e-07
1.160000e+03	1.200000e+03	1.381631e-06	1.681267e-07	0.000000e+00
1.200000e+03	1.240000e+03	1.111227e-06	2.659167e-07	1.079565e-07
1.240000e+03	1.280000e+03	1.028424e-06	3.840155e-07	0.000000e+00
1.280000e+03	1.320000e+03	9.776695e-07	1.598750e-09	7.770527e-07
1.320000e+03	1.360000e+03	8.372035e-07	2.214218e-07	2.374325e-08
1.360000e+03	1.400000e+03	8.985333e-07	2.768678e-07	0.000000e+00
1.400000e+03	1.440000e+03	5.443750e-07	0.000000e+00	2.520960e-07
1.440000e+03	1.480000e+03	3.670293e-07	0.000000e+00	1.580848e-07
1.480000e+03	1.520000e+03	5.081013e-07	2.801096e-07	0.000000e+00
1.520000e+03	1.560000e+03	4.789522e-07	8.801000e-08	1.024870e-07
1.560000e+03	1.600000e+03	4.367320e-07	2.058150e-07	1.047222e-07
1.600000e+03	1.640000e+03	4.153770e-07	3.100550e-08	2.074625e-08
1.640000e+03	1.680000e+03	5.022855e-07	2.367402e-07	0.000000e+00
1.680000e+03	1.720000e+03	2.836578e-07	2.476425e-08	4.108175e-08
1.720000e+03	1.760000e+03	2.540748e-07	0.000000e+00	1.279122e-07
1.760000e+03	1.800000e+03	2.645170e-07	4.496950e-08	0.000000e+00
1.800000e+03	1.840000e+03	3.813802e-07	1.966241e-07	0.000000e+00
1.840000e+03	1.880000e+03	3.186725e-07	1.751798e-07	0.000000e+00
1.880000e+03	1.920000e+03	1.890816e-07	9.276360e-08	0.000000e+00
1.920000e+03	1.960000e+03	1.700330e-07	4.929493e-08	4.857902e-08
1.960000e+03	2.000000e+03	1.076152e-07	3.311150e-09	6.715213e-08
2.000000e+03	2.040000e+03	1.527909e-07	4.564362e-08	0.000000e+00
2.040000e+03	2.080000e+03	9.837292e-08	3.920667e-08	1.107872e-08
2.080000e+03	2.120000e+03	1.133497e-07	2.372937e-08	3.795795e-08
2.120000e+03	2.160000e+03	7.150345e-08	1.529085e-08	7.393517e-08
2.160000e+03	2.200000e+03	1.774262e-07	1.374211e-07	0.000000e+00
2.200000e+03	2.240000e+03	8.756492e-08	1.319838e-06	0.000000e+00
2.240000e+03	2.280000e+03	4.367853e-08	0.000000e+00	2.094508e-08
2.280000e+03	2.320000e+03	-3.964575e-08	0.000000e+00	6.636085e-08
2.320000e+03	2.360000e+03	2.628183e-08	0.000000e+00	5.135597e-08
2.360000e+03	2.400000e+03	3.789617e-08	8.589328e-08	0.000000e+00
2.400000e+03	2.440000e+03	3.579235e-08	3.422750e-10	6.299457e-08
2.440000e+03	2.480000e+03	3.568045e-08	2.326375e-09	7.055075e-09
2.480000e+03	2.520000e+03	3.190500e-08	9.121700e-09	0.000000e+00
2.520000e+03	2.560000e+03	5.776608e-08	4.541021e-08	2.628762e-08
2.560000e+03	2.600000e+03	9.014773e-09	0.000000e+00	1.279008e-08
2.600000e+03	2.640000e+03	1.662240e-08	1.123525e-09	7.108177e-09
2.640000e+03	2.680000e+03	1.920523e-08	1.398932e-08	0.000000e+00
2.680000e+03	2.720000e+03	1.204337e-08	0.000000e+00	2.219135e-09
2.720000e+03	2.760000e+03	1.164881e-08	5.078215e-09	0.000000e+00
2.760000e+03	2.800000e+03	5.265887e-09	0.000000e+00	8.766315e-09
2.800000e+03	2.840000e+03	7.424492e-09	0.000000e+00	2.867465e-09
2.840000e+03	2.880000e+03	2.227136e-08	1.946045e-08	0.000000e+00
2.880000e+03	2.920000e+03	1.048518e-08	3.964615e-09	3.482642e-08
2.920000e+03	2.960000e+03	1.138627e-08	6.552252e-09	0.000000e+00
2.960000e+03	3.000000e+03	3.081410e-09	0.000000e+00	4.378307e-09
3.000000e+03	3.040000e+03	2.481721e-09	1.719053e-09	1.046122e-09
3.040000e+03	3.080000e+03	2.930838e-09	5.270225e-10	0.000000e+00
3.080000e+03	3.120000e+03	1.482001e-09	2.984415e-10	1.794811e-09
3.120000e+03	3.160000e+03	4.922745e-09	3.325842e-09	0.000000e+00
3.160000e+03	3.200000e+03	2.091945e-09	4.380093e-09	0.000000e+00
3.200000e+03	3.240000e+03	2.971910e-08	2.885994e-08	0.000000e+00
3.240000e+03	3.280000e+03	1.005344e-09	2.353112e-09	0.000000e+00
3.280000e+03	3.320000e+03	-1.214078e-09	0.000000e+00	2.418844e-09
3.320000e+03	3.360000e+03	2.202728e-10	0.000000e+00	7.050315e-10
3.360000e+03	3.400000e+03	1.162495e-09	3.279248e-10	2.340575e-11
3.400000e+03	3.440000e+03	2.851960e-09	1.124420e-09	0.000000e+00
3.440000e+03	3.480000e+03	4.376795e-10	1.794808e-10	6.535980e-10
3.480000e+03	3.520000e+03	3.009967e-10	2.894653e-10	0.000000e+00
3.520000e+03	3.560000e+03	-1.547283e-10	0.000000e+00	9.176208e-10
3.560000e+03	3.600000e+03	2.832955e-10	2.030886e-10	4.831037e-10
3.600000e+03	3.640000e+03	5.987643e-10	1.953070e-10	3.768345e-10
3.640000e+03	3.680000e+03	7.161090e-10	6.748343e-10	0.000000e+00
3.680000e+03	3.720000e+03	1.584068e-10	1.994317e-10	6.537545e-11
3.720000e+03	3.760000e+03	-5.905055e-10	0.000000e+00	1.062574e-09
3.760000e+03	3.800000e+03	-1.298129e-10	0.000000e+00	5.203342e-10
3.800000e+03	3.840000e+03	-1.137586e-10	0.000000e+00	7.337891e-10
3.840000e+03	3.880000e+03	2.945135e-11	0.000000e+00	5.258694e-10
3.880000e+03	3.920000e+03	9.215545e-11	0.000000e+00	1.487728e-10
3.920000e+03	3.960000e+03	7.946990e-11	1.449195e-11	3.103674e-10
3.960000e+03	4.000000e+03	-5.324775e-10	0.000000e+00	6.280473e-10
4.000000e+03	4.040000e+03	4.162195e-11	2.639484e-11	7.639585e-11
4.040000e+03	4.080000e+03	-3.454123e-12	0.000000e+00	4.094989e-09
4.080000e+03	4.120000e+03	-1.419755e-11	0.000000e+00	4.903808e-11
4.120000e+03	4.160000e+03	1.171370e-11	8.954108e-12	1.255261e-10
4.160000e+03	4.200000e+03	1.047159e-10	9.369260e-11	2.745897e-11
4.200000e+03	4.240000e+03	1.230050e-10	8.435860e-11	3.586063e-10
4.240000e+03	4.280000e+03	1.006448e-10	2.788850e-11	1.087932e-11
4.280000e+03	4.320000e+03	1.493069e-11	5.661922e-12	0.000000e+00
4.320000e+03	4.360000e+03	3.770130e-11	3.261590e-11	5.471495e-11
4.360000e+03	4.400000e+03	6.110380e-12	3.858610e-12	0.000000e+00
4.400000e+03	4.440000e+03	1.430349e-11	1.625854e-11	1.050548e-11
4.440000e+03	4.480000e+03	-2.825725e-12	0.000000e+00	4.251305e-11
4.480000e+03	4.520000e+03	3.994590e-13	1.341410e-13	3.877424e-11
4.520000e+03	4.560000e+03	5.896920e-12	0.000000e+00	4.989373e-11
4.560000e+03	4.600000e+03	2.216058e-12	3.210743e-11	0.000000e+00
4.600000e+03	4.640000e+03	4.199195e-11	4.105166e-11	0.000000e+00
4.640000e+03	4.680000e+03	6.653673e-11	7.159970e-11	0.000000e+00
4.680000e+03	4.720000e+03	1.481626e-11	2.572995e-11	0.000000e+00
4.720000e+03	4.760000e+03	4.272817e-13	0.000000e+00	3.860816e-12
4.760000e+03	4.800000e+03	-3.091097e-14	0.000000e+00	4.266942e-13
4.800000e+03	4.840000e+03	6.636865e-13	1.225194e-11	8.491209e-12
4.840000e+03	4.880000e+03	4.324782e-13	0.000000e+00	3.926144e-12
4.880000e+03	4.920000e+03	1.284425e-13	0.000000e+00	7.576028e-12
4.920000e+03	4.960000e+03	-1.945632e-13	0.000000e+00	4.437355e-13
4.960000e+03	5.000000e+03	-5.163412e-16	1.476520e-10	3.699412e-11
5.000000e+03	5.040000e+03	1.897447e-12	1.983771e-12	0.000000e+00
5.040000e+03	5.080000e+03	2.306814e-12	8.045272e-12	0.000000e+00
5.080000e+03	5.120000e+03	2.155882e-15	0.000000e+00	6.371287e-14
5.120000e+03	5.160000e+03	2.822820e-13	0.000000e+00	2.038670e-13
5.160000e+03	5.200000e+03	1.000634e-13	8.299304e-14	1.624628e-13
5.200000e+03	5.240000e+03	1.812672e-13	1.808913e-13	4.677790e-13
5.240000e+03	5.280000e+03	-3.034267e-14	0.000000e+00	2.765210e-12
5.280000e+03	5.320000e+03	4.662598e-13	4.626171e-13	0.000000e+00
5.320000e+03	5.360000e+03	1.815910e-13	1.707109e-13	3.349536e-11
5.360000e+03	5.400000e+03	8.907113e-13	1.065655e-12	2.294876e-12
5.400000e+03	5.440000e+03	2.044525e-14	1.048572e-14	8.045660e-14
5.440000e+03	5.480000e+03	1.373299e-12	1.372185e-12	0.000000e+00
5.480000e+03	5.520000e+03	1.692464e-14	1.685652e-14	0.000000e+00
5.520000e+03	5.560000e+03	-4.760385e-18	0.000000e+00	8.484438e-10
5.560000e+03	5.600000e+03	1.444669e-16	1.487053e-14	1.159909e-15
5.600000e+03	5.640000e+03	3.496703e-13	3.496234e-13	0.000000e+00
5.640000e+03	5.680000e+03	8.313468e-17	6.075305e-15	4.268523e-15
5.680000e+03	5.720000e+03	1.813192e-15	0.000000e+00	7.759737e-12
5.720000e+03	5.760000e+03	2.736640e-12	2.724963e-12	0.000000e+00
5.760000e+03	5.800000e+03	8.887387e-17	5.560777e-17	1.333526e-13
5.800000e+03	5.840000e+03	4.790812e-15	4.918323e-15	0.000000e+00
5.840000e+03	5.880000e+03	5.315155e-19	1.314438e-14	4.639464e-14
5.880000e+03	5.920000e+03	4.656037e-18	4.656036e-18	1.176198e-14
5.920000e+03	5.960000e+03	4.237382e-14	4.127547e-14	0.000000e+00
5.960000e+03	6.000000e+03	1.797285e-21	0.000000e+00	2.429437e-13
# END HISTO1D


# BEGIN HISTO1D //homes/tinghua1/Merging-Project/Production/HJETS/ratio-plots/hjets-vbfnlo/H-N2-N3-4-25gev-vbfnlo-combine.yoda/MC_H2JETS_04_TIGHT/j3j4_mass
ErrorBandColor=red
ErrorBandOpacity=0.3
ErrorBands=1
ErrorType=env
LineColor=red
LineStyle=solid
Path=//homes/tinghua1/Merging-Project/Production/HJETS/ratio-plots/hjets-vbfnlo/H-N2-N3-4-25gev-vbfnlo-combine.yoda/MC_H2JETS_04_TIGHT/j3j4_mass
RatioPlotSameStyle=1
Title=h(2*,3*,4)-vbfnlo
# xlow	 xhigh	 val	 errminus	 errplus
0.000000e+00	4.000000e+01	8.102285e-05	0.000000e+00	1.714300e-05
4.000000e+01	8.000000e+01	1.023699e-04	0.000000e+00	1.807450e-05
8.000000e+01	1.200000e+02	4.558293e-05	0.000000e+00	1.191007e-05
1.200000e+02	1.600000e+02	1.735906e-05	0.000000e+00	4.031125e-06
1.600000e+02	2.000000e+02	1.038819e-05	1.474375e-06	2.457250e-08
2.000000e+02	2.400000e+02	7.355995e-06	0.000000e+00	1.170075e-06
2.400000e+02	2.800000e+02	5.931643e-06	0.000000e+00	1.898652e-06
2.800000e+02	3.200000e+02	6.138357e-06	0.000000e+00	7.617493e-06
3.200000e+02	3.600000e+02	5.630310e-06	0.000000e+00	1.610850e-06
3.600000e+02	4.000000e+02	6.139572e-06	1.238775e-06	6.430950e-07
4.000000e+02	4.400000e+02	5.850357e-06	0.000000e+00	1.161148e-06
4.400000e+02	4.800000e+02	5.392760e-06	0.000000e+00	1.177460e-06
4.800000e+02	5.200000e+02	4.697963e-06	0.000000e+00	1.330865e-06
5.200000e+02	5.600000e+02	4.714140e-06	0.000000e+00	1.179902e-06
5.600000e+02	6.000000e+02	4.424868e-06	0.000000e+00	1.317605e-06
6.000000e+02	6.400000e+02	4.481265e-06	0.000000e+00	9.471300e-07
6.400000e+02	6.800000e+02	3.766302e-06	0.000000e+00	8.913800e-07
6.800000e+02	7.200000e+02	3.517827e-06	0.000000e+00	1.666165e-06
7.200000e+02	7.600000e+02	3.155005e-06	0.000000e+00	1.734083e-06
7.600000e+02	8.000000e+02	3.005082e-06	0.000000e+00	4.485825e-07
8.000000e+02	8.400000e+02	2.629558e-06	5.130000e-09	8.601650e-07
8.400000e+02	8.800000e+02	2.656375e-06	0.000000e+00	1.865350e-07
8.800000e+02	9.200000e+02	2.471614e-06	0.000000e+00	3.104825e-08
9.200000e+02	9.600000e+02	2.229285e-06	0.000000e+00	2.238808e-07
9.600000e+02	1.000000e+03	1.809837e-06	0.000000e+00	4.690500e-07
1.000000e+03	1.040000e+03	1.895211e-06	2.595372e-07	1.291228e-07
1.040000e+03	1.080000e+03	1.389107e-06	0.000000e+00	4.313818e-07
1.080000e+03	1.120000e+03	2.826160e-06	1.819528e-06	0.000000e+00
1.120000e+03	1.160000e+03	1.373619e-06	0.000000e+00	1.536723e-07
1.160000e+03	1.200000e+03	1.497213e-06	4.298875e-07	0.000000e+00
1.200000e+03	1.240000e+03	1.012216e-06	0.000000e+00	3.886853e-07
1.240000e+03	1.280000e+03	9.676885e-07	0.000000e+00	2.349660e-07
1.280000e+03	1.320000e+03	7.736575e-07	0.000000e+00	1.101430e-07
1.320000e+03	1.360000e+03	7.358810e-07	2.042800e-08	1.649983e-07
1.360000e+03	1.400000e+03	6.729920e-07	5.507894e-07	0.000000e+00
1.400000e+03	1.440000e+03	9.790573e-07	3.697215e-07	3.960925e-08
1.440000e+03	1.480000e+03	4.653510e-07	0.000000e+00	1.367217e-07
1.480000e+03	1.520000e+03	4.430662e-07	0.000000e+00	8.744000e-08
1.520000e+03	1.560000e+03	3.769385e-07	0.000000e+00	8.579225e-08
1.560000e+03	1.600000e+03	3.450292e-07	0.000000e+00	1.325570e-07
1.600000e+03	1.640000e+03	2.442949e-07	0.000000e+00	1.833826e-07
1.640000e+03	1.680000e+03	3.385793e-07	0.000000e+00	1.065242e-07
1.680000e+03	1.720000e+03	2.038441e-07	0.000000e+00	1.449358e-07
1.720000e+03	1.760000e+03	2.684912e-07	3.783325e-08	7.928150e-08
1.760000e+03	1.800000e+03	2.232843e-07	3.118755e-08	0.000000e+00
1.800000e+03	1.840000e+03	3.006743e-07	1.151181e-07	0.000000e+00
1.840000e+03	1.880000e+03	1.748250e-07	0.000000e+00	3.160355e-08
1.880000e+03	1.920000e+03	1.340507e-07	0.000000e+00	7.536050e-08
1.920000e+03	1.960000e+03	9.750015e-08	0.000000e+00	7.075822e-08
1.960000e+03	2.000000e+03	1.348222e-07	9.013450e-09	5.875900e-09
2.000000e+03	2.040000e+03	1.356071e-07	5.457090e-08	0.000000e+00
2.040000e+03	2.080000e+03	8.315028e-08	0.000000e+00	4.538033e-08
2.080000e+03	2.120000e+03	8.734070e-08	1.412818e-08	8.876575e-09
2.120000e+03	2.160000e+03	7.402138e-08	2.925425e-08	1.372807e-08
2.160000e+03	2.200000e+03	6.733505e-08	1.056250e-10	4.045850e-09
2.200000e+03	2.240000e+03	6.652080e-08	8.995675e-09	1.203457e-08
2.240000e+03	2.280000e+03	6.109462e-08	1.162875e-09	2.645025e-09
2.280000e+03	2.320000e+03	4.811040e-08	0.000000e+00	7.073550e-09
2.320000e+03	2.360000e+03	5.622317e-08	2.872558e-08	4.462963e-08
2.360000e+03	2.400000e+03	3.769937e-08	6.642450e-09	5.879425e-09
2.400000e+03	2.440000e+03	3.424275e-08	0.000000e+00	1.892842e-08
2.440000e+03	2.480000e+03	2.852528e-08	0.000000e+00	1.299750e-08
2.480000e+03	2.520000e+03	2.439481e-08	0.000000e+00	4.781692e-09
2.520000e+03	2.560000e+03	1.360064e-08	0.000000e+00	2.153833e-08
2.560000e+03	2.600000e+03	3.452052e-08	3.612025e-09	2.487195e-08
2.600000e+03	2.640000e+03	2.095127e-08	3.747847e-09	4.365455e-09
2.640000e+03	2.680000e+03	1.085346e-08	0.000000e+00	2.070249e-08
2.680000e+03	2.720000e+03	1.285934e-08	2.925225e-10	2.450750e-10
2.720000e+03	2.760000e+03	1.163087e-08	2.149591e-08	0.000000e+00
2.760000e+03	2.800000e+03	6.762848e-09	1.861976e-08	1.038268e-08
2.800000e+03	2.840000e+03	7.616082e-09	1.079933e-09	1.323342e-08
2.840000e+03	2.880000e+03	3.984785e-09	4.396900e-10	7.873478e-09
2.880000e+03	2.920000e+03	5.983453e-09	0.000000e+00	3.403768e-09
2.920000e+03	2.960000e+03	1.098642e-08	1.661113e-09	0.000000e+00
2.960000e+03	3.000000e+03	3.007788e-09	0.000000e+00	1.098387e-08
3.000000e+03	3.040000e+03	2.556900e-09	0.000000e+00	2.274510e-09
3.040000e+03	3.080000e+03	6.705088e-09	1.031210e-08	0.000000e+00
3.080000e+03	3.120000e+03	4.749297e-10	0.000000e+00	1.123815e-09
3.120000e+03	3.160000e+03	3.621497e-09	4.525175e-10	7.673967e-09
3.160000e+03	3.200000e+03	1.652460e-09	1.373493e-09	3.086612e-09
3.200000e+03	3.240000e+03	2.380876e-09	6.107105e-10	2.397737e-10
3.240000e+03	3.280000e+03	8.250308e-10	0.000000e+00	1.209551e-08
3.280000e+03	3.320000e+03	2.145951e-09	2.082215e-10	3.085486e-09
3.320000e+03	3.360000e+03	1.342217e-09	0.000000e+00	6.562415e-10
3.360000e+03	3.400000e+03	1.250670e-09	1.465383e-10	6.593288e-10
3.400000e+03	3.440000e+03	4.659740e-10	0.000000e+00	9.782272e-10
3.440000e+03	3.480000e+03	5.658130e-10	0.000000e+00	2.993870e-10
3.480000e+03	3.520000e+03	2.801615e-10	6.087182e-09	0.000000e+00
3.520000e+03	3.560000e+03	1.294659e-09	7.497982e-10	0.000000e+00
3.560000e+03	3.600000e+03	6.083050e-10	2.709448e-10	0.000000e+00
3.600000e+03	3.640000e+03	1.623993e-10	0.000000e+00	1.787293e-09
3.640000e+03	3.680000e+03	1.826995e-10	1.104124e-10	1.407510e-10
3.680000e+03	3.720000e+03	-1.028218e-11	0.000000e+00	1.418523e-09
3.720000e+03	3.760000e+03	3.433260e-10	5.666583e-10	0.000000e+00
3.760000e+03	3.800000e+03	3.658208e-10	7.201275e-11	1.927700e-11
3.800000e+03	3.840000e+03	2.110734e-10	1.080144e-10	0.000000e+00
3.840000e+03	3.880000e+03	-3.583760e-11	0.000000e+00	3.989851e-10
3.880000e+03	3.920000e+03	1.453275e-10	8.870000e-11	1.437368e-10
3.920000e+03	3.960000e+03	1.350347e-09	1.929696e-09	0.000000e+00
3.960000e+03	4.000000e+03	9.960770e-11	3.431120e-11	0.000000e+00
4.000000e+03	4.040000e+03	2.863605e-10	3.350568e-10	0.000000e+00
4.040000e+03	4.080000e+03	6.853230e-10	0.000000e+00	3.745087e-09
4.080000e+03	4.120000e+03	4.289370e-10	5.353591e-10	0.000000e+00
4.120000e+03	4.160000e+03	4.655040e-11	6.431677e-11	4.050927e-11
4.160000e+03	4.200000e+03	4.267500e-12	6.741173e-12	1.046476e-10
4.200000e+03	4.240000e+03	7.742590e-11	3.547125e-11	3.878453e-11
4.240000e+03	4.280000e+03	1.045516e-10	9.215140e-11	0.000000e+00
4.280000e+03	4.320000e+03	2.441055e-12	0.000000e+00	1.638501e-10
4.320000e+03	4.360000e+03	6.783902e-13	0.000000e+00	5.762141e-11
4.360000e+03	4.400000e+03	3.662027e-11	2.875603e-10	0.000000e+00
4.400000e+03	4.440000e+03	4.026158e-12	0.000000e+00	1.648549e-10
4.440000e+03	4.480000e+03	1.591946e-11	1.410479e-11	0.000000e+00
4.480000e+03	4.520000e+03	-1.257154e-11	0.000000e+00	2.367570e-11
4.520000e+03	4.560000e+03	1.877076e-11	1.102770e-11	4.478867e-12
4.560000e+03	4.600000e+03	1.275772e-10	1.198758e-10	0.000000e+00
4.600000e+03	4.640000e+03	6.346685e-12	6.500705e-12	1.941527e-12
4.640000e+03	4.680000e+03	-8.967798e-13	0.000000e+00	9.984393e-10
4.680000e+03	4.720000e+03	9.710630e-13	3.981728e-12	9.144382e-12
4.720000e+03	4.760000e+03	7.701930e-12	0.000000e+00	4.276929e-11
4.760000e+03	4.800000e+03	1.669791e-13	2.599903e-11	0.000000e+00
4.800000e+03	4.840000e+03	1.469720e-12	0.000000e+00	1.286269e-10
4.840000e+03	4.880000e+03	6.700955e-11	6.573883e-11	0.000000e+00
4.880000e+03	4.920000e+03	6.830122e-14	0.000000e+00	8.355789e-12
4.920000e+03	4.960000e+03	4.553842e-13	0.000000e+00	2.300631e-11
4.960000e+03	5.000000e+03	2.349367e-12	3.078121e-12	2.553335e-13
5.000000e+03	5.040000e+03	1.674411e-12	1.071739e-12	2.167218e-12
5.040000e+03	5.080000e+03	1.073474e-12	0.000000e+00	1.050650e-11
5.080000e+03	5.120000e+03	2.324960e-13	0.000000e+00	2.304220e-11
5.120000e+03	5.160000e+03	8.111575e-11	1.215958e-10	0.000000e+00
5.160000e+03	5.200000e+03	1.835822e-13	0.000000e+00	9.213663e-13
5.200000e+03	5.240000e+03	7.317217e-14	1.120851e-13	1.106828e-13
5.240000e+03	5.280000e+03	1.755486e-13	1.693360e-13	1.713677e-13
5.280000e+03	5.320000e+03	3.479622e-13	3.488798e-13	3.344393e-12
5.320000e+03	5.360000e+03	2.715998e-12	2.622364e-12	0.000000e+00
5.360000e+03	5.400000e+03	3.584720e-13	2.782015e-13	0.000000e+00
5.400000e+03	5.440000e+03	7.559040e-14	2.092128e-12	4.459436e-11
5.440000e+03	5.480000e+03	1.798039e-17	1.132401e-13	1.234326e-11
5.480000e+03	5.520000e+03	1.634934e-13	1.556874e-13	0.000000e+00
5.520000e+03	5.560000e+03	1.983326e-13	1.963586e-13	8.291559e-13
5.560000e+03	5.600000e+03	1.133844e-11	1.131600e-11	0.000000e+00
5.600000e+03	5.640000e+03	7.838615e-15	7.790144e-13	1.781031e-14
5.640000e+03	5.680000e+03	3.570095e-13	3.462187e-13	3.460923e-12
5.680000e+03	5.720000e+03	2.945045e-14	2.866779e-14	1.838597e-12
5.720000e+03	5.760000e+03	2.081032e-12	2.077499e-12	0.000000e+00
5.760000e+03	5.800000e+03	2.127266e-16	1.535478e-16	1.451678e-14
5.800000e+03	5.840000e+03	5.437060e-15	1.631482e-15	1.133601e-12
5.840000e+03	5.880000e+03	4.707515e-15	3.235066e-15	4.493056e-14
5.880000e+03	5.920000e+03	1.555424e-13	4.473289e-13	0.000000e+00
5.920000e+03	5.960000e+03	1.065581e-12	1.061720e-12	0.000000e+00
5.960000e+03	6.000000e+03	3.518012e-15	3.487732e-15	3.510411e-14
# END HISTO1D


# BEGIN HISTO1D //homes/tinghua1/Merging-Project/Production/HJETS/ratio-plots/hjets-vbfnlo/H-N2-3-4-25gev-combine.yoda/MC_H2JETS_04_TIGHT/j3j4_mass
ErrorBandColor=blue
ErrorBandOpacity=0.3
ErrorBands=1
ErrorType=env
LineColor=blue
LineStyle=solid
Path=//homes/tinghua1/Merging-Project/Production/HJETS/ratio-plots/hjets-vbfnlo/H-N2-3-4-25gev-combine.yoda/MC_H2JETS_04_TIGHT/j3j4_mass
RatioPlotSameStyle=1
Title=h(2*,3,4)
# xlow	 xhigh	 val	 errminus	 errplus
0.000000e+00	4.000000e+01	8.897587e-05	1.314097e-05	1.797783e-05
4.000000e+01	8.000000e+01	1.212807e-04	2.188165e-05	2.336413e-05
8.000000e+01	1.200000e+02	5.760960e-05	8.844750e-06	1.495448e-05
1.200000e+02	1.600000e+02	2.492363e-05	6.390875e-06	1.811298e-06
1.600000e+02	2.000000e+02	1.324753e-05	3.028515e-06	2.225385e-06
2.000000e+02	2.400000e+02	9.041672e-06	1.079505e-06	2.560213e-06
2.400000e+02	2.800000e+02	8.091860e-06	1.171798e-06	1.590560e-06
2.800000e+02	3.200000e+02	7.439575e-06	1.076860e-06	1.507610e-06
3.200000e+02	3.600000e+02	7.664582e-06	1.474037e-06	1.541230e-06
3.600000e+02	4.000000e+02	6.981515e-06	9.259925e-07	1.492945e-06
4.000000e+02	4.400000e+02	6.520045e-06	1.039060e-06	1.399543e-06
4.400000e+02	4.800000e+02	1.094084e-05	5.492657e-06	0.000000e+00
4.800000e+02	5.200000e+02	5.373158e-06	4.551675e-07	1.529453e-06
5.200000e+02	5.600000e+02	5.307353e-06	7.610525e-07	1.190412e-06
5.600000e+02	6.000000e+02	5.530385e-06	1.375250e-06	1.079832e-06
6.000000e+02	6.400000e+02	4.530683e-06	4.456050e-07	1.070110e-06
6.400000e+02	6.800000e+02	4.334840e-06	7.254325e-07	1.096003e-06
6.800000e+02	7.200000e+02	3.931958e-06	2.668475e-07	7.710400e-07
7.200000e+02	7.600000e+02	3.655890e-06	8.506175e-07	9.528050e-07
7.600000e+02	8.000000e+02	3.805838e-06	5.875900e-07	3.143925e-07
8.000000e+02	8.400000e+02	3.118447e-06	1.835800e-07	3.301300e-07
8.400000e+02	8.800000e+02	2.662067e-06	1.528200e-07	6.871175e-07
8.800000e+02	9.200000e+02	2.411973e-06	9.251325e-08	9.302790e-07
9.200000e+02	9.600000e+02	2.364717e-06	4.751893e-07	3.804602e-07
9.600000e+02	1.000000e+03	1.992816e-06	1.635335e-07	8.590895e-07
1.000000e+03	1.040000e+03	1.834620e-06	2.087537e-07	3.023035e-07
1.040000e+03	1.080000e+03	1.705345e-06	3.950482e-07	3.702300e-07
1.080000e+03	1.120000e+03	1.326973e-06	2.140323e-07	4.431983e-07
1.120000e+03	1.160000e+03	1.423587e-06	1.955730e-07	2.536220e-07
1.160000e+03	1.200000e+03	1.217376e-06	2.076160e-07	2.966343e-07
1.200000e+03	1.240000e+03	9.808620e-07	2.517600e-08	4.774440e-07
1.240000e+03	1.280000e+03	9.018833e-07	1.059602e-07	6.663357e-07
1.280000e+03	1.320000e+03	9.145750e-07	1.128160e-07	9.707275e-08
1.320000e+03	1.360000e+03	7.724352e-07	1.289008e-07	2.415403e-07
1.360000e+03	1.400000e+03	9.397763e-07	4.170993e-07	0.000000e+00
1.400000e+03	1.440000e+03	6.201570e-07	1.208345e-07	0.000000e+00
1.440000e+03	1.480000e+03	6.590995e-07	1.544942e-07	0.000000e+00
1.480000e+03	1.520000e+03	5.312408e-07	1.876140e-07	2.957212e-07
1.520000e+03	1.560000e+03	4.426695e-07	0.000000e+00	5.553275e-08
1.560000e+03	1.600000e+03	4.860712e-07	1.559740e-07	0.000000e+00
1.600000e+03	1.640000e+03	3.362040e-07	5.804325e-08	2.326733e-07
1.640000e+03	1.680000e+03	2.952470e-07	5.464320e-08	1.288140e-07
1.680000e+03	1.720000e+03	2.726225e-07	4.829662e-08	1.349115e-07
1.720000e+03	1.760000e+03	3.062913e-07	5.372100e-08	2.545375e-08
1.760000e+03	1.800000e+03	1.765411e-07	1.592035e-08	5.305870e-08
1.800000e+03	1.840000e+03	1.695616e-07	2.146655e-08	6.851315e-08
1.840000e+03	1.880000e+03	1.969340e-07	6.594643e-08	7.528303e-08
1.880000e+03	1.920000e+03	1.624341e-07	1.880347e-08	2.348560e-08
1.920000e+03	1.960000e+03	2.115827e-07	9.146357e-08	0.000000e+00
1.960000e+03	2.000000e+03	1.004074e-07	2.353402e-08	2.865563e-08
2.000000e+03	2.040000e+03	7.805815e-08	1.659405e-08	2.913800e-08
2.040000e+03	2.080000e+03	1.210699e-07	4.806665e-08	1.417021e-07
2.080000e+03	2.120000e+03	7.601258e-08	1.703075e-08	5.350075e-08
2.120000e+03	2.160000e+03	8.474642e-08	2.767537e-08	9.808620e-08
2.160000e+03	2.200000e+03	1.656747e-07	9.704293e-08	0.000000e+00
2.200000e+03	2.240000e+03	4.512870e-08	0.000000e+00	1.492140e-07
2.240000e+03	2.280000e+03	4.195018e-08	0.000000e+00	4.329900e-09
2.280000e+03	2.320000e+03	2.495829e-08	0.000000e+00	2.833564e-08
2.320000e+03	2.360000e+03	4.130422e-08	6.138475e-09	2.992875e-09
2.360000e+03	2.400000e+03	3.924500e-08	0.000000e+00	2.433150e-09
2.400000e+03	2.440000e+03	1.084515e-07	7.474988e-08	0.000000e+00
2.440000e+03	2.480000e+03	1.756105e-08	0.000000e+00	1.501360e-08
2.480000e+03	2.520000e+03	1.712470e-08	0.000000e+00	7.415542e-09
2.520000e+03	2.560000e+03	3.937743e-08	2.781851e-08	0.000000e+00
2.560000e+03	2.600000e+03	1.483549e-08	9.009045e-09	7.760918e-09
2.600000e+03	2.640000e+03	1.413335e-08	0.000000e+00	3.954008e-08
2.640000e+03	2.680000e+03	1.094312e-08	0.000000e+00	6.112661e-08
2.680000e+03	2.720000e+03	1.484455e-08	8.608618e-09	0.000000e+00
2.720000e+03	2.760000e+03	4.181295e-08	3.281940e-08	0.000000e+00
2.760000e+03	2.800000e+03	9.025845e-10	0.000000e+00	7.920830e-09
2.800000e+03	2.840000e+03	1.502178e-08	7.634845e-09	0.000000e+00
2.840000e+03	2.880000e+03	4.833258e-09	0.000000e+00	1.221380e-08
2.880000e+03	2.920000e+03	1.214144e-08	4.840082e-09	8.944353e-09
2.920000e+03	2.960000e+03	4.197480e-09	2.205531e-09	2.362560e-09
2.960000e+03	3.000000e+03	8.284908e-11	0.000000e+00	2.978898e-09
3.000000e+03	3.040000e+03	7.823302e-09	7.441906e-09	0.000000e+00
3.040000e+03	3.080000e+03	1.669333e-09	9.941250e-11	1.474795e-09
3.080000e+03	3.120000e+03	1.741223e-09	0.000000e+00	3.374567e-09
3.120000e+03	3.160000e+03	7.863088e-10	0.000000e+00	1.014651e-08
3.160000e+03	3.200000e+03	8.128865e-10	3.283320e-10	3.418706e-09
3.200000e+03	3.240000e+03	1.899091e-09	0.000000e+00	2.105867e-08
3.240000e+03	3.280000e+03	1.822491e-09	9.056098e-10	0.000000e+00
3.280000e+03	3.320000e+03	6.609225e-10	0.000000e+00	8.016675e-09
3.320000e+03	3.360000e+03	9.652023e-10	3.542243e-10	0.000000e+00
3.360000e+03	3.400000e+03	3.561185e-09	3.110360e-09	0.000000e+00
3.400000e+03	3.440000e+03	7.914555e-10	6.109796e-10	5.314217e-10
3.440000e+03	3.480000e+03	6.232270e-10	2.339530e-10	0.000000e+00
3.480000e+03	3.520000e+03	5.233172e-10	2.744523e-10	1.558342e-10
3.520000e+03	3.560000e+03	5.648420e-10	2.676148e-09	1.709463e-09
3.560000e+03	3.600000e+03	2.949030e-10	4.500530e-11	1.449250e-10
3.600000e+03	3.640000e+03	-8.127160e-08	0.000000e+00	8.292275e-08
3.640000e+03	3.680000e+03	6.614433e-10	7.490918e-10	0.000000e+00
3.680000e+03	3.720000e+03	4.731608e-10	4.277832e-10	5.556697e-10
3.720000e+03	3.760000e+03	1.302301e-10	1.076239e-10	1.877877e-10
3.760000e+03	3.800000e+03	1.224551e-11	0.000000e+00	2.680882e-10
3.800000e+03	3.840000e+03	-7.024300e-10	0.000000e+00	7.262352e-10
3.840000e+03	3.880000e+03	1.052529e-09	1.052176e-09	0.000000e+00
3.880000e+03	3.920000e+03	9.631875e-11	9.005551e-11	2.109500e-10
3.920000e+03	3.960000e+03	2.591880e-10	1.840632e-10	2.063095e-10
3.960000e+03	4.000000e+03	-7.095905e-12	0.000000e+00	5.595429e-10
4.000000e+03	4.040000e+03	9.493175e-10	9.292681e-10	0.000000e+00
4.040000e+03	4.080000e+03	5.275730e-12	0.000000e+00	2.610780e-10
4.080000e+03	4.120000e+03	1.050009e-10	1.213863e-10	0.000000e+00
4.120000e+03	4.160000e+03	2.145684e-09	2.075900e-09	0.000000e+00
4.160000e+03	4.200000e+03	6.890462e-11	1.871959e-10	0.000000e+00
4.200000e+03	4.240000e+03	8.558852e-12	2.659606e-11	3.780132e-11
4.240000e+03	4.280000e+03	2.609063e-10	2.389747e-10	8.906775e-11
4.280000e+03	4.320000e+03	1.156027e-10	1.148556e-10	0.000000e+00
4.320000e+03	4.360000e+03	1.915763e-12	1.012241e-12	0.000000e+00
4.360000e+03	4.400000e+03	2.323324e-11	2.067000e-10	0.000000e+00
4.400000e+03	4.440000e+03	3.698348e-10	3.804185e-10	0.000000e+00
4.440000e+03	4.480000e+03	7.440075e-11	7.278874e-11	0.000000e+00
4.480000e+03	4.520000e+03	-1.201475e-12	0.000000e+00	6.973600e-12
4.520000e+03	4.560000e+03	-3.305685e-11	0.000000e+00	3.926795e-11
4.560000e+03	4.600000e+03	4.739562e-12	4.766271e-12	3.566789e-11
4.600000e+03	4.640000e+03	7.539453e-11	7.424891e-11	0.000000e+00
4.640000e+03	4.680000e+03	3.937125e-12	3.925469e-12	8.629842e-12
4.680000e+03	4.720000e+03	9.115098e-12	2.963568e-11	0.000000e+00
4.720000e+03	4.760000e+03	1.222567e-14	0.000000e+00	2.573542e-12
4.760000e+03	4.800000e+03	1.024684e-11	1.014848e-11	0.000000e+00
4.800000e+03	4.840000e+03	1.267223e-12	1.436897e-12	0.000000e+00
4.840000e+03	4.880000e+03	1.645765e-11	1.637818e-11	0.000000e+00
4.880000e+03	4.920000e+03	2.098532e-14	2.089296e-14	2.412637e-12
4.920000e+03	4.960000e+03	2.900375e-12	2.848809e-12	1.335208e-11
4.960000e+03	5.000000e+03	3.684225e-13	3.050325e-13	2.178750e-12
5.000000e+03	5.040000e+03	1.134222e-12	1.133499e-12	0.000000e+00
5.040000e+03	5.080000e+03	3.854200e-12	3.696611e-12	1.149957e-10
5.080000e+03	5.120000e+03	3.716027e-13	0.000000e+00	8.928905e-13
5.120000e+03	5.160000e+03	7.928178e-15	2.682638e-15	2.796867e-14
5.160000e+03	5.200000e+03	2.912008e-12	0.000000e+00	4.768847e-12
5.200000e+03	5.240000e+03	6.779230e-13	6.602952e-13	3.805072e-13
5.240000e+03	5.280000e+03	2.467951e-13	2.465801e-13	0.000000e+00
5.280000e+03	5.320000e+03	-2.128188e-14	0.000000e+00	4.303694e-13
5.320000e+03	5.360000e+03	4.061650e-13	3.293126e-13	1.225940e-13
5.360000e+03	5.400000e+03	5.514280e-12	5.513595e-12	0.000000e+00
5.400000e+03	5.440000e+03	4.607607e-17	0.000000e+00	5.990999e-13
5.440000e+03	5.480000e+03	3.167433e-15	3.035174e-15	2.193099e-11
5.480000e+03	5.520000e+03	1.020048e-17	0.000000e+00	6.150945e-14
5.520000e+03	5.560000e+03	1.259819e-13	3.382460e-14	0.000000e+00
5.560000e+03	5.600000e+03	6.203613e-14	0.000000e+00	3.012049e-13
5.600000e+03	5.640000e+03	3.165535e-15	2.861712e-15	1.059460e-15
5.640000e+03	5.680000e+03	2.773660e-15	2.761371e-15	3.825354e-14
5.680000e+03	5.720000e+03	5.937455e-17	0.000000e+00	7.363165e-14
5.720000e+03	5.760000e+03	7.319797e-12	7.316177e-12	0.000000e+00
5.760000e+03	5.800000e+03	1.618207e-14	1.594087e-14	1.560557e-13
5.800000e+03	5.840000e+03	6.628135e-17	0.000000e+00	2.423755e-13
5.840000e+03	5.880000e+03	6.260092e-15	1.374850e-16	4.571657e-13
5.880000e+03	5.920000e+03	2.125859e-19	0.000000e+00	1.450374e-14
5.920000e+03	5.960000e+03	1.348109e-17	1.280629e-17	0.000000e+00
5.960000e+03	6.000000e+03	2.221165e-18	0.000000e+00	5.028860e-14
# END HISTO1D


# BEGIN HISTO1D //homes/tinghua1/Merging-Project/Production/HJETS/ratio-plots/hjets-vbfnlo/H-N2-3-4-25gev-vbfnlo-combine.yoda/MC_H2JETS_04_TIGHT/j3j4_mass
ErrorBandColor=cyan
ErrorBandOpacity=0.3
ErrorBands=1
ErrorType=env
LineColor=cyan
LineStyle=solid
Path=//homes/tinghua1/Merging-Project/Production/HJETS/ratio-plots/hjets-vbfnlo/H-N2-3-4-25gev-vbfnlo-combine.yoda/MC_H2JETS_04_TIGHT/j3j4_mass
RatioPlotSameStyle=1
Title=h(2*,3,4)-vbfnlo
# xlow	 xhigh	 val	 errminus	 errplus
0.000000e+00	4.000000e+01	8.506432e-05	1.121335e-05	1.894215e-05
4.000000e+01	8.000000e+01	1.105743e-04	1.800815e-05	2.265668e-05
8.000000e+01	1.200000e+02	5.202265e-05	8.366350e-06	1.019373e-05
1.200000e+02	1.600000e+02	1.937901e-05	3.583983e-06	4.499967e-06
1.600000e+02	2.000000e+02	1.038208e-05	1.791903e-06	1.961912e-06
2.000000e+02	2.400000e+02	7.918003e-06	1.459958e-06	1.138852e-06
2.400000e+02	2.800000e+02	6.740318e-06	5.610450e-07	1.560893e-06
2.800000e+02	3.200000e+02	6.248022e-06	5.226075e-07	1.792773e-06
3.200000e+02	3.600000e+02	6.314055e-06	7.309200e-07	1.010295e-06
3.600000e+02	4.000000e+02	6.534067e-06	1.144195e-06	1.411905e-06
4.000000e+02	4.400000e+02	6.120070e-06	9.678450e-07	1.914947e-06
4.400000e+02	4.800000e+02	6.032000e-06	7.980475e-07	1.802148e-06
4.800000e+02	5.200000e+02	6.022577e-06	1.118380e-06	9.949850e-07
5.200000e+02	5.600000e+02	5.503310e-06	1.057375e-06	6.403675e-07
5.600000e+02	6.000000e+02	5.135948e-06	8.130275e-07	9.661050e-07
6.000000e+02	6.400000e+02	4.603925e-06	5.860750e-07	1.220517e-06
6.400000e+02	6.800000e+02	4.370323e-06	8.331875e-07	6.744925e-07
6.800000e+02	7.200000e+02	3.929992e-06	5.845700e-07	6.598500e-07
7.200000e+02	7.600000e+02	3.634728e-06	4.603650e-07	1.072577e-06
7.600000e+02	8.000000e+02	3.256090e-06	3.450725e-07	8.238675e-07
8.000000e+02	8.400000e+02	3.093978e-06	5.482275e-07	5.209475e-07
8.400000e+02	8.800000e+02	2.692792e-06	4.223623e-07	7.650325e-07
8.800000e+02	9.200000e+02	2.638510e-06	4.963725e-07	7.025900e-07
9.200000e+02	9.600000e+02	2.257497e-06	3.597078e-07	4.475957e-07
9.600000e+02	1.000000e+03	2.162478e-06	3.856848e-07	0.000000e+00
1.000000e+03	1.040000e+03	1.800933e-06	2.690505e-07	3.069275e-07
1.040000e+03	1.080000e+03	1.646417e-06	1.781557e-07	4.095425e-07
1.080000e+03	1.120000e+03	1.306488e-06	0.000000e+00	4.519413e-07
1.120000e+03	1.160000e+03	1.384520e-06	3.534605e-07	2.687605e-07
1.160000e+03	1.200000e+03	1.337964e-06	4.230002e-07	2.167557e-07
1.200000e+03	1.240000e+03	1.117130e-06	1.960390e-07	3.243150e-07
1.240000e+03	1.280000e+03	9.604987e-07	1.436822e-07	1.888435e-07
1.280000e+03	1.320000e+03	8.255838e-07	1.148370e-07	1.995102e-07
1.320000e+03	1.360000e+03	7.234250e-07	6.328250e-08	5.646850e-08
1.360000e+03	1.400000e+03	6.518628e-07	5.538800e-08	1.959332e-07
1.400000e+03	1.440000e+03	6.186725e-07	4.596075e-08	1.986183e-07
1.440000e+03	1.480000e+03	5.706435e-07	9.995400e-08	1.366573e-07
1.480000e+03	1.520000e+03	5.016590e-07	1.121927e-07	1.004933e-07
1.520000e+03	1.560000e+03	4.069808e-07	1.542925e-08	2.144230e-07
1.560000e+03	1.600000e+03	4.273178e-07	1.183060e-07	5.165800e-08
1.600000e+03	1.640000e+03	3.548295e-07	5.942850e-08	1.443695e-07
1.640000e+03	1.680000e+03	2.752208e-07	5.961000e-09	1.060602e-07
1.680000e+03	1.720000e+03	2.881097e-07	4.505217e-08	0.000000e+00
1.720000e+03	1.760000e+03	2.398838e-07	1.586180e-08	1.020437e-07
1.760000e+03	1.800000e+03	2.117111e-07	4.133010e-08	7.179395e-08
1.800000e+03	1.840000e+03	1.712965e-07	3.289787e-08	9.665995e-08
1.840000e+03	1.880000e+03	1.939872e-07	4.915565e-08	0.000000e+00
1.880000e+03	1.920000e+03	1.482503e-07	3.573150e-08	8.355637e-08
1.920000e+03	1.960000e+03	1.365957e-07	1.324545e-08	5.585128e-08
1.960000e+03	2.000000e+03	1.043781e-07	1.231540e-08	7.978887e-08
2.000000e+03	2.040000e+03	9.724895e-08	0.000000e+00	5.471580e-08
2.040000e+03	2.080000e+03	8.979453e-08	1.285283e-08	7.455207e-08
2.080000e+03	2.120000e+03	6.668677e-08	0.000000e+00	2.604508e-08
2.120000e+03	2.160000e+03	9.696927e-08	3.649915e-08	1.743375e-09
2.160000e+03	2.200000e+03	7.533828e-08	4.405750e-08	0.000000e+00
2.200000e+03	2.240000e+03	4.850905e-08	7.148775e-09	0.000000e+00
2.240000e+03	2.280000e+03	4.914990e-08	9.958425e-09	0.000000e+00
2.280000e+03	2.320000e+03	3.785910e-08	6.154825e-09	2.266502e-08
2.320000e+03	2.360000e+03	4.461195e-08	3.944850e-09	0.000000e+00
2.360000e+03	2.400000e+03	2.628068e-08	0.000000e+00	2.444577e-08
2.400000e+03	2.440000e+03	2.895813e-08	4.997190e-09	4.774075e-09
2.440000e+03	2.480000e+03	4.509180e-08	2.613346e-08	0.000000e+00
2.480000e+03	2.520000e+03	2.381068e-08	0.000000e+00	1.375509e-08
2.520000e+03	2.560000e+03	1.901949e-08	6.025100e-09	7.531832e-09
2.560000e+03	2.600000e+03	2.354898e-08	7.867460e-09	1.020843e-09
2.600000e+03	2.640000e+03	1.250888e-08	0.000000e+00	1.078769e-08
2.640000e+03	2.680000e+03	1.796078e-08	6.233110e-09	4.958810e-09
2.680000e+03	2.720000e+03	1.040572e-08	0.000000e+00	1.459151e-08
2.720000e+03	2.760000e+03	1.041086e-08	3.243740e-09	9.287210e-09
2.760000e+03	2.800000e+03	2.094907e-08	1.225342e-08	0.000000e+00
2.800000e+03	2.840000e+03	8.609910e-09	5.541100e-09	2.464554e-08
2.840000e+03	2.880000e+03	-1.248243e-09	0.000000e+00	1.978106e-08
2.880000e+03	2.920000e+03	7.279267e-09	3.345610e-09	4.314525e-10
2.920000e+03	2.960000e+03	3.406433e-09	0.000000e+00	1.048687e-08
2.960000e+03	3.000000e+03	1.571230e-09	8.596457e-10	4.832363e-09
3.000000e+03	3.040000e+03	7.665747e-09	5.386701e-09	0.000000e+00
3.040000e+03	3.080000e+03	2.415616e-09	2.160245e-10	5.791337e-09
3.080000e+03	3.120000e+03	3.621868e-09	0.000000e+00	5.215375e-10
3.120000e+03	3.160000e+03	3.339265e-09	1.448404e-09	0.000000e+00
3.160000e+03	3.200000e+03	5.508595e-09	2.649363e-09	0.000000e+00
3.200000e+03	3.240000e+03	1.157977e-09	3.979145e-10	5.397392e-10
3.240000e+03	3.280000e+03	1.837936e-09	3.827997e-10	0.000000e+00
3.280000e+03	3.320000e+03	1.089400e-09	3.125850e-11	5.391525e-10
3.320000e+03	3.360000e+03	7.510653e-10	4.306455e-10	1.883127e-09
3.360000e+03	3.400000e+03	1.037352e-09	0.000000e+00	1.006700e-09
3.400000e+03	3.440000e+03	1.118629e-09	5.986407e-10	8.504857e-10
3.440000e+03	3.480000e+03	4.031950e-09	3.607052e-09	0.000000e+00
3.480000e+03	3.520000e+03	3.185667e-09	2.994637e-09	0.000000e+00
3.520000e+03	3.560000e+03	5.366508e-10	2.372333e-10	2.735627e-10
3.560000e+03	3.600000e+03	6.482667e-11	0.000000e+00	3.384306e-10
3.600000e+03	3.640000e+03	5.686055e-10	7.025883e-10	0.000000e+00
3.640000e+03	3.680000e+03	5.518657e-10	4.254924e-10	2.862108e-10
3.680000e+03	3.720000e+03	2.937238e-10	0.000000e+00	1.020197e-10
3.720000e+03	3.760000e+03	3.245182e-10	2.874438e-10	0.000000e+00
3.760000e+03	3.800000e+03	2.979197e-10	0.000000e+00	8.626555e-10
3.800000e+03	3.840000e+03	1.383405e-10	0.000000e+00	3.930283e-10
3.840000e+03	3.880000e+03	7.484015e-11	0.000000e+00	2.172651e-10
3.880000e+03	3.920000e+03	1.011465e-10	4.044910e-11	4.335125e-11
3.920000e+03	3.960000e+03	6.293495e-11	0.000000e+00	8.011770e-10
3.960000e+03	4.000000e+03	4.696350e-09	4.777884e-09	0.000000e+00
4.000000e+03	4.040000e+03	1.337987e-10	1.287389e-10	0.000000e+00
4.040000e+03	4.080000e+03	6.904712e-11	1.363131e-10	1.351163e-10
4.080000e+03	4.120000e+03	1.947689e-10	1.366518e-10	0.000000e+00
4.120000e+03	4.160000e+03	7.471798e-11	3.152375e-11	0.000000e+00
4.160000e+03	4.200000e+03	1.779474e-12	2.069848e-11	4.976543e-11
4.200000e+03	4.240000e+03	2.238000e-11	3.363603e-11	6.343155e-12
4.240000e+03	4.280000e+03	1.246765e-11	0.000000e+00	3.522172e-11
4.280000e+03	4.320000e+03	8.397070e-11	6.756860e-11	0.000000e+00
4.320000e+03	4.360000e+03	1.641134e-11	1.332454e-11	2.101366e-11
4.360000e+03	4.400000e+03	-1.566662e-13	0.000000e+00	9.940066e-12
4.400000e+03	4.440000e+03	4.082105e-11	3.774975e-11	0.000000e+00
4.440000e+03	4.480000e+03	6.032738e-11	7.595037e-11	0.000000e+00
4.480000e+03	4.520000e+03	-3.605765e-11	0.000000e+00	5.327396e-11
4.520000e+03	4.560000e+03	8.170828e-11	7.646356e-11	0.000000e+00
4.560000e+03	4.600000e+03	2.814195e-11	2.066231e-11	6.414615e-11
4.600000e+03	4.640000e+03	7.538775e-12	0.000000e+00	3.943970e-11
4.640000e+03	4.680000e+03	5.005950e-12	0.000000e+00	1.087906e-11
4.680000e+03	4.720000e+03	1.105667e-10	1.094508e-10	0.000000e+00
4.720000e+03	4.760000e+03	-1.266483e-11	0.000000e+00	1.789901e-11
4.760000e+03	4.800000e+03	1.773430e-11	1.561155e-11	1.777438e-11
4.800000e+03	4.840000e+03	5.343750e-12	4.948601e-12	0.000000e+00
4.840000e+03	4.880000e+03	6.069120e-13	0.000000e+00	5.420523e-12
4.880000e+03	4.920000e+03	3.219485e-13	5.753023e-12	1.465768e-13
4.920000e+03	4.960000e+03	-1.587332e-11	0.000000e+00	2.186246e-11
4.960000e+03	5.000000e+03	4.074715e-13	0.000000e+00	1.645258e-11
5.000000e+03	5.040000e+03	1.299606e-11	1.376363e-12	1.664846e-11
5.040000e+03	5.080000e+03	4.129527e-13	4.065119e-13	5.003172e-11
5.080000e+03	5.120000e+03	7.895425e-13	1.506554e-12	1.099385e-12
5.120000e+03	5.160000e+03	2.583580e-13	3.524098e-14	2.223308e-12
5.160000e+03	5.200000e+03	-4.927133e-12	0.000000e+00	5.703847e-12
5.200000e+03	5.240000e+03	9.607377e-14	7.284484e-14	4.007600e-14
5.240000e+03	5.280000e+03	1.020631e-11	1.097857e-11	0.000000e+00
5.280000e+03	5.320000e+03	6.112310e-13	5.203533e-11	1.538836e-12
5.320000e+03	5.360000e+03	1.776275e-12	1.772204e-12	2.761672e-12
5.360000e+03	5.400000e+03	7.133815e-16	0.000000e+00	5.402539e-12
5.400000e+03	5.440000e+03	4.329313e-13	1.601086e-11	1.975180e-12
5.440000e+03	5.480000e+03	1.101890e-16	1.596492e-13	1.128505e-13
5.480000e+03	5.520000e+03	1.456655e-13	0.000000e+00	2.496289e-12
5.520000e+03	5.560000e+03	3.852088e-14	3.796600e-14	1.640712e-14
5.560000e+03	5.600000e+03	2.413551e-14	2.404876e-14	0.000000e+00
5.600000e+03	5.640000e+03	3.371628e-12	3.371592e-12	0.000000e+00
5.640000e+03	5.680000e+03	1.019962e-14	1.001560e-14	0.000000e+00
5.680000e+03	5.720000e+03	5.185495e-16	2.510418e-16	1.745605e-15
5.720000e+03	5.760000e+03	3.365238e-15	3.326892e-15	2.324827e-12
5.760000e+03	5.800000e+03	4.327392e-16	3.225260e-16	1.331415e-13
5.800000e+03	5.840000e+03	1.383980e-15	1.383980e-15	3.917664e-14
5.840000e+03	5.880000e+03	7.193195e-15	7.018631e-15	0.000000e+00
5.880000e+03	5.920000e+03	4.926140e-16	4.989673e-12	6.283091e-15
5.920000e+03	5.960000e+03	9.528635e-19	0.000000e+00	2.314344e-13
5.960000e+03	6.000000e+03	-1.477739e-13	0.000000e+00	1.493740e-13
# END HISTO1D


# BEGIN HISTO1D //homes/tinghua1/Merging-Project/Production/HJETS/ratio-plots/hjets-vbfnlo/H-2-3-4-25gev-combine.yoda/MC_H2JETS_04_TIGHT/j3j4_mass
ErrorBandColor=yellow
ErrorBandOpacity=0.3
ErrorBands=1
ErrorType=env
LineColor=yellow
LineStyle=solid
Path=//homes/tinghua1/Merging-Project/Production/HJETS/ratio-plots/hjets-vbfnlo/H-2-3-4-25gev-combine.yoda/MC_H2JETS_04_TIGHT/j3j4_mass
RatioPlotSameStyle=1
Title=h(2,3,4)
# xlow	 xhigh	 val	 errminus	 errplus
0.000000e+00	4.000000e+01	8.856100e-05	1.532520e-05	2.915212e-05
4.000000e+01	8.000000e+01	1.210563e-04	2.636975e-05	3.361675e-05
8.000000e+01	1.200000e+02	5.790705e-05	9.159400e-06	1.549445e-05
1.200000e+02	1.600000e+02	2.307246e-05	4.693890e-06	5.166187e-06
1.600000e+02	2.000000e+02	1.294274e-05	2.446355e-06	2.863482e-06
2.000000e+02	2.400000e+02	9.200087e-06	7.420250e-07	2.514233e-06
2.400000e+02	2.800000e+02	8.309638e-06	1.227665e-06	1.488935e-06
2.800000e+02	3.200000e+02	7.604640e-06	1.394720e-06	1.429730e-06
3.200000e+02	3.600000e+02	7.345222e-06	1.001605e-06	1.955933e-06
3.600000e+02	4.000000e+02	7.068208e-06	1.192008e-06	2.007483e-06
4.000000e+02	4.400000e+02	6.810910e-06	1.034475e-06	2.191350e-06
4.400000e+02	4.800000e+02	6.392408e-06	1.058493e-06	1.580790e-06
4.800000e+02	5.200000e+02	5.970855e-06	8.861850e-07	1.483417e-06
5.200000e+02	5.600000e+02	6.077048e-06	1.362998e-06	1.360592e-06
5.600000e+02	6.000000e+02	5.747398e-06	1.349315e-06	1.263985e-06
6.000000e+02	6.400000e+02	4.744782e-06	6.225500e-07	1.898238e-06
6.400000e+02	6.800000e+02	4.619705e-06	9.000125e-07	1.293923e-06
6.800000e+02	7.200000e+02	4.319547e-06	8.593050e-07	1.268758e-06
7.200000e+02	7.600000e+02	3.863162e-06	7.062825e-07	1.180910e-06
7.600000e+02	8.000000e+02	3.799593e-06	8.957475e-07	4.927025e-07
8.000000e+02	8.400000e+02	3.319272e-06	6.742500e-07	7.223175e-07
8.400000e+02	8.800000e+02	2.976088e-06	6.044240e-07	9.204350e-07
8.800000e+02	9.200000e+02	2.447858e-06	3.512008e-07	1.093607e-06
9.200000e+02	9.600000e+02	2.407487e-06	5.778625e-07	1.102253e-06
9.600000e+02	1.000000e+03	2.260831e-06	4.483570e-07	5.712010e-07
1.000000e+03	1.040000e+03	2.055922e-06	5.239007e-07	4.699050e-07
1.040000e+03	1.080000e+03	1.684020e-06	1.638350e-07	4.788370e-07
1.080000e+03	1.120000e+03	1.444001e-06	2.682680e-07	5.259855e-07
1.120000e+03	1.160000e+03	1.407835e-06	1.601858e-07	2.179318e-07
1.160000e+03	1.200000e+03	1.408448e-06	3.651905e-07	3.164300e-07
1.200000e+03	1.240000e+03	1.481686e-06	4.277895e-07	1.806425e-08
1.240000e+03	1.280000e+03	1.003345e-06	2.620007e-07	3.155835e-07
1.280000e+03	1.320000e+03	8.786683e-07	6.604050e-08	3.532280e-07
1.320000e+03	1.360000e+03	7.520605e-07	5.265000e-08	2.777675e-07
1.360000e+03	1.400000e+03	6.786930e-07	5.330725e-08	2.778275e-07
1.400000e+03	1.440000e+03	6.817712e-07	1.128838e-07	1.515115e-07
1.440000e+03	1.480000e+03	5.519743e-07	1.416813e-07	2.932910e-07
1.480000e+03	1.520000e+03	4.416235e-07	7.251250e-08	2.228305e-07
1.520000e+03	1.560000e+03	4.960463e-07	1.669400e-07	1.178990e-07
1.560000e+03	1.600000e+03	3.764720e-07	1.676825e-08	1.765255e-07
1.600000e+03	1.640000e+03	3.787458e-07	1.048727e-07	1.552260e-07
1.640000e+03	1.680000e+03	3.417668e-07	1.137575e-08	7.886700e-08
1.680000e+03	1.720000e+03	2.830367e-07	7.891123e-08	1.731332e-07
1.720000e+03	1.760000e+03	3.148908e-07	1.248806e-07	8.743675e-08
1.760000e+03	1.800000e+03	2.272352e-07	2.094187e-08	1.158038e-07
1.800000e+03	1.840000e+03	2.278990e-07	6.250205e-08	1.014960e-07
1.840000e+03	1.880000e+03	1.279855e-07	0.000000e+00	1.416717e-07
1.880000e+03	1.920000e+03	1.816249e-07	2.890870e-08	5.245243e-08
1.920000e+03	1.960000e+03	2.072716e-07	5.943390e-08	2.889800e-08
1.960000e+03	2.000000e+03	1.178856e-07	1.522405e-08	3.237072e-07
2.000000e+03	2.040000e+03	7.505668e-08	0.000000e+00	8.602218e-08
2.040000e+03	2.080000e+03	1.178266e-07	5.746700e-08	3.481062e-08
2.080000e+03	2.120000e+03	1.249911e-07	3.279263e-08	0.000000e+00
2.120000e+03	2.160000e+03	7.974472e-08	5.075250e-10	2.398018e-08
2.160000e+03	2.200000e+03	8.968065e-08	3.422345e-08	1.190100e-08
2.200000e+03	2.240000e+03	5.716745e-08	1.681790e-08	3.597220e-08
2.240000e+03	2.280000e+03	4.754795e-08	1.447102e-08	2.383015e-08
2.280000e+03	2.320000e+03	4.880700e-08	0.000000e+00	4.643085e-08
2.320000e+03	2.360000e+03	6.597658e-08	4.814296e-08	0.000000e+00
2.360000e+03	2.400000e+03	4.445370e-08	1.903402e-08	5.632500e-11
2.400000e+03	2.440000e+03	4.735875e-08	2.124437e-08	1.093960e-08
2.440000e+03	2.480000e+03	1.881969e-08	0.000000e+00	2.689193e-08
2.480000e+03	2.520000e+03	4.283885e-08	2.019604e-08	2.846157e-08
2.520000e+03	2.560000e+03	3.351322e-08	2.073806e-08	0.000000e+00
2.560000e+03	2.600000e+03	1.955010e-08	0.000000e+00	4.815575e-08
2.600000e+03	2.640000e+03	1.220029e-08	0.000000e+00	2.384921e-08
2.640000e+03	2.680000e+03	1.437136e-08	7.399000e-11	4.145625e-10
2.680000e+03	2.720000e+03	1.353863e-08	0.000000e+00	4.854960e-08
2.720000e+03	2.760000e+03	1.036289e-08	0.000000e+00	1.063939e-08
2.760000e+03	2.800000e+03	1.363388e-08	3.788010e-09	0.000000e+00
2.800000e+03	2.840000e+03	1.915619e-09	3.080854e-08	1.184839e-08
2.840000e+03	2.880000e+03	2.379808e-08	1.749355e-08	3.399014e-08
2.880000e+03	2.920000e+03	6.439935e-09	2.171705e-09	1.921007e-09
2.920000e+03	2.960000e+03	4.168030e-09	0.000000e+00	5.504900e-10
2.960000e+03	3.000000e+03	4.755375e-09	4.511300e-10	7.364775e-10
3.000000e+03	3.040000e+03	4.972938e-09	0.000000e+00	9.732108e-09
3.040000e+03	3.080000e+03	1.647303e-09	0.000000e+00	2.959497e-09
3.080000e+03	3.120000e+03	2.145525e-09	0.000000e+00	6.863950e-10
3.120000e+03	3.160000e+03	1.084608e-09	0.000000e+00	3.675734e-09
3.160000e+03	3.200000e+03	1.692482e-09	0.000000e+00	3.356203e-09
3.200000e+03	3.240000e+03	4.000055e-09	1.825459e-09	0.000000e+00
3.240000e+03	3.280000e+03	1.614809e-09	1.087081e-09	2.009379e-09
3.280000e+03	3.320000e+03	1.621482e-09	1.036977e-09	9.070733e-09
3.320000e+03	3.360000e+03	9.558353e-10	0.000000e+00	1.202983e-08
3.360000e+03	3.400000e+03	1.361236e-09	9.272053e-10	0.000000e+00
3.400000e+03	3.440000e+03	1.208543e-09	5.855255e-10	0.000000e+00
3.440000e+03	3.480000e+03	5.204048e-10	8.065650e-11	1.411163e-09
3.480000e+03	3.520000e+03	7.027270e-10	1.191962e-09	2.357355e-10
3.520000e+03	3.560000e+03	1.124586e-09	7.693395e-10	0.000000e+00
3.560000e+03	3.600000e+03	2.626573e-10	1.521884e-10	3.147350e-10
3.600000e+03	3.640000e+03	2.969785e-10	5.937582e-11	6.696815e-10
3.640000e+03	3.680000e+03	4.320195e-10	0.000000e+00	8.623062e-10
3.680000e+03	3.720000e+03	7.109075e-11	0.000000e+00	7.683595e-10
3.720000e+03	3.760000e+03	3.039518e-10	1.316352e-10	2.675830e-10
3.760000e+03	3.800000e+03	4.716270e-10	4.263749e-10	1.937882e-10
3.800000e+03	3.840000e+03	5.745078e-11	1.232702e-11	9.740040e-11
3.840000e+03	3.880000e+03	8.399323e-11	1.409150e-12	3.972887e-11
3.880000e+03	3.920000e+03	1.299476e-10	2.876655e-11	2.582265e-11
3.920000e+03	3.960000e+03	8.394045e-11	7.898657e-11	2.852250e-11
3.960000e+03	4.000000e+03	2.249879e-10	1.812490e-10	0.000000e+00
4.000000e+03	4.040000e+03	3.025845e-10	1.031926e-10	0.000000e+00
4.040000e+03	4.080000e+03	2.532200e-10	2.153536e-10	2.195170e-10
4.080000e+03	4.120000e+03	5.389968e-11	4.652044e-11	5.308293e-11
4.120000e+03	4.160000e+03	3.031145e-11	1.476346e-11	1.910371e-10
4.160000e+03	4.200000e+03	1.009460e-11	0.000000e+00	8.297762e-11
4.200000e+03	4.240000e+03	4.195663e-12	0.000000e+00	3.364816e-10
4.240000e+03	4.280000e+03	1.036958e-10	9.040309e-11	0.000000e+00
4.280000e+03	4.320000e+03	5.490487e-10	5.441760e-10	0.000000e+00
4.320000e+03	4.360000e+03	5.564720e-12	7.068465e-12	0.000000e+00
4.360000e+03	4.400000e+03	3.855340e-12	0.000000e+00	3.920346e-11
4.400000e+03	4.440000e+03	3.297582e-11	3.309013e-11	0.000000e+00
4.440000e+03	4.480000e+03	7.085820e-12	5.952821e-12	7.856978e-11
4.480000e+03	4.520000e+03	2.382239e-11	2.250751e-11	0.000000e+00
4.520000e+03	4.560000e+03	8.300285e-12	7.103315e-12	2.519009e-11
4.560000e+03	4.600000e+03	2.171533e-13	0.000000e+00	4.752622e-11
4.600000e+03	4.640000e+03	1.098122e-11	8.047353e-12	8.834353e-11
4.640000e+03	4.680000e+03	1.099401e-11	1.022093e-11	0.000000e+00
4.680000e+03	4.720000e+03	2.221300e-13	1.326405e-13	3.067245e-12
4.720000e+03	4.760000e+03	1.022189e-11	8.796887e-12	0.000000e+00
4.760000e+03	4.800000e+03	2.559125e-13	0.000000e+00	3.552111e-11
4.800000e+03	4.840000e+03	4.354805e-12	3.242707e-12	2.539497e-11
4.840000e+03	4.880000e+03	3.187822e-12	3.770623e-12	0.000000e+00
4.880000e+03	4.920000e+03	5.642940e-14	0.000000e+00	2.098336e-09
4.920000e+03	4.960000e+03	5.526770e-14	0.000000e+00	3.091375e-13
4.960000e+03	5.000000e+03	4.902327e-13	0.000000e+00	1.555409e-11
5.000000e+03	5.040000e+03	3.939265e-14	4.215694e-14	0.000000e+00
5.040000e+03	5.080000e+03	3.318285e-13	0.000000e+00	2.246739e-12
5.080000e+03	5.120000e+03	5.637992e-12	5.433544e-11	3.012797e-12
5.120000e+03	5.160000e+03	2.448542e-10	2.448488e-10	0.000000e+00
5.160000e+03	5.200000e+03	8.192840e-14	7.517841e-14	0.000000e+00
5.200000e+03	5.240000e+03	1.453242e-13	1.047566e-13	0.000000e+00
5.240000e+03	5.280000e+03	5.465625e-12	5.453473e-12	0.000000e+00
5.280000e+03	5.320000e+03	2.884230e-14	0.000000e+00	2.365524e-11
5.320000e+03	5.360000e+03	2.260189e-13	2.232134e-13	1.059460e-10
5.360000e+03	5.400000e+03	1.227860e-13	1.207731e-13	3.122167e-13
5.400000e+03	5.440000e+03	1.858554e-14	1.616880e-14	2.985417e-13
5.440000e+03	5.480000e+03	2.509075e-13	2.509063e-13	0.000000e+00
5.480000e+03	5.520000e+03	2.734130e-14	1.974577e-14	9.279279e-12
5.520000e+03	5.560000e+03	3.419270e-14	2.088900e-15	2.875053e-13
5.560000e+03	5.600000e+03	1.392861e-12	1.392571e-12	0.000000e+00
5.600000e+03	5.640000e+03	1.247047e-15	3.784905e-15	5.757885e-13
5.640000e+03	5.680000e+03	3.800505e-14	3.728345e-14	1.677870e-13
5.680000e+03	5.720000e+03	6.525662e-14	6.506021e-14	0.000000e+00
5.720000e+03	5.760000e+03	3.759305e-14	3.759250e-14	1.939300e-15
5.760000e+03	5.800000e+03	6.229188e-15	0.000000e+00	2.751363e-13
5.800000e+03	5.840000e+03	1.376554e-14	1.371961e-14	0.000000e+00
5.840000e+03	5.880000e+03	3.130140e-16	7.479520e-17	1.158717e-16
5.880000e+03	5.920000e+03	2.993122e-14	7.155842e-13	2.925440e-13
5.920000e+03	5.960000e+03	4.847693e-15	4.713239e-15	0.000000e+00
5.960000e+03	6.000000e+03	-1.166312e-16	0.000000e+00	2.188377e-16
# END HISTO1D


# BEGIN HISTO1D //homes/tinghua1/Merging-Project/Production/HJETS/ratio-plots/hjets-vbfnlo/H-2-3-4-25gev-vbfnlo-combine.yoda/MC_H2JETS_04_TIGHT/j3j4_mass
ErrorBandColor=green
ErrorBandOpacity=0.3
ErrorBands=1
ErrorType=env
LineColor=green
LineStyle=solid
Path=//homes/tinghua1/Merging-Project/Production/HJETS/ratio-plots/hjets-vbfnlo/H-2-3-4-25gev-vbfnlo-combine.yoda/MC_H2JETS_04_TIGHT/j3j4_mass
RatioPlotSameStyle=1
Title=h(2,3,4)-vbfnlo
# xlow	 xhigh	 val	 errminus	 errplus
0.000000e+00	4.000000e+01	8.759260e-05	1.597195e-05	2.696677e-05
4.000000e+01	8.000000e+01	1.132670e-04	2.247207e-05	2.993960e-05
8.000000e+01	1.200000e+02	5.221957e-05	9.343900e-06	1.335918e-05
1.200000e+02	1.600000e+02	2.016997e-05	4.054912e-06	4.358747e-06
1.600000e+02	2.000000e+02	1.067523e-05	2.204490e-06	2.456095e-06
2.000000e+02	2.400000e+02	8.000302e-06	1.573425e-06	1.814225e-06
2.400000e+02	2.800000e+02	7.229465e-06	1.386472e-06	1.643865e-06
2.800000e+02	3.200000e+02	6.772327e-06	1.117883e-06	1.979007e-06
3.200000e+02	3.600000e+02	6.587270e-06	8.304575e-07	1.900135e-06
3.600000e+02	4.000000e+02	6.831243e-06	1.358505e-06	1.695090e-06
4.000000e+02	4.400000e+02	6.565190e-06	9.837675e-07	1.781682e-06
4.400000e+02	4.800000e+02	6.199735e-06	9.669125e-07	1.747990e-06
4.800000e+02	5.200000e+02	6.103938e-06	1.082977e-06	2.011415e-06
5.200000e+02	5.600000e+02	5.516098e-06	4.186200e-07	1.670010e-06
5.600000e+02	6.000000e+02	5.156382e-06	8.051325e-07	1.529175e-06
6.000000e+02	6.400000e+02	4.751210e-06	8.070250e-07	1.609770e-06
6.400000e+02	6.800000e+02	4.805600e-06	8.323475e-07	1.039550e-06
6.800000e+02	7.200000e+02	4.588215e-06	1.183795e-06	6.916325e-07
7.200000e+02	7.600000e+02	3.873625e-06	8.007200e-07	1.205813e-06
7.600000e+02	8.000000e+02	3.736042e-06	9.582400e-07	8.683875e-07
8.000000e+02	8.400000e+02	3.224847e-06	7.731480e-07	8.144075e-07
8.400000e+02	8.800000e+02	2.771020e-06	5.241383e-07	1.190317e-06
8.800000e+02	9.200000e+02	2.686782e-06	5.626350e-07	6.420075e-07
9.200000e+02	9.600000e+02	2.309984e-06	3.332688e-07	5.935338e-07
9.600000e+02	1.000000e+03	2.160569e-06	3.935340e-07	6.533732e-07
1.000000e+03	1.040000e+03	1.971389e-06	5.104208e-07	4.385852e-07
1.040000e+03	1.080000e+03	1.885494e-06	5.177495e-07	4.297635e-07
1.080000e+03	1.120000e+03	1.520740e-06	1.833600e-07	3.856485e-07
1.120000e+03	1.160000e+03	1.338078e-06	2.420840e-07	9.247075e-07
1.160000e+03	1.200000e+03	1.229455e-06	2.280483e-07	5.611142e-07
1.200000e+03	1.240000e+03	1.170719e-06	2.561752e-07	1.959660e-07
1.240000e+03	1.280000e+03	1.008339e-06	2.243780e-07	3.722985e-07
1.280000e+03	1.320000e+03	9.696453e-07	2.939018e-07	2.789387e-07
1.320000e+03	1.360000e+03	8.732513e-07	2.643917e-07	2.515165e-07
1.360000e+03	1.400000e+03	6.931608e-07	1.116560e-07	2.643073e-07
1.400000e+03	1.440000e+03	7.140293e-07	1.095693e-07	7.403600e-08
1.440000e+03	1.480000e+03	6.311300e-07	2.112587e-07	1.824523e-07
1.480000e+03	1.520000e+03	5.106515e-07	1.173895e-07	2.388810e-07
1.520000e+03	1.560000e+03	6.768293e-07	2.318842e-07	0.000000e+00
1.560000e+03	1.600000e+03	3.978165e-07	8.984150e-08	2.450637e-07
1.600000e+03	1.640000e+03	5.600330e-07	2.890617e-07	0.000000e+00
1.640000e+03	1.680000e+03	3.452575e-07	1.063134e-07	7.662750e-08
1.680000e+03	1.720000e+03	3.800700e-07	3.258875e-08	0.000000e+00
1.720000e+03	1.760000e+03	2.914095e-07	1.581775e-08	6.245150e-08
1.760000e+03	1.800000e+03	2.573352e-07	9.103842e-08	5.687075e-08
1.800000e+03	1.840000e+03	1.986830e-07	5.151012e-08	9.328302e-08
1.840000e+03	1.880000e+03	2.057598e-07	7.978868e-08	2.067382e-08
1.880000e+03	1.920000e+03	1.831806e-07	4.669277e-08	3.281825e-08
1.920000e+03	1.960000e+03	1.653963e-07	2.221668e-08	3.424022e-08
1.960000e+03	2.000000e+03	1.257120e-07	2.508390e-08	3.024082e-08
2.000000e+03	2.040000e+03	1.023454e-07	8.459325e-09	9.785113e-08
2.040000e+03	2.080000e+03	1.105126e-07	1.718130e-08	2.249848e-08
2.080000e+03	2.120000e+03	9.522418e-08	2.199002e-08	4.665175e-09
2.120000e+03	2.160000e+03	1.185764e-07	6.309485e-08	1.175035e-08
2.160000e+03	2.200000e+03	6.537897e-08	0.000000e+00	2.390470e-08
2.200000e+03	2.240000e+03	5.684510e-08	2.315377e-08	1.967270e-08
2.240000e+03	2.280000e+03	6.349982e-08	1.097500e-08	2.197465e-08
2.280000e+03	2.320000e+03	4.690477e-08	1.600430e-08	3.127875e-08
2.320000e+03	2.360000e+03	4.102635e-08	8.919925e-09	2.052250e-08
2.360000e+03	2.400000e+03	6.482380e-08	3.545825e-08	0.000000e+00
2.400000e+03	2.440000e+03	4.804880e-08	2.304467e-08	0.000000e+00
2.440000e+03	2.480000e+03	2.947412e-08	1.406480e-08	1.577408e-08
2.480000e+03	2.520000e+03	2.395072e-08	0.000000e+00	7.955727e-09
2.520000e+03	2.560000e+03	3.535527e-08	1.824856e-08	8.637025e-09
2.560000e+03	2.600000e+03	1.505891e-08	2.298812e-08	2.166267e-09
2.600000e+03	2.640000e+03	2.118985e-08	2.581653e-09	0.000000e+00
2.640000e+03	2.680000e+03	1.142004e-08	6.929475e-10	1.433731e-08
2.680000e+03	2.720000e+03	1.598485e-08	3.043555e-09	0.000000e+00
2.720000e+03	2.760000e+03	1.072323e-08	1.937175e-09	4.480258e-09
2.760000e+03	2.800000e+03	8.874157e-09	1.613940e-09	7.210068e-09
2.800000e+03	2.840000e+03	6.143827e-09	6.509125e-10	2.650995e-09
2.840000e+03	2.880000e+03	3.057257e-09	0.000000e+00	3.231887e-09
2.880000e+03	2.920000e+03	9.294442e-09	2.295045e-09	1.468713e-09
2.920000e+03	2.960000e+03	4.532710e-09	1.907000e-10	2.924975e-09
2.960000e+03	3.000000e+03	4.717530e-09	5.745875e-10	9.744332e-09
3.000000e+03	3.040000e+03	9.175675e-09	6.366630e-09	0.000000e+00
3.040000e+03	3.080000e+03	4.383577e-09	2.657828e-09	0.000000e+00
3.080000e+03	3.120000e+03	2.350318e-09	8.749212e-10	1.821990e-09
3.120000e+03	3.160000e+03	2.642218e-09	0.000000e+00	3.704865e-09
3.160000e+03	3.200000e+03	1.882354e-09	1.033427e-10	6.933121e-09
3.200000e+03	3.240000e+03	2.291630e-09	9.336295e-10	1.972070e-10
3.240000e+03	3.280000e+03	2.285072e-09	1.694653e-09	5.316725e-10
3.280000e+03	3.320000e+03	9.036262e-10	1.012783e-10	1.755226e-09
3.320000e+03	3.360000e+03	1.089516e-08	9.844815e-09	0.000000e+00
3.360000e+03	3.400000e+03	1.095517e-09	1.014360e-10	0.000000e+00
3.400000e+03	3.440000e+03	1.741116e-09	9.606102e-10	1.133782e-09
3.440000e+03	3.480000e+03	5.469075e-10	0.000000e+00	1.718646e-09
3.480000e+03	3.520000e+03	1.596190e-09	8.231227e-10	0.000000e+00
3.520000e+03	3.560000e+03	3.263768e-09	3.093890e-09	0.000000e+00
3.560000e+03	3.600000e+03	2.899255e-10	0.000000e+00	6.360538e-10
3.600000e+03	3.640000e+03	5.698718e-10	3.293343e-10	5.280288e-10
3.640000e+03	3.680000e+03	4.985787e-10	2.677986e-10	0.000000e+00
3.680000e+03	3.720000e+03	2.518080e-10	1.620999e-10	0.000000e+00
3.720000e+03	3.760000e+03	4.402465e-10	0.000000e+00	1.940505e-10
3.760000e+03	3.800000e+03	-4.465030e-10	0.000000e+00	1.036133e-09
3.800000e+03	3.840000e+03	4.495275e-11	0.000000e+00	7.700575e-10
3.840000e+03	3.880000e+03	6.805593e-11	2.926809e-10	2.596158e-11
3.880000e+03	3.920000e+03	3.302398e-10	2.465610e-10	0.000000e+00
3.920000e+03	3.960000e+03	6.177335e-10	5.347098e-10	0.000000e+00
3.960000e+03	4.000000e+03	9.022922e-11	3.513000e-12	3.332938e-10
4.000000e+03	4.040000e+03	8.290982e-11	6.488009e-11	1.331328e-10
4.040000e+03	4.080000e+03	4.351452e-11	0.000000e+00	1.307425e-10
4.080000e+03	4.120000e+03	5.329785e-12	1.161432e-10	0.000000e+00
4.120000e+03	4.160000e+03	1.848256e-10	1.039362e-10	0.000000e+00
4.160000e+03	4.200000e+03	2.502213e-10	2.401810e-10	0.000000e+00
4.200000e+03	4.240000e+03	1.009510e-10	6.625515e-11	3.868789e-09
4.240000e+03	4.280000e+03	8.298572e-11	6.998825e-11	1.833843e-10
4.280000e+03	4.320000e+03	3.015550e-11	0.000000e+00	4.021730e-11
4.320000e+03	4.360000e+03	5.687522e-12	0.000000e+00	8.384623e-11
4.360000e+03	4.400000e+03	5.498675e-11	1.026420e-11	1.637142e-11
4.400000e+03	4.440000e+03	2.394602e-11	3.294460e-11	0.000000e+00
4.440000e+03	4.480000e+03	1.007228e-10	9.090177e-11	0.000000e+00
4.480000e+03	4.520000e+03	7.549192e-12	0.000000e+00	5.476773e-11
4.520000e+03	4.560000e+03	1.093310e-11	0.000000e+00	2.922855e-11
4.560000e+03	4.600000e+03	1.270555e-12	9.614528e-11	2.683953e-12
4.600000e+03	4.640000e+03	6.130298e-12	4.765906e-12	4.065150e-11
4.640000e+03	4.680000e+03	2.838870e-12	3.750970e-13	7.136356e-11
4.680000e+03	4.720000e+03	1.017602e-11	4.220435e-12	3.647123e-11
4.720000e+03	4.760000e+03	8.858025e-13	6.596538e-13	1.962503e-10
4.760000e+03	4.800000e+03	4.279825e-13	3.662775e-14	1.502753e-11
4.800000e+03	4.840000e+03	1.872690e-11	1.674641e-11	1.574917e-11
4.840000e+03	4.880000e+03	1.209259e-11	1.148899e-11	0.000000e+00
4.880000e+03	4.920000e+03	4.235480e-13	0.000000e+00	1.702845e-11
4.920000e+03	4.960000e+03	3.000145e-13	0.000000e+00	2.825764e-11
4.960000e+03	5.000000e+03	2.172277e-13	0.000000e+00	3.757357e-12
5.000000e+03	5.040000e+03	1.372741e-12	1.035853e-12	1.701736e-11
5.040000e+03	5.080000e+03	2.395755e-13	1.917142e-13	2.564394e-12
5.080000e+03	5.120000e+03	1.650420e-13	0.000000e+00	3.702542e-13
5.120000e+03	5.160000e+03	1.513984e-13	3.963667e-14	2.354200e-11
5.160000e+03	5.200000e+03	1.966220e-13	1.652094e-13	9.169180e-13
5.200000e+03	5.240000e+03	6.141713e-13	6.194348e-13	0.000000e+00
5.240000e+03	5.280000e+03	2.514848e-11	2.513844e-11	0.000000e+00
5.280000e+03	5.320000e+03	6.808560e-14	5.285798e-14	8.958291e-13
5.320000e+03	5.360000e+03	2.295837e-12	2.263898e-12	0.000000e+00
5.360000e+03	5.400000e+03	2.056935e-12	1.959714e-12	0.000000e+00
5.400000e+03	5.440000e+03	9.642145e-16	0.000000e+00	1.167392e-12
5.440000e+03	5.480000e+03	3.696850e-14	0.000000e+00	1.414174e-13
5.480000e+03	5.520000e+03	3.090693e-12	3.084924e-12	0.000000e+00
5.520000e+03	5.560000e+03	6.458485e-13	1.597732e-13	3.446868e-13
5.560000e+03	5.600000e+03	1.842034e-12	1.841816e-12	0.000000e+00
5.600000e+03	5.640000e+03	5.992405e-15	5.864272e-15	1.475614e-11
5.640000e+03	5.680000e+03	4.524070e-15	3.629801e-15	0.000000e+00
5.680000e+03	5.720000e+03	9.671513e-16	0.000000e+00	4.879513e-13
5.720000e+03	5.760000e+03	6.375037e-15	4.132950e-15	2.621161e-14
5.760000e+03	5.800000e+03	3.863432e-16	0.000000e+00	7.009973e-14
5.800000e+03	5.840000e+03	6.549982e-14	6.288860e-14	7.732747e-13
5.840000e+03	5.880000e+03	-1.587546e-16	0.000000e+00	1.380997e-13
5.880000e+03	5.920000e+03	6.621040e-13	4.586132e-12	0.000000e+00
5.920000e+03	5.960000e+03	1.537538e-13	1.526121e-13	0.000000e+00
5.960000e+03	6.000000e+03	1.211876e-15	1.171402e-15	4.394698e-12
# END HISTO1D


# BEGIN HISTO1D //homes/tinghua1/Merging-Project/Production/HJETS/ratio-plots/hjets-vbfnlo/H-2-3-25gev-combine.yoda/MC_H2JETS_04_TIGHT/j3j4_mass
ErrorBandColor=purple
ErrorBandOpacity=0.3
ErrorBands=1
ErrorType=env
LineColor=purple
LineStyle=solid
Path=//homes/tinghua1/Merging-Project/Production/HJETS/ratio-plots/hjets-vbfnlo/H-2-3-25gev-combine.yoda/MC_H2JETS_04_TIGHT/j3j4_mass
RatioPlotSameStyle=1
Title=h(2,3)
# xlow	 xhigh	 val	 errminus	 errplus
0.000000e+00	4.000000e+01	7.262583e-05	0.000000e+00	4.361480e-05
4.000000e+01	8.000000e+01	8.681757e-05	0.000000e+00	4.759742e-05
8.000000e+01	1.200000e+02	3.812735e-05	0.000000e+00	1.872602e-05
1.200000e+02	1.600000e+02	1.350201e-05	0.000000e+00	7.844325e-06
1.600000e+02	2.000000e+02	7.728938e-06	0.000000e+00	4.253505e-06
2.000000e+02	2.400000e+02	6.140490e-06	0.000000e+00	2.769700e-06
2.400000e+02	2.800000e+02	5.511393e-06	0.000000e+00	2.708642e-06
2.800000e+02	3.200000e+02	5.367335e-06	0.000000e+00	3.010895e-06
3.200000e+02	3.600000e+02	5.402495e-06	0.000000e+00	2.715602e-06
3.600000e+02	4.000000e+02	5.353190e-06	0.000000e+00	2.818672e-06
4.000000e+02	4.400000e+02	5.148915e-06	0.000000e+00	2.670917e-06
4.400000e+02	4.800000e+02	4.950627e-06	0.000000e+00	2.889665e-06
4.800000e+02	5.200000e+02	4.672887e-06	0.000000e+00	2.633370e-06
5.200000e+02	5.600000e+02	4.487480e-06	0.000000e+00	2.456713e-06
5.600000e+02	6.000000e+02	4.153642e-06	0.000000e+00	2.564872e-06
6.000000e+02	6.400000e+02	3.891680e-06	0.000000e+00	2.203345e-06
6.400000e+02	6.800000e+02	3.574270e-06	0.000000e+00	1.966793e-06
6.800000e+02	7.200000e+02	3.371740e-06	0.000000e+00	1.700898e-06
7.200000e+02	7.600000e+02	3.139220e-06	0.000000e+00	1.591645e-06
7.600000e+02	8.000000e+02	2.752712e-06	0.000000e+00	1.568660e-06
8.000000e+02	8.400000e+02	2.467276e-06	0.000000e+00	1.530666e-06
8.400000e+02	8.800000e+02	2.188955e-06	0.000000e+00	1.385450e-06
8.800000e+02	9.200000e+02	2.023567e-06	0.000000e+00	1.298732e-06
9.200000e+02	9.600000e+02	1.826594e-06	0.000000e+00	1.119043e-06
9.600000e+02	1.000000e+03	1.629020e-06	0.000000e+00	1.026205e-06
1.000000e+03	1.040000e+03	1.451774e-06	0.000000e+00	9.488618e-07
1.040000e+03	1.080000e+03	1.241835e-06	0.000000e+00	9.308047e-07
1.080000e+03	1.120000e+03	1.194494e-06	0.000000e+00	7.263675e-07
1.120000e+03	1.160000e+03	1.003182e-06	0.000000e+00	7.711580e-07
1.160000e+03	1.200000e+03	9.360345e-07	0.000000e+00	5.742128e-07
1.200000e+03	1.240000e+03	8.313763e-07	0.000000e+00	5.285920e-07
1.240000e+03	1.280000e+03	7.455213e-07	0.000000e+00	4.384620e-07
1.280000e+03	1.320000e+03	4.842337e-07	0.000000e+00	6.554463e-07
1.320000e+03	1.360000e+03	6.029115e-07	0.000000e+00	4.164358e-07
1.360000e+03	1.400000e+03	5.296525e-07	0.000000e+00	4.327372e-07
1.400000e+03	1.440000e+03	4.664175e-07	0.000000e+00	3.587652e-07
1.440000e+03	1.480000e+03	4.732803e-07	0.000000e+00	2.302080e-07
1.480000e+03	1.520000e+03	3.985460e-07	0.000000e+00	2.242790e-07
1.520000e+03	1.560000e+03	3.566332e-07	0.000000e+00	2.634013e-07
1.560000e+03	1.600000e+03	2.964355e-07	0.000000e+00	2.065925e-07
1.600000e+03	1.640000e+03	2.714752e-07	0.000000e+00	2.466033e-07
1.640000e+03	1.680000e+03	2.591255e-07	0.000000e+00	1.527502e-07
1.680000e+03	1.720000e+03	2.050739e-07	0.000000e+00	1.884719e-07
1.720000e+03	1.760000e+03	1.758136e-07	0.000000e+00	1.600279e-07
1.760000e+03	1.800000e+03	1.665571e-07	0.000000e+00	1.300196e-07
1.800000e+03	1.840000e+03	1.377813e-07	0.000000e+00	1.375937e-07
1.840000e+03	1.880000e+03	1.342376e-07	0.000000e+00	1.278827e-07
1.880000e+03	1.920000e+03	1.240406e-07	0.000000e+00	6.363308e-08
1.920000e+03	1.960000e+03	1.271523e-07	0.000000e+00	8.139182e-08
1.960000e+03	2.000000e+03	1.029386e-07	0.000000e+00	5.574133e-08
2.000000e+03	2.040000e+03	8.649902e-08	0.000000e+00	5.027552e-08
2.040000e+03	2.080000e+03	7.142857e-08	0.000000e+00	5.110567e-08
2.080000e+03	2.120000e+03	6.238290e-08	0.000000e+00	6.155055e-08
2.120000e+03	2.160000e+03	6.322420e-08	0.000000e+00	3.289870e-08
2.160000e+03	2.200000e+03	4.203455e-08	0.000000e+00	5.526465e-08
2.200000e+03	2.240000e+03	4.690490e-08	0.000000e+00	3.123465e-08
2.240000e+03	2.280000e+03	3.870383e-08	0.000000e+00	3.279840e-08
2.280000e+03	2.320000e+03	2.917850e-08	0.000000e+00	3.835208e-08
2.320000e+03	2.360000e+03	2.404587e-08	0.000000e+00	2.221495e-08
2.360000e+03	2.400000e+03	2.557478e-08	0.000000e+00	2.146635e-08
2.400000e+03	2.440000e+03	2.742375e-08	0.000000e+00	2.118862e-08
2.440000e+03	2.480000e+03	2.008997e-08	0.000000e+00	7.563702e-09
2.480000e+03	2.520000e+03	1.642732e-08	0.000000e+00	1.282498e-08
2.520000e+03	2.560000e+03	1.423628e-08	0.000000e+00	1.371747e-08
2.560000e+03	2.600000e+03	1.143867e-08	0.000000e+00	9.491455e-09
2.600000e+03	2.640000e+03	1.122049e-08	0.000000e+00	1.164885e-08
2.640000e+03	2.680000e+03	8.590828e-09	0.000000e+00	1.351467e-08
2.680000e+03	2.720000e+03	1.065601e-08	0.000000e+00	1.416806e-08
2.720000e+03	2.760000e+03	1.279097e-08	1.242340e-09	0.000000e+00
2.760000e+03	2.800000e+03	6.959445e-09	0.000000e+00	5.369033e-09
2.800000e+03	2.840000e+03	5.517000e-09	0.000000e+00	3.077625e-09
2.840000e+03	2.880000e+03	5.207072e-09	0.000000e+00	5.267485e-09
2.880000e+03	2.920000e+03	7.615427e-09	0.000000e+00	1.083635e-09
2.920000e+03	2.960000e+03	2.646517e-09	0.000000e+00	3.517348e-09
2.960000e+03	3.000000e+03	2.063452e-09	0.000000e+00	3.987305e-09
3.000000e+03	3.040000e+03	3.031032e-09	0.000000e+00	8.087600e-10
3.040000e+03	3.080000e+03	2.115235e-09	0.000000e+00	2.187710e-09
3.080000e+03	3.120000e+03	2.173527e-09	0.000000e+00	3.297550e-09
3.120000e+03	3.160000e+03	1.270029e-09	0.000000e+00	2.261766e-09
3.160000e+03	3.200000e+03	1.070584e-09	0.000000e+00	3.940126e-09
3.200000e+03	3.240000e+03	1.862809e-09	0.000000e+00	1.911029e-09
3.240000e+03	3.280000e+03	8.248405e-10	0.000000e+00	6.287412e-10
3.280000e+03	3.320000e+03	9.097073e-10	0.000000e+00	9.297155e-10
3.320000e+03	3.360000e+03	4.421430e-09	4.411789e-09	0.000000e+00
3.360000e+03	3.400000e+03	6.616650e-10	0.000000e+00	1.439991e-09
3.400000e+03	3.440000e+03	5.686690e-10	0.000000e+00	1.137276e-09
3.440000e+03	3.480000e+03	1.967704e-11	2.242079e-11	6.229482e-10
3.480000e+03	3.520000e+03	8.262660e-11	0.000000e+00	3.361531e-10
3.520000e+03	3.560000e+03	6.185258e-10	0.000000e+00	2.435797e-10
3.560000e+03	3.600000e+03	2.340649e-10	0.000000e+00	6.741748e-10
3.600000e+03	3.640000e+03	1.985008e-10	0.000000e+00	2.397180e-10
3.640000e+03	3.680000e+03	1.854015e-10	7.148787e-11	3.659692e-10
3.680000e+03	3.720000e+03	4.796075e-10	3.387167e-10	0.000000e+00
3.720000e+03	3.760000e+03	1.895602e-10	0.000000e+00	2.086546e-10
3.760000e+03	3.800000e+03	2.329753e-10	1.289321e-10	0.000000e+00
3.800000e+03	3.840000e+03	8.690818e-11	4.285307e-11	1.109796e-10
3.840000e+03	3.880000e+03	1.058951e-10	0.000000e+00	1.614494e-10
3.880000e+03	3.920000e+03	3.271878e-11	0.000000e+00	4.240527e-10
3.920000e+03	3.960000e+03	6.263323e-11	3.916450e-12	2.008833e-11
3.960000e+03	4.000000e+03	-2.494931e-10	0.000000e+00	5.019303e-10
4.000000e+03	4.040000e+03	1.846883e-11	0.000000e+00	1.354337e-10
4.040000e+03	4.080000e+03	1.118086e-10	1.048987e-10	0.000000e+00
4.080000e+03	4.120000e+03	1.732683e-10	1.534429e-10	0.000000e+00
4.120000e+03	4.160000e+03	9.048137e-11	0.000000e+00	5.613791e-10
4.160000e+03	4.200000e+03	2.899782e-11	2.195922e-11	1.073027e-10
4.200000e+03	4.240000e+03	2.290716e-11	1.597040e-12	8.736274e-11
4.240000e+03	4.280000e+03	8.922350e-11	7.817523e-11	0.000000e+00
4.280000e+03	4.320000e+03	3.792748e-11	3.346606e-11	0.000000e+00
4.320000e+03	4.360000e+03	5.980300e-12	0.000000e+00	1.950173e-10
4.360000e+03	4.400000e+03	1.172702e-11	0.000000e+00	6.782626e-11
4.400000e+03	4.440000e+03	3.821785e-12	0.000000e+00	9.597103e-12
4.440000e+03	4.480000e+03	4.128013e-12	0.000000e+00	1.074307e-11
4.480000e+03	4.520000e+03	4.327990e-13	0.000000e+00	3.257551e-12
4.520000e+03	4.560000e+03	2.597545e-11	2.432868e-11	0.000000e+00
4.560000e+03	4.600000e+03	9.018667e-12	0.000000e+00	8.636860e-12
4.600000e+03	4.640000e+03	2.068328e-12	0.000000e+00	7.060107e-11
4.640000e+03	4.680000e+03	4.542795e-11	4.553672e-11	0.000000e+00
4.680000e+03	4.720000e+03	7.542418e-12	0.000000e+00	1.425465e-11
4.720000e+03	4.760000e+03	1.089375e-13	0.000000e+00	2.150668e-11
4.760000e+03	4.800000e+03	3.836652e-14	0.000000e+00	9.720391e-12
4.800000e+03	4.840000e+03	1.456036e-13	0.000000e+00	4.696416e-12
4.840000e+03	4.880000e+03	9.311960e-13	0.000000e+00	2.443023e-11
4.880000e+03	4.920000e+03	6.331795e-12	5.568359e-12	0.000000e+00
4.920000e+03	4.960000e+03	2.607405e-13	0.000000e+00	3.718862e-12
4.960000e+03	5.000000e+03	2.357734e-14	0.000000e+00	4.659340e-12
5.000000e+03	5.040000e+03	1.285631e-13	0.000000e+00	1.192182e-12
5.040000e+03	5.080000e+03	2.901002e-14	1.190779e-14	5.512702e-13
5.080000e+03	5.120000e+03	2.608590e-14	0.000000e+00	9.344384e-12
5.120000e+03	5.160000e+03	5.616262e-11	5.587288e-11	0.000000e+00
5.160000e+03	5.200000e+03	4.465225e-14	3.333700e-15	1.092737e-12
5.200000e+03	5.240000e+03	2.515415e-13	2.509872e-13	0.000000e+00
5.240000e+03	5.280000e+03	5.160750e-13	5.043867e-13	0.000000e+00
5.280000e+03	5.320000e+03	6.487605e-14	2.530103e-14	7.347836e-12
5.320000e+03	5.360000e+03	3.868780e-13	3.735520e-13	0.000000e+00
5.360000e+03	5.400000e+03	1.835544e-13	1.756475e-13	0.000000e+00
5.400000e+03	5.440000e+03	1.565278e-11	1.545052e-11	0.000000e+00
5.440000e+03	5.480000e+03	2.256401e-17	0.000000e+00	4.604522e-16
5.480000e+03	5.520000e+03	4.069817e-14	3.521331e-14	0.000000e+00
5.520000e+03	5.560000e+03	9.321300e-15	4.086235e-15	1.964465e-15
5.560000e+03	5.600000e+03	5.250855e-16	0.000000e+00	7.185617e-13
5.600000e+03	5.640000e+03	2.784615e-11	2.782904e-11	0.000000e+00
5.640000e+03	5.680000e+03	8.878180e-16	0.000000e+00	5.275963e-14
5.680000e+03	5.720000e+03	2.127137e-14	0.000000e+00	7.821281e-13
5.720000e+03	5.760000e+03	6.387125e-15	0.000000e+00	4.073263e-14
5.760000e+03	5.800000e+03	9.348817e-17	0.000000e+00	5.882227e-15
5.800000e+03	5.840000e+03	8.052965e-16	5.732680e-16	8.370175e-17
5.840000e+03	5.880000e+03	2.371866e-16	0.000000e+00	1.438017e-14
5.880000e+03	5.920000e+03	5.040462e-17	4.934497e-17	9.159877e-14
5.920000e+03	5.960000e+03	9.314633e-18	1.018428e-18	1.156479e-13
5.960000e+03	6.000000e+03	2.004990e-17	0.000000e+00	7.660088e-14
# END HISTO1D


# BEGIN HISTO1D //homes/tinghua1/Merging-Project/Production/HJETS/ratio-plots/hjets-vbfnlo/H-2-3-25gev-vbfnlo-combine.yoda/MC_H2JETS_04_TIGHT/j3j4_mass
ErrorBandColor=violet
ErrorBandOpacity=0.3
ErrorBands=1
ErrorType=env
LineColor=violet
LineStyle=solid
Path=//homes/tinghua1/Merging-Project/Production/HJETS/ratio-plots/hjets-vbfnlo/H-2-3-25gev-vbfnlo-combine.yoda/MC_H2JETS_04_TIGHT/j3j4_mass
RatioPlotSameStyle=1
Title=h(2,3)-vbfnlo
# xlow	 xhigh	 val	 errminus	 errplus
0.000000e+00	4.000000e+01	1.147644e-04	4.299265e-05	0.000000e+00
4.000000e+01	8.000000e+01	1.279591e-04	4.588545e-05	0.000000e+00
8.000000e+01	1.200000e+02	5.243723e-05	1.835220e-05	0.000000e+00
1.200000e+02	1.600000e+02	1.873461e-05	6.361777e-06	0.000000e+00
1.600000e+02	2.000000e+02	1.019806e-05	3.321450e-06	0.000000e+00
2.000000e+02	2.400000e+02	7.980242e-06	2.667235e-06	0.000000e+00
2.400000e+02	2.800000e+02	7.566987e-06	2.473770e-06	0.000000e+00
2.800000e+02	3.200000e+02	7.697525e-06	2.577690e-06	0.000000e+00
3.200000e+02	3.600000e+02	7.829305e-06	2.737965e-06	0.000000e+00
3.600000e+02	4.000000e+02	7.808392e-06	2.741002e-06	0.000000e+00
4.000000e+02	4.400000e+02	7.721555e-06	2.726617e-06	0.000000e+00
4.400000e+02	4.800000e+02	7.451080e-06	2.586733e-06	0.000000e+00
4.800000e+02	5.200000e+02	7.297345e-06	2.688128e-06	0.000000e+00
5.200000e+02	5.600000e+02	6.905138e-06	2.547593e-06	0.000000e+00
5.600000e+02	6.000000e+02	6.345027e-06	2.249362e-06	0.000000e+00
6.000000e+02	6.400000e+02	5.978830e-06	2.194065e-06	0.000000e+00
6.400000e+02	6.800000e+02	5.624823e-06	2.175653e-06	0.000000e+00
6.800000e+02	7.200000e+02	5.105768e-06	1.927425e-06	0.000000e+00
7.200000e+02	7.600000e+02	4.713825e-06	1.736012e-06	0.000000e+00
7.600000e+02	8.000000e+02	4.310803e-06	1.676645e-06	0.000000e+00
8.000000e+02	8.400000e+02	3.918748e-06	1.509402e-06	0.000000e+00
8.400000e+02	8.800000e+02	3.582445e-06	1.424152e-06	0.000000e+00
8.800000e+02	9.200000e+02	3.184070e-06	1.194635e-06	0.000000e+00
9.200000e+02	9.600000e+02	2.967250e-06	1.209022e-06	0.000000e+00
9.600000e+02	1.000000e+03	2.654385e-06	1.049811e-06	0.000000e+00
1.000000e+03	1.040000e+03	2.309577e-06	7.569472e-07	0.000000e+00
1.040000e+03	1.080000e+03	2.178297e-06	8.822642e-07	0.000000e+00
1.080000e+03	1.120000e+03	1.923303e-06	7.553843e-07	0.000000e+00
1.120000e+03	1.160000e+03	1.755491e-06	7.246150e-07	0.000000e+00
1.160000e+03	1.200000e+03	1.543333e-06	5.902335e-07	0.000000e+00
1.200000e+03	1.240000e+03	1.392089e-06	4.848108e-07	0.000000e+00
1.240000e+03	1.280000e+03	1.228099e-06	4.760788e-07	0.000000e+00
1.280000e+03	1.320000e+03	1.135217e-06	4.854933e-07	0.000000e+00
1.320000e+03	1.360000e+03	1.011542e-06	4.195553e-07	0.000000e+00
1.360000e+03	1.400000e+03	9.617415e-07	4.202895e-07	0.000000e+00
1.400000e+03	1.440000e+03	7.952710e-07	2.793905e-07	0.000000e+00
1.440000e+03	1.480000e+03	7.330028e-07	3.137805e-07	0.000000e+00
1.480000e+03	1.520000e+03	6.538890e-07	2.631460e-07	0.000000e+00
1.520000e+03	1.560000e+03	5.844235e-07	2.639790e-07	0.000000e+00
1.560000e+03	1.600000e+03	5.190375e-07	2.007537e-07	0.000000e+00
1.600000e+03	1.640000e+03	4.949175e-07	2.325253e-07	0.000000e+00
1.640000e+03	1.680000e+03	4.150895e-07	1.752461e-07	0.000000e+00
1.680000e+03	1.720000e+03	3.893470e-07	1.728413e-07	0.000000e+00
1.720000e+03	1.760000e+03	3.467510e-07	1.587576e-07	0.000000e+00
1.760000e+03	1.800000e+03	2.983820e-07	1.242072e-07	0.000000e+00
1.800000e+03	1.840000e+03	2.609137e-07	1.065832e-07	0.000000e+00
1.840000e+03	1.880000e+03	2.218066e-07	8.657757e-08	0.000000e+00
1.880000e+03	1.920000e+03	2.208484e-07	9.889412e-08	0.000000e+00
1.920000e+03	1.960000e+03	1.844224e-07	7.221002e-08	0.000000e+00
1.960000e+03	2.000000e+03	1.642274e-07	7.702585e-08	0.000000e+00
2.000000e+03	2.040000e+03	1.466075e-07	6.028995e-08	0.000000e+00
2.040000e+03	2.080000e+03	1.233672e-07	5.453200e-08	0.000000e+00
2.080000e+03	2.120000e+03	1.071071e-07	4.345437e-08	0.000000e+00
2.120000e+03	2.160000e+03	1.054685e-07	4.377880e-08	0.000000e+00
2.160000e+03	2.200000e+03	8.770115e-08	3.703763e-08	0.000000e+00
2.200000e+03	2.240000e+03	8.119825e-08	2.417937e-08	0.000000e+00
2.240000e+03	2.280000e+03	5.959892e-08	1.635405e-08	0.000000e+00
2.280000e+03	2.320000e+03	5.960505e-08	2.324158e-08	0.000000e+00
2.320000e+03	2.360000e+03	5.238928e-08	2.138255e-08	0.000000e+00
2.360000e+03	2.400000e+03	4.801615e-08	2.395695e-08	0.000000e+00
2.400000e+03	2.440000e+03	3.668190e-08	1.271385e-08	0.000000e+00
2.440000e+03	2.480000e+03	3.737562e-08	1.533769e-08	0.000000e+00
2.480000e+03	2.520000e+03	3.248918e-08	1.392708e-08	0.000000e+00
2.520000e+03	2.560000e+03	2.978493e-08	1.613963e-08	0.000000e+00
2.560000e+03	2.600000e+03	2.007330e-08	4.704788e-09	0.000000e+00
2.600000e+03	2.640000e+03	2.506483e-08	1.090415e-08	0.000000e+00
2.640000e+03	2.680000e+03	1.535253e-08	4.893268e-09	0.000000e+00
2.680000e+03	2.720000e+03	1.680621e-08	1.069818e-08	0.000000e+00
2.720000e+03	2.760000e+03	1.239883e-08	3.187305e-09	0.000000e+00
2.760000e+03	2.800000e+03	1.345851e-08	7.435270e-09	0.000000e+00
2.800000e+03	2.840000e+03	1.077583e-08	5.469805e-09	0.000000e+00
2.840000e+03	2.880000e+03	7.254750e-09	1.762142e-09	6.171000e-11
2.880000e+03	2.920000e+03	6.434215e-09	2.329107e-09	0.000000e+00
2.920000e+03	2.960000e+03	6.106975e-09	1.796800e-09	0.000000e+00
2.960000e+03	3.000000e+03	6.153208e-09	2.468568e-09	0.000000e+00
3.000000e+03	3.040000e+03	5.187862e-09	2.565850e-09	0.000000e+00
3.040000e+03	3.080000e+03	4.360788e-09	2.347078e-09	0.000000e+00
3.080000e+03	3.120000e+03	5.677995e-09	2.857595e-09	0.000000e+00
3.120000e+03	3.160000e+03	2.655098e-09	5.187323e-10	2.612925e-10
3.160000e+03	3.200000e+03	4.870027e-09	3.412687e-09	0.000000e+00
3.200000e+03	3.240000e+03	1.862868e-09	2.360655e-10	3.508477e-09
3.240000e+03	3.280000e+03	2.157553e-09	2.018883e-10	0.000000e+00
3.280000e+03	3.320000e+03	2.213965e-09	6.721818e-10	3.253405e-10
3.320000e+03	3.360000e+03	3.126692e-09	2.593685e-09	0.000000e+00
3.360000e+03	3.400000e+03	2.185582e-09	1.683971e-09	0.000000e+00
3.400000e+03	3.440000e+03	1.599025e-09	1.345396e-09	0.000000e+00
3.440000e+03	3.480000e+03	7.463498e-10	0.000000e+00	1.615252e-10
3.480000e+03	3.520000e+03	1.006231e-09	6.661005e-10	0.000000e+00
3.520000e+03	3.560000e+03	6.789783e-10	5.385736e-10	9.669375e-11
3.560000e+03	3.600000e+03	3.877358e-10	0.000000e+00	6.192255e-10
3.600000e+03	3.640000e+03	5.907905e-10	2.334755e-10	0.000000e+00
3.640000e+03	3.680000e+03	1.113182e-09	9.536757e-10	0.000000e+00
3.680000e+03	3.720000e+03	4.795412e-10	3.087283e-10	0.000000e+00
3.720000e+03	3.760000e+03	1.046091e-09	9.851416e-10	0.000000e+00
3.760000e+03	3.800000e+03	3.245088e-10	1.584744e-10	1.255050e-10
3.800000e+03	3.840000e+03	1.103150e-10	5.777475e-12	1.056749e-10
3.840000e+03	3.880000e+03	2.027130e-10	0.000000e+00	2.277276e-10
3.880000e+03	3.920000e+03	1.448030e-10	7.613900e-11	0.000000e+00
3.920000e+03	3.960000e+03	4.161395e-10	3.459943e-10	0.000000e+00
3.960000e+03	4.000000e+03	2.240884e-10	1.575749e-10	0.000000e+00
4.000000e+03	4.040000e+03	1.448828e-10	1.080854e-10	0.000000e+00
4.040000e+03	4.080000e+03	1.107518e-10	5.478705e-11	0.000000e+00
4.080000e+03	4.120000e+03	3.450195e-10	3.059589e-10	0.000000e+00
4.120000e+03	4.160000e+03	9.175032e-11	8.501596e-11	0.000000e+00
4.160000e+03	4.200000e+03	3.720515e-11	0.000000e+00	2.047333e-11
4.200000e+03	4.240000e+03	5.484378e-11	0.000000e+00	3.362685e-10
4.240000e+03	4.280000e+03	3.800405e-10	3.796012e-10	0.000000e+00
4.280000e+03	4.320000e+03	1.040731e-10	9.673443e-11	5.375250e-12
4.320000e+03	4.360000e+03	2.130599e-11	0.000000e+00	3.775114e-11
4.360000e+03	4.400000e+03	7.743620e-11	6.700484e-11	0.000000e+00
4.400000e+03	4.440000e+03	2.692022e-11	7.119250e-13	9.426843e-11
4.440000e+03	4.480000e+03	1.902444e-12	0.000000e+00	3.925818e-11
4.480000e+03	4.520000e+03	1.370737e-12	0.000000e+00	1.622384e-11
4.520000e+03	4.560000e+03	8.270365e-11	7.412037e-11	0.000000e+00
4.560000e+03	4.600000e+03	3.111620e-11	2.571090e-11	0.000000e+00
4.600000e+03	4.640000e+03	9.039395e-11	8.981177e-11	0.000000e+00
4.640000e+03	4.680000e+03	7.119960e-12	9.971650e-13	2.096149e-10
4.680000e+03	4.720000e+03	2.032180e-13	0.000000e+00	4.364361e-11
4.720000e+03	4.760000e+03	1.358194e-12	9.347430e-13	5.433037e-12
4.760000e+03	4.800000e+03	-2.847727e-12	0.000000e+00	6.968122e-12
4.800000e+03	4.840000e+03	3.181330e-13	1.444850e-14	2.665079e-11
4.840000e+03	4.880000e+03	2.701068e-12	1.955806e-12	3.892430e-12
4.880000e+03	4.920000e+03	3.882025e-12	3.569246e-12	0.000000e+00
4.920000e+03	4.960000e+03	7.778040e-13	6.770414e-13	2.685683e-12
4.960000e+03	5.000000e+03	6.152655e-14	0.000000e+00	1.336628e-12
5.000000e+03	5.040000e+03	2.193987e-14	0.000000e+00	2.678485e-12
5.040000e+03	5.080000e+03	5.531403e-13	4.899330e-13	1.168576e-11
5.080000e+03	5.120000e+03	9.502870e-12	9.296721e-12	0.000000e+00
5.120000e+03	5.160000e+03	6.658625e-12	6.326655e-12	0.000000e+00
5.160000e+03	5.200000e+03	2.310804e-13	1.726191e-13	1.946704e-13
5.200000e+03	5.240000e+03	2.100682e-13	1.864843e-13	0.000000e+00
5.240000e+03	5.280000e+03	5.753367e-13	5.696676e-13	0.000000e+00
5.280000e+03	5.320000e+03	1.620386e-13	1.471196e-13	8.191093e-13
5.320000e+03	5.360000e+03	3.285390e-14	1.354250e-16	1.718570e-14
5.360000e+03	5.400000e+03	1.972486e-12	1.849314e-12	5.420250e-12
5.400000e+03	5.440000e+03	7.457962e-13	6.995712e-13	1.802890e-13
5.440000e+03	5.480000e+03	8.436940e-15	0.000000e+00	1.750348e-11
5.480000e+03	5.520000e+03	1.228458e-13	1.228451e-13	5.692813e-14
5.520000e+03	5.560000e+03	7.384285e-14	7.235356e-14	0.000000e+00
5.560000e+03	5.600000e+03	3.007027e-15	1.894724e-15	1.321153e-14
5.600000e+03	5.640000e+03	1.505236e-14	1.380563e-14	1.821666e-14
5.640000e+03	5.680000e+03	6.120890e-15	0.000000e+00	1.034575e-13
5.680000e+03	5.720000e+03	2.501205e-15	0.000000e+00	1.094115e-13
5.720000e+03	5.760000e+03	7.571350e-13	7.570114e-13	0.000000e+00
5.760000e+03	5.800000e+03	8.741360e-15	8.689624e-15	2.397766e-14
5.800000e+03	5.840000e+03	4.081920e-14	2.641930e-14	1.201493e-13
5.840000e+03	5.880000e+03	3.428280e-14	3.426646e-14	0.000000e+00
5.880000e+03	5.920000e+03	7.768097e-15	2.025121e-14	0.000000e+00
5.920000e+03	5.960000e+03	4.997592e-14	4.977402e-14	0.000000e+00
5.960000e+03	6.000000e+03	4.297165e-16	2.681911e-16	0.000000e+00
# END HISTO1D

