# BEGIN PLOT
Rebin=2
DrawOnly=//homes/tinghua1/Merging-Project/Production/HJETS/ratio-plots/hjets-vbfnlo/H-N2-N3-4-25gev-combine.yoda/MC_H2JETS_04_TIGHT/jet1_mass //homes/tinghua1/Merging-Project/Production/HJETS/ratio-plots/hjets-vbfnlo/H-N2-N3-4-25gev-vbfnlo-combine.yoda/MC_H2JETS_04_TIGHT/jet1_mass //homes/tinghua1/Merging-Project/Production/HJETS/ratio-plots/hjets-vbfnlo/H-N2-3-4-25gev-combine.yoda/MC_H2JETS_04_TIGHT/jet1_mass //homes/tinghua1/Merging-Project/Production/HJETS/ratio-plots/hjets-vbfnlo/H-N2-3-4-25gev-vbfnlo-combine.yoda/MC_H2JETS_04_TIGHT/jet1_mass //homes/tinghua1/Merging-Project/Production/HJETS/ratio-plots/hjets-vbfnlo/H-2-3-4-25gev-combine.yoda/MC_H2JETS_04_TIGHT/jet1_mass //homes/tinghua1/Merging-Project/Production/HJETS/ratio-plots/hjets-vbfnlo/H-2-3-4-25gev-vbfnlo-combine.yoda/MC_H2JETS_04_TIGHT/jet1_mass //homes/tinghua1/Merging-Project/Production/HJETS/ratio-plots/hjets-vbfnlo/H-2-3-25gev-combine.yoda/MC_H2JETS_04_TIGHT/jet1_mass //homes/tinghua1/Merging-Project/Production/HJETS/ratio-plots/hjets-vbfnlo/H-2-3-25gev-vbfnlo-combine.yoda/MC_H2JETS_04_TIGHT/jet1_mass
RightMargin=0.5
RatioPlotReference=//homes/tinghua1/Merging-Project/Production/HJETS/ratio-plots/hjets-vbfnlo/H-N2-N3-4-25gev-combine.yoda/MC_H2JETS_04_TIGHT/jet1_mass
#RatioPlot=1
LogY=1
RatioPlotYMax=3.0
#LegendOnly=//homes/tinghua1/Merging-Project/Production/HJETS/ratio-plots/hjets-vbfnlo/H-N2-N3-4-25gev-combine.yoda/MC_H2JETS_04_TIGHT/jet1_mass //homes/tinghua1/Merging-Project/Production/HJETS/ratio-plots/hjets-vbfnlo/H-N2-N3-4-25gev-vbfnlo-combine.yoda/MC_H2JETS_04_TIGHT/jet1_mass //homes/tinghua1/Merging-Project/Production/HJETS/ratio-plots/hjets-vbfnlo/H-N2-3-4-25gev-combine.yoda/MC_H2JETS_04_TIGHT/jet1_mass //homes/tinghua1/Merging-Project/Production/HJETS/ratio-plots/hjets-vbfnlo/H-N2-3-4-25gev-vbfnlo-combine.yoda/MC_H2JETS_04_TIGHT/jet1_mass //homes/tinghua1/Merging-Project/Production/HJETS/ratio-plots/hjets-vbfnlo/H-2-3-4-25gev-combine.yoda/MC_H2JETS_04_TIGHT/jet1_mass //homes/tinghua1/Merging-Project/Production/HJETS/ratio-plots/hjets-vbfnlo/H-2-3-4-25gev-vbfnlo-combine.yoda/MC_H2JETS_04_TIGHT/jet1_mass //homes/tinghua1/Merging-Project/Production/HJETS/ratio-plots/hjets-vbfnlo/H-2-3-25gev-combine.yoda/MC_H2JETS_04_TIGHT/jet1_mass //homes/tinghua1/Merging-Project/Production/HJETS/ratio-plots/hjets-vbfnlo/H-2-3-25gev-vbfnlo-combine.yoda/MC_H2JETS_04_TIGHT/jet1_mass
RatioPlotYLabel=Ratio
Scale=1000.0
XLabel=$m_{j_1}$ (GeV) 
LegendAlign=r
YLabel=$ \text{d} \sigma/ \text{d}  m_{j_1}$ (fb/GeV)
Legend=1
RatioPlot=4
MainPlotSelection={"Selection":[1,2,3,4,5,6,7,8]}
RatioPlots={"RatioPlotYLabel":"","Selection":[1,2]};{"RatioPlotYLabel":"","Selection":[3,4]};{"RatioPlotYLabel":"","Selection":[5,6]};{"RatioPlotYLabel":"","Selection":[7,8]}
RatioPlotSameStyle=1
RatioPlotYMin=0.0
# END PLOT


# BEGIN SPECIAL /MC_H2JETS_04_TIGHT/jet1_mass
\rput[tl](0.05,0.75){\parbox{5cm}{\textcolor{gray}{{\bf Herwig 7.2.0} \\ HJETS/ColorFull}}}
# END SPECIAL

# BEGIN HISTO1D //homes/tinghua1/Merging-Project/Production/HJETS/ratio-plots/hjets-vbfnlo/H-N2-N3-4-25gev-combine.yoda/MC_H2JETS_04_TIGHT/jet1_mass
ErrorBandColor=orange
ErrorBandOpacity=0.3
ErrorBands=1
ErrorType=env
LineColor=orange
LineStyle=solid
Path=//homes/tinghua1/Merging-Project/Production/HJETS/ratio-plots/hjets-vbfnlo/H-N2-N3-4-25gev-combine.yoda/MC_H2JETS_04_TIGHT/jet1_mass
RatioPlotSameStyle=1
Title=h(2*,3*,4)
# xlow	 xhigh	 val	 errminus	 errplus
0.000000e+00	1.000000e+00	2.135897e-01	5.173780e-02	9.842610e-02
1.000000e+00	2.000000e+00	1.709925e-02	3.756580e-03	7.262860e-03
2.000000e+00	3.000000e+00	1.775516e-02	3.376620e-03	1.015900e-04
3.000000e+00	4.000000e+00	4.858575e-02	8.228550e-03	0.000000e+00
4.000000e+00	5.000000e+00	5.532422e-02	5.438290e-03	0.000000e+00
5.000000e+00	6.000000e+00	5.747076e-02	5.165300e-03	0.000000e+00
6.000000e+00	7.000000e+00	5.818111e-02	8.434450e-03	0.000000e+00
7.000000e+00	8.000000e+00	5.242956e-02	7.771490e-03	6.159400e-04
8.000000e+00	9.000000e+00	4.548170e-02	7.135680e-03	1.895640e-03
9.000000e+00	1.000000e+01	3.910369e-02	7.455770e-03	3.161360e-03
1.000000e+01	1.100000e+01	3.242503e-02	6.123720e-03	4.003890e-03
1.100000e+01	1.200000e+01	2.714724e-02	5.740060e-03	4.126580e-03
1.200000e+01	1.300000e+01	2.254230e-02	5.235830e-03	4.379140e-03
1.300000e+01	1.400000e+01	1.833548e-02	3.936370e-03	3.370580e-03
1.400000e+01	1.500000e+01	1.520565e-02	3.220160e-03	2.488250e-03
1.500000e+01	1.600000e+01	1.249423e-02	2.612381e-03	2.995010e-03
1.600000e+01	1.700000e+01	1.039448e-02	2.282051e-03	2.588180e-03
1.700000e+01	1.800000e+01	8.760554e-03	2.517420e-03	2.263376e-03
1.800000e+01	1.900000e+01	7.394403e-03	1.623923e-03	1.859761e-03
1.900000e+01	2.000000e+01	6.208105e-03	1.304935e-03	1.849324e-03
2.000000e+01	2.100000e+01	5.490605e-03	1.413361e-03	1.078421e-03
2.100000e+01	2.200000e+01	4.635474e-03	1.195189e-03	1.081743e-03
2.200000e+01	2.300000e+01	4.014089e-03	1.150606e-03	4.672740e-04
2.300000e+01	2.400000e+01	3.365731e-03	8.789600e-04	7.459010e-04
2.400000e+01	2.500000e+01	2.778631e-03	7.438090e-04	7.177760e-04
2.500000e+01	2.600000e+01	2.421210e-03	8.505840e-04	6.719500e-04
2.600000e+01	2.700000e+01	2.196563e-03	6.495310e-04	5.015150e-04
2.700000e+01	2.800000e+01	1.739771e-03	4.268630e-04	8.672400e-04
2.800000e+01	2.900000e+01	1.556391e-03	4.731580e-04	3.630760e-04
2.900000e+01	3.000000e+01	1.406036e-03	4.278693e-04	3.575350e-04
3.000000e+01	3.100000e+01	1.115042e-03	2.904540e-04	2.089740e-04
3.100000e+01	3.200000e+01	1.169214e-03	4.252154e-04	1.122010e-04
3.200000e+01	3.300000e+01	8.752248e-04	2.412913e-04	2.181532e-04
3.300000e+01	3.400000e+01	7.821760e-04	2.341528e-04	1.325607e-04
3.400000e+01	3.500000e+01	6.519037e-04	1.430734e-04	1.792019e-04
3.500000e+01	3.600000e+01	5.247815e-04	1.087489e-04	1.911924e-04
3.600000e+01	3.700000e+01	5.000225e-04	1.482545e-04	7.531410e-05
3.700000e+01	3.800000e+01	3.893427e-04	9.294310e-05	1.675005e-04
3.800000e+01	3.900000e+01	3.623568e-04	9.588850e-05	1.569850e-04
3.900000e+01	4.000000e+01	2.932748e-04	8.705010e-05	1.603792e-04
4.000000e+01	4.100000e+01	2.633786e-04	5.698060e-05	8.749690e-05
4.100000e+01	4.200000e+01	2.567440e-04	7.168170e-05	4.973650e-05
4.200000e+01	4.300000e+01	2.190447e-04	6.372150e-05	7.250140e-05
4.300000e+01	4.400000e+01	1.875012e-04	4.061910e-05	4.001130e-05
4.400000e+01	4.500000e+01	1.505468e-04	3.103020e-05	8.249790e-05
4.500000e+01	4.600000e+01	1.620760e-04	5.705550e-05	0.000000e+00
4.600000e+01	4.700000e+01	1.328914e-04	3.302760e-05	2.519990e-05
4.700000e+01	4.800000e+01	1.183602e-04	2.015287e-05	2.994760e-05
4.800000e+01	4.900000e+01	1.074985e-04	3.680105e-05	4.648350e-05
4.900000e+01	5.000000e+01	9.321908e-05	2.448879e-05	6.064242e-05
5.000000e+01	5.100000e+01	4.082143e-05	0.000000e+00	6.642987e-05
5.100000e+01	5.200000e+01	7.987028e-05	1.424077e-05	3.391482e-05
5.200000e+01	5.300000e+01	7.362184e-05	2.645478e-05	7.549750e-06
5.300000e+01	5.400000e+01	7.013691e-05	1.450872e-05	0.000000e+00
5.400000e+01	5.500000e+01	5.446311e-05	1.354935e-05	1.257378e-05
5.500000e+01	5.600000e+01	4.920229e-05	1.713957e-05	5.866600e-07
5.600000e+01	5.700000e+01	3.966880e-05	3.669990e-06	2.529614e-05
5.700000e+01	5.800000e+01	5.178212e-05	1.731931e-05	0.000000e+00
5.800000e+01	5.900000e+01	4.463755e-05	1.416792e-05	0.000000e+00
5.900000e+01	6.000000e+01	4.108144e-05	1.560944e-05	0.000000e+00
6.000000e+01	6.100000e+01	2.401081e-05	0.000000e+00	2.807350e-06
6.100000e+01	6.200000e+01	2.862757e-05	8.145000e-08	7.526030e-06
6.200000e+01	6.300000e+01	1.788493e-05	0.000000e+00	1.613386e-05
6.300000e+01	6.400000e+01	2.340202e-05	4.636780e-06	0.000000e+00
6.400000e+01	6.500000e+01	1.843313e-05	1.124050e-06	1.242718e-05
6.500000e+01	6.600000e+01	-9.895798e-05	0.000000e+00	1.209438e-04
6.600000e+01	6.700000e+01	2.163236e-05	1.927193e-05	0.000000e+00
6.700000e+01	6.800000e+01	1.550499e-05	9.202000e-08	3.275250e-06
6.800000e+01	6.900000e+01	1.619260e-05	4.054940e-06	1.102515e-05
6.900000e+01	7.000000e+01	1.236606e-05	8.885400e-07	9.477100e-07
7.000000e+01	7.100000e+01	1.285737e-05	7.501000e-07	3.038670e-06
7.100000e+01	7.200000e+01	1.554072e-05	5.678005e-06	5.742500e-07
7.200000e+01	7.300000e+01	1.083351e-05	0.000000e+00	1.772890e-06
7.300000e+01	7.400000e+01	9.207164e-06	2.703681e-06	0.000000e+00
7.400000e+01	7.500000e+01	9.085125e-06	1.156190e-06	4.445720e-07
7.500000e+01	7.600000e+01	8.674810e-06	1.287551e-06	4.526880e-06
7.600000e+01	7.700000e+01	7.981262e-06	1.736808e-06	4.143988e-06
7.700000e+01	7.800000e+01	1.029936e-05	4.223040e-07	1.149430e-06
7.800000e+01	7.900000e+01	7.300842e-06	8.084270e-07	0.000000e+00
7.900000e+01	8.000000e+01	-1.895838e-05	0.000000e+00	2.641751e-05
8.000000e+01	8.100000e+01	1.003042e-05	4.804498e-06	0.000000e+00
8.100000e+01	8.200000e+01	8.781687e-06	2.947580e-06	0.000000e+00
8.200000e+01	8.300000e+01	5.110416e-06	8.579850e-07	1.755850e-06
8.300000e+01	8.400000e+01	5.435345e-06	4.503396e-06	0.000000e+00
8.400000e+01	8.500000e+01	4.677748e-06	1.703667e-06	0.000000e+00
8.500000e+01	8.600000e+01	-4.638378e-06	0.000000e+00	8.412525e-06
8.600000e+01	8.700000e+01	4.811240e-06	2.074679e-06	6.615310e-06
8.700000e+01	8.800000e+01	2.529340e-06	0.000000e+00	1.041970e-06
8.800000e+01	8.900000e+01	4.778034e-06	1.326688e-06	5.781450e-07
8.900000e+01	9.000000e+01	2.786779e-06	8.308590e-07	2.286765e-06
9.000000e+01	9.100000e+01	1.524738e-06	0.000000e+00	1.589130e-06
9.100000e+01	9.200000e+01	2.745850e-06	6.936000e-08	1.117236e-06
9.200000e+01	9.300000e+01	5.631403e-06	2.941787e-06	8.336677e-06
9.300000e+01	9.400000e+01	8.140179e-06	6.360874e-06	0.000000e+00
9.400000e+01	9.500000e+01	1.528356e-06	1.579210e-07	1.590546e-06
9.500000e+01	9.600000e+01	2.701646e-06	1.314422e-06	1.139019e-06
9.600000e+01	9.700000e+01	2.247875e-06	6.355330e-07	2.733131e-06
9.700000e+01	9.800000e+01	1.707724e-06	1.464617e-06	1.133718e-05
9.800000e+01	9.900000e+01	1.499923e-06	7.011551e-07	3.085630e-07
9.900000e+01	1.000000e+02	7.822706e-07	5.831600e-07	7.356284e-07
# END HISTO1D


# BEGIN HISTO1D //homes/tinghua1/Merging-Project/Production/HJETS/ratio-plots/hjets-vbfnlo/H-N2-N3-4-25gev-vbfnlo-combine.yoda/MC_H2JETS_04_TIGHT/jet1_mass
ErrorBandColor=red
ErrorBandOpacity=0.3
ErrorBands=1
ErrorType=env
LineColor=red
LineStyle=solid
Path=//homes/tinghua1/Merging-Project/Production/HJETS/ratio-plots/hjets-vbfnlo/H-N2-N3-4-25gev-vbfnlo-combine.yoda/MC_H2JETS_04_TIGHT/jet1_mass
RatioPlotSameStyle=1
Title=h(2*,3*,4)-vbfnlo
# xlow	 xhigh	 val	 errminus	 errplus
0.000000e+00	1.000000e+00	3.114730e-01	1.491470e-01	0.000000e+00
1.000000e+00	2.000000e+00	2.409805e-02	1.115406e-02	0.000000e+00
2.000000e+00	3.000000e+00	1.779584e-02	3.500930e-03	0.000000e+00
3.000000e+00	4.000000e+00	4.617541e-02	6.606370e-03	2.387220e-03
4.000000e+00	5.000000e+00	5.088079e-02	2.004150e-03	4.353900e-03
5.000000e+00	6.000000e+00	5.174627e-02	0.000000e+00	5.411690e-03
6.000000e+00	7.000000e+00	4.954755e-02	0.000000e+00	6.532370e-03
7.000000e+00	8.000000e+00	4.452974e-02	0.000000e+00	8.075740e-03
8.000000e+00	9.000000e+00	3.829695e-02	0.000000e+00	9.429550e-03
9.000000e+00	1.000000e+01	3.179960e-02	0.000000e+00	9.855710e-03
1.000000e+01	1.100000e+01	2.607186e-02	0.000000e+00	1.013227e-02
1.100000e+01	1.200000e+01	2.142649e-02	0.000000e+00	9.279630e-03
1.200000e+01	1.300000e+01	1.752253e-02	0.000000e+00	8.300420e-03
1.300000e+01	1.400000e+01	1.452938e-02	0.000000e+00	7.020300e-03
1.400000e+01	1.500000e+01	1.181354e-02	0.000000e+00	6.359490e-03
1.500000e+01	1.600000e+01	9.711697e-03	0.000000e+00	5.500643e-03
1.600000e+01	1.700000e+01	8.059761e-03	0.000000e+00	4.513269e-03
1.700000e+01	1.800000e+01	6.661896e-03	0.000000e+00	4.192534e-03
1.800000e+01	1.900000e+01	5.658033e-03	0.000000e+00	3.432211e-03
1.900000e+01	2.000000e+01	4.791603e-03	0.000000e+00	3.140784e-03
2.000000e+01	2.100000e+01	4.111253e-03	0.000000e+00	2.924082e-03
2.100000e+01	2.200000e+01	3.410516e-03	0.000000e+00	2.249338e-03
2.200000e+01	2.300000e+01	2.997589e-03	0.000000e+00	1.974769e-03
2.300000e+01	2.400000e+01	2.471898e-03	0.000000e+00	1.884222e-03
2.400000e+01	2.500000e+01	2.097565e-03	0.000000e+00	1.461429e-03
2.500000e+01	2.600000e+01	1.853191e-03	0.000000e+00	1.329185e-03
2.600000e+01	2.700000e+01	1.545195e-03	0.000000e+00	1.091539e-03
2.700000e+01	2.800000e+01	1.290335e-03	0.000000e+00	9.897100e-04
2.800000e+01	2.900000e+01	1.178664e-03	0.000000e+00	8.005950e-04
2.900000e+01	3.000000e+01	9.743788e-04	0.000000e+00	6.827152e-04
3.000000e+01	3.100000e+01	8.359257e-04	0.000000e+00	5.064863e-04
3.100000e+01	3.200000e+01	7.585229e-04	0.000000e+00	4.298711e-04
3.200000e+01	3.300000e+01	6.084937e-04	0.000000e+00	4.624173e-04
3.300000e+01	3.400000e+01	5.400554e-04	0.000000e+00	4.598876e-04
3.400000e+01	3.500000e+01	4.594273e-04	0.000000e+00	3.941420e-04
3.500000e+01	3.600000e+01	4.139207e-04	0.000000e+00	2.973754e-04
3.600000e+01	3.700000e+01	3.195080e-04	0.000000e+00	2.309872e-04
3.700000e+01	3.800000e+01	3.241977e-04	0.000000e+00	1.995999e-04
3.800000e+01	3.900000e+01	2.657554e-04	0.000000e+00	1.943619e-04
3.900000e+01	4.000000e+01	2.408400e-04	0.000000e+00	1.331985e-04
4.000000e+01	4.100000e+01	2.009625e-04	0.000000e+00	1.724884e-04
4.100000e+01	4.200000e+01	1.817208e-04	0.000000e+00	1.195486e-04
4.200000e+01	4.300000e+01	1.566154e-04	0.000000e+00	1.091431e-04
4.300000e+01	4.400000e+01	1.289670e-04	0.000000e+00	1.017394e-04
4.400000e+01	4.500000e+01	1.193476e-04	0.000000e+00	1.617248e-04
4.500000e+01	4.600000e+01	1.594332e-04	1.806830e-05	1.044660e-05
4.600000e+01	4.700000e+01	9.062594e-05	0.000000e+00	6.733416e-05
4.700000e+01	4.800000e+01	8.839699e-05	0.000000e+00	4.691101e-05
4.800000e+01	4.900000e+01	8.343316e-05	0.000000e+00	1.951484e-05
4.900000e+01	5.000000e+01	7.061487e-05	0.000000e+00	3.598043e-05
5.000000e+01	5.100000e+01	5.899601e-05	0.000000e+00	4.875399e-05
5.100000e+01	5.200000e+01	5.819124e-05	3.907200e-06	4.749036e-05
5.200000e+01	5.300000e+01	5.195245e-05	0.000000e+00	3.306825e-05
5.300000e+01	5.400000e+01	4.749804e-05	0.000000e+00	1.048375e-05
5.400000e+01	5.500000e+01	4.398000e-05	0.000000e+00	4.084590e-06
5.500000e+01	5.600000e+01	3.222238e-05	0.000000e+00	1.711688e-05
5.600000e+01	5.700000e+01	3.916858e-05	0.000000e+00	6.767160e-06
5.700000e+01	5.800000e+01	3.362625e-05	0.000000e+00	1.884234e-05
5.800000e+01	5.900000e+01	2.434694e-05	0.000000e+00	2.672539e-05
5.900000e+01	6.000000e+01	3.797024e-05	0.000000e+00	2.093912e-05
6.000000e+01	6.100000e+01	2.583382e-05	0.000000e+00	8.010140e-06
6.100000e+01	6.200000e+01	3.302223e-05	2.882440e-06	8.855540e-06
6.200000e+01	6.300000e+01	2.054048e-05	0.000000e+00	6.786250e-06
6.300000e+01	6.400000e+01	7.793494e-06	0.000000e+00	2.204826e-05
6.400000e+01	6.500000e+01	2.107382e-05	0.000000e+00	1.320550e-05
6.500000e+01	6.600000e+01	1.769781e-05	0.000000e+00	9.126800e-07
6.600000e+01	6.700000e+01	2.057954e-05	0.000000e+00	3.507480e-06
6.700000e+01	6.800000e+01	1.901405e-05	4.504890e-06	4.003060e-06
6.800000e+01	6.900000e+01	1.247245e-05	0.000000e+00	1.260414e-05
6.900000e+01	7.000000e+01	1.430029e-05	0.000000e+00	6.040020e-06
7.000000e+01	7.100000e+01	9.781546e-06	0.000000e+00	9.662894e-06
7.100000e+01	7.200000e+01	9.255712e-06	4.088044e-06	1.814468e-05
7.200000e+01	7.300000e+01	1.065606e-05	4.193039e-06	1.665800e-06
7.300000e+01	7.400000e+01	8.702623e-06	0.000000e+00	1.910157e-06
7.400000e+01	7.500000e+01	1.418096e-05	5.064819e-06	0.000000e+00
7.500000e+01	7.600000e+01	6.544303e-06	0.000000e+00	2.264184e-06
7.600000e+01	7.700000e+01	8.508242e-06	2.559429e-06	8.224700e-07
7.700000e+01	7.800000e+01	5.436200e-06	2.975766e-06	3.067002e-06
7.800000e+01	7.900000e+01	4.436209e-06	0.000000e+00	1.941166e-06
7.900000e+01	8.000000e+01	8.373661e-06	1.633207e-06	0.000000e+00
8.000000e+01	8.100000e+01	4.890310e-06	0.000000e+00	1.986903e-06
8.100000e+01	8.200000e+01	8.042247e-06	7.223272e-06	0.000000e+00
8.200000e+01	8.300000e+01	-6.869283e-07	0.000000e+00	5.240396e-06
8.300000e+01	8.400000e+01	3.800817e-06	5.546490e-07	1.006571e-06
8.400000e+01	8.500000e+01	4.801039e-06	6.481960e-07	1.978066e-06
8.500000e+01	8.600000e+01	3.248626e-06	5.379956e-06	4.224469e-06
8.600000e+01	8.700000e+01	3.589494e-06	8.039050e-07	3.333990e-07
8.700000e+01	8.800000e+01	3.628931e-06	3.429330e-06	0.000000e+00
8.800000e+01	8.900000e+01	3.442417e-06	1.923577e-06	0.000000e+00
8.900000e+01	9.000000e+01	3.532336e-06	2.807394e-06	0.000000e+00
9.000000e+01	9.100000e+01	1.666958e-06	0.000000e+00	1.576127e-06
9.100000e+01	9.200000e+01	2.271953e-06	5.619510e-07	1.242259e-06
9.200000e+01	9.300000e+01	2.194371e-06	3.622900e-07	3.882586e-06
9.300000e+01	9.400000e+01	2.957296e-06	0.000000e+00	7.463340e-07
9.400000e+01	9.500000e+01	2.442070e-06	4.088320e-07	0.000000e+00
9.500000e+01	9.600000e+01	1.430583e-06	0.000000e+00	1.308794e-06
9.600000e+01	9.700000e+01	2.103381e-06	1.706469e-06	0.000000e+00
9.700000e+01	9.800000e+01	1.642603e-06	0.000000e+00	2.064393e-06
9.800000e+01	9.900000e+01	1.544908e-06	1.940520e-07	0.000000e+00
9.900000e+01	1.000000e+02	9.683906e-07	0.000000e+00	8.403454e-07
# END HISTO1D


# BEGIN HISTO1D //homes/tinghua1/Merging-Project/Production/HJETS/ratio-plots/hjets-vbfnlo/H-N2-3-4-25gev-combine.yoda/MC_H2JETS_04_TIGHT/jet1_mass
ErrorBandColor=blue
ErrorBandOpacity=0.3
ErrorBands=1
ErrorType=env
LineColor=blue
LineStyle=solid
Path=//homes/tinghua1/Merging-Project/Production/HJETS/ratio-plots/hjets-vbfnlo/H-N2-3-4-25gev-combine.yoda/MC_H2JETS_04_TIGHT/jet1_mass
RatioPlotSameStyle=1
Title=h(2*,3,4)
# xlow	 xhigh	 val	 errminus	 errplus
0.000000e+00	1.000000e+00	2.130223e-01	5.083110e-02	9.862880e-02
1.000000e+00	2.000000e+00	1.695723e-02	3.835070e-03	7.174450e-03
2.000000e+00	3.000000e+00	1.776475e-02	3.411900e-03	9.279000e-05
3.000000e+00	4.000000e+00	4.854876e-02	8.493430e-03	0.000000e+00
4.000000e+00	5.000000e+00	5.527986e-02	6.021870e-03	0.000000e+00
5.000000e+00	6.000000e+00	5.719139e-02	5.227050e-03	0.000000e+00
6.000000e+00	7.000000e+00	5.630200e-02	6.726640e-03	0.000000e+00
7.000000e+00	8.000000e+00	5.233005e-02	7.731100e-03	5.097800e-04
8.000000e+00	9.000000e+00	4.551431e-02	7.103470e-03	2.344170e-03
9.000000e+00	1.000000e+01	3.867461e-02	6.775020e-03	3.350820e-03
1.000000e+01	1.100000e+01	3.248296e-02	6.129610e-03	3.640910e-03
1.100000e+01	1.200000e+01	2.689749e-02	5.328750e-03	3.838970e-03
1.200000e+01	1.300000e+01	2.211865e-02	4.459110e-03	3.888440e-03
1.300000e+01	1.400000e+01	1.830491e-02	3.859870e-03	3.410850e-03
1.400000e+01	1.500000e+01	1.524684e-02	3.316860e-03	2.932810e-03
1.500000e+01	1.600000e+01	1.255048e-02	2.752004e-03	2.832380e-03
1.600000e+01	1.700000e+01	1.063014e-02	2.474165e-03	2.265350e-03
1.700000e+01	1.800000e+01	8.834865e-03	2.009975e-03	2.102505e-03
1.800000e+01	1.900000e+01	7.483231e-03	1.754353e-03	1.718918e-03
1.900000e+01	2.000000e+01	6.350871e-03	1.558457e-03	1.542726e-03
2.000000e+01	2.100000e+01	5.431604e-03	1.320788e-03	1.197928e-03
2.100000e+01	2.200000e+01	4.622378e-03	1.178494e-03	1.000694e-03
2.200000e+01	2.300000e+01	3.925362e-03	1.001097e-03	8.778620e-04
2.300000e+01	2.400000e+01	3.542369e-03	1.051926e-03	6.378240e-04
2.400000e+01	2.500000e+01	2.909616e-03	7.634340e-04	6.300030e-04
2.500000e+01	2.600000e+01	2.465452e-03	6.416970e-04	6.242990e-04
2.600000e+01	2.700000e+01	2.125239e-03	5.517680e-04	5.000860e-04
2.700000e+01	2.800000e+01	1.792018e-03	4.224790e-04	5.005870e-04
2.800000e+01	2.900000e+01	1.562067e-03	4.241080e-04	3.837250e-04
2.900000e+01	3.000000e+01	1.344387e-03	3.677049e-04	3.054020e-04
3.000000e+01	3.100000e+01	1.140812e-03	3.004293e-04	3.030470e-04
3.100000e+01	3.200000e+01	1.004333e-03	2.961645e-04	2.289650e-04
3.200000e+01	3.300000e+01	8.796876e-04	2.475575e-04	2.128874e-04
3.300000e+01	3.400000e+01	7.556800e-04	2.281042e-04	1.654010e-04
3.400000e+01	3.500000e+01	6.397654e-04	1.812923e-04	1.963901e-04
3.500000e+01	3.600000e+01	5.658885e-04	1.559966e-04	1.218311e-04
3.600000e+01	3.700000e+01	4.917212e-04	1.306587e-04	1.156399e-04
3.700000e+01	3.800000e+01	4.189207e-04	1.224095e-04	1.070708e-04
3.800000e+01	3.900000e+01	3.546975e-04	7.379140e-05	1.152428e-04
3.900000e+01	4.000000e+01	3.298400e-04	9.499800e-05	7.011130e-05
4.000000e+01	4.100000e+01	2.831957e-04	7.240160e-05	5.431220e-05
4.100000e+01	4.200000e+01	2.525477e-04	6.969810e-05	3.639510e-05
4.200000e+01	4.300000e+01	2.030692e-04	4.292370e-05	7.600360e-05
4.300000e+01	4.400000e+01	1.841406e-04	4.404590e-05	3.968860e-05
4.400000e+01	4.500000e+01	1.641283e-04	3.679920e-05	4.194220e-05
4.500000e+01	4.600000e+01	1.417350e-04	2.974760e-05	4.810230e-05
4.600000e+01	4.700000e+01	1.263125e-04	2.641415e-05	3.805300e-05
4.700000e+01	4.800000e+01	1.100266e-04	2.654231e-05	3.859120e-05
4.800000e+01	4.900000e+01	1.081458e-04	2.816951e-05	1.190250e-05
4.900000e+01	5.000000e+01	9.213843e-05	1.911438e-05	2.967657e-05
5.000000e+01	5.100000e+01	8.218279e-05	1.992369e-05	2.155311e-05
5.100000e+01	5.200000e+01	8.561442e-05	2.856547e-05	7.538940e-06
5.200000e+01	5.300000e+01	6.413979e-05	1.656178e-05	1.784934e-05
5.300000e+01	5.400000e+01	7.045666e-05	3.071155e-05	7.476470e-06
5.400000e+01	5.500000e+01	5.671763e-05	1.830032e-05	9.850740e-06
5.500000e+01	5.600000e+01	4.994101e-05	9.852520e-06	1.517432e-05
5.600000e+01	5.700000e+01	4.465054e-05	1.070546e-05	5.667450e-06
5.700000e+01	5.800000e+01	4.270299e-05	1.033452e-05	1.060499e-05
5.800000e+01	5.900000e+01	3.439584e-05	6.696470e-06	1.323066e-05
5.900000e+01	6.000000e+01	3.106274e-05	7.457350e-06	1.585428e-05
6.000000e+01	6.100000e+01	2.658070e-05	1.150310e-06	9.050480e-06
6.100000e+01	6.200000e+01	2.953132e-05	1.075212e-05	7.506490e-06
6.200000e+01	6.300000e+01	2.462964e-05	2.230140e-06	7.733120e-06
6.300000e+01	6.400000e+01	2.245469e-05	6.048620e-06	7.317280e-06
6.400000e+01	6.500000e+01	2.340743e-05	3.975040e-06	6.488240e-06
6.500000e+01	6.600000e+01	1.946181e-05	2.655040e-06	2.096300e-06
6.600000e+01	6.700000e+01	1.499866e-05	3.591200e-06	3.917650e-06
6.700000e+01	6.800000e+01	1.208710e-05	0.000000e+00	7.095660e-06
6.800000e+01	6.900000e+01	1.567135e-05	2.880410e-06	2.653140e-06
6.900000e+01	7.000000e+01	1.392810e-05	2.527540e-06	4.464930e-06
7.000000e+01	7.100000e+01	1.246787e-05	3.431823e-06	0.000000e+00
7.100000e+01	7.200000e+01	1.236182e-05	3.422533e-06	7.242090e-06
7.200000e+01	7.300000e+01	1.147526e-05	1.825773e-06	3.519500e-07
7.300000e+01	7.400000e+01	1.245095e-05	9.801389e-06	0.000000e+00
7.400000e+01	7.500000e+01	9.056987e-06	2.069257e-06	4.410773e-06
7.500000e+01	7.600000e+01	7.523180e-06	6.653298e-06	2.840880e-06
7.600000e+01	7.700000e+01	7.129067e-06	1.251897e-06	2.829960e-06
7.700000e+01	7.800000e+01	6.216484e-06	2.228070e-07	3.965286e-06
7.800000e+01	7.900000e+01	7.701154e-06	3.506377e-06	0.000000e+00
7.900000e+01	8.000000e+01	8.366793e-06	4.055956e-06	0.000000e+00
8.000000e+01	8.100000e+01	8.056793e-06	3.619715e-06	1.561094e-06
8.100000e+01	8.200000e+01	5.749092e-06	0.000000e+00	1.747845e-06
8.200000e+01	8.300000e+01	6.721035e-06	2.705824e-06	1.791641e-06
8.300000e+01	8.400000e+01	5.066622e-06	1.707756e-06	0.000000e+00
8.400000e+01	8.500000e+01	4.851059e-06	1.652064e-06	0.000000e+00
8.500000e+01	8.600000e+01	2.899482e-06	1.259790e-07	3.628378e-06
8.600000e+01	8.700000e+01	4.028344e-06	4.574100e-07	4.413840e-07
8.700000e+01	8.800000e+01	3.591745e-06	2.119090e-06	1.171340e-07
8.800000e+01	8.900000e+01	3.974858e-06	1.629651e-06	6.675160e-07
8.900000e+01	9.000000e+01	3.006264e-06	3.614365e-06	3.142800e-08
9.000000e+01	9.100000e+01	2.472674e-06	2.696550e-07	1.586660e-07
9.100000e+01	9.200000e+01	3.420044e-06	2.440513e-06	0.000000e+00
9.200000e+01	9.300000e+01	2.399044e-06	2.149550e-07	0.000000e+00
9.300000e+01	9.400000e+01	2.063832e-06	7.534700e-08	9.249200e-07
9.400000e+01	9.500000e+01	3.901370e-06	2.672186e-06	0.000000e+00
9.500000e+01	9.600000e+01	1.916146e-06	3.005580e-07	0.000000e+00
9.600000e+01	9.700000e+01	1.519163e-06	6.487469e-07	1.045580e-07
9.700000e+01	9.800000e+01	1.653432e-06	5.859570e-07	0.000000e+00
9.800000e+01	9.900000e+01	1.432239e-06	3.945700e-08	2.363378e-06
9.900000e+01	1.000000e+02	1.010003e-06	1.840943e-07	2.336097e-06
# END HISTO1D


# BEGIN HISTO1D //homes/tinghua1/Merging-Project/Production/HJETS/ratio-plots/hjets-vbfnlo/H-N2-3-4-25gev-vbfnlo-combine.yoda/MC_H2JETS_04_TIGHT/jet1_mass
ErrorBandColor=cyan
ErrorBandOpacity=0.3
ErrorBands=1
ErrorType=env
LineColor=cyan
LineStyle=solid
Path=//homes/tinghua1/Merging-Project/Production/HJETS/ratio-plots/hjets-vbfnlo/H-N2-3-4-25gev-vbfnlo-combine.yoda/MC_H2JETS_04_TIGHT/jet1_mass
RatioPlotSameStyle=1
Title=h(2*,3,4)-vbfnlo
# xlow	 xhigh	 val	 errminus	 errplus
0.000000e+00	1.000000e+00	2.131897e-01	5.142950e-02	9.782470e-02
1.000000e+00	2.000000e+00	1.690827e-02	3.939800e-03	7.157830e-03
2.000000e+00	3.000000e+00	1.769824e-02	3.424060e-03	8.867000e-05
3.000000e+00	4.000000e+00	4.837174e-02	8.469150e-03	0.000000e+00
4.000000e+00	5.000000e+00	5.507721e-02	6.123270e-03	0.000000e+00
5.000000e+00	6.000000e+00	5.707586e-02	5.452250e-03	0.000000e+00
6.000000e+00	7.000000e+00	5.612221e-02	6.643950e-03	0.000000e+00
7.000000e+00	8.000000e+00	5.174554e-02	7.222480e-03	7.522200e-04
8.000000e+00	9.000000e+00	4.538617e-02	7.263100e-03	2.289110e-03
9.000000e+00	1.000000e+01	3.874437e-02	7.015240e-03	3.136500e-03
1.000000e+01	1.100000e+01	3.225698e-02	6.066300e-03	3.792270e-03
1.100000e+01	1.200000e+01	2.685775e-02	5.410800e-03	3.701830e-03
1.200000e+01	1.300000e+01	2.210237e-02	4.531190e-03	3.590820e-03
1.300000e+01	1.400000e+01	1.833940e-02	4.020400e-03	3.260550e-03
1.400000e+01	1.500000e+01	1.521213e-02	3.390220e-03	2.926660e-03
1.500000e+01	1.600000e+01	1.266643e-02	2.882102e-03	2.568170e-03
1.600000e+01	1.700000e+01	1.052455e-02	2.371999e-03	2.272470e-03
1.700000e+01	1.800000e+01	8.809916e-03	2.030937e-03	2.049964e-03
1.800000e+01	1.900000e+01	7.471019e-03	1.786248e-03	1.724439e-03
1.900000e+01	2.000000e+01	6.323700e-03	1.537054e-03	1.475059e-03
2.000000e+01	2.100000e+01	5.360513e-03	1.286702e-03	1.309880e-03
2.100000e+01	2.200000e+01	4.551882e-03	1.108909e-03	1.181321e-03
2.200000e+01	2.300000e+01	3.925542e-03	9.907240e-04	9.110480e-04
2.300000e+01	2.400000e+01	3.334796e-03	8.429160e-04	8.508420e-04
2.400000e+01	2.500000e+01	2.859266e-03	7.527740e-04	6.670370e-04
2.500000e+01	2.600000e+01	2.469432e-03	6.569580e-04	5.699540e-04
2.600000e+01	2.700000e+01	2.125477e-03	5.725650e-04	5.456890e-04
2.700000e+01	2.800000e+01	1.813143e-03	4.802560e-04	4.290370e-04
2.800000e+01	2.900000e+01	1.554683e-03	4.184090e-04	3.603030e-04
2.900000e+01	3.000000e+01	1.349011e-03	3.703494e-04	3.278820e-04
3.000000e+01	3.100000e+01	1.160438e-03	3.271194e-04	2.512770e-04
3.100000e+01	3.200000e+01	9.728521e-04	2.408323e-04	2.450439e-04
3.200000e+01	3.300000e+01	8.633774e-04	2.318982e-04	2.001016e-04
3.300000e+01	3.400000e+01	7.565328e-04	1.946574e-04	1.641703e-04
3.400000e+01	3.500000e+01	6.517851e-04	1.767846e-04	1.610124e-04
3.500000e+01	3.600000e+01	5.563780e-04	1.441381e-04	1.185473e-04
3.600000e+01	3.700000e+01	4.864645e-04	1.335916e-04	1.155156e-04
3.700000e+01	3.800000e+01	4.303875e-04	1.177068e-04	8.532610e-05
3.800000e+01	3.900000e+01	3.574317e-04	8.719850e-05	8.761010e-05
3.900000e+01	4.000000e+01	3.286931e-04	8.775390e-05	7.763790e-05
4.000000e+01	4.100000e+01	2.770690e-04	6.576550e-05	6.510610e-05
4.100000e+01	4.200000e+01	2.449387e-04	6.259710e-05	6.094820e-05
4.200000e+01	4.300000e+01	2.245002e-04	6.609090e-05	4.622930e-05
4.300000e+01	4.400000e+01	1.893235e-04	5.047960e-05	4.164030e-05
4.400000e+01	4.500000e+01	1.675291e-04	4.224760e-05	3.965170e-05
4.500000e+01	4.600000e+01	1.481353e-04	3.328160e-05	4.415530e-05
4.600000e+01	4.700000e+01	1.239831e-04	2.868557e-05	3.299590e-05
4.700000e+01	4.800000e+01	1.173424e-04	3.121872e-05	0.000000e+00
4.800000e+01	4.900000e+01	1.056337e-04	2.688167e-05	2.332550e-05
4.900000e+01	5.000000e+01	9.256610e-05	2.600787e-05	1.921640e-05
5.000000e+01	5.100000e+01	7.733276e-05	1.740149e-05	3.048784e-05
5.100000e+01	5.200000e+01	7.573660e-05	2.294023e-05	1.699974e-05
5.200000e+01	5.300000e+01	6.623170e-05	1.762813e-05	2.072701e-05
5.300000e+01	5.400000e+01	5.655568e-05	1.047799e-05	2.136055e-05
5.400000e+01	5.500000e+01	5.203042e-05	8.390090e-06	1.165962e-05
5.500000e+01	5.600000e+01	4.694871e-05	7.785510e-06	5.971410e-06
5.600000e+01	5.700000e+01	4.706137e-05	1.369611e-05	5.126760e-06
5.700000e+01	5.800000e+01	4.070865e-05	1.037009e-05	8.865230e-06
5.800000e+01	5.900000e+01	4.233767e-05	1.782207e-05	0.000000e+00
5.900000e+01	6.000000e+01	3.068749e-05	4.810280e-06	8.567430e-06
6.000000e+01	6.100000e+01	3.275918e-05	8.481190e-06	4.890690e-06
6.100000e+01	6.200000e+01	3.262220e-05	1.341570e-05	3.192740e-06
6.200000e+01	6.300000e+01	2.830957e-05	1.245360e-05	0.000000e+00
6.300000e+01	6.400000e+01	2.428948e-05	4.895970e-06	4.282170e-06
6.400000e+01	6.500000e+01	1.502511e-05	0.000000e+00	1.065185e-05
6.500000e+01	6.600000e+01	1.815720e-05	0.000000e+00	6.114960e-06
6.600000e+01	6.700000e+01	1.698368e-05	2.166870e-06	6.289500e-07
6.700000e+01	6.800000e+01	1.484132e-05	3.863190e-06	0.000000e+00
6.800000e+01	6.900000e+01	1.038102e-05	7.765130e-07	6.791860e-06
6.900000e+01	7.000000e+01	2.125430e-05	1.124503e-05	0.000000e+00
7.000000e+01	7.100000e+01	1.211969e-05	3.105306e-06	4.514140e-06
7.100000e+01	7.200000e+01	1.113987e-05	2.246185e-06	6.414400e-07
7.200000e+01	7.300000e+01	1.120911e-05	1.360774e-06	2.722230e-06
7.300000e+01	7.400000e+01	8.119701e-06	0.000000e+00	6.225609e-06
7.400000e+01	7.500000e+01	8.728160e-06	1.902592e-06	2.750740e-06
7.500000e+01	7.600000e+01	7.291807e-06	2.790260e-07	1.054135e-06
7.600000e+01	7.700000e+01	7.663852e-06	6.073840e-07	2.953208e-06
7.700000e+01	7.800000e+01	7.583421e-06	2.652439e-06	3.052489e-06
7.800000e+01	7.900000e+01	6.413122e-06	2.514260e-07	2.352786e-06
7.900000e+01	8.000000e+01	7.433814e-06	2.769535e-06	0.000000e+00
8.000000e+01	8.100000e+01	-9.272175e-06	0.000000e+00	1.528667e-05
8.100000e+01	8.200000e+01	3.400559e-06	0.000000e+00	2.478430e-06
8.200000e+01	8.300000e+01	4.706591e-06	1.306261e-06	4.945120e-07
8.300000e+01	8.400000e+01	4.421363e-06	1.036589e-06	0.000000e+00
8.400000e+01	8.500000e+01	3.776476e-06	6.487900e-07	0.000000e+00
8.500000e+01	8.600000e+01	4.591733e-06	2.451629e-06	0.000000e+00
8.600000e+01	8.700000e+01	3.976857e-06	2.531410e-07	1.330430e-06
8.700000e+01	8.800000e+01	2.252439e-06	0.000000e+00	2.289419e-06
8.800000e+01	8.900000e+01	2.274567e-06	1.157180e-07	1.360922e-06
8.900000e+01	9.000000e+01	4.724121e-06	2.022876e-06	0.000000e+00
9.000000e+01	9.100000e+01	2.894180e-06	1.090179e-06	0.000000e+00
9.100000e+01	9.200000e+01	2.027739e-06	6.683730e-07	7.082340e-07
9.200000e+01	9.300000e+01	2.395060e-06	8.015520e-07	1.201123e-06
9.300000e+01	9.400000e+01	4.024079e-06	2.659155e-06	0.000000e+00
9.400000e+01	9.500000e+01	2.164748e-06	6.192090e-07	0.000000e+00
9.500000e+01	9.600000e+01	2.102117e-06	6.627210e-07	1.705380e-07
9.600000e+01	9.700000e+01	1.885123e-06	8.692230e-07	0.000000e+00
9.700000e+01	9.800000e+01	1.198939e-06	0.000000e+00	1.291412e-05
9.800000e+01	9.900000e+01	9.453979e-07	2.296281e-07	1.342751e-06
9.900000e+01	1.000000e+02	9.004745e-07	9.359900e-09	1.716025e-07
# END HISTO1D


# BEGIN HISTO1D //homes/tinghua1/Merging-Project/Production/HJETS/ratio-plots/hjets-vbfnlo/H-2-3-4-25gev-combine.yoda/MC_H2JETS_04_TIGHT/jet1_mass
ErrorBandColor=yellow
ErrorBandOpacity=0.3
ErrorBands=1
ErrorType=env
LineColor=yellow
LineStyle=solid
Path=//homes/tinghua1/Merging-Project/Production/HJETS/ratio-plots/hjets-vbfnlo/H-2-3-4-25gev-combine.yoda/MC_H2JETS_04_TIGHT/jet1_mass
RatioPlotSameStyle=1
Title=h(2,3,4)
# xlow	 xhigh	 val	 errminus	 errplus
0.000000e+00	1.000000e+00	2.092767e-01	3.979710e-02	7.952260e-02
1.000000e+00	2.000000e+00	1.683835e-02	3.289610e-03	6.114750e-03
2.000000e+00	3.000000e+00	1.734614e-02	2.470700e-03	0.000000e+00
3.000000e+00	4.000000e+00	4.764592e-02	5.751490e-03	0.000000e+00
4.000000e+00	5.000000e+00	5.418047e-02	6.832460e-03	0.000000e+00
5.000000e+00	6.000000e+00	5.636881e-02	8.253730e-03	0.000000e+00
6.000000e+00	7.000000e+00	5.529498e-02	9.272990e-03	2.243960e-03
7.000000e+00	8.000000e+00	5.094747e-02	9.411600e-03	4.281550e-03
8.000000e+00	9.000000e+00	4.478569e-02	9.288310e-03	5.516320e-03
9.000000e+00	1.000000e+01	3.814346e-02	8.620720e-03	6.123780e-03
1.000000e+01	1.100000e+01	3.204910e-02	7.696600e-03	6.330440e-03
1.100000e+01	1.200000e+01	2.645860e-02	6.543030e-03	6.136100e-03
1.200000e+01	1.300000e+01	2.202697e-02	5.705740e-03	5.529070e-03
1.300000e+01	1.400000e+01	1.819100e-02	4.823480e-03	4.949570e-03
1.400000e+01	1.500000e+01	1.505519e-02	4.077130e-03	4.440530e-03
1.500000e+01	1.600000e+01	1.257180e-02	3.431155e-03	3.848900e-03
1.600000e+01	1.700000e+01	1.051387e-02	2.939939e-03	3.389010e-03
1.700000e+01	1.800000e+01	8.837584e-03	2.516627e-03	2.886386e-03
1.800000e+01	1.900000e+01	7.444503e-03	2.131643e-03	2.578427e-03
1.900000e+01	2.000000e+01	6.320880e-03	1.829947e-03	2.206354e-03
2.000000e+01	2.100000e+01	5.394585e-03	1.618888e-03	1.927042e-03
2.100000e+01	2.200000e+01	4.601239e-03	1.391009e-03	1.671156e-03
2.200000e+01	2.300000e+01	3.930786e-03	1.169964e-03	1.411724e-03
2.300000e+01	2.400000e+01	3.364750e-03	1.024402e-03	1.212385e-03
2.400000e+01	2.500000e+01	2.893410e-03	8.960410e-04	1.066157e-03
2.500000e+01	2.600000e+01	2.481477e-03	7.692190e-04	8.796680e-04
2.600000e+01	2.700000e+01	2.137776e-03	6.643880e-04	7.611840e-04
2.700000e+01	2.800000e+01	1.829618e-03	5.848180e-04	6.794130e-04
2.800000e+01	2.900000e+01	1.579750e-03	4.883250e-04	6.233900e-04
2.900000e+01	3.000000e+01	1.360606e-03	4.225935e-04	5.079400e-04
3.000000e+01	3.100000e+01	1.171190e-03	3.887546e-04	4.642260e-04
3.100000e+01	3.200000e+01	1.016291e-03	3.151299e-04	3.918720e-04
3.200000e+01	3.300000e+01	8.751562e-04	2.878304e-04	3.584048e-04
3.300000e+01	3.400000e+01	7.564138e-04	2.453096e-04	2.898952e-04
3.400000e+01	3.500000e+01	6.548255e-04	2.100330e-04	2.600524e-04
3.500000e+01	3.600000e+01	5.541881e-04	1.575462e-04	2.468098e-04
3.600000e+01	3.700000e+01	4.975006e-04	1.593276e-04	1.886328e-04
3.700000e+01	3.800000e+01	4.404304e-04	1.497076e-04	1.590873e-04
3.800000e+01	3.900000e+01	3.771793e-04	1.258594e-04	1.697360e-04
3.900000e+01	4.000000e+01	3.349064e-04	1.068028e-04	1.337856e-04
4.000000e+01	4.100000e+01	2.902829e-04	9.291920e-05	1.128619e-04
4.100000e+01	4.200000e+01	2.568506e-04	7.830630e-05	1.054197e-04
4.200000e+01	4.300000e+01	2.291521e-04	7.694140e-05	6.693530e-05
4.300000e+01	4.400000e+01	2.093841e-04	7.513590e-05	6.274800e-05
4.400000e+01	4.500000e+01	1.699879e-04	4.519330e-05	6.878010e-05
4.500000e+01	4.600000e+01	1.532314e-04	4.727580e-05	7.080360e-05
4.600000e+01	4.700000e+01	1.371027e-04	4.514326e-05	1.155587e-04
4.700000e+01	4.800000e+01	1.256147e-04	4.276133e-05	4.893840e-05
4.800000e+01	4.900000e+01	1.086695e-04	3.604296e-05	4.104440e-05
4.900000e+01	5.000000e+01	9.619197e-05	2.904274e-05	3.941133e-05
5.000000e+01	5.100000e+01	8.296104e-05	1.974930e-05	4.060996e-05
5.100000e+01	5.200000e+01	7.897338e-05	2.728666e-05	2.600072e-05
5.200000e+01	5.300000e+01	7.599448e-05	2.917575e-05	2.352902e-05
5.300000e+01	5.400000e+01	6.107702e-05	1.285082e-05	2.523178e-05
5.400000e+01	5.500000e+01	5.931625e-05	6.639830e-05	2.399442e-05
5.500000e+01	5.600000e+01	4.830581e-05	1.153210e-05	2.195468e-05
5.600000e+01	5.700000e+01	4.584778e-05	1.162207e-05	1.897971e-05
5.700000e+01	5.800000e+01	4.382402e-05	1.498732e-05	1.672301e-05
5.800000e+01	5.900000e+01	4.088758e-05	1.386851e-05	1.599606e-05
5.900000e+01	6.000000e+01	3.294396e-05	7.271220e-06	1.534833e-05
6.000000e+01	6.100000e+01	3.061072e-05	7.435180e-06	1.151451e-05
6.100000e+01	6.200000e+01	2.930254e-05	7.473850e-06	1.070381e-05
6.200000e+01	6.300000e+01	2.871958e-05	9.072730e-06	1.208224e-05
6.300000e+01	6.400000e+01	2.566094e-05	9.830500e-06	1.190147e-05
6.400000e+01	6.500000e+01	1.954639e-05	4.466500e-06	1.345685e-05
6.500000e+01	6.600000e+01	2.363678e-05	7.816260e-06	2.620450e-06
6.600000e+01	6.700000e+01	1.692183e-05	1.514690e-06	9.479890e-06
6.700000e+01	6.800000e+01	1.657930e-05	5.995590e-06	7.900980e-06
6.800000e+01	6.900000e+01	1.559025e-05	5.448310e-06	4.726080e-06
6.900000e+01	7.000000e+01	1.692466e-05	5.849820e-06	2.614380e-06
7.000000e+01	7.100000e+01	1.359857e-05	4.380074e-06	5.551700e-06
7.100000e+01	7.200000e+01	1.217144e-05	2.890040e-06	4.807380e-06
7.200000e+01	7.300000e+01	1.174132e-05	2.086008e-06	5.053740e-06
7.300000e+01	7.400000e+01	9.284249e-06	3.802680e-07	3.647421e-06
7.400000e+01	7.500000e+01	9.685823e-06	2.884655e-06	2.227307e-06
7.500000e+01	7.600000e+01	8.280063e-06	1.279441e-06	3.827847e-06
7.600000e+01	7.700000e+01	8.300351e-06	1.901090e-06	2.501329e-06
7.700000e+01	7.800000e+01	8.476335e-06	4.581618e-06	2.516285e-06
7.800000e+01	7.900000e+01	6.289419e-06	1.231431e-06	5.984821e-06
7.900000e+01	8.000000e+01	7.480346e-06	2.494137e-06	1.054307e-06
8.000000e+01	8.100000e+01	1.173985e-05	6.388630e-06	0.000000e+00
8.100000e+01	8.200000e+01	6.207786e-06	3.632256e-06	2.723877e-06
8.200000e+01	8.300000e+01	5.388438e-06	1.856963e-06	2.384261e-06
8.300000e+01	8.400000e+01	4.120582e-06	3.319194e-06	3.415459e-06
8.400000e+01	8.500000e+01	4.747080e-06	1.924680e-06	4.629662e-06
8.500000e+01	8.600000e+01	3.726440e-06	2.699100e-07	1.910563e-06
8.600000e+01	8.700000e+01	4.620356e-06	1.185804e-06	1.045538e-06
8.700000e+01	8.800000e+01	3.341004e-06	8.022830e-07	2.391383e-06
8.800000e+01	8.900000e+01	3.687867e-06	1.299017e-06	1.448723e-06
8.900000e+01	9.000000e+01	3.275842e-06	0.000000e+00	2.441651e-06
9.000000e+01	9.100000e+01	3.060636e-06	1.450606e-06	9.876840e-07
9.100000e+01	9.200000e+01	2.907171e-06	0.000000e+00	2.826780e-07
9.200000e+01	9.300000e+01	2.409822e-06	6.737890e-07	1.340694e-06
9.300000e+01	9.400000e+01	1.437613e-06	0.000000e+00	1.571263e-06
9.400000e+01	9.500000e+01	1.001645e-06	0.000000e+00	2.136835e-06
9.500000e+01	9.600000e+01	1.783657e-06	6.248870e-07	9.099820e-07
9.600000e+01	9.700000e+01	2.271971e-06	1.242798e-06	5.417410e-07
9.700000e+01	9.800000e+01	1.536595e-06	1.560560e-07	1.592592e-06
9.800000e+01	9.900000e+01	1.940566e-06	6.632310e-07	0.000000e+00
9.900000e+01	1.000000e+02	1.489945e-06	3.572660e-07	8.744440e-07
# END HISTO1D


# BEGIN HISTO1D //homes/tinghua1/Merging-Project/Production/HJETS/ratio-plots/hjets-vbfnlo/H-2-3-4-25gev-vbfnlo-combine.yoda/MC_H2JETS_04_TIGHT/jet1_mass
ErrorBandColor=green
ErrorBandOpacity=0.3
ErrorBands=1
ErrorType=env
LineColor=green
LineStyle=solid
Path=//homes/tinghua1/Merging-Project/Production/HJETS/ratio-plots/hjets-vbfnlo/H-2-3-4-25gev-vbfnlo-combine.yoda/MC_H2JETS_04_TIGHT/jet1_mass
RatioPlotSameStyle=1
Title=h(2,3,4)-vbfnlo
# xlow	 xhigh	 val	 errminus	 errplus
0.000000e+00	1.000000e+00	2.093234e-01	3.980320e-02	7.911280e-02
1.000000e+00	2.000000e+00	1.674558e-02	3.319390e-03	6.128300e-03
2.000000e+00	3.000000e+00	1.732795e-02	2.377070e-03	0.000000e+00
3.000000e+00	4.000000e+00	4.758473e-02	5.865960e-03	0.000000e+00
4.000000e+00	5.000000e+00	5.401418e-02	6.753350e-03	0.000000e+00
5.000000e+00	6.000000e+00	5.614602e-02	8.089890e-03	0.000000e+00
6.000000e+00	7.000000e+00	5.515094e-02	9.187650e-03	2.313750e-03
7.000000e+00	8.000000e+00	5.091452e-02	9.590570e-03	4.240000e-03
8.000000e+00	9.000000e+00	4.469044e-02	9.312090e-03	5.444740e-03
9.000000e+00	1.000000e+01	3.805297e-02	8.488800e-03	6.175980e-03
1.000000e+01	1.100000e+01	3.196356e-02	7.660060e-03	6.204450e-03
1.100000e+01	1.200000e+01	2.647219e-02	6.562640e-03	6.009410e-03
1.200000e+01	1.300000e+01	2.194699e-02	5.658670e-03	5.553920e-03
1.300000e+01	1.400000e+01	1.815162e-02	4.821410e-03	4.993600e-03
1.400000e+01	1.500000e+01	1.503615e-02	4.049420e-03	4.423560e-03
1.500000e+01	1.600000e+01	1.254602e-02	3.433818e-03	3.866400e-03
1.600000e+01	1.700000e+01	1.048306e-02	2.930598e-03	3.357800e-03
1.700000e+01	1.800000e+01	8.791346e-03	2.480915e-03	2.951644e-03
1.800000e+01	1.900000e+01	7.463509e-03	2.171255e-03	2.526604e-03
1.900000e+01	2.000000e+01	6.329414e-03	1.838827e-03	2.201144e-03
2.000000e+01	2.100000e+01	5.381415e-03	1.587521e-03	1.900606e-03
2.100000e+01	2.200000e+01	4.599674e-03	1.382638e-03	1.636344e-03
2.200000e+01	2.300000e+01	3.938883e-03	1.196524e-03	1.429356e-03
2.300000e+01	2.400000e+01	3.366953e-03	1.027937e-03	1.235427e-03
2.400000e+01	2.500000e+01	2.898370e-03	9.020990e-04	1.043475e-03
2.500000e+01	2.600000e+01	2.489299e-03	7.926450e-04	9.333100e-04
2.600000e+01	2.700000e+01	2.136906e-03	6.811090e-04	8.012960e-04
2.700000e+01	2.800000e+01	1.829920e-03	5.582100e-04	6.858530e-04
2.800000e+01	2.900000e+01	1.586621e-03	5.115100e-04	5.897850e-04
2.900000e+01	3.000000e+01	1.371682e-03	4.454598e-04	5.205290e-04
3.000000e+01	3.100000e+01	1.177207e-03	3.804726e-04	4.401220e-04
3.100000e+01	3.200000e+01	1.014977e-03	3.228058e-04	3.912620e-04
3.200000e+01	3.300000e+01	8.864441e-04	2.909687e-04	3.357499e-04
3.300000e+01	3.400000e+01	7.597280e-04	2.497904e-04	2.896780e-04
3.400000e+01	3.500000e+01	6.634239e-04	2.189214e-04	2.583374e-04
3.500000e+01	3.600000e+01	5.723429e-04	1.821699e-04	2.265216e-04
3.600000e+01	3.700000e+01	4.884301e-04	1.537957e-04	2.051719e-04
3.700000e+01	3.800000e+01	4.410833e-04	1.499291e-04	1.684691e-04
3.800000e+01	3.900000e+01	3.750862e-04	1.117727e-04	1.581774e-04
3.900000e+01	4.000000e+01	3.222993e-04	1.005360e-04	1.385852e-04
4.000000e+01	4.100000e+01	2.922933e-04	9.351250e-05	1.182375e-04
4.100000e+01	4.200000e+01	2.508327e-04	7.667330e-05	1.002482e-04
4.200000e+01	4.300000e+01	2.218194e-04	6.841750e-05	9.058940e-05
4.300000e+01	4.400000e+01	1.947902e-04	6.067730e-05	7.703380e-05
4.400000e+01	4.500000e+01	1.738620e-04	5.648820e-05	7.335260e-05
4.500000e+01	4.600000e+01	1.527602e-04	4.690540e-05	6.502970e-05
4.600000e+01	4.700000e+01	1.331019e-04	3.582506e-05	6.173860e-05
4.700000e+01	4.800000e+01	1.178736e-04	3.627172e-05	5.767500e-05
4.800000e+01	4.900000e+01	1.099074e-04	3.387031e-05	4.009320e-05
4.900000e+01	5.000000e+01	9.469171e-05	2.582214e-05	4.447919e-05
5.000000e+01	5.100000e+01	8.929744e-05	2.820698e-05	3.151616e-05
5.100000e+01	5.200000e+01	8.275951e-05	3.242696e-05	2.558859e-05
5.200000e+01	5.300000e+01	7.293841e-05	2.432940e-05	2.534012e-05
5.300000e+01	5.400000e+01	6.491585e-05	1.832769e-05	2.204651e-05
5.400000e+01	5.500000e+01	5.694563e-05	1.824498e-05	1.577660e-05
5.500000e+01	5.600000e+01	5.068745e-05	1.063031e-05	1.659485e-05
5.600000e+01	5.700000e+01	4.897481e-05	2.040206e-05	1.562243e-05
5.700000e+01	5.800000e+01	4.398533e-05	1.171524e-05	1.789207e-05
5.800000e+01	5.900000e+01	3.500879e-05	7.109640e-06	2.158225e-05
5.900000e+01	6.000000e+01	3.627059e-05	1.142670e-05	1.287397e-05
6.000000e+01	6.100000e+01	3.222775e-05	8.884430e-06	1.175741e-05
6.100000e+01	6.200000e+01	3.276676e-05	1.351228e-05	7.267470e-06
6.200000e+01	6.300000e+01	2.129636e-05	2.463820e-06	1.674975e-05
6.300000e+01	6.400000e+01	2.322202e-05	6.630480e-06	8.158320e-06
6.400000e+01	6.500000e+01	2.293769e-05	6.034370e-06	1.047159e-05
6.500000e+01	6.600000e+01	1.932248e-05	5.174860e-06	9.663450e-06
6.600000e+01	6.700000e+01	1.812802e-05	4.954710e-06	6.111050e-06
6.700000e+01	6.800000e+01	1.549473e-05	4.391930e-06	7.239960e-06
6.800000e+01	6.900000e+01	1.515791e-05	2.456670e-06	7.829880e-06
6.900000e+01	7.000000e+01	1.258227e-05	2.186240e-06	4.210820e-06
7.000000e+01	7.100000e+01	1.340274e-05	8.217600e-07	6.880770e-06
7.100000e+01	7.200000e+01	1.298927e-05	3.999880e-06	2.092660e-06
7.200000e+01	7.300000e+01	1.260459e-05	2.832493e-06	3.657280e-06
7.300000e+01	7.400000e+01	1.240781e-05	5.514854e-06	1.461480e-06
7.400000e+01	7.500000e+01	1.169229e-05	4.889048e-06	4.318290e-06
7.500000e+01	7.600000e+01	8.718716e-06	9.186210e-07	8.023820e-07
7.600000e+01	7.700000e+01	8.118149e-06	1.338457e-06	3.024711e-06
7.700000e+01	7.800000e+01	8.612179e-06	4.430474e-06	2.439711e-06
7.800000e+01	7.900000e+01	7.067809e-06	1.717444e-06	2.083804e-06
7.900000e+01	8.000000e+01	8.071525e-06	3.277974e-06	1.703829e-06
8.000000e+01	8.100000e+01	6.576276e-06	2.468608e-06	1.319581e-06
8.100000e+01	8.200000e+01	5.499974e-06	1.712032e-06	1.831412e-06
8.200000e+01	8.300000e+01	4.665566e-06	1.606318e-06	1.523832e-06
8.300000e+01	8.400000e+01	3.815000e-06	5.405200e-08	6.198260e-06
8.400000e+01	8.500000e+01	4.743987e-06	1.443742e-06	7.248200e-07
8.500000e+01	8.600000e+01	4.259949e-06	1.161817e-06	9.939621e-06
8.600000e+01	8.700000e+01	4.128443e-06	8.328070e-07	1.950067e-06
8.700000e+01	8.800000e+01	3.435380e-06	2.305880e-07	1.981746e-06
8.800000e+01	8.900000e+01	3.030743e-06	1.228340e-07	1.630772e-06
8.900000e+01	9.000000e+01	2.745129e-06	6.772620e-07	1.397139e-06
9.000000e+01	9.100000e+01	2.424683e-06	5.582710e-07	1.882865e-06
9.100000e+01	9.200000e+01	2.723818e-06	6.069360e-07	8.966890e-07
9.200000e+01	9.300000e+01	2.986905e-06	1.168053e-06	6.949860e-07
9.300000e+01	9.400000e+01	2.007778e-06	5.639340e-07	1.176834e-06
9.400000e+01	9.500000e+01	2.214183e-06	7.065450e-07	5.681220e-07
9.500000e+01	9.600000e+01	1.947359e-06	7.071360e-07	1.408860e-06
9.600000e+01	9.700000e+01	2.350840e-06	1.058509e-06	5.088270e-07
9.700000e+01	9.800000e+01	1.858129e-06	5.121970e-07	1.559940e-07
9.800000e+01	9.900000e+01	1.673972e-06	3.889090e-07	3.217400e-07
9.900000e+01	1.000000e+02	1.685107e-06	5.927200e-07	9.178530e-07
# END HISTO1D


# BEGIN HISTO1D //homes/tinghua1/Merging-Project/Production/HJETS/ratio-plots/hjets-vbfnlo/H-2-3-25gev-combine.yoda/MC_H2JETS_04_TIGHT/jet1_mass
ErrorBandColor=purple
ErrorBandOpacity=0.3
ErrorBands=1
ErrorType=env
LineColor=purple
LineStyle=solid
Path=//homes/tinghua1/Merging-Project/Production/HJETS/ratio-plots/hjets-vbfnlo/H-2-3-25gev-combine.yoda/MC_H2JETS_04_TIGHT/jet1_mass
RatioPlotSameStyle=1
Title=h(2,3)
# xlow	 xhigh	 val	 errminus	 errplus
0.000000e+00	1.000000e+00	2.884071e-01	1.190182e-01	0.000000e+00
1.000000e+00	2.000000e+00	2.292959e-02	9.450640e-03	0.000000e+00
2.000000e+00	3.000000e+00	1.647703e-02	1.549630e-03	8.736800e-04
3.000000e+00	4.000000e+00	4.289010e-02	9.008900e-04	4.745120e-03
4.000000e+00	5.000000e+00	4.736528e-02	0.000000e+00	6.731340e-03
5.000000e+00	6.000000e+00	4.805847e-02	0.000000e+00	8.313420e-03
6.000000e+00	7.000000e+00	4.601355e-02	0.000000e+00	1.143938e-02
7.000000e+00	8.000000e+00	4.132673e-02	0.000000e+00	1.385857e-02
8.000000e+00	9.000000e+00	3.543773e-02	0.000000e+00	1.482557e-02
9.000000e+00	1.000000e+01	2.953013e-02	0.000000e+00	1.481839e-02
1.000000e+01	1.100000e+01	2.437818e-02	0.000000e+00	1.385374e-02
1.100000e+01	1.200000e+01	1.992319e-02	0.000000e+00	1.265991e-02
1.200000e+01	1.300000e+01	1.630750e-02	0.000000e+00	1.119802e-02
1.300000e+01	1.400000e+01	1.335244e-02	0.000000e+00	9.783130e-03
1.400000e+01	1.500000e+01	1.100174e-02	0.000000e+00	8.460400e-03
1.500000e+01	1.600000e+01	9.110855e-03	0.000000e+00	7.300765e-03
1.600000e+01	1.700000e+01	7.582244e-03	0.000000e+00	6.293676e-03
1.700000e+01	1.800000e+01	6.336905e-03	0.000000e+00	5.424545e-03
1.800000e+01	1.900000e+01	5.302132e-03	0.000000e+00	4.681895e-03
1.900000e+01	2.000000e+01	4.476794e-03	0.000000e+00	4.051799e-03
2.000000e+01	2.100000e+01	3.798434e-03	0.000000e+00	3.483561e-03
2.100000e+01	2.200000e+01	3.222333e-03	0.000000e+00	3.018852e-03
2.200000e+01	2.300000e+01	2.745763e-03	0.000000e+00	2.616556e-03
2.300000e+01	2.400000e+01	2.323399e-03	0.000000e+00	2.268781e-03
2.400000e+01	2.500000e+01	1.996582e-03	0.000000e+00	1.949616e-03
2.500000e+01	2.600000e+01	1.712131e-03	0.000000e+00	1.691301e-03
2.600000e+01	2.700000e+01	1.471396e-03	0.000000e+00	1.468452e-03
2.700000e+01	2.800000e+01	1.249536e-03	0.000000e+00	1.279434e-03
2.800000e+01	2.900000e+01	1.075146e-03	0.000000e+00	1.125323e-03
2.900000e+01	3.000000e+01	9.236751e-04	0.000000e+00	9.661829e-04
3.000000e+01	3.100000e+01	7.895614e-04	0.000000e+00	8.466146e-04
3.100000e+01	3.200000e+01	6.909252e-04	0.000000e+00	7.191698e-04
3.200000e+01	3.300000e+01	5.922078e-04	0.000000e+00	6.284232e-04
3.300000e+01	3.400000e+01	5.191802e-04	0.000000e+00	5.354778e-04
3.400000e+01	3.500000e+01	4.485366e-04	0.000000e+00	4.599891e-04
3.500000e+01	3.600000e+01	3.830640e-04	0.000000e+00	4.151507e-04
3.600000e+01	3.700000e+01	3.285670e-04	0.000000e+00	3.637954e-04
3.700000e+01	3.800000e+01	2.922851e-04	0.000000e+00	3.080745e-04
3.800000e+01	3.900000e+01	2.578934e-04	0.000000e+00	2.745958e-04
3.900000e+01	4.000000e+01	2.271316e-04	0.000000e+00	2.340340e-04
4.000000e+01	4.100000e+01	1.957265e-04	0.000000e+00	2.115360e-04
4.100000e+01	4.200000e+01	1.709415e-04	0.000000e+00	1.909678e-04
4.200000e+01	4.300000e+01	1.508742e-04	0.000000e+00	1.687250e-04
4.300000e+01	4.400000e+01	1.345488e-04	0.000000e+00	1.424001e-04
4.400000e+01	4.500000e+01	1.191898e-04	0.000000e+00	1.313483e-04
4.500000e+01	4.600000e+01	1.064667e-04	0.000000e+00	1.101680e-04
4.600000e+01	4.700000e+01	9.637130e-05	0.000000e+00	9.506490e-05
4.700000e+01	4.800000e+01	7.950380e-05	0.000000e+00	1.011670e-04
4.800000e+01	4.900000e+01	7.557017e-05	0.000000e+00	7.544063e-05
4.900000e+01	5.000000e+01	6.530263e-05	0.000000e+00	7.059017e-05
5.000000e+01	5.100000e+01	5.881690e-05	0.000000e+00	6.507170e-05
5.100000e+01	5.200000e+01	5.383008e-05	0.000000e+00	5.725272e-05
5.200000e+01	5.300000e+01	4.716667e-05	0.000000e+00	5.374913e-05
5.300000e+01	5.400000e+01	4.271811e-05	0.000000e+00	4.787200e-05
5.400000e+01	5.500000e+01	4.062261e-05	0.000000e+00	4.003136e-05
5.500000e+01	5.600000e+01	3.710294e-05	0.000000e+00	4.209641e-05
5.600000e+01	5.700000e+01	3.307590e-05	0.000000e+00	3.016212e-05
5.700000e+01	5.800000e+01	3.047774e-05	0.000000e+00	3.040270e-05
5.800000e+01	5.900000e+01	2.868666e-05	0.000000e+00	2.640011e-05
5.900000e+01	6.000000e+01	2.437813e-05	0.000000e+00	2.351697e-05
6.000000e+01	6.100000e+01	2.405786e-05	0.000000e+00	2.348153e-05
6.100000e+01	6.200000e+01	2.135634e-05	0.000000e+00	1.969624e-05
6.200000e+01	6.300000e+01	1.956380e-05	0.000000e+00	1.782516e-05
6.300000e+01	6.400000e+01	1.757723e-05	0.000000e+00	1.718308e-05
6.400000e+01	6.500000e+01	1.544733e-05	0.000000e+00	1.643028e-05
6.500000e+01	6.600000e+01	1.568407e-05	0.000000e+00	1.308309e-05
6.600000e+01	6.700000e+01	1.271129e-05	0.000000e+00	1.435705e-05
6.700000e+01	6.800000e+01	1.295175e-05	0.000000e+00	1.062297e-05
6.800000e+01	6.900000e+01	1.275565e-05	0.000000e+00	8.781210e-06
6.900000e+01	7.000000e+01	1.082071e-05	0.000000e+00	8.522550e-06
7.000000e+01	7.100000e+01	9.100487e-06	0.000000e+00	9.680903e-06
7.100000e+01	7.200000e+01	9.633683e-06	0.000000e+00	1.093705e-05
7.200000e+01	7.300000e+01	9.024882e-06	0.000000e+00	7.714768e-06
7.300000e+01	7.400000e+01	7.408061e-06	0.000000e+00	7.659219e-06
7.400000e+01	7.500000e+01	7.609404e-06	0.000000e+00	7.228926e-06
7.500000e+01	7.600000e+01	6.382323e-06	0.000000e+00	6.159397e-06
7.600000e+01	7.700000e+01	5.605642e-06	0.000000e+00	6.711928e-06
7.700000e+01	7.800000e+01	6.083071e-06	0.000000e+00	4.485769e-06
7.800000e+01	7.900000e+01	4.588185e-06	0.000000e+00	4.933677e-06
7.900000e+01	8.000000e+01	5.054140e-06	0.000000e+00	5.327230e-06
8.000000e+01	8.100000e+01	4.275068e-06	0.000000e+00	3.973346e-06
8.100000e+01	8.200000e+01	4.510488e-06	0.000000e+00	3.869451e-06
8.200000e+01	8.300000e+01	3.518175e-06	0.000000e+00	4.280633e-06
8.300000e+01	8.400000e+01	3.479240e-06	0.000000e+00	2.768727e-06
8.400000e+01	8.500000e+01	3.242343e-06	0.000000e+00	2.739521e-06
8.500000e+01	8.600000e+01	3.256472e-06	0.000000e+00	2.918252e-06
8.600000e+01	8.700000e+01	2.356610e-06	0.000000e+00	3.180301e-06
8.700000e+01	8.800000e+01	3.150802e-06	0.000000e+00	2.319311e-06
8.800000e+01	8.900000e+01	3.142014e-06	3.417710e-07	1.747264e-06
8.900000e+01	9.000000e+01	2.028007e-06	0.000000e+00	2.714286e-06
9.000000e+01	9.100000e+01	2.629836e-06	0.000000e+00	1.978117e-06
9.100000e+01	9.200000e+01	2.067664e-06	0.000000e+00	1.679894e-06
9.200000e+01	9.300000e+01	2.463223e-06	0.000000e+00	6.423990e-07
9.300000e+01	9.400000e+01	1.739558e-06	0.000000e+00	1.672323e-06
9.400000e+01	9.500000e+01	1.740405e-06	0.000000e+00	1.244419e-06
9.500000e+01	9.600000e+01	1.942357e-06	0.000000e+00	8.435590e-07
9.600000e+01	9.700000e+01	1.164975e-06	0.000000e+00	1.627512e-06
9.700000e+01	9.800000e+01	1.343401e-06	0.000000e+00	1.496097e-06
9.800000e+01	9.900000e+01	1.227416e-06	0.000000e+00	9.261450e-07
9.900000e+01	1.000000e+02	1.306311e-06	5.153200e-08	6.668300e-07
# END HISTO1D


# BEGIN HISTO1D //homes/tinghua1/Merging-Project/Production/HJETS/ratio-plots/hjets-vbfnlo/H-2-3-25gev-vbfnlo-combine.yoda/MC_H2JETS_04_TIGHT/jet1_mass
ErrorBandColor=violet
ErrorBandOpacity=0.3
ErrorBands=1
ErrorType=env
LineColor=violet
LineStyle=solid
Path=//homes/tinghua1/Merging-Project/Production/HJETS/ratio-plots/hjets-vbfnlo/H-2-3-25gev-vbfnlo-combine.yoda/MC_H2JETS_04_TIGHT/jet1_mass
RatioPlotSameStyle=1
Title=h(2,3)-vbfnlo
# xlow	 xhigh	 val	 errminus	 errplus
0.000000e+00	1.000000e+00	1.693781e-01	0.000000e+00	1.189565e-01
1.000000e+00	2.000000e+00	1.344879e-02	0.000000e+00	9.406420e-03
2.000000e+00	3.000000e+00	1.488983e-02	0.000000e+00	2.503920e-03
3.000000e+00	4.000000e+00	4.171714e-02	0.000000e+00	5.807900e-03
4.000000e+00	5.000000e+00	5.102797e-02	3.762590e-03	2.976880e-03
5.000000e+00	6.000000e+00	5.603490e-02	8.036990e-03	7.824000e-05
6.000000e+00	7.000000e+00	5.743563e-02	1.152797e-02	0.000000e+00
7.000000e+00	8.000000e+00	5.504670e-02	1.374549e-02	0.000000e+00
8.000000e+00	9.000000e+00	5.011152e-02	1.470232e-02	0.000000e+00
9.000000e+00	1.000000e+01	4.413967e-02	1.461048e-02	0.000000e+00
1.000000e+01	1.100000e+01	3.813963e-02	1.382297e-02	0.000000e+00
1.100000e+01	1.200000e+01	3.247808e-02	1.256368e-02	0.000000e+00
1.200000e+01	1.300000e+01	2.743860e-02	1.115930e-02	0.000000e+00
1.300000e+01	1.400000e+01	2.309022e-02	9.740800e-03	0.000000e+00
1.400000e+01	1.500000e+01	1.946043e-02	8.457510e-03	0.000000e+00
1.500000e+01	1.600000e+01	1.646665e-02	7.375754e-03	0.000000e+00
1.600000e+01	1.700000e+01	1.384432e-02	6.296009e-03	0.000000e+00
1.700000e+01	1.800000e+01	1.174630e-02	5.437519e-03	0.000000e+00
1.800000e+01	1.900000e+01	9.997372e-03	4.705104e-03	0.000000e+00
1.900000e+01	2.000000e+01	8.525466e-03	4.034472e-03	0.000000e+00
2.000000e+01	2.100000e+01	7.279351e-03	3.492357e-03	0.000000e+00
2.100000e+01	2.200000e+01	6.248003e-03	3.037093e-03	0.000000e+00
2.200000e+01	2.300000e+01	5.363404e-03	2.616325e-03	0.000000e+00
2.300000e+01	2.400000e+01	4.602843e-03	2.272505e-03	0.000000e+00
2.400000e+01	2.500000e+01	3.949101e-03	1.959971e-03	0.000000e+00
2.500000e+01	2.600000e+01	3.422032e-03	1.709545e-03	0.000000e+00
2.600000e+01	2.700000e+01	2.941482e-03	1.471497e-03	0.000000e+00
2.700000e+01	2.800000e+01	2.533973e-03	1.276080e-03	0.000000e+00
2.800000e+01	2.900000e+01	2.176082e-03	1.101759e-03	0.000000e+00
2.900000e+01	3.000000e+01	1.887176e-03	9.527052e-04	0.000000e+00
3.000000e+01	3.100000e+01	1.636046e-03	8.378910e-04	0.000000e+00
3.100000e+01	3.200000e+01	1.410920e-03	7.198233e-04	0.000000e+00
3.200000e+01	3.300000e+01	1.239195e-03	6.450331e-04	0.000000e+00
3.300000e+01	3.400000e+01	1.060762e-03	5.487874e-04	0.000000e+00
3.400000e+01	3.500000e+01	9.237161e-04	4.800786e-04	0.000000e+00
3.500000e+01	3.600000e+01	7.996566e-04	4.155664e-04	0.000000e+00
3.600000e+01	3.700000e+01	6.874112e-04	3.520805e-04	0.000000e+00
3.700000e+01	3.800000e+01	6.064343e-04	3.084969e-04	0.000000e+00
3.800000e+01	3.900000e+01	5.375918e-04	2.796521e-04	0.000000e+00
3.900000e+01	4.000000e+01	4.684880e-04	2.454749e-04	0.000000e+00
4.000000e+01	4.100000e+01	4.145375e-04	2.168364e-04	0.000000e+00
4.100000e+01	4.200000e+01	3.576521e-04	1.862976e-04	0.000000e+00
4.200000e+01	4.300000e+01	3.170725e-04	1.662208e-04	0.000000e+00
4.300000e+01	4.400000e+01	2.822070e-04	1.465936e-04	0.000000e+00
4.400000e+01	4.500000e+01	2.448745e-04	1.246067e-04	0.000000e+00
4.500000e+01	4.600000e+01	2.204221e-04	1.133348e-04	0.000000e+00
4.600000e+01	4.700000e+01	1.968076e-04	1.031348e-04	0.000000e+00
4.700000e+01	4.800000e+01	1.724313e-04	8.744094e-05	0.000000e+00
4.800000e+01	4.900000e+01	1.545070e-04	7.940540e-05	0.000000e+00
4.900000e+01	5.000000e+01	1.389615e-04	7.008933e-05	0.000000e+00
5.000000e+01	5.100000e+01	1.221119e-04	6.067620e-05	0.000000e+00
5.100000e+01	5.200000e+01	1.111968e-04	5.334820e-05	0.000000e+00
5.200000e+01	5.300000e+01	1.007731e-04	5.202561e-05	0.000000e+00
5.300000e+01	5.400000e+01	9.080624e-05	4.603962e-05	0.000000e+00
5.400000e+01	5.500000e+01	8.281666e-05	4.145584e-05	0.000000e+00
5.500000e+01	5.600000e+01	7.621899e-05	3.995630e-05	0.000000e+00
5.600000e+01	5.700000e+01	6.761811e-05	3.487930e-05	0.000000e+00
5.700000e+01	5.800000e+01	6.191865e-05	3.298208e-05	0.000000e+00
5.800000e+01	5.900000e+01	5.410013e-05	2.635064e-05	0.000000e+00
5.900000e+01	6.000000e+01	4.844639e-05	2.169323e-05	0.000000e+00
6.000000e+01	6.100000e+01	4.406682e-05	2.172477e-05	0.000000e+00
6.100000e+01	6.200000e+01	4.136213e-05	2.030704e-05	0.000000e+00
6.200000e+01	6.300000e+01	3.841311e-05	1.912884e-05	0.000000e+00
6.300000e+01	6.400000e+01	3.436628e-05	1.677645e-05	0.000000e+00
6.400000e+01	6.500000e+01	3.176267e-05	1.449311e-05	0.000000e+00
6.500000e+01	6.600000e+01	2.975581e-05	1.574950e-05	0.000000e+00
6.600000e+01	6.700000e+01	2.657617e-05	1.286160e-05	0.000000e+00
6.700000e+01	6.800000e+01	2.459003e-05	1.248926e-05	0.000000e+00
6.800000e+01	6.900000e+01	2.314286e-05	1.073022e-05	0.000000e+00
6.900000e+01	7.000000e+01	2.100882e-05	1.023048e-05	0.000000e+00
7.000000e+01	7.100000e+01	1.894698e-05	8.140880e-06	0.000000e+00
7.100000e+01	7.200000e+01	1.789031e-05	8.786565e-06	0.000000e+00
7.200000e+01	7.300000e+01	1.693497e-05	1.043628e-05	0.000000e+00
7.300000e+01	7.400000e+01	1.447938e-05	6.934668e-06	0.000000e+00
7.400000e+01	7.500000e+01	1.301809e-05	5.884402e-06	0.000000e+00
7.500000e+01	7.600000e+01	1.164106e-05	4.670670e-06	0.000000e+00
7.600000e+01	7.700000e+01	1.070878e-05	4.734963e-06	0.000000e+00
7.700000e+01	7.800000e+01	1.053258e-05	5.251724e-06	0.000000e+00
7.800000e+01	7.900000e+01	1.006729e-05	4.668000e-06	0.000000e+00
7.900000e+01	8.000000e+01	9.058074e-06	3.942618e-06	0.000000e+00
8.000000e+01	8.100000e+01	8.031926e-06	4.088489e-06	0.000000e+00
8.100000e+01	8.200000e+01	7.973723e-06	3.430572e-06	0.000000e+00
8.200000e+01	8.300000e+01	7.846821e-06	3.948063e-06	0.000000e+00
8.300000e+01	8.400000e+01	6.889462e-06	2.987931e-06	0.000000e+00
8.400000e+01	8.500000e+01	5.960355e-06	2.572894e-06	0.000000e+00
8.500000e+01	8.600000e+01	5.990715e-06	3.147251e-06	0.000000e+00
8.600000e+01	8.700000e+01	4.808406e-06	1.970837e-06	0.000000e+00
8.700000e+01	8.800000e+01	5.058393e-06	3.047578e-06	0.000000e+00
8.800000e+01	8.900000e+01	4.466929e-06	1.911911e-06	0.000000e+00
8.900000e+01	9.000000e+01	4.710299e-06	2.509502e-06	0.000000e+00
9.000000e+01	9.100000e+01	4.395034e-06	1.803481e-06	0.000000e+00
9.100000e+01	9.200000e+01	3.933278e-06	2.282522e-06	0.000000e+00
9.200000e+01	9.300000e+01	3.399990e-06	1.717434e-06	0.000000e+00
9.300000e+01	9.400000e+01	2.813908e-06	1.353974e-06	0.000000e+00
9.400000e+01	9.500000e+01	2.760123e-06	1.304454e-06	0.000000e+00
9.500000e+01	9.600000e+01	2.432539e-06	9.058240e-07	0.000000e+00
9.600000e+01	9.700000e+01	2.476531e-06	1.083186e-06	0.000000e+00
9.700000e+01	9.800000e+01	2.290750e-06	1.097893e-06	0.000000e+00
9.800000e+01	9.900000e+01	2.169292e-06	1.068988e-06	0.000000e+00
9.900000e+01	1.000000e+02	2.056958e-06	1.141033e-06	0.000000e+00
# END HISTO1D

