# BEGIN PLOT
Rebin=2
DrawOnly=//homes/tinghua1/Merging-Project/Production/HJETS/ratio-plots/hjets-vbfnlo/H-N2-N3-4-25gev-combine.yoda/MC_H2JETS_04_TIGHT/jet3_mass //homes/tinghua1/Merging-Project/Production/HJETS/ratio-plots/hjets-vbfnlo/H-N2-N3-4-25gev-vbfnlo-combine.yoda/MC_H2JETS_04_TIGHT/jet3_mass //homes/tinghua1/Merging-Project/Production/HJETS/ratio-plots/hjets-vbfnlo/H-N2-3-4-25gev-combine.yoda/MC_H2JETS_04_TIGHT/jet3_mass //homes/tinghua1/Merging-Project/Production/HJETS/ratio-plots/hjets-vbfnlo/H-N2-3-4-25gev-vbfnlo-combine.yoda/MC_H2JETS_04_TIGHT/jet3_mass //homes/tinghua1/Merging-Project/Production/HJETS/ratio-plots/hjets-vbfnlo/H-2-3-4-25gev-combine.yoda/MC_H2JETS_04_TIGHT/jet3_mass //homes/tinghua1/Merging-Project/Production/HJETS/ratio-plots/hjets-vbfnlo/H-2-3-4-25gev-vbfnlo-combine.yoda/MC_H2JETS_04_TIGHT/jet3_mass //homes/tinghua1/Merging-Project/Production/HJETS/ratio-plots/hjets-vbfnlo/H-2-3-25gev-combine.yoda/MC_H2JETS_04_TIGHT/jet3_mass //homes/tinghua1/Merging-Project/Production/HJETS/ratio-plots/hjets-vbfnlo/H-2-3-25gev-vbfnlo-combine.yoda/MC_H2JETS_04_TIGHT/jet3_mass
RightMargin=0.5
RatioPlotReference=//homes/tinghua1/Merging-Project/Production/HJETS/ratio-plots/hjets-vbfnlo/H-N2-N3-4-25gev-combine.yoda/MC_H2JETS_04_TIGHT/jet3_mass
#RatioPlot=1
LogY=1
RatioPlotYMax=3.0
#LegendOnly=//homes/tinghua1/Merging-Project/Production/HJETS/ratio-plots/hjets-vbfnlo/H-N2-N3-4-25gev-combine.yoda/MC_H2JETS_04_TIGHT/jet3_mass //homes/tinghua1/Merging-Project/Production/HJETS/ratio-plots/hjets-vbfnlo/H-N2-N3-4-25gev-vbfnlo-combine.yoda/MC_H2JETS_04_TIGHT/jet3_mass //homes/tinghua1/Merging-Project/Production/HJETS/ratio-plots/hjets-vbfnlo/H-N2-3-4-25gev-combine.yoda/MC_H2JETS_04_TIGHT/jet3_mass //homes/tinghua1/Merging-Project/Production/HJETS/ratio-plots/hjets-vbfnlo/H-N2-3-4-25gev-vbfnlo-combine.yoda/MC_H2JETS_04_TIGHT/jet3_mass //homes/tinghua1/Merging-Project/Production/HJETS/ratio-plots/hjets-vbfnlo/H-2-3-4-25gev-combine.yoda/MC_H2JETS_04_TIGHT/jet3_mass //homes/tinghua1/Merging-Project/Production/HJETS/ratio-plots/hjets-vbfnlo/H-2-3-4-25gev-vbfnlo-combine.yoda/MC_H2JETS_04_TIGHT/jet3_mass //homes/tinghua1/Merging-Project/Production/HJETS/ratio-plots/hjets-vbfnlo/H-2-3-25gev-combine.yoda/MC_H2JETS_04_TIGHT/jet3_mass //homes/tinghua1/Merging-Project/Production/HJETS/ratio-plots/hjets-vbfnlo/H-2-3-25gev-vbfnlo-combine.yoda/MC_H2JETS_04_TIGHT/jet3_mass
RatioPlotYLabel=Ratio
Scale=1000.0
XLabel=$m_{j_3}$ (GeV)
LegendAlign=r
YLabel=$ \text{d} \sigma/ \text{d}  m_{j_3}$ (fb/GeV)
Legend=1
RatioPlot=4
MainPlotSelection={"Selection":[1,2,3,4,5,6,7,8]}
RatioPlots={"RatioPlotYLabel":"","Selection":[1,2]};{"RatioPlotYLabel":"","Selection":[3,4]};{"RatioPlotYLabel":"","Selection":[5,6]};{"RatioPlotYLabel":"","Selection":[7,8]}
RatioPlotSameStyle=1
RatioPlotYMin=0.0
# END PLOT


# BEGIN SPECIAL /MC_H2JETS_04_TIGHT/jet3_mass
\rput[tl](0.05,0.75){\parbox{5cm}{\textcolor{gray}{{\bf Herwig 7.2.0} \\ HJETS/ColorFull}}}
# END SPECIAL

# BEGIN HISTO1D //homes/tinghua1/Merging-Project/Production/HJETS/ratio-plots/hjets-vbfnlo/H-N2-N3-4-25gev-combine.yoda/MC_H2JETS_04_TIGHT/jet3_mass
ErrorBandColor=orange
ErrorBandOpacity=0.3
ErrorBands=1
ErrorType=env
LineColor=orange
LineStyle=solid
Path=//homes/tinghua1/Merging-Project/Production/HJETS/ratio-plots/hjets-vbfnlo/H-N2-N3-4-25gev-combine.yoda/MC_H2JETS_04_TIGHT/jet3_mass
RatioPlotSameStyle=1
Title=h(2*,3*,4)
# xlow	 xhigh	 val	 errminus	 errplus
0.000000e+00	1.000000e+00	4.204134e-02	3.826560e-03	1.256824e-02
1.000000e+00	2.000000e+00	5.830286e-03	1.441100e-04	5.431110e-04
2.000000e+00	3.000000e+00	5.595979e-03	1.289686e-03	0.000000e+00
3.000000e+00	4.000000e+00	1.515735e-02	2.185730e-03	0.000000e+00
4.000000e+00	5.000000e+00	1.706343e-02	2.743480e-03	9.801200e-04
5.000000e+00	6.000000e+00	1.337477e-02	3.058750e-03	1.356850e-03
6.000000e+00	7.000000e+00	8.768343e-03	2.473352e-03	1.677157e-03
7.000000e+00	8.000000e+00	5.432317e-03	1.570175e-03	1.206591e-03
8.000000e+00	9.000000e+00	3.360772e-03	1.046470e-03	5.165530e-04
9.000000e+00	1.000000e+01	2.068924e-03	6.901020e-04	6.407820e-04
1.000000e+01	1.100000e+01	1.551125e-03	4.667450e-04	2.808060e-04
1.100000e+01	1.200000e+01	1.192340e-03	4.312583e-04	3.214340e-04
1.200000e+01	1.300000e+01	8.354258e-04	2.356751e-04	1.786742e-04
1.300000e+01	1.400000e+01	6.959864e-04	2.591556e-04	1.183820e-04
1.400000e+01	1.500000e+01	5.012043e-04	2.068568e-04	5.697650e-05
1.500000e+01	1.600000e+01	3.179751e-04	9.623230e-05	8.268170e-05
1.600000e+01	1.700000e+01	2.897496e-04	1.123673e-04	6.788660e-05
1.700000e+01	1.800000e+01	2.209257e-04	1.142180e-04	3.570980e-05
1.800000e+01	1.900000e+01	8.513569e-05	1.457710e-06	9.041151e-05
1.900000e+01	2.000000e+01	1.144234e-04	6.737393e-05	0.000000e+00
2.000000e+01	2.100000e+01	6.525934e-05	2.131994e-05	4.289246e-05
2.100000e+01	2.200000e+01	5.246911e-05	2.807641e-05	1.755175e-05
2.200000e+01	2.300000e+01	3.497333e-05	1.620736e-05	2.361923e-05
2.300000e+01	2.400000e+01	2.188546e-05	1.670746e-05	8.682800e-06
2.400000e+01	2.500000e+01	1.018166e-05	8.188700e-07	1.373552e-05
2.500000e+01	2.600000e+01	7.325653e-06	0.000000e+00	1.043905e-05
2.600000e+01	2.700000e+01	6.603478e-06	1.172777e-06	2.004529e-06
2.700000e+01	2.800000e+01	5.929620e-06	4.051310e-07	5.750700e-07
2.800000e+01	2.900000e+01	3.425415e-06	2.902739e-06	0.000000e+00
2.900000e+01	3.000000e+01	9.096158e-07	0.000000e+00	3.084161e-06
3.000000e+01	3.100000e+01	9.551863e-07	0.000000e+00	7.435142e-06
3.100000e+01	3.200000e+01	1.412175e-06	8.382231e-07	7.176800e-07
3.200000e+01	3.300000e+01	5.515154e-07	1.005661e-07	2.080302e-06
3.300000e+01	3.400000e+01	7.462792e-07	4.018970e-08	1.975857e-06
3.400000e+01	3.500000e+01	6.444266e-07	5.100591e-07	2.400321e-07
3.500000e+01	3.600000e+01	-1.272223e-07	0.000000e+00	1.026294e-06
3.600000e+01	3.700000e+01	4.193395e-07	3.000123e-07	6.692675e-07
3.700000e+01	3.800000e+01	5.488642e-07	5.421071e-07	0.000000e+00
3.800000e+01	3.900000e+01	3.353098e-07	2.498246e-07	0.000000e+00
3.900000e+01	4.000000e+01	5.935959e-08	4.281937e-08	1.329942e-07
4.000000e+01	4.100000e+01	8.254742e-08	6.142608e-08	2.384658e-08
4.100000e+01	4.200000e+01	6.707721e-08	1.604622e-08	5.061829e-08
4.200000e+01	4.300000e+01	-9.223839e-08	0.000000e+00	1.731955e-07
4.300000e+01	4.400000e+01	2.641281e-08	2.344920e-09	1.681841e-08
4.400000e+01	4.500000e+01	3.987049e-08	3.105548e-08	0.000000e+00
4.500000e+01	4.600000e+01	1.690807e-08	8.007681e-08	0.000000e+00
4.600000e+01	4.700000e+01	1.757085e-07	1.745986e-07	0.000000e+00
4.700000e+01	4.800000e+01	2.338958e-10	0.000000e+00	1.299850e-08
4.800000e+01	4.900000e+01	1.510068e-08	0.000000e+00	4.605699e-08
4.900000e+01	5.000000e+01	3.110211e-09	1.997058e-09	1.453767e-08
5.000000e+01	5.100000e+01	2.914551e-09	2.371573e-09	1.745514e-08
5.100000e+01	5.200000e+01	1.482022e-09	1.144979e-09	6.913317e-09
5.200000e+01	5.300000e+01	4.272282e-09	4.408682e-09	7.963030e-10
5.300000e+01	5.400000e+01	5.429857e-09	4.607240e-09	0.000000e+00
5.400000e+01	5.500000e+01	-4.670585e-10	0.000000e+00	5.189027e-08
5.500000e+01	5.600000e+01	2.205591e-09	1.950086e-09	2.160585e-08
5.600000e+01	5.700000e+01	-1.188659e-09	0.000000e+00	1.302424e-08
5.700000e+01	5.800000e+01	4.851730e-10	1.715769e-09	3.778115e-09
5.800000e+01	5.900000e+01	5.636224e-10	0.000000e+00	2.031911e-09
5.900000e+01	6.000000e+01	-3.003592e-10	1.712340e-08	9.244655e-10
6.000000e+01	6.100000e+01	2.635232e-10	5.900910e-11	8.119421e-09
6.100000e+01	6.200000e+01	1.087893e-09	1.041659e-08	0.000000e+00
6.200000e+01	6.300000e+01	7.969969e-10	7.872048e-10	0.000000e+00
6.300000e+01	6.400000e+01	1.656066e-10	9.809487e-11	1.173941e-10
6.400000e+01	6.500000e+01	3.004041e-11	1.878488e-11	1.895533e-10
6.500000e+01	6.600000e+01	2.965905e-10	2.760818e-10	0.000000e+00
6.600000e+01	6.700000e+01	6.346327e-11	7.257141e-11	9.434797e-08
6.700000e+01	6.800000e+01	1.902939e-11	1.869712e-11	4.671576e-11
6.800000e+01	6.900000e+01	4.358176e-12	6.102638e-10	0.000000e+00
6.900000e+01	7.000000e+01	2.382484e-11	2.379764e-11	1.155240e-08
7.000000e+01	7.100000e+01	2.970493e-12	4.338747e-11	0.000000e+00
7.100000e+01	7.200000e+01	1.350236e-11	1.187908e-11	1.704246e-10
7.200000e+01	7.300000e+01	1.215660e-13	0.000000e+00	5.350295e-11
7.300000e+01	7.400000e+01	1.463684e-13	0.000000e+00	1.349553e-11
7.400000e+01	7.500000e+01	-2.444240e-09	0.000000e+00	4.236265e-09
7.500000e+01	7.600000e+01	5.280922e-13	5.147366e-13	2.832737e-11
7.600000e+01	7.700000e+01	2.591882e-15	1.178550e-16	5.788827e-13
7.700000e+01	7.800000e+01	1.767670e-12	1.336318e-11	0.000000e+00
7.800000e+01	7.900000e+01	-1.013870e-12	0.000000e+00	1.251719e-11
7.900000e+01	8.000000e+01	9.768342e-12	6.654372e-12	1.260392e-10
8.000000e+01	8.100000e+01	5.722623e-11	5.921765e-11	0.000000e+00
8.100000e+01	8.200000e+01	1.544975e-12	0.000000e+00	3.770089e-10
8.200000e+01	8.300000e+01	2.729771e-15	0.000000e+00	2.293610e-11
8.300000e+01	8.400000e+01	2.291737e-11	2.291672e-11	0.000000e+00
8.400000e+01	8.500000e+01	1.903398e-11	2.159386e-11	0.000000e+00
8.500000e+01	8.600000e+01	2.395189e-12	4.561827e-12	0.000000e+00
8.600000e+01	8.700000e+01	3.304899e-13	3.304436e-13	0.000000e+00
8.700000e+01	8.800000e+01	-4.024786e-16	9.748259e-12	1.069852e-14
8.800000e+01	8.900000e+01	-1.899449e-13	0.000000e+00	4.548541e-13
8.900000e+01	9.000000e+01	2.709378e-13	2.722591e-13	0.000000e+00
9.000000e+01	9.100000e+01	5.402258e-14	5.401972e-14	3.100604e-12
9.100000e+01	9.200000e+01	1.643866e-11	1.643592e-11	0.000000e+00
9.200000e+01	9.300000e+01	6.294448e-15	6.294415e-15	1.553961e-14
9.300000e+01	9.400000e+01	6.156290e-21	3.907499e-21	3.466576e-14
9.400000e+01	9.500000e+01	8.860031e-15	8.860006e-15	0.000000e+00
9.500000e+01	9.600000e+01	1.905563e-17	0.000000e+00	7.115170e-15
9.600000e+01	9.700000e+01	7.111072e-16	7.119469e-15	0.000000e+00
9.700000e+01	9.800000e+01	6.554808e-19	6.554776e-19	7.090499e-18
9.800000e+01	9.900000e+01	5.096910e-18	4.017888e-14	6.997046e-14
9.900000e+01	1.000000e+02	-7.744390e-28	0.000000e+00	4.125965e-16
# END HISTO1D


# BEGIN HISTO1D //homes/tinghua1/Merging-Project/Production/HJETS/ratio-plots/hjets-vbfnlo/H-N2-N3-4-25gev-vbfnlo-combine.yoda/MC_H2JETS_04_TIGHT/jet3_mass
ErrorBandColor=red
ErrorBandOpacity=0.3
ErrorBands=1
ErrorType=env
LineColor=red
LineStyle=solid
Path=//homes/tinghua1/Merging-Project/Production/HJETS/ratio-plots/hjets-vbfnlo/H-N2-N3-4-25gev-vbfnlo-combine.yoda/MC_H2JETS_04_TIGHT/jet3_mass
RatioPlotSameStyle=1
Title=h(2*,3*,4)-vbfnlo
# xlow	 xhigh	 val	 errminus	 errplus
0.000000e+00	1.000000e+00	5.379024e-02	1.739964e-02	0.000000e+00
1.000000e+00	2.000000e+00	6.005803e-03	6.742850e-04	0.000000e+00
2.000000e+00	3.000000e+00	4.367956e-03	0.000000e+00	8.088970e-04
3.000000e+00	4.000000e+00	1.291902e-02	0.000000e+00	2.110950e-03
4.000000e+00	5.000000e+00	1.416958e-02	0.000000e+00	3.446370e-03
5.000000e+00	6.000000e+00	1.019466e-02	0.000000e+00	4.022770e-03
6.000000e+00	7.000000e+00	6.215032e-03	0.000000e+00	3.376398e-03
7.000000e+00	8.000000e+00	3.735457e-03	0.000000e+00	2.706258e-03
8.000000e+00	9.000000e+00	2.259822e-03	0.000000e+00	1.703148e-03
9.000000e+00	1.000000e+01	1.406821e-03	0.000000e+00	1.113951e-03
1.000000e+01	1.100000e+01	1.072730e-03	0.000000e+00	7.529090e-04
1.100000e+01	1.200000e+01	7.820228e-04	0.000000e+00	5.929582e-04
1.200000e+01	1.300000e+01	5.732712e-04	0.000000e+00	4.587038e-04
1.300000e+01	1.400000e+01	3.811147e-04	0.000000e+00	3.636515e-04
1.400000e+01	1.500000e+01	3.156450e-04	0.000000e+00	2.577803e-04
1.500000e+01	1.600000e+01	2.208268e-04	0.000000e+00	2.047436e-04
1.600000e+01	1.700000e+01	1.645084e-04	0.000000e+00	1.857431e-04
1.700000e+01	1.800000e+01	1.385627e-04	0.000000e+00	1.408556e-04
1.800000e+01	1.900000e+01	7.561059e-05	0.000000e+00	1.056229e-04
1.900000e+01	2.000000e+01	5.891848e-05	0.000000e+00	9.994382e-05
2.000000e+01	2.100000e+01	4.303518e-05	0.000000e+00	2.798184e-05
2.100000e+01	2.200000e+01	3.773775e-05	1.531576e-05	2.377343e-05
2.200000e+01	2.300000e+01	1.826678e-05	0.000000e+00	2.268286e-05
2.300000e+01	2.400000e+01	1.374496e-05	0.000000e+00	1.148334e-05
2.400000e+01	2.500000e+01	1.247226e-05	4.731118e-06	9.921420e-06
2.500000e+01	2.600000e+01	-5.468538e-06	0.000000e+00	2.116373e-05
2.600000e+01	2.700000e+01	3.645214e-06	0.000000e+00	6.972266e-06
2.700000e+01	2.800000e+01	3.425973e-06	0.000000e+00	3.689309e-06
2.800000e+01	2.900000e+01	1.644628e-06	0.000000e+00	2.507403e-06
2.900000e+01	3.000000e+01	2.985724e-06	4.900840e-07	0.000000e+00
3.000000e+01	3.100000e+01	6.746537e-07	0.000000e+00	4.632197e-06
3.100000e+01	3.200000e+01	8.049767e-07	0.000000e+00	1.889082e-06
3.200000e+01	3.300000e+01	7.667280e-07	0.000000e+00	1.049232e-06
3.300000e+01	3.400000e+01	5.811263e-07	0.000000e+00	4.492077e-07
3.400000e+01	3.500000e+01	1.864654e-07	0.000000e+00	4.828735e-07
3.500000e+01	3.600000e+01	2.043877e-07	0.000000e+00	2.898993e-07
3.600000e+01	3.700000e+01	1.431108e-07	6.672100e-09	3.585221e-07
3.700000e+01	3.800000e+01	1.376826e-07	0.000000e+00	2.407061e-07
3.800000e+01	3.900000e+01	1.059620e-10	0.000000e+00	4.103832e-07
3.900000e+01	4.000000e+01	-2.834698e-08	0.000000e+00	1.435326e-07
4.000000e+01	4.100000e+01	6.392021e-08	1.323616e-08	1.922347e-07
4.100000e+01	4.200000e+01	2.090443e-07	1.587001e-07	0.000000e+00
4.200000e+01	4.300000e+01	2.460595e-08	0.000000e+00	7.497366e-08
4.300000e+01	4.400000e+01	1.127797e-08	9.440183e-09	1.907713e-08
4.400000e+01	4.500000e+01	2.563181e-08	2.694808e-08	0.000000e+00
4.500000e+01	4.600000e+01	3.306309e-09	0.000000e+00	8.517112e-08
4.600000e+01	4.700000e+01	3.623804e-08	1.260872e-08	0.000000e+00
4.700000e+01	4.800000e+01	9.550927e-09	1.743693e-08	4.338850e-10
4.800000e+01	4.900000e+01	2.139370e-09	1.709276e-09	0.000000e+00
4.900000e+01	5.000000e+01	2.511050e-09	0.000000e+00	4.123210e-09
5.000000e+01	5.100000e+01	2.683277e-09	1.109100e-08	2.278045e-09
5.100000e+01	5.200000e+01	1.800267e-09	2.716896e-09	0.000000e+00
5.200000e+01	5.300000e+01	-1.626688e-10	0.000000e+00	3.897251e-09
5.300000e+01	5.400000e+01	1.967093e-10	0.000000e+00	1.928442e-09
5.400000e+01	5.500000e+01	2.201919e-10	0.000000e+00	3.807946e-09
5.500000e+01	5.600000e+01	1.980510e-10	3.914599e-10	8.661110e-10
5.600000e+01	5.700000e+01	2.434458e-10	0.000000e+00	1.238570e-09
5.700000e+01	5.800000e+01	-6.310982e-12	0.000000e+00	2.349626e-09
5.800000e+01	5.900000e+01	6.810461e-10	6.072677e-09	0.000000e+00
5.900000e+01	6.000000e+01	1.244034e-10	1.944851e-09	0.000000e+00
6.000000e+01	6.100000e+01	1.309618e-11	0.000000e+00	5.473081e-10
6.100000e+01	6.200000e+01	2.485720e-11	2.959319e-11	1.714750e-09
6.200000e+01	6.300000e+01	6.641042e-12	4.181953e-11	3.658477e-10
6.300000e+01	6.400000e+01	3.084683e-11	6.721888e-11	1.955347e-10
6.400000e+01	6.500000e+01	4.462087e-14	3.439616e-12	1.040595e-08
6.500000e+01	6.600000e+01	1.549358e-11	0.000000e+00	2.609870e-09
6.600000e+01	6.700000e+01	2.677080e-12	0.000000e+00	2.143228e-09
6.700000e+01	6.800000e+01	2.323009e-11	1.886968e-11	2.048310e-10
6.800000e+01	6.900000e+01	2.345244e-13	0.000000e+00	5.345707e-10
6.900000e+01	7.000000e+01	3.493368e-11	2.184603e-11	0.000000e+00
7.000000e+01	7.100000e+01	2.251130e-12	0.000000e+00	7.372454e-11
7.100000e+01	7.200000e+01	4.842104e-12	5.284358e-12	1.496478e-12
7.200000e+01	7.300000e+01	4.265382e-12	1.780675e-12	2.064821e-11
7.300000e+01	7.400000e+01	2.836273e-13	1.479348e-12	2.791927e-13
7.400000e+01	7.500000e+01	9.761167e-16	0.000000e+00	4.348414e-12
7.500000e+01	7.600000e+01	4.048874e-12	2.812048e-12	0.000000e+00
7.600000e+01	7.700000e+01	1.810814e-14	1.558056e-13	4.910405e-13
7.700000e+01	7.800000e+01	6.157254e-13	2.217964e-11	1.003487e-12
7.800000e+01	7.900000e+01	1.201278e-12	1.180871e-12	0.000000e+00
7.900000e+01	8.000000e+01	1.671764e-12	1.827372e-10	0.000000e+00
8.000000e+01	8.100000e+01	-1.576628e-14	0.000000e+00	6.935119e-13
8.100000e+01	8.200000e+01	4.386057e-12	4.304563e-12	6.231793e-12
8.200000e+01	8.300000e+01	-6.960766e-13	0.000000e+00	1.081562e-12
8.300000e+01	8.400000e+01	1.520041e-13	2.364662e-11	0.000000e+00
8.400000e+01	8.500000e+01	8.245693e-17	8.457620e-12	8.271184e-15
8.500000e+01	8.600000e+01	-3.412631e-17	1.327306e-14	0.000000e+00
8.600000e+01	8.700000e+01	4.478989e-18	0.000000e+00	4.265543e-14
8.700000e+01	8.800000e+01	9.828605e-15	1.397191e-13	9.029920e-14
8.800000e+01	8.900000e+01	5.550397e-14	5.721352e-14	0.000000e+00
8.900000e+01	9.000000e+01	6.802689e-19	1.328770e-15	2.623006e-13
9.000000e+01	9.100000e+01	-2.740720e-19	0.000000e+00	1.129402e-13
9.100000e+01	9.200000e+01	-1.728730e-19	2.268725e-17	1.075041e-14
9.200000e+01	9.300000e+01	3.098050e-20	0.000000e+00	2.596911e-12
9.300000e+01	9.400000e+01	7.030438e-18	0.000000e+00	2.800154e-16
9.400000e+01	9.500000e+01	-7.777862e-16	0.000000e+00	7.777826e-16
9.500000e+01	9.600000e+01	1.055129e-17	3.670406e-15	1.767694e-14
9.600000e+01	9.700000e+01	1.926443e-14	1.926443e-14	2.318902e-12
9.700000e+01	9.800000e+01	3.156248e-19	3.156261e-19	5.187017e-15
9.800000e+01	9.900000e+01	1.058854e-12	1.099929e-12	0.000000e+00
9.900000e+01	1.000000e+02	1.218503e-24	8.654895e-22	9.463927e-14
# END HISTO1D


# BEGIN HISTO1D //homes/tinghua1/Merging-Project/Production/HJETS/ratio-plots/hjets-vbfnlo/H-N2-3-4-25gev-combine.yoda/MC_H2JETS_04_TIGHT/jet3_mass
ErrorBandColor=blue
ErrorBandOpacity=0.3
ErrorBands=1
ErrorType=env
LineColor=blue
LineStyle=solid
Path=//homes/tinghua1/Merging-Project/Production/HJETS/ratio-plots/hjets-vbfnlo/H-N2-3-4-25gev-combine.yoda/MC_H2JETS_04_TIGHT/jet3_mass
RatioPlotSameStyle=1
Title=h(2*,3,4)
# xlow	 xhigh	 val	 errminus	 errplus
0.000000e+00	1.000000e+00	4.161801e-02	2.113970e-03	9.525310e-03
1.000000e+00	2.000000e+00	5.429632e-03	0.000000e+00	3.803890e-04
2.000000e+00	3.000000e+00	5.135137e-03	1.031774e-03	2.624420e-04
3.000000e+00	4.000000e+00	1.493268e-02	2.562290e-03	5.664200e-04
4.000000e+00	5.000000e+00	1.664322e-02	3.280420e-03	1.828660e-03
5.000000e+00	6.000000e+00	1.309939e-02	3.226806e-03	2.125380e-03
6.000000e+00	7.000000e+00	8.613839e-03	2.773306e-03	1.934131e-03
7.000000e+00	8.000000e+00	5.462761e-03	1.925860e-03	1.420461e-03
8.000000e+00	9.000000e+00	3.266820e-03	1.180557e-03	1.064247e-03
9.000000e+00	1.000000e+01	2.047974e-03	7.399800e-04	7.699400e-04
1.000000e+01	1.100000e+01	1.550437e-03	6.084211e-04	4.864740e-04
1.100000e+01	1.200000e+01	1.120980e-03	4.008087e-04	3.900700e-04
1.200000e+01	1.300000e+01	8.608585e-04	3.209568e-04	2.810955e-04
1.300000e+01	1.400000e+01	6.342254e-04	2.410052e-04	2.048715e-04
1.400000e+01	1.500000e+01	4.754599e-04	1.863031e-04	1.741982e-04
1.500000e+01	1.600000e+01	3.663696e-04	1.591994e-04	1.190038e-04
1.600000e+01	1.700000e+01	2.644703e-04	1.122059e-04	8.491390e-05
1.700000e+01	1.800000e+01	1.914351e-04	8.501000e-05	6.964480e-05
1.800000e+01	1.900000e+01	1.422744e-04	7.111245e-05	6.450870e-05
1.900000e+01	2.000000e+01	3.071340e-04	2.601978e-04	0.000000e+00
2.000000e+01	2.100000e+01	6.928381e-05	3.211211e-05	3.550429e-05
2.100000e+01	2.200000e+01	5.224213e-05	1.968610e-05	2.010994e-05
2.200000e+01	2.300000e+01	3.958576e-05	2.623389e-05	1.603015e-05
2.300000e+01	2.400000e+01	1.606406e-05	5.952340e-06	1.828603e-05
2.400000e+01	2.500000e+01	1.780938e-05	9.826233e-06	8.143570e-06
2.500000e+01	2.600000e+01	1.419223e-05	8.961200e-06	4.990590e-06
2.600000e+01	2.700000e+01	8.815655e-06	4.159551e-06	6.404865e-06
2.700000e+01	2.800000e+01	6.234257e-06	3.229469e-06	2.596019e-06
2.800000e+01	2.900000e+01	4.700208e-06	2.430440e-06	5.903602e-06
2.900000e+01	3.000000e+01	3.044112e-06	1.480746e-06	2.755267e-06
3.000000e+01	3.100000e+01	2.457782e-06	1.385731e-06	1.122360e-06
3.100000e+01	3.200000e+01	5.941880e-06	5.076896e-06	0.000000e+00
3.200000e+01	3.300000e+01	1.793080e-06	1.319673e-06	0.000000e+00
3.300000e+01	3.400000e+01	5.239910e-07	2.581441e-07	5.800990e-07
3.400000e+01	3.500000e+01	3.975092e-07	1.849757e-07	1.589260e-06
3.500000e+01	3.600000e+01	3.054824e-06	2.944653e-06	0.000000e+00
3.600000e+01	3.700000e+01	3.167856e-07	1.806207e-07	9.187094e-07
3.700000e+01	3.800000e+01	2.772423e-07	1.339965e-07	2.000960e-07
3.800000e+01	3.900000e+01	-4.900644e-08	0.000000e+00	5.009450e-07
3.900000e+01	4.000000e+01	9.499062e-08	3.402458e-07	0.000000e+00
4.000000e+01	4.100000e+01	4.097390e-08	0.000000e+00	7.186340e-08
4.100000e+01	4.200000e+01	4.487172e-08	3.677269e-08	7.619178e-08
4.200000e+01	4.300000e+01	1.591958e-08	0.000000e+00	1.305292e-07
4.300000e+01	4.400000e+01	2.005216e-08	1.212247e-08	1.326736e-07
4.400000e+01	4.500000e+01	5.232383e-08	3.388648e-08	1.433574e-07
4.500000e+01	4.600000e+01	1.907022e-08	1.194043e-08	1.614730e-08
4.600000e+01	4.700000e+01	1.497034e-08	1.806699e-08	0.000000e+00
4.700000e+01	4.800000e+01	1.195824e-09	4.584993e-09	1.369330e-09
4.800000e+01	4.900000e+01	-4.793240e-09	0.000000e+00	7.724136e-08
4.900000e+01	5.000000e+01	2.607857e-09	2.093490e-10	1.485696e-08
5.000000e+01	5.100000e+01	8.650765e-09	3.538838e-09	2.073427e-08
5.100000e+01	5.200000e+01	1.675111e-08	1.437708e-08	0.000000e+00
5.200000e+01	5.300000e+01	-1.668853e-10	0.000000e+00	1.296471e-09
5.300000e+01	5.400000e+01	2.525525e-09	3.069480e-10	3.617980e-10
5.400000e+01	5.500000e+01	2.815977e-08	2.806842e-08	0.000000e+00
5.500000e+01	5.600000e+01	8.317224e-10	0.000000e+00	1.021934e-09
5.600000e+01	5.700000e+01	3.507317e-10	0.000000e+00	7.198723e-10
5.700000e+01	5.800000e+01	2.849978e-10	9.581160e-11	2.268540e-09
5.800000e+01	5.900000e+01	4.385239e-10	5.034820e-11	1.376420e-10
5.900000e+01	6.000000e+01	1.778558e-10	4.583319e-09	0.000000e+00
6.000000e+01	6.100000e+01	1.167017e-09	1.093149e-09	0.000000e+00
6.100000e+01	6.200000e+01	1.626744e-10	1.030527e-10	0.000000e+00
6.200000e+01	6.300000e+01	6.914011e-11	5.857521e-11	2.392740e-10
6.300000e+01	6.400000e+01	3.341431e-11	6.526788e-09	0.000000e+00
6.400000e+01	6.500000e+01	2.542323e-10	2.004872e-10	0.000000e+00
6.500000e+01	6.600000e+01	3.763102e-09	3.755487e-09	0.000000e+00
6.600000e+01	6.700000e+01	1.230950e-12	3.097931e-11	5.180648e-12
6.700000e+01	6.800000e+01	7.015293e-12	6.662303e-12	3.581019e-10
6.800000e+01	6.900000e+01	4.648510e-12	4.343763e-12	3.455960e-10
6.900000e+01	7.000000e+01	6.526419e-11	0.000000e+00	1.768449e-10
7.000000e+01	7.100000e+01	3.279054e-12	2.488197e-12	1.926591e-11
7.100000e+01	7.200000e+01	1.487828e-12	0.000000e+00	3.915839e-12
7.200000e+01	7.300000e+01	1.963549e-11	1.429950e-11	1.820531e-10
7.300000e+01	7.400000e+01	4.742898e-11	4.735117e-11	0.000000e+00
7.400000e+01	7.500000e+01	-1.455289e-11	0.000000e+00	3.029321e-11
7.500000e+01	7.600000e+01	5.628503e-11	5.628320e-11	0.000000e+00
7.600000e+01	7.700000e+01	2.641006e-12	2.480398e-12	7.652513e-11
7.700000e+01	7.800000e+01	2.327923e-14	0.000000e+00	2.661517e-12
7.800000e+01	7.900000e+01	5.449020e-11	5.445879e-11	1.029969e-10
7.900000e+01	8.000000e+01	1.237120e-12	9.955565e-13	1.030215e-11
8.000000e+01	8.100000e+01	1.991893e-12	1.821403e-12	0.000000e+00
8.100000e+01	8.200000e+01	9.776005e-14	0.000000e+00	3.172818e-11
8.200000e+01	8.300000e+01	1.940716e-12	0.000000e+00	3.221678e-10
8.300000e+01	8.400000e+01	3.985415e-12	2.231691e-12	2.533686e-12
8.400000e+01	8.500000e+01	3.539501e-15	3.477778e-15	1.326322e-14
8.500000e+01	8.600000e+01	4.475306e-14	0.000000e+00	2.962729e-12
8.600000e+01	8.700000e+01	9.052742e-16	4.492959e-16	9.483658e-14
8.700000e+01	8.800000e+01	2.951690e-15	0.000000e+00	2.819798e-14
8.800000e+01	8.900000e+01	5.212787e-14	5.212729e-14	0.000000e+00
8.900000e+01	9.000000e+01	1.077404e-11	1.078100e-11	0.000000e+00
9.000000e+01	9.100000e+01	-1.785173e-16	0.000000e+00	5.250079e-11
9.100000e+01	9.200000e+01	1.726700e-16	3.065482e-15	2.405988e-14
9.200000e+01	9.300000e+01	2.451179e-14	2.426045e-14	5.746155e-10
9.300000e+01	9.400000e+01	3.840431e-20	0.000000e+00	2.518993e-13
9.400000e+01	9.500000e+01	3.940701e-13	3.940678e-13	2.934940e-14
9.500000e+01	9.600000e+01	8.091041e-19	0.000000e+00	2.879021e-12
9.600000e+01	9.700000e+01	1.895921e-14	1.895892e-14	9.859939e-14
9.700000e+01	9.800000e+01	0.000000e+00	0.000000e+00	3.510119e-16
9.800000e+01	9.900000e+01	6.846128e-17	0.000000e+00	2.149195e-12
9.900000e+01	1.000000e+02	1.599363e-21	1.388742e-21	7.928198e-17
# END HISTO1D


# BEGIN HISTO1D //homes/tinghua1/Merging-Project/Production/HJETS/ratio-plots/hjets-vbfnlo/H-N2-3-4-25gev-vbfnlo-combine.yoda/MC_H2JETS_04_TIGHT/jet3_mass
ErrorBandColor=cyan
ErrorBandOpacity=0.3
ErrorBands=1
ErrorType=env
LineColor=cyan
LineStyle=solid
Path=//homes/tinghua1/Merging-Project/Production/HJETS/ratio-plots/hjets-vbfnlo/H-N2-3-4-25gev-vbfnlo-combine.yoda/MC_H2JETS_04_TIGHT/jet3_mass
RatioPlotSameStyle=1
Title=h(2*,3,4)-vbfnlo
# xlow	 xhigh	 val	 errminus	 errplus
0.000000e+00	1.000000e+00	4.108027e-02	2.666880e-03	9.632130e-03
1.000000e+00	2.000000e+00	5.369206e-03	0.000000e+00	3.557810e-04
2.000000e+00	3.000000e+00	5.009875e-03	9.835150e-04	3.498230e-04
3.000000e+00	4.000000e+00	1.465665e-02	2.502820e-03	4.835700e-04
4.000000e+00	5.000000e+00	1.651465e-02	3.288100e-03	1.628200e-03
5.000000e+00	6.000000e+00	1.272660e-02	3.083013e-03	2.240350e-03
6.000000e+00	7.000000e+00	8.415785e-03	2.630409e-03	1.935225e-03
7.000000e+00	8.000000e+00	5.315689e-03	1.859490e-03	1.370521e-03
8.000000e+00	9.000000e+00	3.202233e-03	1.170840e-03	1.092961e-03
9.000000e+00	1.000000e+01	2.003978e-03	7.722880e-04	7.443480e-04
1.000000e+01	1.100000e+01	1.455213e-03	5.240664e-04	5.311740e-04
1.100000e+01	1.200000e+01	1.078555e-03	3.736617e-04	3.962370e-04
1.200000e+01	1.300000e+01	8.135337e-04	3.184903e-04	2.618723e-04
1.300000e+01	1.400000e+01	6.069808e-04	2.375143e-04	2.209661e-04
1.400000e+01	1.500000e+01	4.525433e-04	1.744076e-04	1.891108e-04
1.500000e+01	1.600000e+01	3.503573e-04	1.595919e-04	1.360104e-04
1.600000e+01	1.700000e+01	2.608155e-04	1.180694e-04	1.176678e-04
1.700000e+01	1.800000e+01	1.877996e-04	8.348420e-05	7.018720e-05
1.800000e+01	1.900000e+01	1.338569e-04	6.329120e-05	6.619130e-05
1.900000e+01	2.000000e+01	9.258166e-05	4.034955e-05	4.103824e-05
2.000000e+01	2.100000e+01	6.659545e-05	3.069110e-05	3.524885e-05
2.100000e+01	2.200000e+01	5.216516e-05	2.589892e-05	1.769838e-05
2.200000e+01	2.300000e+01	3.664185e-05	2.057858e-05	1.605127e-05
2.300000e+01	2.400000e+01	2.314850e-05	1.244785e-05	1.642887e-05
2.400000e+01	2.500000e+01	1.680811e-05	8.582567e-06	1.457906e-05
2.500000e+01	2.600000e+01	1.269640e-05	8.446567e-06	3.742440e-06
2.600000e+01	2.700000e+01	7.550936e-06	5.151626e-06	6.750714e-06
2.700000e+01	2.800000e+01	6.553001e-06	3.824322e-06	1.652698e-06
2.800000e+01	2.900000e+01	4.088139e-06	2.623144e-06	2.283664e-06
2.900000e+01	3.000000e+01	3.448789e-06	5.174640e-07	6.416460e-07
3.000000e+01	3.100000e+01	2.102606e-06	1.002881e-06	2.640409e-06
3.100000e+01	3.200000e+01	3.012839e-06	2.532841e-06	0.000000e+00
3.200000e+01	3.300000e+01	1.038337e-06	4.956867e-07	8.520060e-07
3.300000e+01	3.400000e+01	3.732732e-06	3.408826e-06	0.000000e+00
3.400000e+01	3.500000e+01	4.676288e-07	0.000000e+00	9.192192e-07
3.500000e+01	3.600000e+01	4.389984e-07	3.064291e-07	2.548351e-07
3.600000e+01	3.700000e+01	2.350995e-07	1.952626e-07	1.387597e-07
3.700000e+01	3.800000e+01	1.468518e-07	8.264380e-08	1.361164e-07
3.800000e+01	3.900000e+01	1.461131e-07	9.695196e-08	0.000000e+00
3.900000e+01	4.000000e+01	4.901442e-08	0.000000e+00	1.115159e-07
4.000000e+01	4.100000e+01	1.163680e-07	1.032865e-07	8.305240e-08
4.100000e+01	4.200000e+01	5.865703e-08	5.833923e-08	2.314133e-08
4.200000e+01	4.300000e+01	2.327435e-08	9.476250e-09	0.000000e+00
4.300000e+01	4.400000e+01	2.332947e-08	1.329260e-08	5.881613e-08
4.400000e+01	4.500000e+01	2.683974e-08	2.183598e-08	0.000000e+00
4.500000e+01	4.600000e+01	8.800314e-09	0.000000e+00	3.890988e-08
4.600000e+01	4.700000e+01	5.017151e-09	0.000000e+00	1.485537e-08
4.700000e+01	4.800000e+01	9.482308e-09	5.504506e-08	0.000000e+00
4.800000e+01	4.900000e+01	8.234815e-09	6.628364e-09	2.401653e-08
4.900000e+01	5.000000e+01	1.448773e-08	1.461411e-08	0.000000e+00
5.000000e+01	5.100000e+01	2.336005e-09	0.000000e+00	1.267997e-08
5.100000e+01	5.200000e+01	4.937192e-09	2.690087e-09	1.269138e-09
5.200000e+01	5.300000e+01	3.232138e-09	1.181345e-09	0.000000e+00
5.300000e+01	5.400000e+01	-5.898256e-10	0.000000e+00	2.829450e-09
5.400000e+01	5.500000e+01	1.474205e-09	5.437100e-11	2.093177e-08
5.500000e+01	5.600000e+01	-5.067916e-09	0.000000e+00	5.087168e-09
5.600000e+01	5.700000e+01	9.331181e-10	8.698566e-10	2.409248e-09
5.700000e+01	5.800000e+01	1.209217e-10	1.135500e-09	4.870096e-10
5.800000e+01	5.900000e+01	7.103239e-10	6.670893e-10	4.198535e-09
5.900000e+01	6.000000e+01	4.709574e-11	0.000000e+00	4.660687e-10
6.000000e+01	6.100000e+01	-1.370234e-11	0.000000e+00	1.012034e-09
6.100000e+01	6.200000e+01	4.259692e-10	1.473725e-10	1.888525e-10
6.200000e+01	6.300000e+01	1.378520e-10	0.000000e+00	5.900818e-09
6.300000e+01	6.400000e+01	2.253846e-11	2.177516e-11	2.086163e-10
6.400000e+01	6.500000e+01	4.334924e-11	4.326304e-11	3.016679e-10
6.500000e+01	6.600000e+01	2.998033e-10	2.992526e-10	0.000000e+00
6.600000e+01	6.700000e+01	2.794598e-12	0.000000e+00	5.062056e-11
6.700000e+01	6.800000e+01	2.701147e-12	0.000000e+00	3.801570e-11
6.800000e+01	6.900000e+01	3.221073e-12	1.453992e-12	7.039917e-12
6.900000e+01	7.000000e+01	-3.493677e-12	3.994579e-12	4.427724e-12
7.000000e+01	7.100000e+01	2.731099e-13	0.000000e+00	5.918052e-11
7.100000e+01	7.200000e+01	1.510789e-12	0.000000e+00	1.984733e-11
7.200000e+01	7.300000e+01	1.422092e-11	1.381618e-11	0.000000e+00
7.300000e+01	7.400000e+01	8.504682e-12	8.489969e-12	0.000000e+00
7.400000e+01	7.500000e+01	7.688389e-13	2.661327e-13	1.388799e-11
7.500000e+01	7.600000e+01	9.796323e-12	9.462165e-12	0.000000e+00
7.600000e+01	7.700000e+01	1.267346e-16	0.000000e+00	2.674594e-11
7.700000e+01	7.800000e+01	7.918154e-13	7.829629e-13	0.000000e+00
7.800000e+01	7.900000e+01	1.449178e-12	1.449173e-12	2.320933e-12
7.900000e+01	8.000000e+01	6.329562e-12	6.699044e-12	0.000000e+00
8.000000e+01	8.100000e+01	1.042602e-12	9.637345e-13	1.061379e-10
8.100000e+01	8.200000e+01	1.412491e-11	1.412401e-11	0.000000e+00
8.200000e+01	8.300000e+01	9.556424e-14	9.542543e-14	0.000000e+00
8.300000e+01	8.400000e+01	1.338652e-14	1.255559e-14	0.000000e+00
8.400000e+01	8.500000e+01	3.518245e-16	0.000000e+00	4.097987e-14
8.500000e+01	8.600000e+01	6.772477e-14	6.770637e-14	8.343993e-14
8.600000e+01	8.700000e+01	3.011301e-19	0.000000e+00	2.305159e-16
8.700000e+01	8.800000e+01	1.309794e-16	1.307344e-16	2.901967e-12
8.800000e+01	8.900000e+01	-4.211590e-12	0.000000e+00	4.217492e-12
8.900000e+01	9.000000e+01	2.642325e-16	0.000000e+00	3.359904e-14
9.000000e+01	9.100000e+01	1.351695e-15	1.276718e-15	1.479007e-13
9.100000e+01	9.200000e+01	1.202245e-16	1.200616e-16	1.155959e-12
9.200000e+01	9.300000e+01	1.403043e-18	1.402971e-18	5.481711e-16
9.300000e+01	9.400000e+01	7.423668e-15	7.423668e-15	0.000000e+00
9.400000e+01	9.500000e+01	6.790869e-21	0.000000e+00	1.254854e-14
9.500000e+01	9.600000e+01	0.000000e+00	0.000000e+00	1.492602e-19
9.600000e+01	9.700000e+01	2.064566e-19	2.052265e-19	3.853557e-16
9.700000e+01	9.800000e+01	2.049224e-18	2.049224e-18	1.378695e-14
9.800000e+01	9.900000e+01	5.264414e-18	5.264414e-18	9.399688e-15
9.900000e+01	1.000000e+02	9.403733e-16	9.403733e-16	2.660565e-15
# END HISTO1D


# BEGIN HISTO1D //homes/tinghua1/Merging-Project/Production/HJETS/ratio-plots/hjets-vbfnlo/H-2-3-4-25gev-combine.yoda/MC_H2JETS_04_TIGHT/jet3_mass
ErrorBandColor=yellow
ErrorBandOpacity=0.3
ErrorBands=1
ErrorType=env
LineColor=yellow
LineStyle=solid
Path=//homes/tinghua1/Merging-Project/Production/HJETS/ratio-plots/hjets-vbfnlo/H-2-3-4-25gev-combine.yoda/MC_H2JETS_04_TIGHT/jet3_mass
RatioPlotSameStyle=1
Title=h(2,3,4)
# xlow	 xhigh	 val	 errminus	 errplus
0.000000e+00	1.000000e+00	4.259889e-02	1.063500e-04	7.179530e-03
1.000000e+00	2.000000e+00	5.741505e-03	1.270600e-05	5.607830e-04
2.000000e+00	3.000000e+00	5.197269e-03	1.209308e-03	7.156570e-04
3.000000e+00	4.000000e+00	1.522577e-02	3.273740e-03	1.563820e-03
4.000000e+00	5.000000e+00	1.713646e-02	4.085260e-03	3.078040e-03
5.000000e+00	6.000000e+00	1.318718e-02	3.633968e-03	3.287990e-03
6.000000e+00	7.000000e+00	8.805177e-03	3.055655e-03	2.731053e-03
7.000000e+00	8.000000e+00	5.517664e-03	2.108515e-03	1.954631e-03
8.000000e+00	9.000000e+00	3.370386e-03	1.271162e-03	1.451908e-03
9.000000e+00	1.000000e+01	2.044460e-03	7.877940e-04	1.018693e-03
1.000000e+01	1.100000e+01	1.535959e-03	6.020945e-04	6.915380e-04
1.100000e+01	1.200000e+01	1.148472e-03	4.572768e-04	5.005620e-04
1.200000e+01	1.300000e+01	8.478717e-04	3.422859e-04	3.820123e-04
1.300000e+01	1.400000e+01	6.336507e-04	2.592408e-04	2.904736e-04
1.400000e+01	1.500000e+01	4.852666e-04	2.112024e-04	2.335105e-04
1.500000e+01	1.600000e+01	3.746378e-04	1.804620e-04	1.660326e-04
1.600000e+01	1.700000e+01	2.859805e-04	1.523768e-04	1.254538e-04
1.700000e+01	1.800000e+01	1.983927e-04	8.583780e-05	1.128349e-04
1.800000e+01	1.900000e+01	1.413466e-04	7.070056e-05	8.159560e-05
1.900000e+01	2.000000e+01	9.519403e-05	4.852608e-05	6.066137e-05
2.000000e+01	2.100000e+01	7.320402e-05	3.794973e-05	3.653008e-05
2.100000e+01	2.200000e+01	5.288077e-05	2.497605e-05	3.084689e-05
2.200000e+01	2.300000e+01	3.471605e-05	1.484193e-05	2.273905e-05
2.300000e+01	2.400000e+01	3.015290e-05	1.830685e-05	1.029484e-05
2.400000e+01	2.500000e+01	1.804633e-05	9.524357e-06	1.472146e-05
2.500000e+01	2.600000e+01	1.454694e-05	7.749732e-06	7.870300e-06
2.600000e+01	2.700000e+01	9.037298e-06	5.785055e-06	5.253162e-06
2.700000e+01	2.800000e+01	5.943268e-06	2.634690e-06	3.380783e-06
2.800000e+01	2.900000e+01	4.729725e-06	2.548652e-06	2.388483e-06
2.900000e+01	3.000000e+01	3.850411e-06	1.278325e-06	1.759530e-06
3.000000e+01	3.100000e+01	2.331163e-06	1.588010e-06	2.418547e-06
3.100000e+01	3.200000e+01	1.695176e-06	1.127457e-06	1.114439e-06
3.200000e+01	3.300000e+01	1.301496e-06	7.315297e-07	7.945930e-07
3.300000e+01	3.400000e+01	6.037097e-07	2.353000e-07	6.298823e-07
3.400000e+01	3.500000e+01	5.669412e-07	3.165468e-07	8.369328e-07
3.500000e+01	3.600000e+01	7.005700e-09	0.000000e+00	8.249562e-07
3.600000e+01	3.700000e+01	2.430375e-07	6.880070e-08	7.351953e-07
3.700000e+01	3.800000e+01	1.801748e-07	5.483820e-08	1.124071e-07
3.800000e+01	3.900000e+01	1.472059e-07	1.368614e-07	2.522721e-07
3.900000e+01	4.000000e+01	1.355447e-07	3.410010e-08	2.837170e-07
4.000000e+01	4.100000e+01	8.654335e-08	4.440696e-08	1.716540e-07
4.100000e+01	4.200000e+01	7.082671e-08	3.282992e-07	0.000000e+00
4.200000e+01	4.300000e+01	7.278415e-08	4.530481e-08	5.676995e-08
4.300000e+01	4.400000e+01	-9.208011e-08	0.000000e+00	2.741736e-07
4.400000e+01	4.500000e+01	5.694341e-08	3.857112e-08	1.028331e-08
4.500000e+01	4.600000e+01	3.681563e-08	8.482400e-09	3.918480e-09
4.600000e+01	4.700000e+01	1.208449e-08	8.564474e-09	2.251737e-08
4.700000e+01	4.800000e+01	1.256576e-08	1.234063e-08	6.437989e-08
4.800000e+01	4.900000e+01	1.096614e-08	8.787413e-09	0.000000e+00
4.900000e+01	5.000000e+01	6.448405e-09	5.837279e-09	7.002275e-09
5.000000e+01	5.100000e+01	9.901689e-09	7.944730e-09	1.192024e-08
5.100000e+01	5.200000e+01	1.106176e-08	9.890427e-09	1.063477e-08
5.200000e+01	5.300000e+01	4.318486e-10	0.000000e+00	1.005347e-08
5.300000e+01	5.400000e+01	8.520178e-10	8.149725e-10	2.451480e-08
5.400000e+01	5.500000e+01	3.786756e-09	3.510108e-09	0.000000e+00
5.500000e+01	5.600000e+01	2.982906e-09	2.800487e-09	0.000000e+00
5.600000e+01	5.700000e+01	3.947222e-09	3.810203e-09	0.000000e+00
5.700000e+01	5.800000e+01	2.676833e-10	2.477785e-10	5.002425e-09
5.800000e+01	5.900000e+01	1.951523e-10	1.755175e-10	2.114249e-09
5.900000e+01	6.000000e+01	2.845353e-10	2.197789e-10	3.502504e-10
6.000000e+01	6.100000e+01	7.500513e-11	3.600224e-10	5.487177e-10
6.100000e+01	6.200000e+01	1.837864e-09	1.713912e-09	0.000000e+00
6.200000e+01	6.300000e+01	7.762377e-10	4.974285e-10	3.401393e-10
6.300000e+01	6.400000e+01	9.028654e-10	9.017513e-10	8.517596e-10
6.400000e+01	6.500000e+01	3.329403e-10	3.295721e-10	1.328024e-10
6.500000e+01	6.600000e+01	8.746261e-11	2.257982e-10	0.000000e+00
6.600000e+01	6.700000e+01	5.651347e-11	0.000000e+00	2.007214e-10
6.700000e+01	6.800000e+01	1.464139e-11	7.888407e-12	7.204995e-11
6.800000e+01	6.900000e+01	1.358584e-11	8.717855e-12	5.581577e-11
6.900000e+01	7.000000e+01	1.333051e-10	1.320486e-10	1.875700e-12
7.000000e+01	7.100000e+01	2.106460e-12	1.978355e-12	8.282892e-11
7.100000e+01	7.200000e+01	4.796168e-13	0.000000e+00	2.566821e-11
7.200000e+01	7.300000e+01	4.994905e-10	4.994211e-10	0.000000e+00
7.300000e+01	7.400000e+01	1.784753e-13	0.000000e+00	1.307947e-11
7.400000e+01	7.500000e+01	9.975398e-13	7.301199e-13	1.452256e-11
7.500000e+01	7.600000e+01	8.047702e-13	8.037160e-13	6.227186e-12
7.600000e+01	7.700000e+01	1.057668e-12	7.447141e-13	2.787676e-11
7.700000e+01	7.800000e+01	4.818988e-10	4.810733e-10	0.000000e+00
7.800000e+01	7.900000e+01	1.080166e-10	1.083317e-10	0.000000e+00
7.900000e+01	8.000000e+01	1.132254e-10	1.131892e-10	0.000000e+00
8.000000e+01	8.100000e+01	2.504354e-12	2.451635e-12	2.791398e-11
8.100000e+01	8.200000e+01	4.315029e-12	5.966030e-11	9.194270e-13
8.200000e+01	8.300000e+01	1.946670e-15	0.000000e+00	1.491945e-13
8.300000e+01	8.400000e+01	3.947900e-13	3.946231e-13	0.000000e+00
8.400000e+01	8.500000e+01	2.008483e-12	2.008525e-12	5.560351e-11
8.500000e+01	8.600000e+01	3.728178e-12	3.648280e-12	0.000000e+00
8.600000e+01	8.700000e+01	-4.191400e-14	0.000000e+00	5.972571e-12
8.700000e+01	8.800000e+01	9.911187e-13	9.909729e-13	3.669213e-13
8.800000e+01	8.900000e+01	6.888185e-15	3.180649e-13	0.000000e+00
8.900000e+01	9.000000e+01	1.068447e-17	0.000000e+00	2.097180e-12
9.000000e+01	9.100000e+01	6.076685e-16	0.000000e+00	6.368169e-13
9.100000e+01	9.200000e+01	3.402594e-13	3.398594e-13	3.043481e-12
9.200000e+01	9.300000e+01	4.938576e-16	2.913443e-16	5.786300e-14
9.300000e+01	9.400000e+01	3.754381e-15	3.749341e-15	3.377391e-15
9.400000e+01	9.500000e+01	3.460656e-14	4.935244e-14	0.000000e+00
9.500000e+01	9.600000e+01	9.141140e-14	9.140428e-14	0.000000e+00
9.600000e+01	9.700000e+01	1.977648e-15	1.977647e-15	0.000000e+00
9.700000e+01	9.800000e+01	1.849201e-16	1.848019e-16	0.000000e+00
9.800000e+01	9.900000e+01	1.992404e-13	1.930303e-13	1.957250e-14
9.900000e+01	1.000000e+02	8.728602e-17	8.716149e-17	8.009978e-17
# END HISTO1D


# BEGIN HISTO1D //homes/tinghua1/Merging-Project/Production/HJETS/ratio-plots/hjets-vbfnlo/H-2-3-4-25gev-vbfnlo-combine.yoda/MC_H2JETS_04_TIGHT/jet3_mass
ErrorBandColor=green
ErrorBandOpacity=0.3
ErrorBands=1
ErrorType=env
LineColor=green
LineStyle=solid
Path=//homes/tinghua1/Merging-Project/Production/HJETS/ratio-plots/hjets-vbfnlo/H-2-3-4-25gev-vbfnlo-combine.yoda/MC_H2JETS_04_TIGHT/jet3_mass
RatioPlotSameStyle=1
Title=h(2,3,4)-vbfnlo
# xlow	 xhigh	 val	 errminus	 errplus
0.000000e+00	1.000000e+00	4.223473e-02	1.760600e-04	7.162440e-03
1.000000e+00	2.000000e+00	5.627897e-03	7.371800e-05	5.794990e-04
2.000000e+00	3.000000e+00	5.134224e-03	1.187367e-03	6.877410e-04
3.000000e+00	4.000000e+00	1.510122e-02	3.270630e-03	1.382960e-03
4.000000e+00	5.000000e+00	1.699584e-02	4.091350e-03	2.978740e-03
5.000000e+00	6.000000e+00	1.310051e-02	3.710640e-03	3.166560e-03
6.000000e+00	7.000000e+00	8.662839e-03	2.961896e-03	2.612151e-03
7.000000e+00	8.000000e+00	5.445798e-03	2.062293e-03	1.983493e-03
8.000000e+00	9.000000e+00	3.344702e-03	1.358980e-03	1.295510e-03
9.000000e+00	1.000000e+01	2.062680e-03	8.542590e-04	9.116420e-04
1.000000e+01	1.100000e+01	1.522318e-03	6.033392e-04	6.556270e-04
1.100000e+01	1.200000e+01	1.115854e-03	4.308572e-04	4.979490e-04
1.200000e+01	1.300000e+01	8.644965e-04	3.574937e-04	3.765345e-04
1.300000e+01	1.400000e+01	6.312300e-04	2.750845e-04	2.990102e-04
1.400000e+01	1.500000e+01	4.842640e-04	2.178227e-04	2.086496e-04
1.500000e+01	1.600000e+01	3.702163e-04	1.714469e-04	1.586157e-04
1.600000e+01	1.700000e+01	2.628569e-04	1.233582e-04	1.260259e-04
1.700000e+01	1.800000e+01	1.973024e-04	1.003760e-04	9.957400e-05
1.800000e+01	1.900000e+01	1.350161e-04	6.907202e-05	7.856210e-05
1.900000e+01	2.000000e+01	9.923639e-05	5.063421e-05	5.792781e-05
2.000000e+01	2.100000e+01	7.052263e-05	3.525062e-05	4.105297e-05
2.100000e+01	2.200000e+01	4.923563e-05	2.370384e-05	2.693498e-05
2.200000e+01	2.300000e+01	3.684579e-05	2.102560e-05	1.828570e-05
2.300000e+01	2.400000e+01	2.781701e-05	1.519992e-05	1.280193e-05
2.400000e+01	2.500000e+01	1.541404e-05	7.848393e-06	1.719495e-05
2.500000e+01	2.600000e+01	1.186596e-05	6.578763e-06	7.227670e-06
2.600000e+01	2.700000e+01	9.732695e-06	5.579477e-06	4.588715e-06
2.700000e+01	2.800000e+01	6.086204e-06	3.306659e-06	4.694176e-06
2.800000e+01	2.900000e+01	5.173657e-06	3.258323e-06	2.131577e-06
2.900000e+01	3.000000e+01	2.692471e-06	1.420751e-06	4.051587e-06
3.000000e+01	3.100000e+01	2.205861e-06	1.132862e-06	1.804502e-06
3.100000e+01	3.200000e+01	1.663260e-06	1.059798e-06	1.044026e-06
3.200000e+01	3.300000e+01	1.053856e-06	4.179140e-07	4.565700e-07
3.300000e+01	3.400000e+01	7.552563e-07	3.964032e-07	6.443877e-07
3.400000e+01	3.500000e+01	8.015197e-07	5.419560e-07	2.681253e-07
3.500000e+01	3.600000e+01	5.091210e-07	3.352359e-07	1.093403e-07
3.600000e+01	3.700000e+01	5.026323e-07	3.790246e-07	1.536300e-07
3.700000e+01	3.800000e+01	1.575578e-07	7.397338e-08	1.624855e-07
3.800000e+01	3.900000e+01	2.480437e-07	2.287431e-07	0.000000e+00
3.900000e+01	4.000000e+01	1.481875e-07	1.740249e-06	0.000000e+00
4.000000e+01	4.100000e+01	9.138056e-08	5.243160e-08	6.186944e-08
4.100000e+01	4.200000e+01	1.059813e-07	8.041504e-08	6.701870e-08
4.200000e+01	4.300000e+01	3.511972e-08	1.673246e-08	3.352176e-08
4.300000e+01	4.400000e+01	4.775308e-08	2.444184e-08	3.427885e-08
4.400000e+01	4.500000e+01	3.636899e-08	2.673026e-08	3.197001e-08
4.500000e+01	4.600000e+01	-9.197132e-09	0.000000e+00	1.438509e-07
4.600000e+01	4.700000e+01	1.627106e-08	1.128861e-08	1.638187e-08
4.700000e+01	4.800000e+01	1.687349e-08	1.601252e-08	3.664040e-09
4.800000e+01	4.900000e+01	2.700271e-09	0.000000e+00	9.393229e-09
4.900000e+01	5.000000e+01	8.273507e-09	4.209874e-09	0.000000e+00
5.000000e+01	5.100000e+01	2.975899e-09	1.770958e-09	6.402130e-10
5.100000e+01	5.200000e+01	2.780723e-09	1.957068e-09	6.504102e-09
5.200000e+01	5.300000e+01	3.687577e-09	2.727603e-09	0.000000e+00
5.300000e+01	5.400000e+01	9.309540e-10	2.373610e-09	0.000000e+00
5.400000e+01	5.500000e+01	1.599965e-09	1.296154e-09	6.743332e-09
5.500000e+01	5.600000e+01	1.988519e-10	1.349905e-10	2.738531e-09
5.600000e+01	5.700000e+01	5.502209e-10	0.000000e+00	6.081734e-09
5.700000e+01	5.800000e+01	8.584592e-10	4.552836e-09	2.562878e-10
5.800000e+01	5.900000e+01	2.280718e-10	0.000000e+00	1.532734e-09
5.900000e+01	6.000000e+01	5.598831e-10	5.469384e-10	9.700879e-10
6.000000e+01	6.100000e+01	2.299448e-10	1.106150e-11	6.811000e-13
6.100000e+01	6.200000e+01	1.586964e-10	1.629230e-11	4.830866e-10
6.200000e+01	6.300000e+01	1.768009e-10	1.574931e-10	7.262970e-11
6.300000e+01	6.400000e+01	1.044582e-10	7.300213e-11	2.552575e-10
6.400000e+01	6.500000e+01	4.497898e-11	0.000000e+00	2.022870e-11
6.500000e+01	6.600000e+01	8.125823e-12	7.489825e-12	5.260477e-10
6.600000e+01	6.700000e+01	5.515625e-11	5.134847e-11	0.000000e+00
6.700000e+01	6.800000e+01	2.617579e-12	0.000000e+00	4.972415e-11
6.800000e+01	6.900000e+01	5.093316e-11	3.735565e-11	1.946266e-11
6.900000e+01	7.000000e+01	1.792823e-10	4.129660e-11	1.343547e-10
7.000000e+01	7.100000e+01	8.112165e-12	8.079040e-12	1.194529e-10
7.100000e+01	7.200000e+01	3.135256e-13	0.000000e+00	9.518438e-11
7.200000e+01	7.300000e+01	1.629465e-11	1.075419e-11	8.218788e-11
7.300000e+01	7.400000e+01	4.346638e-14	0.000000e+00	8.524441e-12
7.400000e+01	7.500000e+01	4.173741e-13	3.927186e-13	3.248215e-13
7.500000e+01	7.600000e+01	5.830327e-13	1.073031e-13	1.111437e-10
7.600000e+01	7.700000e+01	-8.755940e-11	0.000000e+00	9.328663e-11
7.700000e+01	7.800000e+01	1.277269e-11	1.272608e-11	6.709250e-12
7.800000e+01	7.900000e+01	3.048116e-14	3.023760e-14	1.970054e-12
7.900000e+01	8.000000e+01	5.476231e-14	0.000000e+00	2.730559e-12
8.000000e+01	8.100000e+01	2.267203e-13	0.000000e+00	2.563086e-12
8.100000e+01	8.200000e+01	2.270172e-14	2.202548e-14	6.382290e-13
8.200000e+01	8.300000e+01	5.948791e-14	2.179659e-11	0.000000e+00
8.300000e+01	8.400000e+01	8.996617e-16	0.000000e+00	9.795276e-13
8.400000e+01	8.500000e+01	8.713756e-14	2.330891e-14	2.711954e-14
8.500000e+01	8.600000e+01	1.501792e-14	1.501792e-14	3.114543e-14
8.600000e+01	8.700000e+01	7.560762e-14	6.980018e-14	0.000000e+00
8.700000e+01	8.800000e+01	1.628367e-15	0.000000e+00	1.469746e-14
8.800000e+01	8.900000e+01	5.580461e-14	5.579952e-14	0.000000e+00
8.900000e+01	9.000000e+01	2.044955e-17	0.000000e+00	5.048172e-14
9.000000e+01	9.100000e+01	1.179495e-14	1.179495e-14	0.000000e+00
9.100000e+01	9.200000e+01	4.730660e-18	4.730660e-18	1.786977e-12
9.200000e+01	9.300000e+01	6.853882e-17	6.803457e-17	6.032091e-16
9.300000e+01	9.400000e+01	1.136266e-13	1.135823e-13	0.000000e+00
9.400000e+01	9.500000e+01	2.698756e-15	1.370984e-15	1.096464e-13
9.500000e+01	9.600000e+01	1.913328e-15	0.000000e+00	1.241302e-14
9.600000e+01	9.700000e+01	5.133787e-15	5.133833e-15	0.000000e+00
9.700000e+01	9.800000e+01	1.323992e-17	1.321279e-17	0.000000e+00
9.800000e+01	9.900000e+01	1.020966e-21	0.000000e+00	2.008858e-15
9.900000e+01	1.000000e+02	5.361142e-22	5.361142e-22	8.168040e-17
# END HISTO1D


# BEGIN HISTO1D //homes/tinghua1/Merging-Project/Production/HJETS/ratio-plots/hjets-vbfnlo/H-2-3-25gev-combine.yoda/MC_H2JETS_04_TIGHT/jet3_mass
ErrorBandColor=purple
ErrorBandOpacity=0.3
ErrorBands=1
ErrorType=env
LineColor=purple
LineStyle=solid
Path=//homes/tinghua1/Merging-Project/Production/HJETS/ratio-plots/hjets-vbfnlo/H-2-3-25gev-combine.yoda/MC_H2JETS_04_TIGHT/jet3_mass
RatioPlotSameStyle=1
Title=h(2,3)
# xlow	 xhigh	 val	 errminus	 errplus
0.000000e+00	1.000000e+00	4.940732e-02	7.234580e-03	0.000000e+00
1.000000e+00	2.000000e+00	5.590523e-03	0.000000e+00	5.747790e-04
2.000000e+00	3.000000e+00	3.946470e-03	0.000000e+00	1.866984e-03
3.000000e+00	4.000000e+00	1.190000e-02	0.000000e+00	4.674400e-03
4.000000e+00	5.000000e+00	1.296223e-02	0.000000e+00	7.046300e-03
5.000000e+00	6.000000e+00	9.420672e-03	0.000000e+00	6.980458e-03
6.000000e+00	7.000000e+00	5.688620e-03	0.000000e+00	5.605080e-03
7.000000e+00	8.000000e+00	3.389683e-03	0.000000e+00	3.980926e-03
8.000000e+00	9.000000e+00	1.981791e-03	0.000000e+00	2.666226e-03
9.000000e+00	1.000000e+01	1.174794e-03	0.000000e+00	1.813047e-03
1.000000e+01	1.100000e+01	9.262391e-04	0.000000e+00	1.236900e-03
1.100000e+01	1.200000e+01	6.832039e-04	0.000000e+00	9.141201e-04
1.200000e+01	1.300000e+01	5.046678e-04	0.000000e+00	7.077772e-04
1.300000e+01	1.400000e+01	3.553359e-04	0.000000e+00	5.557279e-04
1.400000e+01	1.500000e+01	2.730004e-04	0.000000e+00	4.278896e-04
1.500000e+01	1.600000e+01	1.926087e-04	0.000000e+00	3.338447e-04
1.600000e+01	1.700000e+01	1.392909e-04	0.000000e+00	2.533907e-04
1.700000e+01	1.800000e+01	9.835009e-05	0.000000e+00	1.954005e-04
1.800000e+01	1.900000e+01	6.698648e-05	0.000000e+00	1.462318e-04
1.900000e+01	2.000000e+01	4.875631e-05	0.000000e+00	1.033717e-04
2.000000e+01	2.100000e+01	3.393119e-05	0.000000e+00	7.500801e-05
2.100000e+01	2.200000e+01	2.369382e-05	0.000000e+00	5.305861e-05
2.200000e+01	2.300000e+01	1.636880e-05	0.000000e+00	3.833254e-05
2.300000e+01	2.400000e+01	1.214306e-05	0.000000e+00	2.823682e-05
2.400000e+01	2.500000e+01	7.977880e-06	0.000000e+00	1.916527e-05
2.500000e+01	2.600000e+01	5.803759e-06	0.000000e+00	1.686523e-05
2.600000e+01	2.700000e+01	3.831593e-06	0.000000e+00	1.041889e-05
2.700000e+01	2.800000e+01	2.467529e-06	0.000000e+00	6.266235e-06
2.800000e+01	2.900000e+01	1.705090e-06	0.000000e+00	5.537535e-06
2.900000e+01	3.000000e+01	1.295052e-06	0.000000e+00	3.883276e-06
3.000000e+01	3.100000e+01	6.529793e-07	0.000000e+00	3.005385e-06
3.100000e+01	3.200000e+01	5.947686e-07	0.000000e+00	1.875086e-06
3.200000e+01	3.300000e+01	7.016775e-07	0.000000e+00	1.295454e-06
3.300000e+01	3.400000e+01	2.886558e-07	0.000000e+00	8.884242e-07
3.400000e+01	3.500000e+01	2.512110e-07	0.000000e+00	8.168700e-07
3.500000e+01	3.600000e+01	1.509174e-07	0.000000e+00	5.067767e-07
3.600000e+01	3.700000e+01	7.398594e-08	0.000000e+00	4.634989e-07
3.700000e+01	3.800000e+01	8.658071e-08	0.000000e+00	2.796584e-07
3.800000e+01	3.900000e+01	5.127465e-08	0.000000e+00	3.776760e-07
3.900000e+01	4.000000e+01	5.398269e-08	0.000000e+00	1.645579e-07
4.000000e+01	4.100000e+01	3.082969e-08	0.000000e+00	1.105365e-07
4.100000e+01	4.200000e+01	2.214017e-08	0.000000e+00	1.302836e-07
4.200000e+01	4.300000e+01	1.806898e-08	0.000000e+00	5.887247e-08
4.300000e+01	4.400000e+01	2.778478e-08	0.000000e+00	7.849022e-08
4.400000e+01	4.500000e+01	4.937448e-09	7.795382e-09	3.641224e-08
4.500000e+01	4.600000e+01	3.564861e-09	0.000000e+00	4.604306e-08
4.600000e+01	4.700000e+01	3.320202e-09	0.000000e+00	1.266357e-08
4.700000e+01	4.800000e+01	2.606419e-09	3.416279e-09	5.705599e-09
4.800000e+01	4.900000e+01	1.220824e-09	0.000000e+00	1.182391e-08
4.900000e+01	5.000000e+01	8.681279e-10	0.000000e+00	2.733960e-08
5.000000e+01	5.100000e+01	1.009370e-09	0.000000e+00	8.274069e-09
5.100000e+01	5.200000e+01	4.590302e-10	0.000000e+00	3.500880e-09
5.200000e+01	5.300000e+01	1.837670e-09	5.893710e-10	1.446084e-08
5.300000e+01	5.400000e+01	6.056986e-10	5.537163e-09	3.115410e-10
5.400000e+01	5.500000e+01	6.273835e-11	0.000000e+00	2.013834e-09
5.500000e+01	5.600000e+01	6.662513e-11	0.000000e+00	2.400207e-09
5.600000e+01	5.700000e+01	2.319441e-10	0.000000e+00	3.421040e-09
5.700000e+01	5.800000e+01	1.076733e-10	0.000000e+00	9.206767e-10
5.800000e+01	5.900000e+01	1.858290e-10	0.000000e+00	1.728921e-10
5.900000e+01	6.000000e+01	1.821662e-10	3.987900e-12	9.180318e-10
6.000000e+01	6.100000e+01	7.489980e-12	0.000000e+00	6.283204e-10
6.100000e+01	6.200000e+01	-1.688817e-13	0.000000e+00	3.404964e-10
6.200000e+01	6.300000e+01	1.121367e-10	5.557137e-10	0.000000e+00
6.300000e+01	6.400000e+01	9.684835e-13	0.000000e+00	2.881334e-10
6.400000e+01	6.500000e+01	1.920008e-11	5.079760e-12	6.818600e-13
6.500000e+01	6.600000e+01	6.440982e-12	0.000000e+00	1.233485e-10
6.600000e+01	6.700000e+01	1.458596e-10	1.358248e-10	0.000000e+00
6.700000e+01	6.800000e+01	8.589965e-12	0.000000e+00	3.557773e-11
6.800000e+01	6.900000e+01	6.009810e-12	0.000000e+00	1.543374e-11
6.900000e+01	7.000000e+01	5.061993e-13	0.000000e+00	1.027376e-10
7.000000e+01	7.100000e+01	1.131910e-12	0.000000e+00	4.923659e-11
7.100000e+01	7.200000e+01	3.641905e-19	0.000000e+00	1.081980e-11
7.200000e+01	7.300000e+01	1.308323e-10	1.300257e-10	0.000000e+00
7.300000e+01	7.400000e+01	3.167827e-12	2.912889e-12	6.764023e-12
7.400000e+01	7.500000e+01	6.760526e-12	6.969010e-13	6.850604e-12
7.500000e+01	7.600000e+01	2.295627e-15	0.000000e+00	1.969429e-11
7.600000e+01	7.700000e+01	5.046097e-13	5.045712e-13	9.705480e-12
7.700000e+01	7.800000e+01	-4.471214e-14	0.000000e+00	8.341310e-13
7.800000e+01	7.900000e+01	1.066909e-13	1.053734e-13	0.000000e+00
7.900000e+01	8.000000e+01	3.685572e-13	3.522721e-13	0.000000e+00
8.000000e+01	8.100000e+01	3.415655e-14	0.000000e+00	1.330009e-11
8.100000e+01	8.200000e+01	1.915611e-13	0.000000e+00	1.305799e-13
8.200000e+01	8.300000e+01	1.714492e-16	0.000000e+00	9.550266e-13
8.300000e+01	8.400000e+01	6.876127e-19	0.000000e+00	2.129986e-13
8.400000e+01	8.500000e+01	3.880278e-14	0.000000e+00	1.143672e-11
8.500000e+01	8.600000e+01	1.920565e-15	1.918071e-15	1.470992e-14
8.600000e+01	8.700000e+01	6.048839e-14	6.048838e-14	0.000000e+00
8.700000e+01	8.800000e+01	7.150776e-14	0.000000e+00	6.772034e-14
8.800000e+01	8.900000e+01	0.000000e+00	0.000000e+00	1.950669e-16
8.900000e+01	9.000000e+01	1.827735e-16	0.000000e+00	2.781880e-13
9.000000e+01	9.100000e+01	1.970984e-18	0.000000e+00	2.196604e-11
9.100000e+01	9.200000e+01	5.209208e-13	5.207725e-13	0.000000e+00
9.200000e+01	9.300000e+01	1.003572e-15	0.000000e+00	3.739604e-14
9.300000e+01	9.400000e+01	2.402047e-17	2.398333e-17	5.398257e-14
9.400000e+01	9.500000e+01	3.653172e-21	3.644573e-21	4.901738e-17
9.500000e+01	9.600000e+01	1.019831e-16	0.000000e+00	2.919104e-15
9.600000e+01	9.700000e+01	8.412733e-15	2.800046e-14	0.000000e+00
9.700000e+01	9.800000e+01	0.000000e+00	0.000000e+00	2.608410e-16
9.800000e+01	9.900000e+01	0.000000e+00	0.000000e+00	6.579736e-15
9.900000e+01	1.000000e+02	1.575810e-16	0.000000e+00	8.376772e-15
# END HISTO1D


# BEGIN HISTO1D //homes/tinghua1/Merging-Project/Production/HJETS/ratio-plots/hjets-vbfnlo/H-2-3-25gev-vbfnlo-combine.yoda/MC_H2JETS_04_TIGHT/jet3_mass
ErrorBandColor=violet
ErrorBandOpacity=0.3
ErrorBands=1
ErrorType=env
LineColor=violet
LineStyle=solid
Path=//homes/tinghua1/Merging-Project/Production/HJETS/ratio-plots/hjets-vbfnlo/H-2-3-25gev-vbfnlo-combine.yoda/MC_H2JETS_04_TIGHT/jet3_mass
RatioPlotSameStyle=1
Title=h(2,3)-vbfnlo
# xlow	 xhigh	 val	 errminus	 errplus
0.000000e+00	1.000000e+00	4.169708e-02	0.000000e+00	7.440920e-03
1.000000e+00	2.000000e+00	6.142691e-03	6.241470e-04	0.000000e+00
2.000000e+00	3.000000e+00	5.780277e-03	1.849675e-03	0.000000e+00
3.000000e+00	4.000000e+00	1.642558e-02	4.663610e-03	0.000000e+00
4.000000e+00	5.000000e+00	1.975885e-02	6.940110e-03	0.000000e+00
5.000000e+00	6.000000e+00	1.616167e-02	6.878728e-03	0.000000e+00
6.000000e+00	7.000000e+00	1.114979e-02	5.557823e-03	0.000000e+00
7.000000e+00	8.000000e+00	7.269523e-03	3.911506e-03	0.000000e+00
8.000000e+00	9.000000e+00	4.578820e-03	2.620316e-03	0.000000e+00
9.000000e+00	1.000000e+01	2.941578e-03	1.754775e-03	0.000000e+00
1.000000e+01	1.100000e+01	2.128297e-03	1.217021e-03	0.000000e+00
1.100000e+01	1.200000e+01	1.585962e-03	9.201399e-04	0.000000e+00
1.200000e+01	1.300000e+01	1.180156e-03	6.857105e-04	0.000000e+00
1.300000e+01	1.400000e+01	9.050848e-04	5.533196e-04	0.000000e+00
1.400000e+01	1.500000e+01	6.792945e-04	4.180246e-04	0.000000e+00
1.500000e+01	1.600000e+01	5.261619e-04	3.378974e-04	0.000000e+00
1.600000e+01	1.700000e+01	3.936593e-04	2.557483e-04	0.000000e+00
1.700000e+01	1.800000e+01	2.844259e-04	1.881135e-04	0.000000e+00
1.800000e+01	1.900000e+01	2.037267e-04	1.350127e-04	0.000000e+00
1.900000e+01	2.000000e+01	1.488890e-04	1.007165e-04	0.000000e+00
2.000000e+01	2.100000e+01	1.059848e-04	7.198311e-05	0.000000e+00
2.100000e+01	2.200000e+01	7.335943e-05	5.008070e-05	0.000000e+00
2.200000e+01	2.300000e+01	5.510259e-05	3.897384e-05	0.000000e+00
2.300000e+01	2.400000e+01	3.585425e-05	2.387539e-05	0.000000e+00
2.400000e+01	2.500000e+01	2.600699e-05	1.866706e-05	0.000000e+00
2.500000e+01	2.600000e+01	1.833475e-05	1.330173e-05	0.000000e+00
2.600000e+01	2.700000e+01	1.312485e-05	8.952657e-06	0.000000e+00
2.700000e+01	2.800000e+01	9.497153e-06	6.972932e-06	0.000000e+00
2.800000e+01	2.900000e+01	7.205026e-06	5.344653e-06	0.000000e+00
2.900000e+01	3.000000e+01	5.032634e-06	3.714034e-06	0.000000e+00
3.000000e+01	3.100000e+01	3.904093e-06	2.906605e-06	0.000000e+00
3.100000e+01	3.200000e+01	2.757312e-06	2.084180e-06	0.000000e+00
3.200000e+01	3.300000e+01	1.976640e-06	1.479725e-06	0.000000e+00
3.300000e+01	3.400000e+01	1.209686e-06	9.321661e-07	0.000000e+00
3.400000e+01	3.500000e+01	9.440066e-07	6.393281e-07	0.000000e+00
3.500000e+01	3.600000e+01	8.323407e-07	6.757622e-07	0.000000e+00
3.600000e+01	3.700000e+01	5.399408e-07	4.933723e-07	0.000000e+00
3.700000e+01	3.800000e+01	5.111365e-07	4.370601e-07	0.000000e+00
3.800000e+01	3.900000e+01	2.529082e-07	2.010240e-07	0.000000e+00
3.900000e+01	4.000000e+01	1.623401e-07	1.202235e-07	0.000000e+00
4.000000e+01	4.100000e+01	1.623410e-07	1.390739e-07	0.000000e+00
4.100000e+01	4.200000e+01	1.195682e-07	1.024350e-07	0.000000e+00
4.200000e+01	4.300000e+01	1.016385e-07	9.111290e-08	0.000000e+00
4.300000e+01	4.400000e+01	6.793479e-08	4.733668e-08	0.000000e+00
4.400000e+01	4.500000e+01	4.597419e-08	5.635412e-08	0.000000e+00
4.500000e+01	4.600000e+01	8.287470e-08	7.996673e-08	0.000000e+00
4.600000e+01	4.700000e+01	2.871110e-08	2.562123e-08	0.000000e+00
4.700000e+01	4.800000e+01	9.496300e-09	6.366980e-09	0.000000e+00
4.800000e+01	4.900000e+01	1.534512e-08	1.214120e-08	0.000000e+00
4.900000e+01	5.000000e+01	2.568472e-08	2.298929e-08	0.000000e+00
5.000000e+01	5.100000e+01	1.929574e-08	2.114292e-08	0.000000e+00
5.100000e+01	5.200000e+01	1.500223e-08	1.410460e-08	0.000000e+00
5.200000e+01	5.300000e+01	4.023042e-09	3.571236e-09	0.000000e+00
5.300000e+01	5.400000e+01	3.324420e-09	2.851143e-09	0.000000e+00
5.400000e+01	5.500000e+01	2.157607e-09	1.933375e-09	4.468044e-09
5.500000e+01	5.600000e+01	2.484144e-09	2.283303e-09	0.000000e+00
5.600000e+01	5.700000e+01	8.337903e-10	4.825725e-10	0.000000e+00
5.700000e+01	5.800000e+01	5.826630e-10	5.555484e-10	1.484874e-09
5.800000e+01	5.900000e+01	1.322245e-09	1.156947e-09	0.000000e+00
5.900000e+01	6.000000e+01	2.947515e-10	1.928328e-10	1.619238e-10
6.000000e+01	6.100000e+01	4.753458e-10	4.046551e-10	0.000000e+00
6.100000e+01	6.200000e+01	2.640589e-10	2.553785e-10	7.568800e-11
6.200000e+01	6.300000e+01	1.971966e-10	1.072601e-10	0.000000e+00
6.300000e+01	6.400000e+01	4.904189e-10	4.894746e-10	4.436820e-11
6.400000e+01	6.500000e+01	5.094012e-10	5.605835e-10	0.000000e+00
6.500000e+01	6.600000e+01	2.061655e-11	1.240862e-11	2.614217e-11
6.600000e+01	6.700000e+01	2.869100e-10	2.714193e-10	0.000000e+00
6.700000e+01	6.800000e+01	1.144265e-11	9.480503e-12	9.181555e-11
6.800000e+01	6.900000e+01	2.249913e-10	2.222605e-10	0.000000e+00
6.900000e+01	7.000000e+01	1.453747e-11	1.382779e-11	2.207430e-10
7.000000e+01	7.100000e+01	1.216339e-10	9.716384e-11	0.000000e+00
7.100000e+01	7.200000e+01	1.601171e-11	1.552665e-11	0.000000e+00
7.200000e+01	7.300000e+01	1.511007e-11	1.440032e-11	1.492644e-10
7.300000e+01	7.400000e+01	1.335900e-10	1.302214e-10	0.000000e+00
7.400000e+01	7.500000e+01	9.474630e-11	9.470730e-11	0.000000e+00
7.500000e+01	7.600000e+01	1.600954e-11	1.593617e-11	0.000000e+00
7.600000e+01	7.700000e+01	1.677397e-12	1.406414e-12	4.759018e-11
7.700000e+01	7.800000e+01	7.458059e-12	7.452400e-12	0.000000e+00
7.800000e+01	7.900000e+01	8.216872e-13	8.218359e-13	0.000000e+00
7.900000e+01	8.000000e+01	1.652446e-11	1.577332e-11	0.000000e+00
8.000000e+01	8.100000e+01	1.263107e-11	1.262900e-11	0.000000e+00
8.100000e+01	8.200000e+01	5.447995e-14	1.704936e-14	2.139955e-12
8.200000e+01	8.300000e+01	1.485845e-11	1.430049e-11	0.000000e+00
8.300000e+01	8.400000e+01	2.215574e-12	2.404355e-12	0.000000e+00
8.400000e+01	8.500000e+01	5.781129e-14	0.000000e+00	3.384101e-12
8.500000e+01	8.600000e+01	3.324295e-13	3.324285e-13	0.000000e+00
8.600000e+01	8.700000e+01	6.381929e-13	6.380437e-13	0.000000e+00
8.700000e+01	8.800000e+01	6.493146e-15	6.439698e-15	9.581866e-13
8.800000e+01	8.900000e+01	1.649981e-13	1.609054e-13	6.750858e-12
8.900000e+01	9.000000e+01	7.735898e-13	7.717288e-13	1.739042e-12
9.000000e+01	9.100000e+01	1.637443e-13	1.633221e-13	1.317570e-14
9.100000e+01	9.200000e+01	1.854729e-12	1.647760e-12	0.000000e+00
9.200000e+01	9.300000e+01	5.801595e-13	5.775888e-13	0.000000e+00
9.300000e+01	9.400000e+01	6.522516e-16	6.481446e-16	1.276735e-14
9.400000e+01	9.500000e+01	8.921342e-16	8.918598e-16	1.487733e-15
9.500000e+01	9.600000e+01	1.514964e-16	1.514226e-16	0.000000e+00
9.600000e+01	9.700000e+01	3.590015e-14	3.583891e-14	0.000000e+00
9.700000e+01	9.800000e+01	1.184959e-16	1.111891e-16	6.190860e-16
9.800000e+01	9.900000e+01	5.912091e-17	0.000000e+00	4.514616e-14
9.900000e+01	1.000000e+02	1.004240e-16	6.919463e-17	4.254116e-14
# END HISTO1D

