# BEGIN PLOT
Scale=1000.0
DrawOnly=//homes/tinghua1/Merging-Project/Production/HJETS/ratio-plots/hjets-vbfnlo/H-N2-N3-4-25gev-combine.yoda/MC_H2JETS_04_TIGHT/y1j_yj2 //homes/tinghua1/Merging-Project/Production/HJETS/ratio-plots/hjets-vbfnlo/H-N2-N3-4-25gev-vbfnlo-combine.yoda/MC_H2JETS_04_TIGHT/y1j_yj2 //homes/tinghua1/Merging-Project/Production/HJETS/ratio-plots/hjets-vbfnlo/H-N2-3-4-25gev-combine.yoda/MC_H2JETS_04_TIGHT/y1j_yj2 //homes/tinghua1/Merging-Project/Production/HJETS/ratio-plots/hjets-vbfnlo/H-N2-3-4-25gev-vbfnlo-combine.yoda/MC_H2JETS_04_TIGHT/y1j_yj2 //homes/tinghua1/Merging-Project/Production/HJETS/ratio-plots/hjets-vbfnlo/H-2-3-4-25gev-combine.yoda/MC_H2JETS_04_TIGHT/y1j_yj2 //homes/tinghua1/Merging-Project/Production/HJETS/ratio-plots/hjets-vbfnlo/H-2-3-4-25gev-vbfnlo-combine.yoda/MC_H2JETS_04_TIGHT/y1j_yj2 //homes/tinghua1/Merging-Project/Production/HJETS/ratio-plots/hjets-vbfnlo/H-2-3-25gev-combine.yoda/MC_H2JETS_04_TIGHT/y1j_yj2 //homes/tinghua1/Merging-Project/Production/HJETS/ratio-plots/hjets-vbfnlo/H-2-3-25gev-vbfnlo-combine.yoda/MC_H2JETS_04_TIGHT/y1j_yj2
RightMargin=0.5
RatioPlotReference=//homes/tinghua1/Merging-Project/Production/HJETS/ratio-plots/hjets-vbfnlo/H-N2-N3-4-25gev-combine.yoda/MC_H2JETS_04_TIGHT/y1j_yj2
#RatioPlot=1
LogY=1
RatioPlotYMax=1.4
RatioPlotYLabel=Ratio
#LegendOnly=//homes/tinghua1/Merging-Project/Production/HJETS/ratio-plots/hjets-vbfnlo/H-N2-N3-4-25gev-combine.yoda/MC_H2JETS_04_TIGHT/y1j_yj2 //homes/tinghua1/Merging-Project/Production/HJETS/ratio-plots/hjets-vbfnlo/H-N2-N3-4-25gev-vbfnlo-combine.yoda/MC_H2JETS_04_TIGHT/y1j_yj2 //homes/tinghua1/Merging-Project/Production/HJETS/ratio-plots/hjets-vbfnlo/H-N2-3-4-25gev-combine.yoda/MC_H2JETS_04_TIGHT/y1j_yj2 //homes/tinghua1/Merging-Project/Production/HJETS/ratio-plots/hjets-vbfnlo/H-N2-3-4-25gev-vbfnlo-combine.yoda/MC_H2JETS_04_TIGHT/y1j_yj2 //homes/tinghua1/Merging-Project/Production/HJETS/ratio-plots/hjets-vbfnlo/H-2-3-4-25gev-combine.yoda/MC_H2JETS_04_TIGHT/y1j_yj2 //homes/tinghua1/Merging-Project/Production/HJETS/ratio-plots/hjets-vbfnlo/H-2-3-4-25gev-vbfnlo-combine.yoda/MC_H2JETS_04_TIGHT/y1j_yj2 //homes/tinghua1/Merging-Project/Production/HJETS/ratio-plots/hjets-vbfnlo/H-2-3-25gev-combine.yoda/MC_H2JETS_04_TIGHT/y1j_yj2 //homes/tinghua1/Merging-Project/Production/HJETS/ratio-plots/hjets-vbfnlo/H-2-3-25gev-vbfnlo-combine.yoda/MC_H2JETS_04_TIGHT/y1j_yj2
XLabel=$y_{j_1}*y_{j_2}$
LegendAlign=r
XMax=2.0
YLabel=$ \text{d} \sigma/ \text{d}  y_{j_1}*y_{j_2}$ (fb)
Legend=1
RatioPlot=4
MainPlotSelection={"Selection":[1,2,3,4,5,6,7,8]}
RatioPlots={"RatioPlotYLabel":"","Selection":[1,2]};{"RatioPlotYLabel":"","Selection":[3,4]};{"RatioPlotYLabel":"","Selection":[5,6]};{"RatioPlotYLabel":"","Selection":[7,8]}
RatioPlotSameStyle=1
RatioPlotYMin=0.7
# END PLOT


# BEGIN SPECIAL /MC_H2JETS_04_TIGHT/y1j_yj2
\rput[tl](0.05,0.75){\parbox{5cm}{\textcolor{gray}{{\bf Herwig 7.2.0} \\ HJETS/ColorFull}}}
# END SPECIAL

# BEGIN HISTO1D //homes/tinghua1/Merging-Project/Production/HJETS/ratio-plots/hjets-vbfnlo/H-N2-N3-4-25gev-combine.yoda/MC_H2JETS_04_TIGHT/y1j_yj2
ErrorBandColor=orange
ErrorBandOpacity=0.3
ErrorBands=1
ErrorType=env
LineColor=orange
LineStyle=solid
Path=//homes/tinghua1/Merging-Project/Production/HJETS/ratio-plots/hjets-vbfnlo/H-N2-N3-4-25gev-combine.yoda/MC_H2JETS_04_TIGHT/y1j_yj2
RatioPlotSameStyle=1
Title=h(2*,3*,4)
# xlow	 xhigh	 val	 errminus	 errplus
-1.000000e+01	-9.600000e+00	7.118555e-02	2.296425e-03	1.081225e-03
-9.600000e+00	-9.200000e+00	7.844637e-02	2.470225e-03	2.088900e-03
-9.200000e+00	-8.800000e+00	8.565785e-02	2.979075e-03	1.206625e-03
-8.800000e+00	-8.400000e+00	9.321282e-02	3.306450e-03	1.278575e-03
-8.400000e+00	-8.000000e+00	1.005212e-01	2.427325e-03	1.725175e-03
-8.000000e+00	-7.600000e+00	1.056736e-01	2.365750e-03	3.860875e-03
-7.600000e+00	-7.200000e+00	1.172382e-01	1.132755e-02	0.000000e+00
-7.200000e+00	-6.800000e+00	1.167486e-01	6.345800e-03	3.450650e-03
-6.800000e+00	-6.400000e+00	1.176315e-01	5.523175e-03	5.383925e-03
-6.400000e+00	-6.000000e+00	1.195439e-01	6.093500e-03	4.452225e-03
-6.000000e+00	-5.600000e+00	1.191228e-01	5.613950e-03	4.341675e-03
-5.600000e+00	-5.200000e+00	1.163344e-01	6.691150e-03	2.621825e-03
-5.200000e+00	-4.800000e+00	9.379755e-02	4.142225e-03	3.363525e-03
-4.800000e+00	-4.400000e+00	5.662370e-02	2.490375e-03	4.272775e-03
-4.400000e+00	-4.000000e+00	3.915595e-02	1.525525e-03	2.425450e-03
-4.000000e+00	-3.600000e+00	2.758788e-02	1.473200e-03	1.425825e-03
-3.600000e+00	-3.200000e+00	1.988650e-02	9.023200e-04	7.957250e-04
-3.200000e+00	-2.800000e+00	1.391656e-02	1.150927e-03	6.613850e-04
-2.800000e+00	-2.400000e+00	9.370810e-03	6.677950e-04	7.030100e-04
-2.400000e+00	-2.000000e+00	5.986510e-03	0.000000e+00	7.335950e-04
-2.000000e+00	-1.600000e+00	4.218720e-03	1.737650e-04	2.894075e-04
-1.600000e+00	-1.200000e+00	2.523720e-03	1.308727e-04	1.432550e-04
-1.200000e+00	-8.000000e-01	1.424075e-03	9.887985e-04	0.000000e+00
-8.000000e-01	-4.000000e-01	6.431362e-04	1.437725e-05	4.625000e-05
-4.000000e-01	0.000000e+00	1.682835e-04	0.000000e+00	1.657682e-04
0.000000e+00	4.000000e-01	0.000000e+00	0.000000e+00	0.000000e+00
4.000000e-01	8.000000e-01	0.000000e+00	0.000000e+00	0.000000e+00
8.000000e-01	1.200000e+00	0.000000e+00	0.000000e+00	0.000000e+00
1.200000e+00	1.600000e+00	0.000000e+00	0.000000e+00	0.000000e+00
1.600000e+00	2.000000e+00	0.000000e+00	0.000000e+00	0.000000e+00
2.000000e+00	2.400000e+00	0.000000e+00	0.000000e+00	0.000000e+00
2.400000e+00	2.800000e+00	0.000000e+00	0.000000e+00	0.000000e+00
2.800000e+00	3.200000e+00	0.000000e+00	0.000000e+00	0.000000e+00
3.200000e+00	3.600000e+00	0.000000e+00	0.000000e+00	0.000000e+00
3.600000e+00	4.000000e+00	0.000000e+00	0.000000e+00	0.000000e+00
4.000000e+00	4.400000e+00	0.000000e+00	0.000000e+00	0.000000e+00
4.400000e+00	4.800000e+00	0.000000e+00	0.000000e+00	0.000000e+00
4.800000e+00	5.200000e+00	0.000000e+00	0.000000e+00	0.000000e+00
5.200000e+00	5.600000e+00	0.000000e+00	0.000000e+00	0.000000e+00
5.600000e+00	6.000000e+00	0.000000e+00	0.000000e+00	0.000000e+00
6.000000e+00	6.400000e+00	0.000000e+00	0.000000e+00	0.000000e+00
6.400000e+00	6.800000e+00	0.000000e+00	0.000000e+00	0.000000e+00
6.800000e+00	7.200000e+00	0.000000e+00	0.000000e+00	0.000000e+00
7.200000e+00	7.600000e+00	0.000000e+00	0.000000e+00	0.000000e+00
7.600000e+00	8.000000e+00	0.000000e+00	0.000000e+00	0.000000e+00
8.000000e+00	8.400000e+00	0.000000e+00	0.000000e+00	0.000000e+00
8.400000e+00	8.800000e+00	0.000000e+00	0.000000e+00	0.000000e+00
8.800000e+00	9.200000e+00	0.000000e+00	0.000000e+00	0.000000e+00
9.200000e+00	9.600000e+00	0.000000e+00	0.000000e+00	0.000000e+00
9.600000e+00	1.000000e+01	0.000000e+00	0.000000e+00	0.000000e+00
# END HISTO1D


# BEGIN HISTO1D //homes/tinghua1/Merging-Project/Production/HJETS/ratio-plots/hjets-vbfnlo/H-N2-N3-4-25gev-vbfnlo-combine.yoda/MC_H2JETS_04_TIGHT/y1j_yj2
ErrorBandColor=red
ErrorBandOpacity=0.3
ErrorBands=1
ErrorType=env
LineColor=red
LineStyle=solid
Path=//homes/tinghua1/Merging-Project/Production/HJETS/ratio-plots/hjets-vbfnlo/H-N2-N3-4-25gev-vbfnlo-combine.yoda/MC_H2JETS_04_TIGHT/y1j_yj2
RatioPlotSameStyle=1
Title=h(2*,3*,4)-vbfnlo
# xlow	 xhigh	 val	 errminus	 errplus
-1.000000e+01	-9.600000e+00	7.262305e-02	4.147950e-03	0.000000e+00
-9.600000e+00	-9.200000e+00	7.984957e-02	4.257500e-03	0.000000e+00
-9.200000e+00	-8.800000e+00	8.795388e-02	5.390300e-03	0.000000e+00
-8.800000e+00	-8.400000e+00	9.468932e-02	5.702650e-03	0.000000e+00
-8.400000e+00	-8.000000e+00	1.018039e-01	6.280575e-03	0.000000e+00
-8.000000e+00	-7.600000e+00	1.082733e-01	6.573450e-03	0.000000e+00
-7.600000e+00	-7.200000e+00	1.148860e-01	8.197375e-03	0.000000e+00
-7.200000e+00	-6.800000e+00	1.194362e-01	9.344375e-03	0.000000e+00
-6.800000e+00	-6.400000e+00	1.223611e-01	1.018780e-02	0.000000e+00
-6.400000e+00	-6.000000e+00	1.236780e-01	1.103762e-02	0.000000e+00
-6.000000e+00	-5.600000e+00	1.227195e-01	1.143830e-02	0.000000e+00
-5.600000e+00	-5.200000e+00	1.198360e-01	1.194920e-02	0.000000e+00
-5.200000e+00	-4.800000e+00	9.671717e-02	9.505950e-03	0.000000e+00
-4.800000e+00	-4.400000e+00	5.944825e-02	6.466325e-03	0.000000e+00
-4.400000e+00	-4.000000e+00	4.083162e-02	3.855300e-03	0.000000e+00
-4.000000e+00	-3.600000e+00	2.894713e-02	2.933500e-03	0.000000e+00
-3.600000e+00	-3.200000e+00	2.047925e-02	1.300355e-03	0.000000e+00
-3.200000e+00	-2.800000e+00	1.426607e-02	1.145315e-03	0.000000e+00
-2.800000e+00	-2.400000e+00	9.985508e-03	8.899675e-04	0.000000e+00
-2.400000e+00	-2.000000e+00	6.591500e-03	6.190050e-04	0.000000e+00
-2.000000e+00	-1.600000e+00	4.240875e-03	3.249700e-04	0.000000e+00
-1.600000e+00	-1.200000e+00	2.707720e-03	2.551187e-04	0.000000e+00
-1.200000e+00	-8.000000e-01	1.502346e-03	2.081835e-04	0.000000e+00
-8.000000e-01	-4.000000e-01	6.924600e-04	1.137780e-04	9.232900e-05
-4.000000e-01	0.000000e+00	1.819511e-04	1.643607e-05	0.000000e+00
0.000000e+00	4.000000e-01	0.000000e+00	0.000000e+00	0.000000e+00
4.000000e-01	8.000000e-01	0.000000e+00	0.000000e+00	0.000000e+00
8.000000e-01	1.200000e+00	0.000000e+00	0.000000e+00	0.000000e+00
1.200000e+00	1.600000e+00	0.000000e+00	0.000000e+00	0.000000e+00
1.600000e+00	2.000000e+00	0.000000e+00	0.000000e+00	0.000000e+00
2.000000e+00	2.400000e+00	0.000000e+00	0.000000e+00	0.000000e+00
2.400000e+00	2.800000e+00	0.000000e+00	0.000000e+00	0.000000e+00
2.800000e+00	3.200000e+00	0.000000e+00	0.000000e+00	0.000000e+00
3.200000e+00	3.600000e+00	0.000000e+00	0.000000e+00	0.000000e+00
3.600000e+00	4.000000e+00	0.000000e+00	0.000000e+00	0.000000e+00
4.000000e+00	4.400000e+00	0.000000e+00	0.000000e+00	0.000000e+00
4.400000e+00	4.800000e+00	0.000000e+00	0.000000e+00	0.000000e+00
4.800000e+00	5.200000e+00	0.000000e+00	0.000000e+00	0.000000e+00
5.200000e+00	5.600000e+00	0.000000e+00	0.000000e+00	0.000000e+00
5.600000e+00	6.000000e+00	0.000000e+00	0.000000e+00	0.000000e+00
6.000000e+00	6.400000e+00	0.000000e+00	0.000000e+00	0.000000e+00
6.400000e+00	6.800000e+00	0.000000e+00	0.000000e+00	0.000000e+00
6.800000e+00	7.200000e+00	0.000000e+00	0.000000e+00	0.000000e+00
7.200000e+00	7.600000e+00	0.000000e+00	0.000000e+00	0.000000e+00
7.600000e+00	8.000000e+00	0.000000e+00	0.000000e+00	0.000000e+00
8.000000e+00	8.400000e+00	0.000000e+00	0.000000e+00	0.000000e+00
8.400000e+00	8.800000e+00	0.000000e+00	0.000000e+00	0.000000e+00
8.800000e+00	9.200000e+00	0.000000e+00	0.000000e+00	0.000000e+00
9.200000e+00	9.600000e+00	0.000000e+00	0.000000e+00	0.000000e+00
9.600000e+00	1.000000e+01	0.000000e+00	0.000000e+00	0.000000e+00
# END HISTO1D


# BEGIN HISTO1D //homes/tinghua1/Merging-Project/Production/HJETS/ratio-plots/hjets-vbfnlo/H-N2-3-4-25gev-combine.yoda/MC_H2JETS_04_TIGHT/y1j_yj2
ErrorBandColor=blue
ErrorBandOpacity=0.3
ErrorBands=1
ErrorType=env
LineColor=blue
LineStyle=solid
Path=//homes/tinghua1/Merging-Project/Production/HJETS/ratio-plots/hjets-vbfnlo/H-N2-3-4-25gev-combine.yoda/MC_H2JETS_04_TIGHT/y1j_yj2
RatioPlotSameStyle=1
Title=h(2*,3,4)
# xlow	 xhigh	 val	 errminus	 errplus
-1.000000e+01	-9.600000e+00	7.118687e-02	2.405625e-03	1.481950e-03
-9.600000e+00	-9.200000e+00	7.855355e-02	2.653900e-03	1.281075e-03
-9.200000e+00	-8.800000e+00	8.541158e-02	2.786250e-03	2.054425e-03
-8.800000e+00	-8.400000e+00	9.307757e-02	3.761575e-03	2.111850e-03
-8.400000e+00	-8.000000e+00	9.942155e-02	2.531250e-03	3.098900e-03
-8.000000e+00	-7.600000e+00	1.057910e-01	3.895600e-03	3.202400e-03
-7.600000e+00	-7.200000e+00	1.114310e-01	5.165400e-03	3.744050e-03
-7.200000e+00	-6.800000e+00	1.160351e-01	5.963050e-03	3.541950e-03
-6.800000e+00	-6.400000e+00	1.187584e-01	5.569800e-03	4.024200e-03
-6.400000e+00	-6.000000e+00	1.201098e-01	6.831975e-03	4.373025e-03
-6.000000e+00	-5.600000e+00	1.185329e-01	6.260350e-03	5.303725e-03
-5.600000e+00	-5.200000e+00	1.149119e-01	6.128100e-03	5.574850e-03
-5.200000e+00	-4.800000e+00	9.355822e-02	5.828450e-03	3.833625e-03
-4.800000e+00	-4.400000e+00	5.673393e-02	3.176325e-03	2.667700e-03
-4.400000e+00	-4.000000e+00	3.950487e-02	2.589800e-03	1.826900e-03
-4.000000e+00	-3.600000e+00	2.803675e-02	1.783675e-03	1.163575e-03
-3.600000e+00	-3.200000e+00	1.980609e-02	1.425873e-03	1.004782e-03
-3.200000e+00	-2.800000e+00	1.391965e-02	9.728875e-04	5.810350e-04
-2.800000e+00	-2.400000e+00	9.513475e-03	6.971175e-04	4.947775e-04
-2.400000e+00	-2.000000e+00	6.403433e-03	5.301750e-04	3.605475e-04
-2.000000e+00	-1.600000e+00	4.147395e-03	3.389800e-04	1.733950e-04
-1.600000e+00	-1.200000e+00	2.499883e-03	2.191952e-04	1.391940e-04
-1.200000e+00	-8.000000e-01	1.397920e-03	9.915300e-05	1.099390e-04
-8.000000e-01	-4.000000e-01	6.458132e-04	5.492025e-05	5.364625e-05
-4.000000e-01	0.000000e+00	1.697926e-04	2.781460e-05	1.279663e-05
0.000000e+00	4.000000e-01	0.000000e+00	0.000000e+00	0.000000e+00
4.000000e-01	8.000000e-01	0.000000e+00	0.000000e+00	0.000000e+00
8.000000e-01	1.200000e+00	0.000000e+00	0.000000e+00	0.000000e+00
1.200000e+00	1.600000e+00	0.000000e+00	0.000000e+00	0.000000e+00
1.600000e+00	2.000000e+00	0.000000e+00	0.000000e+00	0.000000e+00
2.000000e+00	2.400000e+00	0.000000e+00	0.000000e+00	0.000000e+00
2.400000e+00	2.800000e+00	0.000000e+00	0.000000e+00	0.000000e+00
2.800000e+00	3.200000e+00	0.000000e+00	0.000000e+00	0.000000e+00
3.200000e+00	3.600000e+00	0.000000e+00	0.000000e+00	0.000000e+00
3.600000e+00	4.000000e+00	0.000000e+00	0.000000e+00	0.000000e+00
4.000000e+00	4.400000e+00	0.000000e+00	0.000000e+00	0.000000e+00
4.400000e+00	4.800000e+00	0.000000e+00	0.000000e+00	0.000000e+00
4.800000e+00	5.200000e+00	0.000000e+00	0.000000e+00	0.000000e+00
5.200000e+00	5.600000e+00	0.000000e+00	0.000000e+00	0.000000e+00
5.600000e+00	6.000000e+00	0.000000e+00	0.000000e+00	0.000000e+00
6.000000e+00	6.400000e+00	0.000000e+00	0.000000e+00	0.000000e+00
6.400000e+00	6.800000e+00	0.000000e+00	0.000000e+00	0.000000e+00
6.800000e+00	7.200000e+00	0.000000e+00	0.000000e+00	0.000000e+00
7.200000e+00	7.600000e+00	0.000000e+00	0.000000e+00	0.000000e+00
7.600000e+00	8.000000e+00	0.000000e+00	0.000000e+00	0.000000e+00
8.000000e+00	8.400000e+00	0.000000e+00	0.000000e+00	0.000000e+00
8.400000e+00	8.800000e+00	0.000000e+00	0.000000e+00	0.000000e+00
8.800000e+00	9.200000e+00	0.000000e+00	0.000000e+00	0.000000e+00
9.200000e+00	9.600000e+00	0.000000e+00	0.000000e+00	0.000000e+00
9.600000e+00	1.000000e+01	0.000000e+00	0.000000e+00	0.000000e+00
# END HISTO1D


# BEGIN HISTO1D //homes/tinghua1/Merging-Project/Production/HJETS/ratio-plots/hjets-vbfnlo/H-N2-3-4-25gev-vbfnlo-combine.yoda/MC_H2JETS_04_TIGHT/y1j_yj2
ErrorBandColor=cyan
ErrorBandOpacity=0.3
ErrorBands=1
ErrorType=env
LineColor=cyan
LineStyle=solid
Path=//homes/tinghua1/Merging-Project/Production/HJETS/ratio-plots/hjets-vbfnlo/H-N2-3-4-25gev-vbfnlo-combine.yoda/MC_H2JETS_04_TIGHT/y1j_yj2
RatioPlotSameStyle=1
Title=h(2*,3,4)-vbfnlo
# xlow	 xhigh	 val	 errminus	 errplus
-1.000000e+01	-9.600000e+00	7.114245e-02	2.311325e-03	1.144150e-03
-9.600000e+00	-9.200000e+00	7.840575e-02	2.804900e-03	1.439725e-03
-9.200000e+00	-8.800000e+00	8.577128e-02	3.410175e-03	1.431625e-03
-8.800000e+00	-8.400000e+00	9.246117e-02	3.386725e-03	2.388600e-03
-8.400000e+00	-8.000000e+00	9.954142e-02	4.135475e-03	2.514150e-03
-8.000000e+00	-7.600000e+00	1.058959e-01	4.849025e-03	2.702075e-03
-7.600000e+00	-7.200000e+00	1.111356e-01	5.145475e-03	3.472725e-03
-7.200000e+00	-6.800000e+00	1.159063e-01	6.162200e-03	3.565075e-03
-6.800000e+00	-6.400000e+00	1.182659e-01	5.937450e-03	4.135875e-03
-6.400000e+00	-6.000000e+00	1.192948e-01	6.681450e-03	4.248300e-03
-6.000000e+00	-5.600000e+00	1.184428e-01	6.994525e-03	4.196300e-03
-5.600000e+00	-5.200000e+00	1.148813e-01	6.913900e-03	4.725150e-03
-5.200000e+00	-4.800000e+00	9.266290e-02	5.790500e-03	4.292750e-03
-4.800000e+00	-4.400000e+00	5.668568e-02	3.672600e-03	2.816200e-03
-4.400000e+00	-4.000000e+00	3.925710e-02	2.345300e-03	2.055550e-03
-4.000000e+00	-3.600000e+00	2.782095e-02	1.681625e-03	1.411125e-03
-3.600000e+00	-3.200000e+00	1.972335e-02	1.531480e-03	9.889425e-04
-3.200000e+00	-2.800000e+00	1.383128e-02	9.411100e-04	5.988075e-04
-2.800000e+00	-2.400000e+00	9.441280e-03	6.132850e-04	5.233925e-04
-2.400000e+00	-2.000000e+00	6.414320e-03	5.355350e-04	3.066975e-04
-2.000000e+00	-1.600000e+00	4.141595e-03	3.459875e-04	1.516600e-04
-1.600000e+00	-1.200000e+00	2.521540e-03	1.905967e-04	1.286800e-04
-1.200000e+00	-8.000000e-01	1.397114e-03	8.890675e-05	9.670800e-05
-8.000000e-01	-4.000000e-01	6.596700e-04	5.318450e-05	3.438600e-05
-4.000000e-01	0.000000e+00	1.754620e-04	1.868733e-05	1.357020e-05
0.000000e+00	4.000000e-01	0.000000e+00	0.000000e+00	0.000000e+00
4.000000e-01	8.000000e-01	0.000000e+00	0.000000e+00	0.000000e+00
8.000000e-01	1.200000e+00	0.000000e+00	0.000000e+00	0.000000e+00
1.200000e+00	1.600000e+00	0.000000e+00	0.000000e+00	0.000000e+00
1.600000e+00	2.000000e+00	0.000000e+00	0.000000e+00	0.000000e+00
2.000000e+00	2.400000e+00	0.000000e+00	0.000000e+00	0.000000e+00
2.400000e+00	2.800000e+00	0.000000e+00	0.000000e+00	0.000000e+00
2.800000e+00	3.200000e+00	0.000000e+00	0.000000e+00	0.000000e+00
3.200000e+00	3.600000e+00	0.000000e+00	0.000000e+00	0.000000e+00
3.600000e+00	4.000000e+00	0.000000e+00	0.000000e+00	0.000000e+00
4.000000e+00	4.400000e+00	0.000000e+00	0.000000e+00	0.000000e+00
4.400000e+00	4.800000e+00	0.000000e+00	0.000000e+00	0.000000e+00
4.800000e+00	5.200000e+00	0.000000e+00	0.000000e+00	0.000000e+00
5.200000e+00	5.600000e+00	0.000000e+00	0.000000e+00	0.000000e+00
5.600000e+00	6.000000e+00	0.000000e+00	0.000000e+00	0.000000e+00
6.000000e+00	6.400000e+00	0.000000e+00	0.000000e+00	0.000000e+00
6.400000e+00	6.800000e+00	0.000000e+00	0.000000e+00	0.000000e+00
6.800000e+00	7.200000e+00	0.000000e+00	0.000000e+00	0.000000e+00
7.200000e+00	7.600000e+00	0.000000e+00	0.000000e+00	0.000000e+00
7.600000e+00	8.000000e+00	0.000000e+00	0.000000e+00	0.000000e+00
8.000000e+00	8.400000e+00	0.000000e+00	0.000000e+00	0.000000e+00
8.400000e+00	8.800000e+00	0.000000e+00	0.000000e+00	0.000000e+00
8.800000e+00	9.200000e+00	0.000000e+00	0.000000e+00	0.000000e+00
9.200000e+00	9.600000e+00	0.000000e+00	0.000000e+00	0.000000e+00
9.600000e+00	1.000000e+01	0.000000e+00	0.000000e+00	0.000000e+00
# END HISTO1D


# BEGIN HISTO1D //homes/tinghua1/Merging-Project/Production/HJETS/ratio-plots/hjets-vbfnlo/H-2-3-4-25gev-combine.yoda/MC_H2JETS_04_TIGHT/y1j_yj2
ErrorBandColor=yellow
ErrorBandOpacity=0.3
ErrorBands=1
ErrorType=env
LineColor=yellow
LineStyle=solid
Path=//homes/tinghua1/Merging-Project/Production/HJETS/ratio-plots/hjets-vbfnlo/H-2-3-4-25gev-combine.yoda/MC_H2JETS_04_TIGHT/y1j_yj2
RatioPlotSameStyle=1
Title=h(2,3,4)
# xlow	 xhigh	 val	 errminus	 errplus
-1.000000e+01	-9.600000e+00	6.950742e-02	3.135825e-03	3.323075e-03
-9.600000e+00	-9.200000e+00	7.725470e-02	3.673975e-03	3.019625e-03
-9.200000e+00	-8.800000e+00	8.462635e-02	3.378525e-03	3.159525e-03
-8.800000e+00	-8.400000e+00	9.207755e-02	3.303300e-03	2.956275e-03
-8.400000e+00	-8.000000e+00	9.960532e-02	3.336025e-03	2.707950e-03
-8.000000e+00	-7.600000e+00	1.063021e-01	3.107425e-03	2.480825e-03
-7.600000e+00	-7.200000e+00	1.122885e-01	3.024700e-03	1.843725e-03
-7.200000e+00	-6.800000e+00	1.170039e-01	2.777525e-03	1.750675e-03
-6.800000e+00	-6.400000e+00	1.201504e-01	2.150875e-03	1.000200e-03
-6.400000e+00	-6.000000e+00	1.215671e-01	1.859950e-03	3.481000e-04
-6.000000e+00	-5.600000e+00	1.208449e-01	1.515525e-03	0.000000e+00
-5.600000e+00	-5.200000e+00	1.178610e-01	1.316325e-03	0.000000e+00
-5.200000e+00	-4.800000e+00	9.477595e-02	1.669300e-03	0.000000e+00
-4.800000e+00	-4.400000e+00	5.689838e-02	7.882500e-04	0.000000e+00
-4.400000e+00	-4.000000e+00	3.859117e-02	1.819750e-04	8.407500e-05
-4.000000e+00	-3.600000e+00	2.705205e-02	2.238250e-04	0.000000e+00
-3.600000e+00	-3.200000e+00	1.895323e-02	3.242775e-04	0.000000e+00
-3.200000e+00	-2.800000e+00	1.283944e-02	5.346750e-05	2.806650e-04
-2.800000e+00	-2.400000e+00	8.850105e-03	1.735950e-04	3.609000e-05
-2.400000e+00	-2.000000e+00	5.913013e-03	1.731150e-04	0.000000e+00
-2.000000e+00	-1.600000e+00	3.685123e-03	0.000000e+00	1.214150e-04
-1.600000e+00	-1.200000e+00	2.293422e-03	1.011642e-04	0.000000e+00
-1.200000e+00	-8.000000e-01	1.230853e-03	6.017750e-06	4.830475e-05
-8.000000e-01	-4.000000e-01	5.743328e-04	0.000000e+00	1.936700e-05
-4.000000e-01	0.000000e+00	1.479993e-04	0.000000e+00	5.496650e-06
0.000000e+00	4.000000e-01	0.000000e+00	0.000000e+00	0.000000e+00
4.000000e-01	8.000000e-01	0.000000e+00	0.000000e+00	0.000000e+00
8.000000e-01	1.200000e+00	0.000000e+00	0.000000e+00	0.000000e+00
1.200000e+00	1.600000e+00	0.000000e+00	0.000000e+00	0.000000e+00
1.600000e+00	2.000000e+00	0.000000e+00	0.000000e+00	0.000000e+00
2.000000e+00	2.400000e+00	0.000000e+00	0.000000e+00	0.000000e+00
2.400000e+00	2.800000e+00	0.000000e+00	0.000000e+00	0.000000e+00
2.800000e+00	3.200000e+00	0.000000e+00	0.000000e+00	0.000000e+00
3.200000e+00	3.600000e+00	0.000000e+00	0.000000e+00	0.000000e+00
3.600000e+00	4.000000e+00	0.000000e+00	0.000000e+00	0.000000e+00
4.000000e+00	4.400000e+00	0.000000e+00	0.000000e+00	0.000000e+00
4.400000e+00	4.800000e+00	0.000000e+00	0.000000e+00	0.000000e+00
4.800000e+00	5.200000e+00	0.000000e+00	0.000000e+00	0.000000e+00
5.200000e+00	5.600000e+00	0.000000e+00	0.000000e+00	0.000000e+00
5.600000e+00	6.000000e+00	0.000000e+00	0.000000e+00	0.000000e+00
6.000000e+00	6.400000e+00	0.000000e+00	0.000000e+00	0.000000e+00
6.400000e+00	6.800000e+00	0.000000e+00	0.000000e+00	0.000000e+00
6.800000e+00	7.200000e+00	0.000000e+00	0.000000e+00	0.000000e+00
7.200000e+00	7.600000e+00	0.000000e+00	0.000000e+00	0.000000e+00
7.600000e+00	8.000000e+00	0.000000e+00	0.000000e+00	0.000000e+00
8.000000e+00	8.400000e+00	0.000000e+00	0.000000e+00	0.000000e+00
8.400000e+00	8.800000e+00	0.000000e+00	0.000000e+00	0.000000e+00
8.800000e+00	9.200000e+00	0.000000e+00	0.000000e+00	0.000000e+00
9.200000e+00	9.600000e+00	0.000000e+00	0.000000e+00	0.000000e+00
9.600000e+00	1.000000e+01	0.000000e+00	0.000000e+00	0.000000e+00
# END HISTO1D


# BEGIN HISTO1D //homes/tinghua1/Merging-Project/Production/HJETS/ratio-plots/hjets-vbfnlo/H-2-3-4-25gev-vbfnlo-combine.yoda/MC_H2JETS_04_TIGHT/y1j_yj2
ErrorBandColor=green
ErrorBandOpacity=0.3
ErrorBands=1
ErrorType=env
LineColor=green
LineStyle=solid
Path=//homes/tinghua1/Merging-Project/Production/HJETS/ratio-plots/hjets-vbfnlo/H-2-3-4-25gev-vbfnlo-combine.yoda/MC_H2JETS_04_TIGHT/y1j_yj2
RatioPlotSameStyle=1
Title=h(2,3,4)-vbfnlo
# xlow	 xhigh	 val	 errminus	 errplus
-1.000000e+01	-9.600000e+00	6.955685e-02	3.180775e-03	3.408450e-03
-9.600000e+00	-9.200000e+00	7.701332e-02	3.451775e-03	3.164275e-03
-9.200000e+00	-8.800000e+00	8.453775e-02	3.413125e-03	3.337425e-03
-8.800000e+00	-8.400000e+00	9.212925e-02	3.332100e-03	2.964200e-03
-8.400000e+00	-8.000000e+00	9.938757e-02	3.198475e-03	2.761575e-03
-8.000000e+00	-7.600000e+00	1.061995e-01	3.111925e-03	2.297075e-03
-7.600000e+00	-7.200000e+00	1.120377e-01	3.032225e-03	1.954050e-03
-7.200000e+00	-6.800000e+00	1.167807e-01	2.539000e-03	1.484025e-03
-6.800000e+00	-6.400000e+00	1.200374e-01	2.275600e-03	8.856250e-04
-6.400000e+00	-6.000000e+00	1.212892e-01	1.870825e-03	3.440500e-04
-6.000000e+00	-5.600000e+00	1.205615e-01	1.680075e-03	0.000000e+00
-5.600000e+00	-5.200000e+00	1.172669e-01	9.117000e-04	0.000000e+00
-5.200000e+00	-4.800000e+00	9.429937e-02	8.921250e-04	0.000000e+00
-4.800000e+00	-4.400000e+00	5.663428e-02	4.842000e-04	0.000000e+00
-4.400000e+00	-4.000000e+00	3.873065e-02	5.220750e-04	0.000000e+00
-4.000000e+00	-3.600000e+00	2.689938e-02	2.113500e-04	3.590000e-05
-3.600000e+00	-3.200000e+00	1.889367e-02	3.145950e-04	0.000000e+00
-3.200000e+00	-2.800000e+00	1.305749e-02	2.501050e-04	0.000000e+00
-2.800000e+00	-2.400000e+00	8.864585e-03	1.767150e-04	3.665000e-06
-2.400000e+00	-2.000000e+00	5.835158e-03	1.117950e-04	8.433750e-05
-2.000000e+00	-1.600000e+00	3.735755e-03	8.884750e-05	4.090000e-05
-1.600000e+00	-1.200000e+00	2.250987e-03	4.336675e-05	2.936875e-05
-1.200000e+00	-8.000000e-01	1.252013e-03	3.465750e-05	1.410700e-05
-8.000000e-01	-4.000000e-01	5.852800e-04	2.380000e-05	0.000000e+00
-4.000000e-01	0.000000e+00	1.503952e-04	3.996025e-06	1.894900e-06
0.000000e+00	4.000000e-01	0.000000e+00	0.000000e+00	0.000000e+00
4.000000e-01	8.000000e-01	0.000000e+00	0.000000e+00	0.000000e+00
8.000000e-01	1.200000e+00	0.000000e+00	0.000000e+00	0.000000e+00
1.200000e+00	1.600000e+00	0.000000e+00	0.000000e+00	0.000000e+00
1.600000e+00	2.000000e+00	0.000000e+00	0.000000e+00	0.000000e+00
2.000000e+00	2.400000e+00	0.000000e+00	0.000000e+00	0.000000e+00
2.400000e+00	2.800000e+00	0.000000e+00	0.000000e+00	0.000000e+00
2.800000e+00	3.200000e+00	0.000000e+00	0.000000e+00	0.000000e+00
3.200000e+00	3.600000e+00	0.000000e+00	0.000000e+00	0.000000e+00
3.600000e+00	4.000000e+00	0.000000e+00	0.000000e+00	0.000000e+00
4.000000e+00	4.400000e+00	0.000000e+00	0.000000e+00	0.000000e+00
4.400000e+00	4.800000e+00	0.000000e+00	0.000000e+00	0.000000e+00
4.800000e+00	5.200000e+00	0.000000e+00	0.000000e+00	0.000000e+00
5.200000e+00	5.600000e+00	0.000000e+00	0.000000e+00	0.000000e+00
5.600000e+00	6.000000e+00	0.000000e+00	0.000000e+00	0.000000e+00
6.000000e+00	6.400000e+00	0.000000e+00	0.000000e+00	0.000000e+00
6.400000e+00	6.800000e+00	0.000000e+00	0.000000e+00	0.000000e+00
6.800000e+00	7.200000e+00	0.000000e+00	0.000000e+00	0.000000e+00
7.200000e+00	7.600000e+00	0.000000e+00	0.000000e+00	0.000000e+00
7.600000e+00	8.000000e+00	0.000000e+00	0.000000e+00	0.000000e+00
8.000000e+00	8.400000e+00	0.000000e+00	0.000000e+00	0.000000e+00
8.400000e+00	8.800000e+00	0.000000e+00	0.000000e+00	0.000000e+00
8.800000e+00	9.200000e+00	0.000000e+00	0.000000e+00	0.000000e+00
9.200000e+00	9.600000e+00	0.000000e+00	0.000000e+00	0.000000e+00
9.600000e+00	1.000000e+01	0.000000e+00	0.000000e+00	0.000000e+00
# END HISTO1D


# BEGIN HISTO1D //homes/tinghua1/Merging-Project/Production/HJETS/ratio-plots/hjets-vbfnlo/H-2-3-25gev-combine.yoda/MC_H2JETS_04_TIGHT/y1j_yj2
ErrorBandColor=purple
ErrorBandOpacity=0.3
ErrorBands=1
ErrorType=env
LineColor=purple
LineStyle=solid
Path=//homes/tinghua1/Merging-Project/Production/HJETS/ratio-plots/hjets-vbfnlo/H-2-3-25gev-combine.yoda/MC_H2JETS_04_TIGHT/y1j_yj2
RatioPlotSameStyle=1
Title=h(2,3)
# xlow	 xhigh	 val	 errminus	 errplus
-1.000000e+01	-9.600000e+00	6.614412e-02	0.000000e+00	6.664075e-03
-9.600000e+00	-9.200000e+00	7.364015e-02	0.000000e+00	6.810825e-03
-9.200000e+00	-8.800000e+00	8.117573e-02	0.000000e+00	6.148925e-03
-8.800000e+00	-8.400000e+00	8.873765e-02	0.000000e+00	6.297600e-03
-8.400000e+00	-8.000000e+00	9.619887e-02	0.000000e+00	6.099650e-03
-8.000000e+00	-7.600000e+00	1.028495e-01	0.000000e+00	5.860575e-03
-7.600000e+00	-7.200000e+00	1.092489e-01	0.000000e+00	4.893050e-03
-7.200000e+00	-6.800000e+00	1.140830e-01	0.000000e+00	4.272500e-03
-6.800000e+00	-6.400000e+00	1.177975e-01	0.000000e+00	3.412400e-03
-6.400000e+00	-6.000000e+00	1.195859e-01	0.000000e+00	2.103500e-03
-6.000000e+00	-5.600000e+00	1.193339e-01	0.000000e+00	1.322350e-03
-5.600000e+00	-5.200000e+00	1.165550e-01	0.000000e+00	9.394250e-04
-5.200000e+00	-4.800000e+00	9.398722e-02	3.905250e-04	4.957500e-04
-4.800000e+00	-4.400000e+00	5.649748e-02	7.715000e-05	3.750500e-04
-4.400000e+00	-4.000000e+00	3.868460e-02	3.131000e-04	1.117750e-04
-4.000000e+00	-3.600000e+00	2.698810e-02	3.758000e-04	1.365250e-04
-3.600000e+00	-3.200000e+00	1.888231e-02	1.827775e-04	1.054225e-04
-3.200000e+00	-2.800000e+00	1.310380e-02	2.108350e-04	7.802000e-05
-2.800000e+00	-2.400000e+00	8.878835e-03	9.711500e-05	3.229000e-05
-2.400000e+00	-2.000000e+00	5.904443e-03	1.136550e-04	2.219250e-05
-2.000000e+00	-1.600000e+00	3.781830e-03	1.086150e-04	1.160000e-05
-1.600000e+00	-1.200000e+00	2.306092e-03	9.955375e-05	0.000000e+00
-1.200000e+00	-8.000000e-01	1.260115e-03	5.225350e-05	4.323250e-06
-8.000000e-01	-4.000000e-01	5.827130e-04	1.275225e-05	0.000000e+00
-4.000000e-01	0.000000e+00	1.532408e-04	4.728650e-06	0.000000e+00
0.000000e+00	4.000000e-01	0.000000e+00	0.000000e+00	0.000000e+00
4.000000e-01	8.000000e-01	0.000000e+00	0.000000e+00	0.000000e+00
8.000000e-01	1.200000e+00	0.000000e+00	0.000000e+00	0.000000e+00
1.200000e+00	1.600000e+00	0.000000e+00	0.000000e+00	0.000000e+00
1.600000e+00	2.000000e+00	0.000000e+00	0.000000e+00	0.000000e+00
2.000000e+00	2.400000e+00	0.000000e+00	0.000000e+00	0.000000e+00
2.400000e+00	2.800000e+00	0.000000e+00	0.000000e+00	0.000000e+00
2.800000e+00	3.200000e+00	0.000000e+00	0.000000e+00	0.000000e+00
3.200000e+00	3.600000e+00	0.000000e+00	0.000000e+00	0.000000e+00
3.600000e+00	4.000000e+00	0.000000e+00	0.000000e+00	0.000000e+00
4.000000e+00	4.400000e+00	0.000000e+00	0.000000e+00	0.000000e+00
4.400000e+00	4.800000e+00	0.000000e+00	0.000000e+00	0.000000e+00
4.800000e+00	5.200000e+00	0.000000e+00	0.000000e+00	0.000000e+00
5.200000e+00	5.600000e+00	0.000000e+00	0.000000e+00	0.000000e+00
5.600000e+00	6.000000e+00	0.000000e+00	0.000000e+00	0.000000e+00
6.000000e+00	6.400000e+00	0.000000e+00	0.000000e+00	0.000000e+00
6.400000e+00	6.800000e+00	0.000000e+00	0.000000e+00	0.000000e+00
6.800000e+00	7.200000e+00	0.000000e+00	0.000000e+00	0.000000e+00
7.200000e+00	7.600000e+00	0.000000e+00	0.000000e+00	0.000000e+00
7.600000e+00	8.000000e+00	0.000000e+00	0.000000e+00	0.000000e+00
8.000000e+00	8.400000e+00	0.000000e+00	0.000000e+00	0.000000e+00
8.400000e+00	8.800000e+00	0.000000e+00	0.000000e+00	0.000000e+00
8.800000e+00	9.200000e+00	0.000000e+00	0.000000e+00	0.000000e+00
9.200000e+00	9.600000e+00	0.000000e+00	0.000000e+00	0.000000e+00
9.600000e+00	1.000000e+01	0.000000e+00	0.000000e+00	0.000000e+00
# END HISTO1D


# BEGIN HISTO1D //homes/tinghua1/Merging-Project/Production/HJETS/ratio-plots/hjets-vbfnlo/H-2-3-25gev-vbfnlo-combine.yoda/MC_H2JETS_04_TIGHT/y1j_yj2
ErrorBandColor=violet
ErrorBandOpacity=0.3
ErrorBands=1
ErrorType=env
LineColor=violet
LineStyle=solid
Path=//homes/tinghua1/Merging-Project/Production/HJETS/ratio-plots/hjets-vbfnlo/H-2-3-25gev-vbfnlo-combine.yoda/MC_H2JETS_04_TIGHT/y1j_yj2
RatioPlotSameStyle=1
Title=h(2,3)-vbfnlo
# xlow	 xhigh	 val	 errminus	 errplus
-1.000000e+01	-9.600000e+00	7.273397e-02	6.413725e-03	0.000000e+00
-9.600000e+00	-9.200000e+00	8.015552e-02	6.556800e-03	0.000000e+00
-9.200000e+00	-8.800000e+00	8.765250e-02	6.557425e-03	0.000000e+00
-8.800000e+00	-8.400000e+00	9.506517e-02	6.312900e-03	0.000000e+00
-8.400000e+00	-8.000000e+00	1.020944e-01	6.052150e-03	0.000000e+00
-8.000000e+00	-7.600000e+00	1.084802e-01	5.554875e-03	0.000000e+00
-7.600000e+00	-7.200000e+00	1.139432e-01	4.890475e-03	0.000000e+00
-7.200000e+00	-6.800000e+00	1.180164e-01	3.977625e-03	0.000000e+00
-6.800000e+00	-6.400000e+00	1.207565e-01	3.170400e-03	0.000000e+00
-6.400000e+00	-6.000000e+00	1.216403e-01	2.238375e-03	0.000000e+00
-6.000000e+00	-5.600000e+00	1.200400e-01	9.997000e-04	3.563250e-04
-5.600000e+00	-5.200000e+00	1.166141e-01	2.161500e-04	6.847750e-04
-5.200000e+00	-4.800000e+00	9.349302e-02	0.000000e+00	8.657000e-04
-4.800000e+00	-4.400000e+00	5.606808e-02	0.000000e+00	6.344500e-04
-4.400000e+00	-4.000000e+00	3.827597e-02	0.000000e+00	4.549000e-04
-4.000000e+00	-3.600000e+00	2.673920e-02	0.000000e+00	2.751250e-04
-3.600000e+00	-3.200000e+00	1.862509e-02	0.000000e+00	2.906375e-04
-3.200000e+00	-2.800000e+00	1.283659e-02	0.000000e+00	2.476625e-04
-2.800000e+00	-2.400000e+00	8.724758e-03	0.000000e+00	1.870700e-04
-2.400000e+00	-2.000000e+00	5.767150e-03	0.000000e+00	1.373400e-04
-2.000000e+00	-1.600000e+00	3.664543e-03	0.000000e+00	1.137925e-04
-1.600000e+00	-1.200000e+00	2.229308e-03	0.000000e+00	5.715850e-05
-1.200000e+00	-8.000000e-01	1.220105e-03	0.000000e+00	4.797475e-05
-8.000000e-01	-4.000000e-01	5.656575e-04	0.000000e+00	1.742725e-05
-4.000000e-01	0.000000e+00	1.516449e-04	2.614750e-06	0.000000e+00
0.000000e+00	4.000000e-01	0.000000e+00	0.000000e+00	0.000000e+00
4.000000e-01	8.000000e-01	0.000000e+00	0.000000e+00	0.000000e+00
8.000000e-01	1.200000e+00	0.000000e+00	0.000000e+00	0.000000e+00
1.200000e+00	1.600000e+00	0.000000e+00	0.000000e+00	0.000000e+00
1.600000e+00	2.000000e+00	0.000000e+00	0.000000e+00	0.000000e+00
2.000000e+00	2.400000e+00	0.000000e+00	0.000000e+00	0.000000e+00
2.400000e+00	2.800000e+00	0.000000e+00	0.000000e+00	0.000000e+00
2.800000e+00	3.200000e+00	0.000000e+00	0.000000e+00	0.000000e+00
3.200000e+00	3.600000e+00	0.000000e+00	0.000000e+00	0.000000e+00
3.600000e+00	4.000000e+00	0.000000e+00	0.000000e+00	0.000000e+00
4.000000e+00	4.400000e+00	0.000000e+00	0.000000e+00	0.000000e+00
4.400000e+00	4.800000e+00	0.000000e+00	0.000000e+00	0.000000e+00
4.800000e+00	5.200000e+00	0.000000e+00	0.000000e+00	0.000000e+00
5.200000e+00	5.600000e+00	0.000000e+00	0.000000e+00	0.000000e+00
5.600000e+00	6.000000e+00	0.000000e+00	0.000000e+00	0.000000e+00
6.000000e+00	6.400000e+00	0.000000e+00	0.000000e+00	0.000000e+00
6.400000e+00	6.800000e+00	0.000000e+00	0.000000e+00	0.000000e+00
6.800000e+00	7.200000e+00	0.000000e+00	0.000000e+00	0.000000e+00
7.200000e+00	7.600000e+00	0.000000e+00	0.000000e+00	0.000000e+00
7.600000e+00	8.000000e+00	0.000000e+00	0.000000e+00	0.000000e+00
8.000000e+00	8.400000e+00	0.000000e+00	0.000000e+00	0.000000e+00
8.400000e+00	8.800000e+00	0.000000e+00	0.000000e+00	0.000000e+00
8.800000e+00	9.200000e+00	0.000000e+00	0.000000e+00	0.000000e+00
9.200000e+00	9.600000e+00	0.000000e+00	0.000000e+00	0.000000e+00
9.600000e+00	1.000000e+01	0.000000e+00	0.000000e+00	0.000000e+00
# END HISTO1D

