# BEGIN PLOT
Scale=1000.0
DrawOnly=//homes/tinghua1/Merging-Project/Production/HJETS/ratio-plots/hjets-vbfnlo/H-N2-N3-4-25gev-combine.yoda/MC_H2JETS_07_TIGHT/j3j4_mass //homes/tinghua1/Merging-Project/Production/HJETS/ratio-plots/hjets-vbfnlo/H-N2-N3-4-25gev-vbfnlo-combine.yoda/MC_H2JETS_07_TIGHT/j3j4_mass //homes/tinghua1/Merging-Project/Production/HJETS/ratio-plots/hjets-vbfnlo/H-N2-3-4-25gev-combine.yoda/MC_H2JETS_07_TIGHT/j3j4_mass //homes/tinghua1/Merging-Project/Production/HJETS/ratio-plots/hjets-vbfnlo/H-N2-3-4-25gev-vbfnlo-combine.yoda/MC_H2JETS_07_TIGHT/j3j4_mass //homes/tinghua1/Merging-Project/Production/HJETS/ratio-plots/hjets-vbfnlo/H-2-3-4-25gev-combine.yoda/MC_H2JETS_07_TIGHT/j3j4_mass //homes/tinghua1/Merging-Project/Production/HJETS/ratio-plots/hjets-vbfnlo/H-2-3-4-25gev-vbfnlo-combine.yoda/MC_H2JETS_07_TIGHT/j3j4_mass //homes/tinghua1/Merging-Project/Production/HJETS/ratio-plots/hjets-vbfnlo/H-2-3-25gev-combine.yoda/MC_H2JETS_07_TIGHT/j3j4_mass //homes/tinghua1/Merging-Project/Production/HJETS/ratio-plots/hjets-vbfnlo/H-2-3-25gev-vbfnlo-combine.yoda/MC_H2JETS_07_TIGHT/j3j4_mass
RightMargin=0.5
RatioPlotReference=//homes/tinghua1/Merging-Project/Production/HJETS/ratio-plots/hjets-vbfnlo/H-N2-N3-4-25gev-combine.yoda/MC_H2JETS_07_TIGHT/j3j4_mass
#RatioPlot=1
LogY=1
RatioPlotYMax=2.0
RatioPlotYLabel=Ratio
#LegendOnly=//homes/tinghua1/Merging-Project/Production/HJETS/ratio-plots/hjets-vbfnlo/H-N2-N3-4-25gev-combine.yoda/MC_H2JETS_07_TIGHT/j3j4_mass //homes/tinghua1/Merging-Project/Production/HJETS/ratio-plots/hjets-vbfnlo/H-N2-N3-4-25gev-vbfnlo-combine.yoda/MC_H2JETS_07_TIGHT/j3j4_mass //homes/tinghua1/Merging-Project/Production/HJETS/ratio-plots/hjets-vbfnlo/H-N2-3-4-25gev-combine.yoda/MC_H2JETS_07_TIGHT/j3j4_mass //homes/tinghua1/Merging-Project/Production/HJETS/ratio-plots/hjets-vbfnlo/H-N2-3-4-25gev-vbfnlo-combine.yoda/MC_H2JETS_07_TIGHT/j3j4_mass //homes/tinghua1/Merging-Project/Production/HJETS/ratio-plots/hjets-vbfnlo/H-2-3-4-25gev-combine.yoda/MC_H2JETS_07_TIGHT/j3j4_mass //homes/tinghua1/Merging-Project/Production/HJETS/ratio-plots/hjets-vbfnlo/H-2-3-4-25gev-vbfnlo-combine.yoda/MC_H2JETS_07_TIGHT/j3j4_mass //homes/tinghua1/Merging-Project/Production/HJETS/ratio-plots/hjets-vbfnlo/H-2-3-25gev-combine.yoda/MC_H2JETS_07_TIGHT/j3j4_mass //homes/tinghua1/Merging-Project/Production/HJETS/ratio-plots/hjets-vbfnlo/H-2-3-25gev-vbfnlo-combine.yoda/MC_H2JETS_07_TIGHT/j3j4_mass
XLabel=$m_{j_3j_4}$ (GeV)
LegendAlign=r
XMax=1000
YLabel=$ \text{d} \sigma/ \text{d}  m_{j_3j_4}$ (fb/GeV)
Legend=1
RatioPlot=4
MainPlotSelection={"Selection":[1,2,3,4,5,6,7,8]}
RatioPlots={"RatioPlotYLabel":"","Selection":[1,2]};{"RatioPlotYLabel":"","Selection":[3,4]};{"RatioPlotYLabel":"","Selection":[5,6]};{"RatioPlotYLabel":"","Selection":[7,8]}
RatioPlotSameStyle=1
RatioPlotYMin=0.0
# END PLOT


# BEGIN SPECIAL /MC_H2JETS_07_TIGHT/j3j4_mass
\rput[tl](0.05,0.75){\parbox{5cm}{\textcolor{gray}{{\bf Herwig 7.2.0} \\ HJETS/ColorFull}}}
# END SPECIAL

# BEGIN HISTO1D //homes/tinghua1/Merging-Project/Production/HJETS/ratio-plots/hjets-vbfnlo/H-N2-N3-4-25gev-combine.yoda/MC_H2JETS_07_TIGHT/j3j4_mass
ErrorBandColor=orange
ErrorBandOpacity=0.3
ErrorBands=1
ErrorType=env
LineColor=orange
LineStyle=solid
Path=//homes/tinghua1/Merging-Project/Production/HJETS/ratio-plots/hjets-vbfnlo/H-N2-N3-4-25gev-combine.yoda/MC_H2JETS_07_TIGHT/j3j4_mass
RatioPlotSameStyle=1
Title=h(2*,3*,4)
# xlow	 xhigh	 val	 errminus	 errplus
0.000000e+00	4.000000e+01	2.650933e-05	0.000000e+00	7.750125e-06
4.000000e+01	8.000000e+01	1.146445e-04	1.754645e-05	3.312505e-05
8.000000e+01	1.200000e+02	7.459228e-05	1.454525e-05	1.588272e-05
1.200000e+02	1.600000e+02	3.352818e-05	8.093000e-06	5.228750e-06
1.600000e+02	2.000000e+02	1.649061e-05	3.216017e-06	5.197608e-06
2.000000e+02	2.400000e+02	1.056512e-05	1.790275e-06	1.974685e-06
2.400000e+02	2.800000e+02	8.935070e-06	1.725542e-06	3.743500e-07
2.800000e+02	3.200000e+02	7.069045e-06	0.000000e+00	5.167238e-06
3.200000e+02	3.600000e+02	6.091847e-06	1.273710e-06	0.000000e+00
3.600000e+02	4.000000e+02	5.293130e-06	5.927900e-07	2.017003e-06
4.000000e+02	4.400000e+02	4.741977e-06	8.865175e-07	1.276925e-06
4.400000e+02	4.800000e+02	4.659803e-06	8.866300e-07	1.095310e-06
4.800000e+02	5.200000e+02	4.493443e-06	0.000000e+00	8.644125e-07
5.200000e+02	5.600000e+02	3.595645e-06	6.005500e-08	3.637745e-06
5.600000e+02	6.000000e+02	3.536027e-06	1.110200e-07	2.736675e-07
6.000000e+02	6.400000e+02	6.069167e-06	3.191070e-06	0.000000e+00
6.400000e+02	6.800000e+02	3.776765e-06	9.569500e-07	3.242400e-07
6.800000e+02	7.200000e+02	2.982422e-06	4.276575e-07	0.000000e+00
7.200000e+02	7.600000e+02	2.827945e-06	4.463195e-07	4.576450e-07
7.600000e+02	8.000000e+02	2.417421e-06	5.276645e-07	4.853870e-07
8.000000e+02	8.400000e+02	2.072974e-06	6.007800e-08	6.120183e-07
8.400000e+02	8.800000e+02	2.128565e-06	0.000000e+00	1.588730e-07
8.800000e+02	9.200000e+02	1.512232e-06	0.000000e+00	9.477343e-07
9.200000e+02	9.600000e+02	1.870194e-06	3.589172e-07	3.145542e-07
9.600000e+02	1.000000e+03	1.729517e-06	1.222865e-07	1.169080e-07
1.000000e+03	1.040000e+03	1.610793e-06	4.550198e-07	1.202195e-07
1.040000e+03	1.080000e+03	1.177172e-06	0.000000e+00	3.747863e-07
1.080000e+03	1.120000e+03	1.181270e-06	1.899813e-07	0.000000e+00
1.120000e+03	1.160000e+03	1.062351e-06	2.245002e-07	2.855280e-07
1.160000e+03	1.200000e+03	1.068161e-06	1.056010e-07	1.122617e-07
1.200000e+03	1.240000e+03	4.780702e-07	0.000000e+00	7.137638e-07
1.240000e+03	1.280000e+03	9.064078e-07	2.853008e-07	1.540845e-07
1.280000e+03	1.320000e+03	7.265647e-07	8.708425e-08	8.497187e-07
1.320000e+03	1.360000e+03	5.973115e-07	0.000000e+00	1.629647e-07
1.360000e+03	1.400000e+03	4.685633e-07	0.000000e+00	1.492530e-07
1.400000e+03	1.440000e+03	1.205884e-06	9.678066e-07	0.000000e+00
1.440000e+03	1.480000e+03	4.079985e-07	5.150650e-08	3.176058e-07
1.480000e+03	1.520000e+03	5.264240e-07	1.484942e-07	0.000000e+00
1.520000e+03	1.560000e+03	5.182733e-07	1.494448e-07	9.146750e-09
1.560000e+03	1.600000e+03	5.113723e-07	2.629835e-07	6.089400e-08
1.600000e+03	1.640000e+03	3.483305e-07	0.000000e+00	1.909550e-07
1.640000e+03	1.680000e+03	2.894425e-07	4.288590e-08	2.460300e-07
1.680000e+03	1.720000e+03	2.055967e-07	8.608790e-08	6.433532e-08
1.720000e+03	1.760000e+03	2.683700e-07	0.000000e+00	6.462675e-08
1.760000e+03	1.800000e+03	3.053245e-07	1.160970e-07	9.291325e-08
1.800000e+03	1.840000e+03	2.037160e-07	1.165514e-06	5.033178e-08
1.840000e+03	1.880000e+03	3.235695e-07	1.518824e-07	3.746825e-08
1.880000e+03	1.920000e+03	1.942577e-07	0.000000e+00	9.350503e-08
1.920000e+03	1.960000e+03	2.023259e-07	1.514375e-08	2.166080e-08
1.960000e+03	2.000000e+03	1.172559e-07	4.532480e-08	1.650109e-07
2.000000e+03	2.040000e+03	1.954340e-07	2.578431e-07	0.000000e+00
2.040000e+03	2.080000e+03	1.093104e-07	6.199465e-08	1.047917e-08
2.080000e+03	2.120000e+03	2.572508e-07	1.504914e-07	0.000000e+00
2.120000e+03	2.160000e+03	1.282165e-07	2.993055e-08	0.000000e+00
2.160000e+03	2.200000e+03	9.939123e-08	5.451590e-08	1.342901e-07
2.200000e+03	2.240000e+03	5.348733e-08	0.000000e+00	5.589500e-08
2.240000e+03	2.280000e+03	4.140775e-08	0.000000e+00	3.150170e-08
2.280000e+03	2.320000e+03	3.896420e-08	0.000000e+00	1.068918e-07
2.320000e+03	2.360000e+03	1.165303e-07	6.041227e-08	8.671512e-07
2.360000e+03	2.400000e+03	4.253530e-08	1.515417e-08	3.400613e-08
2.400000e+03	2.440000e+03	9.879955e-08	8.382604e-08	0.000000e+00
2.440000e+03	2.480000e+03	5.889822e-08	3.765299e-08	0.000000e+00
2.480000e+03	2.520000e+03	3.144753e-08	0.000000e+00	2.190822e-08
2.520000e+03	2.560000e+03	2.972198e-08	0.000000e+00	7.737582e-08
2.560000e+03	2.600000e+03	-4.795330e-08	0.000000e+00	9.519713e-08
2.600000e+03	2.640000e+03	1.300603e-08	0.000000e+00	1.573174e-08
2.640000e+03	2.680000e+03	2.352903e-08	2.714807e-08	7.850375e-10
2.680000e+03	2.720000e+03	1.431055e-08	0.000000e+00	1.469838e-08
2.720000e+03	2.760000e+03	2.890680e-08	2.220731e-08	0.000000e+00
2.760000e+03	2.800000e+03	1.702776e-08	8.105553e-09	0.000000e+00
2.800000e+03	2.840000e+03	1.720839e-08	5.842465e-09	1.067869e-08
2.840000e+03	2.880000e+03	2.586995e-08	1.883701e-08	0.000000e+00
2.880000e+03	2.920000e+03	7.454750e-09	3.241825e-09	2.789032e-09
2.920000e+03	2.960000e+03	1.218610e-09	0.000000e+00	1.450846e-08
2.960000e+03	3.000000e+03	1.066720e-08	8.138550e-09	0.000000e+00
3.000000e+03	3.040000e+03	5.629525e-09	0.000000e+00	3.930145e-08
3.040000e+03	3.080000e+03	3.428515e-09	0.000000e+00	5.161480e-09
3.080000e+03	3.120000e+03	2.842317e-09	3.685056e-09	3.197810e-09
3.120000e+03	3.160000e+03	1.933539e-09	0.000000e+00	1.332461e-09
3.160000e+03	3.200000e+03	2.384571e-09	4.738485e-10	4.279766e-09
3.200000e+03	3.240000e+03	8.145445e-09	6.839242e-09	0.000000e+00
3.240000e+03	3.280000e+03	3.062270e-09	1.234338e-09	0.000000e+00
3.280000e+03	3.320000e+03	-3.422868e-09	0.000000e+00	6.486945e-09
3.320000e+03	3.360000e+03	2.128857e-09	0.000000e+00	3.540178e-09
3.360000e+03	3.400000e+03	1.592062e-09	3.275624e-09	1.825778e-10
3.400000e+03	3.440000e+03	6.778688e-10	3.313679e-09	4.364475e-11
3.440000e+03	3.480000e+03	2.432279e-10	0.000000e+00	8.372103e-10
3.480000e+03	3.520000e+03	6.801050e-10	8.638898e-10	0.000000e+00
3.520000e+03	3.560000e+03	4.797305e-09	4.009671e-09	0.000000e+00
3.560000e+03	3.600000e+03	6.015538e-10	4.517318e-10	8.425222e-10
3.600000e+03	3.640000e+03	8.230890e-10	3.262440e-10	5.569545e-10
3.640000e+03	3.680000e+03	-4.976870e-10	0.000000e+00	7.255290e-10
3.680000e+03	3.720000e+03	3.138317e-10	1.162488e-10	2.204385e-10
3.720000e+03	3.760000e+03	1.377489e-09	1.724990e-09	0.000000e+00
3.760000e+03	3.800000e+03	1.279236e-10	0.000000e+00	2.572786e-09
3.800000e+03	3.840000e+03	2.066239e-10	9.035827e-10	2.435036e-10
3.840000e+03	3.880000e+03	-7.415912e-11	0.000000e+00	8.877789e-10
3.880000e+03	3.920000e+03	2.450094e-10	2.960469e-10	0.000000e+00
3.920000e+03	3.960000e+03	9.681192e-11	1.017707e-11	3.996333e-11
3.960000e+03	4.000000e+03	9.657825e-11	0.000000e+00	6.017300e-10
4.000000e+03	4.040000e+03	4.978813e-11	4.249251e-11	0.000000e+00
4.040000e+03	4.080000e+03	1.933342e-10	1.502608e-10	0.000000e+00
4.080000e+03	4.120000e+03	-4.100995e-11	0.000000e+00	2.631068e-10
4.120000e+03	4.160000e+03	3.546380e-11	0.000000e+00	3.799230e-10
4.160000e+03	4.200000e+03	2.540415e-08	2.479904e-08	0.000000e+00
4.200000e+03	4.240000e+03	2.161286e-10	2.607567e-11	5.392749e-10
4.240000e+03	4.280000e+03	5.758915e-12	0.000000e+00	1.037564e-10
4.280000e+03	4.320000e+03	1.941916e-12	0.000000e+00	9.644911e-11
4.320000e+03	4.360000e+03	7.611435e-12	0.000000e+00	4.273112e-12
4.360000e+03	4.400000e+03	1.094994e-10	1.062205e-10	1.379414e-10
4.400000e+03	4.440000e+03	-6.766762e-12	0.000000e+00	1.165159e-10
4.440000e+03	4.480000e+03	1.199533e-10	1.108751e-10	0.000000e+00
4.480000e+03	4.520000e+03	-2.897980e-12	0.000000e+00	2.641230e-11
4.520000e+03	4.560000e+03	-1.317826e-11	0.000000e+00	5.050489e-11
4.560000e+03	4.600000e+03	3.273880e-12	0.000000e+00	2.191375e-10
4.600000e+03	4.640000e+03	2.819930e-11	2.639478e-11	0.000000e+00
4.640000e+03	4.680000e+03	3.975275e-11	3.916498e-11	2.956455e-11
4.680000e+03	4.720000e+03	2.349647e-11	5.314212e-10	3.214928e-11
4.720000e+03	4.760000e+03	2.836547e-11	3.939783e-12	1.022391e-09
4.760000e+03	4.800000e+03	3.915850e-11	3.895402e-11	0.000000e+00
4.800000e+03	4.840000e+03	3.190730e-11	4.079008e-11	6.596292e-11
4.840000e+03	4.880000e+03	3.596655e-12	3.727099e-10	0.000000e+00
4.880000e+03	4.920000e+03	1.592362e-12	4.301832e-12	2.970374e-11
4.920000e+03	4.960000e+03	1.085412e-11	1.524406e-11	0.000000e+00
4.960000e+03	5.000000e+03	1.249738e-13	1.103502e-13	8.213661e-12
5.000000e+03	5.040000e+03	1.061271e-13	1.592410e-14	1.480660e-12
5.040000e+03	5.080000e+03	2.831300e-13	0.000000e+00	5.294635e-12
5.080000e+03	5.120000e+03	4.897540e-11	4.896722e-11	0.000000e+00
5.120000e+03	5.160000e+03	3.111528e-13	2.862609e-13	8.281957e-12
5.160000e+03	5.200000e+03	3.302115e-15	5.630400e-12	4.297955e-12
5.200000e+03	5.240000e+03	1.024959e-11	7.902477e-12	7.253501e-11
5.240000e+03	5.280000e+03	1.408630e-15	2.368466e-14	6.741669e-14
5.280000e+03	5.320000e+03	2.271201e-13	2.229714e-13	0.000000e+00
5.320000e+03	5.360000e+03	5.708720e-16	0.000000e+00	3.366028e-11
5.360000e+03	5.400000e+03	1.065540e-12	0.000000e+00	2.016605e-12
5.400000e+03	5.440000e+03	-1.136642e-17	0.000000e+00	1.649814e-13
5.440000e+03	5.480000e+03	1.478167e-12	1.658184e-12	1.200696e-12
5.480000e+03	5.520000e+03	1.903891e-12	1.826728e-12	0.000000e+00
5.520000e+03	5.560000e+03	1.855724e-13	1.851561e-13	0.000000e+00
5.560000e+03	5.600000e+03	3.044938e-17	0.000000e+00	5.540246e-15
5.600000e+03	5.640000e+03	5.740762e-15	4.986340e-15	1.344897e-13
5.640000e+03	5.680000e+03	1.190735e-16	0.000000e+00	5.987077e-13
5.680000e+03	5.720000e+03	1.710565e-15	0.000000e+00	1.105662e-13
5.720000e+03	5.760000e+03	2.577282e-12	2.552093e-12	8.481395e-10
5.760000e+03	5.800000e+03	3.702073e-13	3.767169e-13	0.000000e+00
5.800000e+03	5.840000e+03	1.987125e-13	1.985456e-13	0.000000e+00
5.840000e+03	5.880000e+03	2.002944e-14	0.000000e+00	7.693216e-12
5.880000e+03	5.920000e+03	1.291474e-16	5.480550e-17	5.314374e-13
5.920000e+03	5.960000e+03	2.411702e-16	0.000000e+00	5.059251e-12
5.960000e+03	6.000000e+03	-2.498417e-15	0.000000e+00	2.454443e-13
# END HISTO1D


# BEGIN HISTO1D //homes/tinghua1/Merging-Project/Production/HJETS/ratio-plots/hjets-vbfnlo/H-N2-N3-4-25gev-vbfnlo-combine.yoda/MC_H2JETS_07_TIGHT/j3j4_mass
ErrorBandColor=red
ErrorBandOpacity=0.3
ErrorBands=1
ErrorType=env
LineColor=red
LineStyle=solid
Path=//homes/tinghua1/Merging-Project/Production/HJETS/ratio-plots/hjets-vbfnlo/H-N2-N3-4-25gev-vbfnlo-combine.yoda/MC_H2JETS_07_TIGHT/j3j4_mass
RatioPlotSameStyle=1
Title=h(2*,3*,4)-vbfnlo
# xlow	 xhigh	 val	 errminus	 errplus
0.000000e+00	4.000000e+01	2.497326e-05	0.000000e+00	4.194687e-06
4.000000e+01	8.000000e+01	9.190310e-05	0.000000e+00	4.057173e-05
8.000000e+01	1.200000e+02	4.753907e-05	0.000000e+00	2.736115e-05
1.200000e+02	1.600000e+02	1.970890e-05	0.000000e+00	8.668850e-06
1.600000e+02	2.000000e+02	1.039814e-05	0.000000e+00	5.511823e-06
2.000000e+02	2.400000e+02	7.002620e-06	0.000000e+00	3.758398e-06
2.400000e+02	2.800000e+02	5.572402e-06	0.000000e+00	1.782963e-06
2.800000e+02	3.200000e+02	4.661973e-06	0.000000e+00	8.231565e-06
3.200000e+02	3.600000e+02	3.952628e-06	6.626825e-07	1.288125e-06
3.600000e+02	4.000000e+02	4.488240e-06	0.000000e+00	8.527850e-07
4.000000e+02	4.400000e+02	2.898515e-06	0.000000e+00	2.943195e-06
4.400000e+02	4.800000e+02	3.642742e-06	0.000000e+00	1.003930e-06
4.800000e+02	5.200000e+02	3.276367e-06	0.000000e+00	1.125970e-06
5.200000e+02	5.600000e+02	2.928277e-06	0.000000e+00	2.197683e-06
5.600000e+02	6.000000e+02	2.969003e-06	0.000000e+00	9.304725e-07
6.000000e+02	6.400000e+02	2.766205e-06	0.000000e+00	1.010727e-06
6.400000e+02	6.800000e+02	2.575575e-06	0.000000e+00	9.480525e-07
6.800000e+02	7.200000e+02	2.379318e-06	0.000000e+00	2.680787e-06
7.200000e+02	7.600000e+02	2.962105e-06	5.120945e-07	5.099525e-07
7.600000e+02	8.000000e+02	1.839488e-06	0.000000e+00	1.350874e-06
8.000000e+02	8.400000e+02	2.086354e-06	0.000000e+00	9.290533e-07
8.400000e+02	8.800000e+02	1.670432e-06	0.000000e+00	6.175475e-07
8.800000e+02	9.200000e+02	1.667605e-06	0.000000e+00	8.554475e-07
9.200000e+02	9.600000e+02	1.469750e-06	0.000000e+00	8.244220e-07
9.600000e+02	1.000000e+03	1.438251e-06	0.000000e+00	3.221700e-07
1.000000e+03	1.040000e+03	1.270498e-06	5.288325e-08	5.632680e-07
1.040000e+03	1.080000e+03	1.081965e-06	0.000000e+00	5.311597e-07
1.080000e+03	1.120000e+03	1.067227e-06	0.000000e+00	3.875270e-07
1.120000e+03	1.160000e+03	1.315101e-06	4.913350e-08	8.090150e-08
1.160000e+03	1.200000e+03	8.261617e-07	0.000000e+00	4.422323e-07
1.200000e+03	1.240000e+03	7.786768e-07	0.000000e+00	2.324490e-07
1.240000e+03	1.280000e+03	1.023008e-06	8.068775e-08	9.587750e-09
1.280000e+03	1.320000e+03	7.242905e-07	0.000000e+00	3.702010e-07
1.320000e+03	1.360000e+03	6.577432e-07	2.309325e-08	1.627552e-07
1.360000e+03	1.400000e+03	6.372585e-07	0.000000e+00	3.435925e-07
1.400000e+03	1.440000e+03	5.286532e-07	0.000000e+00	3.178465e-07
1.440000e+03	1.480000e+03	1.644613e-06	1.081333e-06	0.000000e+00
1.480000e+03	1.520000e+03	4.854207e-07	0.000000e+00	1.054258e-07
1.520000e+03	1.560000e+03	4.609172e-07	8.345600e-08	0.000000e+00
1.560000e+03	1.600000e+03	3.374600e-07	1.696825e-08	2.312500e-08
1.600000e+03	1.640000e+03	2.159316e-07	0.000000e+00	3.665486e-07
1.640000e+03	1.680000e+03	2.621148e-07	0.000000e+00	2.143545e-07
1.680000e+03	1.720000e+03	2.646037e-07	0.000000e+00	1.547050e-07
1.720000e+03	1.760000e+03	1.995068e-07	0.000000e+00	4.996010e-07
1.760000e+03	1.800000e+03	1.939771e-07	0.000000e+00	1.600626e-07
1.800000e+03	1.840000e+03	2.256571e-07	0.000000e+00	5.169942e-08
1.840000e+03	1.880000e+03	1.745635e-07	0.000000e+00	7.874730e-08
1.880000e+03	1.920000e+03	4.890130e-07	3.143564e-07	0.000000e+00
1.920000e+03	1.960000e+03	1.496240e-07	0.000000e+00	6.253763e-08
1.960000e+03	2.000000e+03	1.297953e-07	0.000000e+00	7.325035e-08
2.000000e+03	2.040000e+03	1.222124e-07	0.000000e+00	6.158170e-08
2.040000e+03	2.080000e+03	9.028318e-08	1.440918e-08	1.222720e-08
2.080000e+03	2.120000e+03	9.761855e-08	0.000000e+00	3.387557e-08
2.120000e+03	2.160000e+03	5.579155e-08	0.000000e+00	4.197427e-08
2.160000e+03	2.200000e+03	7.934223e-08	2.378275e-09	2.923432e-08
2.200000e+03	2.240000e+03	7.702950e-08	1.148828e-08	2.466642e-08
2.240000e+03	2.280000e+03	5.297478e-08	0.000000e+00	4.574405e-08
2.280000e+03	2.320000e+03	7.543565e-08	1.463467e-08	0.000000e+00
2.320000e+03	2.360000e+03	9.446125e-08	3.142810e-08	2.253975e-09
2.360000e+03	2.400000e+03	3.978612e-08	0.000000e+00	1.407192e-07
2.400000e+03	2.440000e+03	3.008832e-08	0.000000e+00	1.941670e-08
2.440000e+03	2.480000e+03	3.208285e-08	0.000000e+00	8.767578e-08
2.480000e+03	2.520000e+03	2.614515e-08	0.000000e+00	7.624875e-09
2.520000e+03	2.560000e+03	1.645032e-08	0.000000e+00	2.504023e-08
2.560000e+03	2.600000e+03	2.595365e-08	7.403018e-08	2.686600e-09
2.600000e+03	2.640000e+03	2.740725e-08	0.000000e+00	5.960100e-09
2.640000e+03	2.680000e+03	1.728508e-08	0.000000e+00	7.322332e-09
2.680000e+03	2.720000e+03	4.845055e-08	3.300750e-08	0.000000e+00
2.720000e+03	2.760000e+03	1.276432e-08	0.000000e+00	3.078541e-08
2.760000e+03	2.800000e+03	1.324320e-08	0.000000e+00	1.537838e-08
2.800000e+03	2.840000e+03	9.877990e-09	1.678917e-08	0.000000e+00
2.840000e+03	2.880000e+03	4.425740e-09	0.000000e+00	1.117598e-08
2.880000e+03	2.920000e+03	2.177221e-08	5.272960e-09	1.801964e-08
2.920000e+03	2.960000e+03	4.571250e-09	8.360300e-10	9.684120e-09
2.960000e+03	3.000000e+03	6.271945e-09	1.738373e-09	4.516330e-09
3.000000e+03	3.040000e+03	4.693377e-09	0.000000e+00	9.284550e-09
3.040000e+03	3.080000e+03	8.794452e-09	9.372628e-09	0.000000e+00
3.080000e+03	3.120000e+03	8.482172e-09	5.604365e-09	2.736625e-10
3.120000e+03	3.160000e+03	9.605132e-09	9.867825e-09	4.714090e-09
3.160000e+03	3.200000e+03	3.091472e-09	0.000000e+00	3.167415e-09
3.200000e+03	3.240000e+03	1.636515e-09	1.136750e-11	2.593361e-09
3.240000e+03	3.280000e+03	3.521728e-09	0.000000e+00	1.133845e-08
3.280000e+03	3.320000e+03	2.127503e-09	0.000000e+00	2.192320e-08
3.320000e+03	3.360000e+03	1.897416e-09	0.000000e+00	8.369754e-09
3.360000e+03	3.400000e+03	9.448090e-10	0.000000e+00	5.797773e-09
3.400000e+03	3.440000e+03	1.258668e-09	0.000000e+00	3.100662e-09
3.440000e+03	3.480000e+03	1.743601e-09	1.550838e-09	8.041487e-10
3.480000e+03	3.520000e+03	3.470087e-10	8.638640e-10	8.271729e-09
3.520000e+03	3.560000e+03	1.853622e-09	5.325240e-10	0.000000e+00
3.560000e+03	3.600000e+03	8.009875e-10	2.300225e-10	8.172128e-09
3.600000e+03	3.640000e+03	1.721998e-09	7.000283e-09	0.000000e+00
3.640000e+03	3.680000e+03	1.017065e-09	1.451249e-09	0.000000e+00
3.680000e+03	3.720000e+03	2.784152e-10	0.000000e+00	3.047062e-09
3.720000e+03	3.760000e+03	6.438108e-10	7.261968e-10	8.490317e-10
3.760000e+03	3.800000e+03	2.549678e-10	0.000000e+00	1.563860e-09
3.800000e+03	3.840000e+03	8.283502e-11	2.481215e-10	4.997510e-10
3.840000e+03	3.880000e+03	6.990333e-10	8.784853e-10	1.344461e-09
3.880000e+03	3.920000e+03	1.261943e-10	0.000000e+00	1.100421e-09
3.920000e+03	3.960000e+03	1.210017e-09	1.176614e-09	0.000000e+00
3.960000e+03	4.000000e+03	-2.748707e-11	0.000000e+00	4.177496e-10
4.000000e+03	4.040000e+03	1.695470e-10	1.211860e-10	4.191290e-10
4.040000e+03	4.080000e+03	2.995415e-11	0.000000e+00	4.556571e-09
4.080000e+03	4.120000e+03	2.071809e-10	8.544248e-11	8.477441e-10
4.120000e+03	4.160000e+03	4.429882e-11	0.000000e+00	3.086892e-10
4.160000e+03	4.200000e+03	1.252525e-10	1.507238e-10	0.000000e+00
4.200000e+03	4.240000e+03	3.827788e-11	0.000000e+00	9.478405e-11
4.240000e+03	4.280000e+03	8.656050e-10	1.066885e-09	0.000000e+00
4.280000e+03	4.320000e+03	-2.730128e-11	8.770292e-11	1.072951e-10
4.320000e+03	4.360000e+03	6.601655e-13	4.718520e-12	4.708088e-11
4.360000e+03	4.400000e+03	3.053857e-12	1.412595e-10	2.328603e-10
4.400000e+03	4.440000e+03	8.854137e-11	5.264794e-10	0.000000e+00
4.440000e+03	4.480000e+03	2.243053e-11	1.856613e-10	2.422615e-11
4.480000e+03	4.520000e+03	-1.458461e-11	0.000000e+00	3.154628e-11
4.520000e+03	4.560000e+03	7.359888e-12	0.000000e+00	1.768146e-11
4.560000e+03	4.600000e+03	4.048255e-11	3.155864e-11	0.000000e+00
4.600000e+03	4.640000e+03	4.143332e-11	3.733936e-11	0.000000e+00
4.640000e+03	4.680000e+03	7.178590e-11	1.313437e-10	6.187025e-11
4.680000e+03	4.720000e+03	3.683185e-10	3.619075e-10	0.000000e+00
4.720000e+03	4.760000e+03	1.373455e-10	9.438505e-11	8.407787e-10
4.760000e+03	4.800000e+03	2.967372e-11	3.776939e-11	0.000000e+00
4.800000e+03	4.840000e+03	2.417342e-13	0.000000e+00	4.430699e-11
4.840000e+03	4.880000e+03	6.599145e-11	5.343248e-11	0.000000e+00
4.880000e+03	4.920000e+03	6.144358e-12	4.665753e-12	1.241683e-11
4.920000e+03	4.960000e+03	1.729534e-12	0.000000e+00	2.285645e-11
4.960000e+03	5.000000e+03	2.210043e-12	2.191974e-12	0.000000e+00
5.000000e+03	5.040000e+03	2.295459e-11	5.104101e-11	0.000000e+00
5.040000e+03	5.080000e+03	1.217909e-12	5.729997e-13	1.111920e-11
5.080000e+03	5.120000e+03	-6.829948e-13	0.000000e+00	3.972159e-11
5.120000e+03	5.160000e+03	8.142070e-11	8.068778e-11	0.000000e+00
5.160000e+03	5.200000e+03	2.265237e-15	0.000000e+00	7.485928e-11
5.200000e+03	5.240000e+03	-6.304505e-11	0.000000e+00	6.317560e-11
5.240000e+03	5.280000e+03	2.305968e-13	4.002342e-11	0.000000e+00
5.280000e+03	5.320000e+03	1.441603e-12	2.494126e-11	1.192289e-11
5.320000e+03	5.360000e+03	2.266356e-13	0.000000e+00	2.343170e-11
5.360000e+03	5.400000e+03	3.541675e-13	3.453200e-13	0.000000e+00
5.400000e+03	5.440000e+03	8.924740e-14	7.904197e-14	2.866586e-13
5.440000e+03	5.480000e+03	4.627060e-16	0.000000e+00	7.897370e-12
5.480000e+03	5.520000e+03	2.520063e-13	2.215643e-13	0.000000e+00
5.520000e+03	5.560000e+03	9.315705e-14	2.797934e-13	4.520379e-11
5.560000e+03	5.600000e+03	2.584632e-16	1.046231e-13	1.195466e-13
5.600000e+03	5.640000e+03	3.135582e-14	7.852380e-15	9.091692e-11
5.640000e+03	5.680000e+03	-1.754131e-13	0.000000e+00	4.023181e-12
5.680000e+03	5.720000e+03	2.909270e-14	0.000000e+00	7.575331e-13
5.720000e+03	5.760000e+03	2.147663e-14	2.089699e-14	0.000000e+00
5.760000e+03	5.800000e+03	2.061329e-12	1.659885e-13	1.007083e-11
5.800000e+03	5.840000e+03	3.454340e-15	0.000000e+00	1.794268e-13
5.840000e+03	5.880000e+03	-1.266933e-15	0.000000e+00	4.319624e-12
5.880000e+03	5.920000e+03	2.815625e-12	1.058763e-11	0.000000e+00
5.920000e+03	5.960000e+03	2.681838e-18	0.000000e+00	4.646186e-13
5.960000e+03	6.000000e+03	9.300288e-15	9.209745e-15	1.115184e-12
# END HISTO1D


# BEGIN HISTO1D //homes/tinghua1/Merging-Project/Production/HJETS/ratio-plots/hjets-vbfnlo/H-N2-3-4-25gev-combine.yoda/MC_H2JETS_07_TIGHT/j3j4_mass
ErrorBandColor=blue
ErrorBandOpacity=0.3
ErrorBands=1
ErrorType=env
LineColor=blue
LineStyle=solid
Path=//homes/tinghua1/Merging-Project/Production/HJETS/ratio-plots/hjets-vbfnlo/H-N2-3-4-25gev-combine.yoda/MC_H2JETS_07_TIGHT/j3j4_mass
RatioPlotSameStyle=1
Title=h(2*,3,4)
# xlow	 xhigh	 val	 errminus	 errplus
0.000000e+00	4.000000e+01	2.886168e-05	4.303303e-06	5.053750e-06
4.000000e+01	8.000000e+01	1.152988e-04	2.445925e-05	3.773410e-05
8.000000e+01	1.200000e+02	7.002910e-05	1.648300e-05	2.409473e-05
1.200000e+02	1.600000e+02	2.890998e-05	7.340705e-06	8.281925e-06
1.600000e+02	2.000000e+02	1.631388e-05	4.691133e-06	4.636297e-06
2.000000e+02	2.400000e+02	1.016920e-05	1.921735e-06	4.812835e-06
2.400000e+02	2.800000e+02	8.397077e-06	2.465013e-06	2.502645e-06
2.800000e+02	3.200000e+02	6.778770e-06	1.292660e-06	2.143633e-06
3.200000e+02	3.600000e+02	6.004692e-06	1.015700e-06	1.870603e-06
3.600000e+02	4.000000e+02	5.197638e-06	7.624550e-07	2.039870e-06
4.000000e+02	4.400000e+02	4.559625e-06	3.917675e-07	2.350228e-06
4.400000e+02	4.800000e+02	9.434545e-06	5.844875e-06	0.000000e+00
4.800000e+02	5.200000e+02	4.223705e-06	1.164115e-06	1.558412e-06
5.200000e+02	5.600000e+02	3.888542e-06	7.656250e-07	1.163228e-06
5.600000e+02	6.000000e+02	3.711308e-06	1.145813e-06	7.540000e-07
6.000000e+02	6.400000e+02	3.446525e-06	8.672450e-07	1.178620e-06
6.400000e+02	6.800000e+02	3.294442e-06	8.264990e-07	9.844950e-07
6.800000e+02	7.200000e+02	3.043245e-06	8.394873e-07	9.469275e-07
7.200000e+02	7.600000e+02	2.677560e-06	6.421363e-07	1.260867e-06
7.600000e+02	8.000000e+02	2.944465e-06	3.913150e-07	6.315450e-07
8.000000e+02	8.400000e+02	2.344137e-06	0.000000e+00	6.886355e-07
8.400000e+02	8.800000e+02	1.926410e-06	3.604327e-07	6.697078e-07
8.800000e+02	9.200000e+02	1.989483e-06	1.548342e-07	4.540645e-07
9.200000e+02	9.600000e+02	1.516534e-06	2.591817e-07	1.232276e-06
9.600000e+02	1.000000e+03	1.493579e-06	1.644210e-07	4.663853e-07
1.000000e+03	1.040000e+03	1.538508e-06	3.580768e-07	1.834527e-07
1.040000e+03	1.080000e+03	1.450144e-06	5.848952e-07	3.469263e-07
1.080000e+03	1.120000e+03	1.026155e-06	0.000000e+00	8.415032e-07
1.120000e+03	1.160000e+03	1.174017e-06	2.883465e-07	8.529920e-07
1.160000e+03	1.200000e+03	9.218090e-07	1.704252e-07	4.381847e-07
1.200000e+03	1.240000e+03	9.885520e-07	3.205038e-07	2.415717e-07
1.240000e+03	1.280000e+03	7.703990e-07	8.801725e-08	2.587297e-07
1.280000e+03	1.320000e+03	7.177483e-07	1.209295e-07	1.444625e-08
1.320000e+03	1.360000e+03	1.015686e-06	4.836665e-07	0.000000e+00
1.360000e+03	1.400000e+03	1.466040e-06	1.072533e-06	0.000000e+00
1.400000e+03	1.440000e+03	5.740168e-07	1.514020e-07	3.739965e-07
1.440000e+03	1.480000e+03	5.991347e-07	2.076133e-07	3.035225e-08
1.480000e+03	1.520000e+03	3.810362e-07	7.322000e-08	4.330848e-07
1.520000e+03	1.560000e+03	4.702628e-07	1.529552e-07	1.208302e-07
1.560000e+03	1.600000e+03	4.317280e-07	1.494577e-07	1.468100e-07
1.600000e+03	1.640000e+03	3.690160e-07	1.562569e-07	3.279095e-07
1.640000e+03	1.680000e+03	3.314143e-07	9.479930e-08	1.825075e-07
1.680000e+03	1.720000e+03	2.789392e-07	5.638112e-08	4.624400e-07
1.720000e+03	1.760000e+03	2.426776e-07	4.090935e-08	1.604787e-07
1.760000e+03	1.800000e+03	2.499975e-07	8.336178e-08	6.926578e-08
1.800000e+03	1.840000e+03	1.863016e-07	0.000000e+00	1.189596e-07
1.840000e+03	1.880000e+03	1.887250e-07	4.311252e-08	4.229092e-08
1.880000e+03	1.920000e+03	2.136029e-07	7.028325e-08	1.932695e-08
1.920000e+03	1.960000e+03	2.022544e-07	7.794513e-08	0.000000e+00
1.960000e+03	2.000000e+03	1.291218e-07	6.625527e-08	3.415315e-08
2.000000e+03	2.040000e+03	1.617536e-07	4.523742e-08	0.000000e+00
2.040000e+03	2.080000e+03	7.962132e-08	0.000000e+00	5.698563e-08
2.080000e+03	2.120000e+03	9.330155e-08	3.174802e-08	5.157185e-08
2.120000e+03	2.160000e+03	1.003630e-07	0.000000e+00	1.047734e-07
2.160000e+03	2.200000e+03	1.244781e-07	7.271808e-08	5.271887e-08
2.200000e+03	2.240000e+03	1.499186e-07	1.082357e-07	0.000000e+00
2.240000e+03	2.280000e+03	4.627528e-08	0.000000e+00	4.849442e-08
2.280000e+03	2.320000e+03	-1.615546e-08	0.000000e+00	1.198612e-07
2.320000e+03	2.360000e+03	4.249090e-08	0.000000e+00	7.311000e-09
2.360000e+03	2.400000e+03	4.147535e-08	1.244163e-08	1.727625e-08
2.400000e+03	2.440000e+03	2.618422e-08	0.000000e+00	4.224913e-08
2.440000e+03	2.480000e+03	2.915150e-08	0.000000e+00	2.189948e-08
2.480000e+03	2.520000e+03	3.579005e-08	1.616757e-08	1.770200e-07
2.520000e+03	2.560000e+03	2.053402e-08	0.000000e+00	1.592318e-08
2.560000e+03	2.600000e+03	3.857905e-08	2.515237e-08	6.500745e-08
2.600000e+03	2.640000e+03	1.717495e-08	6.099945e-09	2.791747e-08
2.640000e+03	2.680000e+03	1.496348e-08	0.000000e+00	6.757629e-08
2.680000e+03	2.720000e+03	1.948572e-08	5.855455e-09	5.156925e-09
2.720000e+03	2.760000e+03	2.599462e-08	1.175423e-08	1.915225e-09
2.760000e+03	2.800000e+03	1.562292e-08	5.116103e-09	5.203147e-09
2.800000e+03	2.840000e+03	3.645280e-08	2.209611e-08	0.000000e+00
2.840000e+03	2.880000e+03	1.029320e-08	4.607388e-09	2.399318e-08
2.880000e+03	2.920000e+03	1.773428e-08	9.404725e-09	2.656042e-08
2.920000e+03	2.960000e+03	6.646885e-09	7.976750e-10	0.000000e+00
2.960000e+03	3.000000e+03	6.065593e-09	2.483945e-09	4.578738e-08
3.000000e+03	3.040000e+03	1.974955e-08	1.788765e-08	0.000000e+00
3.040000e+03	3.080000e+03	3.760535e-09	0.000000e+00	5.694188e-09
3.080000e+03	3.120000e+03	6.457707e-10	0.000000e+00	3.082740e-08
3.120000e+03	3.160000e+03	5.530680e-10	0.000000e+00	9.636049e-09
3.160000e+03	3.200000e+03	2.942967e-09	4.839250e-11	3.090525e-10
3.200000e+03	3.240000e+03	2.851403e-09	1.783063e-09	8.773015e-09
3.240000e+03	3.280000e+03	2.672840e-09	5.001129e-09	0.000000e+00
3.280000e+03	3.320000e+03	-1.790849e-10	0.000000e+00	1.397622e-09
3.320000e+03	3.360000e+03	4.964603e-10	0.000000e+00	8.393537e-09
3.360000e+03	3.400000e+03	2.440736e-09	0.000000e+00	5.189131e-09
3.400000e+03	3.440000e+03	2.593440e-09	2.206489e-09	0.000000e+00
3.440000e+03	3.480000e+03	2.795612e-09	1.716434e-09	1.585561e-08
3.480000e+03	3.520000e+03	2.156486e-10	0.000000e+00	9.293702e-10
3.520000e+03	3.560000e+03	-1.247534e-10	1.164175e-09	6.104434e-10
3.560000e+03	3.600000e+03	7.295640e-10	0.000000e+00	8.501875e-11
3.600000e+03	3.640000e+03	2.645138e-10	0.000000e+00	1.543070e-09
3.640000e+03	3.680000e+03	1.557722e-09	1.457728e-09	8.330592e-10
3.680000e+03	3.720000e+03	8.948550e-10	1.051247e-09	0.000000e+00
3.720000e+03	3.760000e+03	2.480735e-10	2.289012e-11	7.573750e-12
3.760000e+03	3.800000e+03	2.529193e-11	0.000000e+00	1.035802e-09
3.800000e+03	3.840000e+03	2.262742e-11	8.429920e-11	3.225430e-12
3.840000e+03	3.880000e+03	-2.016257e-10	0.000000e+00	8.830855e-10
3.880000e+03	3.920000e+03	-1.120858e-10	0.000000e+00	1.906443e-09
3.920000e+03	3.960000e+03	1.573938e-10	0.000000e+00	1.981835e-10
3.960000e+03	4.000000e+03	8.593077e-11	2.446472e-11	9.391317e-10
4.000000e+03	4.040000e+03	5.504005e-10	4.021836e-10	0.000000e+00
4.040000e+03	4.080000e+03	1.821021e-10	1.564390e-10	1.223344e-10
4.080000e+03	4.120000e+03	6.165862e-10	3.844374e-10	2.679334e-09
4.120000e+03	4.160000e+03	8.299375e-11	2.122305e-09	5.180105e-11
4.160000e+03	4.200000e+03	7.844740e-11	6.988144e-11	1.343639e-10
4.200000e+03	4.240000e+03	2.708693e-09	2.669954e-09	0.000000e+00
4.240000e+03	4.280000e+03	1.042103e-10	0.000000e+00	3.610775e-10
4.280000e+03	4.320000e+03	3.482687e-10	1.450466e-09	0.000000e+00
4.320000e+03	4.360000e+03	-1.367989e-10	0.000000e+00	1.940729e-10
4.360000e+03	4.400000e+03	5.727500e-11	2.301300e-10	5.741407e-11
4.400000e+03	4.440000e+03	3.924540e-10	3.762958e-10	0.000000e+00
4.440000e+03	4.480000e+03	6.243092e-11	6.238620e-11	0.000000e+00
4.480000e+03	4.520000e+03	3.321270e-10	3.290995e-10	0.000000e+00
4.520000e+03	4.560000e+03	4.391948e-11	4.262075e-11	2.027213e-10
4.560000e+03	4.600000e+03	4.402485e-11	4.314705e-11	0.000000e+00
4.600000e+03	4.640000e+03	-3.361370e-12	0.000000e+00	7.008225e-12
4.640000e+03	4.680000e+03	5.381185e-11	3.764274e-11	0.000000e+00
4.680000e+03	4.720000e+03	1.887467e-10	2.316967e-10	0.000000e+00
4.720000e+03	4.760000e+03	8.060865e-13	8.010639e-11	1.623521e-11
4.760000e+03	4.800000e+03	1.817264e-12	2.817958e-12	4.215804e-12
4.800000e+03	4.840000e+03	5.119753e-12	4.752121e-12	0.000000e+00
4.840000e+03	4.880000e+03	1.683589e-11	1.634221e-11	0.000000e+00
4.880000e+03	4.920000e+03	1.976222e-13	1.957927e-13	5.236763e-12
4.920000e+03	4.960000e+03	4.909540e-13	0.000000e+00	1.460540e-11
4.960000e+03	5.000000e+03	1.798448e-15	0.000000e+00	1.399971e-11
5.000000e+03	5.040000e+03	-3.276952e-12	0.000000e+00	5.759489e-12
5.040000e+03	5.080000e+03	1.076194e-12	0.000000e+00	1.189792e-10
5.080000e+03	5.120000e+03	5.828142e-13	1.932675e-10	1.258475e-11
5.120000e+03	5.160000e+03	2.858690e-12	2.806993e-12	5.992008e-12
5.160000e+03	5.200000e+03	-1.309978e-10	0.000000e+00	1.347598e-10
5.200000e+03	5.240000e+03	8.627287e-12	8.605364e-12	0.000000e+00
5.240000e+03	5.280000e+03	1.160420e-12	1.159680e-12	0.000000e+00
5.280000e+03	5.320000e+03	1.103835e-13	5.959963e-14	1.133817e-13
5.320000e+03	5.360000e+03	6.109653e-13	5.946197e-13	0.000000e+00
5.360000e+03	5.400000e+03	4.904118e-12	4.903504e-12	0.000000e+00
5.400000e+03	5.440000e+03	3.971902e-13	3.927649e-13	0.000000e+00
5.440000e+03	5.480000e+03	6.547375e-15	0.000000e+00	2.611756e-13
5.480000e+03	5.520000e+03	-9.450930e-17	0.000000e+00	2.124007e-11
5.520000e+03	5.560000e+03	1.911709e-13	3.314975e-14	9.228552e-12
5.560000e+03	5.600000e+03	3.382640e-12	3.375342e-12	0.000000e+00
5.600000e+03	5.640000e+03	6.118638e-15	1.073523e-15	1.326067e-15
5.640000e+03	5.680000e+03	5.304820e-13	4.576068e-13	0.000000e+00
5.680000e+03	5.720000e+03	6.730460e-15	2.799710e-13	0.000000e+00
5.720000e+03	5.760000e+03	2.237928e-14	2.234388e-14	0.000000e+00
5.760000e+03	5.800000e+03	7.336670e-12	7.336635e-12	0.000000e+00
5.800000e+03	5.840000e+03	1.073796e-13	1.254583e-13	0.000000e+00
5.840000e+03	5.880000e+03	4.317767e-16	0.000000e+00	4.449392e-14
5.880000e+03	5.920000e+03	7.091162e-17	0.000000e+00	1.697413e-14
5.920000e+03	5.960000e+03	8.649333e-15	8.544735e-15	7.245354e-14
5.960000e+03	6.000000e+03	2.254901e-14	0.000000e+00	7.318666e-12
# END HISTO1D


# BEGIN HISTO1D //homes/tinghua1/Merging-Project/Production/HJETS/ratio-plots/hjets-vbfnlo/H-N2-3-4-25gev-vbfnlo-combine.yoda/MC_H2JETS_07_TIGHT/j3j4_mass
ErrorBandColor=cyan
ErrorBandOpacity=0.3
ErrorBands=1
ErrorType=env
LineColor=cyan
LineStyle=solid
Path=//homes/tinghua1/Merging-Project/Production/HJETS/ratio-plots/hjets-vbfnlo/H-N2-3-4-25gev-vbfnlo-combine.yoda/MC_H2JETS_07_TIGHT/j3j4_mass
RatioPlotSameStyle=1
Title=h(2*,3,4)-vbfnlo
# xlow	 xhigh	 val	 errminus	 errplus
0.000000e+00	4.000000e+01	2.715863e-05	3.510005e-06	6.021125e-06
4.000000e+01	8.000000e+01	1.061149e-04	2.349922e-05	3.270990e-05
8.000000e+01	1.200000e+02	6.008922e-05	1.270225e-05	2.028145e-05
1.200000e+02	1.600000e+02	2.427076e-05	6.197505e-06	7.962665e-06
1.600000e+02	2.000000e+02	1.261940e-05	3.049658e-06	4.349677e-06
2.000000e+02	2.400000e+02	8.507592e-06	1.956470e-06	2.117160e-06
2.400000e+02	2.800000e+02	6.335500e-06	8.965025e-07	2.415640e-06
2.800000e+02	3.200000e+02	5.616127e-06	9.451025e-07	1.390705e-06
3.200000e+02	3.600000e+02	5.247668e-06	1.178525e-06	1.547713e-06
3.600000e+02	4.000000e+02	4.797608e-06	9.689975e-07	1.590585e-06
4.000000e+02	4.400000e+02	4.608418e-06	1.147310e-06	1.199015e-06
4.400000e+02	4.800000e+02	4.363937e-06	9.192675e-07	1.462547e-06
4.800000e+02	5.200000e+02	4.097295e-06	8.330300e-07	9.758650e-07
5.200000e+02	5.600000e+02	3.821490e-06	9.950500e-07	1.210722e-06
5.600000e+02	6.000000e+02	3.553877e-06	8.730775e-07	7.483450e-07
6.000000e+02	6.400000e+02	3.182803e-06	3.420800e-07	9.699600e-07
6.400000e+02	6.800000e+02	3.000243e-06	5.864105e-07	5.540950e-07
6.800000e+02	7.200000e+02	2.969450e-06	6.477247e-07	8.464650e-07
7.200000e+02	7.600000e+02	2.539142e-06	3.353360e-07	9.710050e-07
7.600000e+02	8.000000e+02	2.403157e-06	6.138438e-07	7.910203e-07
8.000000e+02	8.400000e+02	2.452036e-06	6.796085e-07	7.585012e-07
8.400000e+02	8.800000e+02	2.394149e-06	8.161108e-07	3.664607e-07
8.800000e+02	9.200000e+02	1.947358e-06	6.595953e-07	7.140270e-07
9.200000e+02	9.600000e+02	1.895467e-06	4.227690e-07	3.717850e-07
9.600000e+02	1.000000e+03	1.426773e-06	1.617680e-07	7.297190e-07
1.000000e+03	1.040000e+03	1.509556e-06	4.676870e-07	5.511423e-07
1.040000e+03	1.080000e+03	1.453296e-06	5.287263e-07	5.103040e-07
1.080000e+03	1.120000e+03	1.124179e-06	2.170543e-07	4.136000e-07
1.120000e+03	1.160000e+03	1.200001e-06	3.219212e-07	3.115185e-07
1.160000e+03	1.200000e+03	1.003693e-06	1.835752e-07	2.829293e-07
1.200000e+03	1.240000e+03	9.740817e-07	2.624063e-07	2.266172e-07
1.240000e+03	1.280000e+03	9.125305e-07	2.284670e-07	3.920158e-07
1.280000e+03	1.320000e+03	6.882433e-07	1.098848e-07	3.114030e-07
1.320000e+03	1.360000e+03	6.841130e-07	1.364620e-07	1.092668e-07
1.360000e+03	1.400000e+03	7.553683e-07	2.060115e-07	2.082803e-07
1.400000e+03	1.440000e+03	6.064823e-07	7.531250e-08	2.248707e-07
1.440000e+03	1.480000e+03	5.661760e-07	2.006598e-07	2.083255e-07
1.480000e+03	1.520000e+03	5.199880e-07	1.938130e-07	5.240050e-08
1.520000e+03	1.560000e+03	3.771065e-07	6.292300e-08	2.157128e-07
1.560000e+03	1.600000e+03	3.621937e-07	3.362550e-08	2.015575e-07
1.600000e+03	1.640000e+03	2.458415e-07	0.000000e+00	2.536219e-07
1.640000e+03	1.680000e+03	2.381434e-07	3.732688e-08	2.546806e-07
1.680000e+03	1.720000e+03	3.115463e-07	9.999335e-08	7.652375e-08
1.720000e+03	1.760000e+03	2.376628e-07	1.292282e-08	1.889410e-07
1.760000e+03	1.800000e+03	2.056150e-07	4.360875e-08	1.273520e-07
1.800000e+03	1.840000e+03	4.059045e-07	2.206289e-07	0.000000e+00
1.840000e+03	1.880000e+03	2.029677e-07	1.534620e-08	5.937825e-08
1.880000e+03	1.920000e+03	1.840105e-07	6.604633e-08	8.204155e-08
1.920000e+03	1.960000e+03	1.684449e-07	8.079103e-08	9.515040e-08
1.960000e+03	2.000000e+03	1.257520e-07	1.194068e-08	3.130485e-08
2.000000e+03	2.040000e+03	1.422391e-07	5.122443e-08	2.516117e-08
2.040000e+03	2.080000e+03	1.492942e-07	4.932242e-08	1.623465e-08
2.080000e+03	2.120000e+03	9.477285e-08	1.280010e-08	4.488358e-08
2.120000e+03	2.160000e+03	8.560692e-08	2.588135e-08	2.164011e-07
2.160000e+03	2.200000e+03	7.203112e-08	5.206007e-08	6.997685e-08
2.200000e+03	2.240000e+03	7.715157e-08	1.441178e-08	4.628850e-09
2.240000e+03	2.280000e+03	6.790880e-08	2.690882e-08	2.697875e-08
2.280000e+03	2.320000e+03	8.113880e-08	4.012955e-08	0.000000e+00
2.320000e+03	2.360000e+03	4.465202e-08	9.962500e-11	5.183565e-08
2.360000e+03	2.400000e+03	3.942177e-08	1.274205e-08	3.049810e-08
2.400000e+03	2.440000e+03	4.438745e-08	2.046745e-08	0.000000e+00
2.440000e+03	2.480000e+03	4.883787e-08	2.533384e-08	7.056000e-10
2.480000e+03	2.520000e+03	3.911613e-08	2.127711e-08	1.591145e-08
2.520000e+03	2.560000e+03	2.747857e-08	2.029225e-09	6.158275e-09
2.560000e+03	2.600000e+03	3.775510e-08	1.222587e-08	5.803750e-09
2.600000e+03	2.640000e+03	1.909937e-08	0.000000e+00	2.012713e-08
2.640000e+03	2.680000e+03	2.413392e-08	1.101939e-08	9.662958e-09
2.680000e+03	2.720000e+03	1.365580e-08	0.000000e+00	1.464933e-08
2.720000e+03	2.760000e+03	1.716884e-08	6.512093e-09	1.553327e-08
2.760000e+03	2.800000e+03	1.229477e-08	8.234500e-10	3.947483e-08
2.800000e+03	2.840000e+03	1.863814e-08	9.672025e-09	0.000000e+00
2.840000e+03	2.880000e+03	1.158191e-08	3.820650e-09	4.612522e-09
2.880000e+03	2.920000e+03	3.697800e-09	0.000000e+00	7.647537e-09
2.920000e+03	2.960000e+03	2.756845e-09	0.000000e+00	2.569533e-08
2.960000e+03	3.000000e+03	-3.935252e-09	0.000000e+00	8.793910e-09
3.000000e+03	3.040000e+03	1.219284e-08	4.100743e-09	0.000000e+00
3.040000e+03	3.080000e+03	2.522137e-09	0.000000e+00	2.811984e-08
3.080000e+03	3.120000e+03	4.603333e-09	2.189300e-10	2.394585e-09
3.120000e+03	3.160000e+03	5.720035e-09	3.589983e-09	0.000000e+00
3.160000e+03	3.200000e+03	1.863536e-09	2.552110e-10	2.455197e-09
3.200000e+03	3.240000e+03	2.019689e-09	0.000000e+00	8.318083e-10
3.240000e+03	3.280000e+03	4.264885e-09	5.554500e-10	2.780650e-10
3.280000e+03	3.320000e+03	1.253164e-09	5.544180e-10	2.972556e-09
3.320000e+03	3.360000e+03	5.905695e-09	4.987969e-09	0.000000e+00
3.360000e+03	3.400000e+03	1.980510e-09	3.766527e-10	2.637238e-09
3.400000e+03	3.440000e+03	1.307067e-09	0.000000e+00	1.082810e-10
3.440000e+03	3.480000e+03	5.986347e-09	5.333558e-09	0.000000e+00
3.480000e+03	3.520000e+03	4.004810e-09	2.885681e-09	0.000000e+00
3.520000e+03	3.560000e+03	1.203582e-09	2.062440e-10	3.227832e-10
3.560000e+03	3.600000e+03	4.678855e-10	2.715792e-10	0.000000e+00
3.600000e+03	3.640000e+03	4.824183e-10	1.491850e-10	7.545830e-10
3.640000e+03	3.680000e+03	9.302790e-11	0.000000e+00	1.163597e-09
3.680000e+03	3.720000e+03	1.253700e-10	0.000000e+00	1.000628e-09
3.720000e+03	3.760000e+03	3.023990e-10	1.123808e-10	2.391926e-09
3.760000e+03	3.800000e+03	2.633372e-10	3.016577e-10	2.624810e-09
3.800000e+03	3.840000e+03	6.231365e-11	0.000000e+00	6.459718e-10
3.840000e+03	3.880000e+03	1.413435e-09	1.010085e-09	0.000000e+00
3.880000e+03	3.920000e+03	5.443630e-10	3.491239e-10	0.000000e+00
3.920000e+03	3.960000e+03	1.439152e-11	0.000000e+00	3.449070e-10
3.960000e+03	4.000000e+03	2.615570e-10	1.449223e-10	6.839425e-11
4.000000e+03	4.040000e+03	9.141210e-11	1.834558e-11	1.023646e-09
4.040000e+03	4.080000e+03	8.621747e-11	0.000000e+00	8.415908e-10
4.080000e+03	4.120000e+03	1.624352e-10	0.000000e+00	2.797095e-10
4.120000e+03	4.160000e+03	5.019873e-09	4.671256e-09	0.000000e+00
4.160000e+03	4.200000e+03	1.144779e-10	9.391291e-11	7.435139e-10
4.200000e+03	4.240000e+03	7.196415e-11	0.000000e+00	5.226310e-11
4.240000e+03	4.280000e+03	1.106750e-11	9.449469e-12	1.515111e-10
4.280000e+03	4.320000e+03	2.845187e-11	2.971374e-11	0.000000e+00
4.320000e+03	4.360000e+03	1.902414e-11	2.359630e-11	3.476588e-11
4.360000e+03	4.400000e+03	2.331897e-11	2.067501e-11	1.905934e-10
4.400000e+03	4.440000e+03	7.677515e-11	1.551770e-11	3.182066e-10
4.440000e+03	4.480000e+03	-6.758925e-11	0.000000e+00	8.669007e-11
4.480000e+03	4.520000e+03	7.653653e-12	0.000000e+00	1.264619e-10
4.520000e+03	4.560000e+03	2.877295e-11	2.932795e-11	0.000000e+00
4.560000e+03	4.600000e+03	-6.001365e-12	0.000000e+00	4.562519e-11
4.600000e+03	4.640000e+03	7.395215e-11	9.407445e-11	0.000000e+00
4.640000e+03	4.680000e+03	1.782371e-11	1.717275e-11	3.854912e-11
4.680000e+03	4.720000e+03	1.643295e-10	1.457201e-10	0.000000e+00
4.720000e+03	4.760000e+03	9.873638e-12	6.860835e-12	2.404831e-11
4.760000e+03	4.800000e+03	8.839675e-11	6.225002e-11	0.000000e+00
4.800000e+03	4.840000e+03	-1.671630e-12	0.000000e+00	1.757815e-11
4.840000e+03	4.880000e+03	-1.872469e-11	0.000000e+00	6.180662e-11
4.880000e+03	4.920000e+03	-1.193688e-11	0.000000e+00	1.376861e-11
4.920000e+03	4.960000e+03	5.438307e-13	4.718077e-13	1.050329e-12
4.960000e+03	5.000000e+03	1.129849e-11	1.193251e-11	1.597069e-11
5.000000e+03	5.040000e+03	1.632519e-11	4.217916e-11	0.000000e+00
5.040000e+03	5.080000e+03	1.808276e-11	1.847131e-11	0.000000e+00
5.080000e+03	5.120000e+03	1.337372e-12	7.758174e-12	0.000000e+00
5.120000e+03	5.160000e+03	9.944905e-13	0.000000e+00	9.347887e-12
5.160000e+03	5.200000e+03	-6.319535e-13	1.612387e-12	7.979614e-12
5.200000e+03	5.240000e+03	2.581575e-13	0.000000e+00	3.150289e-11
5.240000e+03	5.280000e+03	2.502925e-13	2.516655e-13	3.840053e-11
5.280000e+03	5.320000e+03	7.011625e-14	5.995036e-12	1.295054e-11
5.320000e+03	5.360000e+03	-1.006521e-11	0.000000e+00	1.479562e-11
5.360000e+03	5.400000e+03	7.669927e-13	7.594859e-13	1.553729e-11
5.400000e+03	5.440000e+03	9.917290e-12	9.334829e-12	0.000000e+00
5.440000e+03	5.480000e+03	1.220042e-11	1.174710e-11	0.000000e+00
5.480000e+03	5.520000e+03	-3.168040e-13	0.000000e+00	9.526515e-13
5.520000e+03	5.560000e+03	-3.275973e-14	0.000000e+00	6.215865e-13
5.560000e+03	5.600000e+03	3.253770e-14	2.839752e-14	0.000000e+00
5.600000e+03	5.640000e+03	4.671775e-13	4.671542e-13	9.680560e-13
5.640000e+03	5.680000e+03	3.344738e-12	3.344696e-12	0.000000e+00
5.680000e+03	5.720000e+03	4.971332e-14	0.000000e+00	1.475150e-12
5.720000e+03	5.760000e+03	1.912757e-12	6.410796e-11	0.000000e+00
5.760000e+03	5.800000e+03	4.647930e-16	0.000000e+00	1.442196e-13
5.800000e+03	5.840000e+03	2.778585e-14	2.750113e-14	0.000000e+00
5.840000e+03	5.880000e+03	4.137170e-17	0.000000e+00	8.615084e-13
5.880000e+03	5.920000e+03	6.115803e-12	8.800755e-12	0.000000e+00
5.920000e+03	5.960000e+03	3.273847e-14	3.261616e-14	0.000000e+00
5.960000e+03	6.000000e+03	1.837073e-13	1.836779e-13	0.000000e+00
# END HISTO1D


# BEGIN HISTO1D //homes/tinghua1/Merging-Project/Production/HJETS/ratio-plots/hjets-vbfnlo/H-2-3-4-25gev-combine.yoda/MC_H2JETS_07_TIGHT/j3j4_mass
ErrorBandColor=yellow
ErrorBandOpacity=0.3
ErrorBands=1
ErrorType=env
LineColor=yellow
LineStyle=solid
Path=//homes/tinghua1/Merging-Project/Production/HJETS/ratio-plots/hjets-vbfnlo/H-2-3-4-25gev-combine.yoda/MC_H2JETS_07_TIGHT/j3j4_mass
RatioPlotSameStyle=1
Title=h(2,3,4)
# xlow	 xhigh	 val	 errminus	 errplus
0.000000e+00	4.000000e+01	2.840370e-05	4.650160e-06	8.621425e-06
4.000000e+01	8.000000e+01	1.164782e-04	2.708215e-05	4.746470e-05
8.000000e+01	1.200000e+02	7.049425e-05	1.722732e-05	2.676580e-05
1.200000e+02	1.600000e+02	2.841275e-05	7.358183e-06	9.307175e-06
1.600000e+02	2.000000e+02	1.544482e-05	4.157997e-06	5.940367e-06
2.000000e+02	2.400000e+02	1.048318e-05	2.339078e-06	3.887792e-06
2.400000e+02	2.800000e+02	8.304557e-06	1.463270e-06	2.273253e-06
2.800000e+02	3.200000e+02	6.974060e-06	8.319250e-07	1.622645e-06
3.200000e+02	3.600000e+02	6.053845e-06	1.666772e-06	2.371528e-06
3.600000e+02	4.000000e+02	5.552908e-06	1.318003e-06	1.701027e-06
4.000000e+02	4.400000e+02	5.377723e-06	9.027350e-07	2.527248e-06
4.400000e+02	4.800000e+02	4.764473e-06	9.729825e-07	1.633612e-06
4.800000e+02	5.200000e+02	4.385065e-06	8.988100e-07	2.433825e-06
5.200000e+02	5.600000e+02	4.275090e-06	1.022873e-06	1.025680e-06
5.600000e+02	6.000000e+02	3.899808e-06	9.136150e-07	1.039683e-06
6.000000e+02	6.400000e+02	3.312625e-06	4.717850e-07	1.644235e-06
6.400000e+02	6.800000e+02	3.301057e-06	7.231325e-07	1.185268e-06
6.800000e+02	7.200000e+02	3.170045e-06	7.368478e-07	1.193050e-06
7.200000e+02	7.600000e+02	2.814885e-06	6.807460e-07	1.293730e-06
7.600000e+02	8.000000e+02	2.749587e-06	8.259192e-07	8.585925e-07
8.000000e+02	8.400000e+02	2.622795e-06	9.366358e-07	4.765200e-07
8.400000e+02	8.800000e+02	2.347215e-06	6.700307e-07	7.030323e-07
8.800000e+02	9.200000e+02	1.985481e-06	3.089350e-07	8.991940e-07
9.200000e+02	9.600000e+02	1.864212e-06	7.759797e-07	7.029258e-07
9.600000e+02	1.000000e+03	1.702314e-06	3.572760e-07	5.851393e-07
1.000000e+03	1.040000e+03	1.608133e-06	3.266435e-07	4.831742e-07
1.040000e+03	1.080000e+03	1.369760e-06	1.339588e-07	7.469567e-07
1.080000e+03	1.120000e+03	1.194481e-06	2.035427e-07	6.833125e-07
1.120000e+03	1.160000e+03	1.102359e-06	7.531100e-08	6.514140e-07
1.160000e+03	1.200000e+03	9.995980e-07	2.199393e-07	6.000537e-07
1.200000e+03	1.240000e+03	1.071404e-06	3.761710e-07	3.349650e-07
1.240000e+03	1.280000e+03	9.814793e-07	1.008555e-07	2.568545e-07
1.280000e+03	1.320000e+03	7.694100e-07	1.970702e-07	9.543065e-07
1.320000e+03	1.360000e+03	6.759327e-07	1.032617e-07	3.339413e-07
1.360000e+03	1.400000e+03	6.299813e-07	0.000000e+00	3.557277e-07
1.400000e+03	1.440000e+03	5.423843e-07	1.232245e-07	3.645032e-07
1.440000e+03	1.480000e+03	6.577380e-07	2.048660e-07	3.321560e-07
1.480000e+03	1.520000e+03	7.892463e-07	4.997050e-07	1.021597e-07
1.520000e+03	1.560000e+03	4.887235e-07	1.861770e-07	2.911142e-07
1.560000e+03	1.600000e+03	4.529958e-07	8.498725e-08	1.265947e-07
1.600000e+03	1.640000e+03	3.369620e-07	9.879365e-08	2.347372e-07
1.640000e+03	1.680000e+03	3.498272e-07	8.502400e-08	2.543267e-07
1.680000e+03	1.720000e+03	3.325830e-07	5.513025e-08	2.764127e-07
1.720000e+03	1.760000e+03	2.931148e-07	7.739518e-08	9.893575e-08
1.760000e+03	1.800000e+03	2.147535e-07	3.231980e-08	1.442818e-07
1.800000e+03	1.840000e+03	2.257198e-07	6.928060e-08	1.638639e-07
1.840000e+03	1.880000e+03	1.884648e-07	7.896875e-08	6.426640e-08
1.880000e+03	1.920000e+03	1.942302e-07	1.933420e-08	8.570085e-08
1.920000e+03	1.960000e+03	1.860466e-07	5.485940e-08	4.564952e-08
1.960000e+03	2.000000e+03	1.241807e-07	7.619800e-09	1.532978e-07
2.000000e+03	2.040000e+03	1.293559e-07	4.010340e-08	9.497510e-08
2.040000e+03	2.080000e+03	1.013837e-07	3.052315e-08	6.016160e-08
2.080000e+03	2.120000e+03	1.100619e-07	0.000000e+00	6.137180e-08
2.120000e+03	2.160000e+03	1.109835e-07	0.000000e+00	3.112408e-08
2.160000e+03	2.200000e+03	1.850991e-07	1.328166e-07	0.000000e+00
2.200000e+03	2.240000e+03	7.649130e-08	2.252235e-08	4.959042e-08
2.240000e+03	2.280000e+03	6.460575e-08	2.528298e-08	8.950212e-08
2.280000e+03	2.320000e+03	6.861462e-08	0.000000e+00	2.966463e-08
2.320000e+03	2.360000e+03	5.323790e-08	1.942920e-08	2.640712e-08
2.360000e+03	2.400000e+03	4.830138e-08	1.841033e-08	3.390232e-08
2.400000e+03	2.440000e+03	1.094474e-07	8.535673e-08	0.000000e+00
2.440000e+03	2.480000e+03	5.360295e-08	1.595647e-08	1.342485e-08
2.480000e+03	2.520000e+03	3.240652e-08	0.000000e+00	1.898727e-08
2.520000e+03	2.560000e+03	4.082358e-08	1.046967e-08	6.617175e-09
2.560000e+03	2.600000e+03	3.149098e-08	2.117583e-08	1.488020e-08
2.600000e+03	2.640000e+03	3.030847e-08	1.126169e-08	0.000000e+00
2.640000e+03	2.680000e+03	1.945739e-08	2.882025e-09	2.753076e-08
2.680000e+03	2.720000e+03	1.703741e-08	1.822772e-09	1.264947e-08
2.720000e+03	2.760000e+03	8.151990e-09	0.000000e+00	6.304249e-08
2.760000e+03	2.800000e+03	1.225026e-08	0.000000e+00	1.540069e-08
2.800000e+03	2.840000e+03	4.558485e-09	0.000000e+00	2.044821e-08
2.840000e+03	2.880000e+03	1.205726e-08	7.598000e-10	1.687514e-08
2.880000e+03	2.920000e+03	1.008935e-08	5.069113e-09	4.337437e-08
2.920000e+03	2.960000e+03	3.055870e-08	2.615724e-08	0.000000e+00
2.960000e+03	3.000000e+03	4.495658e-08	4.473738e-08	0.000000e+00
3.000000e+03	3.040000e+03	7.286330e-09	3.980105e-09	3.911687e-08
3.040000e+03	3.080000e+03	3.720832e-09	0.000000e+00	3.043160e-09
3.080000e+03	3.120000e+03	2.082846e-09	0.000000e+00	1.059514e-08
3.120000e+03	3.160000e+03	2.366123e-09	0.000000e+00	4.610612e-09
3.160000e+03	3.200000e+03	2.468578e-09	1.177168e-09	2.675727e-09
3.200000e+03	3.240000e+03	5.344498e-09	3.531040e-09	2.887650e-10
3.240000e+03	3.280000e+03	1.531982e-09	0.000000e+00	1.529133e-09
3.280000e+03	3.320000e+03	2.320388e-09	0.000000e+00	9.866107e-09
3.320000e+03	3.360000e+03	2.025132e-09	3.314250e-10	1.380802e-08
3.360000e+03	3.400000e+03	3.527553e-09	2.676822e-09	6.355382e-08
3.400000e+03	3.440000e+03	4.324928e-11	0.000000e+00	2.576773e-09
3.440000e+03	3.480000e+03	1.536206e-09	0.000000e+00	5.285349e-09
3.480000e+03	3.520000e+03	4.616835e-10	0.000000e+00	1.866614e-09
3.520000e+03	3.560000e+03	3.356400e-09	3.107969e-09	0.000000e+00
3.560000e+03	3.600000e+03	1.311380e-09	1.858044e-09	0.000000e+00
3.600000e+03	3.640000e+03	1.978358e-09	1.875429e-09	0.000000e+00
3.640000e+03	3.680000e+03	2.558133e-10	0.000000e+00	1.083873e-09
3.680000e+03	3.720000e+03	4.862085e-10	2.246777e-10	6.542220e-10
3.720000e+03	3.760000e+03	3.612223e-10	0.000000e+00	1.211208e-08
3.760000e+03	3.800000e+03	6.803708e-10	3.568778e-10	5.700553e-10
3.800000e+03	3.840000e+03	1.130681e-09	9.338817e-10	0.000000e+00
3.840000e+03	3.880000e+03	2.462808e-11	0.000000e+00	3.840462e-10
3.880000e+03	3.920000e+03	4.344930e-10	3.613541e-10	6.774070e-10
3.920000e+03	3.960000e+03	1.168522e-10	2.838747e-11	3.503616e-10
3.960000e+03	4.000000e+03	6.235785e-10	4.807734e-10	1.692790e-10
4.000000e+03	4.040000e+03	3.650250e-10	2.903069e-10	1.111850e-11
4.040000e+03	4.080000e+03	1.460422e-09	1.237906e-09	0.000000e+00
4.080000e+03	4.120000e+03	2.300791e-10	1.485082e-10	2.907165e-11
4.120000e+03	4.160000e+03	2.803410e-11	0.000000e+00	1.028452e-09
4.160000e+03	4.200000e+03	1.941152e-10	1.352660e-10	0.000000e+00
4.200000e+03	4.240000e+03	9.461078e-11	0.000000e+00	2.829402e-10
4.240000e+03	4.280000e+03	1.717213e-11	0.000000e+00	4.894470e-11
4.280000e+03	4.320000e+03	6.237313e-10	6.191060e-10	0.000000e+00
4.320000e+03	4.360000e+03	6.246895e-11	5.258712e-11	0.000000e+00
4.360000e+03	4.400000e+03	2.575930e-11	0.000000e+00	3.055783e-11
4.400000e+03	4.440000e+03	1.101698e-11	6.665607e-12	0.000000e+00
4.440000e+03	4.480000e+03	3.888132e-11	3.868723e-11	1.773098e-10
4.480000e+03	4.520000e+03	5.945340e-11	5.726364e-11	0.000000e+00
4.520000e+03	4.560000e+03	2.100325e-12	1.120406e-12	1.721120e-09
4.560000e+03	4.600000e+03	1.418741e-12	9.351945e-13	7.093853e-11
4.600000e+03	4.640000e+03	3.175630e-11	4.058638e-11	0.000000e+00
4.640000e+03	4.680000e+03	1.373916e-11	1.378371e-11	5.218872e-11
4.680000e+03	4.720000e+03	3.715507e-12	0.000000e+00	9.435994e-11
4.720000e+03	4.760000e+03	1.825023e-11	1.825456e-11	1.090391e-10
4.760000e+03	4.800000e+03	2.297946e-12	1.600290e-12	9.177652e-12
4.800000e+03	4.840000e+03	9.906228e-12	8.981810e-12	0.000000e+00
4.840000e+03	4.880000e+03	4.325062e-12	3.491665e-12	2.472479e-11
4.880000e+03	4.920000e+03	1.889350e-11	1.284209e-11	3.729717e-11
4.920000e+03	4.960000e+03	-1.570055e-11	0.000000e+00	6.060845e-11
4.960000e+03	5.000000e+03	5.201933e-11	5.198010e-11	0.000000e+00
5.000000e+03	5.040000e+03	2.205051e-12	2.197142e-12	6.201315e-11
5.040000e+03	5.080000e+03	3.868225e-13	9.768113e-13	7.062300e-13
5.080000e+03	5.120000e+03	5.766802e-12	8.431625e-13	1.905957e-10
5.120000e+03	5.160000e+03	2.451327e-10	2.448846e-10	0.000000e+00
5.160000e+03	5.200000e+03	6.894240e-12	6.403052e-12	0.000000e+00
5.200000e+03	5.240000e+03	8.766195e-15	0.000000e+00	2.735418e-13
5.240000e+03	5.280000e+03	4.791433e-15	3.859546e-15	2.823911e-13
5.280000e+03	5.320000e+03	2.094490e-13	0.000000e+00	2.089099e-09
5.320000e+03	5.360000e+03	1.553661e-14	1.148247e-14	3.019446e-14
5.360000e+03	5.400000e+03	2.005837e-13	1.963072e-13	9.423264e-11
5.400000e+03	5.440000e+03	4.272763e-13	4.164606e-13	0.000000e+00
5.440000e+03	5.480000e+03	4.788607e-15	1.387812e-14	1.246317e-14
5.480000e+03	5.520000e+03	1.336513e-14	1.335785e-14	0.000000e+00
5.520000e+03	5.560000e+03	2.780098e-15	1.141785e-15	7.666372e-13
5.560000e+03	5.600000e+03	1.662754e-12	1.658537e-12	0.000000e+00
5.600000e+03	5.640000e+03	5.461385e-15	5.230650e-15	7.689551e-14
5.640000e+03	5.680000e+03	1.501426e-13	1.501498e-13	0.000000e+00
5.680000e+03	5.720000e+03	4.268667e-12	4.268471e-12	6.076883e-12
5.720000e+03	5.760000e+03	7.603557e-17	0.000000e+00	1.917899e-13
5.760000e+03	5.800000e+03	1.700030e-15	1.697561e-15	3.809964e-14
5.800000e+03	5.840000e+03	2.280534e-17	2.240561e-17	1.707287e-12
5.840000e+03	5.880000e+03	-9.501365e-14	0.000000e+00	9.501365e-14
5.880000e+03	5.920000e+03	2.784875e-14	7.136013e-13	4.988228e-13
5.920000e+03	5.960000e+03	8.025608e-15	6.409006e-15	4.442244e-13
5.960000e+03	6.000000e+03	3.332065e-14	3.332065e-14	0.000000e+00
# END HISTO1D


# BEGIN HISTO1D //homes/tinghua1/Merging-Project/Production/HJETS/ratio-plots/hjets-vbfnlo/H-2-3-4-25gev-vbfnlo-combine.yoda/MC_H2JETS_07_TIGHT/j3j4_mass
ErrorBandColor=green
ErrorBandOpacity=0.3
ErrorBands=1
ErrorType=env
LineColor=green
LineStyle=solid
Path=//homes/tinghua1/Merging-Project/Production/HJETS/ratio-plots/hjets-vbfnlo/H-2-3-4-25gev-vbfnlo-combine.yoda/MC_H2JETS_07_TIGHT/j3j4_mass
RatioPlotSameStyle=1
Title=h(2,3,4)-vbfnlo
# xlow	 xhigh	 val	 errminus	 errplus
0.000000e+00	4.000000e+01	2.775030e-05	4.387180e-06	8.071975e-06
4.000000e+01	8.000000e+01	1.084401e-04	2.661395e-05	3.892108e-05
8.000000e+01	1.200000e+02	6.027208e-05	1.481270e-05	2.330847e-05
1.200000e+02	1.600000e+02	2.452344e-05	6.070855e-06	8.674632e-06
1.600000e+02	2.000000e+02	1.254518e-05	3.083457e-06	4.447628e-06
2.000000e+02	2.400000e+02	8.810948e-06	2.398288e-06	2.591560e-06
2.400000e+02	2.800000e+02	6.904390e-06	1.816585e-06	2.252655e-06
2.800000e+02	3.200000e+02	5.817935e-06	1.147057e-06	2.216730e-06
3.200000e+02	3.600000e+02	5.415322e-06	8.729100e-07	1.719850e-06
3.600000e+02	4.000000e+02	5.075460e-06	1.190187e-06	1.552120e-06
4.000000e+02	4.400000e+02	4.821333e-06	1.088625e-06	1.409815e-06
4.400000e+02	4.800000e+02	4.429410e-06	7.024900e-07	1.891477e-06
4.800000e+02	5.200000e+02	4.220708e-06	9.797025e-07	1.490902e-06
5.200000e+02	5.600000e+02	3.749020e-06	9.094925e-07	1.571322e-06
5.600000e+02	6.000000e+02	3.707865e-06	5.289775e-07	1.321083e-06
6.000000e+02	6.400000e+02	3.354310e-06	9.556895e-07	1.485630e-06
6.400000e+02	6.800000e+02	3.246808e-06	6.554350e-07	1.228168e-06
6.800000e+02	7.200000e+02	3.015820e-06	7.772000e-07	8.926375e-07
7.200000e+02	7.600000e+02	2.786435e-06	7.286013e-07	1.166375e-06
7.600000e+02	8.000000e+02	2.592677e-06	8.453222e-07	1.010353e-06
8.000000e+02	8.400000e+02	2.326611e-06	6.361387e-07	6.220060e-07
8.400000e+02	8.800000e+02	2.302683e-06	7.756283e-07	7.560270e-07
8.800000e+02	9.200000e+02	2.057821e-06	6.643665e-07	5.908163e-07
9.200000e+02	9.600000e+02	2.025687e-06	7.591720e-07	4.497440e-07
9.600000e+02	1.000000e+03	2.076706e-06	7.751365e-07	3.194187e-07
1.000000e+03	1.040000e+03	1.481993e-06	4.203845e-07	6.429005e-07
1.040000e+03	1.080000e+03	1.435982e-06	3.953385e-07	4.969405e-07
1.080000e+03	1.120000e+03	1.235861e-06	3.098683e-07	5.068670e-07
1.120000e+03	1.160000e+03	1.179855e-06	3.000520e-07	5.971585e-07
1.160000e+03	1.200000e+03	1.054086e-06	2.571760e-07	5.858585e-07
1.200000e+03	1.240000e+03	1.068091e-06	3.816072e-07	2.104230e-07
1.240000e+03	1.280000e+03	8.663600e-07	2.090085e-07	8.592605e-07
1.280000e+03	1.320000e+03	8.890992e-07	2.844662e-07	4.297805e-07
1.320000e+03	1.360000e+03	7.331732e-07	2.371060e-07	3.231787e-07
1.360000e+03	1.400000e+03	6.535723e-07	2.233690e-07	3.704530e-07
1.400000e+03	1.440000e+03	6.027905e-07	0.000000e+00	4.085492e-07
1.440000e+03	1.480000e+03	5.676843e-07	1.462473e-07	2.866200e-07
1.480000e+03	1.520000e+03	5.059003e-07	1.591618e-07	3.349255e-07
1.520000e+03	1.560000e+03	7.434680e-07	3.857702e-07	0.000000e+00
1.560000e+03	1.600000e+03	4.221965e-07	1.633230e-07	1.743123e-07
1.600000e+03	1.640000e+03	3.970185e-07	9.977750e-08	1.785865e-07
1.640000e+03	1.680000e+03	3.634458e-07	1.123445e-07	1.444360e-07
1.680000e+03	1.720000e+03	4.204747e-07	2.067382e-07	6.778575e-08
1.720000e+03	1.760000e+03	4.552172e-07	2.442817e-07	0.000000e+00
1.760000e+03	1.800000e+03	2.694268e-07	1.771900e-08	1.140462e-07
1.800000e+03	1.840000e+03	2.093684e-07	3.252185e-08	2.243741e-07
1.840000e+03	1.880000e+03	2.503070e-07	1.086428e-07	3.470225e-08
1.880000e+03	1.920000e+03	2.539815e-07	9.426817e-08	2.803450e-08
1.920000e+03	1.960000e+03	1.446956e-07	2.120090e-08	1.163474e-07
1.960000e+03	2.000000e+03	1.774270e-07	2.820518e-08	5.493612e-08
2.000000e+03	2.040000e+03	1.594045e-07	4.511800e-08	6.370737e-08
2.040000e+03	2.080000e+03	1.364704e-07	4.573733e-08	7.816940e-08
2.080000e+03	2.120000e+03	1.182618e-07	4.613285e-08	2.166270e-08
2.120000e+03	2.160000e+03	1.017355e-07	2.926762e-08	1.213552e-07
2.160000e+03	2.200000e+03	8.486517e-08	4.554150e-09	2.294080e-08
2.200000e+03	2.240000e+03	7.543605e-08	2.298205e-08	4.496920e-08
2.240000e+03	2.280000e+03	6.701983e-08	2.053667e-08	4.958187e-08
2.280000e+03	2.320000e+03	1.127324e-07	7.385630e-08	0.000000e+00
2.320000e+03	2.360000e+03	5.018272e-08	1.157537e-08	5.721563e-08
2.360000e+03	2.400000e+03	6.610135e-08	3.251112e-08	1.039720e-08
2.400000e+03	2.440000e+03	6.453690e-08	3.515567e-08	4.114575e-09
2.440000e+03	2.480000e+03	3.892713e-08	1.505347e-08	3.360820e-08
2.480000e+03	2.520000e+03	3.675983e-08	2.728148e-08	0.000000e+00
2.520000e+03	2.560000e+03	3.144790e-08	1.256710e-08	1.881975e-08
2.560000e+03	2.600000e+03	3.315468e-08	1.634685e-08	9.132650e-09
2.600000e+03	2.640000e+03	3.919742e-08	2.291689e-08	0.000000e+00
2.640000e+03	2.680000e+03	1.561315e-08	2.888727e-09	3.859840e-08
2.680000e+03	2.720000e+03	1.768230e-08	0.000000e+00	4.825585e-08
2.720000e+03	2.760000e+03	1.493177e-08	0.000000e+00	1.988025e-08
2.760000e+03	2.800000e+03	1.638973e-08	8.799133e-09	1.707680e-08
2.800000e+03	2.840000e+03	1.583214e-08	1.062355e-08	1.404008e-09
2.840000e+03	2.880000e+03	9.733955e-09	4.413235e-09	1.205001e-08
2.880000e+03	2.920000e+03	9.640373e-09	4.975875e-09	4.817740e-09
2.920000e+03	2.960000e+03	6.656322e-09	9.638680e-09	8.463500e-09
2.960000e+03	3.000000e+03	6.796645e-09	1.547133e-09	5.126837e-09
3.000000e+03	3.040000e+03	1.324594e-08	8.383113e-09	0.000000e+00
3.040000e+03	3.080000e+03	6.775965e-09	4.232537e-09	7.785335e-09
3.080000e+03	3.120000e+03	3.691170e-09	0.000000e+00	6.396695e-09
3.120000e+03	3.160000e+03	3.588487e-10	0.000000e+00	1.285851e-08
3.160000e+03	3.200000e+03	1.516108e-09	0.000000e+00	9.419039e-09
3.200000e+03	3.240000e+03	1.105465e-08	8.631075e-09	0.000000e+00
3.240000e+03	3.280000e+03	3.365768e-09	0.000000e+00	3.610755e-09
3.280000e+03	3.320000e+03	3.524873e-09	2.361404e-09	1.287800e-10
3.320000e+03	3.360000e+03	4.534590e-09	3.513480e-09	0.000000e+00
3.360000e+03	3.400000e+03	2.447833e-09	1.124166e-09	1.559367e-10
3.400000e+03	3.440000e+03	3.085637e-09	1.143661e-09	1.696158e-09
3.440000e+03	3.480000e+03	9.750197e-09	8.683765e-09	0.000000e+00
3.480000e+03	3.520000e+03	1.248206e-09	0.000000e+00	2.031949e-09
3.520000e+03	3.560000e+03	1.465120e-09	1.097180e-09	0.000000e+00
3.560000e+03	3.600000e+03	2.187242e-09	1.613718e-09	1.892474e-09
3.600000e+03	3.640000e+03	3.951352e-10	9.302090e-10	9.862325e-11
3.640000e+03	3.680000e+03	8.872512e-10	3.108739e-09	1.015518e-09
3.680000e+03	3.720000e+03	5.238165e-10	8.250912e-10	6.054160e-10
3.720000e+03	3.760000e+03	2.552528e-10	0.000000e+00	5.769140e-10
3.760000e+03	3.800000e+03	1.061055e-09	8.611447e-10	0.000000e+00
3.800000e+03	3.840000e+03	3.795240e-10	1.337785e-10	3.112975e-10
3.840000e+03	3.880000e+03	2.109765e-09	1.624381e-09	0.000000e+00
3.880000e+03	3.920000e+03	1.352191e-09	1.242356e-09	0.000000e+00
3.920000e+03	3.960000e+03	1.568840e-10	0.000000e+00	1.279241e-09
3.960000e+03	4.000000e+03	2.056192e-10	0.000000e+00	3.675391e-10
4.000000e+03	4.040000e+03	1.550227e-10	9.684365e-11	3.071036e-10
4.040000e+03	4.080000e+03	8.934018e-11	7.358349e-11	0.000000e+00
4.080000e+03	4.120000e+03	3.148833e-10	2.623497e-10	3.476270e-10
4.120000e+03	4.160000e+03	1.534981e-10	4.882535e-11	4.538472e-11
4.160000e+03	4.200000e+03	5.160405e-11	0.000000e+00	5.958265e-10
4.200000e+03	4.240000e+03	2.342460e-10	1.830439e-10	8.915803e-11
4.240000e+03	4.280000e+03	2.158057e-10	1.962232e-10	1.105443e-09
4.280000e+03	4.320000e+03	3.451018e-11	1.442755e-11	5.668468e-10
4.320000e+03	4.360000e+03	1.732563e-10	5.723407e-11	2.080485e-10
4.360000e+03	4.400000e+03	9.121293e-11	5.895465e-11	0.000000e+00
4.400000e+03	4.440000e+03	4.742910e-11	3.693123e-11	9.766000e-13
4.440000e+03	4.480000e+03	5.270925e-12	0.000000e+00	5.387148e-11
4.480000e+03	4.520000e+03	5.914857e-12	0.000000e+00	5.615834e-11
4.520000e+03	4.560000e+03	4.560377e-13	0.000000e+00	6.082529e-11
4.560000e+03	4.600000e+03	5.912705e-11	5.322289e-11	0.000000e+00
4.600000e+03	4.640000e+03	8.800422e-13	0.000000e+00	5.595333e-12
4.640000e+03	4.680000e+03	4.346425e-12	1.585265e-12	5.938085e-11
4.680000e+03	4.720000e+03	1.062727e-10	1.019219e-10	0.000000e+00
4.720000e+03	4.760000e+03	2.662028e-12	0.000000e+00	1.335323e-10
4.760000e+03	4.800000e+03	2.715055e-11	2.700881e-11	1.625781e-10
4.800000e+03	4.840000e+03	1.352431e-12	0.000000e+00	9.766695e-12
4.840000e+03	4.880000e+03	3.339672e-11	3.132326e-11	0.000000e+00
4.880000e+03	4.920000e+03	3.030640e-11	2.985789e-11	5.917203e-11
4.920000e+03	4.960000e+03	6.686552e-13	5.237308e-13	9.523222e-12
4.960000e+03	5.000000e+03	4.504562e-12	3.653543e-12	9.489131e-11
5.000000e+03	5.040000e+03	7.702320e-14	0.000000e+00	4.296112e-12
5.040000e+03	5.080000e+03	5.664665e-14	5.611101e-14	6.786031e-12
5.080000e+03	5.120000e+03	4.174400e-11	4.174122e-11	0.000000e+00
5.120000e+03	5.160000e+03	4.926023e-13	3.610089e-13	3.167875e-14
5.160000e+03	5.200000e+03	5.947187e-14	4.381993e-14	5.664258e-12
5.200000e+03	5.240000e+03	8.548995e-13	8.650627e-13	0.000000e+00
5.240000e+03	5.280000e+03	1.001911e-13	0.000000e+00	2.110591e-11
5.280000e+03	5.320000e+03	2.563290e-13	2.698229e-13	1.531202e-12
5.320000e+03	5.360000e+03	8.622570e-14	4.114552e-14	5.620207e-11
5.360000e+03	5.400000e+03	1.139610e-12	1.096990e-12	0.000000e+00
5.400000e+03	5.440000e+03	3.485115e-11	3.483898e-11	0.000000e+00
5.440000e+03	5.480000e+03	2.568693e-14	1.895529e-14	1.612934e-11
5.480000e+03	5.520000e+03	2.508170e-11	2.506596e-11	0.000000e+00
5.520000e+03	5.560000e+03	2.704803e-14	0.000000e+00	5.156900e-13
5.560000e+03	5.600000e+03	3.919063e-13	4.603750e-14	2.330300e-11
5.600000e+03	5.640000e+03	3.513885e-13	0.000000e+00	2.776499e-11
5.640000e+03	5.680000e+03	3.051642e-12	3.051593e-12	0.000000e+00
5.680000e+03	5.720000e+03	4.473908e-15	0.000000e+00	3.927963e-13
5.720000e+03	5.760000e+03	2.321070e-12	2.317786e-12	1.011367e-12
5.760000e+03	5.800000e+03	1.520092e-16	0.000000e+00	2.302602e-14
5.800000e+03	5.840000e+03	3.929885e-16	0.000000e+00	1.749081e-14
5.840000e+03	5.880000e+03	1.741068e-12	1.722948e-12	2.856437e-13
5.880000e+03	5.920000e+03	1.485683e-12	5.260526e-12	0.000000e+00
5.920000e+03	5.960000e+03	4.080587e-15	4.090763e-15	0.000000e+00
5.960000e+03	6.000000e+03	8.446595e-13	6.886560e-13	0.000000e+00
# END HISTO1D


# BEGIN HISTO1D //homes/tinghua1/Merging-Project/Production/HJETS/ratio-plots/hjets-vbfnlo/H-2-3-25gev-combine.yoda/MC_H2JETS_07_TIGHT/j3j4_mass
ErrorBandColor=purple
ErrorBandOpacity=0.3
ErrorBands=1
ErrorType=env
LineColor=purple
LineStyle=solid
Path=//homes/tinghua1/Merging-Project/Production/HJETS/ratio-plots/hjets-vbfnlo/H-2-3-25gev-combine.yoda/MC_H2JETS_07_TIGHT/j3j4_mass
RatioPlotSameStyle=1
Title=h(2,3)
# xlow	 xhigh	 val	 errminus	 errplus
0.000000e+00	4.000000e+01	2.384114e-05	0.000000e+00	1.234589e-05
4.000000e+01	8.000000e+01	7.817522e-05	0.000000e+00	6.292405e-05
8.000000e+01	1.200000e+02	4.000840e-05	0.000000e+00	3.483852e-05
1.200000e+02	1.600000e+02	1.497635e-05	0.000000e+00	1.398887e-05
1.600000e+02	2.000000e+02	8.923080e-06	0.000000e+00	6.631313e-06
2.000000e+02	2.400000e+02	5.907975e-06	0.000000e+00	4.915060e-06
2.400000e+02	2.800000e+02	4.800843e-06	0.000000e+00	3.615233e-06
2.800000e+02	3.200000e+02	4.219428e-06	0.000000e+00	3.171730e-06
3.200000e+02	3.600000e+02	3.952745e-06	0.000000e+00	2.680370e-06
3.600000e+02	4.000000e+02	3.695598e-06	0.000000e+00	2.655473e-06
4.000000e+02	4.400000e+02	3.258705e-06	0.000000e+00	2.850560e-06
4.400000e+02	4.800000e+02	3.189200e-06	0.000000e+00	2.546650e-06
4.800000e+02	5.200000e+02	2.991787e-06	0.000000e+00	2.420982e-06
5.200000e+02	5.600000e+02	2.867370e-06	0.000000e+00	2.147707e-06
5.600000e+02	6.000000e+02	2.611105e-06	0.000000e+00	2.039287e-06
6.000000e+02	6.400000e+02	2.466191e-06	0.000000e+00	1.843211e-06
6.400000e+02	6.800000e+02	2.127659e-06	0.000000e+00	1.928534e-06
6.800000e+02	7.200000e+02	2.068337e-06	0.000000e+00	1.758711e-06
7.200000e+02	7.600000e+02	1.919181e-06	0.000000e+00	1.400846e-06
7.600000e+02	8.000000e+02	1.876748e-06	0.000000e+00	1.391767e-06
8.000000e+02	8.400000e+02	1.612720e-06	0.000000e+00	1.462547e-06
8.400000e+02	8.800000e+02	1.447774e-06	0.000000e+00	1.481268e-06
8.800000e+02	9.200000e+02	1.361782e-06	0.000000e+00	1.155665e-06
9.200000e+02	9.600000e+02	1.287141e-06	0.000000e+00	1.044266e-06
9.600000e+02	1.000000e+03	1.102814e-06	0.000000e+00	1.074084e-06
1.000000e+03	1.040000e+03	1.047580e-06	0.000000e+00	9.865932e-07
1.040000e+03	1.080000e+03	9.785900e-07	0.000000e+00	7.863348e-07
1.080000e+03	1.120000e+03	8.730957e-07	0.000000e+00	7.933342e-07
1.120000e+03	1.160000e+03	7.431470e-07	0.000000e+00	8.224790e-07
1.160000e+03	1.200000e+03	7.073662e-07	0.000000e+00	7.438588e-07
1.200000e+03	1.240000e+03	6.414702e-07	0.000000e+00	5.615135e-07
1.240000e+03	1.280000e+03	5.912597e-07	0.000000e+00	5.768665e-07
1.280000e+03	1.320000e+03	5.141585e-07	0.000000e+00	6.009335e-07
1.320000e+03	1.360000e+03	4.853342e-07	0.000000e+00	5.427140e-07
1.360000e+03	1.400000e+03	4.508895e-07	0.000000e+00	4.514165e-07
1.400000e+03	1.440000e+03	3.593358e-07	0.000000e+00	5.249177e-07
1.440000e+03	1.480000e+03	3.619697e-07	0.000000e+00	4.012842e-07
1.480000e+03	1.520000e+03	3.194745e-07	0.000000e+00	2.906610e-07
1.520000e+03	1.560000e+03	2.940522e-07	0.000000e+00	3.144880e-07
1.560000e+03	1.600000e+03	2.863852e-07	0.000000e+00	2.868083e-07
1.600000e+03	1.640000e+03	2.747667e-07	0.000000e+00	2.596908e-07
1.640000e+03	1.680000e+03	2.484289e-07	0.000000e+00	2.232536e-07
1.680000e+03	1.720000e+03	1.905056e-07	0.000000e+00	1.843127e-07
1.720000e+03	1.760000e+03	1.481898e-07	0.000000e+00	2.676972e-07
1.760000e+03	1.800000e+03	1.488036e-07	0.000000e+00	1.762577e-07
1.800000e+03	1.840000e+03	1.552878e-07	0.000000e+00	2.023567e-07
1.840000e+03	1.880000e+03	1.359023e-07	0.000000e+00	1.447802e-07
1.880000e+03	1.920000e+03	1.363197e-07	0.000000e+00	9.783178e-08
1.920000e+03	1.960000e+03	1.297870e-07	0.000000e+00	1.133349e-07
1.960000e+03	2.000000e+03	9.206350e-08	0.000000e+00	1.680230e-07
2.000000e+03	2.040000e+03	8.280910e-08	0.000000e+00	9.785522e-08
2.040000e+03	2.080000e+03	6.400470e-08	0.000000e+00	8.625080e-08
2.080000e+03	2.120000e+03	8.716818e-08	0.000000e+00	8.209032e-08
2.120000e+03	2.160000e+03	7.987730e-08	0.000000e+00	5.575175e-08
2.160000e+03	2.200000e+03	5.162345e-08	0.000000e+00	6.700365e-08
2.200000e+03	2.240000e+03	5.122355e-08	0.000000e+00	5.362255e-08
2.240000e+03	2.280000e+03	3.717130e-08	0.000000e+00	6.388928e-08
2.280000e+03	2.320000e+03	4.546670e-08	0.000000e+00	3.278152e-08
2.320000e+03	2.360000e+03	2.280443e-08	0.000000e+00	4.273115e-08
2.360000e+03	2.400000e+03	2.236685e-08	0.000000e+00	4.232135e-08
2.400000e+03	2.440000e+03	2.861853e-08	0.000000e+00	4.196240e-08
2.440000e+03	2.480000e+03	2.026310e-08	0.000000e+00	4.049575e-08
2.480000e+03	2.520000e+03	2.220194e-08	0.000000e+00	3.148391e-08
2.520000e+03	2.560000e+03	1.749858e-08	0.000000e+00	2.780457e-08
2.560000e+03	2.600000e+03	1.593231e-08	0.000000e+00	3.504871e-08
2.600000e+03	2.640000e+03	7.352215e-09	0.000000e+00	2.630039e-08
2.640000e+03	2.680000e+03	9.158015e-09	0.000000e+00	2.042781e-08
2.680000e+03	2.720000e+03	1.168329e-08	0.000000e+00	1.325351e-08
2.720000e+03	2.760000e+03	9.150125e-09	0.000000e+00	1.035631e-08
2.760000e+03	2.800000e+03	8.808640e-09	0.000000e+00	1.442402e-08
2.800000e+03	2.840000e+03	9.014882e-09	0.000000e+00	1.068747e-08
2.840000e+03	2.880000e+03	2.591542e-09	0.000000e+00	1.117633e-08
2.880000e+03	2.920000e+03	7.776400e-09	1.128075e-10	1.979370e-09
2.920000e+03	2.960000e+03	5.931903e-09	0.000000e+00	7.566472e-09
2.960000e+03	3.000000e+03	6.826830e-09	0.000000e+00	1.489867e-09
3.000000e+03	3.040000e+03	2.870410e-09	0.000000e+00	6.050662e-09
3.040000e+03	3.080000e+03	2.146862e-09	0.000000e+00	1.073965e-08
3.080000e+03	3.120000e+03	6.799030e-09	2.751293e-09	1.328840e-09
3.120000e+03	3.160000e+03	4.110020e-09	0.000000e+00	6.355720e-09
3.160000e+03	3.200000e+03	1.308910e-09	0.000000e+00	4.888168e-09
3.200000e+03	3.240000e+03	1.473822e-09	0.000000e+00	3.594681e-09
3.240000e+03	3.280000e+03	1.260973e-09	0.000000e+00	4.737107e-09
3.280000e+03	3.320000e+03	1.197734e-09	0.000000e+00	2.058543e-09
3.320000e+03	3.360000e+03	1.855924e-09	1.521847e-09	2.083062e-09
3.360000e+03	3.400000e+03	5.387265e-10	0.000000e+00	2.182083e-09
3.400000e+03	3.440000e+03	1.066066e-09	0.000000e+00	1.047757e-09
3.440000e+03	3.480000e+03	5.647195e-10	0.000000e+00	4.948155e-09
3.480000e+03	3.520000e+03	2.488772e-10	0.000000e+00	1.716109e-09
3.520000e+03	3.560000e+03	7.655570e-10	0.000000e+00	1.233408e-09
3.560000e+03	3.600000e+03	4.737498e-10	0.000000e+00	1.097277e-09
3.600000e+03	3.640000e+03	5.896437e-10	3.221600e-11	1.382273e-09
3.640000e+03	3.680000e+03	7.410925e-10	2.057321e-09	0.000000e+00
3.680000e+03	3.720000e+03	3.246187e-10	1.131448e-10	1.592164e-09
3.720000e+03	3.760000e+03	1.461793e-10	0.000000e+00	1.029576e-09
3.760000e+03	3.800000e+03	5.348548e-10	0.000000e+00	1.749950e-10
3.800000e+03	3.840000e+03	2.211415e-10	0.000000e+00	3.582040e-10
3.840000e+03	3.880000e+03	2.410689e-10	0.000000e+00	4.812396e-10
3.880000e+03	3.920000e+03	1.735128e-10	3.991945e-11	2.090168e-09
3.920000e+03	3.960000e+03	5.019448e-11	0.000000e+00	2.470545e-10
3.960000e+03	4.000000e+03	-5.022073e-11	0.000000e+00	3.379035e-10
4.000000e+03	4.040000e+03	1.967627e-11	0.000000e+00	3.928592e-10
4.040000e+03	4.080000e+03	1.163805e-10	7.942467e-11	0.000000e+00
4.080000e+03	4.120000e+03	6.271565e-11	0.000000e+00	8.780420e-11
4.120000e+03	4.160000e+03	3.425628e-11	0.000000e+00	2.067295e-10
4.160000e+03	4.200000e+03	8.291500e-11	5.460815e-11	0.000000e+00
4.200000e+03	4.240000e+03	3.639697e-12	0.000000e+00	1.697748e-10
4.240000e+03	4.280000e+03	1.488271e-10	1.119302e-10	0.000000e+00
4.280000e+03	4.320000e+03	9.514040e-11	8.252067e-11	0.000000e+00
4.320000e+03	4.360000e+03	6.307533e-12	0.000000e+00	6.530259e-11
4.360000e+03	4.400000e+03	2.138993e-11	0.000000e+00	1.916592e-11
4.400000e+03	4.440000e+03	2.463520e-11	0.000000e+00	5.390610e-10
4.440000e+03	4.480000e+03	3.512902e-12	0.000000e+00	3.704080e-11
4.480000e+03	4.520000e+03	5.355790e-12	0.000000e+00	5.055803e-11
4.520000e+03	4.560000e+03	1.274477e-13	0.000000e+00	8.512808e-11
4.560000e+03	4.600000e+03	8.287738e-12	7.949863e-12	0.000000e+00
4.600000e+03	4.640000e+03	4.745432e-13	0.000000e+00	1.599271e-11
4.640000e+03	4.680000e+03	4.953450e-12	1.120997e-12	9.306690e-11
4.680000e+03	4.720000e+03	9.741525e-13	0.000000e+00	1.173394e-10
4.720000e+03	4.760000e+03	6.736135e-12	0.000000e+00	1.764585e-10
4.760000e+03	4.800000e+03	1.078583e-12	5.991780e-13	1.213398e-10
4.800000e+03	4.840000e+03	7.061150e-14	0.000000e+00	4.615019e-11
4.840000e+03	4.880000e+03	9.276193e-13	0.000000e+00	3.956766e-11
4.880000e+03	4.920000e+03	7.253812e-12	0.000000e+00	3.254300e-12
4.920000e+03	4.960000e+03	1.218152e-13	7.616070e-14	5.650885e-12
4.960000e+03	5.000000e+03	6.070570e-15	0.000000e+00	8.053783e-11
5.000000e+03	5.040000e+03	2.696737e-12	2.510275e-12	0.000000e+00
5.040000e+03	5.080000e+03	3.277167e-14	2.656500e-15	2.927343e-13
5.080000e+03	5.120000e+03	5.377702e-13	4.757375e-14	9.179520e-13
5.120000e+03	5.160000e+03	5.611858e-11	5.388527e-11	0.000000e+00
5.160000e+03	5.200000e+03	2.131745e-11	2.148652e-11	0.000000e+00
5.200000e+03	5.240000e+03	8.038360e-14	4.896565e-14	2.659744e-13
5.240000e+03	5.280000e+03	3.061230e-13	3.060416e-13	0.000000e+00
5.280000e+03	5.320000e+03	4.380190e-14	3.793935e-14	9.275852e-14
5.320000e+03	5.360000e+03	1.959480e-14	0.000000e+00	1.919649e-12
5.360000e+03	5.400000e+03	8.436402e-13	1.131409e-12	0.000000e+00
5.400000e+03	5.440000e+03	1.450384e-11	1.450618e-11	0.000000e+00
5.440000e+03	5.480000e+03	3.618722e-13	3.617147e-13	0.000000e+00
5.480000e+03	5.520000e+03	2.280864e-13	2.216840e-13	6.081950e-15
5.520000e+03	5.560000e+03	4.413090e-16	0.000000e+00	1.397908e-11
5.560000e+03	5.600000e+03	9.670200e-13	9.334268e-13	0.000000e+00
5.600000e+03	5.640000e+03	1.452228e-16	0.000000e+00	1.094701e-13
5.640000e+03	5.680000e+03	4.648057e-16	0.000000e+00	2.663405e-12
5.680000e+03	5.720000e+03	5.266700e-16	0.000000e+00	6.457731e-12
5.720000e+03	5.760000e+03	2.739620e-14	2.334105e-14	2.051675e-14
5.760000e+03	5.800000e+03	4.433530e-14	4.198708e-14	0.000000e+00
5.800000e+03	5.840000e+03	2.083694e-15	2.026682e-15	1.530486e-15
5.840000e+03	5.880000e+03	1.852418e-16	1.529438e-16	9.766137e-16
5.880000e+03	5.920000e+03	4.204397e-27	0.000000e+00	7.240407e-13
5.920000e+03	5.960000e+03	5.733110e-17	4.261532e-17	5.265769e-14
5.960000e+03	6.000000e+03	8.634850e-16	0.000000e+00	5.214497e-12
# END HISTO1D


# BEGIN HISTO1D //homes/tinghua1/Merging-Project/Production/HJETS/ratio-plots/hjets-vbfnlo/H-2-3-25gev-vbfnlo-combine.yoda/MC_H2JETS_07_TIGHT/j3j4_mass
ErrorBandColor=violet
ErrorBandOpacity=0.3
ErrorBands=1
ErrorType=env
LineColor=violet
LineStyle=solid
Path=//homes/tinghua1/Merging-Project/Production/HJETS/ratio-plots/hjets-vbfnlo/H-2-3-25gev-vbfnlo-combine.yoda/MC_H2JETS_07_TIGHT/j3j4_mass
RatioPlotSameStyle=1
Title=h(2,3)-vbfnlo
# xlow	 xhigh	 val	 errminus	 errplus
0.000000e+00	4.000000e+01	3.548155e-05	1.213220e-05	0.000000e+00
4.000000e+01	8.000000e+01	1.316031e-04	5.923595e-05	0.000000e+00
8.000000e+01	1.200000e+02	6.458305e-05	2.960020e-05	0.000000e+00
1.200000e+02	1.600000e+02	2.501848e-05	1.154168e-05	0.000000e+00
1.600000e+02	2.000000e+02	1.305357e-05	5.815077e-06	0.000000e+00
2.000000e+02	2.400000e+02	8.855660e-06	3.795583e-06	0.000000e+00
2.400000e+02	2.800000e+02	7.342842e-06	3.157230e-06	0.000000e+00
2.800000e+02	3.200000e+02	6.485875e-06	2.690463e-06	0.000000e+00
3.200000e+02	3.600000e+02	6.161787e-06	2.618660e-06	0.000000e+00
3.600000e+02	4.000000e+02	5.822332e-06	2.497090e-06	0.000000e+00
4.000000e+02	4.400000e+02	5.633883e-06	2.445188e-06	0.000000e+00
4.400000e+02	4.800000e+02	5.234513e-06	2.093448e-06	0.000000e+00
4.800000e+02	5.200000e+02	5.019835e-06	2.228762e-06	0.000000e+00
5.200000e+02	5.600000e+02	4.734640e-06	2.077037e-06	0.000000e+00
5.600000e+02	6.000000e+02	4.470362e-06	2.031084e-06	0.000000e+00
6.000000e+02	6.400000e+02	4.168432e-06	1.857397e-06	0.000000e+00
6.400000e+02	6.800000e+02	3.957968e-06	1.899727e-06	0.000000e+00
6.800000e+02	7.200000e+02	3.752650e-06	1.724708e-06	0.000000e+00
7.200000e+02	7.600000e+02	3.379975e-06	1.487040e-06	0.000000e+00
7.600000e+02	8.000000e+02	3.169797e-06	1.442037e-06	0.000000e+00
8.000000e+02	8.400000e+02	2.939915e-06	1.366120e-06	0.000000e+00
8.400000e+02	8.800000e+02	2.758763e-06	1.370995e-06	0.000000e+00
8.800000e+02	9.200000e+02	2.482694e-06	1.145929e-06	0.000000e+00
9.200000e+02	9.600000e+02	2.365117e-06	1.155895e-06	0.000000e+00
9.600000e+02	1.000000e+03	2.112380e-06	9.953435e-07	0.000000e+00
1.000000e+03	1.040000e+03	1.971312e-06	9.319185e-07	0.000000e+00
1.040000e+03	1.080000e+03	1.862508e-06	9.014508e-07	0.000000e+00
1.080000e+03	1.120000e+03	1.685112e-06	9.048012e-07	0.000000e+00
1.120000e+03	1.160000e+03	1.486688e-06	7.084170e-07	0.000000e+00
1.160000e+03	1.200000e+03	1.388648e-06	6.861380e-07	0.000000e+00
1.200000e+03	1.240000e+03	1.270462e-06	5.998203e-07	0.000000e+00
1.240000e+03	1.280000e+03	1.143061e-06	5.599282e-07	0.000000e+00
1.280000e+03	1.320000e+03	1.088806e-06	5.723755e-07	0.000000e+00
1.320000e+03	1.360000e+03	9.935113e-07	5.080553e-07	0.000000e+00
1.360000e+03	1.400000e+03	9.127815e-07	4.903880e-07	0.000000e+00
1.400000e+03	1.440000e+03	7.863437e-07	3.686102e-07	0.000000e+00
1.440000e+03	1.480000e+03	7.316565e-07	3.717247e-07	0.000000e+00
1.480000e+03	1.520000e+03	6.817965e-07	3.500142e-07	0.000000e+00
1.520000e+03	1.560000e+03	6.122510e-07	3.132252e-07	0.000000e+00
1.560000e+03	1.600000e+03	5.323682e-07	2.766830e-07	0.000000e+00
1.600000e+03	1.640000e+03	5.578335e-07	3.032500e-07	0.000000e+00
1.640000e+03	1.680000e+03	4.601247e-07	2.431435e-07	0.000000e+00
1.680000e+03	1.720000e+03	4.233535e-07	2.244949e-07	0.000000e+00
1.720000e+03	1.760000e+03	3.641735e-07	1.819503e-07	0.000000e+00
1.760000e+03	1.800000e+03	3.716772e-07	2.329000e-07	0.000000e+00
1.800000e+03	1.840000e+03	3.087575e-07	1.531869e-07	0.000000e+00
1.840000e+03	1.880000e+03	3.060150e-07	1.787850e-07	0.000000e+00
1.880000e+03	1.920000e+03	2.713055e-07	1.457441e-07	0.000000e+00
1.920000e+03	1.960000e+03	2.397082e-07	1.309838e-07	0.000000e+00
1.960000e+03	2.000000e+03	2.102597e-07	1.173844e-07	0.000000e+00
2.000000e+03	2.040000e+03	1.861401e-07	9.504128e-08	0.000000e+00
2.040000e+03	2.080000e+03	1.705466e-07	1.012242e-07	0.000000e+00
2.080000e+03	2.120000e+03	1.565208e-07	7.648175e-08	0.000000e+00
2.120000e+03	2.160000e+03	1.249605e-07	5.794705e-08	0.000000e+00
2.160000e+03	2.200000e+03	1.232987e-07	6.321573e-08	0.000000e+00
2.200000e+03	2.240000e+03	1.027699e-07	5.189380e-08	0.000000e+00
2.240000e+03	2.280000e+03	9.309450e-08	4.618938e-08	0.000000e+00
2.280000e+03	2.320000e+03	1.053209e-07	6.652103e-08	0.000000e+00
2.320000e+03	2.360000e+03	6.894533e-08	3.101403e-08	0.000000e+00
2.360000e+03	2.400000e+03	7.545983e-08	4.498230e-08	0.000000e+00
2.400000e+03	2.440000e+03	6.230008e-08	3.408900e-08	0.000000e+00
2.440000e+03	2.480000e+03	5.891050e-08	3.615570e-08	0.000000e+00
2.480000e+03	2.520000e+03	4.702650e-08	2.071365e-08	0.000000e+00
2.520000e+03	2.560000e+03	4.206267e-08	2.368047e-08	0.000000e+00
2.560000e+03	2.600000e+03	4.142715e-08	2.716230e-08	0.000000e+00
2.600000e+03	2.640000e+03	3.468902e-08	1.686164e-08	0.000000e+00
2.640000e+03	2.680000e+03	3.064555e-08	1.860108e-08	0.000000e+00
2.680000e+03	2.720000e+03	2.893068e-08	1.806253e-08	0.000000e+00
2.720000e+03	2.760000e+03	2.133997e-08	1.263564e-08	0.000000e+00
2.760000e+03	2.800000e+03	2.602167e-08	1.982779e-08	0.000000e+00
2.800000e+03	2.840000e+03	1.926063e-08	1.145317e-08	0.000000e+00
2.840000e+03	2.880000e+03	1.727411e-08	1.058762e-08	0.000000e+00
2.880000e+03	2.920000e+03	1.385401e-08	8.456583e-09	0.000000e+00
2.920000e+03	2.960000e+03	9.563727e-09	5.843152e-09	0.000000e+00
2.960000e+03	3.000000e+03	1.582723e-08	1.074402e-08	0.000000e+00
3.000000e+03	3.040000e+03	8.585370e-09	4.562748e-09	0.000000e+00
3.040000e+03	3.080000e+03	6.330107e-09	1.587475e-09	9.683675e-10
3.080000e+03	3.120000e+03	7.913997e-09	3.811725e-09	0.000000e+00
3.120000e+03	3.160000e+03	8.780325e-09	5.548595e-09	0.000000e+00
3.160000e+03	3.200000e+03	4.553065e-09	1.507558e-09	0.000000e+00
3.200000e+03	3.240000e+03	5.297365e-09	2.193882e-09	0.000000e+00
3.240000e+03	3.280000e+03	4.985665e-09	3.115337e-09	0.000000e+00
3.280000e+03	3.320000e+03	4.689938e-09	3.027486e-09	0.000000e+00
3.320000e+03	3.360000e+03	3.489593e-09	2.395247e-09	0.000000e+00
3.360000e+03	3.400000e+03	2.974382e-09	1.264526e-09	0.000000e+00
3.400000e+03	3.440000e+03	2.425631e-09	1.752086e-09	0.000000e+00
3.440000e+03	3.480000e+03	2.114957e-09	1.615511e-09	0.000000e+00
3.480000e+03	3.520000e+03	2.471430e-09	3.073714e-09	0.000000e+00
3.520000e+03	3.560000e+03	1.385614e-09	0.000000e+00	7.152973e-10
3.560000e+03	3.600000e+03	1.646251e-09	1.122856e-09	0.000000e+00
3.600000e+03	3.640000e+03	1.183211e-09	7.475303e-10	1.920639e-09
3.640000e+03	3.680000e+03	1.042864e-09	7.905197e-10	0.000000e+00
3.680000e+03	3.720000e+03	1.613357e-09	9.447530e-10	0.000000e+00
3.720000e+03	3.760000e+03	6.165260e-10	1.421610e-10	0.000000e+00
3.760000e+03	3.800000e+03	1.320062e-09	1.166300e-09	0.000000e+00
3.800000e+03	3.840000e+03	3.146105e-10	2.303175e-11	1.246000e-12
3.840000e+03	3.880000e+03	2.860583e-10	6.610850e-11	1.069865e-10
3.880000e+03	3.920000e+03	4.161647e-10	2.683982e-10	0.000000e+00
3.920000e+03	3.960000e+03	5.873500e-10	4.794590e-10	0.000000e+00
3.960000e+03	4.000000e+03	2.491856e-10	2.388732e-10	0.000000e+00
4.000000e+03	4.040000e+03	4.196858e-10	2.127288e-10	3.962045e-10
4.040000e+03	4.080000e+03	1.470400e-10	9.471852e-11	0.000000e+00
4.080000e+03	4.120000e+03	3.376758e-10	2.976224e-10	0.000000e+00
4.120000e+03	4.160000e+03	8.612180e-10	6.737142e-10	0.000000e+00
4.160000e+03	4.200000e+03	2.632840e-10	1.780790e-10	0.000000e+00
4.200000e+03	4.240000e+03	1.715915e-10	0.000000e+00	2.039790e-10
4.240000e+03	4.280000e+03	5.297263e-10	4.436784e-10	0.000000e+00
4.280000e+03	4.320000e+03	2.116697e-10	2.078354e-10	0.000000e+00
4.320000e+03	4.360000e+03	3.091583e-11	0.000000e+00	6.269897e-11
4.360000e+03	4.400000e+03	1.449513e-10	1.422065e-10	9.522285e-11
4.400000e+03	4.440000e+03	7.800042e-11	1.111196e-10	0.000000e+00
4.440000e+03	4.480000e+03	3.644872e-12	0.000000e+00	4.284128e-11
4.480000e+03	4.520000e+03	1.325534e-10	1.255919e-10	0.000000e+00
4.520000e+03	4.560000e+03	1.386710e-10	8.841438e-11	4.286657e-11
4.560000e+03	4.600000e+03	1.718941e-11	0.000000e+00	3.212016e-10
4.600000e+03	4.640000e+03	1.130769e-10	1.112246e-10	0.000000e+00
4.640000e+03	4.680000e+03	5.218673e-12	0.000000e+00	2.564543e-10
4.680000e+03	4.720000e+03	1.551650e-11	7.244228e-12	1.583715e-10
4.720000e+03	4.760000e+03	7.662540e-13	0.000000e+00	9.219747e-11
4.760000e+03	4.800000e+03	2.056384e-12	1.655058e-12	7.974016e-12
4.800000e+03	4.840000e+03	1.441636e-12	4.703827e-13	0.000000e+00
4.840000e+03	4.880000e+03	5.937148e-11	5.911745e-11	0.000000e+00
4.880000e+03	4.920000e+03	2.361641e-11	2.347645e-11	0.000000e+00
4.920000e+03	4.960000e+03	1.484289e-11	1.469645e-11	1.830586e-11
4.960000e+03	5.000000e+03	5.331158e-10	5.330537e-10	0.000000e+00
5.000000e+03	5.040000e+03	1.313632e-12	1.086549e-12	9.131753e-13
5.040000e+03	5.080000e+03	6.370312e-13	0.000000e+00	1.643573e-12
5.080000e+03	5.120000e+03	8.697350e-12	5.193310e-11	0.000000e+00
5.120000e+03	5.160000e+03	1.885641e-14	0.000000e+00	3.198281e-12
5.160000e+03	5.200000e+03	1.682525e-10	1.673577e-10	0.000000e+00
5.200000e+03	5.240000e+03	1.010267e-12	9.732252e-13	0.000000e+00
5.240000e+03	5.280000e+03	3.928460e-12	3.928263e-12	0.000000e+00
5.280000e+03	5.320000e+03	1.122854e-12	1.108959e-12	0.000000e+00
5.320000e+03	5.360000e+03	1.775676e-12	1.728914e-12	0.000000e+00
5.360000e+03	5.400000e+03	6.697423e-13	0.000000e+00	1.492686e-11
5.400000e+03	5.440000e+03	3.375930e-12	3.329215e-12	0.000000e+00
5.440000e+03	5.480000e+03	8.649395e-13	7.476958e-13	5.921075e-14
5.480000e+03	5.520000e+03	1.247307e-13	1.173974e-13	6.481292e-12
5.520000e+03	5.560000e+03	1.528575e-13	1.515001e-13	0.000000e+00
5.560000e+03	5.600000e+03	6.194358e-13	5.279263e-13	5.806842e-12
5.600000e+03	5.640000e+03	3.572077e-15	3.016850e-15	1.748262e-11
5.640000e+03	5.680000e+03	3.201225e-15	6.540250e-16	2.860098e-13
5.680000e+03	5.720000e+03	1.567854e-15	0.000000e+00	1.197381e-13
5.720000e+03	5.760000e+03	4.926950e-16	4.685157e-16	1.292718e-16
5.760000e+03	5.800000e+03	7.601775e-16	0.000000e+00	5.087842e-15
5.800000e+03	5.840000e+03	2.924927e-16	0.000000e+00	8.566676e-14
5.840000e+03	5.880000e+03	5.527757e-13	5.527233e-13	0.000000e+00
5.880000e+03	5.920000e+03	1.001655e-13	1.000347e-13	0.000000e+00
5.920000e+03	5.960000e+03	6.393637e-14	6.320804e-14	0.000000e+00
5.960000e+03	6.000000e+03	1.852927e-13	1.726113e-13	0.000000e+00
# END HISTO1D

