# BEGIN PLOT
Scale=1000.0
DrawOnly=//homes/tinghua1/Merging-Project/Production/HJETS/ratio-plots/hjets-vbfnlo/H-N2-N3-4-25gev-combine.yoda/MC_H2JETS_07_TIGHT/y1j_yj2 //homes/tinghua1/Merging-Project/Production/HJETS/ratio-plots/hjets-vbfnlo/H-N2-N3-4-25gev-vbfnlo-combine.yoda/MC_H2JETS_07_TIGHT/y1j_yj2 //homes/tinghua1/Merging-Project/Production/HJETS/ratio-plots/hjets-vbfnlo/H-N2-3-4-25gev-combine.yoda/MC_H2JETS_07_TIGHT/y1j_yj2 //homes/tinghua1/Merging-Project/Production/HJETS/ratio-plots/hjets-vbfnlo/H-N2-3-4-25gev-vbfnlo-combine.yoda/MC_H2JETS_07_TIGHT/y1j_yj2 //homes/tinghua1/Merging-Project/Production/HJETS/ratio-plots/hjets-vbfnlo/H-2-3-4-25gev-combine.yoda/MC_H2JETS_07_TIGHT/y1j_yj2 //homes/tinghua1/Merging-Project/Production/HJETS/ratio-plots/hjets-vbfnlo/H-2-3-4-25gev-vbfnlo-combine.yoda/MC_H2JETS_07_TIGHT/y1j_yj2 //homes/tinghua1/Merging-Project/Production/HJETS/ratio-plots/hjets-vbfnlo/H-2-3-25gev-combine.yoda/MC_H2JETS_07_TIGHT/y1j_yj2 //homes/tinghua1/Merging-Project/Production/HJETS/ratio-plots/hjets-vbfnlo/H-2-3-25gev-vbfnlo-combine.yoda/MC_H2JETS_07_TIGHT/y1j_yj2
RightMargin=0.5
RatioPlotReference=//homes/tinghua1/Merging-Project/Production/HJETS/ratio-plots/hjets-vbfnlo/H-N2-N3-4-25gev-combine.yoda/MC_H2JETS_07_TIGHT/y1j_yj2
#RatioPlot=1
LogY=1
RatioPlotYMax=1.4
RatioPlotYLabel=Ratio
#LegendOnly=//homes/tinghua1/Merging-Project/Production/HJETS/ratio-plots/hjets-vbfnlo/H-N2-N3-4-25gev-combine.yoda/MC_H2JETS_07_TIGHT/y1j_yj2 //homes/tinghua1/Merging-Project/Production/HJETS/ratio-plots/hjets-vbfnlo/H-N2-N3-4-25gev-vbfnlo-combine.yoda/MC_H2JETS_07_TIGHT/y1j_yj2 //homes/tinghua1/Merging-Project/Production/HJETS/ratio-plots/hjets-vbfnlo/H-N2-3-4-25gev-combine.yoda/MC_H2JETS_07_TIGHT/y1j_yj2 //homes/tinghua1/Merging-Project/Production/HJETS/ratio-plots/hjets-vbfnlo/H-N2-3-4-25gev-vbfnlo-combine.yoda/MC_H2JETS_07_TIGHT/y1j_yj2 //homes/tinghua1/Merging-Project/Production/HJETS/ratio-plots/hjets-vbfnlo/H-2-3-4-25gev-combine.yoda/MC_H2JETS_07_TIGHT/y1j_yj2 //homes/tinghua1/Merging-Project/Production/HJETS/ratio-plots/hjets-vbfnlo/H-2-3-4-25gev-vbfnlo-combine.yoda/MC_H2JETS_07_TIGHT/y1j_yj2 //homes/tinghua1/Merging-Project/Production/HJETS/ratio-plots/hjets-vbfnlo/H-2-3-25gev-combine.yoda/MC_H2JETS_07_TIGHT/y1j_yj2 //homes/tinghua1/Merging-Project/Production/HJETS/ratio-plots/hjets-vbfnlo/H-2-3-25gev-vbfnlo-combine.yoda/MC_H2JETS_07_TIGHT/y1j_yj2
XLabel=$y_{j_1}*y_{j_2}$
LegendAlign=r
XMax=2.0
YLabel=$ \text{d} \sigma/ \text{d}  y_{j_1}*y_{j_2}$ (fb)
Legend=1
RatioPlot=4
MainPlotSelection={"Selection":[1,2,3,4,5,6,7,8]}
RatioPlots={"RatioPlotYLabel":"","Selection":[1,2]};{"RatioPlotYLabel":"","Selection":[3,4]};{"RatioPlotYLabel":"","Selection":[5,6]};{"RatioPlotYLabel":"","Selection":[7,8]}
RatioPlotSameStyle=1
RatioPlotYMin=0.7
# END PLOT


# BEGIN SPECIAL /MC_H2JETS_07_TIGHT/y1j_yj2
\rput[tl](0.05,0.75){\parbox{5cm}{\textcolor{gray}{{\bf Herwig 7.2.0} \\ HJETS/ColorFull}}}
# END SPECIAL

# BEGIN HISTO1D //homes/tinghua1/Merging-Project/Production/HJETS/ratio-plots/hjets-vbfnlo/H-N2-N3-4-25gev-combine.yoda/MC_H2JETS_07_TIGHT/y1j_yj2
ErrorBandColor=orange
ErrorBandOpacity=0.3
ErrorBands=1
ErrorType=env
LineColor=orange
LineStyle=solid
Path=//homes/tinghua1/Merging-Project/Production/HJETS/ratio-plots/hjets-vbfnlo/H-N2-N3-4-25gev-combine.yoda/MC_H2JETS_07_TIGHT/y1j_yj2
RatioPlotSameStyle=1
Title=h(2*,3*,4)
# xlow	 xhigh	 val	 errminus	 errplus
-1.000000e+01	-9.600000e+00	7.816777e-02	5.913500e-04	0.000000e+00
-9.600000e+00	-9.200000e+00	8.543802e-02	0.000000e+00	3.311500e-04
-9.200000e+00	-8.800000e+00	9.447895e-02	1.579950e-03	0.000000e+00
-8.800000e+00	-8.400000e+00	1.017264e-01	2.666000e-04	0.000000e+00
-8.400000e+00	-8.000000e+00	1.100864e-01	0.000000e+00	2.670750e-04
-8.000000e+00	-7.600000e+00	1.170355e-01	5.312500e-04	6.898250e-04
-7.600000e+00	-7.200000e+00	1.230160e-01	2.538975e-03	1.387950e-03
-7.200000e+00	-6.800000e+00	1.342334e-01	8.267600e-03	0.000000e+00
-6.800000e+00	-6.400000e+00	1.320055e-01	3.843375e-03	1.411575e-03
-6.400000e+00	-6.000000e+00	1.339315e-01	1.681425e-03	1.830250e-03
-6.000000e+00	-5.600000e+00	1.342837e-01	3.129675e-03	1.614075e-03
-5.600000e+00	-5.200000e+00	1.313942e-01	1.602475e-03	3.093750e-04
-5.200000e+00	-4.800000e+00	1.070308e-01	2.497575e-03	8.559750e-04
-4.800000e+00	-4.400000e+00	6.525445e-02	4.509250e-04	2.601725e-03
-4.400000e+00	-4.000000e+00	4.537092e-02	5.269000e-04	1.060675e-03
-4.000000e+00	-3.600000e+00	3.232480e-02	6.210500e-04	5.044500e-04
-3.600000e+00	-3.200000e+00	2.323042e-02	1.937600e-04	1.767000e-04
-3.200000e+00	-2.800000e+00	1.650734e-02	5.304525e-04	2.470875e-04
-2.800000e+00	-2.400000e+00	1.122883e-02	1.882850e-04	2.482675e-04
-2.400000e+00	-2.000000e+00	7.303885e-03	0.000000e+00	4.546775e-04
-2.000000e+00	-1.600000e+00	4.980810e-03	1.240425e-04	5.432025e-04
-1.600000e+00	-1.200000e+00	3.038785e-03	0.000000e+00	1.349750e-04
-1.200000e+00	-8.000000e-01	1.872875e-03	1.124358e-03	0.000000e+00
-8.000000e-01	-4.000000e-01	7.898875e-04	3.157150e-05	4.166550e-05
-4.000000e-01	0.000000e+00	2.202017e-04	2.119785e-05	2.685645e-05
0.000000e+00	4.000000e-01	0.000000e+00	0.000000e+00	0.000000e+00
4.000000e-01	8.000000e-01	0.000000e+00	0.000000e+00	0.000000e+00
8.000000e-01	1.200000e+00	0.000000e+00	0.000000e+00	0.000000e+00
1.200000e+00	1.600000e+00	0.000000e+00	0.000000e+00	0.000000e+00
1.600000e+00	2.000000e+00	0.000000e+00	0.000000e+00	0.000000e+00
2.000000e+00	2.400000e+00	0.000000e+00	0.000000e+00	0.000000e+00
2.400000e+00	2.800000e+00	0.000000e+00	0.000000e+00	0.000000e+00
2.800000e+00	3.200000e+00	0.000000e+00	0.000000e+00	0.000000e+00
3.200000e+00	3.600000e+00	0.000000e+00	0.000000e+00	0.000000e+00
3.600000e+00	4.000000e+00	0.000000e+00	0.000000e+00	0.000000e+00
4.000000e+00	4.400000e+00	0.000000e+00	0.000000e+00	0.000000e+00
4.400000e+00	4.800000e+00	0.000000e+00	0.000000e+00	0.000000e+00
4.800000e+00	5.200000e+00	0.000000e+00	0.000000e+00	0.000000e+00
5.200000e+00	5.600000e+00	0.000000e+00	0.000000e+00	0.000000e+00
5.600000e+00	6.000000e+00	0.000000e+00	0.000000e+00	0.000000e+00
6.000000e+00	6.400000e+00	0.000000e+00	0.000000e+00	0.000000e+00
6.400000e+00	6.800000e+00	0.000000e+00	0.000000e+00	0.000000e+00
6.800000e+00	7.200000e+00	0.000000e+00	0.000000e+00	0.000000e+00
7.200000e+00	7.600000e+00	0.000000e+00	0.000000e+00	0.000000e+00
7.600000e+00	8.000000e+00	0.000000e+00	0.000000e+00	0.000000e+00
8.000000e+00	8.400000e+00	0.000000e+00	0.000000e+00	0.000000e+00
8.400000e+00	8.800000e+00	0.000000e+00	0.000000e+00	0.000000e+00
8.800000e+00	9.200000e+00	0.000000e+00	0.000000e+00	0.000000e+00
9.200000e+00	9.600000e+00	0.000000e+00	0.000000e+00	0.000000e+00
9.600000e+00	1.000000e+01	0.000000e+00	0.000000e+00	0.000000e+00
# END HISTO1D


# BEGIN HISTO1D //homes/tinghua1/Merging-Project/Production/HJETS/ratio-plots/hjets-vbfnlo/H-N2-N3-4-25gev-vbfnlo-combine.yoda/MC_H2JETS_07_TIGHT/y1j_yj2
ErrorBandColor=red
ErrorBandOpacity=0.3
ErrorBands=1
ErrorType=env
LineColor=red
LineStyle=solid
Path=//homes/tinghua1/Merging-Project/Production/HJETS/ratio-plots/hjets-vbfnlo/H-N2-N3-4-25gev-vbfnlo-combine.yoda/MC_H2JETS_07_TIGHT/y1j_yj2
RatioPlotSameStyle=1
Title=h(2*,3*,4)-vbfnlo
# xlow	 xhigh	 val	 errminus	 errplus
-1.000000e+01	-9.600000e+00	7.882040e-02	1.465700e-03	0.000000e+00
-9.600000e+00	-9.200000e+00	8.584395e-02	8.618750e-04	0.000000e+00
-9.200000e+00	-8.800000e+00	9.440480e-02	1.603325e-03	0.000000e+00
-8.800000e+00	-8.400000e+00	1.018290e-01	1.229200e-03	0.000000e+00
-8.400000e+00	-8.000000e+00	1.093942e-01	1.574300e-03	4.173250e-04
-8.000000e+00	-7.600000e+00	1.166438e-01	1.418750e-03	0.000000e+00
-7.600000e+00	-7.200000e+00	1.239590e-01	3.064700e-03	0.000000e+00
-7.200000e+00	-6.800000e+00	1.302480e-01	4.046175e-03	0.000000e+00
-6.800000e+00	-6.400000e+00	1.329958e-01	4.298750e-03	0.000000e+00
-6.400000e+00	-6.000000e+00	1.350927e-01	5.379025e-03	0.000000e+00
-6.000000e+00	-5.600000e+00	1.348334e-01	5.969600e-03	0.000000e+00
-5.600000e+00	-5.200000e+00	1.320590e-01	5.257500e-03	0.000000e+00
-5.200000e+00	-4.800000e+00	1.067746e-01	3.528475e-03	0.000000e+00
-4.800000e+00	-4.400000e+00	6.654595e-02	3.443875e-03	0.000000e+00
-4.400000e+00	-4.000000e+00	4.580880e-02	1.626725e-03	0.000000e+00
-4.000000e+00	-3.600000e+00	3.276693e-02	1.308150e-03	0.000000e+00
-3.600000e+00	-3.200000e+00	2.333491e-02	2.250950e-04	0.000000e+00
-3.200000e+00	-2.800000e+00	1.623179e-02	3.155625e-04	1.141875e-04
-2.800000e+00	-2.400000e+00	1.138287e-02	1.899250e-05	1.225025e-04
-2.400000e+00	-2.000000e+00	7.705640e-03	1.504050e-04	0.000000e+00
-2.000000e+00	-1.600000e+00	4.943218e-03	0.000000e+00	1.299050e-04
-1.600000e+00	-1.200000e+00	3.141102e-03	1.077175e-04	0.000000e+00
-1.200000e+00	-8.000000e-01	1.761618e-03	6.408800e-05	1.460200e-05
-8.000000e-01	-4.000000e-01	8.171365e-04	0.000000e+00	1.109120e-04
-4.000000e-01	0.000000e+00	2.176354e-04	1.047280e-05	0.000000e+00
0.000000e+00	4.000000e-01	0.000000e+00	0.000000e+00	0.000000e+00
4.000000e-01	8.000000e-01	0.000000e+00	0.000000e+00	0.000000e+00
8.000000e-01	1.200000e+00	0.000000e+00	0.000000e+00	0.000000e+00
1.200000e+00	1.600000e+00	0.000000e+00	0.000000e+00	0.000000e+00
1.600000e+00	2.000000e+00	0.000000e+00	0.000000e+00	0.000000e+00
2.000000e+00	2.400000e+00	0.000000e+00	0.000000e+00	0.000000e+00
2.400000e+00	2.800000e+00	0.000000e+00	0.000000e+00	0.000000e+00
2.800000e+00	3.200000e+00	0.000000e+00	0.000000e+00	0.000000e+00
3.200000e+00	3.600000e+00	0.000000e+00	0.000000e+00	0.000000e+00
3.600000e+00	4.000000e+00	0.000000e+00	0.000000e+00	0.000000e+00
4.000000e+00	4.400000e+00	0.000000e+00	0.000000e+00	0.000000e+00
4.400000e+00	4.800000e+00	0.000000e+00	0.000000e+00	0.000000e+00
4.800000e+00	5.200000e+00	0.000000e+00	0.000000e+00	0.000000e+00
5.200000e+00	5.600000e+00	0.000000e+00	0.000000e+00	0.000000e+00
5.600000e+00	6.000000e+00	0.000000e+00	0.000000e+00	0.000000e+00
6.000000e+00	6.400000e+00	0.000000e+00	0.000000e+00	0.000000e+00
6.400000e+00	6.800000e+00	0.000000e+00	0.000000e+00	0.000000e+00
6.800000e+00	7.200000e+00	0.000000e+00	0.000000e+00	0.000000e+00
7.200000e+00	7.600000e+00	0.000000e+00	0.000000e+00	0.000000e+00
7.600000e+00	8.000000e+00	0.000000e+00	0.000000e+00	0.000000e+00
8.000000e+00	8.400000e+00	0.000000e+00	0.000000e+00	0.000000e+00
8.400000e+00	8.800000e+00	0.000000e+00	0.000000e+00	0.000000e+00
8.800000e+00	9.200000e+00	0.000000e+00	0.000000e+00	0.000000e+00
9.200000e+00	9.600000e+00	0.000000e+00	0.000000e+00	0.000000e+00
9.600000e+00	1.000000e+01	0.000000e+00	0.000000e+00	0.000000e+00
# END HISTO1D


# BEGIN HISTO1D //homes/tinghua1/Merging-Project/Production/HJETS/ratio-plots/hjets-vbfnlo/H-N2-3-4-25gev-combine.yoda/MC_H2JETS_07_TIGHT/y1j_yj2
ErrorBandColor=blue
ErrorBandOpacity=0.3
ErrorBands=1
ErrorType=env
LineColor=blue
LineStyle=solid
Path=//homes/tinghua1/Merging-Project/Production/HJETS/ratio-plots/hjets-vbfnlo/H-N2-3-4-25gev-combine.yoda/MC_H2JETS_07_TIGHT/y1j_yj2
RatioPlotSameStyle=1
Title=h(2*,3,4)
# xlow	 xhigh	 val	 errminus	 errplus
-1.000000e+01	-9.600000e+00	7.799782e-02	0.000000e+00	9.346500e-04
-9.600000e+00	-9.200000e+00	8.587265e-02	4.185750e-04	0.000000e+00
-9.200000e+00	-8.800000e+00	9.397313e-02	9.447250e-04	1.472500e-05
-8.800000e+00	-8.400000e+00	1.020377e-01	1.514050e-03	2.295000e-04
-8.400000e+00	-8.000000e+00	1.093734e-01	0.000000e+00	8.626500e-04
-8.000000e+00	-7.600000e+00	1.162773e-01	9.637000e-04	1.476300e-03
-7.600000e+00	-7.200000e+00	1.284310e-01	6.762350e-03	0.000000e+00
-7.200000e+00	-6.800000e+00	1.285577e-01	2.808550e-03	1.138900e-03
-6.800000e+00	-6.400000e+00	1.320401e-01	2.192350e-03	1.726450e-03
-6.400000e+00	-6.000000e+00	1.344441e-01	3.608800e-03	1.208625e-03
-6.000000e+00	-5.600000e+00	1.329906e-01	2.458625e-03	3.103025e-03
-5.600000e+00	-5.200000e+00	1.310407e-01	3.842200e-03	1.890500e-03
-5.200000e+00	-4.800000e+00	1.062446e-01	2.552150e-03	1.971250e-03
-4.800000e+00	-4.400000e+00	6.522268e-02	1.497600e-03	1.360275e-03
-4.400000e+00	-4.000000e+00	4.563597e-02	8.592000e-04	6.627250e-04
-4.000000e+00	-3.600000e+00	3.275735e-02	1.004725e-03	2.988750e-04
-3.600000e+00	-3.200000e+00	2.321057e-02	5.744875e-04	5.031325e-04
-3.200000e+00	-2.800000e+00	1.647765e-02	4.949825e-04	1.284750e-04
-2.800000e+00	-2.400000e+00	1.134338e-02	2.993850e-04	2.214100e-04
-2.400000e+00	-2.000000e+00	7.692448e-03	2.172000e-04	5.125500e-05
-2.000000e+00	-1.600000e+00	5.000455e-03	1.079925e-04	4.257500e-06
-1.600000e+00	-1.200000e+00	3.047700e-03	6.640750e-05	7.544250e-05
-1.200000e+00	-8.000000e-01	1.730014e-03	2.639850e-05	4.275725e-05
-8.000000e-01	-4.000000e-01	8.186553e-04	2.723800e-05	1.155525e-05
-4.000000e-01	0.000000e+00	2.062921e-04	0.000000e+00	2.051592e-05
0.000000e+00	4.000000e-01	0.000000e+00	0.000000e+00	0.000000e+00
4.000000e-01	8.000000e-01	0.000000e+00	0.000000e+00	0.000000e+00
8.000000e-01	1.200000e+00	0.000000e+00	0.000000e+00	0.000000e+00
1.200000e+00	1.600000e+00	0.000000e+00	0.000000e+00	0.000000e+00
1.600000e+00	2.000000e+00	0.000000e+00	0.000000e+00	0.000000e+00
2.000000e+00	2.400000e+00	0.000000e+00	0.000000e+00	0.000000e+00
2.400000e+00	2.800000e+00	0.000000e+00	0.000000e+00	0.000000e+00
2.800000e+00	3.200000e+00	0.000000e+00	0.000000e+00	0.000000e+00
3.200000e+00	3.600000e+00	0.000000e+00	0.000000e+00	0.000000e+00
3.600000e+00	4.000000e+00	0.000000e+00	0.000000e+00	0.000000e+00
4.000000e+00	4.400000e+00	0.000000e+00	0.000000e+00	0.000000e+00
4.400000e+00	4.800000e+00	0.000000e+00	0.000000e+00	0.000000e+00
4.800000e+00	5.200000e+00	0.000000e+00	0.000000e+00	0.000000e+00
5.200000e+00	5.600000e+00	0.000000e+00	0.000000e+00	0.000000e+00
5.600000e+00	6.000000e+00	0.000000e+00	0.000000e+00	0.000000e+00
6.000000e+00	6.400000e+00	0.000000e+00	0.000000e+00	0.000000e+00
6.400000e+00	6.800000e+00	0.000000e+00	0.000000e+00	0.000000e+00
6.800000e+00	7.200000e+00	0.000000e+00	0.000000e+00	0.000000e+00
7.200000e+00	7.600000e+00	0.000000e+00	0.000000e+00	0.000000e+00
7.600000e+00	8.000000e+00	0.000000e+00	0.000000e+00	0.000000e+00
8.000000e+00	8.400000e+00	0.000000e+00	0.000000e+00	0.000000e+00
8.400000e+00	8.800000e+00	0.000000e+00	0.000000e+00	0.000000e+00
8.800000e+00	9.200000e+00	0.000000e+00	0.000000e+00	0.000000e+00
9.200000e+00	9.600000e+00	0.000000e+00	0.000000e+00	0.000000e+00
9.600000e+00	1.000000e+01	0.000000e+00	0.000000e+00	0.000000e+00
# END HISTO1D


# BEGIN HISTO1D //homes/tinghua1/Merging-Project/Production/HJETS/ratio-plots/hjets-vbfnlo/H-N2-3-4-25gev-vbfnlo-combine.yoda/MC_H2JETS_07_TIGHT/y1j_yj2
ErrorBandColor=cyan
ErrorBandOpacity=0.3
ErrorBands=1
ErrorType=env
LineColor=cyan
LineStyle=solid
Path=//homes/tinghua1/Merging-Project/Production/HJETS/ratio-plots/hjets-vbfnlo/H-N2-3-4-25gev-vbfnlo-combine.yoda/MC_H2JETS_07_TIGHT/y1j_yj2
RatioPlotSameStyle=1
Title=h(2*,3,4)-vbfnlo
# xlow	 xhigh	 val	 errminus	 errplus
-1.000000e+01	-9.600000e+00	7.814375e-02	4.881000e-04	0.000000e+00
-9.600000e+00	-9.200000e+00	8.593635e-02	8.788500e-04	0.000000e+00
-9.200000e+00	-8.800000e+00	9.389503e-02	1.059125e-03	0.000000e+00
-8.800000e+00	-8.400000e+00	1.015311e-01	1.184475e-03	4.536500e-04
-8.400000e+00	-8.000000e+00	1.090855e-01	1.471750e-03	6.216500e-04
-8.000000e+00	-7.600000e+00	1.165456e-01	2.229450e-03	4.516250e-04
-7.600000e+00	-7.200000e+00	1.226391e-01	2.132600e-03	1.258275e-03
-7.200000e+00	-6.800000e+00	1.283060e-01	3.242325e-03	1.019250e-03
-6.800000e+00	-6.400000e+00	1.316030e-01	2.989300e-03	1.437100e-03
-6.400000e+00	-6.000000e+00	1.332740e-01	3.163650e-03	1.757650e-03
-6.000000e+00	-5.600000e+00	1.332632e-01	3.880100e-03	1.342575e-03
-5.600000e+00	-5.200000e+00	1.300722e-01	3.675075e-03	1.925775e-03
-5.200000e+00	-4.800000e+00	1.056000e-01	3.063575e-03	2.295700e-03
-4.800000e+00	-4.400000e+00	6.497003e-02	1.686650e-03	1.260025e-03
-4.400000e+00	-4.000000e+00	4.546320e-02	1.102500e-03	9.049500e-04
-4.000000e+00	-3.600000e+00	3.232785e-02	7.131000e-04	6.391000e-04
-3.600000e+00	-3.200000e+00	2.305588e-02	6.853825e-04	4.745675e-04
-3.200000e+00	-2.800000e+00	1.634847e-02	4.518275e-04	2.180225e-04
-2.800000e+00	-2.400000e+00	1.133369e-02	2.938025e-04	1.090150e-04
-2.400000e+00	-2.000000e+00	7.672740e-03	2.537625e-04	1.067375e-04
-2.000000e+00	-1.600000e+00	4.993613e-03	1.383975e-04	1.460250e-05
-1.600000e+00	-1.200000e+00	3.086722e-03	8.918000e-05	2.017750e-05
-1.200000e+00	-8.000000e-01	1.718781e-03	2.824625e-05	5.259625e-05
-8.000000e-01	-4.000000e-01	8.174305e-04	8.220000e-06	8.399500e-06
-4.000000e-01	0.000000e+00	2.143042e-04	1.562000e-07	7.535525e-06
0.000000e+00	4.000000e-01	0.000000e+00	0.000000e+00	0.000000e+00
4.000000e-01	8.000000e-01	0.000000e+00	0.000000e+00	0.000000e+00
8.000000e-01	1.200000e+00	0.000000e+00	0.000000e+00	0.000000e+00
1.200000e+00	1.600000e+00	0.000000e+00	0.000000e+00	0.000000e+00
1.600000e+00	2.000000e+00	0.000000e+00	0.000000e+00	0.000000e+00
2.000000e+00	2.400000e+00	0.000000e+00	0.000000e+00	0.000000e+00
2.400000e+00	2.800000e+00	0.000000e+00	0.000000e+00	0.000000e+00
2.800000e+00	3.200000e+00	0.000000e+00	0.000000e+00	0.000000e+00
3.200000e+00	3.600000e+00	0.000000e+00	0.000000e+00	0.000000e+00
3.600000e+00	4.000000e+00	0.000000e+00	0.000000e+00	0.000000e+00
4.000000e+00	4.400000e+00	0.000000e+00	0.000000e+00	0.000000e+00
4.400000e+00	4.800000e+00	0.000000e+00	0.000000e+00	0.000000e+00
4.800000e+00	5.200000e+00	0.000000e+00	0.000000e+00	0.000000e+00
5.200000e+00	5.600000e+00	0.000000e+00	0.000000e+00	0.000000e+00
5.600000e+00	6.000000e+00	0.000000e+00	0.000000e+00	0.000000e+00
6.000000e+00	6.400000e+00	0.000000e+00	0.000000e+00	0.000000e+00
6.400000e+00	6.800000e+00	0.000000e+00	0.000000e+00	0.000000e+00
6.800000e+00	7.200000e+00	0.000000e+00	0.000000e+00	0.000000e+00
7.200000e+00	7.600000e+00	0.000000e+00	0.000000e+00	0.000000e+00
7.600000e+00	8.000000e+00	0.000000e+00	0.000000e+00	0.000000e+00
8.000000e+00	8.400000e+00	0.000000e+00	0.000000e+00	0.000000e+00
8.400000e+00	8.800000e+00	0.000000e+00	0.000000e+00	0.000000e+00
8.800000e+00	9.200000e+00	0.000000e+00	0.000000e+00	0.000000e+00
9.200000e+00	9.600000e+00	0.000000e+00	0.000000e+00	0.000000e+00
9.600000e+00	1.000000e+01	0.000000e+00	0.000000e+00	0.000000e+00
# END HISTO1D


# BEGIN HISTO1D //homes/tinghua1/Merging-Project/Production/HJETS/ratio-plots/hjets-vbfnlo/H-2-3-4-25gev-combine.yoda/MC_H2JETS_07_TIGHT/y1j_yj2
ErrorBandColor=yellow
ErrorBandOpacity=0.3
ErrorBands=1
ErrorType=env
LineColor=yellow
LineStyle=solid
Path=//homes/tinghua1/Merging-Project/Production/HJETS/ratio-plots/hjets-vbfnlo/H-2-3-4-25gev-combine.yoda/MC_H2JETS_07_TIGHT/y1j_yj2
RatioPlotSameStyle=1
Title=h(2,3,4)
# xlow	 xhigh	 val	 errminus	 errplus
-1.000000e+01	-9.600000e+00	7.652352e-02	5.022425e-03	5.832325e-03
-9.600000e+00	-9.200000e+00	8.486037e-02	5.594425e-03	5.659875e-03
-9.200000e+00	-8.800000e+00	9.290153e-02	5.340200e-03	6.060450e-03
-8.800000e+00	-8.400000e+00	1.014681e-01	5.754775e-03	5.998400e-03
-8.400000e+00	-8.000000e+00	1.095804e-01	5.761275e-03	6.176375e-03
-8.000000e+00	-7.600000e+00	1.174550e-01	5.996775e-03	5.728250e-03
-7.600000e+00	-7.200000e+00	1.242201e-01	5.611950e-03	5.772300e-03
-7.200000e+00	-6.800000e+00	1.300126e-01	5.792200e-03	5.427000e-03
-6.800000e+00	-6.400000e+00	1.343411e-01	5.464625e-03	4.885575e-03
-6.400000e+00	-6.000000e+00	1.364094e-01	5.158200e-03	4.839350e-03
-6.000000e+00	-5.600000e+00	1.364164e-01	4.726800e-03	3.658950e-03
-5.600000e+00	-5.200000e+00	1.338893e-01	4.554075e-03	3.639600e-03
-5.200000e+00	-4.800000e+00	1.084071e-01	3.251275e-03	1.476125e-03
-4.800000e+00	-4.400000e+00	6.558385e-02	2.051625e-03	1.497325e-03
-4.400000e+00	-4.000000e+00	4.482885e-02	1.164800e-03	1.539325e-03
-4.000000e+00	-3.600000e+00	3.175620e-02	1.205575e-03	8.176000e-04
-3.600000e+00	-3.200000e+00	2.228873e-02	8.040350e-04	6.774450e-04
-3.200000e+00	-2.800000e+00	1.533807e-02	2.276350e-04	6.896975e-04
-2.800000e+00	-2.400000e+00	1.065147e-02	3.507225e-04	2.642925e-04
-2.400000e+00	-2.000000e+00	7.155493e-03	2.337550e-04	1.502175e-04
-2.000000e+00	-1.600000e+00	4.514375e-03	4.053500e-05	1.960800e-04
-1.600000e+00	-1.200000e+00	2.838610e-03	1.399025e-04	0.000000e+00
-1.200000e+00	-8.000000e-01	1.531593e-03	1.230025e-05	6.840600e-05
-8.000000e-01	-4.000000e-01	7.280600e-04	9.343500e-06	3.221750e-05
-4.000000e-01	0.000000e+00	1.978031e-04	1.628350e-05	0.000000e+00
0.000000e+00	4.000000e-01	0.000000e+00	0.000000e+00	0.000000e+00
4.000000e-01	8.000000e-01	0.000000e+00	0.000000e+00	0.000000e+00
8.000000e-01	1.200000e+00	0.000000e+00	0.000000e+00	0.000000e+00
1.200000e+00	1.600000e+00	0.000000e+00	0.000000e+00	0.000000e+00
1.600000e+00	2.000000e+00	0.000000e+00	0.000000e+00	0.000000e+00
2.000000e+00	2.400000e+00	0.000000e+00	0.000000e+00	0.000000e+00
2.400000e+00	2.800000e+00	0.000000e+00	0.000000e+00	0.000000e+00
2.800000e+00	3.200000e+00	0.000000e+00	0.000000e+00	0.000000e+00
3.200000e+00	3.600000e+00	0.000000e+00	0.000000e+00	0.000000e+00
3.600000e+00	4.000000e+00	0.000000e+00	0.000000e+00	0.000000e+00
4.000000e+00	4.400000e+00	0.000000e+00	0.000000e+00	0.000000e+00
4.400000e+00	4.800000e+00	0.000000e+00	0.000000e+00	0.000000e+00
4.800000e+00	5.200000e+00	0.000000e+00	0.000000e+00	0.000000e+00
5.200000e+00	5.600000e+00	0.000000e+00	0.000000e+00	0.000000e+00
5.600000e+00	6.000000e+00	0.000000e+00	0.000000e+00	0.000000e+00
6.000000e+00	6.400000e+00	0.000000e+00	0.000000e+00	0.000000e+00
6.400000e+00	6.800000e+00	0.000000e+00	0.000000e+00	0.000000e+00
6.800000e+00	7.200000e+00	0.000000e+00	0.000000e+00	0.000000e+00
7.200000e+00	7.600000e+00	0.000000e+00	0.000000e+00	0.000000e+00
7.600000e+00	8.000000e+00	0.000000e+00	0.000000e+00	0.000000e+00
8.000000e+00	8.400000e+00	0.000000e+00	0.000000e+00	0.000000e+00
8.400000e+00	8.800000e+00	0.000000e+00	0.000000e+00	0.000000e+00
8.800000e+00	9.200000e+00	0.000000e+00	0.000000e+00	0.000000e+00
9.200000e+00	9.600000e+00	0.000000e+00	0.000000e+00	0.000000e+00
9.600000e+00	1.000000e+01	0.000000e+00	0.000000e+00	0.000000e+00
# END HISTO1D


# BEGIN HISTO1D //homes/tinghua1/Merging-Project/Production/HJETS/ratio-plots/hjets-vbfnlo/H-2-3-4-25gev-vbfnlo-combine.yoda/MC_H2JETS_07_TIGHT/y1j_yj2
ErrorBandColor=green
ErrorBandOpacity=0.3
ErrorBands=1
ErrorType=env
LineColor=green
LineStyle=solid
Path=//homes/tinghua1/Merging-Project/Production/HJETS/ratio-plots/hjets-vbfnlo/H-2-3-4-25gev-vbfnlo-combine.yoda/MC_H2JETS_07_TIGHT/y1j_yj2
RatioPlotSameStyle=1
Title=h(2,3,4)-vbfnlo
# xlow	 xhigh	 val	 errminus	 errplus
-1.000000e+01	-9.600000e+00	7.662700e-02	5.093150e-03	5.755975e-03
-9.600000e+00	-9.200000e+00	8.464092e-02	5.369025e-03	5.850925e-03
-9.200000e+00	-8.800000e+00	9.291690e-02	5.563750e-03	6.233225e-03
-8.800000e+00	-8.400000e+00	1.013063e-01	5.519350e-03	6.046075e-03
-8.400000e+00	-8.000000e+00	1.094295e-01	5.674900e-03	6.137225e-03
-8.000000e+00	-7.600000e+00	1.172174e-01	5.749675e-03	5.724125e-03
-7.600000e+00	-7.200000e+00	1.240217e-01	5.766950e-03	5.684375e-03
-7.200000e+00	-6.800000e+00	1.298177e-01	5.560750e-03	5.372750e-03
-6.800000e+00	-6.400000e+00	1.340226e-01	5.473100e-03	4.664125e-03
-6.400000e+00	-6.000000e+00	1.361053e-01	5.085900e-03	4.479225e-03
-6.000000e+00	-5.600000e+00	1.359498e-01	4.832500e-03	3.936950e-03
-5.600000e+00	-5.200000e+00	1.332414e-01	4.322550e-03	3.328875e-03
-5.200000e+00	-4.800000e+00	1.079272e-01	3.499525e-03	2.348225e-03
-4.800000e+00	-4.400000e+00	6.511653e-02	1.945800e-03	1.768725e-03
-4.400000e+00	-4.000000e+00	4.496235e-02	1.495775e-03	1.121150e-03
-4.000000e+00	-3.600000e+00	3.149048e-02	8.839000e-04	1.020425e-03
-3.600000e+00	-3.200000e+00	2.226538e-02	7.044425e-04	5.483975e-04
-3.200000e+00	-2.800000e+00	1.552922e-02	5.266150e-04	4.026375e-04
-2.800000e+00	-2.400000e+00	1.061418e-02	3.366725e-04	3.022225e-04
-2.400000e+00	-2.000000e+00	7.060355e-03	1.600275e-04	1.911325e-04
-2.000000e+00	-1.600000e+00	4.553430e-03	1.186800e-04	1.342000e-04
-1.600000e+00	-1.200000e+00	2.761840e-03	6.062750e-05	9.508250e-05
-1.200000e+00	-8.000000e-01	1.552338e-03	4.823200e-05	4.853050e-05
-8.000000e-01	-4.000000e-01	7.242598e-04	2.913225e-05	9.632750e-06
-4.000000e-01	0.000000e+00	1.895004e-04	4.428050e-06	6.140175e-06
0.000000e+00	4.000000e-01	0.000000e+00	0.000000e+00	0.000000e+00
4.000000e-01	8.000000e-01	0.000000e+00	0.000000e+00	0.000000e+00
8.000000e-01	1.200000e+00	0.000000e+00	0.000000e+00	0.000000e+00
1.200000e+00	1.600000e+00	0.000000e+00	0.000000e+00	0.000000e+00
1.600000e+00	2.000000e+00	0.000000e+00	0.000000e+00	0.000000e+00
2.000000e+00	2.400000e+00	0.000000e+00	0.000000e+00	0.000000e+00
2.400000e+00	2.800000e+00	0.000000e+00	0.000000e+00	0.000000e+00
2.800000e+00	3.200000e+00	0.000000e+00	0.000000e+00	0.000000e+00
3.200000e+00	3.600000e+00	0.000000e+00	0.000000e+00	0.000000e+00
3.600000e+00	4.000000e+00	0.000000e+00	0.000000e+00	0.000000e+00
4.000000e+00	4.400000e+00	0.000000e+00	0.000000e+00	0.000000e+00
4.400000e+00	4.800000e+00	0.000000e+00	0.000000e+00	0.000000e+00
4.800000e+00	5.200000e+00	0.000000e+00	0.000000e+00	0.000000e+00
5.200000e+00	5.600000e+00	0.000000e+00	0.000000e+00	0.000000e+00
5.600000e+00	6.000000e+00	0.000000e+00	0.000000e+00	0.000000e+00
6.000000e+00	6.400000e+00	0.000000e+00	0.000000e+00	0.000000e+00
6.400000e+00	6.800000e+00	0.000000e+00	0.000000e+00	0.000000e+00
6.800000e+00	7.200000e+00	0.000000e+00	0.000000e+00	0.000000e+00
7.200000e+00	7.600000e+00	0.000000e+00	0.000000e+00	0.000000e+00
7.600000e+00	8.000000e+00	0.000000e+00	0.000000e+00	0.000000e+00
8.000000e+00	8.400000e+00	0.000000e+00	0.000000e+00	0.000000e+00
8.400000e+00	8.800000e+00	0.000000e+00	0.000000e+00	0.000000e+00
8.800000e+00	9.200000e+00	0.000000e+00	0.000000e+00	0.000000e+00
9.200000e+00	9.600000e+00	0.000000e+00	0.000000e+00	0.000000e+00
9.600000e+00	1.000000e+01	0.000000e+00	0.000000e+00	0.000000e+00
# END HISTO1D


# BEGIN HISTO1D //homes/tinghua1/Merging-Project/Production/HJETS/ratio-plots/hjets-vbfnlo/H-2-3-25gev-combine.yoda/MC_H2JETS_07_TIGHT/y1j_yj2
ErrorBandColor=purple
ErrorBandOpacity=0.3
ErrorBands=1
ErrorType=env
LineColor=purple
LineStyle=solid
Path=//homes/tinghua1/Merging-Project/Production/HJETS/ratio-plots/hjets-vbfnlo/H-2-3-25gev-combine.yoda/MC_H2JETS_07_TIGHT/y1j_yj2
RatioPlotSameStyle=1
Title=h(2,3)
# xlow	 xhigh	 val	 errminus	 errplus
-1.000000e+01	-9.600000e+00	7.135872e-02	0.000000e+00	1.085070e-02
-9.600000e+00	-9.200000e+00	7.931950e-02	0.000000e+00	1.145242e-02
-9.200000e+00	-8.800000e+00	8.737825e-02	0.000000e+00	1.127938e-02
-8.800000e+00	-8.400000e+00	9.564022e-02	0.000000e+00	1.161782e-02
-8.400000e+00	-8.000000e+00	1.038108e-01	0.000000e+00	1.201633e-02
-8.000000e+00	-7.600000e+00	1.112874e-01	0.000000e+00	1.177143e-02
-7.600000e+00	-7.200000e+00	1.183601e-01	0.000000e+00	1.153215e-02
-7.200000e+00	-6.800000e+00	1.242223e-01	0.000000e+00	1.114717e-02
-6.800000e+00	-6.400000e+00	1.286028e-01	0.000000e+00	1.045763e-02
-6.400000e+00	-6.000000e+00	1.312590e-01	0.000000e+00	9.542300e-03
-6.000000e+00	-5.600000e+00	1.316098e-01	0.000000e+00	8.772325e-03
-5.600000e+00	-5.200000e+00	1.293379e-01	0.000000e+00	7.873000e-03
-5.200000e+00	-4.800000e+00	1.048594e-01	0.000000e+00	6.028625e-03
-4.800000e+00	-4.400000e+00	6.343780e-02	0.000000e+00	3.913600e-03
-4.400000e+00	-4.000000e+00	4.368115e-02	0.000000e+00	2.607525e-03
-4.000000e+00	-3.600000e+00	3.068695e-02	0.000000e+00	1.860000e-03
-3.600000e+00	-3.200000e+00	2.159223e-02	0.000000e+00	1.269230e-03
-3.200000e+00	-2.800000e+00	1.507467e-02	0.000000e+00	9.285925e-04
-2.800000e+00	-2.400000e+00	1.031083e-02	0.000000e+00	6.908150e-04
-2.400000e+00	-2.000000e+00	6.892420e-03	0.000000e+00	4.671950e-04
-2.000000e+00	-1.600000e+00	4.450213e-03	0.000000e+00	2.841300e-04
-1.600000e+00	-1.200000e+00	2.720120e-03	0.000000e+00	1.610975e-04
-1.200000e+00	-8.000000e-01	1.508538e-03	0.000000e+00	7.420325e-05
-8.000000e-01	-4.000000e-01	7.047433e-04	0.000000e+00	4.468925e-05
-4.000000e-01	0.000000e+00	1.850459e-04	0.000000e+00	1.752630e-05
0.000000e+00	4.000000e-01	0.000000e+00	0.000000e+00	0.000000e+00
4.000000e-01	8.000000e-01	0.000000e+00	0.000000e+00	0.000000e+00
8.000000e-01	1.200000e+00	0.000000e+00	0.000000e+00	0.000000e+00
1.200000e+00	1.600000e+00	0.000000e+00	0.000000e+00	0.000000e+00
1.600000e+00	2.000000e+00	0.000000e+00	0.000000e+00	0.000000e+00
2.000000e+00	2.400000e+00	0.000000e+00	0.000000e+00	0.000000e+00
2.400000e+00	2.800000e+00	0.000000e+00	0.000000e+00	0.000000e+00
2.800000e+00	3.200000e+00	0.000000e+00	0.000000e+00	0.000000e+00
3.200000e+00	3.600000e+00	0.000000e+00	0.000000e+00	0.000000e+00
3.600000e+00	4.000000e+00	0.000000e+00	0.000000e+00	0.000000e+00
4.000000e+00	4.400000e+00	0.000000e+00	0.000000e+00	0.000000e+00
4.400000e+00	4.800000e+00	0.000000e+00	0.000000e+00	0.000000e+00
4.800000e+00	5.200000e+00	0.000000e+00	0.000000e+00	0.000000e+00
5.200000e+00	5.600000e+00	0.000000e+00	0.000000e+00	0.000000e+00
5.600000e+00	6.000000e+00	0.000000e+00	0.000000e+00	0.000000e+00
6.000000e+00	6.400000e+00	0.000000e+00	0.000000e+00	0.000000e+00
6.400000e+00	6.800000e+00	0.000000e+00	0.000000e+00	0.000000e+00
6.800000e+00	7.200000e+00	0.000000e+00	0.000000e+00	0.000000e+00
7.200000e+00	7.600000e+00	0.000000e+00	0.000000e+00	0.000000e+00
7.600000e+00	8.000000e+00	0.000000e+00	0.000000e+00	0.000000e+00
8.000000e+00	8.400000e+00	0.000000e+00	0.000000e+00	0.000000e+00
8.400000e+00	8.800000e+00	0.000000e+00	0.000000e+00	0.000000e+00
8.800000e+00	9.200000e+00	0.000000e+00	0.000000e+00	0.000000e+00
9.200000e+00	9.600000e+00	0.000000e+00	0.000000e+00	0.000000e+00
9.600000e+00	1.000000e+01	0.000000e+00	0.000000e+00	0.000000e+00
# END HISTO1D


# BEGIN HISTO1D //homes/tinghua1/Merging-Project/Production/HJETS/ratio-plots/hjets-vbfnlo/H-2-3-25gev-vbfnlo-combine.yoda/MC_H2JETS_07_TIGHT/y1j_yj2
ErrorBandColor=violet
ErrorBandOpacity=0.3
ErrorBands=1
ErrorType=env
LineColor=violet
LineStyle=solid
Path=//homes/tinghua1/Merging-Project/Production/HJETS/ratio-plots/hjets-vbfnlo/H-2-3-25gev-vbfnlo-combine.yoda/MC_H2JETS_07_TIGHT/y1j_yj2
RatioPlotSameStyle=1
Title=h(2,3)-vbfnlo
# xlow	 xhigh	 val	 errminus	 errplus
-1.000000e+01	-9.600000e+00	8.218827e-02	1.061180e-02	0.000000e+00
-9.600000e+00	-9.200000e+00	9.047892e-02	1.116350e-02	0.000000e+00
-9.200000e+00	-8.800000e+00	9.891575e-02	1.162858e-02	0.000000e+00
-8.800000e+00	-8.400000e+00	1.072922e-01	1.164317e-02	0.000000e+00
-8.400000e+00	-8.000000e+00	1.154102e-01	1.182448e-02	0.000000e+00
-8.000000e+00	-7.600000e+00	1.228679e-01	1.153597e-02	0.000000e+00
-7.600000e+00	-7.200000e+00	1.297095e-01	1.153033e-02	0.000000e+00
-7.200000e+00	-6.800000e+00	1.351163e-01	1.104672e-02	0.000000e+00
-6.800000e+00	-6.400000e+00	1.386160e-01	1.020980e-02	0.000000e+00
-6.400000e+00	-6.000000e+00	1.405226e-01	9.565600e-03	0.000000e+00
-6.000000e+00	-5.600000e+00	1.397055e-01	8.370200e-03	0.000000e+00
-5.600000e+00	-5.200000e+00	1.367471e-01	7.699675e-03	0.000000e+00
-5.200000e+00	-4.800000e+00	1.103847e-01	5.909700e-03	0.000000e+00
-4.800000e+00	-4.400000e+00	6.689478e-02	3.600725e-03	0.000000e+00
-4.400000e+00	-4.000000e+00	4.609860e-02	2.522000e-03	0.000000e+00
-4.000000e+00	-3.600000e+00	3.252028e-02	1.961650e-03	0.000000e+00
-3.600000e+00	-3.200000e+00	2.290528e-02	1.347817e-03	0.000000e+00
-3.200000e+00	-2.800000e+00	1.592967e-02	8.714125e-04	0.000000e+00
-2.800000e+00	-2.400000e+00	1.095652e-02	6.209900e-04	0.000000e+00
-2.400000e+00	-2.000000e+00	7.325668e-03	4.393300e-04	0.000000e+00
-2.000000e+00	-1.600000e+00	4.669110e-03	2.345050e-04	0.000000e+00
-1.600000e+00	-1.200000e+00	2.863600e-03	1.546900e-04	0.000000e+00
-1.200000e+00	-8.000000e-01	1.600254e-03	8.709125e-05	0.000000e+00
-8.000000e-01	-4.000000e-01	7.492145e-04	4.919750e-05	0.000000e+00
-4.000000e-01	0.000000e+00	2.084603e-04	2.500317e-05	0.000000e+00
0.000000e+00	4.000000e-01	0.000000e+00	0.000000e+00	0.000000e+00
4.000000e-01	8.000000e-01	0.000000e+00	0.000000e+00	0.000000e+00
8.000000e-01	1.200000e+00	0.000000e+00	0.000000e+00	0.000000e+00
1.200000e+00	1.600000e+00	0.000000e+00	0.000000e+00	0.000000e+00
1.600000e+00	2.000000e+00	0.000000e+00	0.000000e+00	0.000000e+00
2.000000e+00	2.400000e+00	0.000000e+00	0.000000e+00	0.000000e+00
2.400000e+00	2.800000e+00	0.000000e+00	0.000000e+00	0.000000e+00
2.800000e+00	3.200000e+00	0.000000e+00	0.000000e+00	0.000000e+00
3.200000e+00	3.600000e+00	0.000000e+00	0.000000e+00	0.000000e+00
3.600000e+00	4.000000e+00	0.000000e+00	0.000000e+00	0.000000e+00
4.000000e+00	4.400000e+00	0.000000e+00	0.000000e+00	0.000000e+00
4.400000e+00	4.800000e+00	0.000000e+00	0.000000e+00	0.000000e+00
4.800000e+00	5.200000e+00	0.000000e+00	0.000000e+00	0.000000e+00
5.200000e+00	5.600000e+00	0.000000e+00	0.000000e+00	0.000000e+00
5.600000e+00	6.000000e+00	0.000000e+00	0.000000e+00	0.000000e+00
6.000000e+00	6.400000e+00	0.000000e+00	0.000000e+00	0.000000e+00
6.400000e+00	6.800000e+00	0.000000e+00	0.000000e+00	0.000000e+00
6.800000e+00	7.200000e+00	0.000000e+00	0.000000e+00	0.000000e+00
7.200000e+00	7.600000e+00	0.000000e+00	0.000000e+00	0.000000e+00
7.600000e+00	8.000000e+00	0.000000e+00	0.000000e+00	0.000000e+00
8.000000e+00	8.400000e+00	0.000000e+00	0.000000e+00	0.000000e+00
8.400000e+00	8.800000e+00	0.000000e+00	0.000000e+00	0.000000e+00
8.800000e+00	9.200000e+00	0.000000e+00	0.000000e+00	0.000000e+00
9.200000e+00	9.600000e+00	0.000000e+00	0.000000e+00	0.000000e+00
9.600000e+00	1.000000e+01	0.000000e+00	0.000000e+00	0.000000e+00
# END HISTO1D

