# BEGIN PLOT
Scale=1000.0
DrawOnly=//home/n597m389/Merging-Project/Production/HJETS/New-Analysis/yodafile/Scale-variation/H-N2-N3-4-25gev-central-hjets.yoda/MC_H_KTSPLITTINGS/log10_d_23 //home/n597m389/Merging-Project/Production/HJETS/New-Analysis/yodafile/Scale-variation/H-N2-N3-4-merging.yoda/MC_H_KTSPLITTINGS/log10_d_23
RightMargin=0.5
RatioPlotReference=//home/n597m389/Merging-Project/Production/HJETS/New-Analysis/yodafile/Scale-variation/H-N2-N3-4-25gev-central-hjets.yoda/MC_H_KTSPLITTINGS/log10_d_23
RatioPlot=1
LogY=1
RatioPlotYMax=1.3
RatioPlotYLabel=Ratio
LegendOnly=//home/n597m389/Merging-Project/Production/HJETS/New-Analysis/yodafile/Scale-variation/H-N2-N3-4-25gev-central-hjets.yoda/MC_H_KTSPLITTINGS/log10_d_23 //home/n597m389/Merging-Project/Production/HJETS/New-Analysis/yodafile/Scale-variation/H-N2-N3-4-merging.yoda/MC_H_KTSPLITTINGS/log10_d_23
XLabel=$\log_{10}(\sqrt{d_{2}}/\text{GeV})$
LegendXPos=0.05
LegendYPos=0.5
XMax=3
YLabel=$\text{d}\sigma/\text{d}\log_{10}(\sqrt{d_{2}}/\text{GeV})$ [fb]
Legend=1
RatioPlotYMin=0.7
# END PLOT


# BEGIN SPECIAL /MC_H_KTSPLITTINGS/log10_d_23
\rput[tl](0.05,0.75){\parbox{5cm}{\textcolor{gray}{{\bf Herwig 7.2.0} \\ HJETS/ColorFull}}}
# END SPECIAL

# BEGIN HISTO1D //home/n597m389/Merging-Project/Production/HJETS/New-Analysis/yodafile/Scale-variation/H-N2-N3-4-25gev-central-hjets.yoda/MC_H_KTSPLITTINGS/log10_d_23
ErrorBars=1
ErrorType=stat
LineColor=red
LineStyle=solid
Path=//home/n597m389/Merging-Project/Production/HJETS/New-Analysis/yodafile/Scale-variation/H-N2-N3-4-25gev-central-hjets.yoda/MC_H_KTSPLITTINGS/log10_d_23
RatioPlotSameStyle=1
Title=h(2*,3*,4), $\rho=25$ GeV
XLabel=~
YLabel=~
# xlow	 xhigh	 val	 errminus	 errplus
2.000000e-01	2.361291e-01	1.058100e-01	4.120973e-04	4.120973e-04
2.361291e-01	2.722583e-01	1.483905e-01	4.391241e-04	4.391241e-04
2.722583e-01	3.083874e-01	2.160922e-01	1.148410e-03	1.148410e-03
3.083874e-01	3.445165e-01	3.062473e-01	7.943711e-04	7.943711e-04
3.445165e-01	3.806457e-01	4.242084e-01	4.410474e-03	4.410474e-03
3.806457e-01	4.167748e-01	5.664201e-01	1.223554e-03	1.223554e-03
4.167748e-01	4.529039e-01	7.440354e-01	1.624342e-03	1.624342e-03
4.529039e-01	4.890331e-01	9.704306e-01	5.460701e-03	5.460701e-03
4.890331e-01	5.251622e-01	1.233307e+00	2.327586e-03	2.327586e-03
5.251622e-01	5.612913e-01	1.530614e+00	3.371611e-03	3.371611e-03
5.612913e-01	5.974205e-01	1.866306e+00	5.302319e-03	5.302319e-03
5.974205e-01	6.335496e-01	2.221651e+00	5.933673e-03	5.933673e-03
6.335496e-01	6.696787e-01	2.599409e+00	7.635102e-03	7.635102e-03
6.696787e-01	7.058079e-01	2.988732e+00	3.917383e-03	3.917383e-03
7.058079e-01	7.419370e-01	3.403520e+00	1.131104e-02	1.131104e-02
7.419370e-01	7.780661e-01	3.789510e+00	1.190670e-02	1.190670e-02
7.780661e-01	8.141953e-01	4.134088e+00	2.094624e-02	2.094624e-02
8.141953e-01	8.503244e-01	4.490865e+00	7.483446e-03	7.483446e-03
8.503244e-01	8.864535e-01	4.799303e+00	8.447491e-03	8.447491e-03
8.864535e-01	9.225827e-01	5.091427e+00	1.149610e-02	1.149610e-02
9.225827e-01	9.587118e-01	5.342619e+00	7.181727e-03	7.181727e-03
9.587118e-01	9.948409e-01	5.524447e+00	8.222239e-03	8.222239e-03
9.948409e-01	1.030970e+00	5.678639e+00	7.522928e-03	7.522928e-03
1.030970e+00	1.067099e+00	5.764076e+00	8.951906e-03	8.951906e-03
1.067099e+00	1.103228e+00	5.792355e+00	1.120042e-02	1.120042e-02
1.103228e+00	1.139357e+00	5.828420e+00	1.514775e-02	1.514775e-02
1.139357e+00	1.175487e+00	5.733518e+00	1.014220e-02	1.014220e-02
1.175487e+00	1.211616e+00	5.606756e+00	1.570583e-02	1.570583e-02
1.211616e+00	1.247745e+00	5.499604e+00	2.321289e-02	2.321289e-02
1.247745e+00	1.283874e+00	5.269086e+00	1.859657e-02	1.859657e-02
1.283874e+00	1.320003e+00	4.995403e+00	3.264879e-02	3.264879e-02
1.320003e+00	1.356132e+00	4.819934e+00	2.182765e-02	2.182765e-02
1.356132e+00	1.392261e+00	4.585073e+00	1.367333e-02	1.367333e-02
1.392261e+00	1.428391e+00	4.341780e+00	1.245881e-02	1.245881e-02
1.428391e+00	1.464520e+00	4.051468e+00	1.411449e-02	1.411449e-02
1.464520e+00	1.500649e+00	3.742752e+00	4.538579e-02	4.538579e-02
1.500649e+00	1.536778e+00	3.351621e+00	1.544355e-02	1.544355e-02
1.536778e+00	1.572907e+00	2.960508e+00	1.997374e-02	1.997374e-02
1.572907e+00	1.609036e+00	2.568775e+00	1.885326e-02	1.885326e-02
1.609036e+00	1.645165e+00	2.134404e+00	1.497420e-02	1.497420e-02
1.645165e+00	1.681294e+00	1.803020e+00	1.365858e-02	1.365858e-02
1.681294e+00	1.717424e+00	1.437271e+00	1.909828e-02	1.909828e-02
1.717424e+00	1.753553e+00	1.173072e+00	1.218516e-02	1.218516e-02
1.753553e+00	1.789682e+00	9.227402e-01	8.188210e-03	8.188210e-03
1.789682e+00	1.825811e+00	7.232246e-01	6.450632e-03	6.450632e-03
1.825811e+00	1.861940e+00	5.944291e-01	2.288088e-02	2.288088e-02
1.861940e+00	1.898069e+00	4.233433e-01	6.588516e-03	6.588516e-03
1.898069e+00	1.934198e+00	3.211099e-01	7.259662e-03	7.259662e-03
1.934198e+00	1.970328e+00	2.291193e-01	3.163149e-03	3.163149e-03
1.970328e+00	2.006457e+00	1.626801e-01	2.430177e-03	2.430177e-03
2.006457e+00	2.042586e+00	1.230525e-01	3.571594e-03	3.571594e-03
2.042586e+00	2.078715e+00	8.420994e-02	1.744812e-03	1.744812e-03
2.078715e+00	2.114844e+00	5.670492e-02	1.291033e-03	1.291033e-03
2.114844e+00	2.150973e+00	3.537709e-02	2.678794e-03	2.678794e-03
2.150973e+00	2.187102e+00	2.063383e-02	7.277516e-04	7.277516e-04
2.187102e+00	2.223231e+00	1.363084e-02	4.140212e-04	4.140212e-04
2.223231e+00	2.259361e+00	9.156482e-03	3.530112e-04	3.530112e-04
2.259361e+00	2.295490e+00	6.297656e-03	2.599566e-04	2.599566e-04
2.295490e+00	2.331619e+00	3.812394e-03	1.792309e-04	1.792309e-04
2.331619e+00	2.367748e+00	2.794118e-03	1.861541e-04	1.861541e-04
2.367748e+00	2.403877e+00	1.832724e-03	8.623291e-05	8.623291e-05
2.403877e+00	2.440006e+00	1.455502e-03	7.535545e-05	7.535545e-05
2.440006e+00	2.476135e+00	1.072633e-03	6.236591e-05	6.236591e-05
2.476135e+00	2.512265e+00	7.874536e-04	5.299703e-05	5.299703e-05
2.512265e+00	2.548394e+00	4.889122e-04	2.270054e-05	2.270054e-05
2.548394e+00	2.584523e+00	3.243779e-04	1.706428e-05	1.706428e-05
2.584523e+00	2.620652e+00	2.541200e-04	1.565439e-05	1.565439e-05
2.620652e+00	2.656781e+00	1.648929e-04	1.346121e-05	1.346121e-05
2.656781e+00	2.692910e+00	9.241421e-05	7.964197e-06	7.964197e-06
2.692910e+00	2.729039e+00	4.396230e-05	6.719924e-06	6.719924e-06
2.729039e+00	2.765168e+00	3.106986e-05	2.468685e-06	2.468685e-06
2.765168e+00	2.801298e+00	1.887064e-05	1.458013e-06	1.458013e-06
2.801298e+00	2.837427e+00	1.661438e-05	7.881837e-06	7.881837e-06
2.837427e+00	2.873556e+00	6.795547e-06	9.584299e-07	9.584299e-07
2.873556e+00	2.909685e+00	2.954571e-06	5.215071e-07	5.215071e-07
2.909685e+00	2.945814e+00	1.878223e-06	3.218845e-07	3.218845e-07
2.945814e+00	2.981943e+00	1.142762e-06	2.107072e-07	2.107072e-07
2.981943e+00	3.018072e+00	3.961557e-07	7.107488e-08	7.107488e-08
3.018072e+00	3.054202e+00	2.100096e-07	3.600371e-08	3.600371e-08
3.054202e+00	3.090331e+00	4.807949e-08	1.803480e-08	1.803480e-08
3.090331e+00	3.126460e+00	2.519577e-08	5.970289e-09	5.970289e-09
3.126460e+00	3.162589e+00	1.220713e-08	8.999631e-09	8.999631e-09
3.162589e+00	3.198718e+00	4.547726e-09	1.359254e-09	1.359254e-09
3.198718e+00	3.234847e+00	6.846143e-10	4.703011e-10	4.703011e-10
3.234847e+00	3.270976e+00	1.050747e-10	2.489188e-10	2.489188e-10
3.270976e+00	3.307105e+00	4.008816e-11	2.119759e-11	2.119759e-11
3.307105e+00	3.343235e+00	3.399178e-11	1.510854e-11	1.510854e-11
3.343235e+00	3.379364e+00	-2.247454e-13	5.255957e-13	5.255957e-13
3.379364e+00	3.415493e+00	1.142014e-12	8.365868e-13	8.365868e-13
3.415493e+00	3.451622e+00	4.269639e-13	3.909271e-13	3.909271e-13
3.451622e+00	3.487751e+00	7.123045e-15	6.589543e-15	6.589543e-15
3.487751e+00	3.523880e+00	-9.484616e-19	2.113593e-18	2.113593e-18
3.523880e+00	3.560009e+00	1.323191e-16	1.322152e-16	1.322152e-16
3.560009e+00	3.596139e+00	3.342892e-28	3.343011e-28	3.343011e-28
3.596139e+00	3.632268e+00	0.000000e+00	0.000000e+00	0.000000e+00
3.632268e+00	3.668397e+00	0.000000e+00	0.000000e+00	0.000000e+00
3.668397e+00	3.704526e+00	0.000000e+00	0.000000e+00	0.000000e+00
3.704526e+00	3.740655e+00	0.000000e+00	0.000000e+00	0.000000e+00
3.740655e+00	3.776784e+00	0.000000e+00	0.000000e+00	0.000000e+00
3.776784e+00	3.812913e+00	0.000000e+00	0.000000e+00	0.000000e+00
# END HISTO1D


# BEGIN HISTO1D //home/n597m389/Merging-Project/Production/HJETS/New-Analysis/yodafile/Scale-variation/H-N2-N3-4-merging.yoda/MC_H_KTSPLITTINGS/log10_d_23
ErrorBandColor=orange
ErrorBandOpacity=0.3
ErrorBands=1
ErrorType=env
LineColor=orange
LineStyle=none
Path=//home/n597m389/Merging-Project/Production/HJETS/New-Analysis/yodafile/Scale-variation/H-N2-N3-4-merging.yoda/MC_H_KTSPLITTINGS/log10_d_23
RatioPlotSameStyle=1
Title=h(2*,3*,4), $\rho \in [15,35]$ GeV
# xlow	 xhigh	 val	 errminus	 errplus
2.000000e-01	2.361292e-01	1.046187e-01	0.000000e+00	1.191311e-03
2.361291e-01	2.722583e-01	1.461252e-01	0.000000e+00	2.265287e-03
2.722583e-01	3.083875e-01	2.136925e-01	0.000000e+00	2.399700e-03
3.083874e-01	3.445165e-01	2.968250e-01	0.000000e+00	9.422322e-03
3.445165e-01	3.806457e-01	4.124500e-01	0.000000e+00	1.175836e-02
3.806457e-01	4.167748e-01	5.409000e-01	0.000000e+00	2.552015e-02
4.167748e-01	4.529039e-01	6.986894e-01	0.000000e+00	4.534600e-02
4.529039e-01	4.890331e-01	9.290253e-01	0.000000e+00	4.140529e-02
4.890331e-01	5.251621e-01	1.180164e+00	0.000000e+00	5.314276e-02
5.251623e-01	5.612913e-01	1.461336e+00	0.000000e+00	8.300484e-02
5.612913e-01	5.974205e-01	1.765198e+00	0.000000e+00	1.037086e-01
5.974204e-01	6.335495e-01	2.093769e+00	0.000000e+00	1.386304e-01
6.335497e-01	6.696787e-01	2.454634e+00	0.000000e+00	1.556695e-01
6.696787e-01	7.058079e-01	2.825637e+00	0.000000e+00	1.630952e-01
7.058080e-01	7.419370e-01	3.145251e+00	0.000000e+00	3.030770e-01
7.419370e-01	7.780660e-01	3.502736e+00	0.000000e+00	3.351287e-01
7.780661e-01	8.141953e-01	3.831051e+00	0.000000e+00	3.946946e-01
8.141954e-01	8.503245e-01	4.197209e+00	0.000000e+00	3.788580e-01
8.503244e-01	8.864534e-01	4.445226e+00	0.000000e+00	4.614784e-01
8.864535e-01	9.225827e-01	4.708590e+00	0.000000e+00	4.990340e-01
9.225828e-01	9.587118e-01	4.938850e+00	0.000000e+00	5.531580e-01
9.587118e-01	9.948408e-01	5.102070e+00	0.000000e+00	6.055147e-01
9.948404e-01	1.030970e+00	5.276464e+00	0.000000e+00	5.773186e-01
1.030970e+00	1.067098e+00	5.530823e+00	0.000000e+00	4.227629e-01
1.067100e+00	1.103228e+00	5.502441e+00	0.000000e+00	4.948961e-01
1.103229e+00	1.139358e+00	5.536345e+00	0.000000e+00	3.400094e-01
1.139357e+00	1.175487e+00	5.668234e+00	0.000000e+00	2.769693e-01
1.175487e+00	1.211615e+00	5.782280e+00	1.755238e-01	7.684685e-02
1.211617e+00	1.247745e+00	5.690146e+00	1.905422e-01	0.000000e+00
1.247746e+00	1.283875e+00	5.754715e+00	4.856293e-01	0.000000e+00
1.283874e+00	1.320002e+00	5.599552e+00	6.041490e-01	0.000000e+00
1.320002e+00	1.356131e+00	5.412068e+00	5.921337e-01	0.000000e+00
1.356132e+00	1.392261e+00	5.105422e+00	5.943785e-01	0.000000e+00
1.392261e+00	1.428391e+00	4.810595e+00	6.656103e-01	0.000000e+00
1.428391e+00	1.464519e+00	4.384447e+00	6.198428e-01	0.000000e+00
1.464519e+00	1.500648e+00	4.057068e+00	6.648343e-01	0.000000e+00
1.500649e+00	1.536778e+00	3.580326e+00	5.664176e-01	0.000000e+00
1.536778e+00	1.572906e+00	3.149434e+00	4.693512e-01	0.000000e+00
1.572906e+00	1.609035e+00	2.677873e+00	3.249943e-01	0.000000e+00
1.609036e+00	1.645165e+00	2.247444e+00	2.405323e-01	0.000000e+00
1.645165e+00	1.681293e+00	1.845266e+00	2.091940e-01	0.000000e+00
1.681294e+00	1.717424e+00	1.488924e+00	1.394124e-01	0.000000e+00
1.717423e+00	1.753552e+00	1.173053e+00	6.346093e-02	1.909823e-05
1.753553e+00	1.789682e+00	9.522074e-01	7.716322e-02	0.000000e+00
1.789682e+00	1.825811e+00	7.133527e-01	1.736002e-02	9.871848e-03
1.825812e+00	1.861940e+00	5.427781e-01	7.060810e-03	5.165103e-02
1.861940e+00	1.898069e+00	4.054491e-01	0.000000e+00	1.789421e-02
1.898069e+00	1.934198e+00	2.916715e-01	0.000000e+00	2.943840e-02
1.934198e+00	1.970328e+00	2.209290e-01	0.000000e+00	8.190257e-03
1.970329e+00	2.006458e+00	1.606906e-01	0.000000e+00	2.731794e-03
2.006458e+00	2.042587e+00	1.087569e-01	0.000000e+00	1.429561e-02
2.042585e+00	2.078714e+00	8.698519e-02	3.692934e-03	0.000000e+00
2.078715e+00	2.114844e+00	6.106266e-02	7.290182e-03	0.000000e+00
2.114845e+00	2.150974e+00	3.576005e-02	1.359379e-03	0.000000e+00
2.150972e+00	2.187101e+00	2.228772e-02	1.767873e-03	0.000000e+00
2.187102e+00	2.223231e+00	1.354638e-02	1.879526e-03	8.446400e-05
2.223231e+00	2.259361e+00	9.572712e-03	1.632790e-03	0.000000e+00
2.259362e+00	2.295491e+00	6.681613e-03	1.441332e-03	0.000000e+00
2.295489e+00	2.331618e+00	4.023997e-03	3.941930e-04	0.000000e+00
2.331619e+00	2.367748e+00	3.023527e-03	6.707495e-04	0.000000e+00
2.367749e+00	2.403878e+00	2.329906e-03	6.805060e-04	0.000000e+00
2.403876e+00	2.440005e+00	1.428451e-03	3.003413e-04	2.705029e-05
2.440006e+00	2.476135e+00	1.072034e-03	6.039470e-05	5.981345e-07
2.476135e+00	2.512265e+00	7.451057e-04	1.278043e-04	4.234791e-05
2.512266e+00	2.548395e+00	6.320543e-04	1.431421e-04	0.000000e+00
2.548393e+00	2.584522e+00	3.614260e-04	3.993523e-05	0.000000e+00
2.584523e+00	2.620652e+00	2.540960e-04	8.365252e-05	2.402502e-08
2.620653e+00	2.656782e+00	1.708422e-04	3.948581e-05	0.000000e+00
2.656780e+00	2.692909e+00	9.615135e-05	7.467021e-06	0.000000e+00
2.692910e+00	2.729039e+00	5.926416e-05	1.530186e-05	0.000000e+00
2.729040e+00	2.765169e+00	4.257549e-05	1.447967e-05	0.000000e+00
2.765168e+00	2.801298e+00	1.012509e-05	0.000000e+00	1.435305e-05
2.801297e+00	2.837426e+00	9.945163e-06	0.000000e+00	6.669216e-06
2.837427e+00	2.873556e+00	2.948191e-06	0.000000e+00	4.114437e-06
2.873557e+00	2.909686e+00	3.150024e-06	1.954524e-07	2.975671e-07
2.909686e+00	2.945815e+00	1.935069e-06	5.684575e-08	9.864649e-07
2.945813e+00	2.981942e+00	8.620618e-07	0.000000e+00	2.807003e-07
2.981943e+00	3.018072e+00	3.686083e-07	0.000000e+00	2.754740e-08
3.018072e+00	3.054202e+00	4.572483e-08	0.000000e+00	1.642847e-07
3.054203e+00	3.090332e+00	5.057580e-08	2.496305e-09	7.899112e-09
3.090330e+00	3.126459e+00	-8.577647e-08	0.000000e+00	1.551599e-07
3.126460e+00	3.162589e+00	-3.716424e-09	0.000000e+00	1.875163e-08
3.162590e+00	3.198719e+00	2.474927e-09	0.000000e+00	6.274346e-09
3.198717e+00	3.234846e+00	3.520551e-09	2.835937e-09	0.000000e+00
3.234847e+00	3.270976e+00	1.920611e-10	8.698638e-11	6.057596e-11
3.270977e+00	3.307106e+00	4.784414e-11	2.728072e-11	0.000000e+00
3.307105e+00	3.343235e+00	-3.807503e-12	0.000000e+00	6.225713e-11
3.343234e+00	3.379363e+00	1.719712e-12	1.944457e-12	0.000000e+00
3.379364e+00	3.415493e+00	2.638005e-12	1.567842e-12	0.000000e+00
3.415494e+00	3.451623e+00	1.682181e-14	0.000000e+00	4.101421e-13
3.451621e+00	3.487750e+00	6.152310e-15	6.237644e-15	9.707354e-16
3.487751e+00	3.523880e+00	1.173413e-17	1.358655e-17	0.000000e+00
3.523881e+00	3.560010e+00	3.764466e-21	3.754385e-21	1.323153e-16
3.560009e+00	3.596139e+00	1.205665e-25	1.205665e-25	0.000000e+00
3.596138e+00	3.632267e+00	0.000000e+00	0.000000e+00	0.000000e+00
3.632268e+00	3.668397e+00	0.000000e+00	0.000000e+00	0.000000e+00
3.668398e+00	3.704527e+00	0.000000e+00	0.000000e+00	0.000000e+00
3.704525e+00	3.740654e+00	0.000000e+00	0.000000e+00	0.000000e+00
3.740655e+00	3.776784e+00	0.000000e+00	0.000000e+00	0.000000e+00
3.776785e+00	3.812914e+00	0.000000e+00	0.000000e+00	0.000000e+00
# END HISTO1D

