# BEGIN PLOT
Scale=1000.0
DrawOnly=//homes/tinghua1/Merging-Project/Production/HJETS/New-Analysis/Scale-variation/H-N2-N3-4-25gev-hjets-1.yoda/MC_H_KTSPLITTINGS/log10_d_34 //homes/tinghua1/Merging-Project/Production/HJETS/New-Analysis/Scale-variation/H-N2-3-4-25gev-hjets-1.yoda/MC_H_KTSPLITTINGS/log10_d_34 //homes/tinghua1/Merging-Project/Production/HJETS/New-Analysis/Scale-variation/H-2-3-4-25gev-hjets.yoda/MC_H_KTSPLITTINGS/log10_d_34 //homes/tinghua1/Merging-Project/Production/HJETS/New-Analysis/Scale-variation/H-N2-3-25gev-hjets-1.yoda/MC_H_KTSPLITTINGS/log10_d_34 //homes/tinghua1/Merging-Project/Production/HJETS/New-Analysis/Scale-variation/H-2-3-25gev-hjets.yoda/MC_H_KTSPLITTINGS/log10_d_34 //homes/tinghua1/Merging-Project/Production/HJETS/New-Analysis/Scale-variation/H3Jets-NLOPS-hjets-1.yoda/MC_H_KTSPLITTINGS/log10_d_34 //homes/tinghua1/Merging-Project/Production/HJETS/New-Analysis/Scale-variation/H2Jets-NLOPS-hjets.yoda/MC_H_KTSPLITTINGS/log10_d_34 
RightMargin=0.5
RatioPlotReference=//homes/tinghua1/Merging-Project/Production/HJETS/New-Analysis/Scale-variation/H-N2-N3-4-25gev-hjets-1.yoda/MC_H_KTSPLITTINGS/log10_d_34
#RatioPlot=1
LogY=1
RatioPlotYMax=3
RatioPlotYLabel=Ratio
#LegendOnly=//homes/tinghua1/Merging-Project/Production/HJETS/New-Analysis/Scale-variation/H-N2-N3-4-25gev-hjets-1.yoda/MC_H_KTSPLITTINGS/log10_d_34 //homes/tinghua1/Merging-Project/Production/HJETS/New-Analysis/Scale-variation/H-N2-3-4-25gev-hjets-1.yoda/MC_H_KTSPLITTINGS/log10_d_34 //homes/tinghua1/Merging-Project/Production/HJETS/New-Analysis/Scale-variation/H-2-3-4-25gev-hjets.yoda/MC_H_KTSPLITTINGS/log10_d_34 //homes/tinghua1/Merging-Project/Production/HJETS/New-Analysis/Scale-variation/H-N2-3-25gev-hjets-1.yoda/MC_H_KTSPLITTINGS/log10_d_34 //homes/tinghua1/Merging-Project/Production/HJETS/New-Analysis/Scale-variation/H-2-3-25gev-hjets.yoda/MC_H_KTSPLITTINGS/log10_d_34 //homes/tinghua1/Merging-Project/Production/HJETS/New-Analysis/Scale-variation/H3Jets-NLOPS-hjets-1.yoda/MC_H_KTSPLITTINGS/log10_d_34 //homes/tinghua1/Merging-Project/Production/HJETS/New-Analysis/Scale-variation/H2Jets-NLOPS-hjets.yoda/MC_H_KTSPLITTINGS/log10_d_34 
XLabel=$\log_{10}(\sqrt{d_{3}}/\text{GeV})$
LegendAlign=l
XMax=3
YLabel=$\text{d}\sigma/\text{d}\log_{10}(\sqrt{d_{3}}/\text{GeV})$ [fb]
Legend=0
RatioPlot=5
MainPlotSelection={"Selection":[1,2,3,4,5,6,7]}
RatioPlots={"RatioPlotYLabel":"","Selection":[1,2]};{"RatioPlotYLabel":"","Selection":[1,3]};{"RatioPlotYLabel":"","Selection":[1,5]};{"RatioPlotYLabel":"","Selection":[1,6]};{"RatioPlotYLabel":"","Selection":[1,4,7]};
RatioPlotSameStyle=1
RatioPlotYMin=0.0
# END PLOT


# BEGIN SPECIAL /MC_H_KTSPLITTINGS/log10_d_34
\rput[tl](0.3,0.6){\parbox{5cm}{\textcolor{gray}{{\bf Herwig 7.2.0} \\ HJETS/ColorFull}}}
# END SPECIAL

# BEGIN HISTO1D //homes/tinghua1/Merging-Project/Production/HJETS/New-Analysis/Scale-variation/H-N2-N3-4-25gev-hjets-1.yoda/MC_H_KTSPLITTINGS/log10_d_34
ErrorBandColor=orange
ErrorBandOpacity=0.3
ErrorBands=1
ErrorType=env
LineColor=orange
LineStyle=solid
Path=//homes/tinghua1/Merging-Project/Production/HJETS/New-Analysis/Scale-variation/H-N2-N3-4-25gev-hjets-1.yoda/MC_H_KTSPLITTINGS/log10_d_34
RatioPlotSameStyle=1
Title=h(2*,3*,4)
# xlow	 xhigh	 val	 errminus	 errplus
2.000000e-01	2.361292e-01	5.377183e-01	3.371583e-01	5.934380e-01
2.361291e-01	2.722583e-01	7.111973e-01	4.331316e-01	6.956586e-01
2.722583e-01	3.083875e-01	9.541804e-01	5.690895e-01	8.391947e-01
3.083874e-01	3.445165e-01	1.259747e+00	7.216440e-01	9.326917e-01
3.445165e-01	3.806457e-01	1.618220e+00	8.956406e-01	9.750650e-01
3.806457e-01	4.167748e-01	2.045509e+00	1.074927e+00	9.585290e-01
4.167748e-01	4.529039e-01	2.524433e+00	1.225949e+00	9.197993e-01
4.529039e-01	4.890331e-01	3.042271e+00	1.350773e+00	8.573758e-01
4.890331e-01	5.251621e-01	3.616008e+00	1.456172e+00	7.513417e-01
5.251623e-01	5.612913e-01	4.190096e+00	1.477876e+00	5.611073e-01
5.612913e-01	5.974205e-01	4.730406e+00	1.420344e+00	3.589866e-01
5.974204e-01	6.335495e-01	5.206449e+00	1.261534e+00	1.676875e-01
6.335497e-01	6.696787e-01	5.648259e+00	1.048758e+00	0.000000e+00
6.696787e-01	7.058079e-01	6.018484e+00	7.871500e-01	0.000000e+00
7.058080e-01	7.419370e-01	6.333584e+00	5.040535e-01	0.000000e+00
7.419370e-01	7.780660e-01	6.467886e+00	5.539773e-01	0.000000e+00
7.780661e-01	8.141953e-01	6.562324e+00	7.259779e-01	1.854649e-01
8.141954e-01	8.503245e-01	6.538574e+00	7.812484e-01	5.339795e-01
8.503244e-01	8.864534e-01	6.446729e+00	8.543501e-01	8.254980e-01
8.864535e-01	9.225827e-01	6.282857e+00	8.830171e-01	1.115248e+00
9.225828e-01	9.587118e-01	6.080276e+00	8.594125e-01	1.230291e+00
9.587118e-01	9.948408e-01	5.777373e+00	8.361155e-01	1.370621e+00
9.948404e-01	1.030970e+00	5.549510e+00	8.861721e-01	1.351329e+00
1.030970e+00	1.067098e+00	5.147854e+00	7.421130e-01	1.332996e+00
1.067100e+00	1.103228e+00	4.765238e+00	7.212931e-01	1.318304e+00
1.103229e+00	1.139358e+00	4.423690e+00	6.836918e-01	1.194486e+00
1.139357e+00	1.175487e+00	4.049784e+00	6.732355e-01	9.913701e-01
1.175487e+00	1.211615e+00	3.612181e+00	5.360652e-01	9.751972e-01
1.211617e+00	1.247745e+00	3.279972e+00	5.315641e-01	7.861690e-01
1.247746e+00	1.283875e+00	2.878264e+00	4.200285e-01	7.287027e-01
1.283874e+00	1.320002e+00	2.561222e+00	3.981552e-01	5.916383e-01
1.320002e+00	1.356131e+00	2.223500e+00	3.139290e-01	4.955626e-01
1.356132e+00	1.392261e+00	1.952182e+00	3.016654e-01	3.814949e-01
1.392261e+00	1.428391e+00	1.674867e+00	2.460659e-01	3.412054e-01
1.428391e+00	1.464519e+00	1.414355e+00	1.924543e-01	2.393114e-01
1.464519e+00	1.500648e+00	1.171348e+00	1.814595e-01	3.184727e-01
1.500649e+00	1.536778e+00	9.704398e-01	1.411022e-01	1.600075e-01
1.536778e+00	1.572906e+00	7.535351e-01	8.897838e-02	1.476174e-01
1.572906e+00	1.609035e+00	6.027518e-01	9.137314e-02	9.447314e-02
1.609036e+00	1.645165e+00	4.670331e-01	7.438374e-02	7.352570e-02
1.645165e+00	1.681293e+00	3.640090e-01	6.075590e-02	5.598162e-02
1.681294e+00	1.717424e+00	2.733259e-01	4.694362e-02	3.786394e-02
1.717423e+00	1.753552e+00	1.998715e-01	2.593473e-02	4.203465e-02
1.753553e+00	1.789682e+00	1.519324e-01	2.438111e-02	2.783086e-02
1.789682e+00	1.825811e+00	1.122039e-01	1.808240e-02	1.968004e-02
1.825812e+00	1.861940e+00	8.005514e-02	1.159905e-02	1.524601e-02
1.861940e+00	1.898069e+00	5.942824e-02	1.215807e-02	1.318403e-02
1.898069e+00	1.934198e+00	4.123754e-02	5.090980e-03	1.107180e-02
1.934198e+00	1.970328e+00	3.061115e-02	6.662358e-03	4.003764e-03
1.970329e+00	2.006458e+00	2.110149e-02	4.999488e-03	4.893861e-03
2.006458e+00	2.042587e+00	1.433699e-02	2.146630e-03	4.052517e-03
2.042585e+00	2.078714e+00	1.046163e-02	2.500703e-03	1.781680e-03
2.078715e+00	2.114844e+00	5.990636e-03	9.711506e-04	1.796847e-03
2.114845e+00	2.150974e+00	3.562465e-03	5.774253e-04	6.724902e-04
2.150972e+00	2.187101e+00	2.174156e-03	5.197207e-04	4.941490e-04
2.187102e+00	2.223231e+00	1.228562e-03	3.481619e-04	4.396216e-04
2.223231e+00	2.259361e+00	8.386759e-04	2.705306e-04	2.601835e-04
2.259362e+00	2.295491e+00	4.010341e-04	2.470619e-05	3.617161e-04
2.295489e+00	2.331618e+00	2.877553e-04	6.982164e-05	1.881740e-04
2.331619e+00	2.367748e+00	2.396124e-04	9.724050e-05	1.056911e-04
2.367749e+00	2.403878e+00	1.164608e-04	8.017299e-06	9.605134e-05
2.403876e+00	2.440005e+00	8.524354e-05	0.000000e+00	7.276786e-05
2.440006e+00	2.476135e+00	7.265936e-05	2.851765e-05	1.920504e-05
2.476135e+00	2.512265e+00	5.568425e-05	0.000000e+00	1.119585e-05
2.512266e+00	2.548395e+00	2.688630e-05	6.983271e-06	1.154967e-05
2.548393e+00	2.584522e+00	1.548543e-05	6.940148e-06	7.549866e-06
2.584523e+00	2.620652e+00	8.806590e-06	1.900584e-06	1.224997e-06
2.620653e+00	2.656782e+00	4.948183e-06	1.207744e-06	3.140555e-06
2.656780e+00	2.692909e+00	2.712336e-06	7.656927e-07	2.235684e-06
2.692910e+00	2.729039e+00	9.582781e-07	0.000000e+00	1.601583e-06
2.729040e+00	2.765169e+00	9.644994e-07	3.239799e-07	3.472914e-07
2.765168e+00	2.801298e+00	6.529510e-07	1.908503e-07	2.329671e-08
2.801297e+00	2.837426e+00	2.214129e-07	9.599217e-08	1.444409e-07
2.837427e+00	2.873556e+00	1.061958e-07	2.341260e-08	1.891971e-07
2.873557e+00	2.909686e+00	1.254702e-08	0.000000e+00	5.754008e-08
2.909686e+00	2.945815e+00	2.083998e-08	1.659053e-08	6.810004e-08
2.945813e+00	2.981942e+00	1.917082e-09	6.391965e-10	4.750465e-09
2.981943e+00	3.018072e+00	4.899242e-09	3.768204e-09	1.146805e-09
3.018072e+00	3.054202e+00	2.256665e-09	1.635508e-09	6.126593e-10
3.054203e+00	3.090332e+00	9.257405e-10	8.986685e-10	1.634366e-11
3.090330e+00	3.126459e+00	1.297433e-11	1.091375e-11	1.382632e-09
3.126460e+00	3.162589e+00	7.474240e-12	4.748833e-11	0.000000e+00
3.162590e+00	3.198719e+00	2.223506e-11	1.851231e-11	0.000000e+00
3.198717e+00	3.234846e+00	2.087887e-13	1.489462e-13	3.393588e-13
3.234847e+00	3.270976e+00	2.756936e-14	0.000000e+00	3.019432e-12
3.270977e+00	3.307106e+00	2.104949e-15	1.796810e-15	8.073879e-15
3.307105e+00	3.343235e+00	3.593283e-18	3.537925e-18	8.034514e-18
3.343234e+00	3.379363e+00	2.971887e-16	2.971889e-16	0.000000e+00
3.379364e+00	3.415493e+00	5.070290e-25	5.712105e-25	0.000000e+00
3.415494e+00	3.451623e+00	0.000000e+00	0.000000e+00	6.358537e-34
3.451621e+00	3.487750e+00	0.000000e+00	0.000000e+00	0.000000e+00
3.487751e+00	3.523880e+00	0.000000e+00	0.000000e+00	0.000000e+00
3.523881e+00	3.560010e+00	0.000000e+00	0.000000e+00	0.000000e+00
3.560009e+00	3.596139e+00	0.000000e+00	0.000000e+00	0.000000e+00
3.596138e+00	3.632267e+00	0.000000e+00	0.000000e+00	0.000000e+00
3.632268e+00	3.668397e+00	0.000000e+00	0.000000e+00	0.000000e+00
3.668398e+00	3.704527e+00	0.000000e+00	0.000000e+00	0.000000e+00
3.704525e+00	3.740654e+00	0.000000e+00	0.000000e+00	0.000000e+00
3.740655e+00	3.776784e+00	0.000000e+00	0.000000e+00	0.000000e+00
3.776785e+00	3.812914e+00	0.000000e+00	0.000000e+00	0.000000e+00
# END HISTO1D


# BEGIN HISTO1D //homes/tinghua1/Merging-Project/Production/HJETS/New-Analysis/Scale-variation/H-N2-3-4-25gev-hjets-1.yoda/MC_H_KTSPLITTINGS/log10_d_34
ErrorBandColor=blue
ErrorBandOpacity=0.3
ErrorBands=1
ErrorType=env
LineColor=blue
LineStyle=solid
Path=//homes/tinghua1/Merging-Project/Production/HJETS/New-Analysis/Scale-variation/H-N2-3-4-25gev-hjets-1.yoda/MC_H_KTSPLITTINGS/log10_d_34
RatioPlotSameStyle=1
Title=h(2*,3,4)
# xlow	 xhigh	 val	 errminus	 errplus
2.000000e-01	2.361292e-01	5.339480e-01	3.332678e-01	6.113421e-01
2.361291e-01	2.722583e-01	7.077749e-01	4.338521e-01	7.203259e-01
2.722583e-01	3.083875e-01	9.614856e-01	5.758624e-01	8.511604e-01
3.083874e-01	3.445165e-01	1.267063e+00	7.359691e-01	9.559095e-01
3.445165e-01	3.806457e-01	1.630466e+00	9.018024e-01	9.949415e-01
3.806457e-01	4.167748e-01	2.061295e+00	1.090542e+00	9.831346e-01
4.167748e-01	4.529039e-01	2.527901e+00	1.243160e+00	9.625676e-01
4.529039e-01	4.890331e-01	3.060569e+00	1.366662e+00	8.876781e-01
4.890331e-01	5.251621e-01	3.643177e+00	1.489376e+00	7.947389e-01
5.251623e-01	5.612913e-01	4.236311e+00	1.523481e+00	5.965994e-01
5.612913e-01	5.974205e-01	4.767925e+00	1.466960e+00	3.821009e-01
5.974204e-01	6.335495e-01	5.251180e+00	1.266608e+00	1.916433e-01
6.335497e-01	6.696787e-01	5.720727e+00	1.152581e+00	0.000000e+00
6.696787e-01	7.058079e-01	6.075886e+00	8.629585e-01	0.000000e+00
7.058080e-01	7.419370e-01	6.364739e+00	5.554802e-01	0.000000e+00
7.419370e-01	7.780660e-01	6.544843e+00	5.869562e-01	0.000000e+00
7.780661e-01	8.141953e-01	6.621636e+00	7.107298e-01	1.345837e-01
8.141954e-01	8.503245e-01	6.601501e+00	7.914700e-01	4.608861e-01
8.503244e-01	8.864534e-01	6.535322e+00	8.696065e-01	7.143189e-01
8.864535e-01	9.225827e-01	6.324854e+00	8.481948e-01	9.901686e-01
9.225828e-01	9.587118e-01	6.138692e+00	8.929284e-01	1.147845e+00
9.587118e-01	9.948408e-01	5.844034e+00	8.687069e-01	1.286027e+00
9.948404e-01	1.030970e+00	5.526719e+00	8.588146e-01	1.320016e+00
1.030970e+00	1.067098e+00	5.167597e+00	8.152980e-01	1.306385e+00
1.067100e+00	1.103228e+00	4.795613e+00	7.827009e-01	1.243948e+00
1.103229e+00	1.139358e+00	4.411835e+00	7.204240e-01	1.189120e+00
1.139357e+00	1.175487e+00	3.988480e+00	6.374370e-01	1.082372e+00
1.175487e+00	1.211615e+00	3.587080e+00	5.695176e-01	9.765092e-01
1.211617e+00	1.247745e+00	3.184627e+00	5.198004e-01	8.895652e-01
1.247746e+00	1.283875e+00	2.823048e+00	4.761170e-01	1.027706e+00
1.283874e+00	1.320002e+00	2.470939e+00	4.150721e-01	6.743292e-01
1.320002e+00	1.356131e+00	2.148568e+00	3.736663e-01	5.600346e-01
1.356132e+00	1.392261e+00	1.855239e+00	3.229516e-01	4.905998e-01
1.392261e+00	1.428391e+00	1.582787e+00	2.737830e-01	3.986861e-01
1.428391e+00	1.464519e+00	1.335680e+00	2.309195e-01	3.440754e-01
1.464519e+00	1.500648e+00	1.117463e+00	1.943298e-01	2.714750e-01
1.500649e+00	1.536778e+00	9.276216e-01	1.717847e-01	2.178333e-01
1.536778e+00	1.572906e+00	7.379612e-01	1.342935e-01	1.803006e-01
1.572906e+00	1.609035e+00	5.938285e-01	1.116557e-01	1.327322e-01
1.609036e+00	1.645165e+00	4.606455e-01	8.727892e-02	1.113789e-01
1.645165e+00	1.681293e+00	3.541496e-01	6.595948e-02	8.281907e-02
1.681294e+00	1.717424e+00	2.716700e-01	5.372294e-02	6.460875e-02
1.717423e+00	1.753552e+00	2.027975e-01	3.920961e-02	5.315483e-02
1.753553e+00	1.789682e+00	1.523896e-01	2.903939e-02	3.890905e-02
1.789682e+00	1.825811e+00	1.147362e-01	2.354247e-02	2.744430e-02
1.825812e+00	1.861940e+00	8.415160e-02	1.715403e-02	2.142268e-02
1.861940e+00	1.898069e+00	6.141919e-02	1.291691e-02	1.644358e-02
1.898069e+00	1.934198e+00	4.400019e-02	9.212544e-03	1.190653e-02
1.934198e+00	1.970328e+00	3.152494e-02	6.865984e-03	9.643897e-03
1.970329e+00	2.006458e+00	2.213466e-02	4.398569e-03	6.721822e-03
2.006458e+00	2.042587e+00	1.548722e-02	3.315268e-03	4.665900e-03
2.042585e+00	2.078714e+00	1.073215e-02	2.535340e-03	2.677782e-03
2.078715e+00	2.114844e+00	6.448784e-03	1.267140e-03	2.453079e-03
2.114845e+00	2.150974e+00	3.760397e-03	5.923192e-04	1.446627e-03
2.150972e+00	2.187101e+00	2.395462e-03	6.451302e-04	7.478604e-04
2.187102e+00	2.223231e+00	1.432665e-03	3.903543e-04	5.360788e-04
2.223231e+00	2.259361e+00	9.114763e-04	2.271182e-04	3.839806e-04
2.259362e+00	2.295491e+00	6.174893e-04	1.823707e-04	2.611600e-04
2.295489e+00	2.331618e+00	3.605519e-04	8.300673e-05	1.954037e-04
2.331619e+00	2.367748e+00	2.552468e-04	6.296629e-05	9.905968e-05
2.367749e+00	2.403878e+00	1.634398e-04	2.539553e-05	8.329256e-05
2.403876e+00	2.440005e+00	1.217176e-04	2.902220e-05	5.121573e-05
2.440006e+00	2.476135e+00	7.149556e-05	2.212217e-05	2.934053e-05
2.476135e+00	2.512265e+00	4.594907e-05	1.246521e-05	2.253172e-05
2.512266e+00	2.548395e+00	2.804932e-05	7.481624e-06	2.005652e-05
2.548393e+00	2.584522e+00	1.528263e-05	9.522018e-07	1.073085e-05
2.584523e+00	2.620652e+00	9.052631e-06	1.023134e-06	4.473736e-06
2.620653e+00	2.656782e+00	6.418022e-06	2.222002e-06	2.559808e-06
2.656780e+00	2.692909e+00	3.648604e-06	1.965204e-06	8.276814e-07
2.692910e+00	2.729039e+00	1.770174e-06	0.000000e+00	8.152185e-07
2.729040e+00	2.765169e+00	6.763567e-07	0.000000e+00	1.039990e-06
2.765168e+00	2.801298e+00	8.111005e-07	3.609344e-07	0.000000e+00
2.801297e+00	2.837426e+00	2.316872e-07	5.770755e-08	4.119552e-08
2.837427e+00	2.873556e+00	9.578264e-08	3.616961e-08	4.263107e-08
2.873557e+00	2.909686e+00	3.852758e-08	7.311855e-09	3.994074e-08
2.909686e+00	2.945815e+00	5.003548e-09	0.000000e+00	2.007569e-08
2.945813e+00	2.981942e+00	1.904112e-09	2.036970e-08	1.026206e-08
2.981943e+00	3.018072e+00	4.963055e-09	2.725269e-09	0.000000e+00
3.018072e+00	3.054202e+00	2.080991e-10	5.478206e-11	1.908782e-10
3.054203e+00	3.090332e+00	4.325583e-09	3.958979e-09	0.000000e+00
3.090330e+00	3.126459e+00	-5.151156e-11	0.000000e+00	1.445728e-10
3.126460e+00	3.162589e+00	4.944615e-12	4.272825e-12	1.134097e-12
3.162590e+00	3.198719e+00	1.272580e-13	2.600535e-13	1.114678e-12
3.198717e+00	3.234846e+00	1.099202e-13	8.570087e-14	1.606087e-11
3.234847e+00	3.270976e+00	6.319278e-11	6.309052e-11	0.000000e+00
3.270977e+00	3.307106e+00	2.557873e-16	2.610685e-16	0.000000e+00
3.307105e+00	3.343235e+00	4.516042e-20	3.965279e-20	2.609779e-13
3.343234e+00	3.379363e+00	5.563558e-29	0.000000e+00	1.419754e-19
3.379364e+00	3.415493e+00	0.000000e+00	6.792275e-26	0.000000e+00
3.415494e+00	3.451623e+00	0.000000e+00	0.000000e+00	0.000000e+00
3.451621e+00	3.487750e+00	0.000000e+00	0.000000e+00	0.000000e+00
3.487751e+00	3.523880e+00	0.000000e+00	0.000000e+00	0.000000e+00
3.523881e+00	3.560010e+00	0.000000e+00	0.000000e+00	0.000000e+00
3.560009e+00	3.596139e+00	0.000000e+00	0.000000e+00	0.000000e+00
3.596138e+00	3.632267e+00	0.000000e+00	0.000000e+00	0.000000e+00
3.632268e+00	3.668397e+00	0.000000e+00	0.000000e+00	0.000000e+00
3.668398e+00	3.704527e+00	0.000000e+00	0.000000e+00	0.000000e+00
3.704525e+00	3.740654e+00	0.000000e+00	0.000000e+00	0.000000e+00
3.740655e+00	3.776784e+00	0.000000e+00	0.000000e+00	0.000000e+00
3.776785e+00	3.812914e+00	0.000000e+00	0.000000e+00	0.000000e+00
# END HISTO1D


# BEGIN HISTO1D //homes/tinghua1/Merging-Project/Production/HJETS/New-Analysis/Scale-variation/H-2-3-4-25gev-hjets.yoda/MC_H_KTSPLITTINGS/log10_d_34
ErrorBandColor=yellow
ErrorBandOpacity=0.3
ErrorBands=1
ErrorType=env
LineColor=yellow
LineStyle=solid
Path=//homes/tinghua1/Merging-Project/Production/HJETS/New-Analysis/Scale-variation/H-2-3-4-25gev-hjets.yoda/MC_H_KTSPLITTINGS/log10_d_34
RatioPlotSameStyle=1
Title=h(2,3,4)
# xlow	 xhigh	 val	 errminus	 errplus
2.000000e-01	2.361292e-01	5.732697e-01	3.448691e-01	6.094713e-01
2.361291e-01	2.722583e-01	7.591873e-01	4.504232e-01	7.044673e-01
2.722583e-01	3.083875e-01	1.023811e+00	5.923948e-01	8.278590e-01
3.083874e-01	3.445165e-01	1.342069e+00	7.487585e-01	9.151036e-01
3.445165e-01	3.806457e-01	1.712081e+00	9.171033e-01	9.485992e-01
3.806457e-01	4.167748e-01	2.140021e+00	1.068122e+00	9.375506e-01
4.167748e-01	4.529039e-01	2.622321e+00	1.235724e+00	8.842401e-01
4.529039e-01	4.890331e-01	3.158708e+00	1.360116e+00	7.905074e-01
4.890331e-01	5.251621e-01	3.714587e+00	1.438464e+00	6.813870e-01
5.251623e-01	5.612913e-01	4.270372e+00	1.460338e+00	4.912107e-01
5.612913e-01	5.974205e-01	4.760731e+00	1.373487e+00	2.901144e-01
5.974204e-01	6.335495e-01	5.213412e+00	1.218998e+00	6.844621e-02
6.335497e-01	6.696787e-01	5.604590e+00	1.006427e+00	0.000000e+00
6.696787e-01	7.058079e-01	5.914396e+00	7.359255e-01	0.000000e+00
7.058080e-01	7.419370e-01	6.131022e+00	5.068878e-01	0.000000e+00
7.419370e-01	7.780660e-01	6.248417e+00	6.283688e-01	0.000000e+00
7.780661e-01	8.141953e-01	6.255920e+00	7.274559e-01	2.184051e-01
8.141954e-01	8.503245e-01	6.180331e+00	8.056497e-01	4.891154e-01
8.503244e-01	8.864534e-01	6.042511e+00	8.443526e-01	7.311419e-01
8.864535e-01	9.225827e-01	5.834812e+00	8.547795e-01	9.379034e-01
9.225828e-01	9.587118e-01	5.580507e+00	8.536415e-01	1.072191e+00
9.587118e-01	9.948408e-01	5.263798e+00	8.219136e-01	1.165883e+00
9.948404e-01	1.030970e+00	4.916710e+00	7.957879e-01	1.177422e+00
1.030970e+00	1.067098e+00	4.531969e+00	7.287055e-01	1.166487e+00
1.067100e+00	1.103228e+00	4.146901e+00	6.735254e-01	1.094478e+00
1.103229e+00	1.139358e+00	3.755681e+00	6.145894e-01	1.012120e+00
1.139357e+00	1.175487e+00	3.363136e+00	5.532937e-01	9.298312e-01
1.175487e+00	1.211615e+00	2.991201e+00	4.988821e-01	8.263639e-01
1.211617e+00	1.247745e+00	2.640002e+00	4.446796e-01	7.160691e-01
1.247746e+00	1.283875e+00	2.310057e+00	3.907695e-01	6.366063e-01
1.283874e+00	1.320002e+00	2.014556e+00	3.557336e-01	5.277276e-01
1.320002e+00	1.356131e+00	1.743271e+00	3.085602e-01	4.573672e-01
1.356132e+00	1.392261e+00	1.511179e+00	2.710388e-01	3.801788e-01
1.392261e+00	1.428391e+00	1.303802e+00	2.357766e-01	3.201708e-01
1.428391e+00	1.464519e+00	1.109393e+00	1.975978e-01	2.728855e-01
1.464519e+00	1.500648e+00	9.404830e-01	1.693141e-01	2.083872e-01
1.500649e+00	1.536778e+00	7.729190e-01	1.444073e-01	1.620482e-01
1.536778e+00	1.572906e+00	6.193421e-01	1.011038e-01	1.415755e-01
1.572906e+00	1.609035e+00	4.901246e-01	8.110936e-02	1.188162e-01
1.609036e+00	1.645165e+00	3.836962e-01	7.015804e-02	8.899637e-02
1.645165e+00	1.681293e+00	2.962075e-01	5.546002e-02	6.336544e-02
1.681294e+00	1.717424e+00	2.229900e-01	3.017694e-02	4.916053e-02
1.717423e+00	1.753552e+00	1.675065e-01	3.163243e-02	3.984085e-02
1.753553e+00	1.789682e+00	1.250129e-01	2.379158e-02	3.061632e-02
1.789682e+00	1.825811e+00	9.380348e-02	1.954070e-02	1.783636e-02
1.825812e+00	1.861940e+00	6.865565e-02	1.430568e-02	1.370647e-02
1.861940e+00	1.898069e+00	4.888120e-02	9.096349e-03	1.197548e-02
1.898069e+00	1.934198e+00	3.525038e-02	6.860389e-03	9.192422e-03
1.934198e+00	1.970328e+00	2.546771e-02	5.152892e-03	6.114744e-03
1.970329e+00	2.006458e+00	1.729453e-02	2.813106e-03	5.316300e-03
2.006458e+00	2.042587e+00	1.166723e-02	2.511528e-03	4.249332e-03
2.042585e+00	2.078714e+00	8.135512e-03	1.732976e-03	2.449046e-03
2.078715e+00	2.114844e+00	5.183346e-03	9.477677e-04	1.377658e-03
2.114845e+00	2.150974e+00	2.830383e-03	6.640217e-04	7.498104e-04
2.150972e+00	2.187101e+00	1.562525e-03	2.610238e-04	5.814634e-04
2.187102e+00	2.223231e+00	8.678413e-04	1.805145e-04	4.081724e-04
2.223231e+00	2.259361e+00	5.565746e-04	7.299751e-05	3.079693e-04
2.259362e+00	2.295491e+00	4.283678e-04	1.872701e-04	1.302037e-04
2.295489e+00	2.331618e+00	2.474596e-04	6.992906e-05	1.150611e-04
2.331619e+00	2.367748e+00	1.812662e-04	4.569185e-05	4.741366e-05
2.367749e+00	2.403878e+00	1.273689e-04	5.305738e-05	4.387093e-05
2.403876e+00	2.440005e+00	7.053907e-05	1.099219e-05	5.986927e-05
2.440006e+00	2.476135e+00	4.754236e-05	5.002491e-06	2.553677e-05
2.476135e+00	2.512265e+00	3.765738e-05	1.718617e-05	2.069958e-05
2.512266e+00	2.548395e+00	2.227681e-05	7.184871e-06	1.265419e-05
2.548393e+00	2.584522e+00	1.991381e-05	1.126924e-05	1.608470e-06
2.584523e+00	2.620652e+00	8.869423e-06	4.078181e-06	1.571951e-07
2.620653e+00	2.656782e+00	5.620050e-06	2.214415e-06	2.334720e-06
2.656780e+00	2.692909e+00	1.568856e-06	0.000000e+00	5.004741e-06
2.692910e+00	2.729039e+00	1.332281e-06	0.000000e+00	7.144596e-07
2.729040e+00	2.765169e+00	1.856022e-07	0.000000e+00	1.363381e-06
2.765168e+00	2.801298e+00	3.856748e-07	1.331345e-07	9.086106e-08
2.801297e+00	2.837426e+00	1.733833e-07	0.000000e+00	1.680450e-07
2.837427e+00	2.873556e+00	1.804483e-08	0.000000e+00	2.835041e-07
2.873557e+00	2.909686e+00	6.279382e-08	2.116160e-07	0.000000e+00
2.909686e+00	2.945815e+00	2.021343e-09	0.000000e+00	2.612499e-08
2.945813e+00	2.981942e+00	-5.999139e-09	0.000000e+00	1.933534e-08
2.981943e+00	3.018072e+00	1.622710e-09	1.032928e-09	0.000000e+00
3.018072e+00	3.054202e+00	8.926460e-11	0.000000e+00	1.818941e-10
3.054203e+00	3.090332e+00	9.374466e-11	4.055847e-11	6.379579e-11
3.090330e+00	3.126459e+00	2.997578e-12	4.997472e-12	1.311667e-11
3.126460e+00	3.162589e+00	3.447026e-11	3.297311e-11	5.325666e-11
3.162590e+00	3.198719e+00	1.020140e-11	1.014447e-11	0.000000e+00
3.198717e+00	3.234846e+00	2.035813e-15	0.000000e+00	2.899983e-13
3.234847e+00	3.270976e+00	-1.412211e-16	0.000000e+00	3.990151e-16
3.270977e+00	3.307106e+00	3.163334e-16	3.162762e-16	2.305958e-14
3.307105e+00	3.343235e+00	8.020448e-23	5.757201e-22	0.000000e+00
3.343234e+00	3.379363e+00	0.000000e+00	0.000000e+00	3.694044e-20
3.379364e+00	3.415493e+00	0.000000e+00	0.000000e+00	0.000000e+00
3.415494e+00	3.451623e+00	0.000000e+00	0.000000e+00	0.000000e+00
3.451621e+00	3.487750e+00	0.000000e+00	0.000000e+00	0.000000e+00
3.487751e+00	3.523880e+00	0.000000e+00	0.000000e+00	0.000000e+00
3.523881e+00	3.560010e+00	0.000000e+00	0.000000e+00	0.000000e+00
3.560009e+00	3.596139e+00	0.000000e+00	0.000000e+00	0.000000e+00
3.596138e+00	3.632267e+00	0.000000e+00	0.000000e+00	0.000000e+00
3.632268e+00	3.668397e+00	0.000000e+00	0.000000e+00	0.000000e+00
3.668398e+00	3.704527e+00	0.000000e+00	0.000000e+00	0.000000e+00
3.704525e+00	3.740654e+00	0.000000e+00	0.000000e+00	0.000000e+00
3.740655e+00	3.776784e+00	0.000000e+00	0.000000e+00	0.000000e+00
3.776785e+00	3.812914e+00	0.000000e+00	0.000000e+00	0.000000e+00
# END HISTO1D


# BEGIN HISTO1D //homes/tinghua1/Merging-Project/Production/HJETS/New-Analysis/Scale-variation/H-N2-3-25gev-hjets-1.yoda/MC_H_KTSPLITTINGS/log10_d_34
ErrorBandColor=green
ErrorBandOpacity=0.3
ErrorBands=1
ErrorType=env
LineColor=green
LineStyle=solid
Path=//homes/tinghua1/Merging-Project/Production/HJETS/New-Analysis/Scale-variation/H-N2-3-25gev-hjets-1.yoda/MC_H_KTSPLITTINGS/log10_d_34
RatioPlotSameStyle=1
Title=h(2*,3)
# xlow	 xhigh	 val	 errminus	 errplus
2.000000e-01	2.361292e-01	5.345577e-01	3.320418e-01	6.159046e-01
2.361291e-01	2.722583e-01	7.068252e-01	4.324138e-01	7.194322e-01
2.722583e-01	3.083875e-01	9.610134e-01	5.789621e-01	8.474634e-01
3.083874e-01	3.445165e-01	1.260002e+00	7.281612e-01	9.623470e-01
3.445165e-01	3.806457e-01	1.632209e+00	9.057873e-01	9.891896e-01
3.806457e-01	4.167748e-01	2.055418e+00	1.076290e+00	9.967503e-01
4.167748e-01	4.529039e-01	2.523402e+00	1.237381e+00	9.794562e-01
4.529039e-01	4.890331e-01	3.056849e+00	1.369959e+00	9.078308e-01
4.890331e-01	5.251621e-01	3.627154e+00	1.470542e+00	7.955941e-01
5.251623e-01	5.612913e-01	4.234628e+00	1.530785e+00	5.970921e-01
5.612913e-01	5.974205e-01	4.756718e+00	1.465507e+00	4.014122e-01
5.974204e-01	6.335495e-01	5.260745e+00	1.316180e+00	2.178521e-01
6.335497e-01	6.696787e-01	5.714861e+00	1.135295e+00	0.000000e+00
6.696787e-01	7.058079e-01	6.070353e+00	8.477686e-01	0.000000e+00
7.058080e-01	7.419370e-01	6.377125e+00	5.148952e-01	0.000000e+00
7.419370e-01	7.780660e-01	6.562984e+00	5.855197e-01	0.000000e+00
7.780661e-01	8.141953e-01	6.648174e+00	7.144470e-01	1.328648e-01
8.141954e-01	8.503245e-01	6.611903e+00	7.589727e-01	4.505094e-01
8.503244e-01	8.864534e-01	6.577379e+00	9.416398e-01	7.061289e-01
8.864535e-01	9.225827e-01	6.386992e+00	8.826102e-01	9.808853e-01
9.225828e-01	9.587118e-01	6.170234e+00	8.851784e-01	1.214331e+00
9.587118e-01	9.948408e-01	5.892245e+00	8.839523e-01	1.287004e+00
9.948404e-01	1.030970e+00	5.587261e+00	8.614330e-01	1.271507e+00
1.030970e+00	1.067098e+00	5.235473e+00	8.296770e-01	1.354527e+00
1.067100e+00	1.103228e+00	4.892992e+00	8.166791e-01	1.242799e+00
1.103229e+00	1.139358e+00	4.489214e+00	7.565612e-01	1.193745e+00
1.139357e+00	1.175487e+00	4.070025e+00	6.785995e-01	1.136598e+00
1.175487e+00	1.211615e+00	3.658310e+00	6.041324e-01	1.020186e+00
1.211617e+00	1.247745e+00	3.268914e+00	5.441645e-01	9.156522e-01
1.247746e+00	1.283875e+00	2.895400e+00	4.700376e-01	7.918403e-01
1.283874e+00	1.320002e+00	2.540512e+00	4.410053e-01	6.902945e-01
1.320002e+00	1.356131e+00	2.180899e+00	3.625511e-01	5.924606e-01
1.356132e+00	1.392261e+00	1.870567e+00	3.304575e-01	5.245764e-01
1.392261e+00	1.428391e+00	1.572966e+00	2.821785e-01	4.050531e-01
1.428391e+00	1.464519e+00	1.290276e+00	2.308666e-01	3.177030e-01
1.464519e+00	1.500648e+00	1.041475e+00	1.907703e-01	2.620153e-01
1.500649e+00	1.536778e+00	8.237812e-01	1.514808e-01	2.083279e-01
1.536778e+00	1.572906e+00	6.369875e-01	1.186288e-01	1.571768e-01
1.572906e+00	1.609035e+00	5.032052e-01	1.089961e-01	9.914335e-02
1.609036e+00	1.645165e+00	3.599801e-01	6.784827e-02	9.090177e-02
1.645165e+00	1.681293e+00	2.655323e-01	5.100138e-02	6.863171e-02
1.681294e+00	1.717424e+00	1.918420e-01	3.800017e-02	4.987941e-02
1.717423e+00	1.753552e+00	1.387651e-01	2.819165e-02	3.741587e-02
1.753553e+00	1.789682e+00	9.897642e-02	1.992812e-02	2.524819e-02
1.789682e+00	1.825811e+00	7.067057e-02	1.591627e-02	1.740989e-02
1.825812e+00	1.861940e+00	4.877763e-02	1.066177e-02	1.390335e-02
1.861940e+00	1.898069e+00	3.361953e-02	7.166110e-03	9.148662e-03
1.898069e+00	1.934198e+00	2.298097e-02	5.045440e-03	7.934089e-03
1.934198e+00	1.970328e+00	1.533282e-02	2.842043e-03	5.059283e-03
1.970329e+00	2.006458e+00	1.025926e-02	2.117105e-03	3.207839e-03
2.006458e+00	2.042587e+00	6.598743e-03	1.465197e-03	1.748033e-03
2.042585e+00	2.078714e+00	4.283080e-03	8.975255e-04	1.343190e-03
2.078715e+00	2.114844e+00	2.696194e-03	6.813623e-04	8.675114e-04
2.114845e+00	2.150974e+00	1.606286e-03	3.926217e-04	5.606200e-04
2.150972e+00	2.187101e+00	9.594052e-04	2.595342e-04	3.929760e-04
2.187102e+00	2.223231e+00	5.915481e-04	1.458823e-04	2.497193e-04
2.223231e+00	2.259361e+00	3.902663e-04	1.175226e-04	1.216133e-04
2.259362e+00	2.295491e+00	2.408900e-04	6.370976e-05	8.593689e-05
2.295489e+00	2.331618e+00	1.465768e-04	4.016422e-05	6.996346e-05
2.331619e+00	2.367748e+00	9.749257e-05	3.323101e-05	0.000000e+00
2.367749e+00	2.403878e+00	5.930424e-05	2.207733e-05	3.308301e-05
2.403876e+00	2.440005e+00	3.037280e-05	1.190208e-05	2.391364e-05
2.440006e+00	2.476135e+00	1.830297e-05	3.589283e-06	1.625974e-05
2.476135e+00	2.512265e+00	1.276171e-05	2.040512e-06	8.018591e-06
2.512266e+00	2.548395e+00	7.213319e-06	3.077757e-06	3.626450e-07
2.548393e+00	2.584522e+00	5.137972e-06	2.279211e-06	1.556605e-06
2.584523e+00	2.620652e+00	2.249407e-06	0.000000e+00	1.261994e-06
2.620653e+00	2.656782e+00	1.680149e-06	9.209330e-07	1.683847e-07
2.656780e+00	2.692909e+00	7.862562e-07	0.000000e+00	2.459985e-07
2.692910e+00	2.729039e+00	2.370443e-07	6.461372e-08	1.635488e-07
2.729040e+00	2.765169e+00	1.198052e-07	7.596371e-08	4.192570e-07
2.765168e+00	2.801298e+00	3.550551e-08	0.000000e+00	1.440515e-08
2.801297e+00	2.837426e+00	1.488723e-08	0.000000e+00	2.306643e-08
2.837427e+00	2.873556e+00	2.313607e-08	1.108020e-08	3.034099e-08
2.873557e+00	2.909686e+00	6.519206e-09	5.648656e-09	2.785152e-08
2.909686e+00	2.945815e+00	7.301074e-10	5.258441e-10	0.000000e+00
2.945813e+00	2.981942e+00	9.326051e-11	0.000000e+00	6.966999e-10
2.981943e+00	3.018072e+00	4.846611e-11	7.434748e-12	3.783404e-11
3.018072e+00	3.054202e+00	1.051733e-10	8.737757e-11	3.046570e-10
3.054203e+00	3.090332e+00	1.338888e-10	1.345581e-10	0.000000e+00
3.090330e+00	3.126459e+00	5.122793e-12	5.045524e-12	0.000000e+00
3.126460e+00	3.162589e+00	2.374971e-13	2.373849e-13	0.000000e+00
3.162590e+00	3.198719e+00	1.800885e-13	1.801225e-13	0.000000e+00
3.198717e+00	3.234846e+00	2.112476e-11	2.112476e-11	0.000000e+00
3.234847e+00	3.270976e+00	2.674801e-14	2.675974e-14	0.000000e+00
3.270977e+00	3.307106e+00	4.059249e-19	4.068510e-19	0.000000e+00
3.307105e+00	3.343235e+00	0.000000e+00	0.000000e+00	4.618644e-22
3.343234e+00	3.379363e+00	0.000000e+00	0.000000e+00	0.000000e+00
3.379364e+00	3.415493e+00	0.000000e+00	0.000000e+00	0.000000e+00
3.415494e+00	3.451623e+00	0.000000e+00	0.000000e+00	0.000000e+00
3.451621e+00	3.487750e+00	0.000000e+00	0.000000e+00	0.000000e+00
3.487751e+00	3.523880e+00	0.000000e+00	0.000000e+00	0.000000e+00
3.523881e+00	3.560010e+00	0.000000e+00	0.000000e+00	0.000000e+00
3.560009e+00	3.596139e+00	0.000000e+00	0.000000e+00	0.000000e+00
3.596138e+00	3.632267e+00	0.000000e+00	0.000000e+00	0.000000e+00
3.632268e+00	3.668397e+00	0.000000e+00	0.000000e+00	0.000000e+00
3.668398e+00	3.704527e+00	0.000000e+00	0.000000e+00	0.000000e+00
3.704525e+00	3.740654e+00	0.000000e+00	0.000000e+00	0.000000e+00
3.740655e+00	3.776784e+00	0.000000e+00	0.000000e+00	0.000000e+00
3.776785e+00	3.812914e+00	0.000000e+00	0.000000e+00	0.000000e+00
# END HISTO1D


# BEGIN HISTO1D //homes/tinghua1/Merging-Project/Production/HJETS/New-Analysis/Scale-variation/H-2-3-25gev-hjets.yoda/MC_H_KTSPLITTINGS/log10_d_34
ErrorBandColor=purple
ErrorBandOpacity=0.3
ErrorBands=1
ErrorType=env
LineColor=purple
LineStyle=solid
Path=//homes/tinghua1/Merging-Project/Production/HJETS/New-Analysis/Scale-variation/H-2-3-25gev-hjets.yoda/MC_H_KTSPLITTINGS/log10_d_34
RatioPlotSameStyle=1
Title=h(2,3)
# xlow	 xhigh	 val	 errminus	 errplus
2.000000e-01	2.361292e-01	5.744167e-01	3.469866e-01	6.181073e-01
2.361291e-01	2.722583e-01	7.570242e-01	4.449999e-01	7.078709e-01
2.722583e-01	3.083875e-01	1.023186e+00	5.932035e-01	8.328264e-01
3.083874e-01	3.445165e-01	1.341474e+00	7.499240e-01	9.205256e-01
3.445165e-01	3.806457e-01	1.712340e+00	9.162060e-01	9.499098e-01
3.806457e-01	4.167748e-01	2.141955e+00	1.083988e+00	9.351052e-01
4.167748e-01	4.529039e-01	2.623947e+00	1.238452e+00	8.842302e-01
4.529039e-01	4.890331e-01	3.154067e+00	1.362795e+00	7.969869e-01
4.890331e-01	5.251621e-01	3.721108e+00	1.445530e+00	6.673789e-01
5.251623e-01	5.612913e-01	4.261139e+00	1.445007e+00	4.996803e-01
5.612913e-01	5.974205e-01	4.758741e+00	1.365555e+00	2.937762e-01
5.974204e-01	6.335495e-01	5.215881e+00	1.218145e+00	7.419504e-02
6.335497e-01	6.696787e-01	5.611333e+00	1.008586e+00	0.000000e+00
6.696787e-01	7.058079e-01	5.923430e+00	7.430527e-01	0.000000e+00
7.058080e-01	7.419370e-01	6.143330e+00	4.927718e-01	0.000000e+00
7.419370e-01	7.780660e-01	6.259957e+00	6.321663e-01	0.000000e+00
7.780661e-01	8.141953e-01	6.275096e+00	7.314804e-01	2.048454e-01
8.141954e-01	8.503245e-01	6.204768e+00	8.112962e-01	5.025866e-01
8.503244e-01	8.864534e-01	6.069501e+00	8.481529e-01	7.486486e-01
8.864535e-01	9.225827e-01	5.876023e+00	8.506361e-01	9.460962e-01
9.225828e-01	9.587118e-01	5.619750e+00	8.551777e-01	1.075161e+00
9.587118e-01	9.948408e-01	5.312767e+00	8.294284e-01	1.162802e+00
9.948404e-01	1.030970e+00	4.974110e+00	7.918077e-01	1.176492e+00
1.030970e+00	1.067098e+00	4.604334e+00	7.398267e-01	1.169955e+00
1.067100e+00	1.103228e+00	4.222973e+00	6.932132e-01	1.111041e+00
1.103229e+00	1.139358e+00	3.838470e+00	6.412162e-01	1.034905e+00
1.139357e+00	1.175487e+00	3.450172e+00	5.772571e-01	9.485608e-01
1.175487e+00	1.211615e+00	3.083706e+00	5.179031e-01	8.355033e-01
1.211617e+00	1.247745e+00	2.725534e+00	4.693313e-01	7.491932e-01
1.247746e+00	1.283875e+00	2.388406e+00	4.135077e-01	6.539118e-01
1.283874e+00	1.320002e+00	2.072334e+00	3.635716e-01	5.519226e-01
1.320002e+00	1.356131e+00	1.786180e+00	3.184857e-01	4.765631e-01
1.356132e+00	1.392261e+00	1.528418e+00	2.752800e-01	3.886280e-01
1.392261e+00	1.428391e+00	1.284177e+00	2.289325e-01	3.186551e-01
1.428391e+00	1.464519e+00	1.064964e+00	1.919718e-01	2.651377e-01
1.464519e+00	1.500648e+00	8.579471e-01	1.538385e-01	2.050522e-01
1.500649e+00	1.536778e+00	6.738595e-01	1.226234e-01	1.627291e-01
1.536778e+00	1.572906e+00	5.204047e-01	9.776523e-02	1.195857e-01
1.572906e+00	1.609035e+00	3.897061e-01	7.245758e-02	9.163774e-02
1.609036e+00	1.645165e+00	2.861433e-01	5.435096e-02	6.775859e-02
1.645165e+00	1.681293e+00	2.050148e-01	3.794127e-02	4.861610e-02
1.681294e+00	1.717424e+00	1.457504e-01	2.708165e-02	3.512054e-02
1.717423e+00	1.753552e+00	1.014003e-01	1.872911e-02	2.451460e-02
1.753553e+00	1.789682e+00	7.008699e-02	1.276911e-02	1.719405e-02
1.789682e+00	1.825811e+00	4.844992e-02	9.710703e-03	1.127147e-02
1.825812e+00	1.861940e+00	3.245160e-02	6.329749e-03	7.908218e-03
1.861940e+00	1.898069e+00	2.142627e-02	4.026225e-03	5.272969e-03
1.898069e+00	1.934198e+00	1.412202e-02	2.910379e-03	3.128420e-03
1.934198e+00	1.970328e+00	8.868804e-03	1.662422e-03	2.315339e-03
1.970329e+00	2.006458e+00	5.611977e-03	1.159022e-03	1.368037e-03
2.006458e+00	2.042587e+00	3.293570e-03	6.154654e-04	8.086163e-04
2.042585e+00	2.078714e+00	1.918928e-03	3.892192e-04	4.166747e-04
2.078715e+00	2.114844e+00	1.005574e-03	1.828155e-04	1.950840e-04
2.114845e+00	2.150974e+00	4.782554e-04	9.358078e-05	1.097849e-04
2.150972e+00	2.187101e+00	2.085322e-04	3.439633e-05	4.710319e-05
2.187102e+00	2.223231e+00	9.165562e-05	1.175363e-05	3.221542e-05
2.223231e+00	2.259361e+00	5.540280e-05	1.425239e-05	4.058013e-06
2.259362e+00	2.295491e+00	2.766419e-05	8.793764e-06	1.281754e-06
2.295489e+00	2.331618e+00	9.589349e-06	1.944200e-07	3.931000e-06
2.331619e+00	2.367748e+00	4.089230e-06	1.529446e-06	7.914196e-07
2.367749e+00	2.403878e+00	1.170445e-06	0.000000e+00	9.506992e-07
2.403876e+00	2.440005e+00	1.288914e-07	3.092027e-07	1.266388e-07
2.440006e+00	2.476135e+00	-4.144842e-07	0.000000e+00	7.520648e-07
2.476135e+00	2.512265e+00	-3.286283e-07	4.924107e-08	1.939887e-07
2.512266e+00	2.548395e+00	-3.281901e-07	0.000000e+00	2.204252e-07
2.548393e+00	2.584522e+00	-2.183211e-07	0.000000e+00	1.102496e-07
2.584523e+00	2.620652e+00	-7.724108e-08	2.720723e-09	2.678162e-08
2.620653e+00	2.656782e+00	-1.648885e-08	2.092055e-08	8.712115e-09
2.656780e+00	2.692909e+00	-7.027834e-09	1.618751e-08	1.353228e-08
2.692910e+00	2.729039e+00	-1.239703e-08	5.350494e-10	6.044139e-09
2.729040e+00	2.765169e+00	-8.667605e-10	1.318542e-08	0.000000e+00
2.765168e+00	2.801298e+00	-3.178550e-09	2.357636e-09	1.172249e-09
2.801297e+00	2.837426e+00	-1.035875e-08	0.000000e+00	9.161444e-09
2.837427e+00	2.873556e+00	-1.032262e-09	0.000000e+00	1.830333e-09
2.873557e+00	2.909686e+00	-1.920906e-11	1.412289e-10	1.501828e-10
2.909686e+00	2.945815e+00	-6.137001e-10	0.000000e+00	5.628137e-10
2.945813e+00	2.981942e+00	-1.992342e-11	4.640534e-10	0.000000e+00
2.981943e+00	3.018072e+00	-9.460265e-11	0.000000e+00	9.437741e-11
3.018072e+00	3.054202e+00	-2.649801e-13	9.913287e-12	4.169859e-13
3.054203e+00	3.090332e+00	-1.010586e-13	9.564551e-12	8.710555e-14
3.090330e+00	3.126459e+00	-1.728372e-14	3.641179e-13	3.505015e-14
3.126460e+00	3.162589e+00	1.131695e-13	3.958895e-13	0.000000e+00
3.162590e+00	3.198719e+00	-1.022895e-14	1.122698e-13	1.687083e-14
3.198717e+00	3.234846e+00	-1.142277e-17	4.882677e-14	1.158542e-17
3.234847e+00	3.270976e+00	1.378262e-19	8.011803e-18	0.000000e+00
3.270977e+00	3.307106e+00	-6.422107e-22	3.707027e-21	3.591984e-18
3.307105e+00	3.343235e+00	0.000000e+00	0.000000e+00	7.980559e-28
3.343234e+00	3.379363e+00	0.000000e+00	0.000000e+00	0.000000e+00
3.379364e+00	3.415493e+00	0.000000e+00	0.000000e+00	0.000000e+00
3.415494e+00	3.451623e+00	0.000000e+00	0.000000e+00	0.000000e+00
3.451621e+00	3.487750e+00	0.000000e+00	0.000000e+00	0.000000e+00
3.487751e+00	3.523880e+00	0.000000e+00	0.000000e+00	0.000000e+00
3.523881e+00	3.560010e+00	0.000000e+00	0.000000e+00	0.000000e+00
3.560009e+00	3.596139e+00	0.000000e+00	0.000000e+00	0.000000e+00
3.596138e+00	3.632267e+00	0.000000e+00	0.000000e+00	0.000000e+00
3.632268e+00	3.668397e+00	0.000000e+00	0.000000e+00	0.000000e+00
3.668398e+00	3.704527e+00	0.000000e+00	0.000000e+00	0.000000e+00
3.704525e+00	3.740654e+00	0.000000e+00	0.000000e+00	0.000000e+00
3.740655e+00	3.776784e+00	0.000000e+00	0.000000e+00	0.000000e+00
3.776785e+00	3.812914e+00	0.000000e+00	0.000000e+00	0.000000e+00
# END HISTO1D


# BEGIN HISTO1D //homes/tinghua1/Merging-Project/Production/HJETS/New-Analysis/Scale-variation/H3Jets-NLOPS-hjets-1.yoda/MC_H_KTSPLITTINGS/log10_d_34
ErrorBandColor=red
ErrorBandOpacity=0.3
ErrorBands=1
ErrorType=env
LineColor=red
LineStyle=solid
Path=//homes/tinghua1/Merging-Project/Production/HJETS/New-Analysis/Scale-variation/H3Jets-NLOPS-hjets-1.yoda/MC_H_KTSPLITTINGS/log10_d_34
RatioPlotSameStyle=1
Title=h(3*) $\oplus$ PS
# xlow	 xhigh	 val	 errminus	 errplus
2.000000e-01	2.361292e-01	1.569745e-02	1.377576e-02	6.174101e-02
2.361291e-01	2.722583e-01	2.017217e-02	1.735345e-02	6.981504e-02
2.722583e-01	3.083875e-01	3.465788e-02	2.982599e-02	9.724911e-02
3.083874e-01	3.445165e-01	4.830696e-02	3.434557e-02	1.471477e-01
3.445165e-01	3.806457e-01	8.369615e-02	5.972850e-02	1.703801e-01
3.806457e-01	4.167748e-01	1.233700e-01	1.157127e-01	2.257912e-01
4.167748e-01	4.529039e-01	1.778042e-01	1.395402e-01	2.806204e-01
4.529039e-01	4.890331e-01	2.733202e-01	1.741721e-01	3.127224e-01
4.890331e-01	5.251621e-01	4.188333e-01	2.887872e-01	3.700828e-01
5.251623e-01	5.612913e-01	5.471205e-01	3.455603e-01	4.402030e-01
5.612913e-01	5.974205e-01	7.450292e-01	4.578637e-01	4.382225e-01
5.974204e-01	6.335495e-01	1.016723e+00	5.788852e-01	4.072338e-01
6.335497e-01	6.696787e-01	1.296369e+00	6.769502e-01	4.337221e-01
6.696787e-01	7.058079e-01	1.600377e+00	7.594843e-01	4.174637e-01
7.058080e-01	7.419370e-01	2.013692e+00	8.020806e-01	3.068538e-01
7.419370e-01	7.780660e-01	2.378379e+00	8.507812e-01	2.721972e-01
7.780661e-01	8.141953e-01	2.802088e+00	8.656632e-01	1.276142e-01
8.141954e-01	8.503245e-01	3.129436e+00	6.130872e-01	1.375013e-01
8.503244e-01	8.864534e-01	3.525100e+00	5.320559e-01	0.000000e+00
8.864535e-01	9.225827e-01	3.824901e+00	3.074383e-01	0.000000e+00
9.225828e-01	9.587118e-01	4.089200e+00	1.442217e-01	0.000000e+00
9.587118e-01	9.948408e-01	4.328873e+00	1.087627e-01	2.710281e-02
9.948404e-01	1.030970e+00	4.553404e+00	2.222004e-01	3.375949e-02
1.030970e+00	1.067098e+00	4.557093e+00	1.877328e-01	1.891085e-01
1.067100e+00	1.103228e+00	4.488007e+00	2.543525e-01	2.311495e-01
1.103229e+00	1.139358e+00	4.255985e+00	2.310554e-01	3.119350e-01
1.139357e+00	1.175487e+00	3.907324e+00	1.463991e-01	4.041406e-01
1.175487e+00	1.211615e+00	3.631570e+00	2.293255e-01	3.313654e-01
1.211617e+00	1.247745e+00	3.250942e+00	1.962745e-01	2.600681e-01
1.247746e+00	1.283875e+00	2.890152e+00	1.713410e-01	2.925655e-01
1.283874e+00	1.320002e+00	2.531815e+00	1.248955e-01	2.022613e-01
1.320002e+00	1.356131e+00	2.087720e+00	2.588945e-02	2.768870e-01
1.356132e+00	1.392261e+00	1.861454e+00	7.540452e-02	1.348723e-01
1.392261e+00	1.428391e+00	1.580476e+00	8.622364e-02	1.028807e-01
1.428391e+00	1.464519e+00	1.301146e+00	6.531180e-02	1.031554e-01
1.464519e+00	1.500648e+00	1.093200e+00	9.043455e-02	2.717844e-02
1.500649e+00	1.536778e+00	8.937355e-01	7.201279e-02	4.934402e-02
1.536778e+00	1.572906e+00	7.137037e-01	6.303690e-02	1.962108e-02
1.572906e+00	1.609035e+00	5.638277e-01	5.459603e-02	1.931468e-02
1.609036e+00	1.645165e+00	4.253464e-01	2.204849e-02	4.095104e-02
1.645165e+00	1.681293e+00	3.472881e-01	3.422458e-02	1.960115e-02
1.681294e+00	1.717424e+00	2.602564e-01	2.152920e-02	2.601625e-02
1.717423e+00	1.753552e+00	1.959362e-01	1.524496e-02	2.427418e-02
1.753553e+00	1.789682e+00	1.506846e-01	1.739295e-02	1.677788e-02
1.789682e+00	1.825811e+00	1.135873e-01	1.235924e-02	1.342528e-02
1.825812e+00	1.861940e+00	8.449916e-02	8.257826e-03	1.492339e-02
1.861940e+00	1.898069e+00	6.294019e-02	6.946636e-03	1.321570e-02
1.898069e+00	1.934198e+00	4.512372e-02	2.745966e-03	7.322566e-03
1.934198e+00	1.970328e+00	3.155710e-02	9.335455e-04	1.065735e-02
1.970329e+00	2.006458e+00	2.740188e-02	5.684351e-03	3.627399e-03
2.006458e+00	2.042587e+00	1.857921e-02	3.073204e-03	2.972922e-03
2.042585e+00	2.078714e+00	1.336738e-02	2.107432e-03	2.347214e-03
2.078715e+00	2.114844e+00	8.370708e-03	1.407756e-03	1.957724e-03
2.114845e+00	2.150974e+00	5.052196e-03	8.789311e-04	1.683778e-03
2.150972e+00	2.187101e+00	3.371995e-03	8.650934e-04	9.124360e-04
2.187102e+00	2.223231e+00	2.075078e-03	5.115663e-04	5.184367e-04
2.223231e+00	2.259361e+00	1.371112e-03	3.586576e-04	5.736756e-04
2.259362e+00	2.295491e+00	9.029450e-04	2.326452e-04	3.335066e-04
2.295489e+00	2.331618e+00	5.858283e-04	1.230164e-04	2.708990e-04
2.331619e+00	2.367748e+00	4.281361e-04	1.237175e-04	1.428276e-04
2.367749e+00	2.403878e+00	2.939882e-04	9.519580e-05	1.283044e-04
2.403876e+00	2.440005e+00	1.920271e-04	5.866847e-05	8.211559e-05
2.440006e+00	2.476135e+00	1.219384e-04	3.439329e-05	6.218489e-05
2.476135e+00	2.512265e+00	8.622483e-05	2.298998e-05	2.898195e-05
2.512266e+00	2.548395e+00	5.765319e-05	2.013535e-05	1.947690e-05
2.548393e+00	2.584522e+00	3.258463e-05	3.604307e-07	1.013502e-05
2.584523e+00	2.620652e+00	1.857994e-05	5.170140e-06	1.215258e-05
2.620653e+00	2.656782e+00	1.065348e-05	0.000000e+00	9.312242e-06
2.656780e+00	2.692909e+00	7.258485e-06	2.903302e-06	4.615317e-06
2.692910e+00	2.729039e+00	3.581015e-06	8.113676e-07	1.399648e-06
2.729040e+00	2.765169e+00	2.117200e-06	0.000000e+00	8.648141e-07
2.765168e+00	2.801298e+00	1.114773e-06	2.633548e-07	6.320794e-07
2.801297e+00	2.837426e+00	4.349116e-07	0.000000e+00	1.809613e-07
2.837427e+00	2.873556e+00	1.773789e-07	1.563611e-08	1.149162e-07
2.873557e+00	2.909686e+00	7.776343e-08	3.408301e-08	7.888134e-08
2.909686e+00	2.945815e+00	2.070790e-08	0.000000e+00	6.105852e-08
2.945813e+00	2.981942e+00	1.261343e-08	5.440029e-09	2.454632e-09
2.981943e+00	3.018072e+00	6.808212e-09	2.287498e-09	3.326967e-12
3.018072e+00	3.054202e+00	1.305106e-09	4.482178e-10	1.565467e-09
3.054203e+00	3.090332e+00	1.435631e-10	0.000000e+00	5.608350e-10
3.090330e+00	3.126459e+00	9.877259e-12	0.000000e+00	6.482212e-11
3.126460e+00	3.162589e+00	4.762963e-12	1.695558e-12	9.779689e-11
3.162590e+00	3.198719e+00	5.463583e-12	0.000000e+00	5.400023e-11
3.198717e+00	3.234846e+00	4.431457e-13	3.140182e-13	5.393828e-13
3.234847e+00	3.270976e+00	8.006369e-13	7.744227e-13	0.000000e+00
3.270977e+00	3.307106e+00	3.328022e-16	0.000000e+00	1.488835e-13
3.307105e+00	3.343235e+00	1.549375e-16	1.267243e-17	7.489779e-14
3.343234e+00	3.379363e+00	8.423660e-20	8.405642e-20	5.147308e-14
3.379364e+00	3.415493e+00	1.424180e-24	1.421745e-24	2.882358e-15
3.415494e+00	3.451623e+00	0.000000e+00	0.000000e+00	3.578173e-25
3.451621e+00	3.487750e+00	0.000000e+00	0.000000e+00	0.000000e+00
3.487751e+00	3.523880e+00	0.000000e+00	0.000000e+00	0.000000e+00
3.523881e+00	3.560010e+00	0.000000e+00	0.000000e+00	0.000000e+00
3.560009e+00	3.596139e+00	0.000000e+00	0.000000e+00	0.000000e+00
3.596138e+00	3.632267e+00	0.000000e+00	0.000000e+00	0.000000e+00
3.632268e+00	3.668397e+00	0.000000e+00	0.000000e+00	0.000000e+00
3.668398e+00	3.704527e+00	0.000000e+00	0.000000e+00	0.000000e+00
3.704525e+00	3.740654e+00	0.000000e+00	0.000000e+00	0.000000e+00
3.740655e+00	3.776784e+00	0.000000e+00	0.000000e+00	0.000000e+00
3.776785e+00	3.812914e+00	0.000000e+00	0.000000e+00	0.000000e+00
# END HISTO1D


# BEGIN HISTO1D //homes/tinghua1/Merging-Project/Production/HJETS/New-Analysis/Scale-variation/H2Jets-NLOPS-hjets.yoda/MC_H_KTSPLITTINGS/log10_d_34
ErrorBandColor=violet
ErrorBandOpacity=0.3
ErrorBands=1
ErrorType=env
LineColor=violet
LineStyle=solid
Path=//homes/tinghua1/Merging-Project/Production/HJETS/New-Analysis/Scale-variation/H2Jets-NLOPS-hjets.yoda/MC_H_KTSPLITTINGS/log10_d_34
RatioPlotSameStyle=1
Title=h(2*) $\oplus$ PS
# xlow	 xhigh	 val	 errminus	 errplus
2.000000e-01	2.361292e-01	4.956708e-01	3.131409e-01	6.046458e-01
2.361291e-01	2.722583e-01	6.694477e-01	4.094514e-01	6.984270e-01
2.722583e-01	3.083875e-01	9.071984e-01	5.525884e-01	8.361634e-01
3.083874e-01	3.445165e-01	1.200672e+00	6.991641e-01	9.408751e-01
3.445165e-01	3.806457e-01	1.545760e+00	8.717090e-01	9.782472e-01
3.806457e-01	4.167748e-01	1.949547e+00	1.048010e+00	9.958211e-01
4.167748e-01	4.529039e-01	2.415438e+00	1.212693e+00	9.527666e-01
4.529039e-01	4.890331e-01	2.963127e+00	1.381956e+00	8.582089e-01
4.890331e-01	5.251621e-01	3.494325e+00	1.458508e+00	7.703209e-01
5.251623e-01	5.612913e-01	4.059304e+00	1.502940e+00	5.970810e-01
5.612913e-01	5.974205e-01	4.573733e+00	1.426256e+00	3.981848e-01
5.974204e-01	6.335495e-01	5.094539e+00	1.353100e+00	1.664780e-01
6.335497e-01	6.696787e-01	5.513724e+00	1.131470e+00	0.000000e+00
6.696787e-01	7.058079e-01	5.882984e+00	8.583251e-01	0.000000e+00
7.058080e-01	7.419370e-01	6.169927e+00	5.424132e-01	0.000000e+00
7.419370e-01	7.780660e-01	6.368805e+00	5.931922e-01	0.000000e+00
7.780661e-01	8.141953e-01	6.435506e+00	7.208989e-01	1.349601e-01
8.141954e-01	8.503245e-01	6.419515e+00	7.957104e-01	4.017620e-01
8.503244e-01	8.864534e-01	6.339665e+00	8.733154e-01	7.340371e-01
8.864535e-01	9.225827e-01	6.180879e+00	8.834627e-01	1.001766e+00
9.225828e-01	9.587118e-01	5.949932e+00	8.960201e-01	1.183010e+00
9.587118e-01	9.948408e-01	5.668395e+00	8.878688e-01	1.297718e+00
9.948404e-01	1.030970e+00	5.299473e+00	8.087608e-01	1.370582e+00
1.030970e+00	1.067098e+00	4.961607e+00	7.785214e-01	1.344599e+00
1.067100e+00	1.103228e+00	4.579454e+00	7.377979e-01	1.261898e+00
1.103229e+00	1.139358e+00	4.153002e+00	6.735310e-01	1.185710e+00
1.139357e+00	1.175487e+00	3.750410e+00	6.291807e-01	1.060645e+00
1.175487e+00	1.211615e+00	3.338758e+00	5.532481e-01	9.382407e-01
1.211617e+00	1.247745e+00	2.941211e+00	4.900216e-01	8.126408e-01
1.247746e+00	1.283875e+00	2.564966e+00	4.189050e-01	7.217867e-01
1.283874e+00	1.320002e+00	2.218382e+00	3.789203e-01	5.891575e-01
1.320002e+00	1.356131e+00	1.884761e+00	3.061704e-01	4.960995e-01
1.356132e+00	1.392261e+00	1.590254e+00	2.632572e-01	4.129824e-01
1.392261e+00	1.428391e+00	1.335379e+00	2.273662e-01	3.231918e-01
1.428391e+00	1.464519e+00	1.090854e+00	1.869576e-01	2.759243e-01
1.464519e+00	1.500648e+00	8.837499e-01	1.528207e-01	2.201320e-01
1.500649e+00	1.536778e+00	7.101381e-01	1.276318e-01	1.684697e-01
1.536778e+00	1.572906e+00	5.597921e-01	9.896427e-02	1.330034e-01
1.572906e+00	1.609035e+00	4.346096e-01	7.693875e-02	1.033466e-01
1.609036e+00	1.645165e+00	3.310272e-01	5.983733e-02	8.180326e-02
1.645165e+00	1.681293e+00	2.521542e-01	4.594030e-02	6.038612e-02
1.681294e+00	1.717424e+00	1.873321e-01	3.376997e-02	4.721816e-02
1.717423e+00	1.753552e+00	1.407835e-01	2.671497e-02	3.510975e-02
1.753553e+00	1.789682e+00	1.031979e-01	1.899350e-02	2.735091e-02
1.789682e+00	1.825811e+00	7.642293e-02	1.445780e-02	1.930145e-02
1.825812e+00	1.861940e+00	5.566943e-02	1.069468e-02	1.496036e-02
1.861940e+00	1.898069e+00	4.082488e-02	8.288522e-03	1.040784e-02
1.898069e+00	1.934198e+00	2.943240e-02	6.070661e-03	7.816519e-03
1.934198e+00	1.970328e+00	2.097945e-02	4.098472e-03	5.700628e-03
1.970329e+00	2.006458e+00	1.491008e-02	3.199012e-03	3.893352e-03
2.006458e+00	2.042587e+00	1.026085e-02	2.167076e-03	2.728869e-03
2.042585e+00	2.078714e+00	6.692023e-03	1.319774e-03	1.929038e-03
2.078715e+00	2.114844e+00	4.085557e-03	7.524177e-04	1.060254e-03
2.114845e+00	2.150974e+00	2.143584e-03	4.298682e-04	5.897717e-04
2.150972e+00	2.187101e+00	1.148807e-03	2.904423e-04	3.294874e-04
2.187102e+00	2.223231e+00	6.037798e-04	1.504620e-04	2.229079e-04
2.223231e+00	2.259361e+00	3.519989e-04	7.873382e-05	1.404976e-04
2.259362e+00	2.295491e+00	2.285506e-04	6.553301e-05	8.483584e-05
2.295489e+00	2.331618e+00	1.385189e-04	4.133527e-05	6.314429e-05
2.331619e+00	2.367748e+00	8.722157e-05	1.961906e-05	2.744150e-05
2.367749e+00	2.403878e+00	5.060209e-05	1.390692e-05	2.021105e-05
2.403876e+00	2.440005e+00	3.171037e-05	9.388046e-06	1.325669e-05
2.440006e+00	2.476135e+00	1.864685e-05	4.477926e-06	7.133129e-06
2.476135e+00	2.512265e+00	1.150750e-05	4.035718e-06	4.124844e-06
2.512266e+00	2.548395e+00	6.185317e-06	1.884107e-06	2.513145e-06
2.548393e+00	2.584522e+00	3.693039e-06	1.000774e-06	1.779723e-06
2.584523e+00	2.620652e+00	1.996613e-06	6.871452e-07	9.113557e-07
2.620653e+00	2.656782e+00	1.043225e-06	2.142869e-07	5.648421e-07
2.656780e+00	2.692909e+00	5.360940e-07	2.226624e-07	7.498984e-07
2.692910e+00	2.729039e+00	2.456487e-07	5.104894e-08	1.487832e-07
2.729040e+00	2.765169e+00	2.021124e-07	7.744277e-08	5.324335e-08
2.765168e+00	2.801298e+00	4.490880e-08	3.878384e-09	5.364661e-08
2.801297e+00	2.837426e+00	3.150572e-08	1.879226e-08	2.950879e-08
2.837427e+00	2.873556e+00	8.948202e-09	0.000000e+00	1.044078e-08
2.873557e+00	2.909686e+00	7.467237e-09	3.447563e-09	0.000000e+00
2.909686e+00	2.945815e+00	1.005618e-09	4.395749e-10	2.153027e-09
2.945813e+00	2.981942e+00	1.589430e-09	1.242738e-09	0.000000e+00
2.981943e+00	3.018072e+00	2.684547e-10	1.724130e-10	0.000000e+00
3.018072e+00	3.054202e+00	4.306897e-11	0.000000e+00	2.107193e-11
3.054203e+00	3.090332e+00	2.148855e-11	1.999704e-11	1.705684e-09
3.090330e+00	3.126459e+00	6.948097e-12	4.410268e-12	1.338930e-12
3.126460e+00	3.162589e+00	1.807060e-11	1.805087e-11	0.000000e+00
3.162590e+00	3.198719e+00	1.147875e-14	0.000000e+00	1.013800e-13
3.198717e+00	3.234846e+00	2.596604e-15	1.967550e-15	0.000000e+00
3.234847e+00	3.270976e+00	1.438335e-17	0.000000e+00	7.338502e-16
3.270977e+00	3.307106e+00	7.009173e-21	6.102541e-21	2.080545e-15
3.307105e+00	3.343235e+00	6.144600e-27	0.000000e+00	5.357223e-22
3.343234e+00	3.379363e+00	0.000000e+00	4.006850e-30	3.090445e-24
3.379364e+00	3.415493e+00	0.000000e+00	0.000000e+00	0.000000e+00
3.415494e+00	3.451623e+00	0.000000e+00	0.000000e+00	0.000000e+00
3.451621e+00	3.487750e+00	0.000000e+00	0.000000e+00	0.000000e+00
3.487751e+00	3.523880e+00	0.000000e+00	0.000000e+00	0.000000e+00
3.523881e+00	3.560010e+00	0.000000e+00	0.000000e+00	0.000000e+00
3.560009e+00	3.596139e+00	0.000000e+00	0.000000e+00	0.000000e+00
3.596138e+00	3.632267e+00	0.000000e+00	0.000000e+00	0.000000e+00
3.632268e+00	3.668397e+00	0.000000e+00	0.000000e+00	0.000000e+00
3.668398e+00	3.704527e+00	0.000000e+00	0.000000e+00	0.000000e+00
3.704525e+00	3.740654e+00	0.000000e+00	0.000000e+00	0.000000e+00
3.740655e+00	3.776784e+00	0.000000e+00	0.000000e+00	0.000000e+00
3.776785e+00	3.812914e+00	0.000000e+00	0.000000e+00	0.000000e+00
# END HISTO1D



