# BEGIN PLOT
Scale=1000.0
DrawOnly=//homes/tinghua1/Merging-Project/Production/HJETS/New-Analysis/HJETS-plots/H-N2-N3-4-25gev-hjets-1.yoda/MC_H2JETS_04_INC/dijet_mass //homes/tinghua1/Merging-Project/Production/HJETS/New-Analysis/HJETS-plots/H-N2-3-4-25gev-hjets-1.yoda/MC_H2JETS_04_INC/dijet_mass //homes/tinghua1/Merging-Project/Production/HJETS/New-Analysis/HJETS-plots/H-2-3-4-25gev-hjets.yoda/MC_H2JETS_04_INC/dijet_mass //homes/tinghua1/Merging-Project/Production/HJETS/New-Analysis/HJETS-plots/H-N2-3-25gev-hjets-1.yoda/MC_H2JETS_04_INC/dijet_mass //homes/tinghua1/Merging-Project/Production/HJETS/New-Analysis/HJETS-plots/H-2-3-25gev-hjets.yoda/MC_H2JETS_04_INC/dijet_mass //homes/tinghua1/Merging-Project/Production/HJETS/New-Analysis/HJETS-plots/H2Jets-NLOPS-hjets.yoda/MC_H2JETS_04_INC/dijet_mass
RightMargin=0.5
RatioPlotReference=//homes/tinghua1/Merging-Project/Production/HJETS/New-Analysis/HJETS-plots/H-N2-N3-4-25gev-hjets-1.yoda/MC_H2JETS_04_INC/dijet_mass
#RatioPlot=1
LogY=1
RatioPlotYMax=1.3
RatioPlotYLabel=Ratio
#LegendOnly=//homes/tinghua1/Merging-Project/Production/HJETS/New-Analysis/HJETS-plots/H-N2-N3-4-25gev-hjets-1.yoda/MC_H2JETS_04_INC/dijet_mass //homes/tinghua1/Merging-Project/Production/HJETS/New-Analysis/HJETS-plots/H-N2-3-4-25gev-hjets-1.yoda/MC_H2JETS_04_INC/dijet_mass //homes/tinghua1/Merging-Project/Production/HJETS/New-Analysis/HJETS-plots/H-2-3-4-25gev-hjets.yoda/MC_H2JETS_04_INC/dijet_mass //homes/tinghua1/Merging-Project/Production/HJETS/New-Analysis/HJETS-plots/H-N2-3-25gev-hjets-1.yoda/MC_H2JETS_04_INC/dijet_mass //homes/tinghua1/Merging-Project/Production/HJETS/New-Analysis/HJETS-plots/H-2-3-25gev-hjets.yoda/MC_H2JETS_04_INC/dijet_mass //homes/tinghua1/Merging-Project/Production/HJETS/New-Analysis/HJETS-plots/H2Jets-NLOPS-hjets.yoda/MC_H2JETS_04_INC/dijet_mass
XLabel=$m_{j_1j_2}$ (GeV)
LegendAlign=l
XMax=1000.0
YLabel=$ \text{d} \sigma/ \text{d}  m_{j_1j_2}$ (fb/GeV)
Legend=0
RatioPlot=4
MainPlotSelection={"Selection":[1,2,3,4,5,6]}
RatioPlots={"RatioPlotYLabel":"","Selection":[1,2]};{"RatioPlotYLabel":"","Selection":[1,3]};{"RatioPlotYLabel":"","Selection":[1,5]};{"RatioPlotYLabel":"","Selection":[1,4,6]};
RatioPlotSameStyle=1
RatioPlotYMin=0.6
# END PLOT


# BEGIN SPECIAL /MC_H2JETS_04_INC/dijet_mass
\rput[tl](0.5,0.7){\parbox{5cm}{\textcolor{gray}{{\bf Herwig 7.2.0} \\ HJETS/ColorFull}}}
# END SPECIAL

# BEGIN HISTO1D //homes/tinghua1/Merging-Project/Production/HJETS/New-Analysis/HJETS-plots/H-N2-N3-4-25gev-hjets-1.yoda/MC_H2JETS_04_INC/dijet_mass
ErrorBandColor=orange
ErrorBandOpacity=0.3
ErrorBands=1
ErrorType=env
LineColor=orange
LineStyle=solid
Path=//homes/tinghua1/Merging-Project/Production/HJETS/New-Analysis/HJETS-plots/H-N2-N3-4-25gev-hjets-1.yoda/MC_H2JETS_04_INC/dijet_mass
RatioPlotSameStyle=1
Title=h(2*,3*,4)
# xlow	 xhigh	 val	 errminus	 errplus
0.000000e+00	4.000000e+01	2.150389e-03	1.394508e-04	2.684310e-04
4.000000e+01	8.000000e+01	1.228849e-02	3.828550e-04	2.947575e-04
8.000000e+01	1.200000e+02	1.044013e-02	6.489625e-04	8.018100e-04
1.200000e+02	1.600000e+02	4.329213e-03	7.404750e-05	3.456250e-05
1.600000e+02	2.000000e+02	3.737878e-03	0.000000e+00	2.602000e-05
2.000000e+02	2.400000e+02	3.362465e-03	2.958750e-05	4.556000e-05
2.400000e+02	2.800000e+02	3.092295e-03	6.221000e-05	8.655750e-05
2.800000e+02	3.200000e+02	2.870655e-03	8.839500e-05	5.145000e-05
3.200000e+02	3.600000e+02	2.642437e-03	8.035250e-05	9.565750e-05
3.600000e+02	4.000000e+02	2.449145e-03	5.404425e-05	8.757475e-05
4.000000e+02	4.400000e+02	2.278674e-03	8.159875e-05	8.252325e-05
4.400000e+02	4.800000e+02	2.120170e-03	4.653775e-05	7.603475e-05
4.800000e+02	5.200000e+02	1.961714e-03	6.339175e-05	8.602225e-05
5.200000e+02	5.600000e+02	1.831577e-03	7.936925e-05	6.403600e-05
5.600000e+02	6.000000e+02	1.711623e-03	4.995650e-05	5.197175e-05
6.000000e+02	6.400000e+02	1.588817e-03	6.475600e-05	4.381950e-05
6.400000e+02	6.800000e+02	1.474781e-03	6.104325e-05	5.679125e-05
6.800000e+02	7.200000e+02	1.362772e-03	5.053000e-05	5.866350e-05
7.200000e+02	7.600000e+02	1.278901e-03	7.316475e-05	4.412400e-05
7.600000e+02	8.000000e+02	1.189246e-03	4.334175e-05	4.590850e-05
8.000000e+02	8.400000e+02	1.117731e-03	6.074750e-05	3.970825e-05
8.400000e+02	8.800000e+02	1.038726e-03	3.533125e-05	3.912450e-05
8.800000e+02	9.200000e+02	9.755645e-04	4.149350e-05	3.226100e-05
9.200000e+02	9.600000e+02	9.053073e-04	3.440125e-05	2.716150e-05
9.600000e+02	1.000000e+03	8.505765e-04	3.962525e-05	2.148100e-05
1.000000e+03	1.040000e+03	7.968600e-04	3.406550e-05	1.951475e-05
1.040000e+03	1.080000e+03	7.390757e-04	2.977775e-05	2.363750e-05
1.080000e+03	1.120000e+03	6.965957e-04	3.090025e-05	2.772300e-05
1.120000e+03	1.160000e+03	6.573800e-04	3.154450e-05	2.154825e-05
1.160000e+03	1.200000e+03	5.896025e-04	1.616875e-05	4.071350e-05
1.200000e+03	1.240000e+03	5.709433e-04	1.899650e-05	2.428675e-05
1.240000e+03	1.280000e+03	5.359895e-04	4.378325e-05	2.389750e-05
1.280000e+03	1.320000e+03	5.032030e-04	1.718350e-05	1.559875e-05
1.320000e+03	1.360000e+03	4.797212e-04	2.714750e-05	9.425500e-06
1.360000e+03	1.400000e+03	4.477400e-04	2.073800e-05	1.187800e-05
1.400000e+03	1.440000e+03	4.171675e-04	1.753000e-05	1.730700e-05
1.440000e+03	1.480000e+03	3.959705e-04	5.405250e-06	1.262825e-05
1.480000e+03	1.520000e+03	3.711238e-04	1.692100e-05	1.187000e-05
1.520000e+03	1.560000e+03	3.546888e-04	2.686600e-05	2.611500e-06
1.560000e+03	1.600000e+03	3.330702e-04	2.019175e-05	8.047250e-06
1.600000e+03	1.640000e+03	3.086612e-04	1.838225e-05	1.054325e-05
1.640000e+03	1.680000e+03	2.895452e-04	1.839175e-05	9.703750e-06
1.680000e+03	1.720000e+03	2.747342e-04	1.368225e-05	7.987750e-06
1.720000e+03	1.760000e+03	2.574995e-04	1.010418e-05	9.967750e-06
1.760000e+03	1.800000e+03	2.431497e-04	1.212297e-05	7.105500e-06
1.800000e+03	1.840000e+03	2.316001e-04	1.794717e-05	4.511975e-06
1.840000e+03	1.880000e+03	2.180098e-04	1.207505e-05	5.774750e-06
1.880000e+03	1.920000e+03	2.033372e-04	8.238850e-06	5.368875e-06
1.920000e+03	1.960000e+03	1.938943e-04	1.170992e-05	4.485075e-06
1.960000e+03	2.000000e+03	1.812022e-04	1.043005e-05	1.383650e-06
2.000000e+03	2.040000e+03	1.704397e-04	7.451175e-06	5.287525e-06
2.040000e+03	2.080000e+03	1.602310e-04	6.526025e-06	2.002475e-06
2.080000e+03	2.120000e+03	1.527336e-04	9.973825e-06	4.049325e-06
2.120000e+03	2.160000e+03	1.458691e-04	1.062702e-05	1.478150e-06
2.160000e+03	2.200000e+03	1.371303e-04	8.683950e-06	3.091275e-06
2.200000e+03	2.240000e+03	1.275943e-04	8.313375e-06	4.678125e-06
2.240000e+03	2.280000e+03	1.199786e-04	5.653250e-06	3.621650e-06
2.280000e+03	2.320000e+03	1.145879e-04	6.667775e-06	1.744075e-06
2.320000e+03	2.360000e+03	1.075128e-04	1.717300e-06	2.364800e-06
2.360000e+03	2.400000e+03	1.012572e-04	3.462075e-06	2.436950e-06
2.400000e+03	2.440000e+03	9.549547e-05	5.131550e-06	1.408325e-06
2.440000e+03	2.480000e+03	9.101642e-05	4.262900e-06	1.549925e-06
2.480000e+03	2.520000e+03	8.769353e-05	6.773925e-06	0.000000e+00
2.520000e+03	2.560000e+03	8.052918e-05	5.266800e-06	8.372000e-07
2.560000e+03	2.600000e+03	7.541830e-05	3.316925e-06	3.066975e-06
2.600000e+03	2.640000e+03	7.183187e-05	3.148250e-06	8.565750e-07
2.640000e+03	2.680000e+03	6.933223e-05	4.774975e-06	0.000000e+00
2.680000e+03	2.720000e+03	6.301008e-05	3.271050e-06	1.923850e-06
2.720000e+03	2.760000e+03	6.000173e-05	3.856225e-06	1.407450e-06
2.760000e+03	2.800000e+03	5.637222e-05	3.697800e-06	1.930575e-06
2.800000e+03	2.840000e+03	5.309530e-05	2.889450e-06	2.289600e-06
2.840000e+03	2.880000e+03	4.848315e-05	1.190750e-06	2.026275e-06
2.880000e+03	2.920000e+03	4.734550e-05	2.377950e-06	3.826750e-07
2.920000e+03	2.960000e+03	4.448048e-05	1.990300e-06	9.258750e-07
2.960000e+03	3.000000e+03	4.151152e-05	2.486525e-06	1.869125e-06
3.000000e+03	3.040000e+03	3.838235e-05	1.194400e-06	1.993025e-06
3.040000e+03	3.080000e+03	3.801358e-05	2.781175e-06	0.000000e+00
3.080000e+03	3.120000e+03	3.443615e-05	1.306100e-06	9.805500e-07
3.120000e+03	3.160000e+03	3.282692e-05	2.223050e-06	4.745250e-07
3.160000e+03	3.200000e+03	3.098697e-05	2.141675e-06	4.673250e-07
3.200000e+03	3.240000e+03	2.933185e-05	1.723725e-06	2.987250e-07
3.240000e+03	3.280000e+03	2.798143e-05	2.168675e-06	2.280500e-07
3.280000e+03	3.320000e+03	2.593370e-05	1.918900e-06	1.828925e-06
3.320000e+03	3.360000e+03	2.415511e-05	1.049963e-06	9.761400e-07
3.360000e+03	3.400000e+03	2.302960e-05	1.227707e-06	7.775750e-08
3.400000e+03	3.440000e+03	2.136485e-05	1.507945e-06	3.369250e-07
3.440000e+03	3.480000e+03	2.014581e-05	1.148047e-06	4.794875e-07
3.480000e+03	3.520000e+03	1.894227e-05	1.129543e-06	3.462325e-07
3.520000e+03	3.560000e+03	1.788014e-05	9.768275e-07	0.000000e+00
3.560000e+03	3.600000e+03	1.670575e-05	9.534475e-07	2.751075e-07
3.600000e+03	3.640000e+03	1.559650e-05	6.444225e-07	3.412575e-07
3.640000e+03	3.680000e+03	1.502471e-05	1.224417e-06	0.000000e+00
3.680000e+03	3.720000e+03	1.325234e-05	3.328000e-07	7.961200e-07
3.720000e+03	3.760000e+03	1.240211e-05	3.099890e-06	7.962500e-07
3.760000e+03	3.800000e+03	1.221353e-05	7.325325e-07	0.000000e+00
3.800000e+03	3.840000e+03	1.157182e-05	1.268575e-07	2.129050e-07
3.840000e+03	3.880000e+03	1.080706e-05	5.621775e-07	1.865225e-07
3.880000e+03	3.920000e+03	9.979238e-06	5.752925e-07	2.163375e-07
3.920000e+03	3.960000e+03	9.393300e-06	5.930250e-07	1.387000e-08
3.960000e+03	4.000000e+03	8.725517e-06	4.098100e-07	2.297975e-07
4.000000e+03	4.040000e+03	8.397595e-06	1.854915e-06	0.000000e+00
4.040000e+03	4.080000e+03	7.818733e-06	4.792650e-07	7.633250e-08
4.080000e+03	4.120000e+03	7.236755e-06	3.192200e-07	7.785250e-08
4.120000e+03	4.160000e+03	6.896758e-06	6.849425e-07	0.000000e+00
4.160000e+03	4.200000e+03	6.331693e-06	4.278675e-07	0.000000e+00
4.200000e+03	4.240000e+03	5.990762e-06	0.000000e+00	3.985500e-08
4.240000e+03	4.280000e+03	5.594390e-06	4.044950e-07	1.397350e-07
4.280000e+03	4.320000e+03	5.145233e-06	2.126275e-07	3.338150e-07
4.320000e+03	4.360000e+03	4.944522e-06	1.580700e-07	8.075750e-08
4.360000e+03	4.400000e+03	4.607490e-06	9.658425e-07	0.000000e+00
4.400000e+03	4.440000e+03	4.275510e-06	3.583425e-07	4.347500e-09
4.440000e+03	4.480000e+03	4.017875e-06	2.723875e-07	0.000000e+00
4.480000e+03	4.520000e+03	3.729242e-06	2.071150e-07	4.403750e-08
4.520000e+03	4.560000e+03	3.574707e-06	2.975500e-07	6.132000e-08
4.560000e+03	4.600000e+03	3.267655e-06	1.960275e-07	1.050325e-07
4.600000e+03	4.640000e+03	3.091910e-06	2.039825e-07	0.000000e+00
4.640000e+03	4.680000e+03	2.770593e-06	7.509000e-08	1.466450e-07
4.680000e+03	4.720000e+03	2.717313e-06	2.020225e-07	0.000000e+00
4.720000e+03	4.760000e+03	2.505817e-06	2.072315e-07	1.962500e-09
4.760000e+03	4.800000e+03	2.201316e-06	0.000000e+00	1.134418e-07
4.800000e+03	4.840000e+03	2.140244e-06	1.023285e-07	1.617175e-08
4.840000e+03	4.880000e+03	2.057836e-06	1.722098e-07	0.000000e+00
4.880000e+03	4.920000e+03	1.793258e-06	1.270625e-08	1.038192e-07
4.920000e+03	4.960000e+03	1.769453e-06	1.491900e-08	6.058500e-09
4.960000e+03	5.000000e+03	1.628688e-06	1.258800e-07	1.730000e-08
5.000000e+03	5.040000e+03	1.525364e-06	7.774550e-08	0.000000e+00
5.040000e+03	5.080000e+03	1.457115e-06	1.290150e-07	5.844250e-09
5.080000e+03	5.120000e+03	1.312564e-06	4.915525e-08	2.026200e-08
5.120000e+03	5.160000e+03	1.258085e-06	1.046513e-07	0.000000e+00
5.160000e+03	5.200000e+03	1.177680e-06	9.789000e-08	0.000000e+00
5.200000e+03	5.240000e+03	1.093582e-06	9.267950e-08	0.000000e+00
5.240000e+03	5.280000e+03	9.607097e-07	0.000000e+00	5.908350e-08
5.280000e+03	5.320000e+03	9.100648e-07	3.946250e-09	0.000000e+00
5.320000e+03	5.360000e+03	8.630455e-07	4.927725e-08	2.037275e-08
5.360000e+03	5.400000e+03	8.134360e-07	3.050875e-08	0.000000e+00
5.400000e+03	5.440000e+03	7.573957e-07	2.494125e-08	0.000000e+00
5.440000e+03	5.480000e+03	6.945465e-07	7.107250e-08	1.700850e-08
5.480000e+03	5.520000e+03	6.373965e-07	2.288700e-08	5.144750e-08
5.520000e+03	5.560000e+03	6.128735e-07	3.860875e-08	0.000000e+00
5.560000e+03	5.600000e+03	5.381287e-07	5.148000e-09	3.458225e-08
5.600000e+03	5.640000e+03	5.174298e-07	0.000000e+00	2.221000e-09
5.640000e+03	5.680000e+03	4.756983e-07	2.311750e-08	9.533750e-09
5.680000e+03	5.720000e+03	4.388030e-07	1.319500e-09	2.070550e-08
5.720000e+03	5.760000e+03	4.197582e-07	1.791925e-08	0.000000e+00
5.760000e+03	5.800000e+03	3.912085e-07	1.902700e-08	0.000000e+00
5.800000e+03	5.840000e+03	3.576078e-07	1.275675e-08	4.865250e-09
5.840000e+03	5.880000e+03	3.332043e-07	2.464275e-08	3.972500e-10
5.880000e+03	5.920000e+03	3.185405e-07	2.466875e-08	0.000000e+00
5.920000e+03	5.960000e+03	2.905702e-07	2.721400e-08	0.000000e+00
5.960000e+03	6.000000e+03	2.532720e-07	1.359667e-08	7.442750e-09
# END HISTO1D


# BEGIN HISTO1D //homes/tinghua1/Merging-Project/Production/HJETS/New-Analysis/HJETS-plots/H-N2-3-4-25gev-hjets-1.yoda/MC_H2JETS_04_INC/dijet_mass
ErrorBandColor=blue
ErrorBandOpacity=0.3
ErrorBands=1
ErrorType=env
LineColor=blue
LineStyle=solid
Path=//homes/tinghua1/Merging-Project/Production/HJETS/New-Analysis/HJETS-plots/H-N2-3-4-25gev-hjets-1.yoda/MC_H2JETS_04_INC/dijet_mass
RatioPlotSameStyle=1
Title=h(2*,3,4)
# xlow	 xhigh	 val	 errminus	 errplus
0.000000e+00	4.000000e+01	2.141959e-03	1.240577e-04	2.707547e-04
4.000000e+01	8.000000e+01	1.224736e-02	3.969850e-04	4.014475e-04
8.000000e+01	1.200000e+02	1.039148e-02	7.133900e-04	7.736575e-04
1.200000e+02	1.600000e+02	4.275925e-03	8.295500e-05	1.205500e-04
1.600000e+02	2.000000e+02	3.749617e-03	1.770500e-05	1.238750e-05
2.000000e+02	2.400000e+02	3.364822e-03	9.300000e-06	4.046250e-05
2.400000e+02	2.800000e+02	3.089550e-03	9.090250e-05	4.949000e-05
2.800000e+02	3.200000e+02	2.839170e-03	6.842500e-05	9.159500e-05
3.200000e+02	3.600000e+02	2.640473e-03	8.487250e-05	8.022250e-05
3.600000e+02	4.000000e+02	2.445442e-03	8.396325e-05	9.774250e-05
4.000000e+02	4.400000e+02	2.292424e-03	1.046640e-04	6.987350e-05
4.400000e+02	4.800000e+02	2.121756e-03	9.059500e-05	8.233875e-05
4.800000e+02	5.200000e+02	1.973421e-03	8.277125e-05	7.259850e-05
5.200000e+02	5.600000e+02	1.840244e-03	8.811250e-05	6.051650e-05
5.600000e+02	6.000000e+02	1.700297e-03	7.382550e-05	7.712225e-05
6.000000e+02	6.400000e+02	1.587258e-03	7.004600e-05	5.866450e-05
6.400000e+02	6.800000e+02	1.490622e-03	8.941650e-05	4.318925e-05
6.800000e+02	7.200000e+02	1.375524e-03	6.317875e-05	5.071125e-05
7.200000e+02	7.600000e+02	1.278752e-03	5.713975e-05	4.921475e-05
7.600000e+02	8.000000e+02	1.188014e-03	5.499750e-05	5.057275e-05
8.000000e+02	8.400000e+02	1.113928e-03	5.211450e-05	3.927275e-05
8.400000e+02	8.800000e+02	1.034621e-03	4.526525e-05	4.067950e-05
8.800000e+02	9.200000e+02	9.684755e-04	4.701250e-05	3.905375e-05
9.200000e+02	9.600000e+02	9.048222e-04	4.009450e-05	3.434225e-05
9.600000e+02	1.000000e+03	8.556410e-04	5.385275e-05	2.293100e-05
1.000000e+03	1.040000e+03	7.939430e-04	4.021075e-05	2.755000e-05
1.040000e+03	1.080000e+03	7.402315e-04	3.140100e-05	3.169225e-05
1.080000e+03	1.120000e+03	6.964520e-04	3.546375e-05	2.109525e-05
1.120000e+03	1.160000e+03	6.505355e-04	3.330175e-05	2.373850e-05
1.160000e+03	1.200000e+03	6.094285e-04	2.889600e-05	2.213800e-05
1.200000e+03	1.240000e+03	5.686620e-04	2.360925e-05	2.313650e-05
1.240000e+03	1.280000e+03	5.374895e-04	2.767600e-05	1.840075e-05
1.280000e+03	1.320000e+03	5.051070e-04	2.415375e-05	1.757900e-05
1.320000e+03	1.360000e+03	4.747130e-04	2.462950e-05	1.518375e-05
1.360000e+03	1.400000e+03	4.443825e-04	1.954350e-05	1.731100e-05
1.400000e+03	1.440000e+03	4.193858e-04	1.982275e-05	2.239975e-05
1.440000e+03	1.480000e+03	3.932320e-04	1.997775e-05	1.295800e-05
1.480000e+03	1.520000e+03	3.694127e-04	1.660125e-05	1.435250e-05
1.520000e+03	1.560000e+03	3.484340e-04	1.815375e-05	1.125125e-05
1.560000e+03	1.600000e+03	3.299313e-04	1.824225e-05	8.347750e-06
1.600000e+03	1.640000e+03	3.090065e-04	1.769950e-05	9.558250e-06
1.640000e+03	1.680000e+03	2.920017e-04	1.413825e-05	7.775250e-06
1.680000e+03	1.720000e+03	2.755180e-04	1.376850e-05	7.339750e-06
1.720000e+03	1.760000e+03	2.596108e-04	1.399353e-05	6.248250e-06
1.760000e+03	1.800000e+03	2.426270e-04	1.149763e-05	8.664550e-06
1.800000e+03	1.840000e+03	2.296507e-04	1.225240e-05	6.803450e-06
1.840000e+03	1.880000e+03	2.160435e-04	1.049645e-05	7.034925e-06
1.880000e+03	1.920000e+03	2.042302e-04	1.024443e-05	5.625400e-06
1.920000e+03	1.960000e+03	1.938081e-04	8.997050e-06	4.503675e-06
1.960000e+03	2.000000e+03	1.824890e-04	1.015180e-05	4.612750e-06
2.000000e+03	2.040000e+03	1.706259e-04	8.446125e-06	5.409425e-06
2.040000e+03	2.080000e+03	1.615828e-04	8.884900e-06	4.773450e-06
2.080000e+03	2.120000e+03	1.526653e-04	8.417225e-06	3.443125e-06
2.120000e+03	2.160000e+03	1.438296e-04	7.592100e-06	3.735675e-06
2.160000e+03	2.200000e+03	1.356844e-04	7.826875e-06	2.948225e-06
2.200000e+03	2.240000e+03	1.287693e-04	7.639850e-06	2.381275e-06
2.240000e+03	2.280000e+03	1.196302e-04	5.307875e-06	4.124975e-06
2.280000e+03	2.320000e+03	1.137605e-04	6.256125e-06	3.484800e-06
2.320000e+03	2.360000e+03	1.073710e-04	6.003200e-06	2.954000e-06
2.360000e+03	2.400000e+03	1.018749e-04	6.757400e-06	1.672150e-06
2.400000e+03	2.440000e+03	9.528725e-05	4.886400e-06	2.612400e-06
2.440000e+03	2.480000e+03	9.077622e-05	5.822800e-06	1.718425e-06
2.480000e+03	2.520000e+03	8.217298e-05	2.260725e-06	5.692150e-06
2.520000e+03	2.560000e+03	7.967365e-05	4.209925e-06	2.217700e-06
2.560000e+03	2.600000e+03	7.603665e-05	4.885325e-06	1.717425e-06
2.600000e+03	2.640000e+03	7.155520e-05	5.032300e-06	1.314100e-06
2.640000e+03	2.680000e+03	6.726795e-05	4.194900e-06	1.319700e-06
2.680000e+03	2.720000e+03	6.370383e-05	3.758325e-06	1.081325e-06
2.720000e+03	2.760000e+03	6.055440e-05	4.613700e-06	7.329250e-07
2.760000e+03	2.800000e+03	5.660202e-05	3.618175e-06	1.012775e-06
2.800000e+03	2.840000e+03	5.301350e-05	2.821700e-06	1.171500e-06
2.840000e+03	2.880000e+03	4.967988e-05	2.330425e-06	1.846425e-06
2.880000e+03	2.920000e+03	4.717930e-05	2.437550e-06	1.576150e-06
2.920000e+03	2.960000e+03	4.435537e-05	2.927275e-06	1.116850e-06
2.960000e+03	3.000000e+03	4.188585e-05	2.763375e-06	8.029000e-07
3.000000e+03	3.040000e+03	3.929615e-05	2.385275e-06	1.064975e-06
3.040000e+03	3.080000e+03	3.699370e-05	2.324225e-06	1.039900e-06
3.080000e+03	3.120000e+03	3.501688e-05	2.019625e-06	6.613250e-07
3.120000e+03	3.160000e+03	3.309265e-05	2.091975e-06	1.309000e-07
3.160000e+03	3.200000e+03	3.128722e-05	2.174850e-06	2.411000e-07
3.200000e+03	3.240000e+03	2.852005e-05	1.703925e-06	1.361675e-06
3.240000e+03	3.280000e+03	2.729440e-05	1.612650e-06	3.822750e-07
3.280000e+03	3.320000e+03	2.609937e-05	2.006822e-06	2.670250e-07
3.320000e+03	3.360000e+03	2.395080e-05	1.215440e-06	7.342475e-07
3.360000e+03	3.400000e+03	2.227509e-05	1.017925e-06	9.755900e-07
3.400000e+03	3.440000e+03	2.136337e-05	1.063015e-06	4.627750e-07
3.440000e+03	3.480000e+03	1.984019e-05	4.993850e-07	2.539300e-07
3.480000e+03	3.520000e+03	1.893424e-05	1.355210e-06	3.828275e-07
3.520000e+03	3.560000e+03	1.767698e-05	1.048222e-06	5.511375e-07
3.560000e+03	3.600000e+03	1.658772e-05	8.930950e-07	1.233375e-07
3.600000e+03	3.640000e+03	1.570097e-05	9.912025e-07	1.421400e-07
3.640000e+03	3.680000e+03	1.470783e-05	8.060450e-07	2.550000e-07
3.680000e+03	3.720000e+03	1.395208e-05	6.995150e-07	5.850500e-08
3.720000e+03	3.760000e+03	1.290459e-05	6.983900e-07	3.825400e-07
3.760000e+03	3.800000e+03	1.205921e-05	6.292900e-07	2.804025e-07
3.800000e+03	3.840000e+03	1.162133e-05	1.095315e-06	0.000000e+00
3.840000e+03	3.880000e+03	1.071214e-05	3.861625e-07	3.469500e-08
3.880000e+03	3.920000e+03	1.008741e-05	6.711875e-07	9.820500e-08
3.920000e+03	3.960000e+03	9.282273e-06	5.070625e-07	2.118325e-07
3.960000e+03	4.000000e+03	8.826842e-06	5.511550e-07	1.086300e-07
4.000000e+03	4.040000e+03	8.168020e-06	2.778450e-07	1.850550e-07
4.040000e+03	4.080000e+03	7.699692e-06	4.564000e-07	3.633300e-07
4.080000e+03	4.120000e+03	7.255800e-06	3.755650e-07	7.950000e-08
4.120000e+03	4.160000e+03	6.680317e-06	3.086750e-07	2.990300e-07
4.160000e+03	4.200000e+03	6.601265e-06	7.009575e-07	0.000000e+00
4.200000e+03	4.240000e+03	5.968305e-06	3.457200e-07	3.489750e-08
4.240000e+03	4.280000e+03	5.716420e-06	4.836550e-07	0.000000e+00
4.280000e+03	4.320000e+03	5.210107e-06	2.089800e-07	9.569250e-08
4.320000e+03	4.360000e+03	4.965345e-06	4.272675e-07	0.000000e+00
4.360000e+03	4.400000e+03	4.622135e-06	3.569850e-07	5.042250e-08
4.400000e+03	4.440000e+03	4.247947e-06	1.584650e-07	5.461750e-08
4.440000e+03	4.480000e+03	3.954192e-06	1.988250e-07	4.523500e-08
4.480000e+03	4.520000e+03	3.763222e-06	2.767600e-07	1.333250e-08
4.520000e+03	4.560000e+03	3.469247e-06	2.350200e-07	9.526750e-08
4.560000e+03	4.600000e+03	3.255848e-06	1.621600e-07	5.201250e-08
4.600000e+03	4.640000e+03	3.071408e-06	2.487400e-07	2.982000e-08
4.640000e+03	4.680000e+03	2.862633e-06	1.442425e-07	2.971000e-08
4.680000e+03	4.720000e+03	2.691372e-06	2.112775e-07	0.000000e+00
4.720000e+03	4.760000e+03	2.430933e-06	2.674550e-08	6.170450e-08
4.760000e+03	4.800000e+03	2.238067e-06	0.000000e+00	1.111793e-07
4.800000e+03	4.840000e+03	2.233742e-06	1.719160e-07	0.000000e+00
4.840000e+03	4.880000e+03	2.000987e-06	5.069800e-08	6.588100e-08
4.880000e+03	4.920000e+03	1.877613e-06	1.140912e-07	5.241825e-08
4.920000e+03	4.960000e+03	1.815400e-06	6.029225e-08	0.000000e+00
4.960000e+03	5.000000e+03	1.655287e-06	1.440720e-07	2.767275e-08
5.000000e+03	5.040000e+03	1.519016e-06	6.354550e-08	1.906000e-08
5.040000e+03	5.080000e+03	1.433468e-06	9.846250e-08	0.000000e+00
5.080000e+03	5.120000e+03	1.311056e-06	6.673375e-08	2.514475e-08
5.120000e+03	5.160000e+03	1.289686e-06	7.918950e-08	0.000000e+00
5.160000e+03	5.200000e+03	1.139451e-06	0.000000e+00	4.893275e-08
5.200000e+03	5.240000e+03	1.070597e-06	8.889000e-08	1.568600e-08
5.240000e+03	5.280000e+03	1.011655e-06	4.588475e-08	0.000000e+00
5.280000e+03	5.320000e+03	9.683220e-07	4.295875e-08	0.000000e+00
5.320000e+03	5.360000e+03	8.696350e-07	5.931400e-08	1.394525e-08
5.360000e+03	5.400000e+03	8.092363e-07	4.621300e-08	1.815000e-10
5.400000e+03	5.440000e+03	7.519375e-07	5.315425e-08	2.997075e-08
5.440000e+03	5.480000e+03	7.123632e-07	4.619900e-08	0.000000e+00
5.480000e+03	5.520000e+03	6.540387e-07	5.113675e-08	0.000000e+00
5.520000e+03	5.560000e+03	5.830270e-07	0.000000e+00	3.178825e-08
5.560000e+03	5.600000e+03	5.826055e-07	5.754000e-08	0.000000e+00
5.600000e+03	5.640000e+03	5.055542e-07	2.616950e-08	7.950750e-09
5.640000e+03	5.680000e+03	4.843303e-07	9.091750e-09	1.850000e-10
5.680000e+03	5.720000e+03	4.644177e-07	3.048625e-08	0.000000e+00
5.720000e+03	5.760000e+03	4.216210e-07	1.707725e-08	0.000000e+00
5.760000e+03	5.800000e+03	3.865002e-07	4.085250e-09	0.000000e+00
5.800000e+03	5.840000e+03	3.583870e-07	8.411000e-09	6.516000e-09
5.840000e+03	5.880000e+03	3.446152e-07	2.380725e-08	0.000000e+00
5.880000e+03	5.920000e+03	3.135928e-07	2.126875e-08	0.000000e+00
5.920000e+03	5.960000e+03	2.967563e-07	2.012450e-08	0.000000e+00
5.960000e+03	6.000000e+03	2.710393e-07	2.869815e-08	7.245000e-10
# END HISTO1D


# BEGIN HISTO1D //homes/tinghua1/Merging-Project/Production/HJETS/New-Analysis/HJETS-plots/H-2-3-4-25gev-hjets.yoda/MC_H2JETS_04_INC/dijet_mass
ErrorBandColor=yellow
ErrorBandOpacity=0.3
ErrorBands=1
ErrorType=env
LineColor=yellow
LineStyle=solid
Path=//homes/tinghua1/Merging-Project/Production/HJETS/New-Analysis/HJETS-plots/H-2-3-4-25gev-hjets.yoda/MC_H2JETS_04_INC/dijet_mass
RatioPlotSameStyle=1
Title=h(2,3,4)
# xlow	 xhigh	 val	 errminus	 errplus
0.000000e+00	4.000000e+01	1.913214e-03	1.101790e-04	2.247565e-04
4.000000e+01	8.000000e+01	1.062576e-02	1.423075e-04	0.000000e+00
8.000000e+01	1.200000e+02	8.397330e-03	1.063230e-03	1.046415e-03
1.200000e+02	1.600000e+02	3.048628e-03	9.738750e-05	7.547500e-05
1.600000e+02	2.000000e+02	2.865077e-03	1.642650e-04	1.245800e-04
2.000000e+02	2.400000e+02	2.799787e-03	2.006675e-04	1.417650e-04
2.400000e+02	2.800000e+02	2.731360e-03	1.772825e-04	1.348575e-04
2.800000e+02	3.200000e+02	2.635963e-03	1.666140e-04	1.287900e-04
3.200000e+02	3.600000e+02	2.522295e-03	1.481458e-04	1.072975e-04
3.600000e+02	4.000000e+02	2.397098e-03	1.442987e-04	8.451850e-05
4.000000e+02	4.400000e+02	2.257106e-03	1.183130e-04	8.204700e-05
4.400000e+02	4.800000e+02	2.123831e-03	1.062445e-04	6.110125e-05
4.800000e+02	5.200000e+02	1.986979e-03	8.011025e-05	5.594625e-05
5.200000e+02	5.600000e+02	1.857900e-03	7.755225e-05	4.405900e-05
5.600000e+02	6.000000e+02	1.735323e-03	5.490150e-05	3.199625e-05
6.000000e+02	6.400000e+02	1.620749e-03	5.298450e-05	2.010300e-05
6.400000e+02	6.800000e+02	1.510969e-03	3.494875e-05	1.793675e-05
6.800000e+02	7.200000e+02	1.403121e-03	2.215150e-05	1.166925e-05
7.200000e+02	7.600000e+02	1.314723e-03	2.456425e-05	2.297750e-06
7.600000e+02	8.000000e+02	1.225216e-03	1.526750e-05	2.486250e-06
8.000000e+02	8.400000e+02	1.145657e-03	1.542375e-05	0.000000e+00
8.400000e+02	8.800000e+02	1.067382e-03	6.993750e-06	0.000000e+00
8.800000e+02	9.200000e+02	9.948248e-04	6.023750e-06	0.000000e+00
9.200000e+02	9.600000e+02	9.267775e-04	6.943750e-06	9.712500e-07
9.600000e+02	1.000000e+03	8.716725e-04	1.352600e-05	0.000000e+00
1.000000e+03	1.040000e+03	8.147130e-04	1.272900e-05	1.648750e-06
1.040000e+03	1.080000e+03	7.600182e-04	1.380800e-05	4.642250e-06
1.080000e+03	1.120000e+03	7.098162e-04	1.327825e-05	8.978500e-06
1.120000e+03	1.160000e+03	6.659337e-04	1.677425e-05	7.844750e-06
1.160000e+03	1.200000e+03	6.270600e-04	2.008050e-05	6.436500e-06
1.200000e+03	1.240000e+03	5.858703e-04	1.641100e-05	1.122375e-05
1.240000e+03	1.280000e+03	5.474215e-04	1.734450e-05	1.243175e-05
1.280000e+03	1.320000e+03	5.132505e-04	1.490450e-05	1.067200e-05
1.320000e+03	1.360000e+03	4.839210e-04	2.736300e-05	1.005050e-05
1.360000e+03	1.400000e+03	4.535570e-04	1.743150e-05	1.280000e-05
1.400000e+03	1.440000e+03	4.254857e-04	1.544225e-05	1.153050e-05
1.440000e+03	1.480000e+03	3.997975e-04	1.587150e-05	1.176700e-05
1.480000e+03	1.520000e+03	3.761820e-04	1.620650e-05	1.311750e-05
1.520000e+03	1.560000e+03	3.522170e-04	1.537275e-05	1.277325e-05
1.560000e+03	1.600000e+03	3.319035e-04	1.548000e-05	1.342475e-05
1.600000e+03	1.640000e+03	3.133857e-04	1.528600e-05	1.112150e-05
1.640000e+03	1.680000e+03	2.930205e-04	1.480400e-05	1.345925e-05
1.680000e+03	1.720000e+03	2.751530e-04	1.182100e-05	1.164425e-05
1.720000e+03	1.760000e+03	2.590507e-04	1.165577e-05	1.218800e-05
1.760000e+03	1.800000e+03	2.441859e-04	1.288277e-05	1.118513e-05
1.800000e+03	1.840000e+03	2.295333e-04	1.218980e-05	1.145215e-05
1.840000e+03	1.880000e+03	2.160290e-04	1.097483e-05	1.119582e-05
1.880000e+03	1.920000e+03	2.030394e-04	1.125623e-05	1.185827e-05
1.920000e+03	1.960000e+03	1.911045e-04	1.083270e-05	8.197325e-06
1.960000e+03	2.000000e+03	1.807125e-04	1.038185e-05	1.068780e-05
2.000000e+03	2.040000e+03	1.705596e-04	9.931450e-06	9.681775e-06
2.040000e+03	2.080000e+03	1.607360e-04	1.003790e-05	9.066225e-06
2.080000e+03	2.120000e+03	1.508713e-04	8.798575e-06	1.064625e-05
2.120000e+03	2.160000e+03	1.411039e-04	7.577100e-06	9.252000e-06
2.160000e+03	2.200000e+03	1.335092e-04	8.673900e-06	1.015187e-05
2.200000e+03	2.240000e+03	1.262013e-04	8.343525e-06	7.732325e-06
2.240000e+03	2.280000e+03	1.193739e-04	8.565150e-06	7.827675e-06
2.280000e+03	2.320000e+03	1.125072e-04	8.154375e-06	7.147750e-06
2.320000e+03	2.360000e+03	1.055843e-04	7.677225e-06	7.256550e-06
2.360000e+03	2.400000e+03	9.945945e-05	7.242925e-06	6.911075e-06
2.400000e+03	2.440000e+03	9.317555e-05	6.775650e-06	7.320850e-06
2.440000e+03	2.480000e+03	8.878458e-05	7.333925e-06	5.631275e-06
2.480000e+03	2.520000e+03	8.275867e-05	5.899675e-06	6.255525e-06
2.520000e+03	2.560000e+03	7.771168e-05	5.862825e-06	6.040725e-06
2.560000e+03	2.600000e+03	7.358377e-05	5.894625e-06	5.409500e-06
2.600000e+03	2.640000e+03	6.916815e-05	5.387800e-06	5.466700e-06
2.640000e+03	2.680000e+03	6.492247e-05	5.045600e-06	5.130950e-06
2.680000e+03	2.720000e+03	6.109670e-05	4.907675e-06	4.935700e-06
2.720000e+03	2.760000e+03	5.767263e-05	4.733925e-06	4.559025e-06
2.760000e+03	2.800000e+03	5.420918e-05	4.214750e-06	4.565850e-06
2.800000e+03	2.840000e+03	5.079575e-05	3.757925e-06	4.486650e-06
2.840000e+03	2.880000e+03	4.805335e-05	3.997250e-06	3.776600e-06
2.880000e+03	2.920000e+03	4.533287e-05	3.966950e-06	3.350300e-06
2.920000e+03	2.960000e+03	4.255218e-05	3.616600e-06	3.476750e-06
2.960000e+03	3.000000e+03	3.974298e-05	3.351175e-06	3.682525e-06
3.000000e+03	3.040000e+03	3.743363e-05	3.286050e-06	2.934300e-06
3.040000e+03	3.080000e+03	3.463675e-05	2.491125e-06	3.875550e-06
3.080000e+03	3.120000e+03	3.313338e-05	2.838750e-06	3.321550e-06
3.120000e+03	3.160000e+03	3.080315e-05	2.762375e-06	3.213125e-06
3.160000e+03	3.200000e+03	2.918700e-05	2.549575e-06	3.332625e-06
3.200000e+03	3.240000e+03	2.743177e-05	2.565190e-06	2.470350e-06
3.240000e+03	3.280000e+03	2.549253e-05	2.024233e-06	2.854550e-06
3.280000e+03	3.320000e+03	2.406617e-05	2.121050e-06	2.901210e-06
3.320000e+03	3.360000e+03	2.262103e-05	2.052337e-06	2.402968e-06
3.360000e+03	3.400000e+03	2.106112e-05	1.919253e-06	2.338763e-06
3.400000e+03	3.440000e+03	2.005646e-05	1.982480e-06	1.775727e-06
3.440000e+03	3.480000e+03	1.858048e-05	1.702422e-06	2.150738e-06
3.480000e+03	3.520000e+03	1.750641e-05	1.611300e-06	2.107710e-06
3.520000e+03	3.560000e+03	1.649165e-05	1.594692e-06	1.603913e-06
3.560000e+03	3.600000e+03	1.544517e-05	1.706345e-06	1.551500e-06
3.600000e+03	3.640000e+03	1.424909e-05	1.398430e-06	1.685230e-06
3.640000e+03	3.680000e+03	1.359880e-05	1.347308e-06	1.627322e-06
3.680000e+03	3.720000e+03	1.270512e-05	1.356810e-06	1.440430e-06
3.720000e+03	3.760000e+03	1.181337e-05	1.060730e-06	1.581242e-06
3.760000e+03	3.800000e+03	1.110479e-05	1.004437e-06	1.163133e-06
3.800000e+03	3.840000e+03	1.018415e-05	7.885850e-07	1.481163e-06
3.840000e+03	3.880000e+03	9.778375e-06	9.683275e-07	1.082915e-06
3.880000e+03	3.920000e+03	9.246630e-06	1.022373e-06	1.576033e-06
3.920000e+03	3.960000e+03	8.383417e-06	7.234625e-07	1.163045e-06
3.960000e+03	4.000000e+03	8.079148e-06	8.104975e-07	7.851650e-07
4.000000e+03	4.040000e+03	7.438907e-06	7.868000e-07	9.232400e-07
4.040000e+03	4.080000e+03	6.931943e-06	7.091025e-07	1.589850e-06
4.080000e+03	4.120000e+03	6.506903e-06	6.888200e-07	8.168650e-07
4.120000e+03	4.160000e+03	6.179363e-06	6.461300e-07	6.896025e-07
4.160000e+03	4.200000e+03	5.694057e-06	5.885000e-07	7.375350e-07
4.200000e+03	4.240000e+03	5.320017e-06	5.449275e-07	6.220550e-07
4.240000e+03	4.280000e+03	5.004420e-06	5.693100e-07	6.100825e-07
4.280000e+03	4.320000e+03	4.599655e-06	4.294350e-07	6.221850e-07
4.320000e+03	4.360000e+03	4.376705e-06	4.888850e-07	5.416800e-07
4.360000e+03	4.400000e+03	4.139855e-06	5.723050e-07	4.887800e-07
4.400000e+03	4.440000e+03	3.821357e-06	4.798600e-07	4.283600e-07
4.440000e+03	4.480000e+03	3.553057e-06	3.959425e-07	4.577375e-07
4.480000e+03	4.520000e+03	3.361865e-06	4.186475e-07	3.461050e-07
4.520000e+03	4.560000e+03	3.046182e-06	2.648050e-07	3.983375e-07
4.560000e+03	4.600000e+03	2.879382e-06	3.081000e-07	3.146950e-07
4.600000e+03	4.640000e+03	2.663902e-06	2.588440e-07	3.914150e-07
4.640000e+03	4.680000e+03	2.501555e-06	2.952520e-07	1.477375e-07
4.680000e+03	4.720000e+03	2.361315e-06	3.080370e-07	2.992775e-07
4.720000e+03	4.760000e+03	2.177964e-06	1.409790e-07	2.821393e-07
4.760000e+03	4.800000e+03	2.033749e-06	2.568430e-07	2.395425e-07
4.800000e+03	4.840000e+03	1.892643e-06	2.322842e-07	2.517142e-07
4.840000e+03	4.880000e+03	1.771930e-06	1.981425e-07	2.395375e-07
4.880000e+03	4.920000e+03	1.634788e-06	1.814160e-07	1.852698e-07
4.920000e+03	4.960000e+03	1.545154e-06	1.949982e-07	1.995815e-07
4.960000e+03	5.000000e+03	1.441820e-06	1.862968e-07	2.028230e-07
5.000000e+03	5.040000e+03	1.343713e-06	1.990865e-07	1.839218e-07
5.040000e+03	5.080000e+03	1.287815e-06	2.047025e-07	1.664635e-07
5.080000e+03	5.120000e+03	1.101543e-06	1.081708e-07	1.894612e-07
5.120000e+03	5.160000e+03	1.076934e-06	1.474785e-07	1.007838e-07
5.160000e+03	5.200000e+03	9.789750e-07	8.382000e-08	1.883435e-07
5.200000e+03	5.240000e+03	9.265080e-07	1.268318e-07	1.068695e-07
5.240000e+03	5.280000e+03	7.980290e-07	6.990000e-08	1.529477e-07
5.280000e+03	5.320000e+03	7.827493e-07	8.505400e-08	1.356792e-07
5.320000e+03	5.360000e+03	7.646487e-07	1.336825e-07	8.312425e-08
5.360000e+03	5.400000e+03	6.876557e-07	9.048925e-08	1.211080e-07
5.400000e+03	5.440000e+03	6.249503e-07	7.219975e-08	1.204388e-07
5.440000e+03	5.480000e+03	6.032850e-07	9.869550e-08	8.058075e-08
5.480000e+03	5.520000e+03	5.492257e-07	9.135725e-08	8.899725e-08
5.520000e+03	5.560000e+03	5.216673e-07	8.034325e-08	6.066075e-08
5.560000e+03	5.600000e+03	4.623918e-07	4.976825e-08	7.851225e-08
5.600000e+03	5.640000e+03	4.361433e-07	6.846775e-08	6.784825e-08
5.640000e+03	5.680000e+03	4.180598e-07	6.978900e-08	6.316600e-08
5.680000e+03	5.720000e+03	3.850267e-07	5.849850e-08	6.473750e-08
5.720000e+03	5.760000e+03	3.382775e-07	3.941950e-08	5.758800e-08
5.760000e+03	5.800000e+03	3.304605e-07	5.379525e-08	5.280200e-08
5.800000e+03	5.840000e+03	2.967405e-07	4.229325e-08	4.856300e-08
5.840000e+03	5.880000e+03	2.762000e-07	4.436445e-08	5.244375e-08
5.880000e+03	5.920000e+03	2.634897e-07	3.902390e-08	2.848375e-08
5.920000e+03	5.960000e+03	2.341636e-07	3.581945e-08	4.003695e-08
5.960000e+03	6.000000e+03	2.190530e-07	2.970835e-08	3.959972e-08
# END HISTO1D


# BEGIN HISTO1D //homes/tinghua1/Merging-Project/Production/HJETS/New-Analysis/HJETS-plots/H-N2-3-25gev-hjets-1.yoda/MC_H2JETS_04_INC/dijet_mass
ErrorBandColor=green
ErrorBandOpacity=0.3
ErrorBands=1
ErrorType=env
LineColor=green
LineStyle=solid
Path=//homes/tinghua1/Merging-Project/Production/HJETS/New-Analysis/HJETS-plots/H-N2-3-25gev-hjets-1.yoda/MC_H2JETS_04_INC/dijet_mass
RatioPlotSameStyle=1
Title=h(2*,3)
# xlow	 xhigh	 val	 errminus	 errplus
0.000000e+00	4.000000e+01	2.148295e-03	8.448725e-05	3.262612e-04
4.000000e+01	8.000000e+01	1.225588e-02	4.030650e-04	4.231700e-04
8.000000e+01	1.200000e+02	1.038124e-02	7.314450e-04	7.741250e-04
1.200000e+02	1.600000e+02	4.263062e-03	9.201250e-05	1.219750e-04
1.600000e+02	2.000000e+02	3.743127e-03	1.951000e-05	2.603250e-05
2.000000e+02	2.400000e+02	3.368313e-03	3.715500e-05	2.955250e-05
2.400000e+02	2.800000e+02	3.082822e-03	6.143250e-05	7.032000e-05
2.800000e+02	3.200000e+02	2.836272e-03	7.117750e-05	9.079250e-05
3.200000e+02	3.600000e+02	2.644847e-03	1.028400e-04	8.563000e-05
3.600000e+02	4.000000e+02	2.479567e-03	1.215960e-04	5.721300e-05
4.000000e+02	4.400000e+02	2.285196e-03	9.924325e-05	2.689000e-05
4.400000e+02	4.800000e+02	2.116568e-03	8.794475e-05	8.329250e-05
4.800000e+02	5.200000e+02	1.964881e-03	8.867350e-05	7.982050e-05
5.200000e+02	5.600000e+02	1.826863e-03	7.061550e-05	6.386600e-05
5.600000e+02	6.000000e+02	1.694266e-03	7.169850e-05	7.274725e-05
6.000000e+02	6.400000e+02	1.586097e-03	8.058175e-05	5.961175e-05
6.400000e+02	6.800000e+02	1.474741e-03	7.657250e-05	5.364125e-05
6.800000e+02	7.200000e+02	1.369373e-03	6.316975e-05	6.924250e-05
7.200000e+02	7.600000e+02	1.277196e-03	7.034025e-05	4.479525e-05
7.600000e+02	8.000000e+02	1.187617e-03	5.081400e-05	4.616600e-05
8.000000e+02	8.400000e+02	1.110264e-03	4.770300e-05	4.414000e-05
8.400000e+02	8.800000e+02	1.034454e-03	4.288450e-05	4.302825e-05
8.800000e+02	9.200000e+02	9.688752e-04	4.519200e-05	3.427550e-05
9.200000e+02	9.600000e+02	9.051240e-04	4.784800e-05	3.355000e-05
9.600000e+02	1.000000e+03	8.476638e-04	4.451500e-05	2.911075e-05
1.000000e+03	1.040000e+03	7.936110e-04	5.178025e-05	2.864525e-05
1.040000e+03	1.080000e+03	7.436140e-04	3.698850e-05	2.072750e-05
1.080000e+03	1.120000e+03	6.935215e-04	4.027950e-05	2.460775e-05
1.120000e+03	1.160000e+03	6.483033e-04	3.362900e-05	2.583425e-05
1.160000e+03	1.200000e+03	6.081628e-04	2.661625e-05	1.928625e-05
1.200000e+03	1.240000e+03	5.710390e-04	2.944650e-05	2.023750e-05
1.240000e+03	1.280000e+03	5.380037e-04	3.041500e-05	1.804425e-05
1.280000e+03	1.320000e+03	5.012840e-04	2.165975e-05	2.390675e-05
1.320000e+03	1.360000e+03	4.734090e-04	2.715825e-05	2.122200e-05
1.360000e+03	1.400000e+03	4.467685e-04	2.208250e-05	1.244275e-05
1.400000e+03	1.440000e+03	4.244020e-04	2.739975e-05	5.877250e-06
1.440000e+03	1.480000e+03	3.939185e-04	1.998100e-05	1.374575e-05
1.480000e+03	1.520000e+03	3.717435e-04	1.880325e-05	1.125275e-05
1.520000e+03	1.560000e+03	3.474518e-04	1.727800e-05	1.238850e-05
1.560000e+03	1.600000e+03	3.271240e-04	1.602150e-05	1.096450e-05
1.600000e+03	1.640000e+03	3.098058e-04	1.718850e-05	8.639500e-06
1.640000e+03	1.680000e+03	2.905100e-04	1.491925e-05	8.899250e-06
1.680000e+03	1.720000e+03	2.743737e-04	1.734100e-05	8.354500e-06
1.720000e+03	1.760000e+03	2.591760e-04	1.576067e-05	6.542500e-06
1.760000e+03	1.800000e+03	2.436062e-04	1.394877e-05	7.273250e-06
1.800000e+03	1.840000e+03	2.292173e-04	1.258388e-05	7.442375e-06
1.840000e+03	1.880000e+03	2.157699e-04	1.309062e-05	6.062300e-06
1.880000e+03	1.920000e+03	2.044177e-04	5.919350e-06	4.150425e-06
1.920000e+03	1.960000e+03	1.921245e-04	1.175025e-05	5.851200e-06
1.960000e+03	2.000000e+03	1.796106e-04	7.946150e-06	7.130575e-06
2.000000e+03	2.040000e+03	1.743079e-04	1.151697e-05	2.755050e-06
2.040000e+03	2.080000e+03	1.619539e-04	7.764250e-06	4.083450e-06
2.080000e+03	2.120000e+03	1.524386e-04	7.374375e-06	5.672700e-06
2.120000e+03	2.160000e+03	1.439183e-04	9.228875e-06	4.073400e-06
2.160000e+03	2.200000e+03	1.350084e-04	7.676075e-06	4.470275e-06
2.200000e+03	2.240000e+03	1.283640e-04	9.308375e-06	3.684850e-06
2.240000e+03	2.280000e+03	1.206266e-04	4.987100e-06	3.210725e-06
2.280000e+03	2.320000e+03	1.153757e-04	9.910800e-06	9.186500e-07
2.320000e+03	2.360000e+03	1.058071e-04	3.832875e-06	3.829425e-06
2.360000e+03	2.400000e+03	1.010901e-04	5.747500e-06	2.231450e-06
2.400000e+03	2.440000e+03	9.549565e-05	8.676200e-06	1.881675e-06
2.440000e+03	2.480000e+03	9.023180e-05	4.359425e-06	2.459150e-06
2.480000e+03	2.520000e+03	8.539330e-05	6.052900e-06	1.793600e-06
2.520000e+03	2.560000e+03	8.091263e-05	5.802425e-06	1.073950e-06
2.560000e+03	2.600000e+03	7.482465e-05	3.693400e-06	3.194275e-06
2.600000e+03	2.640000e+03	7.111863e-05	3.497375e-06	2.349225e-06
2.640000e+03	2.680000e+03	6.684908e-05	3.276225e-06	1.729700e-06
2.680000e+03	2.720000e+03	6.329633e-05	4.061900e-06	1.314250e-06
2.720000e+03	2.760000e+03	5.947643e-05	2.770175e-06	2.160550e-06
2.760000e+03	2.800000e+03	5.674303e-05	3.470525e-06	5.678000e-07
2.800000e+03	2.840000e+03	5.300930e-05	2.806850e-06	1.509150e-06
2.840000e+03	2.880000e+03	5.018798e-05	3.905575e-06	2.895750e-07
2.880000e+03	2.920000e+03	4.687342e-05	4.273775e-06	2.132000e-07
2.920000e+03	2.960000e+03	4.444515e-05	3.222550e-06	2.996000e-07
2.960000e+03	3.000000e+03	4.140020e-05	2.485250e-06	1.868825e-06
3.000000e+03	3.040000e+03	3.940497e-05	2.588275e-06	1.107225e-06
3.040000e+03	3.080000e+03	3.724678e-05	3.049750e-06	7.462750e-07
3.080000e+03	3.120000e+03	3.467447e-05	2.219250e-06	1.219400e-06
3.120000e+03	3.160000e+03	3.298797e-05	2.601600e-06	6.473500e-07
3.160000e+03	3.200000e+03	3.062170e-05	1.937800e-06	8.318250e-07
3.200000e+03	3.240000e+03	2.931183e-05	2.184950e-06	1.287000e-07
3.240000e+03	3.280000e+03	2.734753e-05	1.754500e-06	3.165000e-07
3.280000e+03	3.320000e+03	2.578523e-05	1.427273e-06	3.582000e-07
3.320000e+03	3.360000e+03	2.444019e-05	1.634078e-06	4.903500e-07
3.360000e+03	3.400000e+03	2.302433e-05	7.006150e-07	5.240000e-09
3.400000e+03	3.440000e+03	2.127852e-05	8.102700e-07	2.510250e-07
3.440000e+03	3.480000e+03	1.989219e-05	8.550800e-07	3.189850e-07
3.480000e+03	3.520000e+03	1.896044e-05	1.697093e-06	4.996350e-07
3.520000e+03	3.560000e+03	1.738253e-05	5.217700e-07	4.009375e-07
3.560000e+03	3.600000e+03	1.652914e-05	8.830925e-07	3.080675e-07
3.600000e+03	3.640000e+03	1.576335e-05	1.203117e-06	0.000000e+00
3.640000e+03	3.680000e+03	1.458082e-05	6.680575e-07	3.797450e-07
3.680000e+03	3.720000e+03	1.373030e-05	6.989125e-07	4.596000e-07
3.720000e+03	3.760000e+03	1.305721e-05	9.147225e-07	2.489550e-07
3.760000e+03	3.800000e+03	1.212983e-05	4.823100e-07	1.784900e-07
3.800000e+03	3.840000e+03	1.144334e-05	7.327050e-07	1.590200e-07
3.840000e+03	3.880000e+03	1.080095e-05	8.956750e-07	1.424350e-07
3.880000e+03	3.920000e+03	9.988638e-06	4.334000e-07	2.119550e-07
3.920000e+03	3.960000e+03	9.427382e-06	3.371350e-07	5.065250e-08
3.960000e+03	4.000000e+03	8.657700e-06	2.638450e-07	1.983900e-07
4.000000e+03	4.040000e+03	8.159308e-06	1.674450e-07	2.214525e-07
4.040000e+03	4.080000e+03	7.808887e-06	5.925000e-07	0.000000e+00
4.080000e+03	4.120000e+03	7.314018e-06	3.798625e-07	2.954750e-08
4.120000e+03	4.160000e+03	6.706130e-06	4.187900e-07	0.000000e+00
4.160000e+03	4.200000e+03	6.250647e-06	2.609825e-07	1.964625e-07
4.200000e+03	4.240000e+03	5.853953e-06	2.226825e-07	5.082500e-08
4.240000e+03	4.280000e+03	5.919565e-06	5.490950e-07	0.000000e+00
4.280000e+03	4.320000e+03	5.227523e-06	5.081275e-07	8.836500e-08
4.320000e+03	4.360000e+03	4.885752e-06	2.877800e-07	5.194000e-08
4.360000e+03	4.400000e+03	4.657333e-06	4.403025e-07	0.000000e+00
4.400000e+03	4.440000e+03	4.239540e-06	3.443950e-07	1.350675e-07
4.440000e+03	4.480000e+03	3.991597e-06	3.864600e-07	3.573750e-07
4.480000e+03	4.520000e+03	3.883365e-06	1.951350e-07	0.000000e+00
4.520000e+03	4.560000e+03	3.436557e-06	2.154075e-07	0.000000e+00
4.560000e+03	4.600000e+03	3.397680e-06	3.375075e-07	0.000000e+00
4.600000e+03	4.640000e+03	2.993983e-06	3.623925e-07	4.672750e-08
4.640000e+03	4.680000e+03	2.890055e-06	1.925025e-07	8.097750e-08
4.680000e+03	4.720000e+03	2.687082e-06	2.090092e-07	0.000000e+00
4.720000e+03	4.760000e+03	2.456204e-06	1.774965e-07	6.107850e-08
4.760000e+03	4.800000e+03	2.294801e-06	8.884125e-08	5.634600e-08
4.800000e+03	4.840000e+03	2.131268e-06	1.657840e-07	7.661800e-08
4.840000e+03	4.880000e+03	2.016078e-06	3.173300e-08	0.000000e+00
4.880000e+03	4.920000e+03	1.877199e-06	1.363455e-07	6.988025e-08
4.920000e+03	4.960000e+03	1.756234e-06	0.000000e+00	1.960650e-08
4.960000e+03	5.000000e+03	1.617811e-06	2.668425e-08	6.715275e-08
5.000000e+03	5.040000e+03	1.524747e-06	8.803425e-08	3.035425e-08
5.040000e+03	5.080000e+03	1.421314e-06	1.956700e-08	3.236600e-08
5.080000e+03	5.120000e+03	1.313498e-06	4.256600e-08	3.056250e-09
5.120000e+03	5.160000e+03	1.195007e-06	0.000000e+00	8.133725e-08
5.160000e+03	5.200000e+03	1.215532e-06	6.427750e-08	0.000000e+00
5.200000e+03	5.240000e+03	1.088916e-06	5.261400e-08	0.000000e+00
5.240000e+03	5.280000e+03	1.036604e-06	4.967175e-08	0.000000e+00
5.280000e+03	5.320000e+03	9.325490e-07	2.434200e-08	0.000000e+00
5.320000e+03	5.360000e+03	8.434250e-07	0.000000e+00	6.598050e-08
5.360000e+03	5.400000e+03	7.682347e-07	1.721050e-08	2.854525e-08
5.400000e+03	5.440000e+03	7.965575e-07	7.608125e-08	0.000000e+00
5.440000e+03	5.480000e+03	6.949775e-07	1.717435e-07	1.080250e-09
5.480000e+03	5.520000e+03	6.337480e-07	4.384775e-08	2.036975e-08
5.520000e+03	5.560000e+03	6.188742e-07	4.752225e-08	0.000000e+00
5.560000e+03	5.600000e+03	5.557925e-07	3.575825e-08	2.264425e-08
5.600000e+03	5.640000e+03	5.323783e-07	5.946900e-08	4.500000e-10
5.640000e+03	5.680000e+03	4.573067e-07	0.000000e+00	5.136525e-08
5.680000e+03	5.720000e+03	4.255625e-07	8.461250e-09	5.145000e-09
5.720000e+03	5.760000e+03	3.977253e-07	2.925500e-09	2.027800e-08
5.760000e+03	5.800000e+03	3.748012e-07	6.523750e-09	2.026550e-08
5.800000e+03	5.840000e+03	3.616075e-07	1.067550e-08	0.000000e+00
5.840000e+03	5.880000e+03	3.707925e-07	5.068775e-08	0.000000e+00
5.880000e+03	5.920000e+03	3.223233e-07	1.169450e-08	2.157500e-10
5.920000e+03	5.960000e+03	2.884595e-07	1.440975e-08	0.000000e+00
5.960000e+03	6.000000e+03	2.564995e-07	5.378750e-09	1.595425e-08
# END HISTO1D


# BEGIN HISTO1D //homes/tinghua1/Merging-Project/Production/HJETS/New-Analysis/HJETS-plots/H-2-3-25gev-hjets.yoda/MC_H2JETS_04_INC/dijet_mass
ErrorBandColor=purple
ErrorBandOpacity=0.3
ErrorBands=1
ErrorType=env
LineColor=purple
LineStyle=solid
Path=//homes/tinghua1/Merging-Project/Production/HJETS/New-Analysis/HJETS-plots/H-2-3-25gev-hjets.yoda/MC_H2JETS_04_INC/dijet_mass
RatioPlotSameStyle=1
Title=h(2,3)
# xlow	 xhigh	 val	 errminus	 errplus
0.000000e+00	4.000000e+01	1.921628e-03	1.075592e-04	2.299477e-04
4.000000e+01	8.000000e+01	1.064344e-02	1.368850e-04	0.000000e+00
8.000000e+01	1.200000e+02	8.391862e-03	1.076350e-03	1.064478e-03
1.200000e+02	1.600000e+02	3.035890e-03	1.166150e-04	8.157000e-05
1.600000e+02	2.000000e+02	2.865515e-03	1.685725e-04	1.214150e-04
2.000000e+02	2.400000e+02	2.795980e-03	1.747925e-04	1.406350e-04
2.400000e+02	2.800000e+02	2.731845e-03	1.898225e-04	1.340975e-04
2.800000e+02	3.200000e+02	2.635342e-03	1.736742e-04	1.222750e-04
3.200000e+02	3.600000e+02	2.518147e-03	1.547810e-04	1.087300e-04
3.600000e+02	4.000000e+02	2.389338e-03	1.345355e-04	9.203775e-05
4.000000e+02	4.400000e+02	2.253239e-03	1.220595e-04	7.834475e-05
4.400000e+02	4.800000e+02	2.119277e-03	8.850150e-05	6.399125e-05
4.800000e+02	5.200000e+02	1.985680e-03	8.914275e-05	5.206700e-05
5.200000e+02	5.600000e+02	1.855914e-03	7.323700e-05	4.143375e-05
5.600000e+02	6.000000e+02	1.733745e-03	5.948250e-05	3.077475e-05
6.000000e+02	6.400000e+02	1.617170e-03	4.800825e-05	2.257275e-05
6.400000e+02	6.800000e+02	1.509755e-03	3.917075e-05	1.407775e-05
6.800000e+02	7.200000e+02	1.405670e-03	2.859250e-05	1.129675e-05
7.200000e+02	7.600000e+02	1.314950e-03	2.844250e-05	0.000000e+00
7.600000e+02	8.000000e+02	1.225571e-03	2.167850e-05	0.000000e+00
8.000000e+02	8.400000e+02	1.141504e-03	1.120100e-05	0.000000e+00
8.400000e+02	8.800000e+02	1.064180e-03	6.379250e-06	0.000000e+00
8.800000e+02	9.200000e+02	9.953210e-04	9.728500e-06	0.000000e+00
9.200000e+02	9.600000e+02	9.271542e-04	7.846750e-06	7.030000e-07
9.600000e+02	1.000000e+03	8.673222e-04	1.280125e-05	3.235250e-06
1.000000e+03	1.040000e+03	8.107173e-04	1.271825e-05	4.168500e-06
1.040000e+03	1.080000e+03	7.601865e-04	1.511800e-05	3.107750e-06
1.080000e+03	1.120000e+03	7.096215e-04	1.511275e-05	7.984250e-06
1.120000e+03	1.160000e+03	6.646842e-04	1.517150e-05	7.638750e-06
1.160000e+03	1.200000e+03	6.220840e-04	1.631625e-05	1.089125e-05
1.200000e+03	1.240000e+03	5.836345e-04	1.590750e-05	9.441500e-06
1.240000e+03	1.280000e+03	5.487872e-04	1.838675e-05	1.022225e-05
1.280000e+03	1.320000e+03	5.127897e-04	1.672925e-05	1.171575e-05
1.320000e+03	1.360000e+03	4.809842e-04	1.574025e-05	1.188325e-05
1.360000e+03	1.400000e+03	4.522165e-04	1.617650e-05	1.165800e-05
1.400000e+03	1.440000e+03	4.246770e-04	1.576250e-05	1.149775e-05
1.440000e+03	1.480000e+03	3.979667e-04	1.516100e-05	1.213925e-05
1.480000e+03	1.520000e+03	3.743550e-04	1.431150e-05	1.263625e-05
1.520000e+03	1.560000e+03	3.524142e-04	1.537400e-05	1.177375e-05
1.560000e+03	1.600000e+03	3.298832e-04	1.393425e-05	1.258675e-05
1.600000e+03	1.640000e+03	3.114082e-04	1.331450e-05	1.254450e-05
1.640000e+03	1.680000e+03	2.930550e-04	1.383750e-05	1.228325e-05
1.680000e+03	1.720000e+03	2.749150e-04	1.282525e-05	1.158300e-05
1.720000e+03	1.760000e+03	2.589622e-04	1.324145e-05	1.048825e-05
1.760000e+03	1.800000e+03	2.439321e-04	1.249287e-05	1.182442e-05
1.800000e+03	1.840000e+03	2.299449e-04	1.249187e-05	1.080177e-05
1.840000e+03	1.880000e+03	2.161291e-04	1.188737e-05	1.092480e-05
1.880000e+03	1.920000e+03	2.027264e-04	1.016263e-05	1.138382e-05
1.920000e+03	1.960000e+03	1.913024e-04	1.088685e-05	1.044920e-05
1.960000e+03	2.000000e+03	1.803679e-04	1.086297e-05	9.239650e-06
2.000000e+03	2.040000e+03	1.694857e-04	1.009485e-05	1.023897e-05
2.040000e+03	2.080000e+03	1.599362e-04	9.588600e-06	9.592425e-06
2.080000e+03	2.120000e+03	1.506579e-04	9.085250e-06	9.546875e-06
2.120000e+03	2.160000e+03	1.418948e-04	8.656150e-06	7.638325e-06
2.160000e+03	2.200000e+03	1.338511e-04	8.628225e-06	7.613550e-06
2.200000e+03	2.240000e+03	1.264206e-04	8.805600e-06	8.258775e-06
2.240000e+03	2.280000e+03	1.188672e-04	8.208625e-06	6.995825e-06
2.280000e+03	2.320000e+03	1.113879e-04	7.041525e-06	7.967450e-06
2.320000e+03	2.360000e+03	1.053361e-04	7.521775e-06	6.956975e-06
2.360000e+03	2.400000e+03	9.926195e-05	7.105550e-06	6.480625e-06
2.400000e+03	2.440000e+03	9.354495e-05	7.269600e-06	6.253525e-06
2.440000e+03	2.480000e+03	8.773100e-05	6.035975e-06	6.380050e-06
2.480000e+03	2.520000e+03	8.270892e-05	6.145575e-06	6.507325e-06
2.520000e+03	2.560000e+03	7.810585e-05	5.864575e-06	5.438050e-06
2.560000e+03	2.600000e+03	7.314665e-05	5.493325e-06	5.446500e-06
2.600000e+03	2.640000e+03	6.910575e-05	5.722025e-06	4.883575e-06
2.640000e+03	2.680000e+03	6.503037e-05	4.659675e-06	4.801525e-06
2.680000e+03	2.720000e+03	6.121387e-05	4.939150e-06	5.100000e-06
2.720000e+03	2.760000e+03	5.764830e-05	4.712500e-06	4.520475e-06
2.760000e+03	2.800000e+03	5.393037e-05	3.984025e-06	4.743400e-06
2.800000e+03	2.840000e+03	5.058815e-05	3.957600e-06	4.230375e-06
2.840000e+03	2.880000e+03	4.767115e-05	3.952075e-06	4.134675e-06
2.880000e+03	2.920000e+03	4.498260e-05	3.643875e-06	4.037100e-06
2.920000e+03	2.960000e+03	4.222635e-05	3.459350e-06	3.773975e-06
2.960000e+03	3.000000e+03	3.959535e-05	3.160700e-06	3.515200e-06
3.000000e+03	3.040000e+03	3.747888e-05	3.278275e-06	3.114700e-06
3.040000e+03	3.080000e+03	3.508008e-05	2.906125e-06	3.046925e-06
3.080000e+03	3.120000e+03	3.313852e-05	3.012725e-06	3.050775e-06
3.120000e+03	3.160000e+03	3.115133e-05	2.896425e-06	2.800125e-06
3.160000e+03	3.200000e+03	2.911248e-05	2.473350e-06	2.791575e-06
3.200000e+03	3.240000e+03	2.739718e-05	2.481822e-06	2.678650e-06
3.240000e+03	3.280000e+03	2.564683e-05	2.378648e-06	2.409775e-06
3.280000e+03	3.320000e+03	2.415561e-05	2.226883e-06	2.275840e-06
3.320000e+03	3.360000e+03	2.243655e-05	1.904527e-06	2.477815e-06
3.360000e+03	3.400000e+03	2.122921e-05	1.979957e-06	2.240250e-06
3.400000e+03	3.440000e+03	1.986859e-05	1.844985e-06	1.971492e-06
3.440000e+03	3.480000e+03	1.867401e-05	1.691422e-06	1.686835e-06
3.480000e+03	3.520000e+03	1.759572e-05	1.680163e-06	1.655483e-06
3.520000e+03	3.560000e+03	1.649353e-05	1.605525e-06	1.768550e-06
3.560000e+03	3.600000e+03	1.550841e-05	1.518350e-06	1.507367e-06
3.600000e+03	3.640000e+03	1.445405e-05	1.364958e-06	1.528660e-06
3.640000e+03	3.680000e+03	1.356746e-05	1.524375e-06	1.468815e-06
3.680000e+03	3.720000e+03	1.275175e-05	1.333172e-06	1.500508e-06
3.720000e+03	3.760000e+03	1.182455e-05	1.256375e-06	1.588957e-06
3.760000e+03	3.800000e+03	1.120236e-05	1.092678e-06	1.009735e-06
3.800000e+03	3.840000e+03	1.039486e-05	1.041787e-06	1.177625e-06
3.840000e+03	3.880000e+03	9.752222e-06	1.100362e-06	1.077895e-06
3.880000e+03	3.920000e+03	9.114523e-06	9.622900e-07	9.963775e-07
3.920000e+03	3.960000e+03	8.554822e-06	9.156250e-07	1.000985e-06
3.960000e+03	4.000000e+03	8.030822e-06	8.218625e-07	9.251550e-07
4.000000e+03	4.040000e+03	7.375650e-06	7.473675e-07	1.006195e-06
4.040000e+03	4.080000e+03	6.991370e-06	7.069075e-07	8.099025e-07
4.080000e+03	4.120000e+03	6.597612e-06	7.142600e-07	6.627625e-07
4.120000e+03	4.160000e+03	6.140130e-06	6.582025e-07	7.073500e-07
4.160000e+03	4.200000e+03	5.674045e-06	5.585125e-07	6.641575e-07
4.200000e+03	4.240000e+03	5.373275e-06	6.771100e-07	6.433525e-07
4.240000e+03	4.280000e+03	5.007437e-06	6.084900e-07	6.027250e-07
4.280000e+03	4.320000e+03	4.696970e-06	5.704800e-07	4.727975e-07
4.320000e+03	4.360000e+03	4.340030e-06	4.615075e-07	5.938675e-07
4.360000e+03	4.400000e+03	4.090030e-06	5.149075e-07	4.788725e-07
4.400000e+03	4.440000e+03	3.796177e-06	4.351325e-07	5.465625e-07
4.440000e+03	4.480000e+03	3.535333e-06	4.034925e-07	4.860625e-07
4.480000e+03	4.520000e+03	3.338452e-06	4.291375e-07	4.079750e-07
4.520000e+03	4.560000e+03	3.060447e-06	2.963800e-07	4.906350e-07
4.560000e+03	4.600000e+03	2.891102e-06	3.450875e-07	3.438050e-07
4.600000e+03	4.640000e+03	2.687582e-06	3.269962e-07	3.366700e-07
4.640000e+03	4.680000e+03	2.553983e-06	2.973287e-07	3.075525e-07
4.680000e+03	4.720000e+03	2.336899e-06	2.677920e-07	2.778885e-07
4.720000e+03	4.760000e+03	2.155382e-06	2.058630e-07	3.306975e-07
4.760000e+03	4.800000e+03	2.054252e-06	2.412403e-07	2.261345e-07
4.800000e+03	4.840000e+03	1.895758e-06	2.436710e-07	2.744728e-07
4.840000e+03	4.880000e+03	1.750085e-06	1.954938e-07	2.227130e-07
4.880000e+03	4.920000e+03	1.584548e-06	1.297555e-07	2.932300e-07
4.920000e+03	4.960000e+03	1.545847e-06	2.070455e-07	1.663103e-07
4.960000e+03	5.000000e+03	1.374150e-06	1.505565e-07	2.484237e-07
5.000000e+03	5.040000e+03	1.340895e-06	1.802635e-07	1.938750e-07
5.040000e+03	5.080000e+03	1.242126e-06	1.622407e-07	1.451683e-07
5.080000e+03	5.120000e+03	1.175891e-06	1.733603e-07	1.266672e-07
5.120000e+03	5.160000e+03	1.060751e-06	1.271847e-07	1.613792e-07
5.160000e+03	5.200000e+03	1.000432e-06	1.308485e-07	1.230840e-07
5.200000e+03	5.240000e+03	9.130568e-07	1.036970e-07	1.421125e-07
5.240000e+03	5.280000e+03	8.343287e-07	5.762400e-08	1.525815e-07
5.280000e+03	5.320000e+03	8.050392e-07	1.096958e-07	9.314350e-08
5.320000e+03	5.360000e+03	7.457673e-07	8.620200e-08	9.686500e-08
5.360000e+03	5.400000e+03	6.864547e-07	8.260750e-08	9.507125e-08
5.400000e+03	5.440000e+03	6.307973e-07	6.877250e-08	9.512175e-08
5.440000e+03	5.480000e+03	5.994835e-07	7.082350e-08	8.789400e-08
5.480000e+03	5.520000e+03	5.491440e-07	6.476875e-08	8.450575e-08
5.520000e+03	5.560000e+03	5.048558e-07	7.238400e-08	8.759325e-08
5.560000e+03	5.600000e+03	4.773455e-07	6.528775e-08	4.852275e-08
5.600000e+03	5.640000e+03	4.461322e-07	6.827750e-08	5.696475e-08
5.640000e+03	5.680000e+03	4.031465e-07	6.286425e-08	7.391875e-08
5.680000e+03	5.720000e+03	3.757713e-07	5.103100e-08	6.659900e-08
5.720000e+03	5.760000e+03	3.521033e-07	4.485725e-08	5.713775e-08
5.760000e+03	5.800000e+03	3.139677e-07	4.173875e-08	5.851175e-08
5.800000e+03	5.840000e+03	2.963542e-07	4.685000e-08	4.404525e-08
5.840000e+03	5.880000e+03	2.836687e-07	4.560367e-08	4.313400e-08
5.880000e+03	5.920000e+03	2.449697e-07	2.852465e-08	6.457335e-08
5.920000e+03	5.960000e+03	2.376304e-07	4.004977e-08	4.906208e-08
5.960000e+03	6.000000e+03	2.093479e-07	2.192905e-08	5.009735e-08
# END HISTO1D

# BEGIN HISTO1D //homes/tinghua1/Merging-Project/Production/HJETS/New-Analysis/HJETS-plots/H2Jets-NLOPS-hjets.yoda/MC_H2JETS_04_INC/dijet_mass
ErrorBandColor=violet
ErrorBandOpacity=0.3
ErrorBands=1
ErrorType=env
LineColor=violet
LineStyle=solid
Path=//homes/tinghua1/Merging-Project/Production/HJETS/New-Analysis/HJETS-plots/H2Jets-NLOPS-hjets.yoda/MC_H2JETS_04_INC/dijet_mass
RatioPlotSameStyle=1
Title=h(2*) $\oplus$ PS
# xlow	 xhigh	 val	 errminus	 errplus
0.000000e+00	4.000000e+01	2.069097e-03	9.724450e-05	2.568030e-04
4.000000e+01	8.000000e+01	1.181066e-02	3.741150e-04	3.313350e-04
8.000000e+01	1.200000e+02	9.868230e-03	7.885750e-04	8.265875e-04
1.200000e+02	1.600000e+02	3.980905e-03	4.667250e-05	6.035500e-05
1.600000e+02	2.000000e+02	3.571993e-03	4.087500e-06	1.930750e-05
2.000000e+02	2.400000e+02	3.273937e-03	4.649250e-05	5.609750e-05
2.400000e+02	2.800000e+02	3.034903e-03	6.980250e-05	8.058250e-05
2.800000e+02	3.200000e+02	2.829915e-03	9.649750e-05	8.685500e-05
3.200000e+02	3.600000e+02	2.634825e-03	9.857000e-05	8.924750e-05
3.600000e+02	4.000000e+02	2.457928e-03	1.057007e-04	9.010475e-05
4.000000e+02	4.400000e+02	2.284853e-03	9.909075e-05	8.808900e-05
4.400000e+02	4.800000e+02	2.127119e-03	9.887225e-05	1.008735e-04
4.800000e+02	5.200000e+02	1.979074e-03	9.047175e-05	8.099025e-05
5.200000e+02	5.600000e+02	1.839390e-03	8.418775e-05	6.856775e-05
5.600000e+02	6.000000e+02	1.712691e-03	7.606525e-05	6.998250e-05
6.000000e+02	6.400000e+02	1.595446e-03	7.356375e-05	6.066800e-05
6.400000e+02	6.800000e+02	1.483774e-03	7.450900e-05	5.800150e-05
6.800000e+02	7.200000e+02	1.381210e-03	6.806200e-05	5.335875e-05
7.200000e+02	7.600000e+02	1.283675e-03	6.136425e-05	5.361125e-05
7.600000e+02	8.000000e+02	1.196467e-03	5.590300e-05	4.706550e-05
8.000000e+02	8.400000e+02	1.116630e-03	5.717675e-05	4.652525e-05
8.400000e+02	8.800000e+02	1.043489e-03	5.256425e-05	3.946275e-05
8.800000e+02	9.200000e+02	9.743955e-04	4.885075e-05	3.599600e-05
9.200000e+02	9.600000e+02	9.171852e-04	5.378750e-05	2.767600e-05
9.600000e+02	1.000000e+03	8.506253e-04	4.133700e-05	3.178600e-05
1.000000e+03	1.040000e+03	8.032420e-04	4.844025e-05	2.091325e-05
1.040000e+03	1.080000e+03	7.446290e-04	3.680275e-05	2.810875e-05
1.080000e+03	1.120000e+03	6.984025e-04	3.550725e-05	2.412725e-05
1.120000e+03	1.160000e+03	6.533490e-04	3.371175e-05	2.526875e-05
1.160000e+03	1.200000e+03	6.140222e-04	3.307575e-05	2.048675e-05
1.200000e+03	1.240000e+03	5.791328e-04	3.276075e-05	1.612500e-05
1.240000e+03	1.280000e+03	5.395322e-04	2.822275e-05	1.827525e-05
1.280000e+03	1.320000e+03	5.083875e-04	2.806425e-05	1.583050e-05
1.320000e+03	1.360000e+03	4.754115e-04	2.495325e-05	1.687725e-05
1.360000e+03	1.400000e+03	4.477350e-04	2.288600e-05	1.423125e-05
1.400000e+03	1.440000e+03	4.209313e-04	2.252225e-05	1.505975e-05
1.440000e+03	1.480000e+03	3.952790e-04	2.025725e-05	1.286200e-05
1.480000e+03	1.520000e+03	3.721953e-04	1.872400e-05	1.159100e-05
1.520000e+03	1.560000e+03	3.508873e-04	1.890600e-05	1.206400e-05
1.560000e+03	1.600000e+03	3.297343e-04	1.641675e-05	1.082000e-05
1.600000e+03	1.640000e+03	3.104275e-04	1.662225e-05	9.683250e-06
1.640000e+03	1.680000e+03	2.930277e-04	1.632725e-05	8.613000e-06
1.680000e+03	1.720000e+03	2.759092e-04	1.521750e-05	7.830500e-06
1.720000e+03	1.760000e+03	2.597768e-04	1.459355e-05	7.035000e-06
1.760000e+03	1.800000e+03	2.445201e-04	1.297443e-05	7.056875e-06
1.800000e+03	1.840000e+03	2.306542e-04	1.265545e-05	5.899500e-06
1.840000e+03	1.880000e+03	2.176808e-04	1.169695e-05	6.215750e-06
1.880000e+03	1.920000e+03	2.051234e-04	8.801250e-06	5.381350e-06
1.920000e+03	1.960000e+03	1.935910e-04	1.008517e-05	5.352050e-06
1.960000e+03	2.000000e+03	1.827679e-04	9.620175e-06	5.065250e-06
2.000000e+03	2.040000e+03	1.722549e-04	8.251700e-06	5.234975e-06
2.040000e+03	2.080000e+03	1.623809e-04	8.489450e-06	4.572575e-06
2.080000e+03	2.120000e+03	1.535188e-04	8.848225e-06	3.923625e-06
2.120000e+03	2.160000e+03	1.446971e-04	8.245050e-06	3.683600e-06
2.160000e+03	2.200000e+03	1.365343e-04	7.925350e-06	4.920625e-06
2.200000e+03	2.240000e+03	1.285692e-04	7.420425e-06	3.406150e-06
2.240000e+03	2.280000e+03	1.208996e-04	5.942400e-06	3.668525e-06
2.280000e+03	2.320000e+03	1.147462e-04	6.984250e-06	2.841075e-06
2.320000e+03	2.360000e+03	1.077489e-04	5.723850e-06	3.430800e-06
2.360000e+03	2.400000e+03	1.028414e-04	3.766475e-06	1.642875e-06
2.400000e+03	2.440000e+03	9.630765e-05	5.547000e-06	2.452125e-06
2.440000e+03	2.480000e+03	9.058820e-05	4.548350e-06	2.133075e-06
2.480000e+03	2.520000e+03	8.555270e-05	4.530550e-06	2.000175e-06
2.520000e+03	2.560000e+03	8.026835e-05	4.102775e-06	2.269075e-06
2.560000e+03	2.600000e+03	7.622717e-05	4.596525e-06	1.690725e-06
2.600000e+03	2.640000e+03	7.184363e-05	3.954750e-06	1.442950e-06
2.640000e+03	2.680000e+03	6.754233e-05	3.915650e-06	1.905525e-06
2.680000e+03	2.720000e+03	6.371857e-05	3.677825e-06	1.435150e-06
2.720000e+03	2.760000e+03	5.999218e-05	3.601375e-06	1.389875e-06
2.760000e+03	2.800000e+03	5.661028e-05	3.223350e-06	1.707925e-06
2.800000e+03	2.840000e+03	5.338082e-05	2.864100e-06	1.438250e-06
2.840000e+03	2.880000e+03	5.024508e-05	2.892250e-06	1.050400e-06
2.880000e+03	2.920000e+03	4.761832e-05	2.981575e-06	7.014750e-07
2.920000e+03	2.960000e+03	4.458205e-05	2.558850e-06	1.142725e-06
2.960000e+03	3.000000e+03	4.185438e-05	2.317450e-06	1.005775e-06
3.000000e+03	3.040000e+03	3.951907e-05	2.413825e-06	7.796000e-07
3.040000e+03	3.080000e+03	3.755235e-05	2.550175e-06	3.276500e-07
3.080000e+03	3.120000e+03	3.524862e-05	2.398450e-06	4.869000e-07
3.120000e+03	3.160000e+03	3.300682e-05	2.023400e-06	5.902250e-07
3.160000e+03	3.200000e+03	3.115067e-05	1.864900e-06	5.729250e-07
3.200000e+03	3.240000e+03	2.922170e-05	2.066800e-06	6.360000e-07
3.240000e+03	3.280000e+03	2.754020e-05	1.891525e-06	4.356250e-07
3.280000e+03	3.320000e+03	2.595020e-05	1.614365e-06	1.297500e-07
3.320000e+03	3.360000e+03	2.424820e-05	1.388515e-06	5.545075e-07
3.360000e+03	3.400000e+03	2.281521e-05	1.305042e-06	3.295375e-07
3.400000e+03	3.440000e+03	2.142912e-05	1.225633e-06	3.517575e-07
3.440000e+03	3.480000e+03	2.041760e-05	1.287630e-06	1.620225e-07
3.480000e+03	3.520000e+03	1.905631e-05	1.229503e-06	2.727125e-07
3.520000e+03	3.560000e+03	1.792084e-05	1.074538e-06	1.451975e-07
3.560000e+03	3.600000e+03	1.673689e-05	9.076250e-07	3.595625e-07
3.600000e+03	3.640000e+03	1.564739e-05	7.886725e-07	2.793675e-07
3.640000e+03	3.680000e+03	1.478840e-05	8.678625e-07	1.408725e-07
3.680000e+03	3.720000e+03	1.399298e-05	1.023402e-06	1.211575e-07
3.720000e+03	3.760000e+03	1.298781e-05	7.097950e-07	2.590750e-07
3.760000e+03	3.800000e+03	1.220047e-05	7.205075e-07	2.411400e-07
3.800000e+03	3.840000e+03	1.144449e-05	6.663200e-07	1.890750e-07
3.840000e+03	3.880000e+03	1.068134e-05	5.636775e-07	2.630400e-07
3.880000e+03	3.920000e+03	1.015332e-05	6.744375e-07	6.633750e-08
3.920000e+03	3.960000e+03	9.438778e-06	5.458025e-07	2.195925e-07
3.960000e+03	4.000000e+03	8.939918e-06	6.201925e-07	1.143200e-07
4.000000e+03	4.040000e+03	8.332403e-06	5.181075e-07	4.958500e-08
4.040000e+03	4.080000e+03	7.800760e-06	4.733100e-07	0.000000e+00
4.080000e+03	4.120000e+03	7.306637e-06	3.385175e-07	6.664250e-08
4.120000e+03	4.160000e+03	6.763157e-06	3.159725e-07	1.563500e-07
4.160000e+03	4.200000e+03	6.403437e-06	2.704025e-07	2.486000e-08
4.200000e+03	4.240000e+03	6.049592e-06	3.644875e-07	1.494000e-07
4.240000e+03	4.280000e+03	5.639437e-06	3.773000e-07	2.882750e-08
4.280000e+03	4.320000e+03	5.284802e-06	3.214925e-07	3.685000e-08
4.320000e+03	4.360000e+03	4.953235e-06	3.408150e-07	8.387500e-09
4.360000e+03	4.400000e+03	4.551675e-06	3.621600e-07	2.353200e-07
4.400000e+03	4.440000e+03	4.343625e-06	2.325550e-07	1.788000e-08
4.440000e+03	4.480000e+03	4.021002e-06	1.855100e-07	1.886750e-08
4.480000e+03	4.520000e+03	3.769412e-06	2.349050e-07	2.756000e-08
4.520000e+03	4.560000e+03	3.569040e-06	2.750625e-07	0.000000e+00
4.560000e+03	4.600000e+03	3.270362e-06	1.555725e-07	3.785500e-08
4.600000e+03	4.640000e+03	3.038855e-06	2.180250e-07	8.647250e-08
4.640000e+03	4.680000e+03	2.840687e-06	1.199600e-07	4.254500e-08
4.680000e+03	4.720000e+03	2.641110e-06	1.796382e-07	3.980750e-08
4.720000e+03	4.760000e+03	2.485519e-06	9.023475e-08	2.003825e-08
4.760000e+03	4.800000e+03	2.354782e-06	1.033218e-07	0.000000e+00
4.800000e+03	4.840000e+03	2.185516e-06	1.035007e-07	1.234500e-08
4.840000e+03	4.880000e+03	2.025629e-06	1.687415e-07	4.514775e-08
4.880000e+03	4.920000e+03	1.920745e-06	6.588925e-08	0.000000e+00
4.920000e+03	4.960000e+03	1.757808e-06	2.278525e-08	6.225750e-09
4.960000e+03	5.000000e+03	1.688057e-06	1.079180e-07	0.000000e+00
5.000000e+03	5.040000e+03	1.500891e-06	5.872100e-08	3.910250e-08
5.040000e+03	5.080000e+03	1.442780e-06	1.145793e-07	0.000000e+00
5.080000e+03	5.120000e+03	1.343224e-06	4.972800e-08	0.000000e+00
5.120000e+03	5.160000e+03	1.244444e-06	6.896075e-08	0.000000e+00
5.160000e+03	5.200000e+03	1.179896e-06	8.154050e-08	0.000000e+00
5.200000e+03	5.240000e+03	1.087965e-06	7.142625e-08	7.376750e-09
5.240000e+03	5.280000e+03	1.017271e-06	6.596275e-08	0.000000e+00
5.280000e+03	5.320000e+03	9.479168e-07	4.331225e-08	0.000000e+00
5.320000e+03	5.360000e+03	8.779528e-07	1.040875e-07	0.000000e+00
5.360000e+03	5.400000e+03	8.287868e-07	5.561950e-08	0.000000e+00
5.400000e+03	5.440000e+03	7.569920e-07	5.469725e-08	0.000000e+00
5.440000e+03	5.480000e+03	7.147133e-07	5.044775e-08	0.000000e+00
5.480000e+03	5.520000e+03	6.581218e-07	2.296450e-08	2.512425e-08
5.520000e+03	5.560000e+03	6.164285e-07	4.081800e-08	8.505000e-09
5.560000e+03	5.600000e+03	5.575273e-07	1.917125e-08	5.688250e-09
5.600000e+03	5.640000e+03	5.217373e-07	3.276650e-08	1.316725e-08
5.640000e+03	5.680000e+03	4.913805e-07	1.915325e-08	0.000000e+00
5.680000e+03	5.720000e+03	4.508720e-07	1.384325e-08	0.000000e+00
5.720000e+03	5.760000e+03	4.314918e-07	1.653050e-08	5.672750e-09
5.760000e+03	5.800000e+03	3.960955e-07	4.524750e-09	0.000000e+00
5.800000e+03	5.840000e+03	3.755307e-07	2.467150e-08	0.000000e+00
5.840000e+03	5.880000e+03	3.407990e-07	9.629000e-09	0.000000e+00
5.880000e+03	5.920000e+03	3.125503e-07	1.109625e-08	0.000000e+00
5.920000e+03	5.960000e+03	2.933545e-07	1.766775e-08	0.000000e+00
5.960000e+03	6.000000e+03	2.804635e-07	2.318725e-08	0.000000e+00
# END HISTO1D

