# BEGIN PLOT
Scale=1000.0
DrawOnly=//homes/tinghua1/Merging-Project/Production/HJETS/New-Analysis/HJETS-plots/H-N2-N3-4-25gev-hjets-1.yoda/MC_H2JETS_04_INC/deltay_jj //homes/tinghua1/Merging-Project/Production/HJETS/New-Analysis/HJETS-plots/H-N2-3-4-25gev-hjets-1.yoda/MC_H2JETS_04_INC/deltay_jj //homes/tinghua1/Merging-Project/Production/HJETS/New-Analysis/HJETS-plots/H-2-3-4-25gev-hjets.yoda/MC_H2JETS_04_INC/deltay_jj //homes/tinghua1/Merging-Project/Production/HJETS/New-Analysis/HJETS-plots/H-N2-3-25gev-hjets-1.yoda/MC_H2JETS_04_INC/deltay_jj //homes/tinghua1/Merging-Project/Production/HJETS/New-Analysis/HJETS-plots/H-2-3-25gev-hjets.yoda/MC_H2JETS_04_INC/deltay_jj //homes/tinghua1/Merging-Project/Production/HJETS/New-Analysis/HJETS-plots/H2Jets-NLOPS-hjets.yoda/MC_H2JETS_04_INC/deltay_jj
RightMargin=0.5
RatioPlotReference=//homes/tinghua1/Merging-Project/Production/HJETS/New-Analysis/HJETS-plots/H-N2-N3-4-25gev-hjets-1.yoda/MC_H2JETS_04_INC/deltay_jj
#RatioPlot=1
LogY=1
RatioPlotYMax=1.5
RatioPlotYLabel=Ratio
#LegendOnly=//homes/tinghua1/Merging-Project/Production/HJETS/New-Analysis/HJETS-plots/H-N2-N3-4-25gev-hjets-1.yoda/MC_H2JETS_04_INC/deltay_jj //homes/tinghua1/Merging-Project/Production/HJETS/New-Analysis/HJETS-plots/H-N2-3-4-25gev-hjets-1.yoda/MC_H2JETS_04_INC/deltay_jj //homes/tinghua1/Merging-Project/Production/HJETS/New-Analysis/HJETS-plots/H-2-3-4-25gev-hjets.yoda/MC_H2JETS_04_INC/deltay_jj //homes/tinghua1/Merging-Project/Production/HJETS/New-Analysis/HJETS-plots/H-N2-3-25gev-hjets-1.yoda/MC_H2JETS_04_INC/deltay_jj //homes/tinghua1/Merging-Project/Production/HJETS/New-Analysis/HJETS-plots/H-2-3-25gev-hjets.yoda/MC_H2JETS_04_INC/deltay_jj //homes/tinghua1/Merging-Project/Production/HJETS/New-Analysis/HJETS-plots/H2Jets-NLOPS-hjets.yoda/MC_H2JETS_04_INC/deltay_jj
XLabel=$\Delta y_{j_1j_2}$ 
LegendAlign=l
XMax=9.0
YLabel=$ \text{d} \sigma/ \text{d}  \Delta y_{j_1j_2}$ (fb)
Legend=0
RatioPlot=4
MainPlotSelection={"Selection":[1,2,3,4,5,6]}
RatioPlots={"RatioPlotYLabel":"","Selection":[1,2]};{"RatioPlotYLabel":"","Selection":[1,3]};{"RatioPlotYLabel":"","Selection":[1,5]};{"RatioPlotYLabel":"","Selection":[1,4,6]};
RatioPlotSameStyle=1
RatioPlotYMax=1.2
RatioPlotYMin=0.6
# END PLOT


# BEGIN SPECIAL /MC_H2JETS_04_INC/deltay_jj
\rput[tl](0.05,0.75){\parbox{5cm}{\textcolor{gray}{{\bf Herwig 7.2.0} \\ HJETS/ColorFull}}}
# END SPECIAL

# BEGIN HISTO1D //homes/tinghua1/Merging-Project/Production/HJETS/New-Analysis/HJETS-plots/H-N2-N3-4-25gev-hjets-1.yoda/MC_H2JETS_04_INC/deltay_jj
ErrorBandColor=orange
ErrorBandOpacity=0.3
ErrorBands=1
ErrorType=env
LineColor=orange
LineStyle=solid
Path=//homes/tinghua1/Merging-Project/Production/HJETS/New-Analysis/HJETS-plots/H-N2-N3-4-25gev-hjets-1.yoda/MC_H2JETS_04_INC/deltay_jj
RatioPlotSameStyle=1
Title=h(2*,3*,4)
# xlow	 xhigh	 val	 errminus	 errplus
0.000000e+00	2.000000e-01	8.443510e-01	9.340000e-03	8.549000e-03
2.000000e-01	4.000000e-01	8.773040e-01	7.646500e-03	3.234500e-03
4.000000e-01	6.000000e-01	9.304870e-01	2.211550e-02	1.364900e-02
6.000000e-01	8.000000e-01	8.057635e-01	7.445500e-03	6.214500e-03
8.000000e-01	1.000000e+00	6.922695e-01	0.000000e+00	1.847200e-02
1.000000e+00	1.200000e+00	5.966685e-01	7.575500e-03	9.123500e-03
1.200000e+00	1.400000e+00	5.080570e-01	8.775150e-03	7.859500e-03
1.400000e+00	1.600000e+00	4.264621e-01	1.642570e-02	7.873250e-03
1.600000e+00	1.800000e+00	3.600318e-01	3.576000e-03	1.328500e-02
1.800000e+00	2.000000e+00	3.285366e-01	8.383100e-03	8.996100e-03
2.000000e+00	2.200000e+00	3.172583e-01	3.771400e-03	4.342800e-03
2.200000e+00	2.400000e+00	3.259419e-01	5.376850e-03	3.596450e-03
2.400000e+00	2.600000e+00	3.399643e-01	6.151750e-03	8.886800e-03
2.600000e+00	2.800000e+00	3.622600e-01	6.524000e-03	1.468265e-02
2.800000e+00	3.000000e+00	3.902799e-01	1.129415e-02	1.827880e-02
3.000000e+00	3.200000e+00	4.150805e-01	1.442190e-02	1.806045e-02
3.200000e+00	3.400000e+00	4.395436e-01	1.315710e-02	2.161400e-02
3.400000e+00	3.600000e+00	4.672977e-01	2.508390e-02	1.564020e-02
3.600000e+00	3.800000e+00	4.829795e-01	2.444900e-02	2.205750e-02
3.800000e+00	4.000000e+00	4.962039e-01	2.141560e-02	2.046960e-02
4.000000e+00	4.200000e+00	5.021265e-01	2.137605e-02	2.325800e-02
4.200000e+00	4.400000e+00	5.051215e-01	1.660610e-02	2.065050e-02
4.400000e+00	4.600000e+00	5.028575e-01	2.655635e-02	1.526850e-02
4.600000e+00	4.800000e+00	4.916324e-01	1.510885e-02	1.604860e-02
4.800000e+00	5.000000e+00	4.723763e-01	1.916375e-02	2.048030e-02
5.000000e+00	5.200000e+00	4.533888e-01	1.611840e-02	1.442595e-02
5.200000e+00	5.400000e+00	4.294949e-01	2.391030e-02	1.276325e-02
5.400000e+00	5.600000e+00	3.990486e-01	1.613760e-02	1.033180e-02
5.600000e+00	5.800000e+00	3.656763e-01	1.341920e-02	1.082070e-02
5.800000e+00	6.000000e+00	3.299746e-01	1.357415e-02	1.028370e-02
6.000000e+00	6.200000e+00	2.961943e-01	1.110490e-02	6.396500e-03
6.200000e+00	6.400000e+00	2.606414e-01	9.361100e-03	6.530000e-03
6.400000e+00	6.600000e+00	2.217907e-01	5.851650e-03	8.262550e-03
6.600000e+00	6.800000e+00	1.914750e-01	6.943050e-03	3.968050e-03
6.800000e+00	7.000000e+00	1.597727e-01	5.921800e-03	2.799550e-03
7.000000e+00	7.200000e+00	1.299209e-01	5.661600e-03	1.988550e-03
7.200000e+00	7.400000e+00	1.030442e-01	4.147500e-03	1.276050e-03
7.400000e+00	7.600000e+00	7.933140e-02	2.597400e-03	1.142950e-03
7.600000e+00	7.800000e+00	5.866590e-02	2.370200e-03	6.720500e-04
7.800000e+00	8.000000e+00	4.155329e-02	1.583855e-03	5.670800e-04
8.000000e+00	8.200000e+00	2.793819e-02	1.123335e-03	3.617150e-04
8.200000e+00	8.400000e+00	1.762241e-02	6.971450e-04	0.000000e+00
8.400000e+00	8.600000e+00	9.747350e-03	4.663050e-04	2.367500e-05
8.600000e+00	8.800000e+00	4.386717e-03	1.533415e-04	1.966500e-06
8.800000e+00	9.000000e+00	1.109391e-03	3.238100e-05	0.000000e+00
9.000000e+00	9.200000e+00	0.000000e+00	0.000000e+00	0.000000e+00
9.200000e+00	9.400000e+00	0.000000e+00	0.000000e+00	0.000000e+00
9.400000e+00	9.600000e+00	0.000000e+00	0.000000e+00	0.000000e+00
9.600000e+00	9.800000e+00	0.000000e+00	0.000000e+00	0.000000e+00
9.800000e+00	1.000000e+01	0.000000e+00	0.000000e+00	0.000000e+00
# END HISTO1D


# BEGIN HISTO1D //homes/tinghua1/Merging-Project/Production/HJETS/New-Analysis/HJETS-plots/H-N2-3-4-25gev-hjets-1.yoda/MC_H2JETS_04_INC/deltay_jj
ErrorBandColor=blue
ErrorBandOpacity=0.3
ErrorBands=1
ErrorType=env
LineColor=blue
LineStyle=solid
Path=//homes/tinghua1/Merging-Project/Production/HJETS/New-Analysis/HJETS-plots/H-N2-3-4-25gev-hjets-1.yoda/MC_H2JETS_04_INC/deltay_jj
RatioPlotSameStyle=1
Title=h(2*,3,4)
# xlow	 xhigh	 val	 errminus	 errplus
0.000000e+00	2.000000e-01	8.429740e-01	1.081750e-02	2.055850e-02
2.000000e-01	4.000000e-01	8.781735e-01	1.142350e-02	2.471100e-02
4.000000e-01	6.000000e-01	9.236050e-01	2.031050e-02	2.550500e-02
6.000000e-01	8.000000e-01	8.029690e-01	7.311000e-03	1.480350e-02
8.000000e-01	1.000000e+00	6.977600e-01	2.023000e-03	4.778500e-03
1.000000e+00	1.200000e+00	5.956355e-01	7.001000e-03	7.635000e-03
1.200000e+00	1.400000e+00	5.002245e-01	8.649600e-03	1.121000e-02
1.400000e+00	1.600000e+00	4.209020e-01	1.158380e-02	1.089855e-02
1.600000e+00	1.800000e+00	3.612653e-01	8.372300e-03	8.189000e-03
1.800000e+00	2.000000e+00	3.280833e-01	9.825050e-03	4.619850e-03
2.000000e+00	2.200000e+00	3.134744e-01	4.750950e-03	7.370900e-03
2.200000e+00	2.400000e+00	3.210617e-01	4.287900e-03	7.762800e-03
2.400000e+00	2.600000e+00	3.393630e-01	8.754600e-03	1.111135e-02
2.600000e+00	2.800000e+00	3.632573e-01	1.228280e-02	1.237140e-02
2.800000e+00	3.000000e+00	3.890468e-01	1.519575e-02	1.693710e-02
3.000000e+00	3.200000e+00	4.148581e-01	1.697200e-02	1.780680e-02
3.200000e+00	3.400000e+00	4.409907e-01	2.125920e-02	1.941225e-02
3.400000e+00	3.600000e+00	4.659796e-01	2.614765e-02	1.734735e-02
3.600000e+00	3.800000e+00	4.812512e-01	2.472185e-02	2.219180e-02
3.800000e+00	4.000000e+00	4.974972e-01	2.702930e-02	1.998130e-02
4.000000e+00	4.200000e+00	5.036195e-01	2.659135e-02	2.195850e-02
4.200000e+00	4.400000e+00	5.046830e-01	2.495475e-02	2.139150e-02
4.400000e+00	4.600000e+00	5.005495e-01	2.439435e-02	2.129350e-02
4.600000e+00	4.800000e+00	4.895487e-01	2.183985e-02	2.054580e-02
4.800000e+00	5.000000e+00	4.785972e-01	2.547975e-02	1.196120e-02
5.000000e+00	5.200000e+00	4.508229e-01	1.789270e-02	1.969810e-02
5.200000e+00	5.400000e+00	4.265996e-01	1.724100e-02	1.516260e-02
5.400000e+00	5.600000e+00	3.973423e-01	1.667015e-02	1.332600e-02
5.600000e+00	5.800000e+00	3.671838e-01	1.678350e-02	9.176550e-03
5.800000e+00	6.000000e+00	3.308988e-01	1.300850e-02	9.320650e-03
6.000000e+00	6.200000e+00	2.955170e-01	1.064110e-02	8.262800e-03
6.200000e+00	6.400000e+00	2.603205e-01	9.503650e-03	7.741200e-03
6.400000e+00	6.600000e+00	2.252063e-01	8.653550e-03	4.194650e-03
6.600000e+00	6.800000e+00	1.916135e-01	7.638550e-03	3.416850e-03
6.800000e+00	7.000000e+00	1.589529e-01	5.353600e-03	3.120500e-03
7.000000e+00	7.200000e+00	1.295004e-01	4.388400e-03	2.022700e-03
7.200000e+00	7.400000e+00	1.025250e-01	3.475900e-03	1.312650e-03
7.400000e+00	7.600000e+00	7.903425e-02	3.099750e-03	8.647500e-04
7.600000e+00	7.800000e+00	5.806320e-02	1.724800e-03	1.103750e-03
7.800000e+00	8.000000e+00	4.165773e-02	1.413915e-03	2.825050e-04
8.000000e+00	8.200000e+00	2.799176e-02	9.284700e-04	1.691500e-04
8.200000e+00	8.400000e+00	1.761660e-02	7.483350e-04	0.000000e+00
8.400000e+00	8.600000e+00	9.770570e-03	3.138600e-04	3.931000e-05
8.600000e+00	8.800000e+00	4.468747e-03	1.704305e-04	0.000000e+00
8.800000e+00	9.000000e+00	1.107833e-03	3.939400e-05	1.495550e-05
9.000000e+00	9.200000e+00	0.000000e+00	0.000000e+00	0.000000e+00
9.200000e+00	9.400000e+00	0.000000e+00	0.000000e+00	0.000000e+00
9.400000e+00	9.600000e+00	0.000000e+00	0.000000e+00	0.000000e+00
9.600000e+00	9.800000e+00	0.000000e+00	0.000000e+00	0.000000e+00
9.800000e+00	1.000000e+01	0.000000e+00	0.000000e+00	0.000000e+00
# END HISTO1D


# BEGIN HISTO1D //homes/tinghua1/Merging-Project/Production/HJETS/New-Analysis/HJETS-plots/H-2-3-4-25gev-hjets.yoda/MC_H2JETS_04_INC/deltay_jj
ErrorBandColor=yellow
ErrorBandOpacity=0.3
ErrorBands=1
ErrorType=env
LineColor=yellow
LineStyle=solid
Path=//homes/tinghua1/Merging-Project/Production/HJETS/New-Analysis/HJETS-plots/H-2-3-4-25gev-hjets.yoda/MC_H2JETS_04_INC/deltay_jj
RatioPlotSameStyle=1
Title=h(2,3,4)
# xlow	 xhigh	 val	 errminus	 errplus
0.000000e+00	2.000000e-01	6.375715e-01	9.455000e-03	9.181500e-03
2.000000e-01	4.000000e-01	6.735845e-01	6.772000e-03	6.020000e-03
4.000000e-01	6.000000e-01	7.184650e-01	3.975000e-04	4.550000e-03
6.000000e-01	8.000000e-01	6.219120e-01	2.322600e-02	1.564100e-02
8.000000e-01	1.000000e+00	5.353935e-01	2.939800e-02	2.269600e-02
1.000000e+00	1.200000e+00	4.573213e-01	3.504135e-02	2.635820e-02
1.200000e+00	1.400000e+00	3.826588e-01	3.109805e-02	2.831085e-02
1.400000e+00	1.600000e+00	3.225315e-01	2.864235e-02	2.568860e-02
1.600000e+00	1.800000e+00	2.824100e-01	2.717810e-02	2.227880e-02
1.800000e+00	2.000000e+00	2.628945e-01	2.103625e-02	1.954675e-02
2.000000e+00	2.200000e+00	2.656547e-01	2.020780e-02	1.705340e-02
2.200000e+00	2.400000e+00	2.835389e-01	1.906535e-02	1.624805e-02
2.400000e+00	2.600000e+00	3.134482e-01	2.335595e-02	1.715350e-02
2.600000e+00	2.800000e+00	3.462996e-01	2.565530e-02	1.871375e-02
2.800000e+00	3.000000e+00	3.807486e-01	2.822155e-02	2.001355e-02
3.000000e+00	3.200000e+00	4.137232e-01	2.905990e-02	2.167370e-02
3.200000e+00	3.400000e+00	4.435212e-01	2.830195e-02	2.236885e-02
3.400000e+00	3.600000e+00	4.735512e-01	2.940490e-02	1.849000e-02
3.600000e+00	3.800000e+00	4.945253e-01	2.670315e-02	1.876625e-02
3.800000e+00	4.000000e+00	5.101665e-01	2.558995e-02	1.730000e-02
4.000000e+00	4.200000e+00	5.214070e-01	2.189675e-02	1.281300e-02
4.200000e+00	4.400000e+00	5.237855e-01	1.919150e-02	1.130100e-02
4.400000e+00	4.600000e+00	5.194230e-01	1.516400e-02	7.805500e-03
4.600000e+00	4.800000e+00	5.082760e-01	1.106580e-02	5.738000e-03
4.800000e+00	5.000000e+00	4.932832e-01	1.115715e-02	8.950000e-05
5.000000e+00	5.200000e+00	4.704444e-01	5.012100e-03	0.000000e+00
5.200000e+00	5.400000e+00	4.427869e-01	4.790900e-03	0.000000e+00
5.400000e+00	5.600000e+00	4.113617e-01	6.250400e-03	2.821800e-03
5.600000e+00	5.800000e+00	3.780543e-01	1.116355e-02	5.563400e-03
5.800000e+00	6.000000e+00	3.413934e-01	9.981000e-03	7.343950e-03
6.000000e+00	6.200000e+00	3.043988e-01	1.140375e-02	9.542750e-03
6.200000e+00	6.400000e+00	2.669433e-01	1.162285e-02	9.973550e-03
6.400000e+00	6.600000e+00	2.300624e-01	1.192725e-02	1.042870e-02
6.600000e+00	6.800000e+00	1.944809e-01	1.082845e-02	1.132270e-02
6.800000e+00	7.000000e+00	1.612556e-01	9.774150e-03	1.052705e-02
7.000000e+00	7.200000e+00	1.306425e-01	8.855850e-03	9.896750e-03
7.200000e+00	7.400000e+00	1.032554e-01	7.825150e-03	8.522400e-03
7.400000e+00	7.600000e+00	7.909955e-02	6.506650e-03	7.062500e-03
7.600000e+00	7.800000e+00	5.840700e-02	5.201800e-03	6.008250e-03
7.800000e+00	8.000000e+00	4.122302e-02	3.857265e-03	4.427780e-03
8.000000e+00	8.200000e+00	2.743870e-02	2.696880e-03	3.302370e-03
8.200000e+00	8.400000e+00	1.697423e-02	1.745620e-03	2.240805e-03
8.400000e+00	8.600000e+00	9.364595e-03	1.040430e-03	1.329925e-03
8.600000e+00	8.800000e+00	4.224593e-03	4.866260e-04	6.186705e-04
8.800000e+00	9.000000e+00	1.056611e-03	1.342855e-04	1.639615e-04
9.000000e+00	9.200000e+00	0.000000e+00	0.000000e+00	0.000000e+00
9.200000e+00	9.400000e+00	0.000000e+00	0.000000e+00	0.000000e+00
9.400000e+00	9.600000e+00	0.000000e+00	0.000000e+00	0.000000e+00
9.600000e+00	9.800000e+00	0.000000e+00	0.000000e+00	0.000000e+00
9.800000e+00	1.000000e+01	0.000000e+00	0.000000e+00	0.000000e+00
# END HISTO1D


# BEGIN HISTO1D //homes/tinghua1/Merging-Project/Production/HJETS/New-Analysis/HJETS-plots/H-N2-3-25gev-hjets-1.yoda/MC_H2JETS_04_INC/deltay_jj
ErrorBandColor=green
ErrorBandOpacity=0.3
ErrorBands=1
ErrorType=env
LineColor=green
LineStyle=solid
Path=//homes/tinghua1/Merging-Project/Production/HJETS/New-Analysis/HJETS-plots/H-N2-3-25gev-hjets-1.yoda/MC_H2JETS_04_INC/deltay_jj
RatioPlotSameStyle=1
Title=h(2*,3)
# xlow	 xhigh	 val	 errminus	 errplus
0.000000e+00	2.000000e-01	8.457555e-01	1.289250e-02	2.292350e-02
2.000000e-01	4.000000e-01	8.802470e-01	8.056500e-03	3.153700e-02
4.000000e-01	6.000000e-01	9.231455e-01	1.655300e-02	3.233050e-02
6.000000e-01	8.000000e-01	8.033555e-01	4.694500e-03	9.284500e-03
8.000000e-01	1.000000e+00	6.969000e-01	1.450000e-04	2.980000e-03
1.000000e+00	1.200000e+00	5.971065e-01	9.504500e-03	6.347500e-03
1.200000e+00	1.400000e+00	5.013100e-01	1.148160e-02	1.220700e-02
1.400000e+00	1.600000e+00	4.190270e-01	8.251600e-03	1.063655e-02
1.600000e+00	1.800000e+00	3.598627e-01	6.030850e-03	6.349400e-03
1.800000e+00	2.000000e+00	3.259283e-01	8.737000e-03	6.961950e-03
2.000000e+00	2.200000e+00	3.124464e-01	3.894250e-03	7.499000e-03
2.200000e+00	2.400000e+00	3.193291e-01	8.313350e-03	8.281200e-03
2.400000e+00	2.600000e+00	3.400055e-01	1.120220e-02	7.916350e-03
2.600000e+00	2.800000e+00	3.621680e-01	1.457950e-02	1.262565e-02
2.800000e+00	3.000000e+00	3.902430e-01	1.808710e-02	1.397915e-02
3.000000e+00	3.200000e+00	4.148396e-01	1.668945e-02	1.811475e-02
3.200000e+00	3.400000e+00	4.401049e-01	2.067315e-02	1.920630e-02
3.400000e+00	3.600000e+00	4.632906e-01	2.125480e-02	1.033390e-02
3.600000e+00	3.800000e+00	4.789450e-01	2.397790e-02	2.404100e-02
3.800000e+00	4.000000e+00	4.964275e-01	2.656195e-02	2.156650e-02
4.000000e+00	4.200000e+00	4.999495e-01	2.322865e-02	2.314050e-02
4.200000e+00	4.400000e+00	5.040935e-01	2.354565e-02	2.284200e-02
4.400000e+00	4.600000e+00	5.028540e-01	2.865970e-02	1.685400e-02
4.600000e+00	4.800000e+00	4.889990e-01	2.444690e-02	1.837195e-02
4.800000e+00	5.000000e+00	4.740507e-01	2.320320e-02	1.741830e-02
5.000000e+00	5.200000e+00	4.539515e-01	2.116070e-02	1.534195e-02
5.200000e+00	5.400000e+00	4.275495e-01	1.832935e-02	1.337605e-02
5.400000e+00	5.600000e+00	3.972359e-01	1.858305e-02	1.325805e-02
5.600000e+00	5.800000e+00	3.657955e-01	1.687505e-02	9.641200e-03
5.800000e+00	6.000000e+00	3.306475e-01	1.455675e-02	9.387100e-03
6.000000e+00	6.200000e+00	2.965288e-01	1.305930e-02	9.655300e-03
6.200000e+00	6.400000e+00	2.604858e-01	1.018205e-02	6.681200e-03
6.400000e+00	6.600000e+00	2.247634e-01	9.381850e-03	5.593400e-03
6.600000e+00	6.800000e+00	1.910847e-01	7.498850e-03	3.600650e-03
6.800000e+00	7.000000e+00	1.584937e-01	4.205050e-03	2.943600e-03
7.000000e+00	7.200000e+00	1.295656e-01	4.856650e-03	2.260950e-03
7.200000e+00	7.400000e+00	1.032988e-01	4.677850e-03	1.069250e-03
7.400000e+00	7.600000e+00	7.899940e-02	2.890350e-03	7.024000e-04
7.600000e+00	7.800000e+00	5.844185e-02	2.129850e-03	7.716500e-04
7.800000e+00	8.000000e+00	4.181307e-02	1.456400e-03	1.133800e-04
8.000000e+00	8.200000e+00	2.784741e-02	1.336630e-03	2.334450e-04
8.200000e+00	8.400000e+00	1.740474e-02	7.533600e-04	0.000000e+00
8.400000e+00	8.600000e+00	9.643315e-03	4.214550e-04	2.996000e-05
8.600000e+00	8.800000e+00	4.433949e-03	1.872830e-04	1.987000e-06
8.800000e+00	9.000000e+00	1.089035e-03	3.288600e-05	0.000000e+00
9.000000e+00	9.200000e+00	0.000000e+00	0.000000e+00	0.000000e+00
9.200000e+00	9.400000e+00	0.000000e+00	0.000000e+00	0.000000e+00
9.400000e+00	9.600000e+00	0.000000e+00	0.000000e+00	0.000000e+00
9.600000e+00	9.800000e+00	0.000000e+00	0.000000e+00	0.000000e+00
9.800000e+00	1.000000e+01	0.000000e+00	0.000000e+00	0.000000e+00
# END HISTO1D


# BEGIN HISTO1D //homes/tinghua1/Merging-Project/Production/HJETS/New-Analysis/HJETS-plots/H-2-3-25gev-hjets.yoda/MC_H2JETS_04_INC/deltay_jj
ErrorBandColor=purple
ErrorBandOpacity=0.3
ErrorBands=1
ErrorType=env
LineColor=purple
LineStyle=solid
Path=//homes/tinghua1/Merging-Project/Production/HJETS/New-Analysis/HJETS-plots/H-2-3-25gev-hjets.yoda/MC_H2JETS_04_INC/deltay_jj
RatioPlotSameStyle=1
Title=h(2,3)
# xlow	 xhigh	 val	 errminus	 errplus
0.000000e+00	2.000000e-01	6.398850e-01	9.819000e-03	1.244000e-02
2.000000e-01	4.000000e-01	6.757655e-01	6.544500e-03	7.010500e-03
4.000000e-01	6.000000e-01	7.214590e-01	1.284500e-03	3.570500e-03
6.000000e-01	8.000000e-01	6.221960e-01	2.105650e-02	1.565150e-02
8.000000e-01	1.000000e+00	5.361985e-01	3.011500e-02	2.353050e-02
1.000000e+00	1.200000e+00	4.565587e-01	3.355750e-02	2.782395e-02
1.200000e+00	1.400000e+00	3.827109e-01	3.334635e-02	2.766805e-02
1.400000e+00	1.600000e+00	3.222989e-01	3.094680e-02	2.585010e-02
1.600000e+00	1.800000e+00	2.808455e-01	2.587160e-02	2.276585e-02
1.800000e+00	2.000000e+00	2.620940e-01	2.247865e-02	1.916915e-02
2.000000e+00	2.200000e+00	2.639377e-01	2.022605e-02	1.813275e-02
2.200000e+00	2.400000e+00	2.822293e-01	2.035310e-02	1.744195e-02
2.400000e+00	2.600000e+00	3.121827e-01	2.302715e-02	1.639080e-02
2.600000e+00	2.800000e+00	3.448329e-01	2.500525e-02	1.910150e-02
2.800000e+00	3.000000e+00	3.794855e-01	2.727580e-02	2.042545e-02
3.000000e+00	3.200000e+00	4.123343e-01	2.772605e-02	2.143925e-02
3.200000e+00	3.400000e+00	4.440731e-01	2.884530e-02	2.082310e-02
3.400000e+00	3.600000e+00	4.725198e-01	2.938950e-02	1.869250e-02
3.600000e+00	3.800000e+00	4.933027e-01	2.915680e-02	1.904080e-02
3.800000e+00	4.000000e+00	5.100725e-01	2.621010e-02	1.574850e-02
4.000000e+00	4.200000e+00	5.202925e-01	2.349690e-02	1.382200e-02
4.200000e+00	4.400000e+00	5.234085e-01	2.077400e-02	9.901500e-03
4.400000e+00	4.600000e+00	5.195950e-01	1.580400e-02	7.373000e-03
4.600000e+00	4.800000e+00	5.087045e-01	1.195810e-02	4.009500e-03
4.800000e+00	5.000000e+00	4.925306e-01	9.082400e-03	5.045500e-04
5.000000e+00	5.200000e+00	4.697694e-01	3.564500e-03	0.000000e+00
5.200000e+00	5.400000e+00	4.421833e-01	4.270300e-03	0.000000e+00
5.400000e+00	5.600000e+00	4.107540e-01	6.536250e-03	3.174500e-03
5.600000e+00	5.800000e+00	3.767414e-01	8.879050e-03	5.537050e-03
5.800000e+00	6.000000e+00	3.411651e-01	1.045555e-02	7.780400e-03
6.000000e+00	6.200000e+00	3.039272e-01	1.107230e-02	9.245400e-03
6.200000e+00	6.400000e+00	2.664701e-01	1.156420e-02	9.546500e-03
6.400000e+00	6.600000e+00	2.294662e-01	1.137905e-02	1.091090e-02
6.600000e+00	6.800000e+00	1.941905e-01	1.056840e-02	1.126015e-02
6.800000e+00	7.000000e+00	1.611532e-01	1.004970e-02	1.032730e-02
7.000000e+00	7.200000e+00	1.304340e-01	8.765000e-03	9.732700e-03
7.200000e+00	7.400000e+00	1.032884e-01	7.934150e-03	8.258900e-03
7.400000e+00	7.600000e+00	7.900330e-02	6.479050e-03	7.012850e-03
7.600000e+00	7.800000e+00	5.823080e-02	5.015350e-03	5.752150e-03
7.800000e+00	8.000000e+00	4.125390e-02	3.919005e-03	4.426530e-03
8.000000e+00	8.200000e+00	2.749624e-02	2.764640e-03	3.229385e-03
8.200000e+00	8.400000e+00	1.697721e-02	1.790220e-03	2.166225e-03
8.400000e+00	8.600000e+00	9.374480e-03	9.949250e-04	1.265445e-03
8.600000e+00	8.800000e+00	4.210070e-03	4.875250e-04	6.509560e-04
8.800000e+00	9.000000e+00	1.051059e-03	1.316765e-04	1.692410e-04
9.000000e+00	9.200000e+00	0.000000e+00	0.000000e+00	0.000000e+00
9.200000e+00	9.400000e+00	0.000000e+00	0.000000e+00	0.000000e+00
9.400000e+00	9.600000e+00	0.000000e+00	0.000000e+00	0.000000e+00
9.600000e+00	9.800000e+00	0.000000e+00	0.000000e+00	0.000000e+00
9.800000e+00	1.000000e+01	0.000000e+00	0.000000e+00	0.000000e+00
# END HISTO1D


# BEGIN HISTO1D //homes/tinghua1/Merging-Project/Production/HJETS/New-Analysis/HJETS-plots/H2Jets-NLOPS-hjets.yoda/MC_H2JETS_04_INC/deltay_jj
ErrorBandColor=violet
ErrorBandOpacity=0.3
ErrorBands=1
ErrorType=env
LineColor=violet
LineStyle=solid
Path=//homes/tinghua1/Merging-Project/Production/HJETS/New-Analysis/HJETS-plots/H2Jets-NLOPS-hjets.yoda/MC_H2JETS_04_INC/deltay_jj
RatioPlotSameStyle=1
Title=h(2*) $\oplus$ PS
# xlow	 xhigh	 val	 errminus	 errplus
0.000000e+00	2.000000e-01	8.013450e-01	7.746500e-03	1.553650e-02
2.000000e-01	4.000000e-01	8.358190e-01	6.520000e-03	1.900150e-02
4.000000e-01	6.000000e-01	8.782835e-01	1.081900e-02	2.184800e-02
6.000000e-01	8.000000e-01	7.653195e-01	2.576500e-03	3.310000e-03
8.000000e-01	1.000000e+00	6.634695e-01	4.930000e-03	5.718000e-03
1.000000e+00	1.200000e+00	5.670045e-01	1.224850e-02	1.077650e-02
1.200000e+00	1.400000e+00	4.773329e-01	1.369735e-02	1.233325e-02
1.400000e+00	1.600000e+00	4.024193e-01	1.530225e-02	1.205450e-02
1.600000e+00	1.800000e+00	3.449705e-01	1.131780e-02	1.102160e-02
1.800000e+00	2.000000e+00	3.139755e-01	1.022675e-02	9.460200e-03
2.000000e+00	2.200000e+00	3.051173e-01	8.366000e-03	8.217700e-03
2.200000e+00	2.400000e+00	3.141609e-01	9.094450e-03	9.872300e-03
2.400000e+00	2.600000e+00	3.349444e-01	1.140925e-02	1.144690e-02
2.600000e+00	2.800000e+00	3.611728e-01	1.392155e-02	1.367240e-02
2.800000e+00	3.000000e+00	3.879427e-01	1.646185e-02	1.708545e-02
3.000000e+00	3.200000e+00	4.164193e-01	2.016870e-02	1.929740e-02
3.200000e+00	3.400000e+00	4.411035e-01	2.041270e-02	2.100040e-02
3.400000e+00	3.600000e+00	4.658184e-01	2.431125e-02	2.140650e-02
3.600000e+00	3.800000e+00	4.839435e-01	2.522230e-02	2.300905e-02
3.800000e+00	4.000000e+00	4.988764e-01	2.672635e-02	2.212160e-02
4.000000e+00	4.200000e+00	5.053960e-01	2.549870e-02	2.331350e-02
4.200000e+00	4.400000e+00	5.077195e-01	2.625280e-02	1.900900e-02
4.400000e+00	4.600000e+00	5.030775e-01	2.527725e-02	2.056200e-02
4.600000e+00	4.800000e+00	4.932070e-01	2.496375e-02	2.124895e-02
4.800000e+00	5.000000e+00	4.777366e-01	2.460070e-02	1.597620e-02
5.000000e+00	5.200000e+00	4.537052e-01	2.065120e-02	1.751100e-02
5.200000e+00	5.400000e+00	4.275737e-01	1.738535e-02	1.594790e-02
5.400000e+00	5.600000e+00	3.985839e-01	1.807550e-02	1.289190e-02
5.600000e+00	5.800000e+00	3.656965e-01	1.573665e-02	1.159000e-02
5.800000e+00	6.000000e+00	3.310379e-01	1.421915e-02	9.721600e-03
6.000000e+00	6.200000e+00	2.958271e-01	1.279245e-02	8.111900e-03
6.200000e+00	6.400000e+00	2.599448e-01	9.946050e-03	7.011300e-03
6.400000e+00	6.600000e+00	2.248003e-01	8.985550e-03	5.160450e-03
6.600000e+00	6.800000e+00	1.926986e-01	9.508350e-03	2.129250e-03
6.800000e+00	7.000000e+00	1.594895e-01	6.889050e-03	2.362300e-03
7.000000e+00	7.200000e+00	1.296312e-01	5.479500e-03	2.075200e-03
7.200000e+00	7.400000e+00	1.027085e-01	3.407450e-03	1.325300e-03
7.400000e+00	7.600000e+00	7.912210e-02	3.202050e-03	6.893500e-04
7.600000e+00	7.800000e+00	5.870920e-02	2.216300e-03	6.403500e-04
7.800000e+00	8.000000e+00	4.179967e-02	1.518625e-03	3.040950e-04
8.000000e+00	8.200000e+00	2.809854e-02	1.117565e-03	2.335850e-04
8.200000e+00	8.400000e+00	1.761731e-02	7.586500e-04	5.425000e-05
8.400000e+00	8.600000e+00	9.740445e-03	3.449950e-04	7.955500e-05
8.600000e+00	8.800000e+00	4.395752e-03	0.000000e+00	3.049255e-04
8.800000e+00	9.000000e+00	1.098610e-03	1.892250e-05	2.439000e-06
9.000000e+00	9.200000e+00	0.000000e+00	0.000000e+00	0.000000e+00
9.200000e+00	9.400000e+00	0.000000e+00	0.000000e+00	0.000000e+00
9.400000e+00	9.600000e+00	0.000000e+00	0.000000e+00	0.000000e+00
9.600000e+00	9.800000e+00	0.000000e+00	0.000000e+00	0.000000e+00
9.800000e+00	1.000000e+01	0.000000e+00	0.000000e+00	0.000000e+00
# END HISTO1D

