# BEGIN PLOT
Scale=1000.0
DrawOnly=//homes/tinghua1/Merging-Project/Production/HJETS/New-Analysis/Scale-variation/H-N2-N3-4-25gev-hjets-1.yoda/MC_H2JETS_04_INC/Hjj_pT_incl //homes/tinghua1/Merging-Project/Production/HJETS/New-Analysis/Scale-variation/H-N2-3-4-25gev-hjets-1.yoda/MC_H2JETS_04_INC/Hjj_pT_incl //homes/tinghua1/Merging-Project/Production/HJETS/New-Analysis/Scale-variation/H-2-3-4-25gev-hjets.yoda/MC_H2JETS_04_INC/Hjj_pT_incl //homes/tinghua1/Merging-Project/Production/HJETS/New-Analysis/Scale-variation/H-N2-3-25gev-hjets-1.yoda/MC_H2JETS_04_INC/Hjj_pT_incl //homes/tinghua1/Merging-Project/Production/HJETS/New-Analysis/Scale-variation/H-2-3-25gev-hjets.yoda/MC_H2JETS_04_INC/Hjj_pT_incl //homes/tinghua1/Merging-Project/Production/HJETS/New-Analysis/Scale-variation/H3Jets-NLOPS-hjets-1.yoda/MC_H2JETS_04_INC/Hjj_pT_incl //homes/tinghua1/Merging-Project/Production/HJETS/New-Analysis/Scale-variation/H2Jets-NLOPS-hjets.yoda/MC_H2JETS_04_INC/Hjj_pT_incl 
RightMargin=0.5
RatioPlotReference=//homes/tinghua1/Merging-Project/Production/HJETS/New-Analysis/Scale-variation/H-N2-N3-4-25gev-hjets-1.yoda/MC_H2JETS_04_INC/Hjj_pT_incl
#RatioPlot=1
LogY=1
RatioPlotYMax=2.0
RatioPlotYLabel=Ratio
#LegendOnly=//homes/tinghua1/Merging-Project/Production/HJETS/New-Analysis/Scale-variation/H-N2-N3-4-25gev-hjets-1.yoda/MC_H2JETS_04_INC/Hjj_pT_incl //homes/tinghua1/Merging-Project/Production/HJETS/New-Analysis/Scale-variation/H-N2-3-4-25gev-hjets-1.yoda/MC_H2JETS_04_INC/Hjj_pT_incl //homes/tinghua1/Merging-Project/Production/HJETS/New-Analysis/Scale-variation/H-2-3-4-25gev-hjets.yoda/MC_H2JETS_04_INC/Hjj_pT_incl //homes/tinghua1/Merging-Project/Production/HJETS/New-Analysis/Scale-variation/H-N2-3-25gev-hjets-1.yoda/MC_H2JETS_04_INC/Hjj_pT_incl //homes/tinghua1/Merging-Project/Production/HJETS/New-Analysis/Scale-variation/H-2-3-25gev-hjets.yoda/MC_H2JETS_04_INC/Hjj_pT_incl //homes/tinghua1/Merging-Project/Production/HJETS/New-Analysis/Scale-variation/H3Jets-NLOPS-hjets-1.yoda/MC_H2JETS_04_INC/Hjj_pT_incl //homes/tinghua1/Merging-Project/Production/HJETS/New-Analysis/Scale-variation/H2Jets-NLOPS-hjets.yoda/MC_H2JETS_04_INC/Hjj_pT_incl 
XLabel=$p_{T,hj_1j_2}$ (GeV)
LegendAlign=l
XMax=200.0
YLabel=$ \text{d} \sigma/ \text{d}  p_{T,hj_1j_2}$ (fb/GeV)
Legend=0
RatioPlot=5
MainPlotSelection={"Selection":[1,2,3,4,5,6,7]}
RatioPlots={"RatioPlotYLabel":"","Selection":[1,2]};{"RatioPlotYLabel":"","Selection":[1,3]};{"RatioPlotYLabel":"","Selection":[1,5]};{"RatioPlotYLabel":"","Selection":[1,6]};{"RatioPlotYLabel":"","Selection":[1,4,7]};
RatioPlotSameStyle=1
RatioPlotYMin=0.0
# END PLOT


# BEGIN SPECIAL /MC_H2JETS_04_INC/Hjj_pT_incl
\rput[tl](0.05,0.6){\parbox{5cm}{\textcolor{gray}{{\bf Herwig 7.2.0} \\ HJETS/ColorFull}}}
# END SPECIAL

# BEGIN HISTO1D //homes/tinghua1/Merging-Project/Production/HJETS/New-Analysis/Scale-variation/H-N2-N3-4-25gev-hjets-1.yoda/MC_H2JETS_04_INC/Hjj_pT_incl
ErrorBandColor=orange
ErrorBandOpacity=0.3
ErrorBands=1
ErrorType=env
LineColor=orange
LineStyle=solid
Path=//homes/tinghua1/Merging-Project/Production/HJETS/New-Analysis/Scale-variation/H-N2-N3-4-25gev-hjets-1.yoda/MC_H2JETS_04_INC/Hjj_pT_incl
RatioPlotSameStyle=1
Title=h(2*,3*,4)
# xlow	 xhigh	 val	 errminus	 errplus
0.000000e+00	1.000000e+01	9.265848e-02	2.313874e-02	2.174822e-02
1.000000e+01	2.000000e+01	7.816251e-02	2.222950e-03	2.937400e-04
2.000000e+01	3.000000e+01	5.508221e-02	3.156760e-03	3.443420e-03
3.000000e+01	4.000000e+01	3.867692e-02	2.449980e-03	3.234960e-03
4.000000e+01	5.000000e+01	2.497363e-02	2.242930e-03	2.552460e-03
5.000000e+01	6.000000e+01	1.516754e-02	1.503760e-03	1.846060e-03
6.000000e+01	7.000000e+01	9.130220e-03	9.207750e-04	1.452720e-03
7.000000e+01	8.000000e+01	5.521184e-03	6.209920e-04	9.792210e-04
8.000000e+01	9.000000e+01	3.498772e-03	5.439610e-04	4.247110e-04
9.000000e+01	1.000000e+02	2.138267e-03	3.241920e-04	2.915120e-04
1.000000e+02	1.100000e+02	1.343894e-03	2.092740e-04	2.795880e-04
1.100000e+02	1.200000e+02	8.682768e-04	1.314867e-04	5.739742e-04
1.200000e+02	1.300000e+02	5.841057e-04	9.573830e-05	1.292374e-04
1.300000e+02	1.400000e+02	3.899969e-04	5.526220e-05	5.486390e-05
1.400000e+02	1.500000e+02	2.812911e-04	4.555820e-05	6.163890e-05
1.500000e+02	1.600000e+02	1.893685e-04	3.279380e-05	3.760850e-05
1.600000e+02	1.700000e+02	1.351985e-04	2.669220e-05	3.772120e-05
1.700000e+02	1.800000e+02	9.967550e-05	2.038675e-05	1.975720e-05
1.800000e+02	1.900000e+02	7.320009e-05	1.455570e-05	2.334791e-05
1.900000e+02	2.000000e+02	5.422205e-05	1.202489e-05	1.588546e-05
2.000000e+02	2.100000e+02	4.167995e-05	9.278120e-06	1.443132e-05
2.100000e+02	2.200000e+02	3.083580e-05	6.415010e-06	9.980140e-06
2.200000e+02	2.300000e+02	2.630514e-05	6.835890e-06	1.552215e-05
2.300000e+02	2.400000e+02	1.957197e-05	4.393140e-06	6.548440e-06
2.400000e+02	2.500000e+02	1.512126e-05	3.416790e-06	3.075460e-06
2.500000e+02	2.600000e+02	1.183078e-05	2.155287e-06	4.611900e-06
2.600000e+02	2.700000e+02	1.055245e-05	6.851339e-06	1.710230e-06
2.700000e+02	2.800000e+02	8.449092e-06	2.624191e-06	1.715308e-06
2.800000e+02	2.900000e+02	6.420530e-06	1.861880e-06	4.836560e-07
2.900000e+02	3.000000e+02	5.321381e-06	2.511589e-06	1.857587e-06
3.000000e+02	3.100000e+02	4.155204e-06	6.121780e-07	1.797284e-06
3.100000e+02	3.200000e+02	3.735096e-06	7.822680e-07	1.091642e-06
3.200000e+02	3.300000e+02	3.070595e-06	5.251610e-07	3.954690e-07
3.300000e+02	3.400000e+02	2.643688e-06	6.217895e-06	0.000000e+00
3.400000e+02	3.500000e+02	2.033966e-06	4.011910e-07	6.759520e-07
3.500000e+02	3.600000e+02	1.715622e-06	4.075430e-07	0.000000e+00
3.600000e+02	3.700000e+02	1.331301e-06	2.318810e-07	4.453260e-07
3.700000e+02	3.800000e+02	1.229741e-06	2.039480e-07	2.986160e-07
3.800000e+02	3.900000e+02	9.666307e-07	1.828872e-07	4.403513e-07
3.900000e+02	4.000000e+02	8.848358e-07	2.582089e-07	2.441402e-07
4.000000e+02	4.100000e+02	6.762969e-07	2.382731e-07	3.866211e-07
4.100000e+02	4.200000e+02	6.580827e-07	1.719549e-07	1.014620e-07
4.200000e+02	4.300000e+02	6.144295e-07	2.282135e-07	8.886870e-08
4.300000e+02	4.400000e+02	5.463227e-07	1.669376e-07	9.069430e-08
4.400000e+02	4.500000e+02	4.330256e-07	1.016277e-07	1.038653e-07
4.500000e+02	4.600000e+02	4.053985e-07	1.055842e-07	2.535722e-07
4.600000e+02	4.700000e+02	2.229630e-07	0.000000e+00	1.579589e-07
4.700000e+02	4.800000e+02	2.786086e-07	5.861350e-08	1.069700e-07
4.800000e+02	4.900000e+02	2.249554e-07	1.064785e-07	1.149674e-07
4.900000e+02	5.000000e+02	1.679692e-07	5.636010e-08	1.351776e-07
# END HISTO1D


# BEGIN HISTO1D //homes/tinghua1/Merging-Project/Production/HJETS/New-Analysis/Scale-variation/H-N2-3-4-25gev-hjets-1.yoda/MC_H2JETS_04_INC/Hjj_pT_incl
ErrorBandColor=blue
ErrorBandOpacity=0.3
ErrorBands=1
ErrorType=env
LineColor=blue
LineStyle=solid
Path=//homes/tinghua1/Merging-Project/Production/HJETS/New-Analysis/Scale-variation/H-N2-3-4-25gev-hjets-1.yoda/MC_H2JETS_04_INC/Hjj_pT_incl
RatioPlotSameStyle=1
Title=h(2*,3,4)
# xlow	 xhigh	 val	 errminus	 errplus
0.000000e+00	1.000000e+01	9.408997e-02	2.504722e-02	2.331093e-02
1.000000e+01	2.000000e+01	7.911785e-02	1.710370e-03	0.000000e+00
2.000000e+01	3.000000e+01	5.479074e-02	3.077110e-03	3.232100e-03
3.000000e+01	4.000000e+01	3.795427e-02	3.058240e-03	3.678700e-03
4.000000e+01	5.000000e+01	2.419634e-02	2.734550e-03	3.414290e-03
5.000000e+01	6.000000e+01	1.467560e-02	1.991390e-03	2.780070e-03
6.000000e+01	7.000000e+01	8.817375e-03	1.357313e-03	1.936095e-03
7.000000e+01	8.000000e+01	5.368083e-03	9.273050e-04	1.291501e-03
8.000000e+01	9.000000e+01	3.282644e-03	6.162560e-04	8.774980e-04
9.000000e+01	1.000000e+02	2.051373e-03	3.795400e-04	5.650390e-04
1.000000e+02	1.100000e+02	1.330648e-03	2.616610e-04	3.777120e-04
1.100000e+02	1.200000e+02	8.791659e-04	1.789405e-04	2.506131e-04
1.200000e+02	1.300000e+02	5.833833e-04	1.159099e-04	1.655765e-04
1.300000e+02	1.400000e+02	4.036306e-04	8.358230e-05	1.199356e-04
1.400000e+02	1.500000e+02	2.835679e-04	6.687370e-05	9.497580e-05
1.500000e+02	1.600000e+02	1.984648e-04	4.430230e-05	5.828910e-05
1.600000e+02	1.700000e+02	1.439534e-04	2.898840e-05	4.034190e-05
1.700000e+02	1.800000e+02	1.049720e-04	2.462143e-05	3.095580e-05
1.800000e+02	1.900000e+02	7.733992e-05	1.572484e-05	2.621188e-05
1.900000e+02	2.000000e+02	6.012467e-05	1.445936e-05	1.691259e-05
2.000000e+02	2.100000e+02	4.454860e-05	9.261590e-06	1.650938e-05
2.100000e+02	2.200000e+02	3.652072e-05	9.642020e-06	1.015199e-05
2.200000e+02	2.300000e+02	2.697840e-05	6.092510e-06	7.903280e-06
2.300000e+02	2.400000e+02	2.109905e-05	4.349930e-06	7.210880e-06
2.400000e+02	2.500000e+02	1.679140e-05	3.620460e-06	4.746010e-06
2.500000e+02	2.600000e+02	1.307553e-05	2.996560e-06	4.874750e-06
2.600000e+02	2.700000e+02	1.023626e-05	1.395882e-06	4.095010e-06
2.700000e+02	2.800000e+02	8.668754e-06	1.991006e-06	3.122576e-06
2.800000e+02	2.900000e+02	7.293810e-06	1.717019e-06	4.020790e-06
2.900000e+02	3.000000e+02	5.590099e-06	1.154307e-06	2.159492e-06
3.000000e+02	3.100000e+02	4.812670e-06	8.707290e-07	1.723345e-06
3.100000e+02	3.200000e+02	3.884230e-06	6.778110e-07	1.260839e-06
3.200000e+02	3.300000e+02	3.228267e-06	7.559410e-07	1.089231e-06
3.300000e+02	3.400000e+02	2.887771e-06	6.636750e-07	1.150628e-06
3.400000e+02	3.500000e+02	2.143120e-06	4.073110e-07	8.662710e-07
3.500000e+02	3.600000e+02	1.865563e-06	3.948990e-07	8.211750e-07
3.600000e+02	3.700000e+02	1.620069e-06	3.330790e-07	6.807510e-07
3.700000e+02	3.800000e+02	1.613724e-06	5.430570e-07	3.743830e-07
3.800000e+02	3.900000e+02	1.119629e-06	1.952502e-07	4.972240e-07
3.900000e+02	4.000000e+02	1.136398e-06	3.531346e-07	2.054460e-07
4.000000e+02	4.100000e+02	1.027541e-06	3.872902e-07	2.232570e-07
4.100000e+02	4.200000e+02	7.669554e-07	3.041501e-07	2.618516e-07
4.200000e+02	4.300000e+02	6.509453e-07	1.695393e-07	2.554158e-07
4.300000e+02	4.400000e+02	5.321567e-07	6.762200e-09	2.811490e-07
4.400000e+02	4.500000e+02	4.491725e-07	9.016810e-08	2.667649e-07
4.500000e+02	4.600000e+02	4.097624e-07	9.748170e-08	1.680661e-07
4.600000e+02	4.700000e+02	3.300644e-07	6.909330e-08	1.443229e-07
4.700000e+02	4.800000e+02	3.006813e-07	2.187270e-08	1.171125e-07
4.800000e+02	4.900000e+02	2.920815e-07	6.932540e-08	1.025565e-07
4.900000e+02	5.000000e+02	2.242556e-07	4.521160e-08	1.159547e-07
# END HISTO1D


# BEGIN HISTO1D //homes/tinghua1/Merging-Project/Production/HJETS/New-Analysis/Scale-variation/H-2-3-4-25gev-hjets.yoda/MC_H2JETS_04_INC/Hjj_pT_incl
ErrorBandColor=yellow
ErrorBandOpacity=0.3
ErrorBands=1
ErrorType=env
LineColor=yellow
LineStyle=solid
Path=//homes/tinghua1/Merging-Project/Production/HJETS/New-Analysis/Scale-variation/H-2-3-4-25gev-hjets.yoda/MC_H2JETS_04_INC/Hjj_pT_incl
RatioPlotSameStyle=1
Title=h(2,3,4)
# xlow	 xhigh	 val	 errminus	 errplus
0.000000e+00	1.000000e+01	9.055420e-02	2.397271e-02	2.156860e-02
1.000000e+01	2.000000e+01	7.245820e-02	1.831320e-03	0.000000e+00
2.000000e+01	3.000000e+01	4.923538e-02	3.070220e-03	2.800440e-03
3.000000e+01	4.000000e+01	3.408060e-02	3.074960e-03	3.142040e-03
4.000000e+01	5.000000e+01	2.152928e-02	2.550160e-03	3.046110e-03
5.000000e+01	6.000000e+01	1.294838e-02	1.838850e-03	2.470260e-03
6.000000e+01	7.000000e+01	7.761036e-03	1.281837e-03	1.691551e-03
7.000000e+01	8.000000e+01	4.638473e-03	8.484070e-04	1.122324e-03
8.000000e+01	9.000000e+01	2.805712e-03	5.122580e-04	7.363280e-04
9.000000e+01	1.000000e+02	1.734986e-03	3.445500e-04	4.786770e-04
1.000000e+02	1.100000e+02	1.103281e-03	2.276025e-04	3.027310e-04
1.100000e+02	1.200000e+02	7.164848e-04	1.142360e-04	2.115555e-04
1.200000e+02	1.300000e+02	4.753838e-04	1.009865e-04	1.274839e-04
1.300000e+02	1.400000e+02	3.139652e-04	6.374980e-05	9.804750e-05
1.400000e+02	1.500000e+02	2.213742e-04	4.705960e-05	6.316230e-05
1.500000e+02	1.600000e+02	1.496510e-04	2.455710e-05	4.876150e-05
1.600000e+02	1.700000e+02	1.127583e-04	2.669552e-05	3.149570e-05
1.700000e+02	1.800000e+02	7.666745e-05	1.511442e-05	2.349355e-05
1.800000e+02	1.900000e+02	5.891946e-05	1.341761e-05	2.013833e-05
1.900000e+02	2.000000e+02	4.362634e-05	8.167170e-06	1.307398e-05
2.000000e+02	2.100000e+02	3.278671e-05	6.640100e-06	8.917390e-06
2.100000e+02	2.200000e+02	2.599530e-05	7.746990e-06	6.759640e-06
2.200000e+02	2.300000e+02	1.902654e-05	4.369520e-06	8.196480e-06
2.300000e+02	2.400000e+02	1.529580e-05	2.914510e-06	6.292900e-06
2.400000e+02	2.500000e+02	1.259969e-05	2.504310e-06	3.544430e-06
2.500000e+02	2.600000e+02	9.749879e-06	2.525199e-06	3.115201e-06
2.600000e+02	2.700000e+02	8.008224e-06	2.035380e-06	2.340806e-06
2.700000e+02	2.800000e+02	6.302114e-06	1.429527e-06	1.754130e-06
2.800000e+02	2.900000e+02	5.061187e-06	8.913770e-07	1.691898e-06
2.900000e+02	3.000000e+02	3.966723e-06	6.918800e-07	1.324254e-06
3.000000e+02	3.100000e+02	3.519947e-06	1.039831e-06	1.222721e-06
3.100000e+02	3.200000e+02	3.065321e-06	9.599010e-07	5.134330e-07
3.200000e+02	3.300000e+02	2.344607e-06	4.954020e-07	9.626640e-07
3.300000e+02	3.400000e+02	1.839706e-06	4.623510e-07	6.183530e-07
3.400000e+02	3.500000e+02	1.560942e-06	5.257500e-08	7.761110e-07
3.500000e+02	3.600000e+02	1.321601e-06	3.802273e-07	5.478620e-07
3.600000e+02	3.700000e+02	1.202040e-06	3.065392e-07	2.402420e-07
3.700000e+02	3.800000e+02	9.104529e-07	1.063342e-07	3.956391e-07
3.800000e+02	3.900000e+02	7.471482e-07	1.349334e-07	2.182419e-07
3.900000e+02	4.000000e+02	7.726522e-07	2.944785e-07	1.516890e-07
4.000000e+02	4.100000e+02	6.049841e-07	8.017470e-08	2.497899e-07
4.100000e+02	4.200000e+02	6.015911e-07	2.176679e-07	1.832674e-07
4.200000e+02	4.300000e+02	3.921219e-07	6.854320e-08	1.860765e-07
4.300000e+02	4.400000e+02	3.626227e-07	5.918200e-09	2.052289e-07
4.400000e+02	4.500000e+02	3.582086e-07	1.237105e-07	4.584490e-08
4.500000e+02	4.600000e+02	2.312810e-07	3.315830e-08	1.545765e-07
4.600000e+02	4.700000e+02	2.594247e-07	6.114600e-08	6.545600e-08
4.700000e+02	4.800000e+02	2.377239e-07	6.479110e-08	4.035960e-08
4.800000e+02	4.900000e+02	2.238865e-07	9.394390e-08	0.000000e+00
4.900000e+02	5.000000e+02	2.014756e-07	7.814520e-08	4.903540e-08
# END HISTO1D


# BEGIN HISTO1D //homes/tinghua1/Merging-Project/Production/HJETS/New-Analysis/Scale-variation/H-N2-3-25gev-hjets-1.yoda/MC_H2JETS_04_INC/Hjj_pT_incl
ErrorBandColor=green
ErrorBandOpacity=0.3
ErrorBands=1
ErrorType=env
LineColor=green
LineStyle=solid
Path=//homes/tinghua1/Merging-Project/Production/HJETS/New-Analysis/Scale-variation/H-N2-3-25gev-hjets-1.yoda/MC_H2JETS_04_INC/Hjj_pT_incl
RatioPlotSameStyle=1
Title=h(2*,3)
# xlow	 xhigh	 val	 errminus	 errplus
0.000000e+00	1.000000e+01	9.393275e-02	2.490085e-02	2.332835e-02
1.000000e+01	2.000000e+01	7.920202e-02	1.593630e-03	0.000000e+00
2.000000e+01	3.000000e+01	5.504281e-02	3.092490e-03	3.323960e-03
3.000000e+01	4.000000e+01	3.833726e-02	3.220180e-03	3.801520e-03
4.000000e+01	5.000000e+01	2.449657e-02	2.843930e-03	3.534620e-03
5.000000e+01	6.000000e+01	1.487561e-02	2.109250e-03	2.709850e-03
6.000000e+01	7.000000e+01	8.911771e-03	1.473355e-03	1.833339e-03
7.000000e+01	8.000000e+01	5.243299e-03	9.160940e-04	1.242512e-03
8.000000e+01	9.000000e+01	3.117629e-03	5.584140e-04	7.968950e-04
9.000000e+01	1.000000e+02	1.873249e-03	3.296010e-04	5.247910e-04
1.000000e+02	1.100000e+02	1.157034e-03	2.171514e-04	3.229960e-04
1.100000e+02	1.200000e+02	7.301317e-04	1.396930e-04	1.987941e-04
1.200000e+02	1.300000e+02	4.681313e-04	9.107700e-05	1.329400e-04
1.300000e+02	1.400000e+02	3.066413e-04	5.841750e-05	8.357630e-05
1.400000e+02	1.500000e+02	2.050034e-04	4.425800e-05	6.141610e-05
1.500000e+02	1.600000e+02	1.383312e-04	2.778190e-05	4.230730e-05
1.600000e+02	1.700000e+02	9.565783e-05	2.010890e-05	2.957377e-05
1.700000e+02	1.800000e+02	6.683553e-05	1.368914e-05	2.001173e-05
1.800000e+02	1.900000e+02	4.727332e-05	9.863120e-06	1.277441e-05
1.900000e+02	2.000000e+02	3.414929e-05	7.327280e-06	1.170396e-05
2.000000e+02	2.100000e+02	2.452656e-05	5.398810e-06	1.053630e-06
2.100000e+02	2.200000e+02	1.863674e-05	4.130800e-06	6.958490e-06
2.200000e+02	2.300000e+02	1.337992e-05	2.815480e-06	5.610480e-06
2.300000e+02	2.400000e+02	1.059713e-05	2.881997e-06	4.129750e-06
2.400000e+02	2.500000e+02	7.585925e-06	1.621113e-06	3.219245e-06
2.500000e+02	2.600000e+02	6.089222e-06	1.278050e-06	2.064639e-06
2.600000e+02	2.700000e+02	4.758962e-06	1.036690e-06	1.663243e-06
2.700000e+02	2.800000e+02	4.600909e-06	1.876842e-06	7.405040e-07
2.800000e+02	2.900000e+02	3.033854e-06	7.669510e-07	8.075600e-07
2.900000e+02	3.000000e+02	2.467595e-06	6.966890e-07	7.790870e-07
3.000000e+02	3.100000e+02	1.824571e-06	3.274730e-07	7.604850e-07
3.100000e+02	3.200000e+02	1.529827e-06	3.526720e-07	6.895780e-07
3.200000e+02	3.300000e+02	1.313565e-06	3.911091e-07	5.664880e-07
3.300000e+02	3.400000e+02	1.036679e-06	3.036830e-07	2.677480e-07
3.400000e+02	3.500000e+02	9.520205e-07	3.230868e-07	2.808025e-07
3.500000e+02	3.600000e+02	6.974314e-07	1.304101e-07	2.088360e-07
3.600000e+02	3.700000e+02	5.905287e-07	1.106600e-07	1.790453e-07
3.700000e+02	3.800000e+02	5.116098e-07	1.464298e-07	1.287833e-07
3.800000e+02	3.900000e+02	4.398733e-07	1.000510e-07	2.363585e-07
3.900000e+02	4.000000e+02	3.569681e-07	1.204197e-07	1.248092e-07
4.000000e+02	4.100000e+02	3.344991e-07	1.082648e-07	1.499150e-07
4.100000e+02	4.200000e+02	2.443330e-07	4.923350e-08	1.193860e-08
4.200000e+02	4.300000e+02	2.213525e-07	8.206610e-08	9.342280e-08
4.300000e+02	4.400000e+02	1.607359e-07	1.912090e-08	8.123240e-08
4.400000e+02	4.500000e+02	1.431016e-07	5.258018e-08	1.701515e-07
4.500000e+02	4.600000e+02	1.210783e-07	2.993299e-08	7.974880e-08
4.600000e+02	4.700000e+02	1.016480e-07	6.858680e-09	8.407840e-08
4.700000e+02	4.800000e+02	1.130047e-07	5.552126e-08	2.548970e-08
4.800000e+02	4.900000e+02	8.398966e-08	1.998911e-08	3.465224e-08
4.900000e+02	5.000000e+02	7.366465e-08	3.263251e-08	3.591085e-08
# END HISTO1D


# BEGIN HISTO1D //homes/tinghua1/Merging-Project/Production/HJETS/New-Analysis/Scale-variation/H-2-3-25gev-hjets.yoda/MC_H2JETS_04_INC/Hjj_pT_incl
ErrorBandColor=purple
ErrorBandOpacity=0.3
ErrorBands=1
ErrorType=env
LineColor=purple
LineStyle=solid
Path=//homes/tinghua1/Merging-Project/Production/HJETS/New-Analysis/Scale-variation/H-2-3-25gev-hjets.yoda/MC_H2JETS_04_INC/Hjj_pT_incl
RatioPlotSameStyle=1
Title=h(2,3)
# xlow	 xhigh	 val	 errminus	 errplus
0.000000e+00	1.000000e+01	9.056371e-02	2.398452e-02	2.161699e-02
1.000000e+01	2.000000e+01	7.257406e-02	1.909270e-03	0.000000e+00
2.000000e+01	3.000000e+01	4.953215e-02	3.086560e-03	2.809100e-03
3.000000e+01	4.000000e+01	3.443757e-02	3.041650e-03	3.229060e-03
4.000000e+01	5.000000e+01	2.183854e-02	2.646870e-03	3.107660e-03
5.000000e+01	6.000000e+01	1.310537e-02	1.912290e-03	2.491910e-03
6.000000e+01	7.000000e+01	7.695224e-03	1.273685e-03	1.706457e-03
7.000000e+01	8.000000e+01	4.487288e-03	7.986800e-04	1.125265e-03
8.000000e+01	9.000000e+01	2.630062e-03	4.942440e-04	7.121930e-04
9.000000e+01	1.000000e+02	1.559328e-03	2.995260e-04	4.268360e-04
1.000000e+02	1.100000e+02	9.382972e-04	1.851786e-04	2.643208e-04
1.100000e+02	1.200000e+02	5.673179e-04	1.082046e-04	1.687132e-04
1.200000e+02	1.300000e+02	3.526297e-04	6.739240e-05	1.041481e-04
1.300000e+02	1.400000e+02	2.235331e-04	4.423020e-05	6.563780e-05
1.400000e+02	1.500000e+02	1.437045e-04	2.952840e-05	4.360060e-05
1.500000e+02	1.600000e+02	9.286888e-05	1.838878e-05	2.799742e-05
1.600000e+02	1.700000e+02	6.097959e-05	1.236684e-05	1.888324e-05
1.700000e+02	1.800000e+02	4.131323e-05	8.814260e-06	1.251442e-05
1.800000e+02	1.900000e+02	2.717211e-05	5.628500e-06	8.297480e-06
1.900000e+02	2.000000e+02	1.849629e-05	4.145960e-06	5.556390e-06
2.000000e+02	2.100000e+02	1.274324e-05	2.880702e-06	3.836660e-06
2.100000e+02	2.200000e+02	8.779442e-06	1.883070e-06	2.762818e-06
2.200000e+02	2.300000e+02	6.167231e-06	1.445353e-06	1.956825e-06
2.300000e+02	2.400000e+02	4.291846e-06	9.263310e-07	1.467173e-06
2.400000e+02	2.500000e+02	3.138692e-06	8.191520e-07	1.020210e-06
2.500000e+02	2.600000e+02	2.246661e-06	5.202430e-07	6.845050e-07
2.600000e+02	2.700000e+02	1.535974e-06	3.473080e-07	6.025260e-07
2.700000e+02	2.800000e+02	1.181819e-06	3.032541e-07	4.430360e-07
2.800000e+02	2.900000e+02	8.406597e-07	1.403606e-07	3.469633e-07
2.900000e+02	3.000000e+02	6.501087e-07	1.569671e-07	2.283534e-07
3.000000e+02	3.100000e+02	4.916645e-07	1.257679e-07	1.736392e-07
3.100000e+02	3.200000e+02	3.169390e-07	4.955810e-08	1.528819e-07
3.200000e+02	3.300000e+02	2.577848e-07	7.173160e-08	8.025800e-08
3.300000e+02	3.400000e+02	2.029415e-07	5.550600e-08	9.018510e-08
3.400000e+02	3.500000e+02	1.465032e-07	2.798510e-08	0.000000e+00
3.500000e+02	3.600000e+02	1.224727e-07	3.301141e-08	5.442170e-08
3.600000e+02	3.700000e+02	6.622690e-08	2.395750e-09	5.463230e-08
3.700000e+02	3.800000e+02	7.075529e-08	1.725169e-08	1.848796e-08
3.800000e+02	3.900000e+02	5.014714e-08	1.786804e-08	2.203171e-08
3.900000e+02	4.000000e+02	3.833394e-08	9.993090e-09	2.237852e-08
4.000000e+02	4.100000e+02	1.720515e-08	0.000000e+00	3.933023e-08
4.100000e+02	4.200000e+02	2.648617e-08	1.330846e-08	0.000000e+00
4.200000e+02	4.300000e+02	2.060809e-08	6.167270e-09	2.410570e-09
4.300000e+02	4.400000e+02	1.789696e-09	0.000000e+00	2.397855e-08
4.400000e+02	4.500000e+02	5.876776e-09	1.137838e-08	1.195538e-08
4.500000e+02	4.600000e+02	1.337599e-08	7.344504e-09	0.000000e+00
4.600000e+02	4.700000e+02	4.362148e-09	0.000000e+00	6.099172e-09
4.700000e+02	4.800000e+02	1.228085e-09	1.111860e-09	6.395912e-09
4.800000e+02	4.900000e+02	1.961148e-09	0.000000e+00	2.698840e-09
4.900000e+02	5.000000e+02	4.329769e-09	4.058831e-09	2.588070e-10
# END HISTO1D


# BEGIN HISTO1D //homes/tinghua1/Merging-Project/Production/HJETS/New-Analysis/Scale-variation/H3Jets-NLOPS-hjets-1.yoda/MC_H2JETS_04_INC/Hjj_pT_incl
ErrorBandColor=red
ErrorBandOpacity=0.3
ErrorBands=1
ErrorType=env
LineColor=red
LineStyle=solid
Path=//homes/tinghua1/Merging-Project/Production/HJETS/New-Analysis/Scale-variation/H3Jets-NLOPS-hjets-1.yoda/MC_H2JETS_04_INC/Hjj_pT_incl
RatioPlotSameStyle=1
Title=h(3*) $\oplus$ PS
# xlow	 xhigh	 val	 errminus	 errplus
0.000000e+00	1.000000e+01	1.546088e-02	3.098820e-03	1.172340e-03
1.000000e+01	2.000000e+01	4.964089e-02	1.026936e-02	6.735830e-03
2.000000e+01	3.000000e+01	5.054517e-02	5.509780e-03	3.431380e-03
3.000000e+01	4.000000e+01	3.589239e-02	1.860800e-03	7.650500e-04
4.000000e+01	5.000000e+01	2.294577e-02	3.977400e-04	0.000000e+00
5.000000e+01	6.000000e+01	1.395877e-02	5.201000e-04	7.901300e-04
6.000000e+01	7.000000e+01	8.421875e-03	4.738270e-04	4.902810e-04
7.000000e+01	8.000000e+01	5.125533e-03	3.697690e-04	4.742000e-04
8.000000e+01	9.000000e+01	3.239233e-03	3.280930e-04	1.432760e-04
9.000000e+01	1.000000e+02	2.009745e-03	2.091990e-04	1.820400e-04
1.000000e+02	1.100000e+02	1.281474e-03	1.140300e-04	2.028250e-04
1.100000e+02	1.200000e+02	8.578379e-04	8.887540e-05	7.728580e-05
1.200000e+02	1.300000e+02	5.820183e-04	6.956620e-05	7.395370e-05
1.300000e+02	1.400000e+02	4.010932e-04	4.410260e-05	4.848680e-05
1.400000e+02	1.500000e+02	2.899747e-04	4.685380e-05	3.124380e-05
1.500000e+02	1.600000e+02	2.049768e-04	2.538750e-05	3.136350e-05
1.600000e+02	1.700000e+02	1.509032e-04	2.366220e-05	1.377940e-05
1.700000e+02	1.800000e+02	1.077065e-04	1.097702e-05	1.760690e-05
1.800000e+02	1.900000e+02	8.209016e-05	9.013140e-06	1.831954e-05
1.900000e+02	2.000000e+02	6.033742e-05	7.522900e-06	1.492436e-05
2.000000e+02	2.100000e+02	4.934065e-05	8.190630e-06	8.269380e-06
2.100000e+02	2.200000e+02	3.771246e-05	5.581060e-06	8.592270e-06
2.200000e+02	2.300000e+02	2.956680e-05	4.593240e-06	5.824190e-06
2.300000e+02	2.400000e+02	2.474155e-05	6.034780e-06	4.165910e-06
2.400000e+02	2.500000e+02	2.030340e-05	4.280860e-06	3.116920e-06
2.500000e+02	2.600000e+02	1.509499e-05	2.333080e-06	3.367970e-06
2.600000e+02	2.700000e+02	1.301146e-05	3.467007e-06	2.590670e-06
2.700000e+02	2.800000e+02	1.033657e-05	1.907985e-06	2.444490e-06
2.800000e+02	2.900000e+02	6.713589e-06	0.000000e+00	3.997511e-06
2.900000e+02	3.000000e+02	6.942380e-06	1.520466e-06	1.857503e-06
3.000000e+02	3.100000e+02	5.706694e-06	8.881800e-07	1.438689e-06
3.100000e+02	3.200000e+02	5.172724e-06	1.362845e-06	8.160970e-07
3.200000e+02	3.300000e+02	4.068720e-06	9.077020e-07	1.338657e-06
3.300000e+02	3.400000e+02	3.627373e-06	9.248940e-07	7.648520e-07
3.400000e+02	3.500000e+02	2.791876e-06	3.846940e-07	1.044111e-06
3.500000e+02	3.600000e+02	2.582043e-06	5.495610e-07	6.610180e-07
3.600000e+02	3.700000e+02	2.143488e-06	6.148840e-07	7.716650e-07
3.700000e+02	3.800000e+02	1.897011e-06	4.775340e-07	5.700920e-07
3.800000e+02	3.900000e+02	1.564211e-06	4.214630e-07	6.034400e-07
3.900000e+02	4.000000e+02	1.362320e-06	3.471150e-07	3.675450e-07
4.000000e+02	4.100000e+02	1.165908e-06	2.166173e-07	3.291070e-07
4.100000e+02	4.200000e+02	1.238493e-06	4.693392e-07	0.000000e+00
4.200000e+02	4.300000e+02	8.578668e-07	2.119378e-07	2.341142e-07
4.300000e+02	4.400000e+02	8.428944e-07	3.086271e-07	9.571430e-08
4.400000e+02	4.500000e+02	6.669967e-07	2.170987e-07	2.141569e-07
4.500000e+02	4.600000e+02	5.823283e-07	1.324410e-07	1.669068e-07
4.600000e+02	4.700000e+02	4.820596e-07	1.154516e-07	2.400418e-07
4.700000e+02	4.800000e+02	4.220951e-07	1.041467e-07	1.224379e-07
4.800000e+02	4.900000e+02	3.644639e-07	7.935160e-08	1.128135e-07
4.900000e+02	5.000000e+02	3.964309e-07	1.401472e-07	8.029570e-08
# END HISTO1D


# BEGIN HISTO1D //homes/tinghua1/Merging-Project/Production/HJETS/New-Analysis/Scale-variation/H2Jets-NLOPS-hjets.yoda/MC_H2JETS_04_INC/Hjj_pT_incl
ErrorBandColor=violet
ErrorBandOpacity=0.3
ErrorBands=1
ErrorType=env
LineColor=violet
LineStyle=solid
Path=//homes/tinghua1/Merging-Project/Production/HJETS/New-Analysis/Scale-variation/H2Jets-NLOPS-hjets.yoda/MC_H2JETS_04_INC/Hjj_pT_incl
RatioPlotSameStyle=1
Title=h(2*) $\oplus$ PS
# xlow	 xhigh	 val	 errminus	 errplus
0.000000e+00	1.000000e+01	1.002561e-01	2.591184e-02	2.362630e-02
1.000000e+01	2.000000e+01	8.237978e-02	2.081760e-03	0.000000e+00
2.000000e+01	3.000000e+01	5.378194e-02	3.312510e-03	3.655180e-03
3.000000e+01	4.000000e+01	3.439076e-02	3.004780e-03	3.795500e-03
4.000000e+01	5.000000e+01	2.082869e-02	2.409920e-03	3.217970e-03
5.000000e+01	6.000000e+01	1.229562e-02	1.741300e-03	2.379390e-03
6.000000e+01	7.000000e+01	7.191790e-03	1.079336e-03	1.620204e-03
7.000000e+01	8.000000e+01	4.255134e-03	7.168120e-04	1.048100e-03
8.000000e+01	9.000000e+01	2.565185e-03	4.329590e-04	6.678840e-04
9.000000e+01	1.000000e+02	1.579230e-03	2.840360e-04	4.332900e-04
1.000000e+02	1.100000e+02	9.950081e-04	1.823353e-04	2.771029e-04
1.100000e+02	1.200000e+02	6.488128e-04	1.270414e-04	1.732631e-04
1.200000e+02	1.300000e+02	4.240068e-04	8.231000e-05	1.191469e-04
1.300000e+02	1.400000e+02	2.831981e-04	5.208620e-05	8.495370e-05
1.400000e+02	1.500000e+02	1.944216e-04	3.791980e-05	5.715540e-05
1.500000e+02	1.600000e+02	1.359896e-04	2.705800e-05	3.859110e-05
1.600000e+02	1.700000e+02	9.568751e-05	1.940443e-05	2.818789e-05
1.700000e+02	1.800000e+02	6.848462e-05	1.415795e-05	2.106578e-05
1.800000e+02	1.900000e+02	4.963797e-05	1.051661e-05	1.517278e-05
1.900000e+02	2.000000e+02	3.698716e-05	8.182700e-06	1.027559e-05
2.000000e+02	2.100000e+02	2.709385e-05	5.720630e-06	8.078750e-06
2.100000e+02	2.200000e+02	2.033031e-05	4.177960e-06	6.361900e-06
2.200000e+02	2.300000e+02	1.527690e-05	3.047880e-06	5.014970e-06
2.300000e+02	2.400000e+02	1.169517e-05	2.468568e-06	4.006290e-06
2.400000e+02	2.500000e+02	9.089440e-06	1.938296e-06	3.060540e-06
2.500000e+02	2.600000e+02	7.286352e-06	1.886811e-06	2.112096e-06
2.600000e+02	2.700000e+02	5.507747e-06	1.094379e-06	1.920152e-06
2.700000e+02	2.800000e+02	4.592985e-06	1.071588e-06	1.193563e-06
2.800000e+02	2.900000e+02	3.546861e-06	7.823530e-07	1.035245e-06
2.900000e+02	3.000000e+02	2.737688e-06	4.927770e-07	9.409840e-07
3.000000e+02	3.100000e+02	2.294509e-06	4.888350e-07	8.123380e-07
3.100000e+02	3.200000e+02	1.824885e-06	3.935130e-07	5.923560e-07
3.200000e+02	3.300000e+02	1.507371e-06	2.857080e-07	5.689660e-07
3.300000e+02	3.400000e+02	1.253012e-06	2.747854e-07	5.237430e-07
3.400000e+02	3.500000e+02	1.026332e-06	2.070573e-07	3.723220e-07
3.500000e+02	3.600000e+02	8.798590e-07	2.042138e-07	2.386700e-07
3.600000e+02	3.700000e+02	7.378408e-07	1.813219e-07	2.141216e-07
3.700000e+02	3.800000e+02	6.189562e-07	1.579725e-07	1.542993e-07
3.800000e+02	3.900000e+02	4.771163e-07	1.097760e-07	1.576970e-07
3.900000e+02	4.000000e+02	4.269681e-07	1.139573e-07	1.407809e-07
4.000000e+02	4.100000e+02	3.300678e-07	7.544380e-08	1.344273e-07
4.100000e+02	4.200000e+02	2.700891e-07	4.151000e-08	1.315279e-07
4.200000e+02	4.300000e+02	2.589646e-07	6.578730e-08	6.752170e-08
4.300000e+02	4.400000e+02	2.104108e-07	5.639950e-08	7.501240e-08
4.400000e+02	4.500000e+02	1.719885e-07	4.605240e-08	6.224090e-08
4.500000e+02	4.600000e+02	1.539757e-07	3.402450e-08	5.090550e-08
4.600000e+02	4.700000e+02	1.399504e-07	5.137399e-08	4.303770e-08
4.700000e+02	4.800000e+02	1.014387e-07	2.067703e-08	5.502230e-08
4.800000e+02	4.900000e+02	9.433212e-08	2.510928e-08	2.546068e-08
4.900000e+02	5.000000e+02	9.031640e-08	2.972656e-08	2.036190e-08
# END HISTO1D



