# BEGIN PLOT
Scale=1000.0
DrawOnly=//homes/tinghua1/Merging-Project/Production/HJETS/ratio-plots/hjets-vbfnlo/H-N2-N3-4-25gev-combine.yoda/MC_H2JETS_07_LOOSE/deltay_jj //homes/tinghua1/Merging-Project/Production/HJETS/ratio-plots/hjets-vbfnlo/H-N2-N3-4-25gev-vbfnlo-combine.yoda/MC_H2JETS_07_LOOSE/deltay_jj //homes/tinghua1/Merging-Project/Production/HJETS/ratio-plots/hjets-vbfnlo/H-N2-3-4-25gev-combine.yoda/MC_H2JETS_07_LOOSE/deltay_jj //homes/tinghua1/Merging-Project/Production/HJETS/ratio-plots/hjets-vbfnlo/H-N2-3-4-25gev-vbfnlo-combine.yoda/MC_H2JETS_07_LOOSE/deltay_jj //homes/tinghua1/Merging-Project/Production/HJETS/ratio-plots/hjets-vbfnlo/H-2-3-4-25gev-combine.yoda/MC_H2JETS_07_LOOSE/deltay_jj //homes/tinghua1/Merging-Project/Production/HJETS/ratio-plots/hjets-vbfnlo/H-2-3-4-25gev-vbfnlo-combine.yoda/MC_H2JETS_07_LOOSE/deltay_jj //homes/tinghua1/Merging-Project/Production/HJETS/ratio-plots/hjets-vbfnlo/H-2-3-25gev-combine.yoda/MC_H2JETS_07_LOOSE/deltay_jj //homes/tinghua1/Merging-Project/Production/HJETS/ratio-plots/hjets-vbfnlo/H-2-3-25gev-vbfnlo-combine.yoda/MC_H2JETS_07_LOOSE/deltay_jj
RightMargin=0.5
RatioPlotReference=//homes/tinghua1/Merging-Project/Production/HJETS/ratio-plots/hjets-vbfnlo/H-N2-N3-4-25gev-combine.yoda/MC_H2JETS_07_LOOSE/deltay_jj
#RatioPlot=1
LogY=1
RatioPlotYMax=1.4
RatioPlotYLabel=Ratio
#LegendOnly=//homes/tinghua1/Merging-Project/Production/HJETS/ratio-plots/hjets-vbfnlo/H-N2-N3-4-25gev-combine.yoda/MC_H2JETS_07_LOOSE/deltay_jj //homes/tinghua1/Merging-Project/Production/HJETS/ratio-plots/hjets-vbfnlo/H-N2-N3-4-25gev-vbfnlo-combine.yoda/MC_H2JETS_07_LOOSE/deltay_jj //homes/tinghua1/Merging-Project/Production/HJETS/ratio-plots/hjets-vbfnlo/H-N2-3-4-25gev-combine.yoda/MC_H2JETS_07_LOOSE/deltay_jj //homes/tinghua1/Merging-Project/Production/HJETS/ratio-plots/hjets-vbfnlo/H-N2-3-4-25gev-vbfnlo-combine.yoda/MC_H2JETS_07_LOOSE/deltay_jj //homes/tinghua1/Merging-Project/Production/HJETS/ratio-plots/hjets-vbfnlo/H-2-3-4-25gev-combine.yoda/MC_H2JETS_07_LOOSE/deltay_jj //homes/tinghua1/Merging-Project/Production/HJETS/ratio-plots/hjets-vbfnlo/H-2-3-4-25gev-vbfnlo-combine.yoda/MC_H2JETS_07_LOOSE/deltay_jj //homes/tinghua1/Merging-Project/Production/HJETS/ratio-plots/hjets-vbfnlo/H-2-3-25gev-combine.yoda/MC_H2JETS_07_LOOSE/deltay_jj //homes/tinghua1/Merging-Project/Production/HJETS/ratio-plots/hjets-vbfnlo/H-2-3-25gev-vbfnlo-combine.yoda/MC_H2JETS_07_LOOSE/deltay_jj
XLabel=$\Delta y_{j_1j_2}$ 
LegendAlign=r
YLabel=$ \text{d} \sigma/ \text{d}  \Delta y_{j_1j_2}$ (fb)
Legend=1
RatioPlot=4
MainPlotSelection={"Selection":[1,2,3,4,5,6,7,8]}
RatioPlots={"RatioPlotYLabel":"","Selection":[1,2]};{"RatioPlotYLabel":"","Selection":[3,4]};{"RatioPlotYLabel":"","Selection":[5,6]};{"RatioPlotYLabel":"","Selection":[7,8]}
RatioPlotSameStyle=1
RatioPlotYMin=0.2
# END PLOT


# BEGIN SPECIAL /MC_H2JETS_07_LOOSE/deltay_jj
\rput[tl](0.05,0.75){\parbox{5cm}{\textcolor{gray}{{\bf Herwig 7.2.0} \\ HJETS/ColorFull}}}
# END SPECIAL

# BEGIN HISTO1D //homes/tinghua1/Merging-Project/Production/HJETS/ratio-plots/hjets-vbfnlo/H-N2-N3-4-25gev-combine.yoda/MC_H2JETS_07_LOOSE/deltay_jj
ErrorBandColor=orange
ErrorBandOpacity=0.3
ErrorBands=1
ErrorType=env
LineColor=orange
LineStyle=solid
Path=//homes/tinghua1/Merging-Project/Production/HJETS/ratio-plots/hjets-vbfnlo/H-N2-N3-4-25gev-combine.yoda/MC_H2JETS_07_LOOSE/deltay_jj
RatioPlotSameStyle=1
Title=h(2*,3*,4)
# xlow	 xhigh	 val	 errminus	 errplus
0.000000e+00	2.000000e-01	0.000000e+00	0.000000e+00	0.000000e+00
2.000000e-01	4.000000e-01	0.000000e+00	0.000000e+00	0.000000e+00
4.000000e-01	6.000000e-01	0.000000e+00	0.000000e+00	0.000000e+00
6.000000e-01	8.000000e-01	0.000000e+00	0.000000e+00	0.000000e+00
8.000000e-01	1.000000e+00	0.000000e+00	0.000000e+00	0.000000e+00
1.000000e+00	1.200000e+00	7.250990e-02	4.945300e-03	7.993450e-03
1.200000e+00	1.400000e+00	9.068895e-02	1.960575e-02	0.000000e+00
1.400000e+00	1.600000e+00	8.756060e-02	0.000000e+00	1.104125e-02
1.600000e+00	1.800000e+00	1.093917e-01	6.516700e-03	5.559750e-03
1.800000e+00	2.000000e+00	1.299329e-01	3.201850e-03	5.696000e-03
2.000000e+00	2.200000e+00	1.642460e-01	9.021000e-04	1.922000e-04
2.200000e+00	2.400000e+00	1.985151e-01	3.898350e-03	0.000000e+00
2.400000e+00	2.600000e+00	2.397653e-01	2.961200e-03	0.000000e+00
2.600000e+00	2.800000e+00	2.861485e-01	3.076150e-03	7.595750e-03
2.800000e+00	3.000000e+00	3.416537e-01	1.071290e-02	3.040400e-03
3.000000e+00	3.200000e+00	3.869144e-01	2.039000e-03	8.477250e-03
3.200000e+00	3.400000e+00	4.347885e-01	1.699450e-02	9.308800e-03
3.400000e+00	3.600000e+00	4.782757e-01	8.883150e-03	1.716200e-03
3.600000e+00	3.800000e+00	4.996779e-01	1.446525e-02	1.610960e-02
3.800000e+00	4.000000e+00	5.190585e-01	1.228250e-02	1.361150e-02
4.000000e+00	4.200000e+00	5.290335e-01	1.228050e-02	1.430150e-02
4.200000e+00	4.400000e+00	5.292275e-01	1.524600e-02	1.943100e-02
4.400000e+00	4.600000e+00	5.327055e-01	2.223250e-02	1.098250e-02
4.600000e+00	4.800000e+00	5.200915e-01	1.032950e-02	9.675500e-03
4.800000e+00	5.000000e+00	5.024565e-01	9.660250e-03	1.219900e-02
5.000000e+00	5.200000e+00	4.824836e-01	2.476300e-03	9.317050e-03
5.200000e+00	5.400000e+00	4.624075e-01	1.874940e-02	2.006550e-03
5.400000e+00	5.600000e+00	4.272056e-01	1.103000e-02	3.616400e-03
5.600000e+00	5.800000e+00	4.036452e-01	1.187885e-02	0.000000e+00
5.800000e+00	6.000000e+00	3.595672e-01	3.377100e-03	2.310500e-04
6.000000e+00	6.200000e+00	3.210022e-01	1.172900e-03	1.253400e-03
6.200000e+00	6.400000e+00	2.820348e-01	9.743500e-04	0.000000e+00
6.400000e+00	6.600000e+00	2.455288e-01	2.088650e-03	0.000000e+00
6.600000e+00	6.800000e+00	2.092399e-01	2.781300e-03	0.000000e+00
6.800000e+00	7.000000e+00	1.748390e-01	2.968250e-03	0.000000e+00
7.000000e+00	7.200000e+00	1.423402e-01	2.711100e-03	0.000000e+00
7.200000e+00	7.400000e+00	1.128888e-01	2.321050e-03	8.255000e-04
7.400000e+00	7.600000e+00	8.745680e-02	2.604950e-03	7.749000e-04
7.600000e+00	7.800000e+00	6.452480e-02	1.628300e-03	1.513150e-03
7.800000e+00	8.000000e+00	4.607154e-02	1.588380e-03	8.159000e-04
8.000000e+00	8.200000e+00	3.092650e-02	1.056545e-03	1.080100e-03
8.200000e+00	8.400000e+00	1.921684e-02	6.940600e-04	7.304150e-04
8.400000e+00	8.600000e+00	1.070134e-02	4.060450e-04	3.780000e-04
8.600000e+00	8.800000e+00	4.872177e-03	2.479595e-04	2.607725e-04
8.800000e+00	9.000000e+00	1.245519e-03	8.933750e-05	5.646700e-05
9.000000e+00	9.200000e+00	0.000000e+00	0.000000e+00	0.000000e+00
9.200000e+00	9.400000e+00	0.000000e+00	0.000000e+00	0.000000e+00
9.400000e+00	9.600000e+00	0.000000e+00	0.000000e+00	0.000000e+00
9.600000e+00	9.800000e+00	0.000000e+00	0.000000e+00	0.000000e+00
9.800000e+00	1.000000e+01	0.000000e+00	0.000000e+00	0.000000e+00
# END HISTO1D


# BEGIN HISTO1D //homes/tinghua1/Merging-Project/Production/HJETS/ratio-plots/hjets-vbfnlo/H-N2-N3-4-25gev-vbfnlo-combine.yoda/MC_H2JETS_07_LOOSE/deltay_jj
ErrorBandColor=red
ErrorBandOpacity=0.3
ErrorBands=1
ErrorType=env
LineColor=red
LineStyle=solid
Path=//homes/tinghua1/Merging-Project/Production/HJETS/ratio-plots/hjets-vbfnlo/H-N2-N3-4-25gev-vbfnlo-combine.yoda/MC_H2JETS_07_LOOSE/deltay_jj
RatioPlotSameStyle=1
Title=h(2*,3*,4)-vbfnlo
# xlow	 xhigh	 val	 errminus	 errplus
0.000000e+00	2.000000e-01	0.000000e+00	0.000000e+00	0.000000e+00
2.000000e-01	4.000000e-01	0.000000e+00	0.000000e+00	0.000000e+00
4.000000e-01	6.000000e-01	0.000000e+00	0.000000e+00	0.000000e+00
6.000000e-01	8.000000e-01	0.000000e+00	0.000000e+00	0.000000e+00
8.000000e-01	1.000000e+00	0.000000e+00	0.000000e+00	0.000000e+00
1.000000e+00	1.200000e+00	3.029699e-02	3.017000e-05	6.914100e-04
1.200000e+00	1.400000e+00	3.740643e-02	0.000000e+00	5.025400e-04
1.400000e+00	1.600000e+00	4.783728e-02	0.000000e+00	6.377650e-04
1.600000e+00	1.800000e+00	6.504610e-02	1.514050e-03	0.000000e+00
1.800000e+00	2.000000e+00	8.660545e-02	3.081700e-03	0.000000e+00
2.000000e+00	2.200000e+00	1.178897e-01	6.329050e-03	0.000000e+00
2.200000e+00	2.400000e+00	1.562916e-01	1.140855e-02	0.000000e+00
2.400000e+00	2.600000e+00	2.029257e-01	1.503065e-02	0.000000e+00
2.600000e+00	2.800000e+00	2.546355e-01	1.838085e-02	0.000000e+00
2.800000e+00	3.000000e+00	3.101649e-01	2.463925e-02	0.000000e+00
3.000000e+00	3.200000e+00	3.645053e-01	2.475250e-02	0.000000e+00
3.200000e+00	3.400000e+00	4.152791e-01	2.847715e-02	0.000000e+00
3.400000e+00	3.600000e+00	4.623514e-01	2.172950e-02	0.000000e+00
3.600000e+00	3.800000e+00	4.957379e-01	3.068635e-02	0.000000e+00
3.800000e+00	4.000000e+00	5.211205e-01	3.671960e-02	0.000000e+00
4.000000e+00	4.200000e+00	5.352560e-01	3.844570e-02	0.000000e+00
4.200000e+00	4.400000e+00	5.387770e-01	3.441700e-02	0.000000e+00
4.400000e+00	4.600000e+00	5.361510e-01	2.698750e-02	0.000000e+00
4.600000e+00	4.800000e+00	5.262690e-01	2.901740e-02	0.000000e+00
4.800000e+00	5.000000e+00	5.149875e-01	2.766810e-02	0.000000e+00
5.000000e+00	5.200000e+00	4.886085e-01	1.797100e-02	0.000000e+00
5.200000e+00	5.400000e+00	4.625876e-01	1.711305e-02	0.000000e+00
5.400000e+00	5.600000e+00	4.305270e-01	1.163900e-02	0.000000e+00
5.600000e+00	5.800000e+00	3.960095e-01	8.039500e-03	0.000000e+00
5.800000e+00	6.000000e+00	3.591288e-01	6.871050e-03	0.000000e+00
6.000000e+00	6.200000e+00	3.208796e-01	3.997500e-03	5.599000e-04
6.200000e+00	6.400000e+00	2.820527e-01	2.292250e-03	5.352000e-04
6.400000e+00	6.600000e+00	2.434398e-01	0.000000e+00	1.895650e-03
6.600000e+00	6.800000e+00	2.093058e-01	1.207100e-03	0.000000e+00
6.800000e+00	7.000000e+00	1.718889e-01	0.000000e+00	2.620250e-03
7.000000e+00	7.200000e+00	1.397717e-01	0.000000e+00	2.631850e-03
7.200000e+00	7.400000e+00	1.107513e-01	0.000000e+00	2.797650e-03
7.400000e+00	7.600000e+00	8.488485e-02	0.000000e+00	3.472850e-03
7.600000e+00	7.800000e+00	6.287250e-02	0.000000e+00	3.160950e-03
7.800000e+00	8.000000e+00	4.448590e-02	0.000000e+00	2.638410e-03
8.000000e+00	8.200000e+00	2.965666e-02	0.000000e+00	1.945360e-03
8.200000e+00	8.400000e+00	1.922802e-02	0.000000e+00	6.556050e-04
8.400000e+00	8.600000e+00	1.017570e-02	0.000000e+00	9.692400e-04
8.600000e+00	8.800000e+00	4.643938e-03	0.000000e+00	5.175115e-04
8.800000e+00	9.000000e+00	1.139682e-03	0.000000e+00	1.586655e-04
9.000000e+00	9.200000e+00	0.000000e+00	0.000000e+00	0.000000e+00
9.200000e+00	9.400000e+00	0.000000e+00	0.000000e+00	0.000000e+00
9.400000e+00	9.600000e+00	0.000000e+00	0.000000e+00	0.000000e+00
9.600000e+00	9.800000e+00	0.000000e+00	0.000000e+00	0.000000e+00
9.800000e+00	1.000000e+01	0.000000e+00	0.000000e+00	0.000000e+00
# END HISTO1D


# BEGIN HISTO1D //homes/tinghua1/Merging-Project/Production/HJETS/ratio-plots/hjets-vbfnlo/H-N2-3-4-25gev-combine.yoda/MC_H2JETS_07_LOOSE/deltay_jj
ErrorBandColor=blue
ErrorBandOpacity=0.3
ErrorBands=1
ErrorType=env
LineColor=blue
LineStyle=solid
Path=//homes/tinghua1/Merging-Project/Production/HJETS/ratio-plots/hjets-vbfnlo/H-N2-3-4-25gev-combine.yoda/MC_H2JETS_07_LOOSE/deltay_jj
RatioPlotSameStyle=1
Title=h(2*,3,4)
# xlow	 xhigh	 val	 errminus	 errplus
0.000000e+00	2.000000e-01	0.000000e+00	0.000000e+00	0.000000e+00
2.000000e-01	4.000000e-01	0.000000e+00	0.000000e+00	0.000000e+00
4.000000e-01	6.000000e-01	0.000000e+00	0.000000e+00	0.000000e+00
6.000000e-01	8.000000e-01	0.000000e+00	0.000000e+00	0.000000e+00
8.000000e-01	1.000000e+00	0.000000e+00	0.000000e+00	0.000000e+00
1.000000e+00	1.200000e+00	6.982710e-02	6.693000e-03	7.700850e-03
1.200000e+00	1.400000e+00	7.809705e-02	5.587500e-03	8.837700e-03
1.400000e+00	1.600000e+00	9.011340e-02	5.854850e-03	8.087950e-03
1.600000e+00	1.800000e+00	1.068481e-01	5.601150e-03	6.795450e-03
1.800000e+00	2.000000e+00	1.291777e-01	5.166750e-03	5.462100e-03
2.000000e+00	2.200000e+00	1.586700e-01	4.642300e-03	3.775000e-03
2.200000e+00	2.400000e+00	1.938617e-01	5.947500e-04	4.106500e-03
2.400000e+00	2.600000e+00	2.378958e-01	2.578700e-03	5.418300e-03
2.600000e+00	2.800000e+00	2.868751e-01	4.867950e-03	4.431600e-03
2.800000e+00	3.000000e+00	3.378176e-01	8.676200e-03	6.724100e-03
3.000000e+00	3.200000e+00	3.865425e-01	8.286100e-03	1.012440e-02
3.200000e+00	3.400000e+00	4.312163e-01	1.561260e-02	1.315630e-02
3.400000e+00	3.600000e+00	4.691402e-01	1.770315e-02	1.434705e-02
3.600000e+00	3.800000e+00	4.999477e-01	1.865345e-02	1.469935e-02
3.800000e+00	4.000000e+00	5.169590e-01	1.512250e-02	1.642050e-02
4.000000e+00	4.200000e+00	5.296315e-01	1.788150e-02	1.577650e-02
4.200000e+00	4.400000e+00	5.370630e-01	2.079250e-02	1.029100e-02
4.400000e+00	4.600000e+00	5.283650e-01	1.314450e-02	1.522850e-02
4.600000e+00	4.800000e+00	5.207505e-01	1.462600e-02	1.227650e-02
4.800000e+00	5.000000e+00	5.038550e-01	1.124665e-02	1.147350e-02
5.000000e+00	5.200000e+00	4.849759e-01	8.777950e-03	6.645200e-03
5.200000e+00	5.400000e+00	4.567486e-01	9.579400e-03	7.787750e-03
5.400000e+00	5.600000e+00	4.378128e-01	1.568545e-02	0.000000e+00
5.600000e+00	5.800000e+00	3.931388e-01	5.692950e-03	3.796750e-03
5.800000e+00	6.000000e+00	3.577203e-01	3.222650e-03	2.677450e-03
6.000000e+00	6.200000e+00	3.205043e-01	6.640000e-04	3.910500e-04
6.200000e+00	6.400000e+00	2.824816e-01	0.000000e+00	2.067500e-04
6.400000e+00	6.600000e+00	2.452045e-01	1.627150e-03	0.000000e+00
6.600000e+00	6.800000e+00	2.082866e-01	1.890150e-03	9.570000e-05
6.800000e+00	7.000000e+00	1.742628e-01	2.806800e-03	1.351000e-04
7.000000e+00	7.200000e+00	1.417921e-01	1.789900e-03	1.588750e-03
7.200000e+00	7.400000e+00	1.130312e-01	2.887150e-03	7.760000e-04
7.400000e+00	7.600000e+00	8.687960e-02	1.861000e-03	1.513150e-03
7.600000e+00	7.800000e+00	6.466250e-02	1.887600e-03	1.107000e-03
7.800000e+00	8.000000e+00	4.619194e-02	1.841655e-03	9.592000e-04
8.000000e+00	8.200000e+00	3.086503e-02	1.207730e-03	9.284750e-04
8.200000e+00	8.400000e+00	1.950043e-02	1.171645e-03	5.466700e-04
8.400000e+00	8.600000e+00	1.076578e-02	6.515700e-04	5.010550e-04
8.600000e+00	8.800000e+00	4.921893e-03	3.167825e-04	1.879820e-04
8.800000e+00	9.000000e+00	1.213439e-03	5.646950e-05	7.822100e-05
9.000000e+00	9.200000e+00	0.000000e+00	0.000000e+00	0.000000e+00
9.200000e+00	9.400000e+00	0.000000e+00	0.000000e+00	0.000000e+00
9.400000e+00	9.600000e+00	0.000000e+00	0.000000e+00	0.000000e+00
9.600000e+00	9.800000e+00	0.000000e+00	0.000000e+00	0.000000e+00
9.800000e+00	1.000000e+01	0.000000e+00	0.000000e+00	0.000000e+00
# END HISTO1D


# BEGIN HISTO1D //homes/tinghua1/Merging-Project/Production/HJETS/ratio-plots/hjets-vbfnlo/H-N2-3-4-25gev-vbfnlo-combine.yoda/MC_H2JETS_07_LOOSE/deltay_jj
ErrorBandColor=cyan
ErrorBandOpacity=0.3
ErrorBands=1
ErrorType=env
LineColor=cyan
LineStyle=solid
Path=//homes/tinghua1/Merging-Project/Production/HJETS/ratio-plots/hjets-vbfnlo/H-N2-3-4-25gev-vbfnlo-combine.yoda/MC_H2JETS_07_LOOSE/deltay_jj
RatioPlotSameStyle=1
Title=h(2*,3,4)-vbfnlo
# xlow	 xhigh	 val	 errminus	 errplus
0.000000e+00	2.000000e-01	0.000000e+00	0.000000e+00	0.000000e+00
2.000000e-01	4.000000e-01	0.000000e+00	0.000000e+00	0.000000e+00
4.000000e-01	6.000000e-01	0.000000e+00	0.000000e+00	0.000000e+00
6.000000e-01	8.000000e-01	0.000000e+00	0.000000e+00	0.000000e+00
8.000000e-01	1.000000e+00	0.000000e+00	0.000000e+00	0.000000e+00
1.000000e+00	1.200000e+00	2.979675e-02	1.575795e-03	1.586440e-03
1.200000e+00	1.400000e+00	3.681630e-02	7.078450e-04	1.665950e-03
1.400000e+00	1.600000e+00	4.794253e-02	5.218500e-04	6.819600e-04
1.600000e+00	1.800000e+00	6.353660e-02	1.998500e-04	4.003000e-04
1.800000e+00	2.000000e+00	8.489830e-02	1.050800e-03	1.953550e-03
2.000000e+00	2.200000e+00	1.139061e-01	3.702300e-03	3.219600e-03
2.200000e+00	2.400000e+00	1.509299e-01	5.142950e-03	5.244600e-03
2.400000e+00	2.600000e+00	1.951303e-01	9.035650e-03	7.700000e-03
2.600000e+00	2.800000e+00	2.455123e-01	1.156260e-02	9.857350e-03
2.800000e+00	3.000000e+00	2.991600e-01	1.360600e-02	1.282200e-02
3.000000e+00	3.200000e+00	3.519905e-01	1.655265e-02	1.703430e-02
3.200000e+00	3.400000e+00	4.016512e-01	1.938150e-02	1.729740e-02
3.400000e+00	3.600000e+00	4.455947e-01	2.429075e-02	1.760370e-02
3.600000e+00	3.800000e+00	4.792957e-01	2.199360e-02	1.626630e-02
3.800000e+00	4.000000e+00	5.034840e-01	2.187430e-02	1.780900e-02
4.000000e+00	4.200000e+00	5.188495e-01	2.013285e-02	1.659200e-02
4.200000e+00	4.400000e+00	5.242960e-01	1.846600e-02	1.578700e-02
4.400000e+00	4.600000e+00	5.227335e-01	1.794800e-02	1.566200e-02
4.600000e+00	4.800000e+00	5.163915e-01	1.701195e-02	1.159850e-02
4.800000e+00	5.000000e+00	5.019470e-01	1.588875e-02	9.912000e-03
5.000000e+00	5.200000e+00	4.808444e-01	1.173680e-02	8.922250e-03
5.200000e+00	5.400000e+00	4.558707e-01	1.115520e-02	6.373150e-03
5.400000e+00	5.600000e+00	4.264790e-01	1.037075e-02	4.029450e-03
5.600000e+00	5.800000e+00	3.928574e-01	6.872500e-03	2.879500e-03
5.800000e+00	6.000000e+00	3.571668e-01	5.148900e-03	1.810400e-03
6.000000e+00	6.200000e+00	3.199890e-01	3.348300e-03	6.730000e-05
6.200000e+00	6.400000e+00	2.826994e-01	2.868400e-03	0.000000e+00
6.400000e+00	6.600000e+00	2.443798e-01	1.273900e-03	0.000000e+00
6.600000e+00	6.800000e+00	2.084401e-01	1.990150e-03	4.995000e-05
6.800000e+00	7.000000e+00	1.739415e-01	2.509900e-03	3.222000e-04
7.000000e+00	7.200000e+00	1.413656e-01	2.120900e-03	1.772750e-03
7.200000e+00	7.400000e+00	1.122016e-01	2.299400e-03	1.584250e-03
7.400000e+00	7.600000e+00	8.692420e-02	2.461800e-03	1.481950e-03
7.600000e+00	7.800000e+00	6.436575e-02	1.826550e-03	1.741250e-03
7.800000e+00	8.000000e+00	4.585864e-02	1.598635e-03	1.414675e-03
8.000000e+00	8.200000e+00	3.098510e-02	1.251785e-03	1.056760e-03
8.200000e+00	8.400000e+00	1.923174e-02	8.938950e-04	7.782750e-04
8.400000e+00	8.600000e+00	1.074754e-02	5.811450e-04	5.025150e-04
8.600000e+00	8.800000e+00	4.894116e-03	3.385995e-04	2.402490e-04
8.800000e+00	9.000000e+00	1.206988e-03	6.000250e-05	8.302550e-05
9.000000e+00	9.200000e+00	0.000000e+00	0.000000e+00	0.000000e+00
9.200000e+00	9.400000e+00	0.000000e+00	0.000000e+00	0.000000e+00
9.400000e+00	9.600000e+00	0.000000e+00	0.000000e+00	0.000000e+00
9.600000e+00	9.800000e+00	0.000000e+00	0.000000e+00	0.000000e+00
9.800000e+00	1.000000e+01	0.000000e+00	0.000000e+00	0.000000e+00
# END HISTO1D


# BEGIN HISTO1D //homes/tinghua1/Merging-Project/Production/HJETS/ratio-plots/hjets-vbfnlo/H-2-3-4-25gev-combine.yoda/MC_H2JETS_07_LOOSE/deltay_jj
ErrorBandColor=yellow
ErrorBandOpacity=0.3
ErrorBands=1
ErrorType=env
LineColor=yellow
LineStyle=solid
Path=//homes/tinghua1/Merging-Project/Production/HJETS/ratio-plots/hjets-vbfnlo/H-2-3-4-25gev-combine.yoda/MC_H2JETS_07_LOOSE/deltay_jj
RatioPlotSameStyle=1
Title=h(2,3,4)
# xlow	 xhigh	 val	 errminus	 errplus
0.000000e+00	2.000000e-01	0.000000e+00	0.000000e+00	0.000000e+00
2.000000e-01	4.000000e-01	0.000000e+00	0.000000e+00	0.000000e+00
4.000000e-01	6.000000e-01	0.000000e+00	0.000000e+00	0.000000e+00
6.000000e-01	8.000000e-01	0.000000e+00	0.000000e+00	0.000000e+00
8.000000e-01	1.000000e+00	0.000000e+00	0.000000e+00	0.000000e+00
1.000000e+00	1.200000e+00	4.452412e-02	2.366215e-03	4.326310e-03
1.200000e+00	1.400000e+00	5.569905e-02	3.744750e-03	3.554350e-03
1.400000e+00	1.600000e+00	6.977485e-02	3.300950e-03	3.694550e-03
1.600000e+00	1.800000e+00	8.885445e-02	2.850650e-03	3.050200e-03
1.800000e+00	2.000000e+00	1.145555e-01	2.659100e-03	1.792050e-03
2.000000e+00	2.200000e+00	1.471985e-01	2.081750e-03	0.000000e+00
2.200000e+00	2.400000e+00	1.866816e-01	1.615350e-03	8.848000e-04
2.400000e+00	2.600000e+00	2.342273e-01	5.101900e-03	1.538950e-03
2.600000e+00	2.800000e+00	2.862966e-01	6.947850e-03	3.948450e-03
2.800000e+00	3.000000e+00	3.416664e-01	1.086955e-02	5.550950e-03
3.000000e+00	3.200000e+00	3.950673e-01	1.301160e-02	7.381200e-03
3.200000e+00	3.400000e+00	4.450060e-01	1.437965e-02	6.319550e-03
3.400000e+00	3.600000e+00	4.854048e-01	1.378145e-02	6.899900e-03
3.600000e+00	3.800000e+00	5.181690e-01	1.318700e-02	4.808000e-03
3.800000e+00	4.000000e+00	5.385150e-01	1.059650e-02	4.808500e-03
4.000000e+00	4.200000e+00	5.506085e-01	7.960500e-03	3.785000e-04
4.200000e+00	4.400000e+00	5.521440e-01	2.951500e-03	0.000000e+00
4.400000e+00	4.600000e+00	5.464425e-01	2.339000e-03	9.300000e-04
4.600000e+00	4.800000e+00	5.362345e-01	7.819000e-03	3.316500e-03
4.800000e+00	5.000000e+00	5.196360e-01	1.233050e-02	5.325500e-03
5.000000e+00	5.200000e+00	4.936307e-01	1.390390e-02	1.241030e-02
5.200000e+00	5.400000e+00	4.642320e-01	1.574305e-02	1.364850e-02
5.400000e+00	5.600000e+00	4.309895e-01	1.706140e-02	1.621820e-02
5.600000e+00	5.800000e+00	3.947328e-01	1.808405e-02	1.793980e-02
5.800000e+00	6.000000e+00	3.559909e-01	1.874415e-02	1.984920e-02
6.000000e+00	6.200000e+00	3.162544e-01	1.842640e-02	1.971935e-02
6.200000e+00	6.400000e+00	2.766730e-01	1.824750e-02	1.987150e-02
6.400000e+00	6.600000e+00	2.376618e-01	1.719015e-02	1.920925e-02
6.600000e+00	6.800000e+00	2.002234e-01	1.540995e-02	1.767310e-02
6.800000e+00	7.000000e+00	1.651644e-01	1.388595e-02	1.669300e-02
7.000000e+00	7.200000e+00	1.332339e-01	1.204565e-02	1.398760e-02
7.200000e+00	7.400000e+00	1.045401e-01	1.012385e-02	1.205350e-02
7.400000e+00	7.600000e+00	7.946175e-02	8.203050e-03	1.001470e-02
7.600000e+00	7.800000e+00	5.825415e-02	6.366850e-03	7.768200e-03
7.800000e+00	8.000000e+00	4.079685e-02	4.629180e-03	5.779785e-03
8.000000e+00	8.200000e+00	2.699668e-02	3.257035e-03	4.163260e-03
8.200000e+00	8.400000e+00	1.649969e-02	2.087455e-03	2.709430e-03
8.400000e+00	8.600000e+00	9.033230e-03	1.191325e-03	1.556420e-03
8.600000e+00	8.800000e+00	4.040488e-03	5.841375e-04	7.264910e-04
8.800000e+00	9.000000e+00	9.802730e-04	1.325375e-04	2.015765e-04
9.000000e+00	9.200000e+00	0.000000e+00	0.000000e+00	0.000000e+00
9.200000e+00	9.400000e+00	0.000000e+00	0.000000e+00	0.000000e+00
9.400000e+00	9.600000e+00	0.000000e+00	0.000000e+00	0.000000e+00
9.600000e+00	9.800000e+00	0.000000e+00	0.000000e+00	0.000000e+00
9.800000e+00	1.000000e+01	0.000000e+00	0.000000e+00	0.000000e+00
# END HISTO1D


# BEGIN HISTO1D //homes/tinghua1/Merging-Project/Production/HJETS/ratio-plots/hjets-vbfnlo/H-2-3-4-25gev-vbfnlo-combine.yoda/MC_H2JETS_07_LOOSE/deltay_jj
ErrorBandColor=green
ErrorBandOpacity=0.3
ErrorBands=1
ErrorType=env
LineColor=green
LineStyle=solid
Path=//homes/tinghua1/Merging-Project/Production/HJETS/ratio-plots/hjets-vbfnlo/H-2-3-4-25gev-vbfnlo-combine.yoda/MC_H2JETS_07_LOOSE/deltay_jj
RatioPlotSameStyle=1
Title=h(2,3,4)-vbfnlo
# xlow	 xhigh	 val	 errminus	 errplus
0.000000e+00	2.000000e-01	0.000000e+00	0.000000e+00	0.000000e+00
2.000000e-01	4.000000e-01	0.000000e+00	0.000000e+00	0.000000e+00
4.000000e-01	6.000000e-01	0.000000e+00	0.000000e+00	0.000000e+00
6.000000e-01	8.000000e-01	0.000000e+00	0.000000e+00	0.000000e+00
8.000000e-01	1.000000e+00	0.000000e+00	0.000000e+00	0.000000e+00
1.000000e+00	1.200000e+00	2.771442e-02	1.359560e-03	1.231785e-03
1.200000e+00	1.400000e+00	3.587020e-02	1.078445e-03	1.127600e-03
1.400000e+00	1.600000e+00	4.777235e-02	8.468550e-04	5.733850e-04
1.600000e+00	1.800000e+00	6.480270e-02	7.542500e-04	0.000000e+00
1.800000e+00	2.000000e+00	8.793615e-02	2.146250e-03	6.826000e-04
2.000000e+00	2.200000e+00	1.181163e-01	3.832750e-03	2.570550e-03
2.200000e+00	2.400000e+00	1.572692e-01	6.530500e-03	3.741200e-03
2.400000e+00	2.600000e+00	2.039697e-01	9.330700e-03	6.124650e-03
2.600000e+00	2.800000e+00	2.572436e-01	1.251270e-02	7.854950e-03
2.800000e+00	3.000000e+00	3.143011e-01	1.511330e-02	9.255150e-03
3.000000e+00	3.200000e+00	3.707589e-01	1.685930e-02	1.001335e-02
3.200000e+00	3.400000e+00	4.224037e-01	1.716140e-02	1.058260e-02
3.400000e+00	3.600000e+00	4.671985e-01	1.685225e-02	1.005180e-02
3.600000e+00	3.800000e+00	5.027260e-01	1.504085e-02	8.415000e-03
3.800000e+00	4.000000e+00	5.276315e-01	1.285800e-02	5.309500e-03
4.000000e+00	4.200000e+00	5.418380e-01	9.505000e-03	2.471000e-03
4.200000e+00	4.400000e+00	5.452985e-01	4.394500e-03	0.000000e+00
4.400000e+00	4.600000e+00	5.433345e-01	4.351000e-03	0.000000e+00
4.600000e+00	4.800000e+00	5.327520e-01	7.435000e-03	3.458000e-03
4.800000e+00	5.000000e+00	5.160715e-01	1.126100e-02	6.721500e-03
5.000000e+00	5.200000e+00	4.927058e-01	1.367430e-02	1.018020e-02
5.200000e+00	5.400000e+00	4.633155e-01	1.497200e-02	1.400480e-02
5.400000e+00	5.600000e+00	4.306238e-01	1.701605e-02	1.593235e-02
5.600000e+00	5.800000e+00	3.944658e-01	1.817200e-02	1.772080e-02
5.800000e+00	6.000000e+00	3.557729e-01	1.862475e-02	1.945840e-02
6.000000e+00	6.200000e+00	3.158865e-01	1.814460e-02	2.036460e-02
6.200000e+00	6.400000e+00	2.763649e-01	1.782090e-02	1.996135e-02
6.400000e+00	6.600000e+00	2.375840e-01	1.686900e-02	1.888690e-02
6.600000e+00	6.800000e+00	2.002636e-01	1.584130e-02	1.778940e-02
6.800000e+00	7.000000e+00	1.650644e-01	1.360465e-02	1.640925e-02
7.000000e+00	7.200000e+00	1.331635e-01	1.213200e-02	1.422705e-02
7.200000e+00	7.400000e+00	1.044379e-01	1.007215e-02	1.207890e-02
7.400000e+00	7.600000e+00	7.950610e-02	8.299050e-03	9.953550e-03
7.600000e+00	7.800000e+00	5.829495e-02	6.396950e-03	7.784800e-03
7.800000e+00	8.000000e+00	4.072000e-02	4.651510e-03	5.980435e-03
8.000000e+00	8.200000e+00	2.695630e-02	3.231255e-03	4.172540e-03
8.200000e+00	8.400000e+00	1.652294e-02	2.111300e-03	2.726050e-03
8.400000e+00	8.600000e+00	9.038195e-03	1.209930e-03	1.526400e-03
8.600000e+00	8.800000e+00	4.018689e-03	5.452970e-04	7.556565e-04
8.800000e+00	9.000000e+00	9.912035e-04	1.453450e-04	1.852505e-04
9.000000e+00	9.200000e+00	0.000000e+00	0.000000e+00	0.000000e+00
9.200000e+00	9.400000e+00	0.000000e+00	0.000000e+00	0.000000e+00
9.400000e+00	9.600000e+00	0.000000e+00	0.000000e+00	0.000000e+00
9.600000e+00	9.800000e+00	0.000000e+00	0.000000e+00	0.000000e+00
9.800000e+00	1.000000e+01	0.000000e+00	0.000000e+00	0.000000e+00
# END HISTO1D


# BEGIN HISTO1D //homes/tinghua1/Merging-Project/Production/HJETS/ratio-plots/hjets-vbfnlo/H-2-3-25gev-combine.yoda/MC_H2JETS_07_LOOSE/deltay_jj
ErrorBandColor=purple
ErrorBandOpacity=0.3
ErrorBands=1
ErrorType=env
LineColor=purple
LineStyle=solid
Path=//homes/tinghua1/Merging-Project/Production/HJETS/ratio-plots/hjets-vbfnlo/H-2-3-25gev-combine.yoda/MC_H2JETS_07_LOOSE/deltay_jj
RatioPlotSameStyle=1
Title=h(2,3)
# xlow	 xhigh	 val	 errminus	 errplus
0.000000e+00	2.000000e-01	0.000000e+00	0.000000e+00	0.000000e+00
2.000000e-01	4.000000e-01	0.000000e+00	0.000000e+00	0.000000e+00
4.000000e-01	6.000000e-01	0.000000e+00	0.000000e+00	0.000000e+00
6.000000e-01	8.000000e-01	0.000000e+00	0.000000e+00	0.000000e+00
8.000000e-01	1.000000e+00	0.000000e+00	0.000000e+00	0.000000e+00
1.000000e+00	1.200000e+00	4.178580e-02	0.000000e+00	7.131330e-03
1.200000e+00	1.400000e+00	5.218870e-02	0.000000e+00	6.995250e-03
1.400000e+00	1.600000e+00	6.658345e-02	0.000000e+00	6.566250e-03
1.600000e+00	1.800000e+00	8.566915e-02	0.000000e+00	4.419950e-03
1.800000e+00	2.000000e+00	1.116024e-01	0.000000e+00	3.669250e-03
2.000000e+00	2.200000e+00	1.453198e-01	0.000000e+00	8.925500e-04
2.200000e+00	2.400000e+00	1.866934e-01	2.761600e-03	0.000000e+00
2.400000e+00	2.600000e+00	2.355162e-01	6.800300e-03	0.000000e+00
2.600000e+00	2.800000e+00	2.903652e-01	1.199185e-02	0.000000e+00
2.800000e+00	3.000000e+00	3.467464e-01	1.635535e-02	0.000000e+00
3.000000e+00	3.200000e+00	4.010864e-01	1.895460e-02	0.000000e+00
3.200000e+00	3.400000e+00	4.524186e-01	2.274445e-02	0.000000e+00
3.400000e+00	3.600000e+00	4.915789e-01	2.059875e-02	0.000000e+00
3.600000e+00	3.800000e+00	5.227545e-01	1.808900e-02	0.000000e+00
3.800000e+00	4.000000e+00	5.425005e-01	1.499800e-02	0.000000e+00
4.000000e+00	4.200000e+00	5.505365e-01	8.126000e-03	0.000000e+00
4.200000e+00	4.400000e+00	5.493095e-01	1.401000e-03	4.074500e-03
4.400000e+00	4.600000e+00	5.425100e-01	0.000000e+00	5.779500e-03
4.600000e+00	4.800000e+00	5.275795e-01	0.000000e+00	1.200600e-02
4.800000e+00	5.000000e+00	5.067260e-01	0.000000e+00	1.855550e-02
5.000000e+00	5.200000e+00	4.796391e-01	0.000000e+00	2.484540e-02
5.200000e+00	5.400000e+00	4.485557e-01	0.000000e+00	2.990655e-02
5.400000e+00	5.600000e+00	4.134748e-01	0.000000e+00	3.393300e-02
5.600000e+00	5.800000e+00	3.765796e-01	0.000000e+00	3.600395e-02
5.800000e+00	6.000000e+00	3.373778e-01	0.000000e+00	3.815135e-02
6.000000e+00	6.200000e+00	2.974535e-01	0.000000e+00	3.798535e-02
6.200000e+00	6.400000e+00	2.581212e-01	0.000000e+00	3.806585e-02
6.400000e+00	6.600000e+00	2.205238e-01	0.000000e+00	3.605270e-02
6.600000e+00	6.800000e+00	1.843282e-01	0.000000e+00	3.335720e-02
6.800000e+00	7.000000e+00	1.514024e-01	0.000000e+00	2.974905e-02
7.000000e+00	7.200000e+00	1.211526e-01	0.000000e+00	2.629845e-02
7.200000e+00	7.400000e+00	9.450915e-02	0.000000e+00	2.202420e-02
7.400000e+00	7.600000e+00	7.122375e-02	0.000000e+00	1.818115e-02
7.600000e+00	7.800000e+00	5.191360e-02	0.000000e+00	1.413890e-02
7.800000e+00	8.000000e+00	3.603728e-02	0.000000e+00	1.058816e-02
8.000000e+00	8.200000e+00	2.365030e-02	0.000000e+00	7.452670e-03
8.200000e+00	8.400000e+00	1.440419e-02	0.000000e+00	5.494745e-03
8.400000e+00	8.600000e+00	7.830465e-03	0.000000e+00	2.777255e-03
8.600000e+00	8.800000e+00	3.443601e-03	0.000000e+00	1.302068e-03
8.800000e+00	9.000000e+00	8.516450e-04	0.000000e+00	3.259430e-04
9.000000e+00	9.200000e+00	0.000000e+00	0.000000e+00	0.000000e+00
9.200000e+00	9.400000e+00	0.000000e+00	0.000000e+00	0.000000e+00
9.400000e+00	9.600000e+00	0.000000e+00	0.000000e+00	0.000000e+00
9.600000e+00	9.800000e+00	0.000000e+00	0.000000e+00	0.000000e+00
9.800000e+00	1.000000e+01	0.000000e+00	0.000000e+00	0.000000e+00
# END HISTO1D


# BEGIN HISTO1D //homes/tinghua1/Merging-Project/Production/HJETS/ratio-plots/hjets-vbfnlo/H-2-3-25gev-vbfnlo-combine.yoda/MC_H2JETS_07_LOOSE/deltay_jj
ErrorBandColor=violet
ErrorBandOpacity=0.3
ErrorBands=1
ErrorType=env
LineColor=violet
LineStyle=solid
Path=//homes/tinghua1/Merging-Project/Production/HJETS/ratio-plots/hjets-vbfnlo/H-2-3-25gev-vbfnlo-combine.yoda/MC_H2JETS_07_LOOSE/deltay_jj
RatioPlotSameStyle=1
Title=h(2,3)-vbfnlo
# xlow	 xhigh	 val	 errminus	 errplus
0.000000e+00	2.000000e-01	0.000000e+00	0.000000e+00	0.000000e+00
2.000000e-01	4.000000e-01	0.000000e+00	0.000000e+00	0.000000e+00
4.000000e-01	6.000000e-01	0.000000e+00	0.000000e+00	0.000000e+00
6.000000e-01	8.000000e-01	0.000000e+00	0.000000e+00	0.000000e+00
8.000000e-01	1.000000e+00	0.000000e+00	0.000000e+00	0.000000e+00
1.000000e+00	1.200000e+00	2.918324e-02	2.688190e-03	0.000000e+00
1.200000e+00	1.400000e+00	3.728697e-02	2.367540e-03	0.000000e+00
1.400000e+00	1.600000e+00	4.827955e-02	1.050910e-03	0.000000e+00
1.600000e+00	1.800000e+00	6.391400e-02	0.000000e+00	6.691000e-04
1.800000e+00	2.000000e+00	8.568690e-02	0.000000e+00	3.216600e-03
2.000000e+00	2.200000e+00	1.144946e-01	0.000000e+00	6.339750e-03
2.200000e+00	2.400000e+00	1.510961e-01	0.000000e+00	1.037675e-02
2.400000e+00	2.600000e+00	1.954754e-01	0.000000e+00	1.542490e-02
2.600000e+00	2.800000e+00	2.460204e-01	0.000000e+00	1.952155e-02
2.800000e+00	3.000000e+00	2.999257e-01	0.000000e+00	2.398200e-02
3.000000e+00	3.200000e+00	3.546403e-01	0.000000e+00	2.646845e-02
3.200000e+00	3.400000e+00	4.056289e-01	0.000000e+00	2.811140e-02
3.400000e+00	3.600000e+00	4.514766e-01	0.000000e+00	2.597450e-02
3.600000e+00	3.800000e+00	4.882988e-01	0.000000e+00	2.292625e-02
3.800000e+00	4.000000e+00	5.160675e-01	0.000000e+00	1.779100e-02
4.000000e+00	4.200000e+00	5.335305e-01	0.000000e+00	1.105700e-02
4.200000e+00	4.400000e+00	5.412340e-01	0.000000e+00	5.830000e-03
4.400000e+00	4.600000e+00	5.418060e-01	2.789500e-03	1.530000e-03
4.600000e+00	4.800000e+00	5.362400e-01	1.090250e-02	0.000000e+00
4.800000e+00	5.000000e+00	5.226295e-01	1.740800e-02	0.000000e+00
5.000000e+00	5.200000e+00	5.028445e-01	2.372900e-02	0.000000e+00
5.200000e+00	5.400000e+00	4.772312e-01	2.898050e-02	0.000000e+00
5.400000e+00	5.600000e+00	4.464769e-01	3.314090e-02	0.000000e+00
5.600000e+00	5.800000e+00	4.123802e-01	3.651515e-02	0.000000e+00
5.800000e+00	6.000000e+00	3.748310e-01	3.783745e-02	0.000000e+00
6.000000e+00	6.200000e+00	3.357318e-01	3.836990e-02	0.000000e+00
6.200000e+00	6.400000e+00	2.958975e-01	3.746815e-02	0.000000e+00
6.400000e+00	6.600000e+00	2.563831e-01	3.582000e-02	0.000000e+00
6.600000e+00	6.800000e+00	2.178083e-01	3.330120e-02	0.000000e+00
6.800000e+00	7.000000e+00	1.812590e-01	3.005100e-02	0.000000e+00
7.000000e+00	7.200000e+00	1.471782e-01	2.596750e-02	0.000000e+00
7.200000e+00	7.400000e+00	1.164749e-01	2.212675e-02	0.000000e+00
7.400000e+00	7.600000e+00	8.923245e-02	1.795290e-02	0.000000e+00
7.600000e+00	7.800000e+00	6.599390e-02	1.410925e-02	0.000000e+00
7.800000e+00	8.000000e+00	4.653865e-02	1.049294e-02	0.000000e+00
8.000000e+00	8.200000e+00	3.113785e-02	7.468905e-03	0.000000e+00
8.200000e+00	8.400000e+00	1.920420e-02	4.808140e-03	0.000000e+00
8.400000e+00	8.600000e+00	1.055471e-02	2.753120e-03	0.000000e+00
8.600000e+00	8.800000e+00	4.748004e-03	1.282326e-03	0.000000e+00
8.800000e+00	9.000000e+00	1.175915e-03	3.292605e-04	0.000000e+00
9.000000e+00	9.200000e+00	0.000000e+00	0.000000e+00	0.000000e+00
9.200000e+00	9.400000e+00	0.000000e+00	0.000000e+00	0.000000e+00
9.400000e+00	9.600000e+00	0.000000e+00	0.000000e+00	0.000000e+00
9.600000e+00	9.800000e+00	0.000000e+00	0.000000e+00	0.000000e+00
9.800000e+00	1.000000e+01	0.000000e+00	0.000000e+00	0.000000e+00
# END HISTO1D

