# BEGIN PLOT
Scale=1000.0
DrawOnly=//homes/tinghua1/Merging-Project/Production/HJETS/ratio-plots/hjets-vbfnlo/H-N2-N3-4-25gev-combine.yoda/MC_H2JETS_07_LOOSE/j2j4_mass //homes/tinghua1/Merging-Project/Production/HJETS/ratio-plots/hjets-vbfnlo/H-N2-N3-4-25gev-vbfnlo-combine.yoda/MC_H2JETS_07_LOOSE/j2j4_mass //homes/tinghua1/Merging-Project/Production/HJETS/ratio-plots/hjets-vbfnlo/H-N2-3-4-25gev-combine.yoda/MC_H2JETS_07_LOOSE/j2j4_mass //homes/tinghua1/Merging-Project/Production/HJETS/ratio-plots/hjets-vbfnlo/H-N2-3-4-25gev-vbfnlo-combine.yoda/MC_H2JETS_07_LOOSE/j2j4_mass //homes/tinghua1/Merging-Project/Production/HJETS/ratio-plots/hjets-vbfnlo/H-2-3-4-25gev-combine.yoda/MC_H2JETS_07_LOOSE/j2j4_mass //homes/tinghua1/Merging-Project/Production/HJETS/ratio-plots/hjets-vbfnlo/H-2-3-4-25gev-vbfnlo-combine.yoda/MC_H2JETS_07_LOOSE/j2j4_mass //homes/tinghua1/Merging-Project/Production/HJETS/ratio-plots/hjets-vbfnlo/H-2-3-25gev-combine.yoda/MC_H2JETS_07_LOOSE/j2j4_mass //homes/tinghua1/Merging-Project/Production/HJETS/ratio-plots/hjets-vbfnlo/H-2-3-25gev-vbfnlo-combine.yoda/MC_H2JETS_07_LOOSE/j2j4_mass
RightMargin=0.5
RatioPlotReference=//homes/tinghua1/Merging-Project/Production/HJETS/ratio-plots/hjets-vbfnlo/H-N2-N3-4-25gev-combine.yoda/MC_H2JETS_07_LOOSE/j2j4_mass
#RatioPlot=1
LogY=1
RatioPlotYMax=2.0
RatioPlotYLabel=Ratio
#LegendOnly=//homes/tinghua1/Merging-Project/Production/HJETS/ratio-plots/hjets-vbfnlo/H-N2-N3-4-25gev-combine.yoda/MC_H2JETS_07_LOOSE/j2j4_mass //homes/tinghua1/Merging-Project/Production/HJETS/ratio-plots/hjets-vbfnlo/H-N2-N3-4-25gev-vbfnlo-combine.yoda/MC_H2JETS_07_LOOSE/j2j4_mass //homes/tinghua1/Merging-Project/Production/HJETS/ratio-plots/hjets-vbfnlo/H-N2-3-4-25gev-combine.yoda/MC_H2JETS_07_LOOSE/j2j4_mass //homes/tinghua1/Merging-Project/Production/HJETS/ratio-plots/hjets-vbfnlo/H-N2-3-4-25gev-vbfnlo-combine.yoda/MC_H2JETS_07_LOOSE/j2j4_mass //homes/tinghua1/Merging-Project/Production/HJETS/ratio-plots/hjets-vbfnlo/H-2-3-4-25gev-combine.yoda/MC_H2JETS_07_LOOSE/j2j4_mass //homes/tinghua1/Merging-Project/Production/HJETS/ratio-plots/hjets-vbfnlo/H-2-3-4-25gev-vbfnlo-combine.yoda/MC_H2JETS_07_LOOSE/j2j4_mass //homes/tinghua1/Merging-Project/Production/HJETS/ratio-plots/hjets-vbfnlo/H-2-3-25gev-combine.yoda/MC_H2JETS_07_LOOSE/j2j4_mass //homes/tinghua1/Merging-Project/Production/HJETS/ratio-plots/hjets-vbfnlo/H-2-3-25gev-vbfnlo-combine.yoda/MC_H2JETS_07_LOOSE/j2j4_mass
XLabel=$m_{j_2j_4}$ (GeV)
LegendAlign=r
XMax=1000
YLabel=$ \text{d} \sigma/ \text{d}  m_{j_2j_4}$ (fb/GeV)
Legend=1
RatioPlot=4
MainPlotSelection={"Selection":[1,2,3,4,5,6,7,8]}
RatioPlots={"RatioPlotYLabel":"","Selection":[1,2]};{"RatioPlotYLabel":"","Selection":[3,4]};{"RatioPlotYLabel":"","Selection":[5,6]};{"RatioPlotYLabel":"","Selection":[7,8]}
RatioPlotSameStyle=1
RatioPlotYMin=0.0
# END PLOT


# BEGIN SPECIAL /MC_H2JETS_07_LOOSE/j2j4_mass
\rput[tl](0.05,0.75){\parbox{5cm}{\textcolor{gray}{{\bf Herwig 7.2.0} \\ HJETS/ColorFull}}}
# END SPECIAL

# BEGIN HISTO1D //homes/tinghua1/Merging-Project/Production/HJETS/ratio-plots/hjets-vbfnlo/H-N2-N3-4-25gev-combine.yoda/MC_H2JETS_07_LOOSE/j2j4_mass
ErrorBandColor=orange
ErrorBandOpacity=0.3
ErrorBands=1
ErrorType=env
LineColor=orange
LineStyle=solid
Path=//homes/tinghua1/Merging-Project/Production/HJETS/ratio-plots/hjets-vbfnlo/H-N2-N3-4-25gev-combine.yoda/MC_H2JETS_07_LOOSE/j2j4_mass
RatioPlotSameStyle=1
Title=h(2*,3*,4)
# xlow	 xhigh	 val	 errminus	 errplus
0.000000e+00	4.000000e+01	4.461515e-05	1.450225e-06	6.910600e-06
4.000000e+01	8.000000e+01	4.258920e-04	7.149400e-05	6.258175e-05
8.000000e+01	1.200000e+02	5.632415e-04	1.406490e-04	2.841800e-05
1.200000e+02	1.600000e+02	3.001632e-04	6.095507e-05	9.174350e-05
1.600000e+02	2.000000e+02	1.810424e-04	8.119500e-06	6.390205e-05
2.000000e+02	2.400000e+02	1.407704e-04	1.789692e-05	3.773603e-05
2.400000e+02	2.800000e+02	1.185065e-04	2.140777e-05	2.485258e-05
2.800000e+02	3.200000e+02	9.234482e-05	1.558230e-05	2.092213e-05
3.200000e+02	3.600000e+02	7.652035e-05	1.863465e-05	1.903550e-05
3.600000e+02	4.000000e+02	5.979275e-05	6.481100e-06	2.235897e-05
4.000000e+02	4.400000e+02	5.628230e-05	9.367175e-06	1.612558e-05
4.400000e+02	4.800000e+02	4.695360e-05	6.193425e-06	1.180652e-05
4.800000e+02	5.200000e+02	4.307893e-05	1.043057e-05	1.073380e-05
5.200000e+02	5.600000e+02	3.698015e-05	6.500475e-06	0.000000e+00
5.600000e+02	6.000000e+02	3.230520e-05	6.741475e-06	9.624050e-06
6.000000e+02	6.400000e+02	2.637915e-05	1.705750e-07	1.278000e-05
6.400000e+02	6.800000e+02	2.492772e-05	3.839797e-06	9.001628e-06
6.800000e+02	7.200000e+02	2.876012e-05	9.167220e-06	0.000000e+00
7.200000e+02	7.600000e+02	2.144416e-05	4.078490e-06	1.005163e-06
7.600000e+02	8.000000e+02	1.826309e-05	1.665970e-06	6.187767e-06
8.000000e+02	8.400000e+02	1.841620e-05	4.562955e-06	2.559952e-06
8.400000e+02	8.800000e+02	1.545246e-05	2.719030e-06	1.743950e-06
8.800000e+02	9.200000e+02	1.441488e-05	1.522370e-06	2.601033e-06
9.200000e+02	9.600000e+02	1.372139e-05	3.528920e-06	2.774403e-06
9.600000e+02	1.000000e+03	1.010251e-05	0.000000e+00	8.099253e-06
1.000000e+03	1.040000e+03	1.086047e-05	2.494472e-06	4.598192e-06
1.040000e+03	1.080000e+03	1.084578e-05	2.264705e-06	5.358130e-06
1.080000e+03	1.120000e+03	1.146763e-05	2.976160e-06	1.610648e-06
1.120000e+03	1.160000e+03	7.830548e-06	3.945925e-07	2.748277e-06
1.160000e+03	1.200000e+03	8.515968e-06	2.035517e-06	2.102440e-06
1.200000e+03	1.240000e+03	8.545775e-06	2.566203e-06	7.493275e-07
1.240000e+03	1.280000e+03	6.887825e-06	1.057423e-06	2.606025e-07
1.280000e+03	1.320000e+03	5.200228e-06	0.000000e+00	1.743735e-06
1.320000e+03	1.360000e+03	5.671495e-06	1.101510e-06	0.000000e+00
1.360000e+03	1.400000e+03	5.503323e-06	8.410700e-07	8.799550e-07
1.400000e+03	1.440000e+03	4.858980e-06	7.898050e-07	1.140983e-06
1.440000e+03	1.480000e+03	4.447645e-06	1.145267e-06	9.500550e-07
1.480000e+03	1.520000e+03	4.211813e-06	1.178562e-06	7.574500e-08
1.520000e+03	1.560000e+03	3.799220e-06	5.838375e-07	2.888568e-06
1.560000e+03	1.600000e+03	3.140247e-06	5.033575e-07	1.483690e-06
1.600000e+03	1.640000e+03	6.277910e-06	3.919680e-06	0.000000e+00
1.640000e+03	1.680000e+03	2.485219e-06	2.933365e-07	2.986008e-07
1.680000e+03	1.720000e+03	2.089437e-06	0.000000e+00	1.295356e-06
1.720000e+03	1.760000e+03	2.727683e-06	6.774410e-07	8.205500e-07
1.760000e+03	1.800000e+03	2.303739e-06	0.000000e+00	9.063510e-07
1.800000e+03	1.840000e+03	2.116423e-06	1.089513e-06	0.000000e+00
1.840000e+03	1.880000e+03	1.979115e-06	1.244953e-07	9.479152e-07
1.880000e+03	1.920000e+03	1.904855e-06	5.453887e-07	5.616952e-07
1.920000e+03	1.960000e+03	1.544659e-06	4.611075e-08	9.837960e-07
1.960000e+03	2.000000e+03	1.516453e-06	6.003215e-07	0.000000e+00
2.000000e+03	2.040000e+03	1.527463e-06	0.000000e+00	1.743920e-06
2.040000e+03	2.080000e+03	1.274837e-06	0.000000e+00	1.693845e-06
2.080000e+03	2.120000e+03	1.665651e-06	7.169832e-07	7.614825e-06
2.120000e+03	2.160000e+03	1.398474e-06	5.101810e-07	0.000000e+00
2.160000e+03	2.200000e+03	9.390105e-07	0.000000e+00	2.030200e-08
2.200000e+03	2.240000e+03	9.749093e-07	2.210850e-08	4.689907e-07
2.240000e+03	2.280000e+03	6.578100e-07	0.000000e+00	3.452918e-07
2.280000e+03	2.320000e+03	1.194485e-06	5.159487e-07	0.000000e+00
2.320000e+03	2.360000e+03	1.146676e-06	3.617597e-07	0.000000e+00
2.360000e+03	2.400000e+03	3.353918e-07	8.097638e-07	2.780605e-07
2.400000e+03	2.440000e+03	5.275475e-07	4.607900e-08	6.285880e-07
2.440000e+03	2.480000e+03	7.086858e-07	1.220455e-07	0.000000e+00
2.480000e+03	2.520000e+03	6.025410e-07	9.002750e-08	5.479638e-07
2.520000e+03	2.560000e+03	5.069490e-07	7.831000e-09	1.882248e-07
2.560000e+03	2.600000e+03	3.575193e-07	0.000000e+00	3.159452e-07
2.600000e+03	2.640000e+03	4.257867e-07	1.050415e-07	1.855433e-07
2.640000e+03	2.680000e+03	7.487232e-07	2.049785e-07	2.274430e-07
2.680000e+03	2.720000e+03	4.724380e-07	1.322570e-07	0.000000e+00
2.720000e+03	2.760000e+03	2.155276e-07	0.000000e+00	3.006829e-07
2.760000e+03	2.800000e+03	5.740685e-07	2.958940e-07	0.000000e+00
2.800000e+03	2.840000e+03	4.598430e-07	2.278394e-07	0.000000e+00
2.840000e+03	2.880000e+03	2.632030e-07	0.000000e+00	6.221775e-08
2.880000e+03	2.920000e+03	2.664297e-07	8.186800e-08	1.112450e-07
2.920000e+03	2.960000e+03	-1.578667e-07	0.000000e+00	4.434417e-07
2.960000e+03	3.000000e+03	2.784735e-07	1.267388e-07	2.496625e-08
3.000000e+03	3.040000e+03	3.166380e-07	1.690848e-07	0.000000e+00
3.040000e+03	3.080000e+03	2.380556e-07	7.787528e-08	5.673237e-08
3.080000e+03	3.120000e+03	2.255009e-07	6.350942e-08	0.000000e+00
3.120000e+03	3.160000e+03	1.680096e-07	3.650330e-08	3.128125e-09
3.160000e+03	3.200000e+03	1.656357e-07	7.196902e-08	1.401605e-07
3.200000e+03	3.240000e+03	1.761133e-07	4.815357e-08	1.948478e-08
3.240000e+03	3.280000e+03	1.211407e-07	0.000000e+00	1.636290e-08
3.280000e+03	3.320000e+03	1.415014e-07	4.987665e-08	0.000000e+00
3.320000e+03	3.360000e+03	1.016761e-07	0.000000e+00	7.651278e-08
3.360000e+03	3.400000e+03	1.025090e-07	1.635251e-07	0.000000e+00
3.400000e+03	3.440000e+03	9.777697e-08	0.000000e+00	4.087593e-08
3.440000e+03	3.480000e+03	4.880115e-07	4.751408e-07	0.000000e+00
3.480000e+03	3.520000e+03	9.635708e-08	6.104548e-08	0.000000e+00
3.520000e+03	3.560000e+03	6.951540e-08	1.455653e-08	4.620322e-08
3.560000e+03	3.600000e+03	8.682193e-08	3.694353e-08	3.450158e-07
3.600000e+03	3.640000e+03	5.974180e-08	2.791687e-08	8.984750e-10
3.640000e+03	3.680000e+03	1.061248e-07	7.553035e-08	0.000000e+00
3.680000e+03	3.720000e+03	4.139722e-08	1.256332e-08	5.915375e-08
3.720000e+03	3.760000e+03	5.800400e-08	2.547015e-08	0.000000e+00
3.760000e+03	3.800000e+03	5.657885e-08	5.284872e-08	2.487958e-08
3.800000e+03	3.840000e+03	4.599525e-08	9.436625e-09	1.736972e-08
3.840000e+03	3.880000e+03	2.951260e-08	7.488058e-09	2.269365e-08
3.880000e+03	3.920000e+03	2.964640e-08	1.400059e-08	2.880150e-09
3.920000e+03	3.960000e+03	1.152552e-08	0.000000e+00	9.145965e-09
3.960000e+03	4.000000e+03	2.695265e-08	1.211980e-08	3.149840e-08
4.000000e+03	4.040000e+03	3.104768e-08	1.473848e-08	9.593000e-09
4.040000e+03	4.080000e+03	2.113330e-08	6.554195e-09	3.375868e-08
4.080000e+03	4.120000e+03	1.204124e-08	0.000000e+00	7.990299e-08
4.120000e+03	4.160000e+03	2.319412e-08	4.255670e-09	0.000000e+00
4.160000e+03	4.200000e+03	8.243048e-09	4.833055e-09	1.007542e-08
4.200000e+03	4.240000e+03	1.064582e-08	6.460327e-08	2.006615e-09
4.240000e+03	4.280000e+03	6.943103e-09	0.000000e+00	2.354997e-09
4.280000e+03	4.320000e+03	-2.255145e-08	0.000000e+00	3.303236e-08
4.320000e+03	4.360000e+03	6.692780e-09	6.269101e-09	3.918045e-09
4.360000e+03	4.400000e+03	4.678350e-08	4.143436e-08	0.000000e+00
4.400000e+03	4.440000e+03	8.194910e-09	5.877941e-09	0.000000e+00
4.440000e+03	4.480000e+03	1.272890e-08	6.214150e-09	0.000000e+00
4.480000e+03	4.520000e+03	1.996736e-08	1.630034e-08	0.000000e+00
4.520000e+03	4.560000e+03	5.628920e-09	1.464842e-09	1.117142e-08
4.560000e+03	4.600000e+03	1.766284e-08	1.451033e-08	0.000000e+00
4.600000e+03	4.640000e+03	1.347207e-08	8.044570e-09	0.000000e+00
4.640000e+03	4.680000e+03	8.166160e-09	4.753908e-09	4.357900e-10
4.680000e+03	4.720000e+03	5.988275e-09	8.878648e-09	5.410000e-09
4.720000e+03	4.760000e+03	3.744337e-09	1.803031e-09	1.719491e-07
4.760000e+03	4.800000e+03	1.025336e-08	1.141757e-07	0.000000e+00
4.800000e+03	4.840000e+03	5.087305e-09	4.675721e-09	0.000000e+00
4.840000e+03	4.880000e+03	3.338145e-09	1.276312e-09	3.282765e-09
4.880000e+03	4.920000e+03	-5.929173e-10	0.000000e+00	6.498800e-09
4.920000e+03	4.960000e+03	1.892061e-09	3.503687e-10	2.508769e-09
4.960000e+03	5.000000e+03	1.797384e-09	0.000000e+00	2.398841e-09
5.000000e+03	5.040000e+03	9.888145e-10	0.000000e+00	1.607976e-09
5.040000e+03	5.080000e+03	2.281078e-09	2.250545e-09	0.000000e+00
5.080000e+03	5.120000e+03	2.012523e-09	4.212974e-09	0.000000e+00
5.120000e+03	5.160000e+03	2.521223e-09	2.572020e-09	0.000000e+00
5.160000e+03	5.200000e+03	7.967455e-10	0.000000e+00	1.874358e-08
5.200000e+03	5.240000e+03	1.676861e-09	9.540367e-10	0.000000e+00
5.240000e+03	5.280000e+03	8.061190e-10	4.373620e-10	1.696386e-09
5.280000e+03	5.320000e+03	1.353804e-09	7.516573e-10	7.340888e-09
5.320000e+03	5.360000e+03	3.797115e-09	3.178991e-09	0.000000e+00
5.360000e+03	5.400000e+03	2.549860e-09	3.407099e-09	0.000000e+00
5.400000e+03	5.440000e+03	1.471072e-09	1.215223e-09	0.000000e+00
5.440000e+03	5.480000e+03	5.804455e-10	1.333368e-10	0.000000e+00
5.480000e+03	5.520000e+03	6.674945e-10	7.954462e-10	0.000000e+00
5.520000e+03	5.560000e+03	6.781565e-10	3.637716e-09	0.000000e+00
5.560000e+03	5.600000e+03	3.897120e-10	0.000000e+00	6.056957e-10
5.600000e+03	5.640000e+03	4.991530e-10	1.148250e-10	2.480502e-10
5.640000e+03	5.680000e+03	1.474505e-10	2.004313e-10	8.787687e-10
5.680000e+03	5.720000e+03	8.694250e-10	9.264369e-10	0.000000e+00
5.720000e+03	5.760000e+03	1.893901e-10	0.000000e+00	7.521661e-10
5.760000e+03	5.800000e+03	5.066940e-10	4.327363e-10	0.000000e+00
5.800000e+03	5.840000e+03	1.461582e-10	0.000000e+00	1.940421e-10
5.840000e+03	5.880000e+03	7.457838e-10	6.966168e-10	0.000000e+00
5.880000e+03	5.920000e+03	1.161938e-10	0.000000e+00	3.105350e-10
5.920000e+03	5.960000e+03	1.985918e-10	8.646310e-11	3.872880e-10
5.960000e+03	6.000000e+03	6.573707e-11	1.706597e-10	1.973187e-10
# END HISTO1D


# BEGIN HISTO1D //homes/tinghua1/Merging-Project/Production/HJETS/ratio-plots/hjets-vbfnlo/H-N2-N3-4-25gev-vbfnlo-combine.yoda/MC_H2JETS_07_LOOSE/j2j4_mass
ErrorBandColor=red
ErrorBandOpacity=0.3
ErrorBands=1
ErrorType=env
LineColor=red
LineStyle=solid
Path=//homes/tinghua1/Merging-Project/Production/HJETS/ratio-plots/hjets-vbfnlo/H-N2-N3-4-25gev-vbfnlo-combine.yoda/MC_H2JETS_07_LOOSE/j2j4_mass
RatioPlotSameStyle=1
Title=h(2*,3*,4)-vbfnlo
# xlow	 xhigh	 val	 errminus	 errplus
0.000000e+00	4.000000e+01	3.723775e-05	2.391000e-07	5.976000e-07
4.000000e+01	8.000000e+01	2.085813e-04	0.000000e+00	6.771075e-05
8.000000e+01	1.200000e+02	1.845509e-04	0.000000e+00	7.324360e-05
1.200000e+02	1.600000e+02	1.118521e-04	0.000000e+00	4.323478e-05
1.600000e+02	2.000000e+02	7.209980e-05	0.000000e+00	1.930012e-05
2.000000e+02	2.400000e+02	5.785928e-05	0.000000e+00	1.686400e-05
2.400000e+02	2.800000e+02	4.812807e-05	0.000000e+00	1.483683e-05
2.800000e+02	3.200000e+02	4.298003e-05	0.000000e+00	7.376000e-06
3.200000e+02	3.600000e+02	3.751282e-05	0.000000e+00	1.043343e-05
3.600000e+02	4.000000e+02	3.424703e-05	0.000000e+00	9.028775e-06
4.000000e+02	4.400000e+02	3.106157e-05	0.000000e+00	1.338548e-05
4.400000e+02	4.800000e+02	2.828835e-05	0.000000e+00	9.920250e-06
4.800000e+02	5.200000e+02	2.440387e-05	0.000000e+00	1.038133e-05
5.200000e+02	5.600000e+02	2.186688e-05	0.000000e+00	7.769795e-06
5.600000e+02	6.000000e+02	1.992648e-05	0.000000e+00	8.642672e-06
6.000000e+02	6.400000e+02	1.869111e-05	0.000000e+00	6.248958e-06
6.400000e+02	6.800000e+02	1.448055e-05	0.000000e+00	5.967562e-06
6.800000e+02	7.200000e+02	1.611887e-05	0.000000e+00	6.499730e-06
7.200000e+02	7.600000e+02	1.491480e-05	0.000000e+00	4.290277e-06
7.600000e+02	8.000000e+02	1.231556e-05	0.000000e+00	6.640872e-06
8.000000e+02	8.400000e+02	1.209567e-05	0.000000e+00	5.287628e-06
8.400000e+02	8.800000e+02	1.144175e-05	0.000000e+00	4.401558e-06
8.800000e+02	9.200000e+02	1.004713e-05	0.000000e+00	3.722050e-06
9.200000e+02	9.600000e+02	8.599522e-06	0.000000e+00	4.655830e-06
9.600000e+02	1.000000e+03	8.849467e-06	0.000000e+00	3.626038e-06
1.000000e+03	1.040000e+03	7.845775e-06	0.000000e+00	3.509540e-06
1.040000e+03	1.080000e+03	5.716397e-06	0.000000e+00	5.216232e-06
1.080000e+03	1.120000e+03	5.924038e-06	0.000000e+00	3.442797e-06
1.120000e+03	1.160000e+03	5.742345e-06	0.000000e+00	2.771637e-06
1.160000e+03	1.200000e+03	5.917622e-06	0.000000e+00	3.165718e-06
1.200000e+03	1.240000e+03	6.078045e-06	0.000000e+00	1.390403e-06
1.240000e+03	1.280000e+03	4.548717e-06	0.000000e+00	2.469187e-06
1.280000e+03	1.320000e+03	5.046862e-06	3.668250e-08	2.773745e-06
1.320000e+03	1.360000e+03	4.154707e-06	0.000000e+00	1.554205e-06
1.360000e+03	1.400000e+03	3.844343e-06	0.000000e+00	2.958697e-06
1.400000e+03	1.440000e+03	3.341345e-06	0.000000e+00	1.313203e-06
1.440000e+03	1.480000e+03	3.388907e-06	0.000000e+00	1.394485e-06
1.480000e+03	1.520000e+03	3.311903e-06	0.000000e+00	1.226065e-06
1.520000e+03	1.560000e+03	2.694095e-06	0.000000e+00	1.562662e-06
1.560000e+03	1.600000e+03	2.586453e-06	0.000000e+00	2.135290e-06
1.600000e+03	1.640000e+03	2.438388e-06	0.000000e+00	6.928343e-07
1.640000e+03	1.680000e+03	2.290955e-06	0.000000e+00	1.253428e-06
1.680000e+03	1.720000e+03	2.258785e-06	0.000000e+00	9.169048e-07
1.720000e+03	1.760000e+03	2.206754e-06	0.000000e+00	8.369307e-07
1.760000e+03	1.800000e+03	1.770608e-06	0.000000e+00	9.639220e-07
1.800000e+03	1.840000e+03	1.733771e-06	0.000000e+00	3.867943e-07
1.840000e+03	1.880000e+03	1.754125e-06	0.000000e+00	1.991905e-06
1.880000e+03	1.920000e+03	1.458688e-06	0.000000e+00	6.369543e-07
1.920000e+03	1.960000e+03	1.342378e-06	0.000000e+00	7.199448e-07
1.960000e+03	2.000000e+03	1.518317e-06	0.000000e+00	6.161485e-07
2.000000e+03	2.040000e+03	1.224204e-06	0.000000e+00	5.603228e-07
2.040000e+03	2.080000e+03	1.078001e-06	0.000000e+00	5.660915e-07
2.080000e+03	2.120000e+03	1.065411e-06	0.000000e+00	4.728477e-07
2.120000e+03	2.160000e+03	7.623715e-07	0.000000e+00	4.712035e-07
2.160000e+03	2.200000e+03	8.639158e-07	0.000000e+00	4.035055e-07
2.200000e+03	2.240000e+03	8.401108e-07	0.000000e+00	6.724177e-07
2.240000e+03	2.280000e+03	7.501255e-07	0.000000e+00	9.207090e-07
2.280000e+03	2.320000e+03	6.385138e-07	0.000000e+00	4.646902e-07
2.320000e+03	2.360000e+03	6.815522e-07	0.000000e+00	2.681195e-07
2.360000e+03	2.400000e+03	6.215220e-07	0.000000e+00	2.738945e-07
2.400000e+03	2.440000e+03	4.497570e-07	0.000000e+00	3.255463e-07
2.440000e+03	2.480000e+03	3.866217e-07	0.000000e+00	5.996380e-07
2.480000e+03	2.520000e+03	4.566955e-07	0.000000e+00	2.525335e-07
2.520000e+03	2.560000e+03	4.202010e-07	2.449350e-08	8.865000e-08
2.560000e+03	2.600000e+03	4.568978e-07	0.000000e+00	1.575672e-07
2.600000e+03	2.640000e+03	3.095078e-07	0.000000e+00	7.859735e-07
2.640000e+03	2.680000e+03	3.431190e-07	0.000000e+00	1.537470e-07
2.680000e+03	2.720000e+03	3.413842e-07	0.000000e+00	2.477315e-07
2.720000e+03	2.760000e+03	2.396939e-07	0.000000e+00	1.954836e-07
2.760000e+03	2.800000e+03	2.495477e-07	3.064231e-07	9.371527e-08
2.800000e+03	2.840000e+03	2.266854e-07	0.000000e+00	2.434556e-07
2.840000e+03	2.880000e+03	1.978975e-07	0.000000e+00	6.340022e-07
2.880000e+03	2.920000e+03	2.042911e-07	0.000000e+00	2.619856e-07
2.920000e+03	2.960000e+03	2.618593e-07	2.145865e-07	3.686175e-08
2.960000e+03	3.000000e+03	1.400614e-07	0.000000e+00	2.595891e-07
3.000000e+03	3.040000e+03	1.797413e-07	0.000000e+00	1.357665e-07
3.040000e+03	3.080000e+03	1.682082e-07	1.197255e-08	9.814228e-08
3.080000e+03	3.120000e+03	1.172557e-07	0.000000e+00	1.455581e-07
3.120000e+03	3.160000e+03	1.526101e-07	9.993650e-09	3.626270e-08
3.160000e+03	3.200000e+03	1.362750e-07	0.000000e+00	1.208830e-07
3.200000e+03	3.240000e+03	9.729360e-08	0.000000e+00	1.847154e-07
3.240000e+03	3.280000e+03	-1.195500e-08	0.000000e+00	3.025540e-07
3.280000e+03	3.320000e+03	9.261713e-08	0.000000e+00	4.945320e-08
3.320000e+03	3.360000e+03	9.358940e-08	4.863700e-09	4.735503e-08
3.360000e+03	3.400000e+03	9.678063e-08	0.000000e+00	3.278357e-08
3.400000e+03	3.440000e+03	7.494242e-08	0.000000e+00	4.837735e-08
3.440000e+03	3.480000e+03	5.660920e-08	0.000000e+00	6.515260e-08
3.480000e+03	3.520000e+03	8.960547e-08	3.685227e-08	4.112778e-08
3.520000e+03	3.560000e+03	7.327093e-08	2.003509e-07	2.320748e-08
3.560000e+03	3.600000e+03	6.122875e-08	0.000000e+00	2.325532e-08
3.600000e+03	3.640000e+03	6.200955e-08	2.210050e-09	3.527750e-08
3.640000e+03	3.680000e+03	4.240637e-08	0.000000e+00	3.750920e-08
3.680000e+03	3.720000e+03	3.688755e-08	0.000000e+00	6.553315e-08
3.720000e+03	3.760000e+03	3.820820e-08	0.000000e+00	1.369048e-08
3.760000e+03	3.800000e+03	1.483559e-08	0.000000e+00	6.119606e-08
3.800000e+03	3.840000e+03	1.207931e-08	0.000000e+00	3.802364e-08
3.840000e+03	3.880000e+03	2.025973e-08	2.377422e-09	2.111827e-08
3.880000e+03	3.920000e+03	1.832939e-08	0.000000e+00	2.585246e-08
3.920000e+03	3.960000e+03	2.129098e-08	0.000000e+00	3.156702e-08
3.960000e+03	4.000000e+03	2.162208e-08	0.000000e+00	5.604317e-09
4.000000e+03	4.040000e+03	1.588349e-08	0.000000e+00	1.523744e-08
4.040000e+03	4.080000e+03	1.363397e-08	0.000000e+00	5.366393e-09
4.080000e+03	4.120000e+03	1.572929e-08	0.000000e+00	8.626840e-09
4.120000e+03	4.160000e+03	1.103079e-08	2.185290e-09	2.975605e-09
4.160000e+03	4.200000e+03	1.503618e-08	9.493635e-09	7.897767e-09
4.200000e+03	4.240000e+03	1.072038e-08	0.000000e+00	4.476040e-09
4.240000e+03	4.280000e+03	1.104121e-09	0.000000e+00	3.135493e-08
4.280000e+03	4.320000e+03	8.564065e-09	0.000000e+00	1.000098e-08
4.320000e+03	4.360000e+03	1.004835e-08	0.000000e+00	4.548628e-09
4.360000e+03	4.400000e+03	5.502805e-09	0.000000e+00	1.146509e-08
4.400000e+03	4.440000e+03	1.000530e-08	5.995402e-09	1.679487e-08
4.440000e+03	4.480000e+03	6.734045e-09	1.639542e-09	0.000000e+00
4.480000e+03	4.520000e+03	6.025773e-09	0.000000e+00	7.080895e-09
4.520000e+03	4.560000e+03	8.061855e-09	3.437370e-09	3.490425e-09
4.560000e+03	4.600000e+03	5.623478e-09	2.162802e-09	9.068788e-09
4.600000e+03	4.640000e+03	6.640195e-09	0.000000e+00	3.589100e-08
4.640000e+03	4.680000e+03	3.227042e-09	0.000000e+00	7.832777e-09
4.680000e+03	4.720000e+03	4.437708e-09	1.848300e-09	2.518575e-09
4.720000e+03	4.760000e+03	4.121567e-09	0.000000e+00	1.211403e-09
4.760000e+03	4.800000e+03	1.917970e-09	0.000000e+00	2.391488e-09
4.800000e+03	4.840000e+03	1.877009e-09	0.000000e+00	5.983124e-09
4.840000e+03	4.880000e+03	2.502500e-09	0.000000e+00	4.516335e-09
4.880000e+03	4.920000e+03	1.357733e-09	0.000000e+00	2.236725e-09
4.920000e+03	4.960000e+03	2.754553e-09	0.000000e+00	1.485220e-09
4.960000e+03	5.000000e+03	1.785758e-09	0.000000e+00	1.542854e-08
5.000000e+03	5.040000e+03	1.519960e-09	6.637975e-11	3.292990e-09
5.040000e+03	5.080000e+03	1.819388e-09	8.184423e-10	0.000000e+00
5.080000e+03	5.120000e+03	1.613439e-09	1.622763e-09	2.284536e-09
5.120000e+03	5.160000e+03	1.777009e-09	0.000000e+00	2.204286e-09
5.160000e+03	5.200000e+03	8.338983e-10	0.000000e+00	1.406348e-09
5.200000e+03	5.240000e+03	2.208840e-09	1.214764e-09	0.000000e+00
5.240000e+03	5.280000e+03	7.645988e-10	0.000000e+00	1.331426e-09
5.280000e+03	5.320000e+03	7.701463e-10	2.025954e-09	1.132731e-09
5.320000e+03	5.360000e+03	3.774905e-10	0.000000e+00	2.243117e-09
5.360000e+03	5.400000e+03	6.755260e-10	0.000000e+00	5.282656e-09
5.400000e+03	5.440000e+03	8.109985e-10	2.539555e-10	4.874972e-10
5.440000e+03	5.480000e+03	1.017137e-09	0.000000e+00	5.136198e-10
5.480000e+03	5.520000e+03	7.120175e-10	1.991018e-10	4.502857e-10
5.520000e+03	5.560000e+03	8.045242e-10	1.029351e-09	0.000000e+00
5.560000e+03	5.600000e+03	2.996992e-10	4.193754e-09	7.484795e-10
5.600000e+03	5.640000e+03	2.570335e-10	0.000000e+00	5.677578e-10
5.640000e+03	5.680000e+03	1.637661e-10	0.000000e+00	3.435421e-10
5.680000e+03	5.720000e+03	2.446147e-10	2.400650e-10	1.393700e-10
5.720000e+03	5.760000e+03	2.371248e-10	0.000000e+00	5.277472e-10
5.760000e+03	5.800000e+03	2.010929e-10	1.932528e-10	1.538191e-10
5.800000e+03	5.840000e+03	-1.452816e-10	0.000000e+00	5.019351e-10
5.840000e+03	5.880000e+03	3.079805e-10	4.144572e-10	0.000000e+00
5.880000e+03	5.920000e+03	7.069525e-10	5.868134e-10	0.000000e+00
5.920000e+03	5.960000e+03	1.082297e-10	0.000000e+00	3.610418e-10
5.960000e+03	6.000000e+03	2.046809e-10	0.000000e+00	1.912153e-10
# END HISTO1D


# BEGIN HISTO1D //homes/tinghua1/Merging-Project/Production/HJETS/ratio-plots/hjets-vbfnlo/H-N2-3-4-25gev-combine.yoda/MC_H2JETS_07_LOOSE/j2j4_mass
ErrorBandColor=blue
ErrorBandOpacity=0.3
ErrorBands=1
ErrorType=env
LineColor=blue
LineStyle=solid
Path=//homes/tinghua1/Merging-Project/Production/HJETS/ratio-plots/hjets-vbfnlo/H-N2-3-4-25gev-combine.yoda/MC_H2JETS_07_LOOSE/j2j4_mass
RatioPlotSameStyle=1
Title=h(2*,3,4)
# xlow	 xhigh	 val	 errminus	 errplus
0.000000e+00	4.000000e+01	4.502825e-05	2.904550e-06	4.950425e-06
4.000000e+01	8.000000e+01	3.968940e-04	7.059475e-05	1.044550e-04
8.000000e+01	1.200000e+02	4.837160e-04	9.749750e-05	1.190040e-04
1.200000e+02	1.600000e+02	2.879385e-04	5.844575e-05	7.851675e-05
1.600000e+02	2.000000e+02	1.935916e-04	3.992018e-05	5.587260e-05
2.000000e+02	2.400000e+02	1.426177e-04	2.694783e-05	4.183705e-05
2.400000e+02	2.800000e+02	1.122957e-04	2.542955e-05	3.033872e-05
2.800000e+02	3.200000e+02	9.105327e-05	1.899625e-05	2.283930e-05
3.200000e+02	3.600000e+02	7.565962e-05	1.635320e-05	1.936760e-05
3.600000e+02	4.000000e+02	6.316288e-05	1.407458e-05	1.662512e-05
4.000000e+02	4.400000e+02	5.535777e-05	1.270595e-05	1.492683e-05
4.400000e+02	4.800000e+02	4.766330e-05	8.453450e-06	1.351680e-05
4.800000e+02	5.200000e+02	4.148133e-05	8.778125e-06	1.140010e-05
5.200000e+02	5.600000e+02	3.712042e-05	7.034075e-06	1.156440e-05
5.600000e+02	6.000000e+02	3.363620e-05	7.564125e-06	8.171450e-06
6.000000e+02	6.400000e+02	2.910997e-05	6.217692e-06	8.224125e-06
6.400000e+02	6.800000e+02	2.559805e-05	5.674295e-06	7.942550e-06
6.800000e+02	7.200000e+02	2.355014e-05	5.193075e-06	8.238930e-06
7.200000e+02	7.600000e+02	2.104955e-05	4.244690e-06	7.941227e-06
7.600000e+02	8.000000e+02	1.968461e-05	5.102257e-06	6.190435e-06
8.000000e+02	8.400000e+02	1.615230e-05	2.641582e-06	7.669910e-06
8.400000e+02	8.800000e+02	1.599696e-05	3.161660e-06	4.448277e-06
8.800000e+02	9.200000e+02	1.449286e-05	3.817260e-06	3.186552e-06
9.200000e+02	9.600000e+02	1.394148e-05	4.020188e-06	3.159243e-06
9.600000e+02	1.000000e+03	1.237983e-05	3.697972e-06	3.206720e-06
1.000000e+03	1.040000e+03	1.607739e-05	7.869652e-06	0.000000e+00
1.040000e+03	1.080000e+03	1.036435e-05	3.014958e-06	3.046840e-06
1.080000e+03	1.120000e+03	9.814455e-06	3.206095e-06	2.052478e-06
1.120000e+03	1.160000e+03	8.741543e-06	1.936408e-06	2.368397e-06
1.160000e+03	1.200000e+03	7.499938e-06	1.686105e-06	3.057747e-06
1.200000e+03	1.240000e+03	6.795368e-06	5.825500e-07	3.041377e-06
1.240000e+03	1.280000e+03	6.000558e-06	1.044078e-06	3.261803e-06
1.280000e+03	1.320000e+03	6.609177e-06	1.842270e-06	9.054400e-07
1.320000e+03	1.360000e+03	5.892435e-06	1.615655e-06	1.967222e-06
1.360000e+03	1.400000e+03	5.084795e-06	1.397185e-06	2.218620e-06
1.400000e+03	1.440000e+03	4.884958e-06	1.254533e-06	1.460702e-06
1.440000e+03	1.480000e+03	4.367750e-06	8.391225e-07	1.591705e-06
1.480000e+03	1.520000e+03	4.397490e-06	1.536803e-06	1.154010e-06
1.520000e+03	1.560000e+03	3.742473e-06	1.230578e-06	1.471420e-06
1.560000e+03	1.600000e+03	3.301562e-06	1.055191e-06	1.456205e-06
1.600000e+03	1.640000e+03	2.829148e-06	4.327687e-07	1.861782e-06
1.640000e+03	1.680000e+03	3.032555e-06	7.977220e-07	9.303300e-07
1.680000e+03	1.720000e+03	2.519887e-06	5.506225e-07	1.045758e-06
1.720000e+03	1.760000e+03	2.462746e-06	4.788182e-07	1.003401e-06
1.760000e+03	1.800000e+03	2.383764e-06	5.416887e-07	7.793460e-07
1.800000e+03	1.840000e+03	2.097611e-06	4.451770e-07	1.094880e-06
1.840000e+03	1.880000e+03	2.035087e-06	5.268292e-07	8.605458e-07
1.880000e+03	1.920000e+03	1.795508e-06	1.434442e-07	1.301155e-06
1.920000e+03	1.960000e+03	1.750485e-06	7.615085e-07	8.773770e-07
1.960000e+03	2.000000e+03	1.400105e-06	2.028267e-07	1.077765e-06
2.000000e+03	2.040000e+03	1.557507e-06	3.337505e-07	3.046032e-07
2.040000e+03	2.080000e+03	1.182376e-06	3.045125e-07	9.214307e-07
2.080000e+03	2.120000e+03	1.240625e-06	3.824688e-07	7.309443e-07
2.120000e+03	2.160000e+03	1.024139e-06	1.609743e-07	5.977035e-07
2.160000e+03	2.200000e+03	1.065060e-06	2.773635e-07	3.985155e-07
2.200000e+03	2.240000e+03	2.152808e-06	1.462189e-06	0.000000e+00
2.240000e+03	2.280000e+03	9.408118e-07	2.546545e-07	3.309580e-07
2.280000e+03	2.320000e+03	1.041341e-06	3.685992e-07	1.337170e-07
2.320000e+03	2.360000e+03	9.096355e-07	1.986295e-07	9.966675e-08
2.360000e+03	2.400000e+03	6.538387e-07	6.605600e-08	8.099080e-07
2.400000e+03	2.440000e+03	6.868882e-07	1.950022e-07	7.287175e-08
2.440000e+03	2.480000e+03	7.048277e-07	2.891795e-07	1.870630e-07
2.480000e+03	2.520000e+03	6.822993e-07	3.010335e-07	9.933750e-09
2.520000e+03	2.560000e+03	7.533877e-07	3.393462e-07	7.092650e-08
2.560000e+03	2.600000e+03	4.670738e-07	1.161560e-07	2.782350e-07
2.600000e+03	2.640000e+03	4.143555e-07	1.118090e-07	2.067472e-07
2.640000e+03	2.680000e+03	6.596763e-07	3.499115e-07	3.564975e-08
2.680000e+03	2.720000e+03	3.954915e-07	0.000000e+00	1.933398e-07
2.720000e+03	2.760000e+03	3.107385e-07	4.464100e-08	1.899910e-07
2.760000e+03	2.800000e+03	3.122817e-07	1.145676e-07	1.561615e-07
2.800000e+03	2.840000e+03	4.083223e-07	1.237805e-07	0.000000e+00
2.840000e+03	2.880000e+03	3.107557e-07	1.349363e-07	1.413787e-07
2.880000e+03	2.920000e+03	1.930088e-07	2.502147e-08	1.674342e-07
2.920000e+03	2.960000e+03	2.101262e-07	0.000000e+00	1.011850e-07
2.960000e+03	3.000000e+03	1.903454e-07	4.381402e-08	2.786165e-08
3.000000e+03	3.040000e+03	2.280118e-07	1.158898e-07	6.547643e-08
3.040000e+03	3.080000e+03	1.667293e-07	4.216730e-08	1.315480e-07
3.080000e+03	3.120000e+03	1.722309e-07	4.140658e-08	1.212791e-07
3.120000e+03	3.160000e+03	2.081486e-07	1.907356e-07	0.000000e+00
3.160000e+03	3.200000e+03	1.000935e-07	1.026187e-08	1.367857e-07
3.200000e+03	3.240000e+03	1.055216e-07	4.153450e-09	1.012183e-07
3.240000e+03	3.280000e+03	1.009659e-07	3.306620e-08	1.081741e-07
3.280000e+03	3.320000e+03	2.029399e-07	1.644648e-07	0.000000e+00
3.320000e+03	3.360000e+03	1.358492e-07	6.401100e-08	5.326695e-08
3.360000e+03	3.400000e+03	1.198227e-07	3.670400e-08	3.800743e-08
3.400000e+03	3.440000e+03	6.650425e-08	8.183200e-09	5.711150e-09
3.440000e+03	3.480000e+03	8.666565e-08	5.737695e-08	4.757757e-08
3.480000e+03	3.520000e+03	6.950762e-08	2.835507e-08	4.225705e-08
3.520000e+03	3.560000e+03	1.290042e-07	9.015113e-08	1.836428e-07
3.560000e+03	3.600000e+03	6.563535e-08	4.284118e-08	8.560150e-09
3.600000e+03	3.640000e+03	8.033458e-08	5.436463e-08	0.000000e+00
3.640000e+03	3.680000e+03	3.998050e-08	0.000000e+00	2.239518e-08
3.680000e+03	3.720000e+03	6.806743e-08	4.140310e-08	0.000000e+00
3.720000e+03	3.760000e+03	3.396393e-08	0.000000e+00	2.910855e-08
3.760000e+03	3.800000e+03	5.013012e-08	8.801925e-09	3.868552e-08
3.800000e+03	3.840000e+03	4.152885e-08	1.631750e-09	1.844200e-09
3.840000e+03	3.880000e+03	7.442095e-08	3.934067e-08	0.000000e+00
3.880000e+03	3.920000e+03	7.035555e-09	0.000000e+00	3.546020e-08
3.920000e+03	3.960000e+03	1.718258e-08	3.384524e-08	1.487078e-09
3.960000e+03	4.000000e+03	1.818585e-08	2.317537e-09	7.123985e-08
4.000000e+03	4.040000e+03	-5.394798e-08	0.000000e+00	8.991163e-08
4.040000e+03	4.080000e+03	2.742575e-08	8.245488e-09	0.000000e+00
4.080000e+03	4.120000e+03	1.218898e-08	4.274867e-09	1.592293e-09
4.120000e+03	4.160000e+03	1.389379e-08	3.163437e-09	0.000000e+00
4.160000e+03	4.200000e+03	1.347471e-08	1.168500e-10	2.359142e-08
4.200000e+03	4.240000e+03	1.368785e-08	8.060495e-09	1.574476e-08
4.240000e+03	4.280000e+03	3.336533e-09	0.000000e+00	6.920348e-09
4.280000e+03	4.320000e+03	1.479473e-08	1.101024e-08	1.085417e-08
4.320000e+03	4.360000e+03	9.799765e-09	0.000000e+00	3.032797e-07
4.360000e+03	4.400000e+03	1.478558e-08	6.204300e-09	0.000000e+00
4.400000e+03	4.440000e+03	9.101308e-09	0.000000e+00	1.914653e-09
4.440000e+03	4.480000e+03	-3.640262e-09	0.000000e+00	5.887571e-09
4.480000e+03	4.520000e+03	6.154665e-09	0.000000e+00	2.662982e-09
4.520000e+03	4.560000e+03	4.529870e-09	8.129275e-10	5.999350e-09
4.560000e+03	4.600000e+03	2.840198e-08	2.645285e-08	0.000000e+00
4.600000e+03	4.640000e+03	6.460165e-09	4.798359e-09	0.000000e+00
4.640000e+03	4.680000e+03	2.241347e-08	2.057123e-08	0.000000e+00
4.680000e+03	4.720000e+03	1.376459e-09	0.000000e+00	7.157538e-09
4.720000e+03	4.760000e+03	3.399675e-09	2.631140e-09	5.135060e-09
4.760000e+03	4.800000e+03	5.729102e-09	5.377634e-09	0.000000e+00
4.800000e+03	4.840000e+03	2.032649e-09	1.294135e-10	2.103078e-09
4.840000e+03	4.880000e+03	2.985850e-09	2.292925e-10	2.705263e-09
4.880000e+03	4.920000e+03	1.147602e-08	4.516965e-09	2.600518e-08
4.920000e+03	4.960000e+03	-1.645845e-10	0.000000e+00	3.891824e-09
4.960000e+03	5.000000e+03	2.449430e-09	2.218769e-09	1.334763e-09
5.000000e+03	5.040000e+03	1.649527e-09	9.545088e-10	1.055463e-09
5.040000e+03	5.080000e+03	1.356821e-09	4.152190e-10	0.000000e+00
5.080000e+03	5.120000e+03	5.392530e-10	0.000000e+00	7.328779e-09
5.120000e+03	5.160000e+03	1.527512e-09	1.147183e-09	0.000000e+00
5.160000e+03	5.200000e+03	4.268220e-10	5.156975e-11	1.604442e-09
5.200000e+03	5.240000e+03	3.729762e-09	3.223545e-09	0.000000e+00
5.240000e+03	5.280000e+03	3.452413e-10	0.000000e+00	1.334331e-09
5.280000e+03	5.320000e+03	2.295447e-09	1.506553e-09	7.426007e-10
5.320000e+03	5.360000e+03	3.778565e-10	4.576390e-10	6.828267e-10
5.360000e+03	5.400000e+03	7.333480e-10	4.868784e-10	0.000000e+00
5.400000e+03	5.440000e+03	6.137908e-10	0.000000e+00	3.473822e-10
5.440000e+03	5.480000e+03	5.393962e-10	1.093558e-10	1.227935e-10
5.480000e+03	5.520000e+03	2.834378e-10	0.000000e+00	2.875492e-09
5.520000e+03	5.560000e+03	4.758888e-10	4.588363e-10	0.000000e+00
5.560000e+03	5.600000e+03	1.788296e-10	2.660518e-10	0.000000e+00
5.600000e+03	5.640000e+03	1.924867e-10	1.388220e-11	4.427952e-11
5.640000e+03	5.680000e+03	1.124997e-10	0.000000e+00	1.193641e-10
5.680000e+03	5.720000e+03	9.538918e-11	2.057150e-12	2.281891e-10
5.720000e+03	5.760000e+03	6.310735e-10	5.282975e-10	1.464960e-10
5.760000e+03	5.800000e+03	8.975735e-11	4.138203e-11	5.264199e-10
5.800000e+03	5.840000e+03	2.130737e-10	4.651565e-11	8.718927e-11
5.840000e+03	5.880000e+03	1.611859e-09	1.440436e-09	0.000000e+00
5.880000e+03	5.920000e+03	9.374027e-11	8.057175e-12	7.805713e-11
5.920000e+03	5.960000e+03	1.197343e-10	1.046798e-10	6.116863e-11
5.960000e+03	6.000000e+03	2.465316e-11	3.452801e-11	2.207309e-10
# END HISTO1D


# BEGIN HISTO1D //homes/tinghua1/Merging-Project/Production/HJETS/ratio-plots/hjets-vbfnlo/H-N2-3-4-25gev-vbfnlo-combine.yoda/MC_H2JETS_07_LOOSE/j2j4_mass
ErrorBandColor=cyan
ErrorBandOpacity=0.3
ErrorBands=1
ErrorType=env
LineColor=cyan
LineStyle=solid
Path=//homes/tinghua1/Merging-Project/Production/HJETS/ratio-plots/hjets-vbfnlo/H-N2-3-4-25gev-vbfnlo-combine.yoda/MC_H2JETS_07_LOOSE/j2j4_mass
RatioPlotSameStyle=1
Title=h(2*,3,4)-vbfnlo
# xlow	 xhigh	 val	 errminus	 errplus
0.000000e+00	4.000000e+01	3.695688e-05	1.962925e-06	4.925150e-06
4.000000e+01	8.000000e+01	2.418849e-04	4.197045e-05	6.065438e-05
8.000000e+01	1.200000e+02	2.162567e-04	4.329660e-05	5.572577e-05
1.200000e+02	1.600000e+02	1.296929e-04	2.628458e-05	3.442382e-05
1.600000e+02	2.000000e+02	8.521215e-05	1.518853e-05	2.203030e-05
2.000000e+02	2.400000e+02	6.616480e-05	1.246615e-05	1.564627e-05
2.400000e+02	2.800000e+02	5.403918e-05	8.710900e-06	1.515102e-05
2.800000e+02	3.200000e+02	4.828105e-05	2.231025e-06	1.212095e-05
3.200000e+02	3.600000e+02	4.255415e-05	8.145375e-06	1.165618e-05
3.600000e+02	4.000000e+02	3.847230e-05	6.248525e-06	1.063225e-05
4.000000e+02	4.400000e+02	3.625013e-05	7.333875e-06	7.543375e-06
4.400000e+02	4.800000e+02	3.277775e-05	6.898975e-06	7.736975e-06
4.800000e+02	5.200000e+02	2.851812e-05	5.111180e-06	8.510625e-06
5.200000e+02	5.600000e+02	2.571690e-05	4.287375e-06	8.282625e-06
5.600000e+02	6.000000e+02	2.366162e-05	4.040547e-06	7.099455e-06
6.000000e+02	6.400000e+02	2.198188e-05	4.482170e-06	7.509315e-06
6.400000e+02	6.800000e+02	2.034890e-05	4.038845e-06	4.870777e-06
6.800000e+02	7.200000e+02	1.842415e-05	3.926497e-06	4.776820e-06
7.200000e+02	7.600000e+02	1.724527e-05	3.844267e-06	3.969422e-06
7.600000e+02	8.000000e+02	1.561001e-05	3.676062e-06	3.834525e-06
8.000000e+02	8.400000e+02	1.431848e-05	2.939252e-06	4.223602e-06
8.400000e+02	8.800000e+02	1.285325e-05	2.474665e-06	3.995443e-06
8.800000e+02	9.200000e+02	1.197172e-05	2.677668e-06	3.855013e-06
9.200000e+02	9.600000e+02	1.117537e-05	2.353167e-06	3.028563e-06
9.600000e+02	1.000000e+03	1.075929e-05	3.008135e-06	2.712795e-06
1.000000e+03	1.040000e+03	9.514648e-06	2.015135e-06	2.781912e-06
1.040000e+03	1.080000e+03	8.749087e-06	2.113887e-06	2.833343e-06
1.080000e+03	1.120000e+03	7.814382e-06	1.599902e-06	3.115667e-06
1.120000e+03	1.160000e+03	7.524820e-06	1.825300e-06	1.888945e-06
1.160000e+03	1.200000e+03	6.701440e-06	1.553365e-06	2.601905e-06
1.200000e+03	1.240000e+03	6.285118e-06	1.412898e-06	2.019230e-06
1.240000e+03	1.280000e+03	6.269320e-06	1.993818e-06	1.597725e-06
1.280000e+03	1.320000e+03	5.714995e-06	7.762400e-07	1.860667e-06
1.320000e+03	1.360000e+03	4.884702e-06	9.740800e-07	1.549490e-06
1.360000e+03	1.400000e+03	4.601870e-06	1.087025e-06	1.562730e-06
1.400000e+03	1.440000e+03	4.434657e-06	1.000135e-06	1.217965e-06
1.440000e+03	1.480000e+03	3.918178e-06	8.916450e-07	1.494352e-06
1.480000e+03	1.520000e+03	3.748313e-06	1.024265e-06	1.223512e-06
1.520000e+03	1.560000e+03	3.779243e-06	1.362854e-06	1.151597e-06
1.560000e+03	1.600000e+03	3.222653e-06	8.944568e-07	9.762450e-07
1.600000e+03	1.640000e+03	2.800840e-06	6.414280e-07	1.296080e-06
1.640000e+03	1.680000e+03	2.572597e-06	6.264035e-07	1.091997e-06
1.680000e+03	1.720000e+03	2.457666e-06	2.730122e-07	1.097577e-06
1.720000e+03	1.760000e+03	2.250463e-06	4.748215e-07	1.070869e-06
1.760000e+03	1.800000e+03	2.093533e-06	4.218592e-07	7.437792e-07
1.800000e+03	1.840000e+03	2.013873e-06	5.380862e-07	6.859340e-07
1.840000e+03	1.880000e+03	1.970582e-06	4.964983e-07	5.288247e-07
1.880000e+03	1.920000e+03	1.762093e-06	5.289478e-07	6.184130e-07
1.920000e+03	1.960000e+03	1.598183e-06	4.265075e-07	6.561568e-07
1.960000e+03	2.000000e+03	1.628395e-06	6.003632e-07	4.505795e-07
2.000000e+03	2.040000e+03	1.448737e-06	2.593992e-07	5.294147e-07
2.040000e+03	2.080000e+03	1.457904e-06	6.073430e-07	3.737610e-07
2.080000e+03	2.120000e+03	1.987865e-06	1.125375e-06	0.000000e+00
2.120000e+03	2.160000e+03	1.122033e-06	3.207935e-07	4.260977e-07
2.160000e+03	2.200000e+03	1.175569e-06	3.430703e-07	1.725075e-07
2.200000e+03	2.240000e+03	9.195897e-07	1.599637e-07	3.851280e-07
2.240000e+03	2.280000e+03	9.464945e-07	3.898745e-07	2.258118e-07
2.280000e+03	2.320000e+03	9.377522e-07	2.871805e-07	1.974195e-07
2.320000e+03	2.360000e+03	7.395282e-07	1.027252e-07	3.012695e-07
2.360000e+03	2.400000e+03	7.172570e-07	1.689407e-07	3.630522e-07
2.400000e+03	2.440000e+03	6.818445e-07	1.701550e-07	3.212627e-07
2.440000e+03	2.480000e+03	5.603647e-07	8.884950e-08	4.758500e-07
2.480000e+03	2.520000e+03	6.557760e-07	2.456728e-07	1.560918e-07
2.520000e+03	2.560000e+03	5.217375e-07	1.312145e-07	2.185383e-07
2.560000e+03	2.600000e+03	5.431077e-07	1.543210e-07	1.463853e-07
2.600000e+03	2.640000e+03	3.958565e-07	1.070015e-07	1.831553e-07
2.640000e+03	2.680000e+03	4.788685e-07	1.408008e-07	5.945025e-08
2.680000e+03	2.720000e+03	4.412102e-07	1.230695e-07	2.761845e-07
2.720000e+03	2.760000e+03	3.467667e-07	8.581975e-08	1.142395e-07
2.760000e+03	2.800000e+03	3.584553e-07	9.012700e-08	8.865925e-08
2.800000e+03	2.840000e+03	2.953932e-07	1.148578e-07	6.412250e-08
2.840000e+03	2.880000e+03	2.346436e-07	6.029840e-08	1.193594e-07
2.880000e+03	2.920000e+03	2.417287e-07	6.625180e-08	9.153208e-08
2.920000e+03	2.960000e+03	2.192971e-07	6.585752e-08	6.763343e-08
2.960000e+03	3.000000e+03	2.332074e-07	6.690515e-08	1.254351e-07
3.000000e+03	3.040000e+03	2.404533e-07	7.194387e-08	4.870565e-08
3.040000e+03	3.080000e+03	1.528885e-07	0.000000e+00	8.354555e-08
3.080000e+03	3.120000e+03	1.665445e-07	5.584040e-08	1.181242e-07
3.120000e+03	3.160000e+03	1.502386e-07	3.184072e-08	9.826202e-08
3.160000e+03	3.200000e+03	1.629930e-07	5.812623e-08	8.705322e-08
3.200000e+03	3.240000e+03	1.440188e-07	6.439927e-08	1.775015e-08
3.240000e+03	3.280000e+03	1.351458e-07	5.488053e-08	5.885887e-08
3.280000e+03	3.320000e+03	1.245088e-07	3.894583e-08	4.678870e-08
3.320000e+03	3.360000e+03	9.366550e-08	7.964000e-09	6.307133e-08
3.360000e+03	3.400000e+03	1.194537e-07	5.194900e-08	5.693000e-10
3.400000e+03	3.440000e+03	9.490785e-08	4.456640e-08	6.013125e-08
3.440000e+03	3.480000e+03	7.796450e-08	3.306857e-08	3.268503e-08
3.480000e+03	3.520000e+03	6.362733e-08	1.143258e-08	2.986427e-08
3.520000e+03	3.560000e+03	7.877465e-08	3.076128e-08	2.479395e-08
3.560000e+03	3.600000e+03	9.071940e-08	4.811750e-08	3.091625e-09
3.600000e+03	3.640000e+03	5.178130e-08	0.000000e+00	7.211230e-08
3.640000e+03	3.680000e+03	5.328028e-08	0.000000e+00	3.206542e-08
3.680000e+03	3.720000e+03	4.829102e-08	1.241000e-08	2.298705e-08
3.720000e+03	3.760000e+03	5.429585e-08	2.735263e-08	1.032090e-08
3.760000e+03	3.800000e+03	4.352192e-08	1.944020e-08	1.098058e-08
3.800000e+03	3.840000e+03	3.148788e-08	9.493940e-09	2.450015e-08
3.840000e+03	3.880000e+03	4.886450e-08	2.325565e-08	0.000000e+00
3.880000e+03	3.920000e+03	2.472525e-08	3.100115e-09	2.559213e-08
3.920000e+03	3.960000e+03	3.846937e-08	4.322250e-10	3.781750e-10
3.960000e+03	4.000000e+03	2.259776e-08	0.000000e+00	1.925481e-08
4.000000e+03	4.040000e+03	2.356381e-08	1.007938e-08	1.886137e-08
4.040000e+03	4.080000e+03	2.675007e-08	7.247182e-09	2.308550e-09
4.080000e+03	4.120000e+03	1.826179e-08	1.119660e-08	2.877871e-08
4.120000e+03	4.160000e+03	1.679950e-08	8.903135e-09	0.000000e+00
4.160000e+03	4.200000e+03	2.055224e-08	1.126674e-08	6.605730e-09
4.200000e+03	4.240000e+03	1.586659e-08	5.841063e-09	5.431163e-09
4.240000e+03	4.280000e+03	2.677893e-08	1.445153e-08	0.000000e+00
4.280000e+03	4.320000e+03	1.250931e-08	4.401350e-09	3.390183e-09
4.320000e+03	4.360000e+03	9.995973e-09	2.123333e-09	0.000000e+00
4.360000e+03	4.400000e+03	1.261855e-08	6.219738e-09	0.000000e+00
4.400000e+03	4.440000e+03	8.018755e-09	7.360263e-09	4.523715e-09
4.440000e+03	4.480000e+03	7.337980e-09	3.176740e-09	4.381848e-09
4.480000e+03	4.520000e+03	3.969728e-09	0.000000e+00	4.703055e-09
4.520000e+03	4.560000e+03	2.003142e-09	0.000000e+00	8.186530e-09
4.560000e+03	4.600000e+03	5.358458e-09	0.000000e+00	4.160927e-09
4.600000e+03	4.640000e+03	1.185482e-08	1.022091e-08	0.000000e+00
4.640000e+03	4.680000e+03	4.950403e-09	1.459393e-09	2.250810e-09
4.680000e+03	4.720000e+03	7.798655e-09	4.865275e-09	1.295814e-08
4.720000e+03	4.760000e+03	3.947260e-09	1.060792e-09	4.174308e-09
4.760000e+03	4.800000e+03	4.492745e-09	2.792479e-09	3.057160e-09
4.800000e+03	4.840000e+03	3.997473e-09	3.906011e-09	0.000000e+00
4.840000e+03	4.880000e+03	2.447584e-09	1.120269e-09	1.926799e-09
4.880000e+03	4.920000e+03	1.920064e-09	2.175828e-10	2.097688e-09
4.920000e+03	4.960000e+03	3.822543e-09	2.407441e-09	3.826085e-09
4.960000e+03	5.000000e+03	2.401702e-09	0.000000e+00	2.396981e-09
5.000000e+03	5.040000e+03	1.530243e-09	6.255507e-10	3.557128e-10
5.040000e+03	5.080000e+03	2.283025e-09	1.220387e-09	8.028252e-10
5.080000e+03	5.120000e+03	1.333225e-09	4.978533e-10	4.275647e-09
5.120000e+03	5.160000e+03	2.456113e-09	1.375243e-09	0.000000e+00
5.160000e+03	5.200000e+03	6.217345e-10	0.000000e+00	2.138248e-09
5.200000e+03	5.240000e+03	8.860610e-10	0.000000e+00	2.421769e-09
5.240000e+03	5.280000e+03	6.619233e-10	3.906075e-11	2.334603e-10
5.280000e+03	5.320000e+03	4.123623e-10	1.063060e-09	1.612950e-09
5.320000e+03	5.360000e+03	2.756310e-09	2.449483e-09	0.000000e+00
5.360000e+03	5.400000e+03	7.110235e-10	5.494391e-10	0.000000e+00
5.400000e+03	5.440000e+03	7.356802e-10	3.292275e-10	6.115087e-10
5.440000e+03	5.480000e+03	8.609288e-10	3.210090e-10	8.921825e-10
5.480000e+03	5.520000e+03	9.308948e-10	5.395920e-10	8.442215e-10
5.520000e+03	5.560000e+03	4.244243e-10	0.000000e+00	2.032586e-09
5.560000e+03	5.600000e+03	-1.353411e-08	0.000000e+00	1.514579e-08
5.600000e+03	5.640000e+03	3.036297e-10	1.430629e-10	8.211638e-10
5.640000e+03	5.680000e+03	5.050645e-10	3.523068e-10	3.098348e-10
5.680000e+03	5.720000e+03	6.576587e-10	4.637293e-10	0.000000e+00
5.720000e+03	5.760000e+03	1.990184e-10	1.627795e-10	4.856691e-10
5.760000e+03	5.800000e+03	4.145143e-10	2.542492e-10	3.304205e-10
5.800000e+03	5.840000e+03	1.301096e-10	0.000000e+00	2.013391e-10
5.840000e+03	5.880000e+03	1.959270e-10	2.731417e-11	1.173550e-10
5.880000e+03	5.920000e+03	1.840749e-10	1.578931e-10	6.957088e-11
5.920000e+03	5.960000e+03	1.691562e-10	1.273680e-10	7.337918e-10
5.960000e+03	6.000000e+03	1.173969e-10	1.478142e-11	2.835713e-11
# END HISTO1D


# BEGIN HISTO1D //homes/tinghua1/Merging-Project/Production/HJETS/ratio-plots/hjets-vbfnlo/H-2-3-4-25gev-combine.yoda/MC_H2JETS_07_LOOSE/j2j4_mass
ErrorBandColor=yellow
ErrorBandOpacity=0.3
ErrorBands=1
ErrorType=env
LineColor=yellow
LineStyle=solid
Path=//homes/tinghua1/Merging-Project/Production/HJETS/ratio-plots/hjets-vbfnlo/H-2-3-4-25gev-combine.yoda/MC_H2JETS_07_LOOSE/j2j4_mass
RatioPlotSameStyle=1
Title=h(2,3,4)
# xlow	 xhigh	 val	 errminus	 errplus
0.000000e+00	4.000000e+01	4.696570e-05	5.043125e-06	5.973600e-06
4.000000e+01	8.000000e+01	3.813548e-04	7.012575e-05	9.768750e-05
8.000000e+01	1.200000e+02	4.327085e-04	7.758525e-05	1.102420e-04
1.200000e+02	1.600000e+02	2.566007e-04	5.080352e-05	6.638825e-05
1.600000e+02	2.000000e+02	1.725540e-04	3.635137e-05	4.665213e-05
2.000000e+02	2.400000e+02	1.291620e-04	2.581707e-05	3.370180e-05
2.400000e+02	2.800000e+02	1.001701e-04	1.760050e-05	3.080860e-05
2.800000e+02	3.200000e+02	8.337448e-05	1.558492e-05	2.297993e-05
3.200000e+02	3.600000e+02	6.852733e-05	1.291450e-05	1.924042e-05
3.600000e+02	4.000000e+02	6.061505e-05	1.386868e-05	1.582075e-05
4.000000e+02	4.400000e+02	5.214940e-05	1.164880e-05	1.434675e-05
4.400000e+02	4.800000e+02	4.674875e-05	1.104122e-05	1.307193e-05
4.800000e+02	5.200000e+02	4.044030e-05	8.046875e-06	1.207077e-05
5.200000e+02	5.600000e+02	3.502007e-05	8.473600e-06	9.895725e-06
5.600000e+02	6.000000e+02	3.250828e-05	8.029415e-06	1.040138e-05
6.000000e+02	6.400000e+02	2.811242e-05	5.422607e-06	9.722750e-06
6.400000e+02	6.800000e+02	2.515168e-05	4.610173e-06	8.100075e-06
6.800000e+02	7.200000e+02	2.322534e-05	6.104998e-06	7.334332e-06
7.200000e+02	7.600000e+02	2.063064e-05	5.560262e-06	6.251683e-06
7.600000e+02	8.000000e+02	1.853293e-05	3.292200e-06	9.002372e-06
8.000000e+02	8.400000e+02	1.749325e-05	4.079997e-06	7.813203e-06
8.400000e+02	8.800000e+02	1.523632e-05	3.472718e-06	7.134900e-06
8.800000e+02	9.200000e+02	1.437851e-05	3.517615e-06	4.951852e-06
9.200000e+02	9.600000e+02	1.256660e-05	2.387413e-06	5.459827e-06
9.600000e+02	1.000000e+03	1.179926e-05	3.055558e-06	3.500580e-06
1.000000e+03	1.040000e+03	1.106750e-05	3.014180e-06	3.537817e-06
1.040000e+03	1.080000e+03	9.971040e-06	2.285188e-06	3.776300e-06
1.080000e+03	1.120000e+03	1.028837e-05	3.226563e-06	1.850812e-06
1.120000e+03	1.160000e+03	8.355313e-06	1.164848e-06	3.466870e-06
1.160000e+03	1.200000e+03	7.464850e-06	1.931745e-06	3.062835e-06
1.200000e+03	1.240000e+03	6.915372e-06	1.469617e-06	2.839538e-06
1.240000e+03	1.280000e+03	6.245100e-06	1.371178e-06	2.645325e-06
1.280000e+03	1.320000e+03	5.893987e-06	1.425910e-06	2.053060e-06
1.320000e+03	1.360000e+03	5.526790e-06	1.241098e-06	1.975242e-06
1.360000e+03	1.400000e+03	5.320882e-06	1.339580e-06	2.152600e-06
1.400000e+03	1.440000e+03	4.624045e-06	1.001130e-06	2.182385e-06
1.440000e+03	1.480000e+03	4.486585e-06	1.327130e-06	1.608155e-06
1.480000e+03	1.520000e+03	3.954105e-06	1.166455e-06	1.614915e-06
1.520000e+03	1.560000e+03	3.668835e-06	1.134720e-06	1.480430e-06
1.560000e+03	1.600000e+03	3.301515e-06	8.393992e-07	1.326160e-06
1.600000e+03	1.640000e+03	3.159190e-06	8.798965e-07	1.086192e-06
1.640000e+03	1.680000e+03	2.885433e-06	2.835500e-07	8.733750e-07
1.680000e+03	1.720000e+03	2.815310e-06	8.849260e-07	1.164888e-06
1.720000e+03	1.760000e+03	2.673030e-06	9.000130e-07	8.915475e-07
1.760000e+03	1.800000e+03	2.541705e-06	5.550928e-07	7.135850e-07
1.800000e+03	1.840000e+03	2.156763e-06	5.178500e-07	1.107499e-06
1.840000e+03	1.880000e+03	1.743385e-06	1.314758e-07	1.022233e-06
1.880000e+03	1.920000e+03	1.827904e-06	4.489222e-07	9.315430e-07
1.920000e+03	1.960000e+03	1.965266e-06	7.426588e-07	5.750692e-07
1.960000e+03	2.000000e+03	1.690934e-06	5.891377e-07	6.495263e-07
2.000000e+03	2.040000e+03	1.820326e-06	6.206350e-07	6.635075e-08
2.040000e+03	2.080000e+03	1.422011e-06	5.417170e-07	7.611600e-07
2.080000e+03	2.120000e+03	1.314195e-06	3.630490e-07	4.441337e-07
2.120000e+03	2.160000e+03	1.029590e-06	1.546655e-07	6.948857e-07
2.160000e+03	2.200000e+03	1.023494e-06	2.089225e-07	5.978138e-07
2.200000e+03	2.240000e+03	1.007054e-06	2.807205e-07	3.356100e-07
2.240000e+03	2.280000e+03	9.286855e-07	1.607750e-07	4.358533e-07
2.280000e+03	2.320000e+03	8.136557e-07	2.307550e-07	3.465350e-07
2.320000e+03	2.360000e+03	7.912013e-07	2.510790e-07	3.744880e-07
2.360000e+03	2.400000e+03	8.156310e-07	3.400592e-07	3.347495e-07
2.400000e+03	2.440000e+03	6.640302e-07	1.520162e-07	4.933540e-07
2.440000e+03	2.480000e+03	6.809117e-07	1.801975e-07	1.686715e-07
2.480000e+03	2.520000e+03	6.245600e-07	1.550557e-07	1.512173e-07
2.520000e+03	2.560000e+03	5.150482e-07	1.741030e-07	3.263025e-07
2.560000e+03	2.600000e+03	5.027280e-07	1.440245e-07	2.613037e-07
2.600000e+03	2.640000e+03	4.004595e-07	1.096543e-07	3.432900e-07
2.640000e+03	2.680000e+03	4.227340e-07	1.702200e-07	2.488803e-07
2.680000e+03	2.720000e+03	4.223790e-07	1.679715e-07	1.086490e-07
2.720000e+03	2.760000e+03	1.043903e-07	0.000000e+00	5.529542e-07
2.760000e+03	2.800000e+03	3.531492e-07	1.511261e-07	1.199925e-07
2.800000e+03	2.840000e+03	3.632303e-07	1.225400e-07	5.227200e-08
2.840000e+03	2.880000e+03	3.155773e-07	1.432699e-07	5.701050e-08
2.880000e+03	2.920000e+03	2.832015e-07	8.428198e-08	1.179932e-07
2.920000e+03	2.960000e+03	2.380351e-07	7.296250e-08	1.361251e-07
2.960000e+03	3.000000e+03	2.495897e-07	9.584625e-08	1.964325e-07
3.000000e+03	3.040000e+03	2.109605e-07	1.625490e-08	1.812077e-07
3.040000e+03	3.080000e+03	1.910087e-07	4.302525e-09	1.246890e-07
3.080000e+03	3.120000e+03	1.484207e-07	3.130583e-08	8.255375e-08
3.120000e+03	3.160000e+03	1.427722e-07	2.937095e-08	1.018164e-07
3.160000e+03	3.200000e+03	1.374608e-07	2.605203e-08	7.937415e-08
3.200000e+03	3.240000e+03	1.130941e-07	2.741530e-08	5.929920e-08
3.240000e+03	3.280000e+03	1.303726e-07	1.508258e-08	1.945252e-08
3.280000e+03	3.320000e+03	2.103433e-07	9.790530e-08	0.000000e+00
3.320000e+03	3.360000e+03	1.202765e-07	0.000000e+00	8.730900e-09
3.360000e+03	3.400000e+03	6.228133e-08	1.199192e-08	1.503381e-07
3.400000e+03	3.440000e+03	8.389502e-08	3.433292e-08	2.836010e-08
3.440000e+03	3.480000e+03	9.462472e-08	3.429502e-08	3.947973e-08
3.480000e+03	3.520000e+03	6.355095e-08	9.669800e-09	2.915452e-08
3.520000e+03	3.560000e+03	4.928290e-08	1.670042e-08	1.427637e-08
3.560000e+03	3.600000e+03	7.280675e-08	6.041675e-09	2.444523e-08
3.600000e+03	3.640000e+03	7.818587e-08	6.750500e-09	0.000000e+00
3.640000e+03	3.680000e+03	4.202985e-08	2.322251e-08	2.558417e-08
3.680000e+03	3.720000e+03	9.576592e-08	7.383329e-08	0.000000e+00
3.720000e+03	3.760000e+03	4.487293e-08	1.475242e-08	3.516857e-08
3.760000e+03	3.800000e+03	3.601405e-08	0.000000e+00	2.788720e-08
3.800000e+03	3.840000e+03	2.673540e-08	2.622175e-09	0.000000e+00
3.840000e+03	3.880000e+03	2.660232e-08	0.000000e+00	1.740435e-08
3.880000e+03	3.920000e+03	2.631942e-08	0.000000e+00	4.555025e-09
3.920000e+03	3.960000e+03	1.951805e-08	2.379780e-09	1.530320e-08
3.960000e+03	4.000000e+03	2.159886e-08	0.000000e+00	3.574739e-08
4.000000e+03	4.040000e+03	9.078390e-08	7.957260e-08	0.000000e+00
4.040000e+03	4.080000e+03	1.645160e-08	2.907809e-08	0.000000e+00
4.080000e+03	4.120000e+03	1.616075e-08	0.000000e+00	4.568327e-08
4.120000e+03	4.160000e+03	2.268334e-08	1.180600e-08	0.000000e+00
4.160000e+03	4.200000e+03	4.099645e-08	3.794047e-08	0.000000e+00
4.200000e+03	4.240000e+03	9.932657e-09	0.000000e+00	2.331147e-08
4.240000e+03	4.280000e+03	1.683500e-08	1.211388e-08	4.033543e-09
4.280000e+03	4.320000e+03	7.654345e-09	9.103250e-10	4.963197e-09
4.320000e+03	4.360000e+03	1.061316e-08	4.503188e-09	5.159707e-09
4.360000e+03	4.400000e+03	1.120839e-08	6.737090e-09	1.682040e-09
4.400000e+03	4.440000e+03	5.536845e-09	0.000000e+00	6.445538e-09
4.440000e+03	4.480000e+03	9.590070e-09	5.352570e-09	1.087993e-08
4.480000e+03	4.520000e+03	6.394375e-09	2.668100e-09	7.617755e-09
4.520000e+03	4.560000e+03	6.329620e-09	0.000000e+00	2.213115e-09
4.560000e+03	4.600000e+03	7.271663e-09	1.636830e-09	2.314462e-09
4.600000e+03	4.640000e+03	2.817518e-09	1.063734e-09	5.924700e-10
4.640000e+03	4.680000e+03	8.953627e-09	6.251937e-09	0.000000e+00
4.680000e+03	4.720000e+03	1.023468e-08	9.155375e-09	0.000000e+00
4.720000e+03	4.760000e+03	5.167517e-09	3.575712e-09	4.070490e-09
4.760000e+03	4.800000e+03	4.141142e-09	2.377410e-09	3.587525e-10
4.800000e+03	4.840000e+03	2.181543e-09	8.242200e-10	5.551094e-09
4.840000e+03	4.880000e+03	2.188519e-08	2.187885e-08	0.000000e+00
4.880000e+03	4.920000e+03	6.355265e-09	8.103815e-09	0.000000e+00
4.920000e+03	4.960000e+03	-1.447875e-09	0.000000e+00	1.612956e-08
4.960000e+03	5.000000e+03	1.637894e-09	7.521508e-10	2.690756e-09
5.000000e+03	5.040000e+03	1.956725e-09	8.568268e-10	4.130085e-10
5.040000e+03	5.080000e+03	7.336920e-10	3.059298e-10	2.912780e-09
5.080000e+03	5.120000e+03	1.780706e-09	7.484585e-10	3.212009e-09
5.120000e+03	5.160000e+03	7.875042e-10	0.000000e+00	2.153548e-09
5.160000e+03	5.200000e+03	1.087587e-09	0.000000e+00	5.822715e-09
5.200000e+03	5.240000e+03	1.355604e-09	1.022941e-09	0.000000e+00
5.240000e+03	5.280000e+03	-5.593830e-09	0.000000e+00	7.815178e-09
5.280000e+03	5.320000e+03	4.058778e-10	1.619693e-09	0.000000e+00
5.320000e+03	5.360000e+03	7.270777e-10	1.166760e-10	5.501843e-10
5.360000e+03	5.400000e+03	5.056612e-10	2.185167e-10	3.857517e-10
5.400000e+03	5.440000e+03	6.626160e-10	5.332346e-10	4.698620e-10
5.440000e+03	5.480000e+03	7.787985e-10	3.676975e-10	0.000000e+00
5.480000e+03	5.520000e+03	2.755282e-10	4.671079e-10	5.963392e-10
5.520000e+03	5.560000e+03	6.205575e-10	5.659600e-11	1.009661e-09
5.560000e+03	5.600000e+03	4.279785e-10	2.927810e-10	3.980430e-10
5.600000e+03	5.640000e+03	6.079227e-10	0.000000e+00	2.398425e-10
5.640000e+03	5.680000e+03	1.694874e-10	0.000000e+00	2.812766e-10
5.680000e+03	5.720000e+03	2.407777e-10	0.000000e+00	3.496205e-10
5.720000e+03	5.760000e+03	8.190207e-11	0.000000e+00	3.839902e-10
5.760000e+03	5.800000e+03	2.188815e-11	0.000000e+00	2.281493e-10
5.800000e+03	5.840000e+03	1.866952e-10	3.291062e-11	9.366405e-11
5.840000e+03	5.880000e+03	1.429356e-10	0.000000e+00	2.240324e-10
5.880000e+03	5.920000e+03	6.430120e-10	5.512854e-10	0.000000e+00
5.920000e+03	5.960000e+03	9.521625e-11	0.000000e+00	4.958330e-11
5.960000e+03	6.000000e+03	1.670356e-10	2.423700e-11	4.234974e-10
# END HISTO1D


# BEGIN HISTO1D //homes/tinghua1/Merging-Project/Production/HJETS/ratio-plots/hjets-vbfnlo/H-2-3-4-25gev-vbfnlo-combine.yoda/MC_H2JETS_07_LOOSE/j2j4_mass
ErrorBandColor=green
ErrorBandOpacity=0.3
ErrorBands=1
ErrorType=env
LineColor=green
LineStyle=solid
Path=//homes/tinghua1/Merging-Project/Production/HJETS/ratio-plots/hjets-vbfnlo/H-2-3-4-25gev-vbfnlo-combine.yoda/MC_H2JETS_07_LOOSE/j2j4_mass
RatioPlotSameStyle=1
Title=h(2,3,4)-vbfnlo
# xlow	 xhigh	 val	 errminus	 errplus
0.000000e+00	4.000000e+01	3.946065e-05	3.416750e-06	5.865950e-06
4.000000e+01	8.000000e+01	2.540832e-04	5.256075e-05	7.147825e-05
8.000000e+01	1.200000e+02	2.205289e-04	4.486010e-05	6.319710e-05
1.200000e+02	1.600000e+02	1.330664e-04	2.809425e-05	3.565350e-05
1.600000e+02	2.000000e+02	8.711862e-05	1.693160e-05	2.289220e-05
2.000000e+02	2.400000e+02	6.766487e-05	1.363915e-05	1.688808e-05
2.400000e+02	2.800000e+02	5.645690e-05	1.105528e-05	1.366920e-05
2.800000e+02	3.200000e+02	5.040860e-05	1.036750e-05	1.118992e-05
3.200000e+02	3.600000e+02	4.501865e-05	9.242550e-06	1.028432e-05
3.600000e+02	4.000000e+02	4.030070e-05	7.282775e-06	1.076975e-05
4.000000e+02	4.400000e+02	3.572860e-05	6.818325e-06	9.975625e-06
4.400000e+02	4.800000e+02	3.360125e-05	7.198000e-06	8.250375e-06
4.800000e+02	5.200000e+02	3.034788e-05	6.484400e-06	8.397750e-06
5.200000e+02	5.600000e+02	2.728692e-05	5.712157e-06	7.573550e-06
5.600000e+02	6.000000e+02	2.500935e-05	5.444513e-06	7.915900e-06
6.000000e+02	6.400000e+02	2.324053e-05	5.490748e-06	6.320342e-06
6.400000e+02	6.800000e+02	2.092424e-05	4.755955e-06	5.929980e-06
6.800000e+02	7.200000e+02	1.913903e-05	4.574402e-06	5.946598e-06
7.200000e+02	7.600000e+02	1.778559e-05	4.513890e-06	5.076940e-06
7.600000e+02	8.000000e+02	1.578167e-05	3.071052e-06	4.938313e-06
8.000000e+02	8.400000e+02	1.462682e-05	3.406780e-06	4.378102e-06
8.400000e+02	8.800000e+02	1.339542e-05	3.168553e-06	4.779757e-06
8.800000e+02	9.200000e+02	1.235838e-05	2.744392e-06	3.773965e-06
9.200000e+02	9.600000e+02	1.118289e-05	2.554300e-06	4.129583e-06
9.600000e+02	1.000000e+03	1.026065e-05	2.200145e-06	3.799433e-06
1.000000e+03	1.040000e+03	9.558725e-06	2.426772e-06	3.364128e-06
1.040000e+03	1.080000e+03	8.849013e-06	2.240738e-06	3.437782e-06
1.080000e+03	1.120000e+03	8.003453e-06	2.041100e-06	2.788027e-06
1.120000e+03	1.160000e+03	7.801295e-06	2.184125e-06	2.273203e-06
1.160000e+03	1.200000e+03	7.025268e-06	1.761525e-06	2.477930e-06
1.200000e+03	1.240000e+03	6.541780e-06	1.770633e-06	2.303932e-06
1.240000e+03	1.280000e+03	5.803148e-06	1.360613e-06	2.141937e-06
1.280000e+03	1.320000e+03	5.574743e-06	1.585890e-06	2.048752e-06
1.320000e+03	1.360000e+03	5.100798e-06	1.221097e-06	1.982215e-06
1.360000e+03	1.400000e+03	4.987378e-06	1.417363e-06	1.504062e-06
1.400000e+03	1.440000e+03	4.301712e-06	9.861075e-07	2.050093e-06
1.440000e+03	1.480000e+03	4.099995e-06	1.040352e-06	1.411898e-06
1.480000e+03	1.520000e+03	3.829765e-06	1.109415e-06	1.322855e-06
1.520000e+03	1.560000e+03	3.286090e-06	7.337800e-07	1.535365e-06
1.560000e+03	1.600000e+03	3.139102e-06	8.749430e-07	1.248040e-06
1.600000e+03	1.640000e+03	2.906453e-06	7.377805e-07	1.251780e-06
1.640000e+03	1.680000e+03	2.897325e-06	8.306135e-07	1.119925e-06
1.680000e+03	1.720000e+03	2.683460e-06	4.801338e-07	9.818250e-07
1.720000e+03	1.760000e+03	2.343247e-06	6.142958e-07	1.002083e-06
1.760000e+03	1.800000e+03	2.155646e-06	4.792015e-07	8.883793e-07
1.800000e+03	1.840000e+03	2.056198e-06	5.618253e-07	6.738768e-07
1.840000e+03	1.880000e+03	2.024984e-06	7.000622e-07	6.379713e-07
1.880000e+03	1.920000e+03	1.729754e-06	3.732455e-07	8.439907e-07
1.920000e+03	1.960000e+03	1.623934e-06	2.763958e-07	6.398052e-07
1.960000e+03	2.000000e+03	1.493773e-06	3.938313e-07	6.594652e-07
2.000000e+03	2.040000e+03	1.489450e-06	4.571820e-07	5.390205e-07
2.040000e+03	2.080000e+03	1.235907e-06	3.093737e-07	6.586167e-07
2.080000e+03	2.120000e+03	1.199196e-06	1.798358e-07	5.123437e-07
2.120000e+03	2.160000e+03	1.131567e-06	3.360248e-07	4.617430e-07
2.160000e+03	2.200000e+03	1.105974e-06	3.361288e-07	2.495595e-07
2.200000e+03	2.240000e+03	1.034865e-06	3.347672e-07	2.298522e-07
2.240000e+03	2.280000e+03	9.479530e-07	2.948560e-07	4.428313e-07
2.280000e+03	2.320000e+03	8.392323e-07	2.369815e-07	4.222980e-07
2.320000e+03	2.360000e+03	1.098700e-06	6.007860e-07	0.000000e+00
2.360000e+03	2.400000e+03	7.439707e-07	2.654557e-07	3.256628e-07
2.400000e+03	2.440000e+03	9.169343e-07	3.860920e-07	7.662450e-08
2.440000e+03	2.480000e+03	6.477210e-07	2.220647e-07	1.992820e-07
2.480000e+03	2.520000e+03	5.324580e-07	1.579475e-07	2.844477e-07
2.520000e+03	2.560000e+03	4.724073e-07	9.457975e-08	2.877387e-07
2.560000e+03	2.600000e+03	4.584185e-07	1.320430e-07	2.240985e-07
2.600000e+03	2.640000e+03	4.657617e-07	1.632665e-07	2.419905e-07
2.640000e+03	2.680000e+03	4.194470e-07	9.563550e-08	1.146805e-07
2.680000e+03	2.720000e+03	3.547115e-07	8.587525e-08	1.999013e-07
2.720000e+03	2.760000e+03	3.606285e-07	1.004105e-07	1.693965e-07
2.760000e+03	2.800000e+03	3.039630e-07	8.031272e-08	2.145697e-07
2.800000e+03	2.840000e+03	2.865380e-07	5.838365e-08	1.333465e-07
2.840000e+03	2.880000e+03	2.687070e-07	7.434572e-08	1.474048e-07
2.880000e+03	2.920000e+03	2.393764e-07	9.433437e-08	1.421326e-07
2.920000e+03	2.960000e+03	2.123748e-07	3.296085e-08	6.532173e-08
2.960000e+03	3.000000e+03	2.386797e-07	6.902400e-08	9.022735e-08
3.000000e+03	3.040000e+03	1.855285e-07	5.519220e-08	1.106585e-07
3.040000e+03	3.080000e+03	1.668076e-07	2.550260e-08	1.148334e-07
3.080000e+03	3.120000e+03	1.712234e-07	2.891240e-08	8.350982e-08
3.120000e+03	3.160000e+03	1.485778e-07	3.646505e-08	7.633230e-08
3.160000e+03	3.200000e+03	1.734402e-07	5.825195e-08	5.384985e-08
3.200000e+03	3.240000e+03	1.437029e-07	5.931875e-08	5.396495e-08
3.240000e+03	3.280000e+03	1.046997e-07	1.572903e-08	9.756950e-08
3.280000e+03	3.320000e+03	1.061977e-07	3.799390e-08	6.435225e-08
3.320000e+03	3.360000e+03	1.137262e-07	3.771208e-08	2.426242e-08
3.360000e+03	3.400000e+03	8.046660e-08	2.061878e-08	4.690240e-08
3.400000e+03	3.440000e+03	9.658047e-08	4.253575e-08	3.313380e-08
3.440000e+03	3.480000e+03	9.699492e-08	5.116777e-08	4.285988e-08
3.480000e+03	3.520000e+03	7.608470e-08	3.395985e-08	3.251692e-08
3.520000e+03	3.560000e+03	6.117973e-08	2.829360e-08	3.500617e-08
3.560000e+03	3.600000e+03	7.109577e-08	2.127852e-08	2.681372e-08
3.600000e+03	3.640000e+03	6.708735e-08	3.237992e-08	8.565900e-09
3.640000e+03	3.680000e+03	6.032617e-08	1.964377e-08	1.119773e-08
3.680000e+03	3.720000e+03	5.171580e-08	2.339572e-08	3.403402e-08
3.720000e+03	3.760000e+03	4.195800e-08	1.271590e-08	2.779327e-08
3.760000e+03	3.800000e+03	4.941950e-08	2.219990e-08	2.295175e-08
3.800000e+03	3.840000e+03	3.428615e-08	1.690562e-08	2.443643e-08
3.840000e+03	3.880000e+03	4.131295e-08	1.983244e-08	9.860800e-09
3.880000e+03	3.920000e+03	3.606970e-08	1.087988e-08	1.269020e-08
3.920000e+03	3.960000e+03	2.853875e-08	1.364494e-08	1.277223e-08
3.960000e+03	4.000000e+03	3.944802e-08	1.572917e-08	0.000000e+00
4.000000e+03	4.040000e+03	1.956025e-08	2.862667e-09	6.216520e-09
4.040000e+03	4.080000e+03	1.642933e-08	2.811200e-10	1.916984e-08
4.080000e+03	4.120000e+03	1.583450e-08	5.299095e-09	8.275347e-09
4.120000e+03	4.160000e+03	1.435368e-08	6.074700e-09	1.138002e-08
4.160000e+03	4.200000e+03	1.084932e-08	3.460800e-09	8.483458e-09
4.200000e+03	4.240000e+03	1.619591e-08	4.773005e-09	4.200415e-09
4.240000e+03	4.280000e+03	1.361903e-08	5.801575e-10	3.868917e-09
4.280000e+03	4.320000e+03	1.539306e-08	7.718055e-09	8.724450e-09
4.320000e+03	4.360000e+03	8.779027e-09	1.602755e-09	8.404750e-09
4.360000e+03	4.400000e+03	5.526413e-09	4.460975e-10	8.361362e-09
4.400000e+03	4.440000e+03	6.029495e-09	0.000000e+00	1.070000e-08
4.440000e+03	4.480000e+03	8.958028e-09	4.373295e-09	4.145890e-09
4.480000e+03	4.520000e+03	6.585143e-09	1.731100e-09	4.419947e-09
4.520000e+03	4.560000e+03	9.157005e-09	4.033775e-09	4.052690e-09
4.560000e+03	4.600000e+03	5.757760e-09	1.370935e-09	1.213135e-08
4.600000e+03	4.640000e+03	6.429512e-09	2.607705e-09	1.582108e-09
4.640000e+03	4.680000e+03	5.881352e-09	3.675003e-09	3.690325e-10
4.680000e+03	4.720000e+03	2.953365e-09	0.000000e+00	4.978090e-09
4.720000e+03	4.760000e+03	2.922175e-09	9.120520e-10	2.550615e-09
4.760000e+03	4.800000e+03	5.201998e-09	2.821160e-09	7.559510e-09
4.800000e+03	4.840000e+03	3.494505e-09	1.194225e-10	2.110980e-09
4.840000e+03	4.880000e+03	2.235099e-09	0.000000e+00	1.600401e-09
4.880000e+03	4.920000e+03	2.791985e-09	9.244235e-10	4.547332e-09
4.920000e+03	4.960000e+03	2.639330e-09	9.180830e-10	3.674255e-09
4.960000e+03	5.000000e+03	2.107031e-09	4.045485e-10	2.113943e-09
5.000000e+03	5.040000e+03	2.245750e-09	5.224593e-10	3.493895e-09
5.040000e+03	5.080000e+03	5.832233e-09	3.690337e-09	0.000000e+00
5.080000e+03	5.120000e+03	1.452352e-09	6.477723e-10	0.000000e+00
5.120000e+03	5.160000e+03	1.791030e-09	1.162488e-09	0.000000e+00
5.160000e+03	5.200000e+03	1.362659e-09	7.549280e-10	8.013825e-10
5.200000e+03	5.240000e+03	1.110335e-09	2.525250e-11	5.720570e-10
5.240000e+03	5.280000e+03	6.123882e-10	0.000000e+00	3.988234e-09
5.280000e+03	5.320000e+03	9.501400e-10	7.038450e-11	5.811255e-10
5.320000e+03	5.360000e+03	2.037890e-09	1.395671e-09	0.000000e+00
5.360000e+03	5.400000e+03	9.826487e-10	1.914025e-10	7.902275e-11
5.400000e+03	5.440000e+03	4.720605e-10	0.000000e+00	8.673520e-10
5.440000e+03	5.480000e+03	1.355347e-09	6.149800e-10	1.850093e-10
5.480000e+03	5.520000e+03	4.743540e-10	0.000000e+00	1.005634e-09
5.520000e+03	5.560000e+03	8.142540e-10	4.907658e-10	1.997075e-10
5.560000e+03	5.600000e+03	2.253741e-10	0.000000e+00	9.907099e-10
5.600000e+03	5.640000e+03	8.236665e-10	6.668718e-10	0.000000e+00
5.640000e+03	5.680000e+03	9.791858e-10	6.380860e-10	0.000000e+00
5.680000e+03	5.720000e+03	3.262710e-10	8.946105e-11	2.392037e-10
5.720000e+03	5.760000e+03	4.056938e-10	1.701786e-10	3.356195e-10
5.760000e+03	5.800000e+03	1.084555e-09	7.520458e-10	0.000000e+00
5.800000e+03	5.840000e+03	2.663140e-10	2.053664e-10	3.376280e-10
5.840000e+03	5.880000e+03	2.183500e-10	0.000000e+00	4.829777e-10
5.880000e+03	5.920000e+03	3.848977e-10	3.128215e-10	0.000000e+00
5.920000e+03	5.960000e+03	1.341192e-10	6.695668e-11	4.171020e-10
5.960000e+03	6.000000e+03	1.368575e-10	7.823332e-11	7.949278e-10
# END HISTO1D


# BEGIN HISTO1D //homes/tinghua1/Merging-Project/Production/HJETS/ratio-plots/hjets-vbfnlo/H-2-3-25gev-combine.yoda/MC_H2JETS_07_LOOSE/j2j4_mass
ErrorBandColor=purple
ErrorBandOpacity=0.3
ErrorBands=1
ErrorType=env
LineColor=purple
LineStyle=solid
Path=//homes/tinghua1/Merging-Project/Production/HJETS/ratio-plots/hjets-vbfnlo/H-2-3-25gev-combine.yoda/MC_H2JETS_07_LOOSE/j2j4_mass
RatioPlotSameStyle=1
Title=h(2,3)
# xlow	 xhigh	 val	 errminus	 errplus
0.000000e+00	4.000000e+01	4.347745e-05	0.000000e+00	1.015858e-05
4.000000e+01	8.000000e+01	2.833520e-04	0.000000e+00	1.601233e-04
8.000000e+01	1.200000e+02	2.811465e-04	0.000000e+00	1.605853e-04
1.200000e+02	1.600000e+02	1.569328e-04	0.000000e+00	9.616825e-05
1.600000e+02	2.000000e+02	1.033413e-04	0.000000e+00	5.986675e-05
2.000000e+02	2.400000e+02	7.575792e-05	0.000000e+00	4.430010e-05
2.400000e+02	2.800000e+02	5.976762e-05	0.000000e+00	3.508178e-05
2.800000e+02	3.200000e+02	4.972948e-05	0.000000e+00	2.898660e-05
3.200000e+02	3.600000e+02	4.246800e-05	0.000000e+00	2.407748e-05
3.600000e+02	4.000000e+02	3.584225e-05	0.000000e+00	2.220162e-05
4.000000e+02	4.400000e+02	3.167418e-05	0.000000e+00	1.900280e-05
4.400000e+02	4.800000e+02	2.750995e-05	0.000000e+00	1.984162e-05
4.800000e+02	5.200000e+02	2.429605e-05	0.000000e+00	1.631802e-05
5.200000e+02	5.600000e+02	2.191690e-05	0.000000e+00	1.386847e-05
5.600000e+02	6.000000e+02	1.959096e-05	0.000000e+00	1.297109e-05
6.000000e+02	6.400000e+02	1.720427e-05	0.000000e+00	1.176616e-05
6.400000e+02	6.800000e+02	1.550669e-05	0.000000e+00	1.100818e-05
6.800000e+02	7.200000e+02	1.405774e-05	0.000000e+00	9.816215e-06
7.200000e+02	7.600000e+02	1.244677e-05	0.000000e+00	9.351208e-06
7.600000e+02	8.000000e+02	1.146062e-05	0.000000e+00	8.464345e-06
8.000000e+02	8.400000e+02	1.026402e-05	0.000000e+00	7.975652e-06
8.400000e+02	8.800000e+02	1.005392e-05	0.000000e+00	6.347542e-06
8.800000e+02	9.200000e+02	8.616152e-06	0.000000e+00	6.411670e-06
9.200000e+02	9.600000e+02	7.856497e-06	0.000000e+00	5.783675e-06
9.600000e+02	1.000000e+03	6.828553e-06	0.000000e+00	5.871202e-06
1.000000e+03	1.040000e+03	6.833303e-06	0.000000e+00	4.683957e-06
1.040000e+03	1.080000e+03	6.214577e-06	0.000000e+00	4.516358e-06
1.080000e+03	1.120000e+03	5.252255e-06	0.000000e+00	4.734170e-06
1.120000e+03	1.160000e+03	4.963487e-06	0.000000e+00	4.174897e-06
1.160000e+03	1.200000e+03	4.443810e-06	0.000000e+00	3.946718e-06
1.200000e+03	1.240000e+03	4.093878e-06	0.000000e+00	3.662095e-06
1.240000e+03	1.280000e+03	3.851960e-06	0.000000e+00	3.275687e-06
1.280000e+03	1.320000e+03	3.705170e-06	0.000000e+00	2.597288e-06
1.320000e+03	1.360000e+03	3.174052e-06	0.000000e+00	2.676773e-06
1.360000e+03	1.400000e+03	2.839185e-06	0.000000e+00	2.667152e-06
1.400000e+03	1.440000e+03	2.639452e-06	0.000000e+00	2.392730e-06
1.440000e+03	1.480000e+03	2.332444e-06	0.000000e+00	2.381488e-06
1.480000e+03	1.520000e+03	2.282098e-06	0.000000e+00	1.969364e-06
1.520000e+03	1.560000e+03	2.045911e-06	0.000000e+00	1.937154e-06
1.560000e+03	1.600000e+03	1.887883e-06	0.000000e+00	1.768132e-06
1.600000e+03	1.640000e+03	1.756879e-06	0.000000e+00	1.706994e-06
1.640000e+03	1.680000e+03	1.623006e-06	0.000000e+00	1.465689e-06
1.680000e+03	1.720000e+03	1.547597e-06	0.000000e+00	1.442141e-06
1.720000e+03	1.760000e+03	1.417738e-06	0.000000e+00	1.182839e-06
1.760000e+03	1.800000e+03	1.272665e-06	0.000000e+00	1.245550e-06
1.800000e+03	1.840000e+03	1.152278e-06	0.000000e+00	1.158844e-06
1.840000e+03	1.880000e+03	1.081920e-06	0.000000e+00	1.057009e-06
1.880000e+03	1.920000e+03	9.356993e-07	0.000000e+00	1.010371e-06
1.920000e+03	1.960000e+03	9.310057e-07	0.000000e+00	9.855150e-07
1.960000e+03	2.000000e+03	8.455602e-07	0.000000e+00	8.937833e-07
2.000000e+03	2.040000e+03	8.001712e-07	0.000000e+00	7.667478e-07
2.040000e+03	2.080000e+03	7.208508e-07	0.000000e+00	7.330402e-07
2.080000e+03	2.120000e+03	6.520353e-07	0.000000e+00	6.739995e-07
2.120000e+03	2.160000e+03	6.217708e-07	0.000000e+00	5.617893e-07
2.160000e+03	2.200000e+03	5.764915e-07	0.000000e+00	6.089020e-07
2.200000e+03	2.240000e+03	4.876250e-07	0.000000e+00	5.986207e-07
2.240000e+03	2.280000e+03	4.560823e-07	0.000000e+00	4.972195e-07
2.280000e+03	2.320000e+03	4.639538e-07	0.000000e+00	5.033990e-07
2.320000e+03	2.360000e+03	4.241635e-07	0.000000e+00	4.181075e-07
2.360000e+03	2.400000e+03	3.753535e-07	0.000000e+00	3.842112e-07
2.400000e+03	2.440000e+03	3.417658e-07	0.000000e+00	3.401375e-07
2.440000e+03	2.480000e+03	3.128897e-07	0.000000e+00	3.639855e-07
2.480000e+03	2.520000e+03	2.723250e-07	0.000000e+00	3.642462e-07
2.520000e+03	2.560000e+03	2.761302e-07	0.000000e+00	2.709150e-07
2.560000e+03	2.600000e+03	2.356554e-07	0.000000e+00	3.009814e-07
2.600000e+03	2.640000e+03	2.158212e-07	0.000000e+00	2.482365e-07
2.640000e+03	2.680000e+03	2.067755e-07	0.000000e+00	2.231905e-07
2.680000e+03	2.720000e+03	2.050555e-07	0.000000e+00	2.522255e-07
2.720000e+03	2.760000e+03	1.750269e-07	0.000000e+00	2.118418e-07
2.760000e+03	2.800000e+03	1.776983e-07	0.000000e+00	1.792550e-07
2.800000e+03	2.840000e+03	1.430445e-07	0.000000e+00	1.629228e-07
2.840000e+03	2.880000e+03	1.380015e-07	0.000000e+00	1.572407e-07
2.880000e+03	2.920000e+03	1.870990e-07	0.000000e+00	7.723700e-08
2.920000e+03	2.960000e+03	1.065711e-07	0.000000e+00	9.933345e-08
2.960000e+03	3.000000e+03	1.031824e-07	0.000000e+00	1.806681e-07
3.000000e+03	3.040000e+03	1.028176e-07	0.000000e+00	1.187895e-07
3.040000e+03	3.080000e+03	9.196140e-08	0.000000e+00	8.742850e-08
3.080000e+03	3.120000e+03	8.610188e-08	0.000000e+00	1.028106e-07
3.120000e+03	3.160000e+03	6.856287e-08	0.000000e+00	8.457292e-08
3.160000e+03	3.200000e+03	6.517593e-08	0.000000e+00	8.439220e-08
3.200000e+03	3.240000e+03	5.920122e-08	0.000000e+00	8.141640e-08
3.240000e+03	3.280000e+03	4.637930e-08	0.000000e+00	8.864525e-08
3.280000e+03	3.320000e+03	5.248885e-08	0.000000e+00	4.186717e-08
3.320000e+03	3.360000e+03	4.653295e-08	0.000000e+00	5.846452e-08
3.360000e+03	3.400000e+03	4.723460e-08	0.000000e+00	5.374860e-08
3.400000e+03	3.440000e+03	3.667160e-08	0.000000e+00	6.163562e-08
3.440000e+03	3.480000e+03	3.574725e-08	0.000000e+00	3.311017e-08
3.480000e+03	3.520000e+03	2.992428e-08	0.000000e+00	4.215240e-08
3.520000e+03	3.560000e+03	2.492596e-08	0.000000e+00	4.937147e-08
3.560000e+03	3.600000e+03	2.826468e-08	0.000000e+00	2.977025e-08
3.600000e+03	3.640000e+03	1.947623e-08	0.000000e+00	3.108675e-08
3.640000e+03	3.680000e+03	2.003789e-08	0.000000e+00	3.125794e-08
3.680000e+03	3.720000e+03	1.783097e-08	0.000000e+00	2.813420e-08
3.720000e+03	3.760000e+03	1.829872e-08	0.000000e+00	4.145433e-08
3.760000e+03	3.800000e+03	1.626296e-08	0.000000e+00	2.030317e-08
3.800000e+03	3.840000e+03	1.562928e-08	0.000000e+00	1.938979e-08
3.840000e+03	3.880000e+03	1.659562e-08	0.000000e+00	1.513503e-08
3.880000e+03	3.920000e+03	9.948638e-09	0.000000e+00	2.102079e-08
3.920000e+03	3.960000e+03	2.084306e-08	2.723060e-09	2.371870e-09
3.960000e+03	4.000000e+03	9.685868e-09	0.000000e+00	1.229531e-08
4.000000e+03	4.040000e+03	9.559283e-09	0.000000e+00	1.449143e-08
4.040000e+03	4.080000e+03	1.189462e-08	0.000000e+00	1.006235e-08
4.080000e+03	4.120000e+03	6.230910e-09	0.000000e+00	7.922968e-09
4.120000e+03	4.160000e+03	5.786612e-09	0.000000e+00	1.257523e-08
4.160000e+03	4.200000e+03	2.174966e-09	0.000000e+00	1.157586e-08
4.200000e+03	4.240000e+03	6.920605e-09	0.000000e+00	4.606625e-09
4.240000e+03	4.280000e+03	3.971395e-09	0.000000e+00	7.216413e-09
4.280000e+03	4.320000e+03	4.402025e-09	0.000000e+00	6.166130e-09
4.320000e+03	4.360000e+03	4.482300e-09	0.000000e+00	6.693282e-09
4.360000e+03	4.400000e+03	2.576917e-09	0.000000e+00	3.591525e-09
4.400000e+03	4.440000e+03	2.463729e-09	5.584899e-09	2.109371e-09
4.440000e+03	4.480000e+03	2.540243e-09	0.000000e+00	3.797392e-09
4.480000e+03	4.520000e+03	2.674473e-09	0.000000e+00	4.109038e-09
4.520000e+03	4.560000e+03	1.411795e-09	0.000000e+00	4.994150e-09
4.560000e+03	4.600000e+03	1.622243e-09	0.000000e+00	5.582324e-09
4.600000e+03	4.640000e+03	2.564980e-09	0.000000e+00	2.882135e-09
4.640000e+03	4.680000e+03	2.443243e-09	0.000000e+00	1.862157e-09
4.680000e+03	4.720000e+03	7.988927e-10	0.000000e+00	2.968157e-09
4.720000e+03	4.760000e+03	1.053019e-09	0.000000e+00	1.252879e-09
4.760000e+03	4.800000e+03	3.291647e-09	7.554975e-10	0.000000e+00
4.800000e+03	4.840000e+03	9.942678e-10	0.000000e+00	1.931872e-09
4.840000e+03	4.880000e+03	1.219772e-09	0.000000e+00	1.086081e-09
4.880000e+03	4.920000e+03	8.919572e-10	0.000000e+00	1.149753e-09
4.920000e+03	4.960000e+03	1.441551e-09	0.000000e+00	1.556606e-09
4.960000e+03	5.000000e+03	1.304523e-09	0.000000e+00	2.914097e-09
5.000000e+03	5.040000e+03	6.627408e-10	0.000000e+00	7.158062e-10
5.040000e+03	5.080000e+03	1.062740e-09	0.000000e+00	4.547713e-10
5.080000e+03	5.120000e+03	5.060630e-10	0.000000e+00	8.161680e-10
5.120000e+03	5.160000e+03	6.268725e-10	5.700675e-10	7.901800e-11
5.160000e+03	5.200000e+03	5.541150e-10	0.000000e+00	1.721191e-09
5.200000e+03	5.240000e+03	6.455913e-10	1.294060e-10	5.462598e-10
5.240000e+03	5.280000e+03	1.398389e-09	9.553875e-10	0.000000e+00
5.280000e+03	5.320000e+03	1.736874e-10	0.000000e+00	1.209277e-09
5.320000e+03	5.360000e+03	3.888357e-10	0.000000e+00	1.257180e-09
5.360000e+03	5.400000e+03	1.400886e-10	0.000000e+00	3.841814e-10
5.400000e+03	5.440000e+03	1.285757e-10	0.000000e+00	5.649803e-10
5.440000e+03	5.480000e+03	1.667052e-10	0.000000e+00	3.256700e-10
5.480000e+03	5.520000e+03	4.244100e-10	0.000000e+00	4.240525e-10
5.520000e+03	5.560000e+03	2.614973e-10	0.000000e+00	3.769582e-10
5.560000e+03	5.600000e+03	6.181005e-11	0.000000e+00	4.474687e-10
5.600000e+03	5.640000e+03	1.275624e-10	0.000000e+00	4.776086e-10
5.640000e+03	5.680000e+03	4.310045e-11	0.000000e+00	8.131090e-10
5.680000e+03	5.720000e+03	1.453699e-09	1.345338e-09	0.000000e+00
5.720000e+03	5.760000e+03	7.985420e-11	0.000000e+00	3.130610e-10
5.760000e+03	5.800000e+03	9.998537e-11	0.000000e+00	4.983753e-11
5.800000e+03	5.840000e+03	7.524917e-11	1.122115e-10	8.109415e-11
5.840000e+03	5.880000e+03	3.456395e-10	3.196970e-10	0.000000e+00
5.880000e+03	5.920000e+03	1.080777e-10	6.043450e-11	2.073011e-10
5.920000e+03	5.960000e+03	1.308192e-10	0.000000e+00	1.810012e-11
5.960000e+03	6.000000e+03	1.067238e-10	6.812507e-11	7.273540e-11
# END HISTO1D


# BEGIN HISTO1D //homes/tinghua1/Merging-Project/Production/HJETS/ratio-plots/hjets-vbfnlo/H-2-3-25gev-vbfnlo-combine.yoda/MC_H2JETS_07_LOOSE/j2j4_mass
ErrorBandColor=violet
ErrorBandOpacity=0.3
ErrorBands=1
ErrorType=env
LineColor=violet
LineStyle=solid
Path=//homes/tinghua1/Merging-Project/Production/HJETS/ratio-plots/hjets-vbfnlo/H-2-3-25gev-vbfnlo-combine.yoda/MC_H2JETS_07_LOOSE/j2j4_mass
RatioPlotSameStyle=1
Title=h(2,3)-vbfnlo
# xlow	 xhigh	 val	 errminus	 errplus
0.000000e+00	4.000000e+01	4.594125e-05	9.713075e-06	0.000000e+00
4.000000e+01	8.000000e+01	3.015155e-04	1.117340e-04	0.000000e+00
8.000000e+01	1.200000e+02	2.383870e-04	9.042817e-05	0.000000e+00
1.200000e+02	1.600000e+02	1.389295e-04	5.226265e-05	0.000000e+00
1.600000e+02	2.000000e+02	8.998982e-05	3.242897e-05	0.000000e+00
2.000000e+02	2.400000e+02	6.968055e-05	2.441315e-05	0.000000e+00
2.400000e+02	2.800000e+02	5.968010e-05	2.162540e-05	0.000000e+00
2.800000e+02	3.200000e+02	5.229567e-05	1.864838e-05	0.000000e+00
3.200000e+02	3.600000e+02	4.713813e-05	1.695070e-05	0.000000e+00
3.600000e+02	4.000000e+02	4.276388e-05	1.578493e-05	0.000000e+00
4.000000e+02	4.400000e+02	3.889550e-05	1.445418e-05	0.000000e+00
4.400000e+02	4.800000e+02	3.566012e-05	1.374784e-05	0.000000e+00
4.800000e+02	5.200000e+02	3.259707e-05	1.265409e-05	0.000000e+00
5.200000e+02	5.600000e+02	2.952922e-05	1.150484e-05	0.000000e+00
5.600000e+02	6.000000e+02	2.704340e-05	1.070007e-05	0.000000e+00
6.000000e+02	6.400000e+02	2.487722e-05	1.002689e-05	0.000000e+00
6.400000e+02	6.800000e+02	2.280555e-05	9.328258e-06	0.000000e+00
6.800000e+02	7.200000e+02	2.096997e-05	8.699800e-06	0.000000e+00
7.200000e+02	7.600000e+02	1.916419e-05	7.948343e-06	0.000000e+00
7.600000e+02	8.000000e+02	1.761472e-05	7.362533e-06	0.000000e+00
8.000000e+02	8.400000e+02	1.633868e-05	7.062192e-06	0.000000e+00
8.400000e+02	8.800000e+02	1.486817e-05	6.491528e-06	0.000000e+00
8.800000e+02	9.200000e+02	1.368021e-05	5.940355e-06	0.000000e+00
9.200000e+02	9.600000e+02	1.261441e-05	5.525865e-06	0.000000e+00
9.600000e+02	1.000000e+03	1.165414e-05	5.235943e-06	0.000000e+00
1.000000e+03	1.040000e+03	1.073506e-05	4.817897e-06	0.000000e+00
1.040000e+03	1.080000e+03	9.859093e-06	4.473378e-06	0.000000e+00
1.080000e+03	1.120000e+03	9.056988e-06	4.089220e-06	0.000000e+00
1.120000e+03	1.160000e+03	8.387908e-06	3.813943e-06	0.000000e+00
1.160000e+03	1.200000e+03	7.753785e-06	3.564523e-06	0.000000e+00
1.200000e+03	1.240000e+03	7.155985e-06	3.337135e-06	0.000000e+00
1.240000e+03	1.280000e+03	6.603338e-06	3.052895e-06	0.000000e+00
1.280000e+03	1.320000e+03	6.068375e-06	2.799038e-06	0.000000e+00
1.320000e+03	1.360000e+03	5.582170e-06	2.602925e-06	0.000000e+00
1.360000e+03	1.400000e+03	5.192852e-06	2.445125e-06	0.000000e+00
1.400000e+03	1.440000e+03	4.825630e-06	2.324525e-06	0.000000e+00
1.440000e+03	1.480000e+03	4.421975e-06	2.113748e-06	0.000000e+00
1.480000e+03	1.520000e+03	4.122925e-06	1.985930e-06	0.000000e+00
1.520000e+03	1.560000e+03	3.836707e-06	1.836942e-06	0.000000e+00
1.560000e+03	1.600000e+03	3.539640e-06	1.696633e-06	0.000000e+00
1.600000e+03	1.640000e+03	3.306437e-06	1.667023e-06	0.000000e+00
1.640000e+03	1.680000e+03	3.046933e-06	1.474885e-06	0.000000e+00
1.680000e+03	1.720000e+03	2.862235e-06	1.441638e-06	0.000000e+00
1.720000e+03	1.760000e+03	2.607455e-06	1.272964e-06	0.000000e+00
1.760000e+03	1.800000e+03	2.462969e-06	1.245638e-06	0.000000e+00
1.800000e+03	1.840000e+03	3.206212e-06	2.068913e-06	0.000000e+00
1.840000e+03	1.880000e+03	2.069361e-06	1.017610e-06	0.000000e+00
1.880000e+03	1.920000e+03	1.945347e-06	1.004967e-06	0.000000e+00
1.920000e+03	1.960000e+03	1.797182e-06	8.523310e-07	0.000000e+00
1.960000e+03	2.000000e+03	1.669595e-06	8.301923e-07	0.000000e+00
2.000000e+03	2.040000e+03	1.513337e-06	7.423912e-07	0.000000e+00
2.040000e+03	2.080000e+03	1.465701e-06	7.786948e-07	0.000000e+00
2.080000e+03	2.120000e+03	1.340784e-06	6.444850e-07	0.000000e+00
2.120000e+03	2.160000e+03	1.229980e-06	6.285575e-07	0.000000e+00
2.160000e+03	2.200000e+03	1.147929e-06	5.763677e-07	0.000000e+00
2.200000e+03	2.240000e+03	1.048235e-06	5.465993e-07	0.000000e+00
2.240000e+03	2.280000e+03	1.021466e-06	5.448490e-07	0.000000e+00
2.280000e+03	2.320000e+03	8.796965e-07	4.630818e-07	0.000000e+00
2.320000e+03	2.360000e+03	8.700318e-07	4.448408e-07	0.000000e+00
2.360000e+03	2.400000e+03	7.614195e-07	3.975703e-07	0.000000e+00
2.400000e+03	2.440000e+03	7.256632e-07	3.879710e-07	0.000000e+00
2.440000e+03	2.480000e+03	6.645198e-07	3.527400e-07	0.000000e+00
2.480000e+03	2.520000e+03	5.659620e-07	2.265422e-07	0.000000e+00
2.520000e+03	2.560000e+03	5.506357e-07	2.610155e-07	0.000000e+00
2.560000e+03	2.600000e+03	5.194480e-07	2.738724e-07	0.000000e+00
2.600000e+03	2.640000e+03	4.891065e-07	2.623612e-07	0.000000e+00
2.640000e+03	2.680000e+03	4.379092e-07	2.207737e-07	0.000000e+00
2.680000e+03	2.720000e+03	4.082778e-07	2.140849e-07	0.000000e+00
2.720000e+03	2.760000e+03	3.791530e-07	2.035208e-07	0.000000e+00
2.760000e+03	2.800000e+03	3.369335e-07	1.731799e-07	0.000000e+00
2.800000e+03	2.840000e+03	3.234517e-07	1.737053e-07	0.000000e+00
2.840000e+03	2.880000e+03	2.960653e-07	1.628151e-07	0.000000e+00
2.880000e+03	2.920000e+03	2.638748e-07	1.364426e-07	0.000000e+00
2.920000e+03	2.960000e+03	2.482613e-07	1.339308e-07	0.000000e+00
2.960000e+03	3.000000e+03	2.355677e-07	1.341571e-07	0.000000e+00
3.000000e+03	3.040000e+03	2.114737e-07	1.093762e-07	0.000000e+00
3.040000e+03	3.080000e+03	1.972753e-07	1.099055e-07	0.000000e+00
3.080000e+03	3.120000e+03	1.874491e-07	1.058613e-07	0.000000e+00
3.120000e+03	3.160000e+03	1.537204e-07	7.547528e-08	0.000000e+00
3.160000e+03	3.200000e+03	1.483000e-07	8.072695e-08	0.000000e+00
3.200000e+03	3.240000e+03	1.358568e-07	7.487145e-08	0.000000e+00
3.240000e+03	3.280000e+03	1.379707e-07	7.924305e-08	0.000000e+00
3.280000e+03	3.320000e+03	1.322516e-07	8.274678e-08	0.000000e+00
3.320000e+03	3.360000e+03	1.155814e-07	6.946767e-08	0.000000e+00
3.360000e+03	3.400000e+03	1.000241e-07	5.656958e-08	0.000000e+00
3.400000e+03	3.440000e+03	8.993600e-08	4.857560e-08	0.000000e+00
3.440000e+03	3.480000e+03	7.748793e-08	4.179080e-08	0.000000e+00
3.480000e+03	3.520000e+03	7.097220e-08	3.713645e-08	0.000000e+00
3.520000e+03	3.560000e+03	7.261710e-08	4.413517e-08	0.000000e+00
3.560000e+03	3.600000e+03	6.230795e-08	3.180585e-08	0.000000e+00
3.600000e+03	3.640000e+03	5.853767e-08	2.915407e-08	0.000000e+00
3.640000e+03	3.680000e+03	4.802995e-08	2.687116e-08	0.000000e+00
3.680000e+03	3.720000e+03	4.813768e-08	2.434767e-08	0.000000e+00
3.720000e+03	3.760000e+03	4.469372e-08	2.663250e-08	0.000000e+00
3.760000e+03	3.800000e+03	3.745750e-08	2.056200e-08	0.000000e+00
3.800000e+03	3.840000e+03	3.238030e-08	1.861022e-08	0.000000e+00
3.840000e+03	3.880000e+03	3.840590e-08	2.574853e-08	0.000000e+00
3.880000e+03	3.920000e+03	3.390282e-08	2.009504e-08	0.000000e+00
3.920000e+03	3.960000e+03	2.502452e-08	1.131190e-08	0.000000e+00
3.960000e+03	4.000000e+03	2.342315e-08	1.140972e-08	0.000000e+00
4.000000e+03	4.040000e+03	2.365685e-08	1.328780e-08	0.000000e+00
4.040000e+03	4.080000e+03	1.525894e-08	5.551785e-09	0.000000e+00
4.080000e+03	4.120000e+03	1.675231e-08	8.677143e-09	0.000000e+00
4.120000e+03	4.160000e+03	1.636019e-08	1.022937e-08	0.000000e+00
4.160000e+03	4.200000e+03	1.293019e-08	6.790790e-09	0.000000e+00
4.200000e+03	4.240000e+03	1.541697e-08	9.616305e-09	0.000000e+00
4.240000e+03	4.280000e+03	1.551167e-08	1.042723e-08	0.000000e+00
4.280000e+03	4.320000e+03	1.144058e-08	6.405050e-09	0.000000e+00
4.320000e+03	4.360000e+03	1.137129e-08	5.896835e-09	0.000000e+00
4.360000e+03	4.400000e+03	1.037376e-08	5.994320e-09	0.000000e+00
4.400000e+03	4.440000e+03	6.962602e-09	2.791470e-09	0.000000e+00
4.440000e+03	4.480000e+03	5.775615e-09	4.071818e-09	0.000000e+00
4.480000e+03	4.520000e+03	6.533160e-09	2.963677e-09	0.000000e+00
4.520000e+03	4.560000e+03	3.699285e-09	1.268005e-09	7.535750e-11
4.560000e+03	4.600000e+03	6.945260e-09	4.769004e-09	0.000000e+00
4.600000e+03	4.640000e+03	4.965685e-09	2.791747e-09	0.000000e+00
4.640000e+03	4.680000e+03	3.721120e-09	3.144549e-09	0.000000e+00
4.680000e+03	4.720000e+03	3.404160e-09	1.869763e-09	0.000000e+00
4.720000e+03	4.760000e+03	3.196383e-09	1.672170e-09	0.000000e+00
4.760000e+03	4.800000e+03	3.705320e-09	1.187310e-09	0.000000e+00
4.800000e+03	4.840000e+03	3.168915e-09	1.897566e-09	0.000000e+00
4.840000e+03	4.880000e+03	2.807298e-09	1.398624e-09	0.000000e+00
4.880000e+03	4.920000e+03	1.483654e-09	5.286290e-10	0.000000e+00
4.920000e+03	4.960000e+03	3.289595e-09	2.161191e-09	0.000000e+00
4.960000e+03	5.000000e+03	1.764932e-09	9.157400e-10	0.000000e+00
5.000000e+03	5.040000e+03	1.779880e-09	8.435595e-10	0.000000e+00
5.040000e+03	5.080000e+03	1.681927e-09	1.108432e-09	0.000000e+00
5.080000e+03	5.120000e+03	1.139906e-09	4.272087e-10	0.000000e+00
5.120000e+03	5.160000e+03	1.135178e-09	3.949395e-10	2.369402e-10
5.160000e+03	5.200000e+03	9.680217e-10	4.210490e-10	3.115895e-10
5.200000e+03	5.240000e+03	8.448827e-10	5.844007e-10	0.000000e+00
5.240000e+03	5.280000e+03	2.042549e-09	1.555516e-09	0.000000e+00
5.280000e+03	5.320000e+03	1.243737e-09	8.195917e-10	0.000000e+00
5.320000e+03	5.360000e+03	1.177760e-09	9.222692e-10	0.000000e+00
5.360000e+03	5.400000e+03	8.509190e-10	5.636785e-10	0.000000e+00
5.400000e+03	5.440000e+03	1.004116e-09	8.464370e-10	0.000000e+00
5.440000e+03	5.480000e+03	3.433457e-10	1.626050e-11	5.312150e-11
5.480000e+03	5.520000e+03	6.468995e-10	3.454512e-10	0.000000e+00
5.520000e+03	5.560000e+03	4.264708e-10	1.764783e-10	8.245100e-11
5.560000e+03	5.600000e+03	5.967108e-10	3.722162e-10	0.000000e+00
5.600000e+03	5.640000e+03	5.558653e-10	4.743618e-10	0.000000e+00
5.640000e+03	5.680000e+03	4.790718e-10	2.610684e-10	0.000000e+00
5.680000e+03	5.720000e+03	3.473585e-10	2.375808e-10	0.000000e+00
5.720000e+03	5.760000e+03	1.785343e-10	0.000000e+00	9.530990e-11
5.760000e+03	5.800000e+03	3.271460e-10	2.677103e-10	0.000000e+00
5.800000e+03	5.840000e+03	3.044900e-10	1.875675e-10	0.000000e+00
5.840000e+03	5.880000e+03	1.943833e-10	1.454804e-10	0.000000e+00
5.880000e+03	5.920000e+03	5.186812e-10	4.533379e-10	0.000000e+00
5.920000e+03	5.960000e+03	7.220175e-11	0.000000e+00	1.728570e-10
5.960000e+03	6.000000e+03	2.550953e-10	2.195562e-10	0.000000e+00
# END HISTO1D

