# BEGIN PLOT
Scale=1000.0
DrawOnly=//homes/tinghua1/Merging-Project/Production/HJETS/ratio-plots/hjets-matched-errorband/H-N2-N3-4-25gev-combine.yoda/MC_H2JETS_07_INC/j1j3_mass //homes/tinghua1/Merging-Project/Production/HJETS/ratio-plots/hjets-matched-errorband/H-N2-3-4-25gev-combine.yoda/MC_H2JETS_07_INC/j1j3_mass //homes/tinghua1/Merging-Project/Production/HJETS/ratio-plots/hjets-matched-errorband/H-2-3-4-25gev-combine.yoda/MC_H2JETS_07_INC/j1j3_mass //homes/tinghua1/Merging-Project/Production/HJETS/ratio-plots/hjets-matched-errorband/H-N2-3-25gev-combine.yoda/MC_H2JETS_07_INC/j1j3_mass //homes/tinghua1/Merging-Project/Production/HJETS/ratio-plots/hjets-matched-errorband/H-2-3-25gev-combine.yoda/MC_H2JETS_07_INC/j1j3_mass //homes/tinghua1/Merging-Project/Production/HJETS/ratio-plots/hjets-matched-errorband/H3Jets-NLOPS-combine.yoda/MC_H2JETS_07_INC/j1j3_mass //homes/tinghua1/Merging-Project/Production/HJETS/ratio-plots/hjets-matched-errorband/H2Jets-NLOPS-combine.yoda/MC_H2JETS_07_INC/j1j3_mass
RightMargin=0.5
RatioPlotReference=//homes/tinghua1/Merging-Project/Production/HJETS/ratio-plots/hjets-matched-errorband/H-N2-N3-4-25gev-combine.yoda/MC_H2JETS_07_INC/j1j3_mass
#RatioPlot=1
LogY=1
RatioPlotYMax=1.6
RatioPlotYLabel=Ratio
#LegendOnly=//homes/tinghua1/Merging-Project/Production/HJETS/ratio-plots/hjets-matched-errorband/H-N2-N3-4-25gev-combine.yoda/MC_H2JETS_07_INC/j1j3_mass //homes/tinghua1/Merging-Project/Production/HJETS/ratio-plots/hjets-matched-errorband/H-N2-3-4-25gev-combine.yoda/MC_H2JETS_07_INC/j1j3_mass //homes/tinghua1/Merging-Project/Production/HJETS/ratio-plots/hjets-matched-errorband/H-2-3-4-25gev-combine.yoda/MC_H2JETS_07_INC/j1j3_mass //homes/tinghua1/Merging-Project/Production/HJETS/ratio-plots/hjets-matched-errorband/H-N2-3-25gev-combine.yoda/MC_H2JETS_07_INC/j1j3_mass //homes/tinghua1/Merging-Project/Production/HJETS/ratio-plots/hjets-matched-errorband/H-2-3-25gev-combine.yoda/MC_H2JETS_07_INC/j1j3_mass //homes/tinghua1/Merging-Project/Production/HJETS/ratio-plots/hjets-matched-errorband/H3Jets-NLOPS-combine.yoda/MC_H2JETS_07_INC/j1j3_mass //homes/tinghua1/Merging-Project/Production/HJETS/ratio-plots/hjets-matched-errorband/H2Jets-NLOPS-combine.yoda/MC_H2JETS_07_INC/j1j3_mass
XLabel=$m_{j_1j_3}$ (GeV)
LegendAlign=r
XMax=1000
YLabel=$ \text{d} \sigma/ \text{d}  m_{j_1j_3}$ (fb/GeV)
Legend=0
RatioPlot=6
MainPlotSelection={"Selection":[1,2,3,4,5,6,7]}
RatioPlots={"RatioPlotYLabel":"","Selection":[1,2]};{"RatioPlotYLabel":"","Selection":[1,3]};{"RatioPlotYLabel":"","Selection":[1,4]};{"RatioPlotYLabel":"","Selection":[1,5]};{"RatioPlotYLabel":"","Selection":[1,6]};{"RatioPlotYLabel":"","Selection":[1,7]}
RatioPlotSameStyle=1
RatioPlotYMin=0.0
# END PLOT


# BEGIN SPECIAL /MC_H2JETS_07_INC/j1j3_mass
\rput[tl](0.05,0.75){\parbox{5cm}{\textcolor{gray}{{\bf Herwig 7.2.0} \\ HJETS/ColorFull}}}
# END SPECIAL

# BEGIN HISTO1D //homes/tinghua1/Merging-Project/Production/HJETS/ratio-plots/hjets-matched-errorband/H-N2-N3-4-25gev-combine.yoda/MC_H2JETS_07_INC/j1j3_mass
ErrorBandColor=orange
ErrorBandOpacity=0.3
ErrorBands=1
ErrorType=env
LineColor=orange
LineStyle=solid
Path=//homes/tinghua1/Merging-Project/Production/HJETS/ratio-plots/hjets-matched-errorband/H-N2-N3-4-25gev-combine.yoda/MC_H2JETS_07_INC/j1j3_mass
RatioPlotSameStyle=1
Title=h(2*,3*,4)
# xlow	 xhigh	 val	 errminus	 errplus
0.000000e+00	4.000000e+01	2.176120e-04	0.000000e+00	1.834167e-05
4.000000e+01	8.000000e+01	3.380950e-03	2.316100e-04	2.097350e-04
8.000000e+01	1.200000e+02	5.007882e-03	2.264375e-04	3.417050e-04
1.200000e+02	1.600000e+02	2.921615e-03	2.286075e-04	2.042750e-04
1.600000e+02	2.000000e+02	1.968923e-03	1.983715e-04	1.068503e-04
2.000000e+02	2.400000e+02	1.383246e-03	1.271472e-04	6.814050e-05
2.400000e+02	2.800000e+02	1.019690e-03	8.018225e-05	2.940000e-07
2.800000e+02	3.200000e+02	7.993835e-04	7.063425e-05	4.732975e-05
3.200000e+02	3.600000e+02	6.461900e-04	5.179500e-05	1.449150e-05
3.600000e+02	4.000000e+02	5.657767e-04	5.484100e-05	3.200825e-05
4.000000e+02	4.400000e+02	4.844317e-04	0.000000e+00	4.609300e-05
4.400000e+02	4.800000e+02	4.203335e-04	2.795825e-05	3.432075e-05
4.800000e+02	5.200000e+02	3.730028e-04	3.696100e-05	3.379925e-05
5.200000e+02	5.600000e+02	3.475760e-04	3.541100e-05	4.256250e-06
5.600000e+02	6.000000e+02	3.140275e-04	2.138475e-05	3.689775e-05
6.000000e+02	6.400000e+02	2.710492e-04	2.362040e-05	1.941750e-05
6.400000e+02	6.800000e+02	2.291593e-04	6.168450e-06	3.592448e-05
6.800000e+02	7.200000e+02	2.350936e-04	2.905132e-05	6.215925e-06
7.200000e+02	7.600000e+02	2.065698e-04	1.920593e-05	1.746510e-05
7.600000e+02	8.000000e+02	1.829341e-04	1.475585e-05	1.714430e-05
8.000000e+02	8.400000e+02	1.729001e-04	1.113180e-05	7.486100e-06
8.400000e+02	8.800000e+02	1.566610e-04	1.397153e-05	1.776975e-06
8.800000e+02	9.200000e+02	1.451735e-04	9.548825e-06	8.528800e-06
9.200000e+02	9.600000e+02	1.225038e-04	0.000000e+00	1.826160e-05
9.600000e+02	1.000000e+03	1.212371e-04	9.717250e-06	1.325625e-06
1.000000e+03	1.040000e+03	1.153579e-04	9.408925e-06	6.941975e-06
1.040000e+03	1.080000e+03	1.010757e-04	6.264300e-06	1.213655e-05
1.080000e+03	1.120000e+03	9.624873e-05	8.470600e-06	3.214800e-06
1.120000e+03	1.160000e+03	9.352545e-05	1.230905e-05	0.000000e+00
1.160000e+03	1.200000e+03	7.525723e-05	2.472500e-08	8.415600e-06
1.200000e+03	1.240000e+03	7.537683e-05	4.705250e-06	1.369168e-05
1.240000e+03	1.280000e+03	7.254025e-05	5.512200e-06	1.305250e-07
1.280000e+03	1.320000e+03	6.463897e-05	4.253575e-06	8.321775e-06
1.320000e+03	1.360000e+03	5.665183e-05	0.000000e+00	7.978825e-06
1.360000e+03	1.400000e+03	5.624530e-05	5.192825e-06	0.000000e+00
1.400000e+03	1.440000e+03	5.201450e-05	4.608375e-06	3.304250e-07
1.440000e+03	1.480000e+03	4.742878e-05	1.587593e-05	8.815700e-06
1.480000e+03	1.520000e+03	4.647762e-05	6.144625e-06	0.000000e+00
1.520000e+03	1.560000e+03	3.729228e-05	5.994825e-06	7.973800e-06
1.560000e+03	1.600000e+03	3.795477e-05	2.989150e-06	0.000000e+00
1.600000e+03	1.640000e+03	3.169330e-05	1.802500e-08	4.660725e-06
1.640000e+03	1.680000e+03	3.314005e-05	9.764250e-07	1.099000e-06
1.680000e+03	1.720000e+03	3.045348e-05	6.017943e-06	1.974600e-06
1.720000e+03	1.760000e+03	2.807053e-05	1.436975e-06	3.154200e-06
1.760000e+03	1.800000e+03	3.056727e-05	6.209540e-06	0.000000e+00
1.800000e+03	1.840000e+03	2.385421e-05	2.072688e-06	8.428568e-06
1.840000e+03	1.880000e+03	2.012502e-05	0.000000e+00	2.050595e-06
1.880000e+03	1.920000e+03	2.163914e-05	3.307265e-06	1.101095e-06
1.920000e+03	1.960000e+03	2.047042e-05	2.285780e-06	1.662837e-06
1.960000e+03	2.000000e+03	1.749781e-05	6.879875e-07	1.746375e-06
2.000000e+03	2.040000e+03	1.668330e-05	1.693698e-06	6.021750e-08
2.040000e+03	2.080000e+03	1.629538e-05	1.381947e-06	1.188975e-06
2.080000e+03	2.120000e+03	1.577185e-05	2.051398e-06	0.000000e+00
2.120000e+03	2.160000e+03	1.519898e-05	2.033362e-06	0.000000e+00
2.160000e+03	2.200000e+03	1.328585e-05	1.692690e-06	0.000000e+00
2.200000e+03	2.240000e+03	1.191512e-05	1.186080e-06	2.292650e-06
2.240000e+03	2.280000e+03	1.190121e-05	2.497975e-06	0.000000e+00
2.280000e+03	2.320000e+03	1.078998e-05	1.269740e-06	1.619238e-06
2.320000e+03	2.360000e+03	9.564813e-06	1.217345e-06	1.392357e-06
2.360000e+03	2.400000e+03	8.107327e-06	0.000000e+00	2.155085e-06
2.400000e+03	2.440000e+03	8.623668e-06	1.500780e-06	0.000000e+00
2.440000e+03	2.480000e+03	7.804842e-06	1.386395e-06	6.260825e-07
2.480000e+03	2.520000e+03	7.378363e-06	6.825125e-07	1.235162e-06
2.520000e+03	2.560000e+03	7.412558e-06	1.277543e-06	0.000000e+00
2.560000e+03	2.600000e+03	5.472067e-06	0.000000e+00	7.261400e-07
2.600000e+03	2.640000e+03	5.841380e-06	5.985950e-07	7.660575e-07
2.640000e+03	2.680000e+03	4.421120e-06	0.000000e+00	8.749875e-07
2.680000e+03	2.720000e+03	5.295868e-06	1.465185e-06	5.045000e-09
2.720000e+03	2.760000e+03	4.741765e-06	2.646500e-07	3.487250e-07
2.760000e+03	2.800000e+03	6.031157e-06	1.967728e-06	0.000000e+00
2.800000e+03	2.840000e+03	3.882810e-06	9.884500e-08	1.133750e-07
2.840000e+03	2.880000e+03	4.017735e-06	4.957575e-07	9.482750e-08
2.880000e+03	2.920000e+03	3.443765e-06	3.512375e-07	4.717525e-07
2.920000e+03	2.960000e+03	2.875933e-06	3.773908e-07	1.360790e-06
2.960000e+03	3.000000e+03	2.744932e-06	3.208750e-08	5.916450e-07
3.000000e+03	3.040000e+03	2.271296e-06	0.000000e+00	2.507967e-07
3.040000e+03	3.080000e+03	2.378057e-06	1.251522e-07	5.435353e-07
3.080000e+03	3.120000e+03	2.000427e-06	0.000000e+00	3.030630e-07
3.120000e+03	3.160000e+03	2.171358e-06	2.273085e-07	0.000000e+00
3.160000e+03	3.200000e+03	2.046142e-06	9.225072e-07	0.000000e+00
3.200000e+03	3.240000e+03	1.877353e-06	1.395592e-06	0.000000e+00
3.240000e+03	3.280000e+03	-4.372490e-07	0.000000e+00	1.853663e-06
3.280000e+03	3.320000e+03	1.730668e-06	5.361885e-07	4.300000e-08
3.320000e+03	3.360000e+03	1.420634e-06	0.000000e+00	1.424746e-06
3.360000e+03	3.400000e+03	1.995645e-06	7.942263e-07	0.000000e+00
3.400000e+03	3.440000e+03	1.064243e-06	0.000000e+00	5.078990e-07
3.440000e+03	3.480000e+03	1.040011e-06	2.682978e-06	0.000000e+00
3.480000e+03	3.520000e+03	1.275004e-06	1.079647e-06	0.000000e+00
3.520000e+03	3.560000e+03	9.327222e-07	0.000000e+00	5.688825e-08
3.560000e+03	3.600000e+03	5.739730e-07	0.000000e+00	4.692615e-07
3.600000e+03	3.640000e+03	8.425075e-07	1.094187e-07	5.258075e-08
3.640000e+03	3.680000e+03	7.051465e-07	0.000000e+00	9.037525e-08
3.680000e+03	3.720000e+03	1.035896e-06	2.828270e-07	0.000000e+00
3.720000e+03	3.760000e+03	7.374042e-07	3.093827e-07	9.198500e-08
3.760000e+03	3.800000e+03	7.049272e-07	2.076680e-07	3.658750e-07
3.800000e+03	3.840000e+03	5.510745e-07	9.699075e-08	0.000000e+00
3.840000e+03	3.880000e+03	4.581905e-07	0.000000e+00	9.374750e-08
3.880000e+03	3.920000e+03	3.646085e-07	0.000000e+00	9.707850e-08
3.920000e+03	3.960000e+03	4.506323e-07	3.714150e-08	1.320455e-07
3.960000e+03	4.000000e+03	4.595025e-07	1.220430e-07	0.000000e+00
4.000000e+03	4.040000e+03	3.766870e-07	2.671275e-08	0.000000e+00
4.040000e+03	4.080000e+03	3.037277e-07	2.021450e-08	1.359525e-08
4.080000e+03	4.120000e+03	3.098455e-07	6.820697e-08	2.849050e-08
4.120000e+03	4.160000e+03	2.660420e-07	0.000000e+00	5.850325e-08
4.160000e+03	4.200000e+03	2.493297e-07	2.127890e-08	1.697665e-07
4.200000e+03	4.240000e+03	2.234281e-07	5.002480e-08	2.809465e-08
4.240000e+03	4.280000e+03	4.045583e-07	2.684821e-07	0.000000e+00
4.280000e+03	4.320000e+03	1.988891e-07	1.731265e-08	0.000000e+00
4.320000e+03	4.360000e+03	1.827526e-07	5.554120e-08	1.111683e-08
4.360000e+03	4.400000e+03	1.897552e-07	5.467334e-07	0.000000e+00
4.400000e+03	4.440000e+03	5.199480e-07	3.875771e-07	0.000000e+00
4.440000e+03	4.480000e+03	1.353553e-07	0.000000e+00	5.226227e-08
4.480000e+03	4.520000e+03	7.937978e-08	0.000000e+00	7.708342e-08
4.520000e+03	4.560000e+03	1.212045e-07	2.491230e-08	0.000000e+00
4.560000e+03	4.600000e+03	5.572438e-08	0.000000e+00	4.410435e-08
4.600000e+03	4.640000e+03	1.306804e-07	3.818725e-08	0.000000e+00
4.640000e+03	4.680000e+03	1.459071e-07	1.106010e-07	0.000000e+00
4.680000e+03	4.720000e+03	7.071127e-08	0.000000e+00	3.942033e-08
4.720000e+03	4.760000e+03	8.794153e-08	2.152515e-08	0.000000e+00
4.760000e+03	4.800000e+03	2.202216e-07	1.951786e-07	0.000000e+00
4.800000e+03	4.840000e+03	8.134967e-08	1.484023e-08	0.000000e+00
4.840000e+03	4.880000e+03	4.360283e-08	0.000000e+00	7.126215e-08
4.880000e+03	4.920000e+03	6.338453e-08	6.424050e-09	0.000000e+00
4.920000e+03	4.960000e+03	4.717123e-08	1.476342e-08	3.081825e-09
4.960000e+03	5.000000e+03	3.382363e-08	0.000000e+00	2.645700e-09
5.000000e+03	5.040000e+03	3.350320e-08	0.000000e+00	1.211657e-08
5.040000e+03	5.080000e+03	3.762310e-08	6.602275e-08	0.000000e+00
5.080000e+03	5.120000e+03	3.476750e-08	0.000000e+00	1.923027e-08
5.120000e+03	5.160000e+03	3.158163e-08	2.663325e-09	0.000000e+00
5.160000e+03	5.200000e+03	2.957977e-08	2.384721e-07	0.000000e+00
5.200000e+03	5.240000e+03	3.216998e-08	2.280625e-09	1.912152e-08
5.240000e+03	5.280000e+03	2.612455e-08	9.966258e-09	5.851800e-09
5.280000e+03	5.320000e+03	2.342920e-08	7.434340e-09	0.000000e+00
5.320000e+03	5.360000e+03	1.243752e-08	0.000000e+00	7.865053e-09
5.360000e+03	5.400000e+03	3.337645e-08	1.792848e-08	0.000000e+00
5.400000e+03	5.440000e+03	1.975336e-08	1.853660e-08	0.000000e+00
5.440000e+03	5.480000e+03	2.312496e-08	1.429875e-08	0.000000e+00
5.480000e+03	5.520000e+03	1.220076e-08	3.992597e-09	0.000000e+00
5.520000e+03	5.560000e+03	1.429800e-08	2.742233e-08	0.000000e+00
5.560000e+03	5.600000e+03	8.343310e-09	0.000000e+00	2.028831e-08
5.600000e+03	5.640000e+03	6.818818e-09	0.000000e+00	4.116800e-10
5.640000e+03	5.680000e+03	3.745552e-09	0.000000e+00	2.395195e-09
5.680000e+03	5.720000e+03	5.710300e-09	3.897750e-10	4.388823e-09
5.720000e+03	5.760000e+03	7.466138e-09	5.149463e-09	9.946460e-09
5.760000e+03	5.800000e+03	-2.689212e-08	0.000000e+00	3.252462e-08
5.800000e+03	5.840000e+03	6.170717e-09	3.477055e-09	1.583908e-09
5.840000e+03	5.880000e+03	4.492957e-09	3.966101e-09	6.667000e-10
5.880000e+03	5.920000e+03	5.251535e-09	2.431438e-09	0.000000e+00
5.920000e+03	5.960000e+03	7.016960e-09	3.167818e-09	0.000000e+00
5.960000e+03	6.000000e+03	4.079553e-09	3.274437e-09	1.926425e-10
# END HISTO1D


# BEGIN HISTO1D //homes/tinghua1/Merging-Project/Production/HJETS/ratio-plots/hjets-matched-errorband/H-N2-3-4-25gev-combine.yoda/MC_H2JETS_07_INC/j1j3_mass
ErrorBandColor=blue
ErrorBandOpacity=0.3
ErrorBands=1
ErrorType=env
LineColor=blue
LineStyle=solid
Path=//homes/tinghua1/Merging-Project/Production/HJETS/ratio-plots/hjets-matched-errorband/H-N2-3-4-25gev-combine.yoda/MC_H2JETS_07_INC/j1j3_mass
RatioPlotSameStyle=1
Title=h(2*,3,4)
# xlow	 xhigh	 val	 errminus	 errplus
0.000000e+00	4.000000e+01	2.207040e-04	4.898700e-06	1.826128e-05
4.000000e+01	8.000000e+01	3.305285e-03	2.398750e-04	2.887000e-04
8.000000e+01	1.200000e+02	4.852597e-03	4.175275e-04	4.524950e-04
1.200000e+02	1.600000e+02	2.798910e-03	2.973975e-04	3.523925e-04
1.600000e+02	2.000000e+02	1.875989e-03	2.092443e-04	2.491285e-04
2.000000e+02	2.400000e+02	1.321406e-03	1.674137e-04	1.591905e-04
2.400000e+02	2.800000e+02	9.857368e-04	1.174243e-04	1.300025e-04
2.800000e+02	3.200000e+02	7.651293e-04	8.350550e-05	1.196605e-04
3.200000e+02	3.600000e+02	6.440207e-04	7.794050e-05	8.388950e-05
3.600000e+02	4.000000e+02	5.401920e-04	6.334125e-05	1.118258e-04
4.000000e+02	4.400000e+02	4.663238e-04	5.185275e-05	6.981125e-05
4.400000e+02	4.800000e+02	4.096905e-04	4.662275e-05	6.973125e-05
4.800000e+02	5.200000e+02	3.666242e-04	4.322875e-05	5.380900e-05
5.200000e+02	5.600000e+02	3.278440e-04	3.880725e-05	4.485200e-05
5.600000e+02	6.000000e+02	2.904902e-04	3.145400e-05	4.675350e-05
6.000000e+02	6.400000e+02	2.647602e-04	3.096802e-05	3.806875e-05
6.400000e+02	6.800000e+02	2.391152e-04	2.633285e-05	3.797655e-05
6.800000e+02	7.200000e+02	2.211045e-04	2.695250e-05	2.862930e-05
7.200000e+02	7.600000e+02	1.978270e-04	2.301332e-05	2.556890e-05
7.600000e+02	8.000000e+02	1.806994e-04	2.003028e-05	2.993350e-05
8.000000e+02	8.400000e+02	1.663976e-04	1.880755e-05	2.465185e-05
8.400000e+02	8.800000e+02	1.566198e-04	2.582887e-05	1.756958e-05
8.800000e+02	9.200000e+02	1.367882e-04	1.293475e-05	2.352405e-05
9.200000e+02	9.600000e+02	1.327752e-04	1.940670e-05	1.500122e-05
9.600000e+02	1.000000e+03	1.173837e-04	1.396815e-05	2.089285e-05
1.000000e+03	1.040000e+03	1.094895e-04	1.267885e-05	1.949478e-05
1.040000e+03	1.080000e+03	1.015439e-04	1.490795e-05	1.454152e-05
1.080000e+03	1.120000e+03	9.401290e-05	1.246613e-05	1.468780e-05
1.120000e+03	1.160000e+03	8.590015e-05	1.057132e-05	1.361535e-05
1.160000e+03	1.200000e+03	7.859812e-05	1.035090e-05	1.368363e-05
1.200000e+03	1.240000e+03	7.344407e-05	1.025340e-05	1.251757e-05
1.240000e+03	1.280000e+03	6.737742e-05	9.909175e-06	1.132875e-05
1.280000e+03	1.320000e+03	6.244290e-05	7.972650e-06	1.169717e-05
1.320000e+03	1.360000e+03	5.867968e-05	8.533250e-06	9.710975e-06
1.360000e+03	1.400000e+03	5.380855e-05	7.281900e-06	1.136062e-05
1.400000e+03	1.440000e+03	4.980638e-05	7.791025e-06	1.353497e-05
1.440000e+03	1.480000e+03	4.705878e-05	7.006050e-06	7.288400e-06
1.480000e+03	1.520000e+03	4.286330e-05	5.957650e-06	7.469075e-06
1.520000e+03	1.560000e+03	4.007160e-05	5.647450e-06	6.191000e-06
1.560000e+03	1.600000e+03	3.697480e-05	5.228050e-06	6.553150e-06
1.600000e+03	1.640000e+03	3.537425e-05	5.813950e-06	5.374175e-06
1.640000e+03	1.680000e+03	3.117868e-05	2.836050e-06	8.036500e-06
1.680000e+03	1.720000e+03	3.062035e-05	4.265975e-06	5.138400e-06
1.720000e+03	1.760000e+03	2.713017e-05	3.820877e-06	5.900750e-06
1.760000e+03	1.800000e+03	2.514898e-05	2.933617e-06	5.648075e-06
1.800000e+03	1.840000e+03	2.348112e-05	3.341138e-06	5.551180e-06
1.840000e+03	1.880000e+03	2.204243e-05	3.528640e-06	5.267990e-06
1.880000e+03	1.920000e+03	2.124965e-05	4.070450e-06	2.890070e-06
1.920000e+03	1.960000e+03	1.979148e-05	3.233322e-06	0.000000e+00
1.960000e+03	2.000000e+03	1.746545e-05	2.270633e-06	3.997677e-06
2.000000e+03	2.040000e+03	1.637118e-05	2.104627e-06	2.693155e-06
2.040000e+03	2.080000e+03	1.517898e-05	2.412025e-06	3.205145e-06
2.080000e+03	2.120000e+03	1.415710e-05	2.001905e-06	3.622850e-06
2.120000e+03	2.160000e+03	1.341706e-05	2.116283e-06	2.456938e-06
2.160000e+03	2.200000e+03	1.234581e-05	1.865878e-06	2.809407e-06
2.200000e+03	2.240000e+03	1.116000e-05	1.598052e-06	2.915533e-06
2.240000e+03	2.280000e+03	1.010343e-05	1.305260e-06	2.606288e-06
2.280000e+03	2.320000e+03	1.041631e-05	1.917845e-06	1.316033e-06
2.320000e+03	2.360000e+03	9.203633e-06	1.627897e-06	1.925258e-06
2.360000e+03	2.400000e+03	8.099645e-06	1.062420e-06	1.965115e-06
2.400000e+03	2.440000e+03	7.990227e-06	1.287525e-06	2.128673e-06
2.440000e+03	2.480000e+03	7.345308e-06	0.000000e+00	5.206425e-06
2.480000e+03	2.520000e+03	7.058375e-06	1.253945e-06	1.578388e-06
2.520000e+03	2.560000e+03	6.122495e-06	1.065720e-06	1.386145e-06
2.560000e+03	2.600000e+03	6.416485e-06	1.481677e-06	1.368675e-07
2.600000e+03	2.640000e+03	5.502772e-06	9.654025e-07	1.412563e-06
2.640000e+03	2.680000e+03	4.945985e-06	5.612025e-07	1.503522e-06
2.680000e+03	2.720000e+03	4.623657e-06	9.729800e-07	1.401273e-06
2.720000e+03	2.760000e+03	4.669535e-06	1.071903e-06	1.073878e-06
2.760000e+03	2.800000e+03	4.121755e-06	6.649900e-07	7.959975e-07
2.800000e+03	2.840000e+03	3.882852e-06	5.433625e-07	1.140248e-06
2.840000e+03	2.880000e+03	3.479783e-06	5.407600e-07	6.434350e-07
2.880000e+03	2.920000e+03	3.219992e-06	5.652775e-07	7.073725e-07
2.920000e+03	2.960000e+03	2.917932e-06	5.933050e-07	7.399800e-07
2.960000e+03	3.000000e+03	2.621833e-06	0.000000e+00	1.161178e-06
3.000000e+03	3.040000e+03	2.386301e-06	3.138970e-07	9.877685e-07
3.040000e+03	3.080000e+03	2.111343e-06	1.373835e-07	8.271020e-07
3.080000e+03	3.120000e+03	2.188034e-06	3.669688e-07	6.179933e-07
3.120000e+03	3.160000e+03	2.128706e-06	3.301515e-07	3.223645e-07
3.160000e+03	3.200000e+03	1.856636e-06	4.166660e-07	4.873863e-07
3.200000e+03	3.240000e+03	1.765380e-06	4.388318e-07	5.110745e-07
3.240000e+03	3.280000e+03	1.677496e-06	4.585197e-07	2.987915e-07
3.280000e+03	3.320000e+03	1.623111e-06	4.558932e-07	2.026608e-07
3.320000e+03	3.360000e+03	1.434694e-06	3.219262e-07	2.659040e-07
3.360000e+03	3.400000e+03	1.156565e-06	1.734395e-07	4.519347e-07
3.400000e+03	3.440000e+03	1.187453e-06	2.545335e-07	1.898447e-07
3.440000e+03	3.480000e+03	1.187994e-06	3.322922e-07	9.170375e-08
3.480000e+03	3.520000e+03	1.010345e-06	2.224525e-07	2.657782e-07
3.520000e+03	3.560000e+03	8.485708e-07	6.139525e-08	3.096530e-07
3.560000e+03	3.600000e+03	8.518408e-07	1.343550e-07	2.229907e-07
3.600000e+03	3.640000e+03	6.948990e-07	1.162660e-07	3.579535e-07
3.640000e+03	3.680000e+03	7.386852e-07	2.052370e-07	2.031175e-07
3.680000e+03	3.720000e+03	7.093815e-07	1.871822e-07	1.025165e-07
3.720000e+03	3.760000e+03	7.187205e-07	7.082650e-08	1.819352e-07
3.760000e+03	3.800000e+03	5.847630e-07	0.000000e+00	6.440850e-08
3.800000e+03	3.840000e+03	5.000520e-07	8.783400e-08	1.881160e-07
3.840000e+03	3.880000e+03	3.946507e-07	0.000000e+00	2.601647e-07
3.880000e+03	3.920000e+03	4.162127e-07	1.012010e-07	8.091100e-08
3.920000e+03	3.960000e+03	4.226285e-07	1.403158e-07	1.515517e-07
3.960000e+03	4.000000e+03	3.312313e-07	1.351675e-08	2.077597e-07
4.000000e+03	4.040000e+03	2.998625e-07	0.000000e+00	1.064415e-07
4.040000e+03	4.080000e+03	3.319760e-07	9.217875e-08	5.053300e-08
4.080000e+03	4.120000e+03	1.840373e-07	0.000000e+00	1.794713e-07
4.120000e+03	4.160000e+03	2.915950e-07	8.238133e-08	6.520925e-08
4.160000e+03	4.200000e+03	2.073976e-07	0.000000e+00	6.812535e-08
4.200000e+03	4.240000e+03	2.290289e-07	8.008227e-08	1.420326e-07
4.240000e+03	4.280000e+03	1.943663e-07	4.267113e-08	8.028898e-08
4.280000e+03	4.320000e+03	2.507773e-07	8.465748e-08	0.000000e+00
4.320000e+03	4.360000e+03	1.484135e-07	0.000000e+00	6.429402e-08
4.360000e+03	4.400000e+03	1.467982e-07	1.730670e-08	1.662843e-07
4.400000e+03	4.440000e+03	1.037188e-07	3.629325e-09	6.223622e-08
4.440000e+03	4.480000e+03	1.182443e-07	0.000000e+00	3.623212e-08
4.480000e+03	4.520000e+03	1.130056e-07	1.238642e-08	4.073305e-08
4.520000e+03	4.560000e+03	1.062983e-07	2.242170e-08	3.675548e-08
4.560000e+03	4.600000e+03	9.798193e-08	1.998730e-08	0.000000e+00
4.600000e+03	4.640000e+03	1.332122e-07	5.349307e-08	0.000000e+00
4.640000e+03	4.680000e+03	9.068018e-08	1.971760e-08	8.950200e-09
4.680000e+03	4.720000e+03	7.712432e-08	8.115900e-09	3.787218e-08
4.720000e+03	4.760000e+03	1.053114e-07	6.193540e-08	0.000000e+00
4.760000e+03	4.800000e+03	5.261612e-08	2.392075e-09	0.000000e+00
4.800000e+03	4.840000e+03	5.221478e-08	1.426505e-08	3.684320e-08
4.840000e+03	4.880000e+03	5.157070e-08	1.671265e-08	2.357488e-08
4.880000e+03	4.920000e+03	3.901020e-08	1.369145e-08	2.013738e-08
4.920000e+03	4.960000e+03	4.010958e-08	3.957069e-08	4.561038e-08
4.960000e+03	5.000000e+03	3.297640e-08	0.000000e+00	2.737843e-08
5.000000e+03	5.040000e+03	3.098732e-08	4.078550e-09	1.179500e-08
5.040000e+03	5.080000e+03	2.292926e-08	6.222700e-10	1.357019e-08
5.080000e+03	5.120000e+03	2.999995e-08	0.000000e+00	1.144802e-08
5.120000e+03	5.160000e+03	2.354210e-08	4.351960e-09	1.206970e-08
5.160000e+03	5.200000e+03	1.417565e-08	0.000000e+00	1.546355e-08
5.200000e+03	5.240000e+03	1.569176e-08	7.615725e-10	1.557106e-08
5.240000e+03	5.280000e+03	2.108275e-08	2.456220e-09	9.432470e-09
5.280000e+03	5.320000e+03	1.272232e-08	2.378232e-09	1.277780e-08
5.320000e+03	5.360000e+03	1.714467e-08	7.748157e-09	2.303058e-09
5.360000e+03	5.400000e+03	3.358240e-08	2.435345e-08	0.000000e+00
5.400000e+03	5.440000e+03	1.496560e-08	3.121300e-09	0.000000e+00
5.440000e+03	5.480000e+03	1.364052e-08	2.636815e-09	0.000000e+00
5.480000e+03	5.520000e+03	1.490939e-08	2.502510e-08	0.000000e+00
5.520000e+03	5.560000e+03	9.756410e-09	2.052542e-09	1.655696e-08
5.560000e+03	5.600000e+03	1.751635e-08	8.287617e-09	1.128955e-09
5.600000e+03	5.640000e+03	7.834495e-09	1.051660e-09	1.320587e-09
5.640000e+03	5.680000e+03	8.125970e-09	5.662695e-09	2.534650e-10
5.680000e+03	5.720000e+03	7.992067e-09	2.708642e-09	5.816757e-09
5.720000e+03	5.760000e+03	5.924020e-09	3.179175e-10	3.193755e-09
5.760000e+03	5.800000e+03	6.923567e-09	0.000000e+00	2.194325e-10
5.800000e+03	5.840000e+03	6.851472e-09	2.411752e-09	0.000000e+00
5.840000e+03	5.880000e+03	3.707178e-09	6.190425e-10	6.992287e-09
5.880000e+03	5.920000e+03	4.375945e-09	1.469632e-09	0.000000e+00
5.920000e+03	5.960000e+03	3.566882e-09	1.649896e-09	1.006141e-08
5.960000e+03	6.000000e+03	3.634243e-09	1.073265e-09	0.000000e+00
# END HISTO1D


# BEGIN HISTO1D //homes/tinghua1/Merging-Project/Production/HJETS/ratio-plots/hjets-matched-errorband/H-2-3-4-25gev-combine.yoda/MC_H2JETS_07_INC/j1j3_mass
ErrorBandColor=yellow
ErrorBandOpacity=0.3
ErrorBands=1
ErrorType=env
LineColor=yellow
LineStyle=solid
Path=//homes/tinghua1/Merging-Project/Production/HJETS/ratio-plots/hjets-matched-errorband/H-2-3-4-25gev-combine.yoda/MC_H2JETS_07_INC/j1j3_mass
RatioPlotSameStyle=1
Title=h(2,3,4)
# xlow	 xhigh	 val	 errminus	 errplus
0.000000e+00	4.000000e+01	2.136639e-04	5.878425e-06	1.554422e-05
4.000000e+01	8.000000e+01	3.038095e-03	2.067150e-04	2.385550e-04
8.000000e+01	1.200000e+02	4.380187e-03	3.509600e-04	3.254925e-04
1.200000e+02	1.600000e+02	2.532538e-03	2.444355e-04	2.742750e-04
1.600000e+02	2.000000e+02	1.685173e-03	1.786180e-04	1.757978e-04
2.000000e+02	2.400000e+02	1.184998e-03	1.262270e-04	1.295640e-04
2.400000e+02	2.800000e+02	9.007908e-04	1.046540e-04	9.394850e-05
2.800000e+02	3.200000e+02	7.174367e-04	7.889625e-05	8.464150e-05
3.200000e+02	3.600000e+02	5.972428e-04	6.449250e-05	7.993750e-05
3.600000e+02	4.000000e+02	5.165862e-04	5.886750e-05	6.580250e-05
4.000000e+02	4.400000e+02	4.540232e-04	5.290100e-05	6.106225e-05
4.400000e+02	4.800000e+02	4.079157e-04	5.274450e-05	5.050325e-05
4.800000e+02	5.200000e+02	3.584490e-04	4.216650e-05	5.384900e-05
5.200000e+02	5.600000e+02	3.224915e-04	3.749125e-05	5.296325e-05
5.600000e+02	6.000000e+02	2.932265e-04	3.603950e-05	4.696350e-05
6.000000e+02	6.400000e+02	2.673390e-04	3.390945e-05	4.207600e-05
6.400000e+02	6.800000e+02	2.429842e-04	3.251445e-05	4.146653e-05
6.800000e+02	7.200000e+02	2.237944e-04	3.260555e-05	3.581160e-05
7.200000e+02	7.600000e+02	2.037198e-04	2.742520e-05	3.660705e-05
7.600000e+02	8.000000e+02	1.853484e-04	2.459518e-05	3.252567e-05
8.000000e+02	8.400000e+02	1.699820e-04	2.588068e-05	3.059680e-05
8.400000e+02	8.800000e+02	1.561180e-04	2.156908e-05	2.919770e-05
8.800000e+02	9.200000e+02	1.436358e-04	2.172093e-05	2.631358e-05
9.200000e+02	9.600000e+02	1.321638e-04	2.019505e-05	2.970480e-05
9.600000e+02	1.000000e+03	1.215516e-04	1.919915e-05	2.516670e-05
1.000000e+03	1.040000e+03	1.124298e-04	1.831483e-05	1.983852e-05
1.040000e+03	1.080000e+03	1.051227e-04	1.868590e-05	2.014122e-05
1.080000e+03	1.120000e+03	9.604365e-05	1.676813e-05	1.828515e-05
1.120000e+03	1.160000e+03	8.863373e-05	1.506370e-05	1.813632e-05
1.160000e+03	1.200000e+03	8.180238e-05	1.304678e-05	1.693935e-05
1.200000e+03	1.240000e+03	7.437023e-05	1.308635e-05	1.813275e-05
1.240000e+03	1.280000e+03	6.968658e-05	1.181413e-05	1.425547e-05
1.280000e+03	1.320000e+03	6.376078e-05	1.063393e-05	1.579773e-05
1.320000e+03	1.360000e+03	6.015215e-05	1.100253e-05	1.314270e-05
1.360000e+03	1.400000e+03	5.487935e-05	9.519750e-06	1.322305e-05
1.400000e+03	1.440000e+03	5.091295e-05	9.521450e-06	1.154782e-05
1.440000e+03	1.480000e+03	4.767505e-05	9.103150e-06	1.049307e-05
1.480000e+03	1.520000e+03	4.412155e-05	7.995625e-06	1.139403e-05
1.520000e+03	1.560000e+03	4.126335e-05	6.077100e-06	8.263150e-06
1.560000e+03	1.600000e+03	3.785687e-05	7.141550e-06	8.663950e-06
1.600000e+03	1.640000e+03	3.544170e-05	6.887275e-06	8.774850e-06
1.640000e+03	1.680000e+03	3.244368e-05	5.767150e-06	8.206675e-06
1.680000e+03	1.720000e+03	2.979130e-05	5.141602e-06	7.810925e-06
1.720000e+03	1.760000e+03	2.905275e-05	6.685757e-06	6.008375e-06
1.760000e+03	1.800000e+03	2.632797e-05	5.459950e-06	6.370550e-06
1.800000e+03	1.840000e+03	2.416383e-05	4.036707e-06	6.532873e-06
1.840000e+03	1.880000e+03	2.202502e-05	4.043430e-06	6.986702e-06
1.880000e+03	1.920000e+03	2.099435e-05	3.388497e-06	4.417623e-06
1.920000e+03	1.960000e+03	1.938276e-05	3.609790e-06	5.096005e-06
1.960000e+03	2.000000e+03	1.873465e-05	4.637905e-06	4.684950e-06
2.000000e+03	2.040000e+03	1.706093e-05	3.543428e-06	3.785483e-06
2.040000e+03	2.080000e+03	1.580420e-05	3.524288e-06	4.308883e-06
2.080000e+03	2.120000e+03	1.459325e-05	2.936883e-06	4.060727e-06
2.120000e+03	2.160000e+03	1.330937e-05	2.520340e-06	4.058752e-06
2.160000e+03	2.200000e+03	1.292001e-05	2.987962e-06	2.978828e-06
2.200000e+03	2.240000e+03	1.144761e-05	1.705250e-06	3.582428e-06
2.240000e+03	2.280000e+03	1.069885e-05	2.069895e-06	3.238705e-06
2.280000e+03	2.320000e+03	1.144690e-05	3.681615e-06	1.618320e-06
2.320000e+03	2.360000e+03	9.210597e-06	2.089192e-06	2.973125e-06
2.360000e+03	2.400000e+03	8.866562e-06	2.059400e-06	2.554858e-06
2.400000e+03	2.440000e+03	7.961757e-06	1.765035e-06	2.455255e-06
2.440000e+03	2.480000e+03	7.504785e-06	1.812537e-06	2.695055e-06
2.480000e+03	2.520000e+03	7.138957e-06	1.669390e-06	1.832742e-06
2.520000e+03	2.560000e+03	6.232120e-06	1.416808e-06	2.220595e-06
2.560000e+03	2.600000e+03	5.698430e-06	1.233230e-06	1.855192e-06
2.600000e+03	2.640000e+03	5.601285e-06	1.457220e-06	1.807703e-06
2.640000e+03	2.680000e+03	5.170012e-06	1.261760e-06	1.908770e-06
2.680000e+03	2.720000e+03	4.798060e-06	1.303700e-06	1.629053e-06
2.720000e+03	2.760000e+03	4.520682e-06	1.283090e-06	1.350215e-06
2.760000e+03	2.800000e+03	3.942115e-06	6.840325e-07	1.590935e-06
2.800000e+03	2.840000e+03	3.917608e-06	9.797350e-07	1.054500e-06
2.840000e+03	2.880000e+03	3.493225e-06	8.135875e-07	1.498745e-06
2.880000e+03	2.920000e+03	3.099828e-06	5.896325e-07	1.164455e-06
2.920000e+03	2.960000e+03	3.058598e-06	9.558597e-07	9.259500e-07
2.960000e+03	3.000000e+03	2.674690e-06	4.227873e-07	9.170000e-07
3.000000e+03	3.040000e+03	2.541682e-06	5.633342e-07	8.148350e-07
3.040000e+03	3.080000e+03	2.408058e-06	5.969548e-07	8.300720e-07
3.080000e+03	3.120000e+03	2.236933e-06	4.935600e-07	6.237500e-07
3.120000e+03	3.160000e+03	2.046417e-06	4.733105e-07	6.511960e-07
3.160000e+03	3.200000e+03	1.745926e-06	3.541947e-07	8.954995e-07
3.200000e+03	3.240000e+03	1.589351e-06	3.385352e-07	7.788650e-07
3.240000e+03	3.280000e+03	1.569367e-06	2.983740e-07	7.263163e-07
3.280000e+03	3.320000e+03	1.461509e-06	3.358568e-07	4.815402e-07
3.320000e+03	3.360000e+03	1.306791e-06	3.221388e-07	4.870385e-07
3.360000e+03	3.400000e+03	1.334771e-06	4.097185e-07	3.431450e-07
3.400000e+03	3.440000e+03	1.124735e-06	3.203938e-07	4.331575e-07
3.440000e+03	3.480000e+03	1.070637e-06	2.535048e-07	3.893632e-07
3.480000e+03	3.520000e+03	9.444888e-07	2.689795e-07	4.155680e-07
3.520000e+03	3.560000e+03	7.657842e-07	4.629000e-08	4.197080e-07
3.560000e+03	3.600000e+03	8.434515e-07	3.304537e-07	2.648290e-07
3.600000e+03	3.640000e+03	8.308515e-07	2.321358e-07	4.855903e-07
3.640000e+03	3.680000e+03	7.336045e-07	1.891983e-07	1.888747e-07
3.680000e+03	3.720000e+03	6.269968e-07	1.295488e-07	2.951085e-07
3.720000e+03	3.760000e+03	5.791850e-07	1.250588e-07	3.158812e-07
3.760000e+03	3.800000e+03	5.682895e-07	1.561667e-07	1.839640e-07
3.800000e+03	3.840000e+03	5.136478e-07	1.757363e-07	1.679032e-07
3.840000e+03	3.880000e+03	4.528153e-07	6.645500e-08	1.836875e-07
3.880000e+03	3.920000e+03	4.324550e-07	1.036218e-07	1.775460e-07
3.920000e+03	3.960000e+03	4.269905e-07	1.346702e-07	5.823400e-08
3.960000e+03	4.000000e+03	3.486687e-07	6.483500e-08	1.993665e-07
4.000000e+03	4.040000e+03	3.469160e-07	9.575500e-08	1.269825e-07
4.040000e+03	4.080000e+03	2.864358e-07	3.289200e-08	1.945425e-07
4.080000e+03	4.120000e+03	2.944278e-07	9.439145e-08	9.096650e-08
4.120000e+03	4.160000e+03	1.791499e-07	0.000000e+00	1.773259e-07
4.160000e+03	4.200000e+03	2.198902e-07	2.862215e-08	7.767833e-08
4.200000e+03	4.240000e+03	2.203749e-07	1.873313e-08	8.627062e-08
4.240000e+03	4.280000e+03	1.846235e-07	5.904065e-08	8.693525e-09
4.280000e+03	4.320000e+03	1.715668e-07	5.607030e-08	6.060608e-08
4.320000e+03	4.360000e+03	1.967401e-07	5.048757e-08	1.402758e-08
4.360000e+03	4.400000e+03	1.445795e-07	4.291308e-08	6.310350e-08
4.400000e+03	4.440000e+03	1.417047e-07	1.076065e-07	4.555398e-08
4.440000e+03	4.480000e+03	1.586150e-07	6.840108e-08	2.456002e-08
4.480000e+03	4.520000e+03	1.333453e-07	4.633678e-08	2.951605e-08
4.520000e+03	4.560000e+03	1.066084e-07	2.201750e-08	4.342480e-08
4.560000e+03	4.600000e+03	1.076426e-07	4.422765e-08	1.235070e-08
4.600000e+03	4.640000e+03	6.593052e-08	2.671525e-09	6.272650e-08
4.640000e+03	4.680000e+03	7.357678e-08	1.492665e-08	3.578322e-08
4.680000e+03	4.720000e+03	8.004798e-08	2.814953e-08	1.592653e-08
4.720000e+03	4.760000e+03	6.990600e-08	7.000775e-09	1.380885e-08
4.760000e+03	4.800000e+03	6.521482e-08	3.062227e-08	3.409455e-08
4.800000e+03	4.840000e+03	5.252240e-08	1.376312e-08	2.195107e-08
4.840000e+03	4.880000e+03	3.971360e-08	0.000000e+00	4.253768e-08
4.880000e+03	4.920000e+03	4.615028e-08	7.768875e-09	2.802085e-08
4.920000e+03	4.960000e+03	3.629242e-08	6.477250e-09	2.329695e-08
4.960000e+03	5.000000e+03	3.294870e-08	1.141602e-08	1.986745e-08
5.000000e+03	5.040000e+03	3.091905e-08	9.633335e-09	3.199330e-08
5.040000e+03	5.080000e+03	4.681255e-08	2.394733e-08	4.958025e-09
5.080000e+03	5.120000e+03	2.825198e-08	7.459220e-09	8.046875e-09
5.120000e+03	5.160000e+03	3.065048e-08	3.016464e-08	7.186213e-08
5.160000e+03	5.200000e+03	3.752593e-08	3.007627e-08	1.200473e-08
5.200000e+03	5.240000e+03	2.108316e-08	1.732095e-08	1.585026e-08
5.240000e+03	5.280000e+03	1.807127e-08	2.034000e-09	1.522541e-08
5.280000e+03	5.320000e+03	1.837288e-08	3.129945e-09	7.858070e-09
5.320000e+03	5.360000e+03	1.506734e-08	5.066577e-09	6.808740e-09
5.360000e+03	5.400000e+03	1.679902e-08	7.882820e-09	3.038140e-09
5.400000e+03	5.440000e+03	1.564941e-08	7.884923e-09	6.698775e-10
5.440000e+03	5.480000e+03	9.471465e-09	4.132606e-08	2.580750e-11
5.480000e+03	5.520000e+03	1.808499e-08	8.315267e-09	0.000000e+00
5.520000e+03	5.560000e+03	1.148653e-08	5.500330e-09	0.000000e+00
5.560000e+03	5.600000e+03	7.165660e-09	2.159765e-09	8.961285e-09
5.600000e+03	5.640000e+03	9.423312e-09	4.802065e-09	2.080483e-09
5.640000e+03	5.680000e+03	7.667385e-09	1.320303e-09	2.271953e-09
5.680000e+03	5.720000e+03	7.772580e-09	2.417565e-09	7.017615e-09
5.720000e+03	5.760000e+03	4.699083e-09	2.742175e-10	4.028615e-09
5.760000e+03	5.800000e+03	6.230677e-09	1.737430e-09	1.319357e-09
5.800000e+03	5.840000e+03	5.199285e-09	1.438288e-09	2.516397e-09
5.840000e+03	5.880000e+03	4.665533e-09	4.045025e-10	2.055577e-09
5.880000e+03	5.920000e+03	3.163400e-09	0.000000e+00	2.647135e-09
5.920000e+03	5.960000e+03	4.169455e-09	2.007962e-09	1.589150e-09
5.960000e+03	6.000000e+03	3.259410e-09	2.862475e-10	1.508998e-09
# END HISTO1D


# BEGIN HISTO1D //homes/tinghua1/Merging-Project/Production/HJETS/ratio-plots/hjets-matched-errorband/H-N2-3-25gev-combine.yoda/MC_H2JETS_07_INC/j1j3_mass
ErrorBandColor=green
ErrorBandOpacity=0.3
ErrorBands=1
ErrorType=env
LineColor=green
LineStyle=solid
Path=//homes/tinghua1/Merging-Project/Production/HJETS/ratio-plots/hjets-matched-errorband/H-N2-3-25gev-combine.yoda/MC_H2JETS_07_INC/j1j3_mass
RatioPlotSameStyle=1
Title=h(2*,3)
# xlow	 xhigh	 val	 errminus	 errplus
0.000000e+00	4.000000e+01	2.201409e-04	2.559000e-06	1.650827e-05
4.000000e+01	8.000000e+01	3.280915e-03	2.368600e-04	3.184750e-04
8.000000e+01	1.200000e+02	4.826457e-03	3.972775e-04	4.616225e-04
1.200000e+02	1.600000e+02	2.786470e-03	2.957552e-04	3.486175e-04
1.600000e+02	2.000000e+02	1.881858e-03	2.218002e-04	2.332258e-04
2.000000e+02	2.400000e+02	1.291913e-03	1.419392e-04	1.810130e-04
2.400000e+02	2.800000e+02	9.565850e-04	1.065638e-04	1.349693e-04
2.800000e+02	3.200000e+02	7.459800e-04	7.243900e-05	1.286895e-04
3.200000e+02	3.600000e+02	6.155230e-04	6.291125e-05	8.242525e-05
3.600000e+02	4.000000e+02	5.173582e-04	5.618300e-05	7.617650e-05
4.000000e+02	4.400000e+02	4.487370e-04	3.893675e-05	5.796775e-05
4.400000e+02	4.800000e+02	3.961305e-04	4.517450e-05	5.331350e-05
4.800000e+02	5.200000e+02	3.513092e-04	4.067475e-05	4.266500e-05
5.200000e+02	5.600000e+02	3.130340e-04	3.451375e-05	4.495425e-05
5.600000e+02	6.000000e+02	2.820798e-04	6.433750e-06	4.086250e-05
6.000000e+02	6.400000e+02	2.529665e-04	2.535875e-05	3.338100e-05
6.400000e+02	6.800000e+02	2.341523e-04	2.783632e-05	3.045217e-05
6.800000e+02	7.200000e+02	2.120952e-04	2.228730e-05	2.631255e-05
7.200000e+02	7.600000e+02	1.945852e-04	2.376275e-05	2.846968e-05
7.600000e+02	8.000000e+02	1.762352e-04	2.189538e-05	2.431797e-05
8.000000e+02	8.400000e+02	1.632355e-04	2.165925e-05	2.289473e-05
8.400000e+02	8.800000e+02	1.494412e-04	1.835923e-05	1.856555e-05
8.800000e+02	9.200000e+02	1.370300e-04	1.828775e-05	1.774103e-05
9.200000e+02	9.600000e+02	1.247403e-04	1.466727e-05	1.985680e-05
9.600000e+02	1.000000e+03	1.152682e-04	1.404327e-05	1.635035e-05
1.000000e+03	1.040000e+03	1.070609e-04	1.385122e-05	1.365740e-05
1.040000e+03	1.080000e+03	9.860217e-05	1.357662e-05	1.453553e-05
1.080000e+03	1.120000e+03	8.997420e-05	1.174407e-05	1.506940e-05
1.120000e+03	1.160000e+03	8.315015e-05	1.043090e-05	1.367340e-05
1.160000e+03	1.200000e+03	7.860675e-05	1.180697e-05	1.086620e-05
1.200000e+03	1.240000e+03	7.152517e-05	9.552700e-06	9.838100e-06
1.240000e+03	1.280000e+03	6.715305e-05	9.366575e-06	9.591175e-06
1.280000e+03	1.320000e+03	6.075390e-05	7.704450e-06	1.096962e-05
1.320000e+03	1.360000e+03	5.576142e-05	7.331625e-06	9.709250e-06
1.360000e+03	1.400000e+03	5.311035e-05	7.589125e-06	8.359150e-06
1.400000e+03	1.440000e+03	4.839203e-05	6.121025e-06	8.056800e-06
1.440000e+03	1.480000e+03	4.599313e-05	7.381200e-06	6.866725e-06
1.480000e+03	1.520000e+03	4.190897e-05	6.060050e-06	7.781350e-06
1.520000e+03	1.560000e+03	3.946840e-05	5.979700e-06	5.855175e-06
1.560000e+03	1.600000e+03	3.575028e-05	3.989900e-06	6.339225e-06
1.600000e+03	1.640000e+03	3.384215e-05	9.767930e-06	5.224475e-06
1.640000e+03	1.680000e+03	3.115465e-05	4.275050e-06	6.173750e-06
1.680000e+03	1.720000e+03	2.888015e-05	4.107382e-06	5.612500e-06
1.720000e+03	1.760000e+03	2.675192e-05	3.599075e-06	4.942700e-06
1.760000e+03	1.800000e+03	2.543998e-05	4.026060e-06	4.053125e-06
1.800000e+03	1.840000e+03	2.280647e-05	2.760483e-06	4.410210e-06
1.840000e+03	1.880000e+03	2.070536e-05	2.107500e-06	5.926735e-06
1.880000e+03	1.920000e+03	2.085154e-05	3.524135e-06	3.173082e-06
1.920000e+03	1.960000e+03	1.872516e-05	2.597180e-06	3.581240e-06
1.960000e+03	2.000000e+03	1.717281e-05	2.634762e-06	3.752030e-06
2.000000e+03	2.040000e+03	1.625961e-05	2.205052e-06	2.848587e-06
2.040000e+03	2.080000e+03	1.484075e-05	1.943267e-06	3.381475e-06
2.080000e+03	2.120000e+03	1.408635e-05	2.443978e-06	2.457850e-06
2.120000e+03	2.160000e+03	1.296473e-05	2.008640e-06	2.237018e-06
2.160000e+03	2.200000e+03	1.200906e-05	1.977025e-06	2.292385e-06
2.200000e+03	2.240000e+03	1.113300e-05	1.986025e-06	2.466072e-06
2.240000e+03	2.280000e+03	1.034589e-05	1.809762e-06	2.309963e-06
2.280000e+03	2.320000e+03	9.747472e-06	1.799580e-06	1.969615e-06
2.320000e+03	2.360000e+03	8.717568e-06	9.410150e-07	2.293850e-06
2.360000e+03	2.400000e+03	8.354318e-06	1.403372e-06	1.511798e-06
2.400000e+03	2.440000e+03	7.894805e-06	1.433207e-06	1.722343e-06
2.440000e+03	2.480000e+03	7.189887e-06	1.191682e-06	1.679895e-06
2.480000e+03	2.520000e+03	6.750883e-06	1.290583e-06	9.973375e-07
2.520000e+03	2.560000e+03	6.247160e-06	9.798475e-07	1.373458e-06
2.560000e+03	2.600000e+03	5.721275e-06	9.025450e-07	1.384140e-06
2.600000e+03	2.640000e+03	5.212002e-06	8.119425e-07	8.916875e-07
2.640000e+03	2.680000e+03	5.030440e-06	1.013390e-06	1.044498e-06
2.680000e+03	2.720000e+03	4.631690e-06	7.459500e-07	9.720075e-07
2.720000e+03	2.760000e+03	4.400612e-06	9.591725e-07	9.070350e-07
2.760000e+03	2.800000e+03	4.046893e-06	8.998700e-07	9.020175e-07
2.800000e+03	2.840000e+03	3.667820e-06	6.719550e-07	8.694350e-07
2.840000e+03	2.880000e+03	3.344188e-06	4.113800e-07	6.890775e-07
2.880000e+03	2.920000e+03	3.198105e-06	5.304050e-07	4.264400e-07
2.920000e+03	2.960000e+03	2.836273e-06	4.864953e-07	6.577350e-07
2.960000e+03	3.000000e+03	2.793883e-06	5.304563e-07	5.746800e-07
3.000000e+03	3.040000e+03	2.446723e-06	3.807492e-07	5.434623e-07
3.040000e+03	3.080000e+03	2.356764e-06	4.267375e-07	5.415082e-07
3.080000e+03	3.120000e+03	2.059397e-06	2.865980e-07	4.831935e-07
3.120000e+03	3.160000e+03	1.886016e-06	1.532835e-07	7.070990e-07
3.160000e+03	3.200000e+03	1.912937e-06	5.202848e-07	2.326117e-07
3.200000e+03	3.240000e+03	1.612321e-06	2.080707e-07	4.815488e-07
3.240000e+03	3.280000e+03	1.591796e-06	3.466742e-07	3.247867e-07
3.280000e+03	3.320000e+03	1.467043e-06	3.082655e-07	2.522060e-07
3.320000e+03	3.360000e+03	1.266631e-06	2.191853e-07	3.805860e-07
3.360000e+03	3.400000e+03	1.225332e-06	2.525575e-07	2.429792e-07
3.400000e+03	3.440000e+03	1.151859e-06	2.218450e-07	2.606465e-07
3.440000e+03	3.480000e+03	1.103529e-06	1.981370e-07	1.520715e-07
3.480000e+03	3.520000e+03	9.540300e-07	2.049165e-07	2.599745e-07
3.520000e+03	3.560000e+03	8.223350e-07	2.770325e-08	3.308345e-07
3.560000e+03	3.600000e+03	8.350325e-07	1.225362e-07	1.600530e-07
3.600000e+03	3.640000e+03	7.432220e-07	1.558038e-07	2.398865e-07
3.640000e+03	3.680000e+03	6.505260e-07	1.214160e-07	1.907760e-07
3.680000e+03	3.720000e+03	7.006303e-07	1.738990e-07	1.504657e-07
3.720000e+03	3.760000e+03	6.179270e-07	1.515998e-07	1.126340e-07
3.760000e+03	3.800000e+03	5.373305e-07	1.361548e-07	1.301990e-07
3.800000e+03	3.840000e+03	5.285707e-07	1.560430e-07	1.293743e-07
3.840000e+03	3.880000e+03	4.472785e-07	1.043903e-07	1.102650e-07
3.880000e+03	3.920000e+03	4.374397e-07	3.751475e-08	9.778000e-08
3.920000e+03	3.960000e+03	3.972340e-07	1.286803e-07	1.511032e-07
3.960000e+03	4.000000e+03	3.619640e-07	8.174400e-08	9.654025e-08
4.000000e+03	4.040000e+03	3.132685e-07	2.899425e-08	8.471725e-08
4.040000e+03	4.080000e+03	2.911520e-07	7.929962e-08	8.692125e-08
4.080000e+03	4.120000e+03	3.649158e-07	1.636444e-07	0.000000e+00
4.120000e+03	4.160000e+03	2.613902e-07	1.031302e-07	9.012725e-08
4.160000e+03	4.200000e+03	2.414900e-07	6.946667e-08	6.150845e-08
4.200000e+03	4.240000e+03	2.252596e-07	6.798825e-08	9.027890e-08
4.240000e+03	4.280000e+03	1.921727e-07	4.779030e-08	1.009101e-07
4.280000e+03	4.320000e+03	1.715449e-07	6.589645e-08	4.286700e-08
4.320000e+03	4.360000e+03	1.733817e-07	4.147862e-08	3.172165e-08
4.360000e+03	4.400000e+03	1.513750e-07	2.740045e-08	3.547555e-08
4.400000e+03	4.440000e+03	1.238127e-07	2.560817e-08	5.722447e-08
4.440000e+03	4.480000e+03	9.916845e-08	1.072633e-08	3.802027e-08
4.480000e+03	4.520000e+03	1.048123e-07	8.881400e-09	3.816533e-08
4.520000e+03	4.560000e+03	9.604812e-08	2.022070e-08	4.988095e-08
4.560000e+03	4.600000e+03	9.682902e-08	1.351395e-08	0.000000e+00
4.600000e+03	4.640000e+03	8.406843e-08	7.017150e-09	2.360102e-08
4.640000e+03	4.680000e+03	8.498098e-08	2.555978e-08	4.909930e-08
4.680000e+03	4.720000e+03	6.734720e-08	1.932875e-08	2.395523e-08
4.720000e+03	4.760000e+03	7.331235e-08	2.443392e-08	0.000000e+00
4.760000e+03	4.800000e+03	5.488802e-08	1.626147e-08	2.123655e-08
4.800000e+03	4.840000e+03	5.166757e-08	3.522975e-09	6.896375e-09
4.840000e+03	4.880000e+03	4.611970e-08	7.191650e-09	2.196985e-08
4.880000e+03	4.920000e+03	4.989635e-08	1.809102e-08	1.628560e-08
4.920000e+03	4.960000e+03	3.620172e-08	4.384275e-09	1.355362e-08
4.960000e+03	5.000000e+03	2.421500e-08	0.000000e+00	2.720830e-08
5.000000e+03	5.040000e+03	2.570340e-08	0.000000e+00	1.709187e-08
5.040000e+03	5.080000e+03	2.919840e-08	2.669500e-09	4.140275e-09
5.080000e+03	5.120000e+03	3.242172e-08	1.430804e-08	1.442893e-08
5.120000e+03	5.160000e+03	2.172285e-08	1.833113e-09	1.070485e-08
5.160000e+03	5.200000e+03	1.966509e-08	0.000000e+00	8.645262e-09
5.200000e+03	5.240000e+03	3.308902e-08	1.788692e-08	0.000000e+00
5.240000e+03	5.280000e+03	1.264801e-08	0.000000e+00	1.544555e-08
5.280000e+03	5.320000e+03	1.835008e-08	1.391214e-08	0.000000e+00
5.320000e+03	5.360000e+03	1.982733e-08	8.810005e-09	7.033317e-09
5.360000e+03	5.400000e+03	8.873222e-09	0.000000e+00	1.341265e-08
5.400000e+03	5.440000e+03	1.202155e-08	2.535500e-10	1.346338e-08
5.440000e+03	5.480000e+03	1.166628e-08	5.111755e-09	5.088860e-09
5.480000e+03	5.520000e+03	9.809270e-09	3.355465e-09	5.848232e-09
5.520000e+03	5.560000e+03	8.488060e-09	1.194452e-09	8.374915e-09
5.560000e+03	5.600000e+03	1.281961e-08	6.292900e-09	1.036738e-09
5.600000e+03	5.640000e+03	7.499500e-09	2.661900e-10	3.113327e-09
5.640000e+03	5.680000e+03	7.488445e-09	2.709023e-09	2.499340e-09
5.680000e+03	5.720000e+03	5.782252e-09	2.703525e-10	7.280365e-09
5.720000e+03	5.760000e+03	5.480565e-09	1.900725e-09	8.863275e-10
5.760000e+03	5.800000e+03	5.914217e-09	4.090566e-09	1.653455e-09
5.800000e+03	5.840000e+03	3.770398e-09	0.000000e+00	2.499918e-09
5.840000e+03	5.880000e+03	2.894250e-09	5.974703e-10	4.512152e-09
5.880000e+03	5.920000e+03	2.762717e-09	5.316402e-10	1.644262e-09
5.920000e+03	5.960000e+03	3.043333e-09	0.000000e+00	1.972933e-09
5.960000e+03	6.000000e+03	4.097255e-09	1.321748e-09	1.659262e-09
# END HISTO1D


# BEGIN HISTO1D //homes/tinghua1/Merging-Project/Production/HJETS/ratio-plots/hjets-matched-errorband/H-2-3-25gev-combine.yoda/MC_H2JETS_07_INC/j1j3_mass
ErrorBandColor=purple
ErrorBandOpacity=0.3
ErrorBands=1
ErrorType=env
LineColor=purple
LineStyle=solid
Path=//homes/tinghua1/Merging-Project/Production/HJETS/ratio-plots/hjets-matched-errorband/H-2-3-25gev-combine.yoda/MC_H2JETS_07_INC/j1j3_mass
RatioPlotSameStyle=1
Title=h(2,3)
# xlow	 xhigh	 val	 errminus	 errplus
0.000000e+00	4.000000e+01	2.316222e-04	2.062053e-05	0.000000e+00
4.000000e+01	8.000000e+01	2.823547e-03	0.000000e+00	4.568200e-04
8.000000e+01	1.200000e+02	4.018575e-03	0.000000e+00	6.446525e-04
1.200000e+02	1.600000e+02	2.272479e-03	0.000000e+00	4.985110e-04
1.600000e+02	2.000000e+02	1.500174e-03	0.000000e+00	3.469502e-04
2.000000e+02	2.400000e+02	1.042736e-03	0.000000e+00	2.497860e-04
2.400000e+02	2.800000e+02	7.795420e-04	0.000000e+00	1.869680e-04
2.800000e+02	3.200000e+02	6.200225e-04	0.000000e+00	1.522485e-04
3.200000e+02	3.600000e+02	5.178480e-04	0.000000e+00	1.272825e-04
3.600000e+02	4.000000e+02	4.402820e-04	0.000000e+00	1.155910e-04
4.000000e+02	4.400000e+02	3.831060e-04	0.000000e+00	1.079810e-04
4.400000e+02	4.800000e+02	3.409875e-04	0.000000e+00	9.569025e-05
4.800000e+02	5.200000e+02	3.062842e-04	0.000000e+00	8.765550e-05
5.200000e+02	5.600000e+02	2.738290e-04	0.000000e+00	8.318975e-05
5.600000e+02	6.000000e+02	2.474259e-04	0.000000e+00	7.711888e-05
6.000000e+02	6.400000e+02	2.235610e-04	0.000000e+00	7.506847e-05
6.400000e+02	6.800000e+02	2.033088e-04	0.000000e+00	6.890415e-05
6.800000e+02	7.200000e+02	1.843558e-04	0.000000e+00	6.417853e-05
7.200000e+02	7.600000e+02	1.697870e-04	0.000000e+00	5.899323e-05
7.600000e+02	8.000000e+02	1.544068e-04	0.000000e+00	5.666010e-05
8.000000e+02	8.400000e+02	1.418031e-04	0.000000e+00	5.085903e-05
8.400000e+02	8.800000e+02	1.292597e-04	0.000000e+00	4.949470e-05
8.800000e+02	9.200000e+02	1.192486e-04	0.000000e+00	4.489297e-05
9.200000e+02	9.600000e+02	1.087172e-04	0.000000e+00	4.341823e-05
9.600000e+02	1.000000e+03	1.002604e-04	0.000000e+00	4.059132e-05
1.000000e+03	1.040000e+03	9.205135e-05	0.000000e+00	3.832380e-05
1.040000e+03	1.080000e+03	8.451217e-05	0.000000e+00	3.593880e-05
1.080000e+03	1.120000e+03	7.837995e-05	0.000000e+00	3.327457e-05
1.120000e+03	1.160000e+03	7.159268e-05	0.000000e+00	3.263567e-05
1.160000e+03	1.200000e+03	6.595693e-05	0.000000e+00	2.946382e-05
1.200000e+03	1.240000e+03	6.119675e-05	0.000000e+00	2.789347e-05
1.240000e+03	1.280000e+03	5.579652e-05	0.000000e+00	2.681337e-05
1.280000e+03	1.320000e+03	5.184685e-05	0.000000e+00	2.515560e-05
1.320000e+03	1.360000e+03	4.823505e-05	0.000000e+00	2.295483e-05
1.360000e+03	1.400000e+03	4.461028e-05	0.000000e+00	2.149275e-05
1.400000e+03	1.440000e+03	4.135120e-05	0.000000e+00	1.993730e-05
1.440000e+03	1.480000e+03	3.798495e-05	0.000000e+00	1.888313e-05
1.480000e+03	1.520000e+03	3.499490e-05	0.000000e+00	1.846515e-05
1.520000e+03	1.560000e+03	3.280002e-05	0.000000e+00	1.676160e-05
1.560000e+03	1.600000e+03	3.020355e-05	0.000000e+00	1.501677e-05
1.600000e+03	1.640000e+03	2.763152e-05	0.000000e+00	1.516253e-05
1.640000e+03	1.680000e+03	2.602868e-05	0.000000e+00	1.338117e-05
1.680000e+03	1.720000e+03	2.370137e-05	0.000000e+00	1.347756e-05
1.720000e+03	1.760000e+03	2.244610e-05	0.000000e+00	1.192975e-05
1.760000e+03	1.800000e+03	2.041590e-05	0.000000e+00	1.119682e-05
1.800000e+03	1.840000e+03	1.936087e-05	0.000000e+00	1.081708e-05
1.840000e+03	1.880000e+03	1.772210e-05	0.000000e+00	1.000987e-05
1.880000e+03	1.920000e+03	1.661310e-05	0.000000e+00	9.450800e-06
1.920000e+03	1.960000e+03	1.513821e-05	0.000000e+00	8.872245e-06
1.960000e+03	2.000000e+03	1.401019e-05	0.000000e+00	8.452280e-06
2.000000e+03	2.040000e+03	1.338550e-05	0.000000e+00	7.570122e-06
2.040000e+03	2.080000e+03	1.208671e-05	0.000000e+00	7.314090e-06
2.080000e+03	2.120000e+03	1.123022e-05	0.000000e+00	6.892715e-06
2.120000e+03	2.160000e+03	1.050372e-05	0.000000e+00	6.521255e-06
2.160000e+03	2.200000e+03	9.459288e-06	0.000000e+00	6.278808e-06
2.200000e+03	2.240000e+03	9.084178e-06	0.000000e+00	5.464417e-06
2.240000e+03	2.280000e+03	8.251190e-06	0.000000e+00	5.331040e-06
2.280000e+03	2.320000e+03	7.903843e-06	0.000000e+00	4.926868e-06
2.320000e+03	2.360000e+03	7.368440e-06	0.000000e+00	4.555590e-06
2.360000e+03	2.400000e+03	6.458182e-06	0.000000e+00	4.498690e-06
2.400000e+03	2.440000e+03	6.090432e-06	0.000000e+00	4.175213e-06
2.440000e+03	2.480000e+03	5.769900e-06	0.000000e+00	3.657763e-06
2.480000e+03	2.520000e+03	5.279145e-06	0.000000e+00	3.578483e-06
2.520000e+03	2.560000e+03	4.885040e-06	0.000000e+00	3.249955e-06
2.560000e+03	2.600000e+03	4.526130e-06	0.000000e+00	3.071068e-06
2.600000e+03	2.640000e+03	4.164133e-06	0.000000e+00	2.999285e-06
2.640000e+03	2.680000e+03	3.874623e-06	0.000000e+00	2.937245e-06
2.680000e+03	2.720000e+03	3.580708e-06	0.000000e+00	2.589080e-06
2.720000e+03	2.760000e+03	3.267612e-06	0.000000e+00	2.669877e-06
2.760000e+03	2.800000e+03	3.082950e-06	0.000000e+00	2.132215e-06
2.800000e+03	2.840000e+03	2.934117e-06	0.000000e+00	1.967302e-06
2.840000e+03	2.880000e+03	2.562183e-06	0.000000e+00	1.954275e-06
2.880000e+03	2.920000e+03	2.282952e-06	0.000000e+00	1.877333e-06
2.920000e+03	2.960000e+03	2.293547e-06	0.000000e+00	1.669423e-06
2.960000e+03	3.000000e+03	2.114436e-06	0.000000e+00	1.449414e-06
3.000000e+03	3.040000e+03	1.878145e-06	0.000000e+00	1.370135e-06
3.040000e+03	3.080000e+03	1.754962e-06	0.000000e+00	1.314878e-06
3.080000e+03	3.120000e+03	1.784033e-06	0.000000e+00	1.077107e-06
3.120000e+03	3.160000e+03	1.538280e-06	0.000000e+00	1.094140e-06
3.160000e+03	3.200000e+03	1.355602e-06	0.000000e+00	1.073523e-06
3.200000e+03	3.240000e+03	1.309473e-06	0.000000e+00	1.004405e-06
3.240000e+03	3.280000e+03	1.136399e-06	0.000000e+00	1.021306e-06
3.280000e+03	3.320000e+03	1.088342e-06	0.000000e+00	8.291255e-07
3.320000e+03	3.360000e+03	9.583853e-07	0.000000e+00	8.617337e-07
3.360000e+03	3.400000e+03	9.391265e-07	0.000000e+00	7.297240e-07
3.400000e+03	3.440000e+03	9.133390e-07	0.000000e+00	6.314030e-07
3.440000e+03	3.480000e+03	7.701880e-07	0.000000e+00	6.558492e-07
3.480000e+03	3.520000e+03	7.029455e-07	0.000000e+00	5.625528e-07
3.520000e+03	3.560000e+03	6.339043e-07	0.000000e+00	6.849520e-07
3.560000e+03	3.600000e+03	6.074223e-07	0.000000e+00	4.510440e-07
3.600000e+03	3.640000e+03	5.533268e-07	0.000000e+00	4.418190e-07
3.640000e+03	3.680000e+03	5.137152e-07	0.000000e+00	3.876945e-07
3.680000e+03	3.720000e+03	4.666650e-07	0.000000e+00	4.171248e-07
3.720000e+03	3.760000e+03	3.930920e-07	0.000000e+00	4.362150e-07
3.760000e+03	3.800000e+03	3.745308e-07	0.000000e+00	3.470985e-07
3.800000e+03	3.840000e+03	3.647058e-07	0.000000e+00	2.831465e-07
3.840000e+03	3.880000e+03	3.376310e-07	0.000000e+00	2.643500e-07
3.880000e+03	3.920000e+03	2.957190e-07	0.000000e+00	2.748670e-07
3.920000e+03	3.960000e+03	3.038130e-07	0.000000e+00	2.351423e-07
3.960000e+03	4.000000e+03	2.361440e-07	0.000000e+00	2.373195e-07
4.000000e+03	4.040000e+03	2.174595e-07	0.000000e+00	2.424098e-07
4.040000e+03	4.080000e+03	2.184417e-07	0.000000e+00	2.004575e-07
4.080000e+03	4.120000e+03	1.890894e-07	0.000000e+00	1.855354e-07
4.120000e+03	4.160000e+03	1.746230e-07	0.000000e+00	1.644565e-07
4.160000e+03	4.200000e+03	1.665910e-07	0.000000e+00	1.235762e-07
4.200000e+03	4.240000e+03	1.485362e-07	0.000000e+00	1.532903e-07
4.240000e+03	4.280000e+03	1.343627e-07	0.000000e+00	1.415055e-07
4.280000e+03	4.320000e+03	1.193707e-07	0.000000e+00	1.340995e-07
4.320000e+03	4.360000e+03	1.015376e-07	0.000000e+00	1.186550e-07
4.360000e+03	4.400000e+03	1.229302e-07	0.000000e+00	9.437908e-08
4.400000e+03	4.440000e+03	8.857733e-08	0.000000e+00	1.027996e-07
4.440000e+03	4.480000e+03	9.565667e-08	0.000000e+00	6.920320e-08
4.480000e+03	4.520000e+03	7.550853e-08	0.000000e+00	7.623702e-08
4.520000e+03	4.560000e+03	8.713730e-08	9.091500e-10	1.070209e-07
4.560000e+03	4.600000e+03	6.346450e-08	0.000000e+00	6.172672e-08
4.600000e+03	4.640000e+03	6.018300e-08	0.000000e+00	4.063730e-08
4.640000e+03	4.680000e+03	5.689325e-08	0.000000e+00	5.495168e-08
4.680000e+03	4.720000e+03	4.931638e-08	0.000000e+00	3.928373e-08
4.720000e+03	4.760000e+03	4.996067e-08	0.000000e+00	4.247767e-08
4.760000e+03	4.800000e+03	4.318197e-08	0.000000e+00	4.289443e-08
4.800000e+03	4.840000e+03	4.018332e-08	0.000000e+00	4.302308e-08
4.840000e+03	4.880000e+03	3.388522e-08	0.000000e+00	2.856570e-08
4.880000e+03	4.920000e+03	3.443887e-08	0.000000e+00	2.749182e-08
4.920000e+03	4.960000e+03	2.880405e-08	0.000000e+00	2.698690e-08
4.960000e+03	5.000000e+03	2.476164e-08	0.000000e+00	2.265861e-08
5.000000e+03	5.040000e+03	2.705373e-08	0.000000e+00	3.850620e-08
5.040000e+03	5.080000e+03	2.017708e-08	0.000000e+00	1.748597e-08
5.080000e+03	5.120000e+03	1.595049e-08	0.000000e+00	3.977481e-08
5.120000e+03	5.160000e+03	1.388130e-08	0.000000e+00	3.539275e-08
5.160000e+03	5.200000e+03	1.812582e-08	0.000000e+00	1.826900e-08
5.200000e+03	5.240000e+03	1.684404e-08	0.000000e+00	1.891493e-08
5.240000e+03	5.280000e+03	1.236095e-08	0.000000e+00	1.579457e-08
5.280000e+03	5.320000e+03	1.145587e-08	0.000000e+00	1.208739e-08
5.320000e+03	5.360000e+03	1.757240e-08	1.928780e-09	2.666875e-09
5.360000e+03	5.400000e+03	9.519132e-09	0.000000e+00	8.984055e-09
5.400000e+03	5.440000e+03	8.491295e-09	0.000000e+00	7.139085e-09
5.440000e+03	5.480000e+03	1.038213e-08	9.399175e-10	5.671815e-09
5.480000e+03	5.520000e+03	5.924335e-09	0.000000e+00	7.689252e-09
5.520000e+03	5.560000e+03	6.330083e-09	0.000000e+00	1.501257e-08
5.560000e+03	5.600000e+03	7.786690e-09	0.000000e+00	4.651655e-09
5.600000e+03	5.640000e+03	4.615245e-09	0.000000e+00	1.205370e-08
5.640000e+03	5.680000e+03	4.489565e-09	0.000000e+00	5.017485e-09
5.680000e+03	5.720000e+03	3.630782e-09	0.000000e+00	4.648455e-09
5.720000e+03	5.760000e+03	3.234367e-09	0.000000e+00	5.730900e-09
5.760000e+03	5.800000e+03	4.544360e-09	0.000000e+00	5.624097e-09
5.800000e+03	5.840000e+03	4.482378e-09	0.000000e+00	3.204347e-09
5.840000e+03	5.880000e+03	2.655823e-09	0.000000e+00	2.959150e-09
5.880000e+03	5.920000e+03	2.426805e-09	0.000000e+00	3.435327e-09
5.920000e+03	5.960000e+03	3.117768e-09	0.000000e+00	2.115095e-09
5.960000e+03	6.000000e+03	1.621253e-09	0.000000e+00	3.224399e-09
# END HISTO1D


# BEGIN HISTO1D //homes/tinghua1/Merging-Project/Production/HJETS/ratio-plots/hjets-matched-errorband/H3Jets-NLOPS-combine.yoda/MC_H2JETS_07_INC/j1j3_mass
ErrorBandColor=red
ErrorBandOpacity=0.3
ErrorBands=1
ErrorType=env
LineColor=red
LineStyle=solid
Path=//homes/tinghua1/Merging-Project/Production/HJETS/ratio-plots/hjets-matched-errorband/H3Jets-NLOPS-combine.yoda/MC_H2JETS_07_INC/j1j3_mass
RatioPlotSameStyle=1
Title=h(3*) $\oplus$ PS
# xlow	 xhigh	 val	 errminus	 errplus
0.000000e+00	4.000000e+01	2.479898e-04	3.560220e-05	4.666345e-05
4.000000e+01	8.000000e+01	3.072532e-03	1.400000e-04	9.963500e-05
8.000000e+01	1.200000e+02	4.095538e-03	1.619150e-04	1.184300e-04
1.200000e+02	1.600000e+02	2.416912e-03	2.895500e-05	3.396250e-06
1.600000e+02	2.000000e+02	1.700670e-03	2.601100e-05	0.000000e+00
2.000000e+02	2.400000e+02	1.201850e-03	8.362750e-06	0.000000e+00
2.400000e+02	2.800000e+02	8.986195e-04	0.000000e+00	1.506275e-05
2.800000e+02	3.200000e+02	7.084875e-04	3.702000e-06	1.204250e-05
3.200000e+02	3.600000e+02	5.823270e-04	0.000000e+00	1.705250e-05
3.600000e+02	4.000000e+02	5.113480e-04	2.452600e-05	0.000000e+00
4.000000e+02	4.400000e+02	4.417627e-04	2.580075e-05	0.000000e+00
4.400000e+02	4.800000e+02	3.804518e-04	1.616800e-05	0.000000e+00
4.800000e+02	5.200000e+02	3.226047e-04	4.741000e-06	0.000000e+00
5.200000e+02	5.600000e+02	3.005373e-04	2.840575e-05	0.000000e+00
5.600000e+02	6.000000e+02	2.592167e-04	6.085000e-07	4.870000e-06
6.000000e+02	6.400000e+02	2.340430e-04	9.762525e-06	0.000000e+00
6.400000e+02	6.800000e+02	2.118875e-04	5.922925e-06	5.345175e-06
6.800000e+02	7.200000e+02	1.938044e-04	1.088337e-05	0.000000e+00
7.200000e+02	7.600000e+02	1.758639e-04	1.239865e-05	0.000000e+00
7.600000e+02	8.000000e+02	1.637503e-04	6.401375e-06	0.000000e+00
8.000000e+02	8.400000e+02	1.486587e-04	6.197175e-06	0.000000e+00
8.400000e+02	8.800000e+02	1.330106e-04	1.123493e-05	0.000000e+00
8.800000e+02	9.200000e+02	1.231157e-04	2.903300e-06	0.000000e+00
9.200000e+02	9.600000e+02	1.123992e-04	2.457275e-06	2.327950e-06
9.600000e+02	1.000000e+03	1.030588e-04	3.993650e-06	1.696900e-06
1.000000e+03	1.040000e+03	9.503350e-05	4.070575e-06	0.000000e+00
1.040000e+03	1.080000e+03	8.604890e-05	2.400175e-06	4.448500e-07
1.080000e+03	1.120000e+03	7.908837e-05	3.591425e-06	2.097175e-06
1.120000e+03	1.160000e+03	7.486222e-05	4.534225e-06	0.000000e+00
1.160000e+03	1.200000e+03	6.516353e-05	1.147500e-08	4.306375e-06
1.200000e+03	1.240000e+03	6.316400e-05	3.306250e-06	2.468750e-07
1.240000e+03	1.280000e+03	5.954397e-05	3.804275e-06	0.000000e+00
1.280000e+03	1.320000e+03	5.563167e-05	1.896125e-06	0.000000e+00
1.320000e+03	1.360000e+03	4.886220e-05	8.668725e-06	8.320500e-07
1.360000e+03	1.400000e+03	4.643607e-05	2.990300e-06	0.000000e+00
1.400000e+03	1.440000e+03	4.506538e-05	3.258425e-06	0.000000e+00
1.440000e+03	1.480000e+03	4.085487e-05	7.157925e-06	0.000000e+00
1.480000e+03	1.520000e+03	3.762567e-05	2.982100e-06	0.000000e+00
1.520000e+03	1.560000e+03	3.612650e-05	2.543750e-06	0.000000e+00
1.560000e+03	1.600000e+03	3.220512e-05	8.128250e-07	0.000000e+00
1.600000e+03	1.640000e+03	2.975240e-05	5.402008e-06	0.000000e+00
1.640000e+03	1.680000e+03	2.807455e-05	1.542575e-06	0.000000e+00
1.680000e+03	1.720000e+03	2.614573e-05	1.343802e-06	0.000000e+00
1.720000e+03	1.760000e+03	2.213269e-05	0.000000e+00	2.681897e-06
1.760000e+03	1.800000e+03	2.213566e-05	4.461212e-06	0.000000e+00
1.800000e+03	1.840000e+03	2.110052e-05	3.973450e-06	0.000000e+00
1.840000e+03	1.880000e+03	1.886777e-05	1.299400e-06	1.941100e-07
1.880000e+03	1.920000e+03	1.754886e-05	5.385900e-07	4.028875e-07
1.920000e+03	1.960000e+03	1.800686e-05	1.864878e-06	0.000000e+00
1.960000e+03	2.000000e+03	1.469748e-05	2.735825e-07	1.445830e-06
2.000000e+03	2.040000e+03	1.414190e-05	1.030083e-06	1.484075e-07
2.040000e+03	2.080000e+03	1.249997e-05	8.262125e-07	1.222740e-06
2.080000e+03	2.120000e+03	1.199258e-05	4.237100e-07	0.000000e+00
2.120000e+03	2.160000e+03	1.177662e-05	1.646952e-06	1.384950e-07
2.160000e+03	2.200000e+03	1.066409e-05	3.952700e-07	3.863425e-07
2.200000e+03	2.240000e+03	9.391135e-06	9.498775e-07	5.475375e-07
2.240000e+03	2.280000e+03	9.976525e-06	1.546518e-06	0.000000e+00
2.280000e+03	2.320000e+03	8.942572e-06	8.278425e-07	0.000000e+00
2.320000e+03	2.360000e+03	5.982722e-06	0.000000e+00	1.599325e-06
2.360000e+03	2.400000e+03	7.180000e-06	4.991700e-07	4.386075e-07
2.400000e+03	2.440000e+03	6.079020e-06	0.000000e+00	6.171700e-07
2.440000e+03	2.480000e+03	6.925223e-06	1.203807e-06	5.538750e-08
2.480000e+03	2.520000e+03	5.850212e-06	2.388075e-07	1.040895e-06
2.520000e+03	2.560000e+03	5.250285e-06	0.000000e+00	1.921125e-07
2.560000e+03	2.600000e+03	5.568097e-06	8.300025e-07	0.000000e+00
2.600000e+03	2.640000e+03	4.789603e-06	8.858425e-07	7.455750e-08
2.640000e+03	2.680000e+03	4.413430e-06	1.266300e-07	1.602375e-07
2.680000e+03	2.720000e+03	4.009940e-06	2.571200e-07	2.127250e-08
2.720000e+03	2.760000e+03	3.585673e-06	3.649550e-07	6.593650e-07
2.760000e+03	2.800000e+03	3.526930e-06	2.290100e-07	1.678275e-07
2.800000e+03	2.840000e+03	3.139702e-06	1.623225e-07	5.078200e-07
2.840000e+03	2.880000e+03	2.920547e-06	3.036175e-07	1.724125e-07
2.880000e+03	2.920000e+03	2.946900e-06	2.401438e-06	0.000000e+00
2.920000e+03	2.960000e+03	2.864753e-06	1.173756e-06	0.000000e+00
2.960000e+03	3.000000e+03	2.376681e-06	2.075171e-06	0.000000e+00
3.000000e+03	3.040000e+03	2.225270e-06	2.958180e-07	1.710135e-07
3.040000e+03	3.080000e+03	2.198348e-06	2.875327e-07	6.184750e-08
3.080000e+03	3.120000e+03	1.959286e-06	2.380488e-07	1.254950e-07
3.120000e+03	3.160000e+03	1.632434e-06	5.569725e-08	1.881482e-07
3.160000e+03	3.200000e+03	1.681404e-06	5.161250e-08	0.000000e+00
3.200000e+03	3.240000e+03	1.554130e-06	1.188484e-06	0.000000e+00
3.240000e+03	3.280000e+03	1.493829e-06	3.704265e-07	0.000000e+00
3.280000e+03	3.320000e+03	1.160833e-06	4.758915e-07	1.982800e-08
3.320000e+03	3.360000e+03	1.017199e-06	0.000000e+00	9.569125e-08
3.360000e+03	3.400000e+03	1.057467e-06	5.200950e-08	5.762850e-08
3.400000e+03	3.440000e+03	1.055297e-06	1.631290e-07	0.000000e+00
3.440000e+03	3.480000e+03	1.073494e-06	3.201505e-07	1.565775e-08
3.480000e+03	3.520000e+03	8.469855e-07	0.000000e+00	1.153127e-07
3.520000e+03	3.560000e+03	9.596140e-07	1.886975e-07	0.000000e+00
3.560000e+03	3.600000e+03	7.801733e-07	2.536338e-07	2.124530e-07
3.600000e+03	3.640000e+03	8.600835e-07	2.434605e-07	0.000000e+00
3.640000e+03	3.680000e+03	8.057487e-07	2.011925e-07	0.000000e+00
3.680000e+03	3.720000e+03	4.950832e-07	2.645150e-08	1.225503e-07
3.720000e+03	3.760000e+03	5.487655e-07	1.003510e-07	1.291500e-09
3.760000e+03	3.800000e+03	6.452345e-07	2.142050e-07	0.000000e+00
3.800000e+03	3.840000e+03	4.927955e-07	1.099150e-08	2.603430e-07
3.840000e+03	3.880000e+03	5.430900e-07	1.841172e-07	0.000000e+00
3.880000e+03	3.920000e+03	4.209280e-07	7.072050e-08	0.000000e+00
3.920000e+03	3.960000e+03	3.293942e-07	5.716975e-08	0.000000e+00
3.960000e+03	4.000000e+03	1.815553e-07	0.000000e+00	1.050262e-07
4.000000e+03	4.040000e+03	3.175147e-07	1.105623e-07	1.175085e-07
4.040000e+03	4.080000e+03	1.823270e-07	0.000000e+00	1.017432e-07
4.080000e+03	4.120000e+03	2.274459e-07	2.112603e-08	8.016757e-08
4.120000e+03	4.160000e+03	2.400084e-07	3.784297e-08	1.167107e-08
4.160000e+03	4.200000e+03	2.185955e-07	4.352878e-08	5.467825e-08
4.200000e+03	4.240000e+03	1.984061e-07	1.452813e-08	3.961400e-09
4.240000e+03	4.280000e+03	1.672805e-07	5.631625e-09	4.732350e-08
4.280000e+03	4.320000e+03	1.416284e-07	0.000000e+00	1.735958e-08
4.320000e+03	4.360000e+03	1.497482e-07	4.258930e-08	5.591973e-08
4.360000e+03	4.400000e+03	1.240078e-07	0.000000e+00	1.804203e-08
4.400000e+03	4.440000e+03	1.027323e-07	0.000000e+00	2.281652e-08
4.440000e+03	4.480000e+03	1.063386e-07	9.871125e-09	1.634715e-08
4.480000e+03	4.520000e+03	1.060921e-07	0.000000e+00	2.597875e-08
4.520000e+03	4.560000e+03	5.363620e-08	6.375315e-07	3.487133e-08
4.560000e+03	4.600000e+03	6.996398e-08	5.349506e-08	1.949775e-08
4.600000e+03	4.640000e+03	6.819345e-08	1.217527e-08	1.032013e-08
4.640000e+03	4.680000e+03	8.261600e-08	2.807145e-08	1.818887e-08
4.680000e+03	4.720000e+03	3.774502e-08	0.000000e+00	2.572958e-08
4.720000e+03	4.760000e+03	3.209018e-08	0.000000e+00	2.894437e-08
4.760000e+03	4.800000e+03	4.596865e-08	3.061140e-08	0.000000e+00
4.800000e+03	4.840000e+03	5.151925e-08	2.306500e-10	1.495688e-08
4.840000e+03	4.880000e+03	4.881780e-08	1.055412e-08	9.135450e-09
4.880000e+03	4.920000e+03	3.270942e-08	0.000000e+00	3.620875e-09
4.920000e+03	4.960000e+03	4.178348e-08	5.898894e-08	0.000000e+00
4.960000e+03	5.000000e+03	3.791025e-08	1.661700e-09	1.115415e-08
5.000000e+03	5.040000e+03	2.719435e-08	1.454750e-09	1.566703e-08
5.040000e+03	5.080000e+03	2.925932e-08	4.753533e-08	0.000000e+00
5.080000e+03	5.120000e+03	2.686788e-08	3.344128e-08	1.358488e-08
5.120000e+03	5.160000e+03	2.377700e-08	0.000000e+00	2.180647e-09
5.160000e+03	5.200000e+03	2.526333e-08	1.172779e-08	1.581430e-08
5.200000e+03	5.240000e+03	3.838735e-08	2.682958e-08	0.000000e+00
5.240000e+03	5.280000e+03	1.895216e-08	2.216412e-09	0.000000e+00
5.280000e+03	5.320000e+03	3.181843e-08	2.102917e-08	0.000000e+00
5.320000e+03	5.360000e+03	1.900480e-08	5.570760e-09	0.000000e+00
5.360000e+03	5.400000e+03	1.115803e-08	7.667075e-09	0.000000e+00
5.400000e+03	5.440000e+03	1.175705e-08	0.000000e+00	7.672167e-09
5.440000e+03	5.480000e+03	1.055360e-08	9.350950e-10	6.952805e-09
5.480000e+03	5.520000e+03	1.221237e-08	8.109938e-09	0.000000e+00
5.520000e+03	5.560000e+03	7.998120e-09	0.000000e+00	3.173720e-09
5.560000e+03	5.600000e+03	6.180392e-09	0.000000e+00	5.288765e-09
5.600000e+03	5.640000e+03	7.459687e-09	2.391500e-11	3.767420e-09
5.640000e+03	5.680000e+03	8.024260e-09	2.134632e-08	0.000000e+00
5.680000e+03	5.720000e+03	5.954022e-09	0.000000e+00	1.169618e-09
5.720000e+03	5.760000e+03	6.775015e-09	2.128837e-09	7.831343e-09
5.760000e+03	5.800000e+03	6.232288e-09	3.941380e-09	0.000000e+00
5.800000e+03	5.840000e+03	4.347277e-09	1.159340e-09	7.146058e-09
5.840000e+03	5.880000e+03	1.070318e-08	1.159113e-08	0.000000e+00
5.880000e+03	5.920000e+03	3.934860e-09	2.192398e-09	9.820900e-10
5.920000e+03	5.960000e+03	2.003807e-09	0.000000e+00	2.536566e-09
5.960000e+03	6.000000e+03	8.174953e-10	0.000000e+00	3.275567e-09
# END HISTO1D


# BEGIN HISTO1D //homes/tinghua1/Merging-Project/Production/HJETS/ratio-plots/hjets-matched-errorband/H2Jets-NLOPS-combine.yoda/MC_H2JETS_07_INC/j1j3_mass
ErrorBandColor=violet
ErrorBandOpacity=0.3
ErrorBands=1
ErrorType=env
LineColor=violet
LineStyle=solid
Path=//homes/tinghua1/Merging-Project/Production/HJETS/ratio-plots/hjets-matched-errorband/H2Jets-NLOPS-combine.yoda/MC_H2JETS_07_INC/j1j3_mass
RatioPlotSameStyle=1
Title=h(2*) $\oplus$ PS
# xlow	 xhigh	 val	 errminus	 errplus
0.000000e+00	4.000000e+01	2.304924e-04	1.490250e-06	1.518153e-05
4.000000e+01	8.000000e+01	2.768477e-03	1.871300e-04	2.660075e-04
8.000000e+01	1.200000e+02	3.594850e-03	2.831650e-04	3.116925e-04
1.200000e+02	1.600000e+02	2.068258e-03	2.061920e-04	2.442127e-04
1.600000e+02	2.000000e+02	1.393491e-03	1.423802e-04	1.824298e-04
2.000000e+02	2.400000e+02	9.879707e-04	1.038285e-04	1.351095e-04
2.400000e+02	2.800000e+02	7.403875e-04	7.845900e-05	1.082707e-04
2.800000e+02	3.200000e+02	5.914687e-04	6.738650e-05	7.543775e-05
3.200000e+02	3.600000e+02	4.805332e-04	5.053150e-05	6.814400e-05
3.600000e+02	4.000000e+02	4.058440e-04	4.427200e-05	5.675625e-05
4.000000e+02	4.400000e+02	3.503608e-04	3.789250e-05	4.620225e-05
4.400000e+02	4.800000e+02	3.067075e-04	3.168225e-05	4.185625e-05
4.800000e+02	5.200000e+02	2.726288e-04	3.035222e-05	3.046425e-05
5.200000e+02	5.600000e+02	2.427007e-04	2.574802e-05	3.275500e-05
5.600000e+02	6.000000e+02	2.172580e-04	2.265927e-05	2.996843e-05
6.000000e+02	6.400000e+02	1.955531e-04	1.759983e-05	2.728360e-05
6.400000e+02	6.800000e+02	1.768211e-04	1.876988e-05	2.590615e-05
6.800000e+02	7.200000e+02	1.617912e-04	1.807165e-05	2.143550e-05
7.200000e+02	7.600000e+02	1.470879e-04	1.735658e-05	1.994123e-05
7.600000e+02	8.000000e+02	1.334241e-04	1.416490e-05	1.895817e-05
8.000000e+02	8.400000e+02	1.220669e-04	1.343985e-05	1.813528e-05
8.400000e+02	8.800000e+02	1.115444e-04	1.155452e-05	1.648335e-05
8.800000e+02	9.200000e+02	1.031877e-04	1.067350e-05	1.491592e-05
9.200000e+02	9.600000e+02	9.403128e-05	1.096330e-05	1.326960e-05
9.600000e+02	1.000000e+03	8.648180e-05	1.003873e-05	1.241297e-05
1.000000e+03	1.040000e+03	7.981510e-05	9.372650e-06	1.108160e-05
1.040000e+03	1.080000e+03	7.363297e-05	8.765500e-06	9.631625e-06
1.080000e+03	1.120000e+03	6.769338e-05	7.592225e-06	1.029597e-05
1.120000e+03	1.160000e+03	6.217695e-05	6.897500e-06	9.502450e-06
1.160000e+03	1.200000e+03	5.757252e-05	7.079700e-06	8.181375e-06
1.200000e+03	1.240000e+03	5.325310e-05	6.042050e-06	8.232750e-06
1.240000e+03	1.280000e+03	4.929920e-05	5.979775e-06	7.408800e-06
1.280000e+03	1.320000e+03	4.535080e-05	5.089075e-06	8.182825e-06
1.320000e+03	1.360000e+03	4.202058e-05	5.331475e-06	7.563375e-06
1.360000e+03	1.400000e+03	3.877740e-05	4.301375e-06	6.333800e-06
1.400000e+03	1.440000e+03	3.597658e-05	4.057525e-06	5.857775e-06
1.440000e+03	1.480000e+03	3.348988e-05	4.121225e-06	5.360875e-06
1.480000e+03	1.520000e+03	3.126198e-05	4.056975e-06	4.452025e-06
1.520000e+03	1.560000e+03	2.876060e-05	3.396825e-06	4.257775e-06
1.560000e+03	1.600000e+03	2.685922e-05	3.514855e-06	3.953250e-06
1.600000e+03	1.640000e+03	2.481175e-05	3.215933e-06	4.014822e-06
1.640000e+03	1.680000e+03	2.297505e-05	2.893952e-06	3.838623e-06
1.680000e+03	1.720000e+03	2.117881e-05	2.633990e-06	3.756418e-06
1.720000e+03	1.760000e+03	1.986905e-05	2.613530e-06	3.063475e-06
1.760000e+03	1.800000e+03	1.851723e-05	2.598320e-06	2.640287e-06
1.800000e+03	1.840000e+03	1.694019e-05	2.087110e-06	3.376770e-06
1.840000e+03	1.880000e+03	1.574665e-05	2.071425e-06	2.681237e-06
1.880000e+03	1.920000e+03	1.473381e-05	1.981090e-06	2.505610e-06
1.920000e+03	1.960000e+03	1.382418e-05	1.949137e-06	2.157278e-06
1.960000e+03	2.000000e+03	1.261795e-05	1.606285e-06	2.274657e-06
2.000000e+03	2.040000e+03	1.185324e-05	1.512332e-06	1.971015e-06
2.040000e+03	2.080000e+03	1.093530e-05	1.531740e-06	1.888665e-06
2.080000e+03	2.120000e+03	1.026713e-05	1.575143e-06	1.541595e-06
2.120000e+03	2.160000e+03	9.557137e-06	1.335857e-06	1.572318e-06
2.160000e+03	2.200000e+03	8.877867e-06	1.386982e-06	1.482348e-06
2.200000e+03	2.240000e+03	8.276180e-06	1.257860e-06	1.293577e-06
2.240000e+03	2.280000e+03	7.554322e-06	9.431525e-07	1.323450e-06
2.280000e+03	2.320000e+03	6.908620e-06	8.229575e-07	1.151775e-06
2.320000e+03	2.360000e+03	6.453145e-06	7.853950e-07	1.347070e-06
2.360000e+03	2.400000e+03	6.027293e-06	8.453675e-07	1.003785e-06
2.400000e+03	2.440000e+03	5.654775e-06	7.806850e-07	9.849925e-07
2.440000e+03	2.480000e+03	5.288988e-06	8.171750e-07	9.594625e-07
2.480000e+03	2.520000e+03	4.831262e-06	6.781725e-07	1.043220e-06
2.520000e+03	2.560000e+03	4.495085e-06	7.100900e-07	7.704050e-07
2.560000e+03	2.600000e+03	4.202748e-06	6.285450e-07	7.355300e-07
2.600000e+03	2.640000e+03	3.908947e-06	6.638925e-07	6.796150e-07
2.640000e+03	2.680000e+03	3.544680e-06	4.589875e-07	8.133225e-07
2.680000e+03	2.720000e+03	3.488940e-06	6.403950e-07	4.154475e-07
2.720000e+03	2.760000e+03	3.102282e-06	4.507200e-07	5.999025e-07
2.760000e+03	2.800000e+03	2.865618e-06	4.674145e-07	6.288475e-07
2.800000e+03	2.840000e+03	2.638195e-06	3.829792e-07	5.927900e-07
2.840000e+03	2.880000e+03	2.456977e-06	3.391305e-07	5.161760e-07
2.880000e+03	2.920000e+03	2.264975e-06	3.252755e-07	4.372877e-07
2.920000e+03	2.960000e+03	2.121127e-06	3.309730e-07	3.430097e-07
2.960000e+03	3.000000e+03	1.951912e-06	2.988387e-07	3.890180e-07
3.000000e+03	3.040000e+03	1.844350e-06	3.593828e-07	2.776175e-07
3.040000e+03	3.080000e+03	1.651269e-06	2.233335e-07	3.519492e-07
3.080000e+03	3.120000e+03	1.507698e-06	2.083158e-07	3.450305e-07
3.120000e+03	3.160000e+03	1.407758e-06	2.752480e-07	3.025150e-07
3.160000e+03	3.200000e+03	1.300256e-06	1.909187e-07	3.168160e-07
3.200000e+03	3.240000e+03	1.193796e-06	1.667068e-07	3.159190e-07
3.240000e+03	3.280000e+03	1.105371e-06	1.925060e-07	2.916507e-07
3.280000e+03	3.320000e+03	1.042190e-06	1.773507e-07	1.910208e-07
3.320000e+03	3.360000e+03	9.433045e-07	1.278375e-07	1.767557e-07
3.360000e+03	3.400000e+03	8.960127e-07	1.596757e-07	1.566297e-07
3.400000e+03	3.440000e+03	8.084757e-07	1.349727e-07	1.872645e-07
3.440000e+03	3.480000e+03	7.337995e-07	1.135535e-07	1.596900e-07
3.480000e+03	3.520000e+03	6.846360e-07	1.167565e-07	1.433013e-07
3.520000e+03	3.560000e+03	6.334013e-07	9.847750e-08	1.196810e-07
3.560000e+03	3.600000e+03	4.840813e-07	0.000000e+00	2.526093e-07
3.600000e+03	3.640000e+03	5.288563e-07	4.958200e-08	6.900375e-08
3.640000e+03	3.680000e+03	4.765910e-07	6.168050e-08	1.124385e-07
3.680000e+03	3.720000e+03	4.353623e-07	5.881325e-08	1.283887e-07
3.720000e+03	3.760000e+03	4.269283e-07	9.071675e-08	8.769875e-08
3.760000e+03	3.800000e+03	3.797900e-07	5.987250e-08	2.663000e-08
3.800000e+03	3.840000e+03	3.388100e-07	5.659850e-08	7.215125e-08
3.840000e+03	3.880000e+03	3.280668e-07	6.671600e-08	7.050700e-08
3.880000e+03	3.920000e+03	3.061757e-07	6.154082e-08	2.229775e-08
3.920000e+03	3.960000e+03	2.851023e-07	6.336905e-08	2.428500e-08
3.960000e+03	4.000000e+03	2.481263e-07	3.758153e-08	6.396647e-08
4.000000e+03	4.040000e+03	2.353800e-07	5.706965e-08	8.326028e-08
4.040000e+03	4.080000e+03	2.085909e-07	2.552482e-08	5.207412e-08
4.080000e+03	4.120000e+03	1.797442e-07	3.136615e-08	5.512095e-08
4.120000e+03	4.160000e+03	1.682394e-07	3.474980e-08	7.315543e-08
4.160000e+03	4.200000e+03	1.674125e-07	3.665578e-08	2.817415e-08
4.200000e+03	4.240000e+03	1.587105e-07	3.994482e-08	4.061588e-08
4.240000e+03	4.280000e+03	1.309063e-07	2.220925e-09	4.326865e-08
4.280000e+03	4.320000e+03	1.321877e-07	1.927725e-08	2.935883e-08
4.320000e+03	4.360000e+03	1.153230e-07	2.538670e-08	2.310033e-08
4.360000e+03	4.400000e+03	1.019941e-07	1.779935e-08	3.565943e-08
4.400000e+03	4.440000e+03	9.180403e-08	1.608390e-08	6.671650e-09
4.440000e+03	4.480000e+03	8.120525e-08	4.861450e-09	3.053720e-08
4.480000e+03	4.520000e+03	7.541225e-08	1.518237e-08	1.725803e-08
4.520000e+03	4.560000e+03	6.925245e-08	1.320942e-08	1.878148e-08
4.560000e+03	4.600000e+03	6.416943e-08	1.518830e-08	2.610597e-08
4.600000e+03	4.640000e+03	6.302210e-08	1.336497e-08	1.341865e-08
4.640000e+03	4.680000e+03	5.504838e-08	1.009325e-08	2.180190e-08
4.680000e+03	4.720000e+03	4.584805e-08	9.750825e-09	1.368735e-08
4.720000e+03	4.760000e+03	5.036138e-08	1.260580e-08	7.755225e-09
4.760000e+03	4.800000e+03	4.087707e-08	5.061475e-09	9.296525e-09
4.800000e+03	4.840000e+03	4.107848e-08	1.105035e-08	0.000000e+00
4.840000e+03	4.880000e+03	2.935330e-08	3.487050e-09	8.910575e-09
4.880000e+03	4.920000e+03	3.585168e-08	1.115700e-08	2.886825e-09
4.920000e+03	4.960000e+03	2.481570e-08	1.571102e-09	7.458380e-09
4.960000e+03	5.000000e+03	2.761870e-08	5.272798e-09	4.671150e-09
5.000000e+03	5.040000e+03	2.307660e-08	5.394847e-09	2.727172e-09
5.040000e+03	5.080000e+03	2.229349e-08	5.776422e-09	2.028422e-09
5.080000e+03	5.120000e+03	2.044992e-08	1.397950e-09	5.268960e-09
5.120000e+03	5.160000e+03	1.515861e-08	7.582400e-10	6.641072e-09
5.160000e+03	5.200000e+03	1.752361e-08	4.329615e-09	0.000000e+00
5.200000e+03	5.240000e+03	1.498854e-08	4.140940e-09	1.693635e-09
5.240000e+03	5.280000e+03	1.395321e-08	2.516612e-09	4.830037e-09
5.280000e+03	5.320000e+03	1.416837e-08	4.629140e-09	3.097185e-09
5.320000e+03	5.360000e+03	1.214623e-08	3.920080e-09	3.483180e-09
5.360000e+03	5.400000e+03	1.137882e-08	2.940295e-09	3.548755e-09
5.400000e+03	5.440000e+03	8.386655e-09	1.752850e-09	2.947005e-09
5.440000e+03	5.480000e+03	8.711973e-09	1.079217e-09	1.698155e-09
5.480000e+03	5.520000e+03	8.696633e-09	2.103830e-09	2.331527e-09
5.520000e+03	5.560000e+03	6.614400e-09	1.545900e-09	3.584480e-09
5.560000e+03	5.600000e+03	5.936837e-09	1.340457e-09	2.660620e-09
5.600000e+03	5.640000e+03	7.093852e-09	1.957000e-09	2.844900e-10
5.640000e+03	5.680000e+03	5.686278e-09	1.117278e-09	3.358198e-09
5.680000e+03	5.720000e+03	4.319685e-09	2.532575e-10	1.386925e-09
5.720000e+03	5.760000e+03	4.818795e-09	7.815675e-10	8.510775e-10
5.760000e+03	5.800000e+03	3.488682e-09	1.199100e-10	2.912272e-09
5.800000e+03	5.840000e+03	3.449778e-09	5.542875e-10	8.270300e-10
5.840000e+03	5.880000e+03	3.699765e-09	9.457950e-10	1.103480e-09
5.880000e+03	5.920000e+03	3.189525e-09	8.797788e-10	6.575475e-10
5.920000e+03	5.960000e+03	2.259880e-09	4.760483e-10	1.185486e-09
5.960000e+03	6.000000e+03	2.397539e-09	5.642418e-10	0.000000e+00
# END HISTO1D

