# BEGIN PLOT
Scale=1000.0
DrawOnly=//homes/tinghua1/Merging-Project/Production/HJETS/ratio-plots/hjets-matched-errorband/H-N2-N3-4-25gev-combine.yoda/MC_H2JETS_07_INC/j1j4_mass //homes/tinghua1/Merging-Project/Production/HJETS/ratio-plots/hjets-matched-errorband/H-N2-3-4-25gev-combine.yoda/MC_H2JETS_07_INC/j1j4_mass //homes/tinghua1/Merging-Project/Production/HJETS/ratio-plots/hjets-matched-errorband/H-2-3-4-25gev-combine.yoda/MC_H2JETS_07_INC/j1j4_mass //homes/tinghua1/Merging-Project/Production/HJETS/ratio-plots/hjets-matched-errorband/H-N2-3-25gev-combine.yoda/MC_H2JETS_07_INC/j1j4_mass //homes/tinghua1/Merging-Project/Production/HJETS/ratio-plots/hjets-matched-errorband/H-2-3-25gev-combine.yoda/MC_H2JETS_07_INC/j1j4_mass //homes/tinghua1/Merging-Project/Production/HJETS/ratio-plots/hjets-matched-errorband/H3Jets-NLOPS-combine.yoda/MC_H2JETS_07_INC/j1j4_mass //homes/tinghua1/Merging-Project/Production/HJETS/ratio-plots/hjets-matched-errorband/H2Jets-NLOPS-combine.yoda/MC_H2JETS_07_INC/j1j4_mass
RightMargin=0.5
RatioPlotReference=//homes/tinghua1/Merging-Project/Production/HJETS/ratio-plots/hjets-matched-errorband/H-N2-N3-4-25gev-combine.yoda/MC_H2JETS_07_INC/j1j4_mass
#RatioPlot=1
LogY=1
RatioPlotYMax=1.8
RatioPlotYLabel=Ratio
#LegendOnly=//homes/tinghua1/Merging-Project/Production/HJETS/ratio-plots/hjets-matched-errorband/H-N2-N3-4-25gev-combine.yoda/MC_H2JETS_07_INC/j1j4_mass //homes/tinghua1/Merging-Project/Production/HJETS/ratio-plots/hjets-matched-errorband/H-N2-3-4-25gev-combine.yoda/MC_H2JETS_07_INC/j1j4_mass //homes/tinghua1/Merging-Project/Production/HJETS/ratio-plots/hjets-matched-errorband/H-2-3-4-25gev-combine.yoda/MC_H2JETS_07_INC/j1j4_mass //homes/tinghua1/Merging-Project/Production/HJETS/ratio-plots/hjets-matched-errorband/H-N2-3-25gev-combine.yoda/MC_H2JETS_07_INC/j1j4_mass //homes/tinghua1/Merging-Project/Production/HJETS/ratio-plots/hjets-matched-errorband/H-2-3-25gev-combine.yoda/MC_H2JETS_07_INC/j1j4_mass //homes/tinghua1/Merging-Project/Production/HJETS/ratio-plots/hjets-matched-errorband/H3Jets-NLOPS-combine.yoda/MC_H2JETS_07_INC/j1j4_mass //homes/tinghua1/Merging-Project/Production/HJETS/ratio-plots/hjets-matched-errorband/H2Jets-NLOPS-combine.yoda/MC_H2JETS_07_INC/j1j4_mass
XLabel=$m_{j_1j_4}$ (GeV)
LegendAlign=r
XMax=1000.0
YLabel=$ \text{d} \sigma/ \text{d}  m_{j_1j_4}$ (fb/GeV)
Legend=0
RatioPlot=6
MainPlotSelection={"Selection":[1,2,3,4,5,6,7]}
RatioPlots={"RatioPlotYLabel":"","Selection":[1,2]};{"RatioPlotYLabel":"","Selection":[1,3]};{"RatioPlotYLabel":"","Selection":[1,4]};{"RatioPlotYLabel":"","Selection":[1,5]};{"RatioPlotYLabel":"","Selection":[1,6]};{"RatioPlotYLabel":"","Selection":[1,7]}
RatioPlotSameStyle=1
RatioPlotYMin=0.2
# END PLOT


# BEGIN SPECIAL /MC_H2JETS_07_INC/j1j4_mass
\rput[tl](0.05,0.75){\parbox{5cm}{\textcolor{gray}{{\bf Herwig 7.2.0} \\ HJETS/ColorFull}}}
# END SPECIAL

# BEGIN HISTO1D //homes/tinghua1/Merging-Project/Production/HJETS/ratio-plots/hjets-matched-errorband/H-N2-N3-4-25gev-combine.yoda/MC_H2JETS_07_INC/j1j4_mass
ErrorBandColor=orange
ErrorBandOpacity=0.3
ErrorBands=1
ErrorType=env
LineColor=orange
LineStyle=solid
Path=//homes/tinghua1/Merging-Project/Production/HJETS/ratio-plots/hjets-matched-errorband/H-N2-N3-4-25gev-combine.yoda/MC_H2JETS_07_INC/j1j4_mass
RatioPlotSameStyle=1
Title=h(2*,3*,4)
# xlow	 xhigh	 val	 errminus	 errplus
0.000000e+00	4.000000e+01	3.538648e-05	0.000000e+00	4.011950e-06
4.000000e+01	8.000000e+01	7.189230e-04	1.027153e-04	1.142235e-04
8.000000e+01	1.200000e+02	1.188864e-03	1.683532e-04	1.816113e-04
1.200000e+02	1.600000e+02	8.381118e-04	1.419805e-04	1.695427e-04
1.600000e+02	2.000000e+02	5.776278e-04	6.425900e-05	1.222062e-04
2.000000e+02	2.400000e+02	3.876090e-04	5.858950e-05	7.334950e-05
2.400000e+02	2.800000e+02	2.881538e-04	5.767428e-05	6.732325e-05
2.800000e+02	3.200000e+02	2.124733e-04	3.544642e-05	4.280248e-05
3.200000e+02	3.600000e+02	2.161782e-04	7.333093e-05	0.000000e+00
3.600000e+02	4.000000e+02	1.446273e-04	2.999255e-05	2.550138e-05
4.000000e+02	4.400000e+02	1.117294e-04	1.769875e-05	3.779792e-05
4.400000e+02	4.800000e+02	9.445770e-05	1.518475e-05	1.033923e-05
4.800000e+02	5.200000e+02	8.165715e-05	1.319900e-05	1.644640e-05
5.200000e+02	5.600000e+02	6.639495e-05	8.497600e-06	1.456778e-05
5.600000e+02	6.000000e+02	5.983243e-05	1.041820e-05	1.224663e-05
6.000000e+02	6.400000e+02	5.081900e-05	2.609700e-06	1.468587e-05
6.400000e+02	6.800000e+02	4.609205e-05	1.229470e-05	6.990475e-06
6.800000e+02	7.200000e+02	3.888023e-05	6.588175e-06	6.374025e-06
7.200000e+02	7.600000e+02	4.038895e-05	1.088267e-05	8.065250e-07
7.600000e+02	8.000000e+02	3.294930e-05	4.355825e-06	4.941475e-06
8.000000e+02	8.400000e+02	3.244800e-05	6.941375e-06	2.218450e-06
8.400000e+02	8.800000e+02	2.752075e-05	5.280507e-06	2.105375e-06
8.800000e+02	9.200000e+02	2.210039e-05	3.996638e-06	8.167035e-06
9.200000e+02	9.600000e+02	2.337105e-05	8.638328e-06	5.278755e-06
9.600000e+02	1.000000e+03	2.004708e-05	2.621562e-06	1.836295e-06
1.000000e+03	1.040000e+03	1.783598e-05	4.807285e-06	1.484460e-06
1.040000e+03	1.080000e+03	1.545345e-05	2.198672e-06	5.034855e-06
1.080000e+03	1.120000e+03	1.200187e-05	4.458600e-07	5.608982e-06
1.120000e+03	1.160000e+03	1.300058e-05	3.287510e-06	4.163310e-06
1.160000e+03	1.200000e+03	1.128125e-05	1.415385e-06	3.670540e-06
1.200000e+03	1.240000e+03	1.030377e-05	1.340737e-06	2.920405e-06
1.240000e+03	1.280000e+03	9.581550e-06	1.199778e-06	2.323760e-06
1.280000e+03	1.320000e+03	8.964470e-06	1.696770e-06	4.243708e-06
1.320000e+03	1.360000e+03	8.352517e-06	1.134370e-06	2.383165e-06
1.360000e+03	1.400000e+03	7.142330e-06	1.637700e-06	1.862277e-06
1.400000e+03	1.440000e+03	6.841998e-06	1.989195e-06	2.900697e-06
1.440000e+03	1.480000e+03	6.416652e-06	1.395425e-06	1.946550e-06
1.480000e+03	1.520000e+03	6.342932e-06	1.047127e-06	0.000000e+00
1.520000e+03	1.560000e+03	4.695095e-06	3.908500e-08	3.354263e-06
1.560000e+03	1.600000e+03	5.478055e-06	1.309270e-06	2.047525e-07
1.600000e+03	1.640000e+03	4.410895e-06	8.323125e-07	1.579132e-06
1.640000e+03	1.680000e+03	4.129830e-06	9.302325e-07	7.014700e-07
1.680000e+03	1.720000e+03	4.155975e-06	8.705850e-07	3.659400e-07
1.720000e+03	1.760000e+03	3.551922e-06	4.644300e-07	6.428825e-07
1.760000e+03	1.800000e+03	2.738275e-06	6.532342e-07	1.760650e-06
1.800000e+03	1.840000e+03	3.089137e-06	7.433393e-07	1.009892e-06
1.840000e+03	1.880000e+03	3.010400e-06	2.741875e-07	3.368625e-07
1.880000e+03	1.920000e+03	2.999532e-06	1.192100e-06	6.286850e-07
1.920000e+03	1.960000e+03	2.830542e-06	8.863125e-07	0.000000e+00
1.960000e+03	2.000000e+03	1.848102e-06	1.343423e-07	2.584805e-06
2.000000e+03	2.040000e+03	2.144680e-06	2.870325e-07	2.269327e-07
2.040000e+03	2.080000e+03	1.572608e-06	0.000000e+00	8.865068e-07
2.080000e+03	2.120000e+03	1.913153e-06	2.978705e-07	0.000000e+00
2.120000e+03	2.160000e+03	1.779031e-06	2.606267e-07	8.895262e-07
2.160000e+03	2.200000e+03	1.693939e-06	5.195865e-07	0.000000e+00
2.200000e+03	2.240000e+03	5.699287e-07	0.000000e+00	1.188158e-06
2.240000e+03	2.280000e+03	1.308814e-06	3.290553e-07	2.474032e-07
2.280000e+03	2.320000e+03	1.098487e-06	2.983545e-07	0.000000e+00
2.320000e+03	2.360000e+03	1.223709e-06	5.079457e-07	7.121750e-08
2.360000e+03	2.400000e+03	8.535980e-07	8.425875e-08	3.617268e-07
2.400000e+03	2.440000e+03	8.806075e-07	8.612900e-08	5.905183e-07
2.440000e+03	2.480000e+03	8.189435e-07	2.081610e-07	3.354965e-07
2.480000e+03	2.520000e+03	6.693082e-07	0.000000e+00	1.291252e-06
2.520000e+03	2.560000e+03	7.409223e-07	8.710175e-08	4.399680e-07
2.560000e+03	2.600000e+03	3.037435e-07	0.000000e+00	5.310398e-07
2.600000e+03	2.640000e+03	5.566587e-07	0.000000e+00	5.831331e-06
2.640000e+03	2.680000e+03	6.323038e-07	1.748945e-07	1.000750e-08
2.680000e+03	2.720000e+03	5.928987e-07	2.391902e-07	4.892975e-08
2.720000e+03	2.760000e+03	4.784005e-07	0.000000e+00	1.605055e-07
2.760000e+03	2.800000e+03	3.725235e-07	0.000000e+00	2.283777e-07
2.800000e+03	2.840000e+03	4.194753e-07	0.000000e+00	1.642880e-07
2.840000e+03	2.880000e+03	5.465438e-07	1.728805e-07	0.000000e+00
2.880000e+03	2.920000e+03	4.144427e-07	2.093677e-07	0.000000e+00
2.920000e+03	2.960000e+03	2.247002e-07	0.000000e+00	1.743296e-07
2.960000e+03	3.000000e+03	3.215078e-07	9.273840e-08	0.000000e+00
3.000000e+03	3.040000e+03	2.063662e-07	1.008658e-08	4.010590e-08
3.040000e+03	3.080000e+03	2.612415e-07	5.780053e-08	5.144250e-09
3.080000e+03	3.120000e+03	2.671600e-07	1.483780e-07	4.532275e-08
3.120000e+03	3.160000e+03	2.295845e-07	7.770365e-08	2.698452e-08
3.160000e+03	3.200000e+03	2.383515e-07	1.263104e-07	6.005777e-08
3.200000e+03	3.240000e+03	1.116404e-07	1.447000e-10	1.682466e-07
3.240000e+03	3.280000e+03	1.880066e-07	9.481180e-08	0.000000e+00
3.280000e+03	3.320000e+03	1.446791e-07	0.000000e+00	6.387313e-08
3.320000e+03	3.360000e+03	8.907575e-08	0.000000e+00	1.141353e-07
3.360000e+03	3.400000e+03	1.515249e-07	4.775827e-08	1.042226e-07
3.400000e+03	3.440000e+03	9.815608e-08	0.000000e+00	2.612580e-08
3.440000e+03	3.480000e+03	1.298162e-07	4.437205e-08	8.011468e-08
3.480000e+03	3.520000e+03	4.809845e-08	0.000000e+00	1.088461e-07
3.520000e+03	3.560000e+03	9.790328e-08	5.280200e-09	2.852850e-07
3.560000e+03	3.600000e+03	9.599095e-08	2.685715e-08	6.257155e-08
3.600000e+03	3.640000e+03	7.510810e-08	2.029718e-08	6.288900e-08
3.640000e+03	3.680000e+03	1.840923e-07	1.050209e-07	0.000000e+00
3.680000e+03	3.720000e+03	4.162925e-08	2.884131e-08	5.818867e-08
3.720000e+03	3.760000e+03	7.132275e-08	6.385723e-08	0.000000e+00
3.760000e+03	3.800000e+03	1.397999e-07	1.052349e-07	0.000000e+00
3.800000e+03	3.840000e+03	3.819218e-08	0.000000e+00	3.154805e-08
3.840000e+03	3.880000e+03	6.241780e-08	1.827035e-08	2.097075e-09
3.880000e+03	3.920000e+03	2.719382e-08	5.114740e-09	6.925900e-09
3.920000e+03	3.960000e+03	5.253275e-09	0.000000e+00	1.104929e-07
3.960000e+03	4.000000e+03	3.334158e-08	5.285025e-09	1.655562e-08
4.000000e+03	4.040000e+03	3.125507e-08	1.753986e-07	0.000000e+00
4.040000e+03	4.080000e+03	2.303903e-08	1.895009e-08	4.039967e-09
4.080000e+03	4.120000e+03	1.754684e-08	2.872895e-09	1.369624e-08
4.120000e+03	4.160000e+03	2.386077e-08	5.153995e-09	5.413458e-09
4.160000e+03	4.200000e+03	8.444502e-09	0.000000e+00	3.611857e-08
4.200000e+03	4.240000e+03	1.507327e-08	9.243778e-09	2.916527e-09
4.240000e+03	4.280000e+03	2.640800e-08	1.900740e-08	0.000000e+00
4.280000e+03	4.320000e+03	1.510260e-08	2.084090e-08	1.649842e-09
4.320000e+03	4.360000e+03	3.226900e-11	0.000000e+00	1.499630e-08
4.360000e+03	4.400000e+03	1.131754e-08	3.306420e-09	1.442751e-08
4.400000e+03	4.440000e+03	1.338591e-08	1.887365e-09	0.000000e+00
4.440000e+03	4.480000e+03	1.168277e-08	5.560612e-09	1.413565e-08
4.480000e+03	4.520000e+03	6.734750e-09	1.136340e-09	6.837347e-09
4.520000e+03	4.560000e+03	7.073267e-09	3.611860e-09	1.382705e-08
4.560000e+03	4.600000e+03	7.474035e-09	4.523223e-09	6.073310e-09
4.600000e+03	4.640000e+03	3.689083e-09	1.112335e-09	2.417075e-09
4.640000e+03	4.680000e+03	3.836348e-09	4.054850e-10	7.069475e-09
4.680000e+03	4.720000e+03	1.080890e-08	5.149005e-09	3.909025e-08
4.720000e+03	4.760000e+03	4.939120e-09	6.135395e-09	7.545490e-09
4.760000e+03	4.800000e+03	1.217614e-10	0.000000e+00	8.427166e-09
4.800000e+03	4.840000e+03	3.187855e-09	0.000000e+00	6.423015e-09
4.840000e+03	4.880000e+03	3.093950e-09	1.552671e-09	2.179898e-09
4.880000e+03	4.920000e+03	1.529234e-09	0.000000e+00	2.131124e-09
4.920000e+03	4.960000e+03	-2.718580e-09	0.000000e+00	4.659391e-09
4.960000e+03	5.000000e+03	4.410032e-10	0.000000e+00	5.783572e-09
5.000000e+03	5.040000e+03	2.289139e-09	2.037900e-11	1.288605e-10
5.040000e+03	5.080000e+03	3.625353e-09	2.861460e-09	0.000000e+00
5.080000e+03	5.120000e+03	1.507920e-09	2.663911e-09	2.315832e-09
5.120000e+03	5.160000e+03	1.797388e-09	0.000000e+00	6.107609e-09
5.160000e+03	5.200000e+03	9.371372e-10	0.000000e+00	1.537000e-09
5.200000e+03	5.240000e+03	2.408258e-09	1.290814e-09	0.000000e+00
5.240000e+03	5.280000e+03	2.371616e-09	2.538357e-09	0.000000e+00
5.280000e+03	5.320000e+03	2.236520e-09	2.164206e-09	0.000000e+00
5.320000e+03	5.360000e+03	8.797100e-10	0.000000e+00	1.630265e-09
5.360000e+03	5.400000e+03	5.490422e-10	6.354625e-11	8.682665e-10
5.400000e+03	5.440000e+03	1.247952e-09	1.247235e-09	0.000000e+00
5.440000e+03	5.480000e+03	4.073595e-09	4.114678e-09	0.000000e+00
5.480000e+03	5.520000e+03	3.895932e-10	2.829675e-11	3.813828e-10
5.520000e+03	5.560000e+03	4.000275e-10	2.411336e-10	1.832389e-09
5.560000e+03	5.600000e+03	3.450868e-09	2.999358e-09	0.000000e+00
5.600000e+03	5.640000e+03	-2.522245e-10	0.000000e+00	5.523178e-10
5.640000e+03	5.680000e+03	8.450567e-10	5.632482e-10	8.760040e-10
5.680000e+03	5.720000e+03	1.230077e-10	6.227908e-11	6.594367e-09
5.720000e+03	5.760000e+03	-5.225583e-12	0.000000e+00	6.202691e-10
5.760000e+03	5.800000e+03	6.341987e-10	5.150735e-10	4.726600e-11
5.800000e+03	5.840000e+03	3.260280e-10	2.742877e-10	1.947422e-09
5.840000e+03	5.880000e+03	3.390247e-10	2.053528e-10	0.000000e+00
5.880000e+03	5.920000e+03	6.842955e-10	6.463726e-10	0.000000e+00
5.920000e+03	5.960000e+03	6.221090e-10	5.636200e-10	0.000000e+00
5.960000e+03	6.000000e+03	2.619670e-10	1.786499e-10	1.335250e-12
# END HISTO1D


# BEGIN HISTO1D //homes/tinghua1/Merging-Project/Production/HJETS/ratio-plots/hjets-matched-errorband/H-N2-3-4-25gev-combine.yoda/MC_H2JETS_07_INC/j1j4_mass
ErrorBandColor=blue
ErrorBandOpacity=0.3
ErrorBands=1
ErrorType=env
LineColor=blue
LineStyle=solid
Path=//homes/tinghua1/Merging-Project/Production/HJETS/ratio-plots/hjets-matched-errorband/H-N2-3-4-25gev-combine.yoda/MC_H2JETS_07_INC/j1j4_mass
RatioPlotSameStyle=1
Title=h(2*,3,4)
# xlow	 xhigh	 val	 errminus	 errplus
0.000000e+00	4.000000e+01	3.547605e-05	0.000000e+00	3.472775e-06
4.000000e+01	8.000000e+01	6.674722e-04	1.053405e-04	1.787030e-04
8.000000e+01	1.200000e+02	1.145533e-03	1.972000e-04	2.730530e-04
1.200000e+02	1.600000e+02	7.997840e-04	1.480133e-04	2.061080e-04
1.600000e+02	2.000000e+02	5.451680e-04	1.032645e-04	1.398182e-04
2.000000e+02	2.400000e+02	3.859913e-04	8.134375e-05	9.928300e-05
2.400000e+02	2.800000e+02	2.828192e-04	5.544685e-05	7.025500e-05
2.800000e+02	3.200000e+02	2.103391e-04	4.564340e-05	5.953187e-05
3.200000e+02	3.600000e+02	1.658858e-04	3.464202e-05	4.320712e-05
3.600000e+02	4.000000e+02	1.417995e-04	3.687970e-05	3.112655e-05
4.000000e+02	4.400000e+02	1.097343e-04	2.090015e-05	3.621752e-05
4.400000e+02	4.800000e+02	9.348280e-05	2.184300e-05	2.048845e-05
4.800000e+02	5.200000e+02	7.725967e-05	1.460912e-05	2.544855e-05
5.200000e+02	5.600000e+02	6.917690e-05	1.550282e-05	1.838222e-05
5.600000e+02	6.000000e+02	6.033912e-05	1.511365e-05	1.724278e-05
6.000000e+02	6.400000e+02	5.138042e-05	1.021857e-05	1.599888e-05
6.400000e+02	6.800000e+02	4.421885e-05	9.532100e-06	1.431437e-05
6.800000e+02	7.200000e+02	4.111520e-05	9.819800e-06	1.204130e-05
7.200000e+02	7.600000e+02	3.636415e-05	9.127750e-06	1.033120e-05
7.600000e+02	8.000000e+02	3.183392e-05	6.846600e-06	9.273550e-06
8.000000e+02	8.400000e+02	2.899813e-05	7.784868e-06	9.751775e-06
8.400000e+02	8.800000e+02	2.585135e-05	6.199252e-06	8.231125e-06
8.800000e+02	9.200000e+02	2.250473e-05	4.991327e-06	7.796147e-06
9.200000e+02	9.600000e+02	2.053547e-05	4.385745e-06	6.497153e-06
9.600000e+02	1.000000e+03	1.919364e-05	4.905960e-06	5.347443e-06
1.000000e+03	1.040000e+03	1.688229e-05	4.383762e-06	7.366363e-06
1.040000e+03	1.080000e+03	1.466136e-05	2.632872e-06	5.981865e-06
1.080000e+03	1.120000e+03	1.460033e-05	3.548450e-06	2.936833e-06
1.120000e+03	1.160000e+03	1.300280e-05	3.207892e-06	4.429795e-06
1.160000e+03	1.200000e+03	1.303798e-05	4.106467e-06	2.222978e-06
1.200000e+03	1.240000e+03	1.054051e-05	2.432138e-06	3.885055e-06
1.240000e+03	1.280000e+03	9.129265e-06	1.400800e-06	4.279220e-06
1.280000e+03	1.320000e+03	8.853028e-06	1.875642e-06	3.734145e-06
1.320000e+03	1.360000e+03	8.488012e-06	2.617862e-06	2.767453e-06
1.360000e+03	1.400000e+03	7.714570e-06	2.016755e-06	1.478522e-06
1.400000e+03	1.440000e+03	6.945765e-06	1.703205e-06	2.403860e-06
1.440000e+03	1.480000e+03	5.943585e-06	1.206347e-06	2.958878e-06
1.480000e+03	1.520000e+03	5.671140e-06	1.356568e-06	1.777235e-06
1.520000e+03	1.560000e+03	5.215340e-06	1.286770e-06	2.728395e-06
1.560000e+03	1.600000e+03	5.640095e-06	1.834440e-06	1.452843e-06
1.600000e+03	1.640000e+03	4.230198e-06	0.000000e+00	2.042850e-06
1.640000e+03	1.680000e+03	4.133987e-06	7.354800e-07	2.459823e-06
1.680000e+03	1.720000e+03	3.727905e-06	9.476775e-07	1.641743e-06
1.720000e+03	1.760000e+03	3.468780e-06	1.028448e-06	1.368525e-06
1.760000e+03	1.800000e+03	3.056695e-06	6.143592e-07	1.924875e-06
1.800000e+03	1.840000e+03	3.070660e-06	8.533368e-07	2.110475e-07
1.840000e+03	1.880000e+03	2.760897e-06	7.749470e-07	1.274085e-06
1.880000e+03	1.920000e+03	3.074400e-06	1.068411e-06	2.298275e-07
1.920000e+03	1.960000e+03	2.128787e-06	2.293898e-07	1.065341e-06
1.960000e+03	2.000000e+03	2.226136e-06	6.372823e-07	5.474345e-07
2.000000e+03	2.040000e+03	1.966288e-06	5.869000e-07	8.435150e-07
2.040000e+03	2.080000e+03	1.854882e-06	5.749400e-07	7.263407e-07
2.080000e+03	2.120000e+03	1.674906e-06	3.293045e-07	6.329080e-07
2.120000e+03	2.160000e+03	1.779252e-06	7.900965e-07	4.287035e-07
2.160000e+03	2.200000e+03	1.409437e-06	3.441692e-07	6.689168e-07
2.200000e+03	2.240000e+03	1.376280e-06	4.518262e-07	4.028157e-07
2.240000e+03	2.280000e+03	1.446160e-06	0.000000e+00	7.762055e-07
2.280000e+03	2.320000e+03	1.106835e-06	1.417047e-07	3.321297e-07
2.320000e+03	2.360000e+03	1.124786e-06	2.239100e-07	3.852675e-07
2.360000e+03	2.400000e+03	9.082268e-07	9.795575e-08	5.000040e-07
2.400000e+03	2.440000e+03	8.972650e-07	2.875857e-07	2.269490e-07
2.440000e+03	2.480000e+03	8.753698e-07	4.631480e-07	2.672645e-07
2.480000e+03	2.520000e+03	7.518520e-07	1.780425e-07	3.659305e-07
2.520000e+03	2.560000e+03	6.249575e-07	1.694543e-07	7.834053e-07
2.560000e+03	2.600000e+03	6.002800e-07	1.004983e-07	3.406215e-07
2.600000e+03	2.640000e+03	6.965200e-07	2.728980e-07	3.890077e-07
2.640000e+03	2.680000e+03	5.488733e-07	9.343325e-08	1.717705e-07
2.680000e+03	2.720000e+03	6.018737e-07	1.579055e-07	1.578390e-07
2.720000e+03	2.760000e+03	5.045300e-07	1.670825e-07	1.297560e-07
2.760000e+03	2.800000e+03	5.789233e-07	4.224950e-08	1.044785e-07
2.800000e+03	2.840000e+03	4.070067e-07	5.944250e-08	1.410510e-07
2.840000e+03	2.880000e+03	4.710097e-07	1.704237e-07	1.059800e-08
2.880000e+03	2.920000e+03	3.501565e-07	8.833450e-08	1.549045e-07
2.920000e+03	2.960000e+03	3.020135e-07	3.292025e-08	2.397693e-07
2.960000e+03	3.000000e+03	2.624235e-07	0.000000e+00	1.527795e-07
3.000000e+03	3.040000e+03	3.194157e-07	1.403077e-07	4.659400e-08
3.040000e+03	3.080000e+03	2.556957e-07	6.651025e-08	5.922550e-08
3.080000e+03	3.120000e+03	2.480310e-07	8.423195e-08	6.753327e-08
3.120000e+03	3.160000e+03	1.997253e-07	7.990575e-08	5.732125e-08
3.160000e+03	3.200000e+03	1.803992e-07	4.304133e-08	7.903878e-08
3.200000e+03	3.240000e+03	1.466715e-07	1.145025e-08	6.019320e-08
3.240000e+03	3.280000e+03	1.494088e-07	0.000000e+00	2.099969e-07
3.280000e+03	3.320000e+03	1.381767e-07	5.675688e-08	6.038817e-08
3.320000e+03	3.360000e+03	1.889054e-07	9.669243e-08	3.654152e-08
3.360000e+03	3.400000e+03	1.287297e-07	3.820967e-08	4.593690e-08
3.400000e+03	3.440000e+03	7.897700e-08	0.000000e+00	2.940985e-08
3.440000e+03	3.480000e+03	1.026401e-07	3.596982e-08	4.626060e-08
3.480000e+03	3.520000e+03	1.034841e-07	2.723302e-08	3.984720e-08
3.520000e+03	3.560000e+03	7.052430e-08	1.309427e-08	1.204258e-07
3.560000e+03	3.600000e+03	4.593348e-08	0.000000e+00	6.669465e-08
3.600000e+03	3.640000e+03	7.447858e-08	2.457540e-08	3.604100e-08
3.640000e+03	3.680000e+03	1.095249e-07	5.027290e-08	0.000000e+00
3.680000e+03	3.720000e+03	7.343803e-08	3.906308e-08	5.219320e-08
3.720000e+03	3.760000e+03	4.826130e-08	1.118275e-08	2.790408e-08
3.760000e+03	3.800000e+03	4.888133e-08	1.748965e-08	3.705760e-08
3.800000e+03	3.840000e+03	3.853473e-08	1.308220e-08	2.360595e-08
3.840000e+03	3.880000e+03	5.004207e-08	2.506774e-08	2.296525e-08
3.880000e+03	3.920000e+03	2.568458e-08	0.000000e+00	4.269715e-08
3.920000e+03	3.960000e+03	6.311795e-08	3.564687e-08	0.000000e+00
3.960000e+03	4.000000e+03	1.081720e-07	9.255880e-08	0.000000e+00
4.000000e+03	4.040000e+03	3.662120e-08	1.758847e-08	2.752525e-09
4.040000e+03	4.080000e+03	1.453034e-08	0.000000e+00	2.749159e-08
4.080000e+03	4.120000e+03	2.743263e-08	8.631280e-09	3.525990e-08
4.120000e+03	4.160000e+03	3.077570e-08	3.815775e-09	5.262900e-09
4.160000e+03	4.200000e+03	2.823735e-08	1.606968e-08	0.000000e+00
4.200000e+03	4.240000e+03	1.373254e-08	6.866653e-09	3.756604e-08
4.240000e+03	4.280000e+03	1.914377e-08	1.103954e-08	3.836010e-09
4.280000e+03	4.320000e+03	9.603435e-09	0.000000e+00	8.779147e-08
4.320000e+03	4.360000e+03	1.480196e-08	7.094452e-09	4.021633e-09
4.360000e+03	4.400000e+03	8.266627e-09	1.856315e-09	3.819430e-09
4.400000e+03	4.440000e+03	9.738207e-09	0.000000e+00	2.881997e-08
4.440000e+03	4.480000e+03	9.131665e-09	4.684347e-09	7.389615e-09
4.480000e+03	4.520000e+03	5.548375e-09	0.000000e+00	1.076910e-08
4.520000e+03	4.560000e+03	1.276073e-08	1.395229e-08	0.000000e+00
4.560000e+03	4.600000e+03	9.696530e-09	4.986902e-09	0.000000e+00
4.600000e+03	4.640000e+03	1.739948e-08	1.309880e-08	0.000000e+00
4.640000e+03	4.680000e+03	2.066783e-08	1.607342e-08	0.000000e+00
4.680000e+03	4.720000e+03	3.016805e-09	0.000000e+00	4.402535e-09
4.720000e+03	4.760000e+03	7.021515e-09	3.695640e-09	2.579830e-09
4.760000e+03	4.800000e+03	6.636820e-09	4.925115e-09	0.000000e+00
4.800000e+03	4.840000e+03	5.733157e-09	9.951045e-09	0.000000e+00
4.840000e+03	4.880000e+03	2.620605e-09	0.000000e+00	1.799681e-08
4.880000e+03	4.920000e+03	3.743030e-09	2.269920e-09	8.315650e-10
4.920000e+03	4.960000e+03	8.454790e-09	4.640360e-09	0.000000e+00
4.960000e+03	5.000000e+03	3.103310e-09	1.301355e-09	3.045042e-09
5.000000e+03	5.040000e+03	1.859649e-08	1.708483e-08	0.000000e+00
5.040000e+03	5.080000e+03	5.817560e-10	0.000000e+00	1.984152e-09
5.080000e+03	5.120000e+03	1.440843e-09	0.000000e+00	4.898487e-09
5.120000e+03	5.160000e+03	2.391722e-09	1.744778e-09	0.000000e+00
5.160000e+03	5.200000e+03	6.566400e-10	2.968595e-10	1.212750e-09
5.200000e+03	5.240000e+03	1.639909e-09	1.273252e-09	2.906451e-09
5.240000e+03	5.280000e+03	1.189885e-09	0.000000e+00	3.701169e-09
5.280000e+03	5.320000e+03	5.739873e-10	0.000000e+00	1.137296e-09
5.320000e+03	5.360000e+03	6.970005e-10	5.019627e-10	8.868308e-10
5.360000e+03	5.400000e+03	5.429343e-10	3.621501e-10	4.385930e-10
5.400000e+03	5.440000e+03	8.203592e-10	0.000000e+00	7.531088e-10
5.440000e+03	5.480000e+03	1.321577e-09	5.843900e-10	4.810625e-11
5.480000e+03	5.520000e+03	4.862917e-10	2.693352e-10	0.000000e+00
5.520000e+03	5.560000e+03	4.264445e-10	1.082422e-10	2.981645e-10
5.560000e+03	5.600000e+03	2.492641e-10	2.161887e-11	1.572896e-09
5.600000e+03	5.640000e+03	3.604403e-10	3.066971e-10	1.101490e-10
5.640000e+03	5.680000e+03	1.325771e-10	0.000000e+00	5.227913e-09
5.680000e+03	5.720000e+03	4.792900e-10	2.862324e-10	0.000000e+00
5.720000e+03	5.760000e+03	1.009014e-10	0.000000e+00	1.684700e-09
5.760000e+03	5.800000e+03	1.819849e-10	0.000000e+00	2.760958e-09
5.800000e+03	5.840000e+03	6.572943e-10	3.613668e-10	4.489350e-11
5.840000e+03	5.880000e+03	5.844080e-10	4.785680e-10	0.000000e+00
5.880000e+03	5.920000e+03	6.958727e-10	6.948993e-10	0.000000e+00
5.920000e+03	5.960000e+03	4.719450e-10	4.028925e-10	0.000000e+00
5.960000e+03	6.000000e+03	1.097717e-10	7.373750e-11	3.733620e-10
# END HISTO1D


# BEGIN HISTO1D //homes/tinghua1/Merging-Project/Production/HJETS/ratio-plots/hjets-matched-errorband/H-2-3-4-25gev-combine.yoda/MC_H2JETS_07_INC/j1j4_mass
ErrorBandColor=yellow
ErrorBandOpacity=0.3
ErrorBands=1
ErrorType=env
LineColor=yellow
LineStyle=solid
Path=//homes/tinghua1/Merging-Project/Production/HJETS/ratio-plots/hjets-matched-errorband/H-2-3-4-25gev-combine.yoda/MC_H2JETS_07_INC/j1j4_mass
RatioPlotSameStyle=1
Title=h(2,3,4)
# xlow	 xhigh	 val	 errminus	 errplus
0.000000e+00	4.000000e+01	3.409388e-05	0.000000e+00	8.922250e-07
4.000000e+01	8.000000e+01	6.066880e-04	8.926675e-05	1.228302e-04
8.000000e+01	1.200000e+02	1.026986e-03	1.752585e-04	2.110508e-04
1.200000e+02	1.600000e+02	7.106828e-04	1.237398e-04	1.618205e-04
1.600000e+02	2.000000e+02	4.753655e-04	8.268975e-05	1.128375e-04
2.000000e+02	2.400000e+02	3.345205e-04	6.327250e-05	7.835000e-05
2.400000e+02	2.800000e+02	2.439979e-04	4.793707e-05	6.497937e-05
2.800000e+02	3.200000e+02	1.851268e-04	3.414385e-05	5.221363e-05
3.200000e+02	3.600000e+02	1.473743e-04	2.876060e-05	3.826963e-05
3.600000e+02	4.000000e+02	1.198165e-04	2.206283e-05	3.248305e-05
4.000000e+02	4.400000e+02	9.980680e-05	1.889493e-05	2.891243e-05
4.400000e+02	4.800000e+02	8.572235e-05	1.830225e-05	2.088610e-05
4.800000e+02	5.200000e+02	7.273332e-05	1.534725e-05	2.206308e-05
5.200000e+02	5.600000e+02	6.268665e-05	1.389717e-05	1.850640e-05
5.600000e+02	6.000000e+02	5.413735e-05	1.068138e-05	1.782895e-05
6.000000e+02	6.400000e+02	4.808058e-05	1.106618e-05	1.551840e-05
6.400000e+02	6.800000e+02	4.189187e-05	8.245975e-06	1.367180e-05
6.800000e+02	7.200000e+02	3.810410e-05	8.549825e-06	1.225547e-05
7.200000e+02	7.600000e+02	3.403447e-05	7.587550e-06	1.043255e-05
7.600000e+02	8.000000e+02	3.081840e-05	7.773180e-06	8.644950e-06
8.000000e+02	8.400000e+02	2.705330e-05	5.655938e-06	8.725250e-06
8.400000e+02	8.800000e+02	2.426389e-05	5.631810e-06	8.592230e-06
8.800000e+02	9.200000e+02	2.189199e-05	4.851118e-06	8.041787e-06
9.200000e+02	9.600000e+02	2.014809e-05	4.574870e-06	8.443660e-06
9.600000e+02	1.000000e+03	1.856731e-05	4.937245e-06	6.153830e-06
1.000000e+03	1.040000e+03	1.655191e-05	3.107943e-06	6.022635e-06
1.040000e+03	1.080000e+03	1.534985e-05	3.642980e-06	4.473075e-06
1.080000e+03	1.120000e+03	1.372561e-05	3.859175e-06	4.358252e-06
1.120000e+03	1.160000e+03	1.201619e-05	2.087890e-06	4.846077e-06
1.160000e+03	1.200000e+03	1.124261e-05	2.627855e-06	4.315735e-06
1.200000e+03	1.240000e+03	1.101335e-05	3.256753e-06	2.945105e-06
1.240000e+03	1.280000e+03	1.064057e-05	1.428255e-06	2.754345e-06
1.280000e+03	1.320000e+03	8.477313e-06	2.053785e-06	3.784138e-06
1.320000e+03	1.360000e+03	7.996655e-06	2.315122e-06	3.676318e-06
1.360000e+03	1.400000e+03	7.645957e-06	2.334032e-06	2.275185e-06
1.400000e+03	1.440000e+03	6.645370e-06	1.572513e-06	2.687600e-06
1.440000e+03	1.480000e+03	6.184040e-06	1.527710e-06	2.862702e-06
1.480000e+03	1.520000e+03	5.768947e-06	4.689750e-07	2.296818e-06
1.520000e+03	1.560000e+03	5.229015e-06	1.395367e-06	1.717573e-06
1.560000e+03	1.600000e+03	4.865223e-06	1.188125e-06	1.497975e-06
1.600000e+03	1.640000e+03	4.298340e-06	9.239100e-07	2.076350e-06
1.640000e+03	1.680000e+03	3.860440e-06	8.649100e-07	1.783280e-06
1.680000e+03	1.720000e+03	3.798515e-06	1.166492e-06	2.129795e-06
1.720000e+03	1.760000e+03	3.525088e-06	7.244075e-07	1.435255e-06
1.760000e+03	1.800000e+03	3.049800e-06	7.073350e-07	1.400963e-06
1.800000e+03	1.840000e+03	2.820245e-06	7.878585e-07	1.464895e-06
1.840000e+03	1.880000e+03	3.120780e-06	1.106843e-06	7.177450e-07
1.880000e+03	1.920000e+03	2.539283e-06	1.045208e-06	1.244477e-06
1.920000e+03	1.960000e+03	2.620303e-06	8.055910e-07	6.343675e-07
1.960000e+03	2.000000e+03	2.377161e-06	7.090165e-07	7.132670e-07
2.000000e+03	2.040000e+03	1.989881e-06	5.576495e-07	1.178552e-06
2.040000e+03	2.080000e+03	1.845143e-06	5.244312e-07	7.249793e-07
2.080000e+03	2.120000e+03	1.896526e-06	5.211427e-07	5.651200e-07
2.120000e+03	2.160000e+03	1.754932e-06	6.481730e-07	7.998130e-07
2.160000e+03	2.200000e+03	1.647523e-06	7.016422e-07	0.000000e+00
2.200000e+03	2.240000e+03	1.431730e-06	3.765590e-07	5.109002e-07
2.240000e+03	2.280000e+03	1.237575e-06	3.689493e-07	5.058730e-07
2.280000e+03	2.320000e+03	1.125548e-06	2.655075e-08	1.015815e-06
2.320000e+03	2.360000e+03	1.060723e-06	1.870110e-07	6.184892e-07
2.360000e+03	2.400000e+03	1.147065e-06	5.081115e-07	2.673040e-07
2.400000e+03	2.440000e+03	9.316525e-07	3.134243e-07	1.825090e-07
2.440000e+03	2.480000e+03	7.400560e-07	2.459800e-08	6.003365e-07
2.480000e+03	2.520000e+03	7.273820e-07	1.507568e-07	5.102707e-07
2.520000e+03	2.560000e+03	6.652585e-07	8.776700e-08	4.327280e-07
2.560000e+03	2.600000e+03	7.037147e-07	2.398190e-07	1.281790e-07
2.600000e+03	2.640000e+03	5.236045e-07	1.282587e-07	4.578515e-07
2.640000e+03	2.680000e+03	6.220123e-07	1.082425e-07	8.818675e-08
2.680000e+03	2.720000e+03	6.435415e-07	2.336572e-07	3.018900e-07
2.720000e+03	2.760000e+03	4.290623e-07	9.296125e-08	4.274478e-07
2.760000e+03	2.800000e+03	4.106980e-07	1.347990e-07	4.022250e-07
2.800000e+03	2.840000e+03	3.443072e-07	2.046375e-08	1.545367e-07
2.840000e+03	2.880000e+03	3.366867e-07	0.000000e+00	1.366108e-07
2.880000e+03	2.920000e+03	4.296590e-07	1.834633e-07	1.063103e-07
2.920000e+03	2.960000e+03	3.087308e-07	0.000000e+00	1.046380e-07
2.960000e+03	3.000000e+03	3.294752e-07	9.803612e-08	1.077618e-07
3.000000e+03	3.040000e+03	3.015513e-07	8.553760e-08	1.098075e-08
3.040000e+03	3.080000e+03	2.368819e-07	1.248430e-07	1.572734e-07
3.080000e+03	3.120000e+03	3.119767e-07	1.429401e-07	6.008050e-08
3.120000e+03	3.160000e+03	1.911307e-07	6.062135e-08	1.518868e-07
3.160000e+03	3.200000e+03	2.678448e-07	1.596807e-07	3.429950e-08
3.200000e+03	3.240000e+03	1.655504e-07	2.782335e-08	9.882085e-08
3.240000e+03	3.280000e+03	1.745284e-07	4.380070e-08	8.750710e-08
3.280000e+03	3.320000e+03	1.500865e-07	6.563702e-08	1.056395e-07
3.320000e+03	3.360000e+03	1.604894e-07	7.996785e-08	8.286687e-08
3.360000e+03	3.400000e+03	1.050774e-07	3.411278e-08	2.630795e-08
3.400000e+03	3.440000e+03	1.117963e-07	5.583912e-08	8.400770e-08
3.440000e+03	3.480000e+03	1.062742e-07	3.239410e-08	1.186863e-07
3.480000e+03	3.520000e+03	8.691755e-08	2.238383e-08	6.729615e-08
3.520000e+03	3.560000e+03	1.056998e-07	6.514640e-08	2.983260e-08
3.560000e+03	3.600000e+03	7.408762e-08	1.037278e-08	3.495435e-08
3.600000e+03	3.640000e+03	5.502808e-08	1.023425e-08	1.241266e-07
3.640000e+03	3.680000e+03	5.350445e-08	6.089475e-09	1.554439e-07
3.680000e+03	3.720000e+03	5.946673e-08	1.559147e-08	3.259565e-08
3.720000e+03	3.760000e+03	4.842195e-08	5.910625e-09	4.500930e-08
3.760000e+03	3.800000e+03	5.419920e-08	2.447245e-08	8.673025e-09
3.800000e+03	3.840000e+03	1.489118e-07	1.227931e-07	0.000000e+00
3.840000e+03	3.880000e+03	4.410305e-08	1.906785e-08	1.962970e-08
3.880000e+03	3.920000e+03	3.221645e-08	0.000000e+00	2.319748e-08
3.920000e+03	3.960000e+03	3.601575e-08	1.915454e-08	2.578115e-08
3.960000e+03	4.000000e+03	4.551782e-08	2.433729e-08	0.000000e+00
4.000000e+03	4.040000e+03	2.738340e-08	1.135542e-08	9.190200e-09
4.040000e+03	4.080000e+03	3.650807e-08	2.001459e-08	4.522013e-08
4.080000e+03	4.120000e+03	3.081525e-08	1.924682e-08	5.907875e-09
4.120000e+03	4.160000e+03	2.673797e-08	5.259243e-09	1.034050e-09
4.160000e+03	4.200000e+03	2.960515e-08	1.603934e-08	6.047460e-08
4.200000e+03	4.240000e+03	4.327125e-08	2.765256e-08	0.000000e+00
4.240000e+03	4.280000e+03	1.769785e-08	0.000000e+00	6.916488e-08
4.280000e+03	4.320000e+03	8.664707e-09	0.000000e+00	1.723162e-08
4.320000e+03	4.360000e+03	2.548533e-08	8.030778e-09	1.397920e-08
4.360000e+03	4.400000e+03	2.430240e-08	1.609606e-08	2.003875e-10
4.400000e+03	4.440000e+03	6.740143e-08	6.172206e-08	0.000000e+00
4.440000e+03	4.480000e+03	1.153711e-08	2.230150e-09	1.587537e-09
4.480000e+03	4.520000e+03	4.917537e-09	0.000000e+00	2.158549e-08
4.520000e+03	4.560000e+03	4.875635e-09	4.167450e-10	7.883962e-09
4.560000e+03	4.600000e+03	1.020136e-08	4.639967e-09	0.000000e+00
4.600000e+03	4.640000e+03	7.780562e-09	0.000000e+00	6.944538e-09
4.640000e+03	4.680000e+03	5.249783e-09	2.778588e-09	1.484263e-08
4.680000e+03	4.720000e+03	4.871548e-09	0.000000e+00	3.315225e-09
4.720000e+03	4.760000e+03	5.173032e-09	6.538612e-09	1.217570e-09
4.760000e+03	4.800000e+03	9.727247e-10	0.000000e+00	8.409363e-09
4.800000e+03	4.840000e+03	2.350190e-09	3.768525e-10	3.602578e-10
4.840000e+03	4.880000e+03	5.576262e-09	3.205306e-09	0.000000e+00
4.880000e+03	4.920000e+03	2.587693e-09	0.000000e+00	2.742643e-09
4.920000e+03	4.960000e+03	8.668977e-10	0.000000e+00	5.773750e-09
4.960000e+03	5.000000e+03	1.428301e-09	4.957425e-10	4.051227e-09
5.000000e+03	5.040000e+03	1.231267e-09	0.000000e+00	3.790706e-09
5.040000e+03	5.080000e+03	1.254748e-09	3.695880e-10	2.836744e-09
5.080000e+03	5.120000e+03	1.138170e-09	0.000000e+00	1.060209e-08
5.120000e+03	5.160000e+03	1.505566e-09	0.000000e+00	1.238767e-09
5.160000e+03	5.200000e+03	1.666867e-09	1.169805e-09	0.000000e+00
5.200000e+03	5.240000e+03	4.688272e-09	4.200688e-09	1.521250e-11
5.240000e+03	5.280000e+03	9.097815e-10	6.606126e-10	1.262523e-09
5.280000e+03	5.320000e+03	2.561020e-09	2.246350e-09	0.000000e+00
5.320000e+03	5.360000e+03	1.312536e-09	3.215060e-10	8.125841e-09
5.360000e+03	5.400000e+03	5.621380e-10	4.644059e-10	2.920533e-10
5.400000e+03	5.440000e+03	8.049577e-10	2.952285e-10	2.692045e-09
5.440000e+03	5.480000e+03	7.498702e-10	1.790857e-09	5.044047e-09
5.480000e+03	5.520000e+03	3.285148e-10	1.119643e-10	3.026298e-09
5.520000e+03	5.560000e+03	1.780304e-10	6.777998e-11	6.338287e-10
5.560000e+03	5.600000e+03	4.586228e-10	4.717225e-11	9.404607e-10
5.600000e+03	5.640000e+03	2.599785e-09	2.479040e-09	0.000000e+00
5.640000e+03	5.680000e+03	1.238503e-10	0.000000e+00	6.263154e-10
5.680000e+03	5.720000e+03	5.992760e-10	3.839657e-10	4.232548e-10
5.720000e+03	5.760000e+03	2.916647e-10	6.483515e-10	0.000000e+00
5.760000e+03	5.800000e+03	2.458566e-10	0.000000e+00	2.856621e-09
5.800000e+03	5.840000e+03	1.577658e-10	0.000000e+00	6.967127e-10
5.840000e+03	5.880000e+03	4.076042e-10	3.198790e-10	1.050400e-10
5.880000e+03	5.920000e+03	3.583760e-10	1.960028e-10	0.000000e+00
5.920000e+03	5.960000e+03	3.702368e-10	3.778779e-10	0.000000e+00
5.960000e+03	6.000000e+03	2.572262e-10	0.000000e+00	7.658220e-10
# END HISTO1D


# BEGIN HISTO1D //homes/tinghua1/Merging-Project/Production/HJETS/ratio-plots/hjets-matched-errorband/H-N2-3-25gev-combine.yoda/MC_H2JETS_07_INC/j1j4_mass
ErrorBandColor=green
ErrorBandOpacity=0.3
ErrorBands=1
ErrorType=env
LineColor=green
LineStyle=solid
Path=//homes/tinghua1/Merging-Project/Production/HJETS/ratio-plots/hjets-matched-errorband/H-N2-3-25gev-combine.yoda/MC_H2JETS_07_INC/j1j4_mass
RatioPlotSameStyle=1
Title=h(2*,3)
# xlow	 xhigh	 val	 errminus	 errplus
0.000000e+00	4.000000e+01	3.606320e-05	0.000000e+00	2.564000e-06
4.000000e+01	8.000000e+01	6.341880e-04	9.467275e-05	1.468655e-04
8.000000e+01	1.200000e+02	1.029804e-03	1.835022e-04	2.467050e-04
1.200000e+02	1.600000e+02	7.009323e-04	1.347702e-04	1.777330e-04
1.600000e+02	2.000000e+02	4.577342e-04	9.246850e-05	1.362413e-04
2.000000e+02	2.400000e+02	3.057405e-04	6.174932e-05	8.741375e-05
2.400000e+02	2.800000e+02	2.185787e-04	4.158200e-05	8.367032e-05
2.800000e+02	3.200000e+02	1.640687e-04	3.559568e-05	5.066583e-05
3.200000e+02	3.600000e+02	1.343178e-04	3.423605e-05	3.015152e-05
3.600000e+02	4.000000e+02	1.025547e-04	2.122313e-05	3.348092e-05
4.000000e+02	4.400000e+02	8.444965e-05	1.796795e-05	2.517860e-05
4.400000e+02	4.800000e+02	7.110890e-05	1.473898e-05	2.287210e-05
4.800000e+02	5.200000e+02	6.047717e-05	1.294493e-05	1.884920e-05
5.200000e+02	5.600000e+02	5.120585e-05	9.910800e-06	1.719075e-05
5.600000e+02	6.000000e+02	4.597417e-05	9.586525e-06	1.284370e-05
6.000000e+02	6.400000e+02	3.918887e-05	7.448425e-06	1.362108e-05
6.400000e+02	6.800000e+02	3.531180e-05	7.924275e-06	1.047640e-05
6.800000e+02	7.200000e+02	3.148060e-05	7.450645e-06	9.540775e-06
7.200000e+02	7.600000e+02	4.310480e-05	2.158280e-05	0.000000e+00
7.600000e+02	8.000000e+02	2.451982e-05	5.205365e-06	7.213707e-06
8.000000e+02	8.400000e+02	2.257575e-05	5.712793e-06	6.820097e-06
8.400000e+02	8.800000e+02	1.979422e-05	4.425233e-06	6.538830e-06
8.800000e+02	9.200000e+02	1.726180e-05	2.551605e-06	7.157297e-06
9.200000e+02	9.600000e+02	1.609152e-05	4.200295e-06	4.609115e-06
9.600000e+02	1.000000e+03	1.520964e-05	4.373755e-06	4.334278e-06
1.000000e+03	1.040000e+03	1.358748e-05	3.210953e-06	3.685075e-06
1.040000e+03	1.080000e+03	1.198512e-05	2.868180e-06	3.934783e-06
1.080000e+03	1.120000e+03	1.076771e-05	2.317303e-06	4.411610e-06
1.120000e+03	1.160000e+03	9.982405e-06	2.423203e-06	3.070395e-06
1.160000e+03	1.200000e+03	9.151922e-06	2.591032e-06	2.423435e-06
1.200000e+03	1.240000e+03	8.292507e-06	1.986763e-06	2.648718e-06
1.240000e+03	1.280000e+03	7.464425e-06	1.658008e-06	3.021360e-06
1.280000e+03	1.320000e+03	6.631717e-06	1.419057e-06	3.322417e-06
1.320000e+03	1.360000e+03	6.272750e-06	1.518027e-06	2.221620e-06
1.360000e+03	1.400000e+03	5.517227e-06	1.084593e-06	2.125885e-06
1.400000e+03	1.440000e+03	5.153052e-06	1.179082e-06	1.614018e-06
1.440000e+03	1.480000e+03	4.974007e-06	1.244727e-06	6.845375e-07
1.480000e+03	1.520000e+03	4.492452e-06	1.093640e-06	1.671575e-06
1.520000e+03	1.560000e+03	3.956422e-06	8.614225e-07	1.475105e-06
1.560000e+03	1.600000e+03	3.622250e-06	5.869650e-07	2.279713e-06
1.600000e+03	1.640000e+03	3.298315e-06	5.968075e-07	1.204520e-06
1.640000e+03	1.680000e+03	3.208280e-06	9.553350e-07	1.116550e-06
1.680000e+03	1.720000e+03	2.948372e-06	7.668087e-07	1.172135e-06
1.720000e+03	1.760000e+03	2.707517e-06	5.193875e-07	8.998200e-07
1.760000e+03	1.800000e+03	2.358571e-06	5.840110e-07	1.008511e-06
1.800000e+03	1.840000e+03	2.270117e-06	7.375930e-07	8.549477e-07
1.840000e+03	1.880000e+03	1.964951e-06	4.487025e-07	7.336215e-07
1.880000e+03	1.920000e+03	1.997035e-06	6.190170e-07	4.283605e-07
1.920000e+03	1.960000e+03	1.716576e-06	4.711625e-07	7.540187e-07
1.960000e+03	2.000000e+03	1.575661e-06	4.701010e-07	7.813907e-07
2.000000e+03	2.040000e+03	1.492357e-06	4.460963e-07	5.645178e-07
2.040000e+03	2.080000e+03	1.285071e-06	2.858733e-07	5.456800e-07
2.080000e+03	2.120000e+03	1.324313e-06	3.818603e-07	2.193713e-07
2.120000e+03	2.160000e+03	1.208186e-06	3.065150e-07	3.844137e-07
2.160000e+03	2.200000e+03	1.046016e-06	2.986110e-07	3.912962e-07
2.200000e+03	2.240000e+03	9.866600e-07	1.816397e-07	3.231598e-07
2.240000e+03	2.280000e+03	8.574583e-07	1.882370e-07	5.646568e-07
2.280000e+03	2.320000e+03	8.445030e-07	1.750510e-07	3.167297e-07
2.320000e+03	2.360000e+03	7.623410e-07	2.270175e-07	3.762842e-07
2.360000e+03	2.400000e+03	7.327615e-07	2.423643e-07	3.457278e-07
2.400000e+03	2.440000e+03	6.583282e-07	1.143370e-07	2.662555e-07
2.440000e+03	2.480000e+03	6.105725e-07	1.507287e-07	2.962935e-07
2.480000e+03	2.520000e+03	5.965822e-07	1.880672e-07	1.835980e-07
2.520000e+03	2.560000e+03	4.957615e-07	1.564132e-07	2.779685e-07
2.560000e+03	2.600000e+03	4.403318e-07	5.261700e-08	2.196718e-07
2.600000e+03	2.640000e+03	4.474178e-07	1.165338e-07	2.722867e-07
2.640000e+03	2.680000e+03	3.946287e-07	1.017135e-07	1.623675e-07
2.680000e+03	2.720000e+03	4.240560e-07	1.401770e-07	8.954200e-08
2.720000e+03	2.760000e+03	3.402820e-07	9.024200e-08	1.343835e-07
2.760000e+03	2.800000e+03	3.238740e-07	8.864737e-08	1.150272e-07
2.800000e+03	2.840000e+03	2.865248e-07	5.538468e-08	5.778625e-08
2.840000e+03	2.880000e+03	2.493843e-07	4.901345e-08	1.692447e-07
2.880000e+03	2.920000e+03	2.931972e-07	9.644255e-08	1.140473e-07
2.920000e+03	2.960000e+03	2.288418e-07	6.372598e-08	1.064312e-07
2.960000e+03	3.000000e+03	2.096067e-07	4.330122e-08	7.709282e-08
3.000000e+03	3.040000e+03	1.973461e-07	5.226938e-08	3.650192e-08
3.040000e+03	3.080000e+03	1.640704e-07	2.039567e-08	9.391960e-08
3.080000e+03	3.120000e+03	1.580746e-07	4.257907e-08	8.009183e-08
3.120000e+03	3.160000e+03	1.209727e-07	1.916025e-08	4.032795e-08
3.160000e+03	3.200000e+03	1.290173e-07	1.552345e-08	8.133350e-08
3.200000e+03	3.240000e+03	1.249864e-07	2.843198e-08	5.903378e-08
3.240000e+03	3.280000e+03	1.169567e-07	5.168220e-08	1.221147e-08
3.280000e+03	3.320000e+03	1.018896e-07	3.009233e-08	4.283352e-08
3.320000e+03	3.360000e+03	1.228454e-07	5.437745e-08	5.237017e-08
3.360000e+03	3.400000e+03	9.058868e-08	2.173073e-08	4.629142e-08
3.400000e+03	3.440000e+03	7.712080e-08	1.549863e-08	4.017725e-08
3.440000e+03	3.480000e+03	5.997585e-08	1.540535e-08	5.304508e-08
3.480000e+03	3.520000e+03	5.089540e-08	0.000000e+00	3.346377e-08
3.520000e+03	3.560000e+03	7.499505e-08	3.576315e-08	1.565705e-08
3.560000e+03	3.600000e+03	8.221135e-08	3.229427e-08	1.905973e-08
3.600000e+03	3.640000e+03	4.230405e-08	6.453125e-09	3.509672e-08
3.640000e+03	3.680000e+03	4.285828e-08	0.000000e+00	2.888547e-08
3.680000e+03	3.720000e+03	4.005733e-08	6.378600e-09	1.836558e-08
3.720000e+03	3.760000e+03	4.025317e-08	1.761931e-08	1.076980e-08
3.760000e+03	3.800000e+03	4.438347e-08	2.261838e-08	5.736450e-09
3.800000e+03	3.840000e+03	2.808230e-08	6.288955e-09	1.363120e-08
3.840000e+03	3.880000e+03	3.059460e-08	1.640545e-08	3.094950e-09
3.880000e+03	3.920000e+03	2.157374e-08	0.000000e+00	1.831588e-08
3.920000e+03	3.960000e+03	2.649360e-08	1.085668e-08	4.413550e-09
3.960000e+03	4.000000e+03	1.709733e-08	4.829120e-09	1.473257e-08
4.000000e+03	4.040000e+03	1.847412e-08	0.000000e+00	1.175435e-08
4.040000e+03	4.080000e+03	1.954730e-08	9.522350e-09	3.192018e-09
4.080000e+03	4.120000e+03	1.376790e-08	6.607145e-09	1.289933e-08
4.120000e+03	4.160000e+03	1.037448e-08	2.780710e-09	5.992164e-08
4.160000e+03	4.200000e+03	8.573255e-09	5.418550e-10	1.613808e-08
4.200000e+03	4.240000e+03	1.372883e-08	5.212128e-09	5.853227e-09
4.240000e+03	4.280000e+03	1.126521e-08	5.157665e-09	1.191220e-08
4.280000e+03	4.320000e+03	9.410725e-09	0.000000e+00	4.225613e-08
4.320000e+03	4.360000e+03	7.808903e-09	6.764012e-09	3.115922e-09
4.360000e+03	4.400000e+03	6.632488e-09	6.907625e-10	1.942635e-09
4.400000e+03	4.440000e+03	1.322343e-08	1.088461e-08	3.244125e-10
4.440000e+03	4.480000e+03	3.313375e-09	0.000000e+00	6.188967e-09
4.480000e+03	4.520000e+03	3.453105e-09	0.000000e+00	5.900650e-09
4.520000e+03	4.560000e+03	3.674867e-09	5.709450e-10	3.956883e-09
4.560000e+03	4.600000e+03	3.050120e-09	0.000000e+00	1.615820e-09
4.600000e+03	4.640000e+03	3.235012e-09	0.000000e+00	4.252985e-09
4.640000e+03	4.680000e+03	4.991895e-09	1.419563e-09	1.641553e-09
4.680000e+03	4.720000e+03	2.962805e-09	0.000000e+00	2.498700e-09
4.720000e+03	4.760000e+03	2.991190e-09	1.364765e-09	0.000000e+00
4.760000e+03	4.800000e+03	2.000724e-08	2.135194e-08	0.000000e+00
4.800000e+03	4.840000e+03	1.753683e-09	4.442880e-10	2.586737e-09
4.840000e+03	4.880000e+03	1.881072e-09	9.044972e-10	1.729935e-09
4.880000e+03	4.920000e+03	2.562702e-09	1.620710e-09	0.000000e+00
4.920000e+03	4.960000e+03	1.036750e-09	1.041565e-10	2.407990e-09
4.960000e+03	5.000000e+03	1.601690e-09	6.700040e-10	6.530757e-10
5.000000e+03	5.040000e+03	1.226962e-09	9.278175e-11	3.379885e-10
5.040000e+03	5.080000e+03	5.244367e-10	2.008707e-09	8.561425e-11
5.080000e+03	5.120000e+03	2.853158e-09	1.790547e-09	0.000000e+00
5.120000e+03	5.160000e+03	4.966743e-10	0.000000e+00	3.831848e-09
5.160000e+03	5.200000e+03	8.669515e-10	1.503750e-10	0.000000e+00
5.200000e+03	5.240000e+03	-1.324478e-10	0.000000e+00	1.781686e-09
5.240000e+03	5.280000e+03	3.578363e-10	0.000000e+00	5.747763e-10
5.280000e+03	5.320000e+03	5.837910e-10	1.395773e-10	0.000000e+00
5.320000e+03	5.360000e+03	1.129190e-09	4.352808e-10	2.173775e-10
5.360000e+03	5.400000e+03	5.235098e-10	1.773325e-10	0.000000e+00
5.400000e+03	5.440000e+03	6.972535e-10	3.575227e-10	5.059750e-11
5.440000e+03	5.480000e+03	4.344910e-10	1.796087e-10	1.043920e-09
5.480000e+03	5.520000e+03	4.259172e-10	3.948550e-10	0.000000e+00
5.520000e+03	5.560000e+03	3.662300e-11	0.000000e+00	5.749735e-10
5.560000e+03	5.600000e+03	1.912717e-10	0.000000e+00	5.448493e-10
5.600000e+03	5.640000e+03	1.559829e-10	9.045262e-11	1.179048e-10
5.640000e+03	5.680000e+03	1.775341e-10	0.000000e+00	8.838838e-11
5.680000e+03	5.720000e+03	3.192905e-10	2.455325e-11	5.000383e-10
5.720000e+03	5.760000e+03	1.312697e-10	3.042213e-11	1.357053e-10
5.760000e+03	5.800000e+03	1.474954e-10	1.158040e-10	1.600751e-10
5.800000e+03	5.840000e+03	2.984810e-10	2.864653e-10	0.000000e+00
5.840000e+03	5.880000e+03	-2.939630e-11	0.000000e+00	2.281002e-10
5.880000e+03	5.920000e+03	3.171532e-11	0.000000e+00	1.169875e-10
5.920000e+03	5.960000e+03	1.291949e-11	0.000000e+00	1.644407e-10
5.960000e+03	6.000000e+03	4.954890e-10	5.713946e-10	0.000000e+00
# END HISTO1D


# BEGIN HISTO1D //homes/tinghua1/Merging-Project/Production/HJETS/ratio-plots/hjets-matched-errorband/H-2-3-25gev-combine.yoda/MC_H2JETS_07_INC/j1j4_mass
ErrorBandColor=purple
ErrorBandOpacity=0.3
ErrorBands=1
ErrorType=env
LineColor=purple
LineStyle=solid
Path=//homes/tinghua1/Merging-Project/Production/HJETS/ratio-plots/hjets-matched-errorband/H-2-3-25gev-combine.yoda/MC_H2JETS_07_INC/j1j4_mass
RatioPlotSameStyle=1
Title=h(2,3)
# xlow	 xhigh	 val	 errminus	 errplus
0.000000e+00	4.000000e+01	3.472150e-05	8.887750e-07	8.601500e-07
4.000000e+01	8.000000e+01	4.932662e-04	0.000000e+00	2.053505e-04
8.000000e+01	1.200000e+02	7.555162e-04	0.000000e+00	3.426040e-04
1.200000e+02	1.600000e+02	5.007722e-04	0.000000e+00	2.495483e-04
1.600000e+02	2.000000e+02	3.144450e-04	0.000000e+00	1.673175e-04
2.000000e+02	2.400000e+02	2.094324e-04	0.000000e+00	1.143786e-04
2.400000e+02	2.800000e+02	1.486216e-04	0.000000e+00	8.307588e-05
2.800000e+02	3.200000e+02	1.106994e-04	0.000000e+00	6.530320e-05
3.200000e+02	3.600000e+02	8.856185e-05	0.000000e+00	4.981615e-05
3.600000e+02	4.000000e+02	7.168152e-05	0.000000e+00	4.368805e-05
4.000000e+02	4.400000e+02	6.033455e-05	0.000000e+00	3.576677e-05
4.400000e+02	4.800000e+02	5.041475e-05	0.000000e+00	3.173152e-05
4.800000e+02	5.200000e+02	4.334750e-05	0.000000e+00	2.745055e-05
5.200000e+02	5.600000e+02	3.797493e-05	0.000000e+00	2.398865e-05
5.600000e+02	6.000000e+02	3.331653e-05	0.000000e+00	2.132155e-05
6.000000e+02	6.400000e+02	2.878825e-05	0.000000e+00	1.895692e-05
6.400000e+02	6.800000e+02	2.532230e-05	0.000000e+00	1.726115e-05
6.800000e+02	7.200000e+02	2.245605e-05	0.000000e+00	1.572620e-05
7.200000e+02	7.600000e+02	1.981815e-05	0.000000e+00	1.424608e-05
7.600000e+02	8.000000e+02	1.841989e-05	0.000000e+00	1.239076e-05
8.000000e+02	8.400000e+02	1.606880e-05	0.000000e+00	1.145902e-05
8.400000e+02	8.800000e+02	1.438308e-05	0.000000e+00	1.065560e-05
8.800000e+02	9.200000e+02	1.262358e-05	0.000000e+00	1.012769e-05
9.200000e+02	9.600000e+02	1.165874e-05	0.000000e+00	9.378377e-06
9.600000e+02	1.000000e+03	1.034626e-05	0.000000e+00	8.419357e-06
1.000000e+03	1.040000e+03	9.758020e-06	0.000000e+00	7.070980e-06
1.040000e+03	1.080000e+03	8.757507e-06	0.000000e+00	7.107335e-06
1.080000e+03	1.120000e+03	7.883840e-06	0.000000e+00	6.097868e-06
1.120000e+03	1.160000e+03	7.082993e-06	0.000000e+00	5.960265e-06
1.160000e+03	1.200000e+03	6.380830e-06	0.000000e+00	5.514242e-06
1.200000e+03	1.240000e+03	5.925805e-06	0.000000e+00	4.891388e-06
1.240000e+03	1.280000e+03	5.544730e-06	0.000000e+00	4.388637e-06
1.280000e+03	1.320000e+03	5.061123e-06	0.000000e+00	4.099590e-06
1.320000e+03	1.360000e+03	4.645635e-06	0.000000e+00	3.868522e-06
1.360000e+03	1.400000e+03	4.134645e-06	0.000000e+00	3.511123e-06
1.400000e+03	1.440000e+03	3.676910e-06	0.000000e+00	3.724502e-06
1.440000e+03	1.480000e+03	3.451112e-06	0.000000e+00	3.179197e-06
1.480000e+03	1.520000e+03	3.129670e-06	0.000000e+00	2.763965e-06
1.520000e+03	1.560000e+03	2.833757e-06	0.000000e+00	2.773830e-06
1.560000e+03	1.600000e+03	2.683528e-06	0.000000e+00	2.433750e-06
1.600000e+03	1.640000e+03	2.374106e-06	0.000000e+00	2.392909e-06
1.640000e+03	1.680000e+03	2.227122e-06	0.000000e+00	2.185065e-06
1.680000e+03	1.720000e+03	1.932662e-06	0.000000e+00	2.048020e-06
1.720000e+03	1.760000e+03	1.868475e-06	0.000000e+00	1.678828e-06
1.760000e+03	1.800000e+03	1.814242e-06	0.000000e+00	1.528898e-06
1.800000e+03	1.840000e+03	1.554627e-06	0.000000e+00	1.536987e-06
1.840000e+03	1.880000e+03	1.472530e-06	0.000000e+00	1.403322e-06
1.880000e+03	1.920000e+03	1.335501e-06	0.000000e+00	1.444891e-06
1.920000e+03	1.960000e+03	1.203767e-06	0.000000e+00	1.202598e-06
1.960000e+03	2.000000e+03	1.205414e-06	0.000000e+00	1.087135e-06
2.000000e+03	2.040000e+03	1.087884e-06	0.000000e+00	1.046321e-06
2.040000e+03	2.080000e+03	9.771688e-07	0.000000e+00	9.917463e-07
2.080000e+03	2.120000e+03	9.374990e-07	0.000000e+00	8.959695e-07
2.120000e+03	2.160000e+03	8.227503e-07	0.000000e+00	8.314170e-07
2.160000e+03	2.200000e+03	7.919507e-07	0.000000e+00	7.682362e-07
2.200000e+03	2.240000e+03	7.131737e-07	0.000000e+00	6.589730e-07
2.240000e+03	2.280000e+03	7.054010e-07	0.000000e+00	5.241835e-07
2.280000e+03	2.320000e+03	5.648327e-07	0.000000e+00	6.250375e-07
2.320000e+03	2.360000e+03	5.292762e-07	0.000000e+00	5.703090e-07
2.360000e+03	2.400000e+03	4.751200e-07	0.000000e+00	5.379840e-07
2.400000e+03	2.440000e+03	4.778983e-07	0.000000e+00	4.966800e-07
2.440000e+03	2.480000e+03	4.370777e-07	0.000000e+00	4.623005e-07
2.480000e+03	2.520000e+03	3.986493e-07	0.000000e+00	4.233765e-07
2.520000e+03	2.560000e+03	3.317412e-07	0.000000e+00	4.208188e-07
2.560000e+03	2.600000e+03	3.236657e-07	0.000000e+00	4.037378e-07
2.600000e+03	2.640000e+03	3.402077e-07	0.000000e+00	2.827575e-07
2.640000e+03	2.680000e+03	2.707325e-07	0.000000e+00	3.238382e-07
2.680000e+03	2.720000e+03	2.442176e-07	0.000000e+00	3.092177e-07
2.720000e+03	2.760000e+03	2.226783e-07	0.000000e+00	2.634689e-07
2.760000e+03	2.800000e+03	1.998786e-07	0.000000e+00	2.496199e-07
2.800000e+03	2.840000e+03	2.036166e-07	0.000000e+00	2.426544e-07
2.840000e+03	2.880000e+03	1.781817e-07	0.000000e+00	2.142191e-07
2.880000e+03	2.920000e+03	1.905618e-07	0.000000e+00	1.367900e-07
2.920000e+03	2.960000e+03	1.356821e-07	0.000000e+00	1.850474e-07
2.960000e+03	3.000000e+03	1.462140e-07	0.000000e+00	1.770695e-07
3.000000e+03	3.040000e+03	1.245184e-07	0.000000e+00	1.648787e-07
3.040000e+03	3.080000e+03	1.127469e-07	0.000000e+00	1.515126e-07
3.080000e+03	3.120000e+03	1.016523e-07	0.000000e+00	1.375380e-07
3.120000e+03	3.160000e+03	1.082435e-07	0.000000e+00	1.017129e-07
3.160000e+03	3.200000e+03	1.060225e-07	0.000000e+00	1.008006e-07
3.200000e+03	3.240000e+03	7.250753e-08	0.000000e+00	1.259579e-07
3.240000e+03	3.280000e+03	1.143624e-07	6.565700e-09	8.125612e-08
3.280000e+03	3.320000e+03	6.203197e-08	0.000000e+00	9.862290e-08
3.320000e+03	3.360000e+03	6.073145e-08	0.000000e+00	6.828440e-08
3.360000e+03	3.400000e+03	9.545532e-08	1.132795e-08	3.570232e-08
3.400000e+03	3.440000e+03	5.406520e-08	0.000000e+00	7.413455e-08
3.440000e+03	3.480000e+03	4.988430e-08	0.000000e+00	4.945903e-08
3.480000e+03	3.520000e+03	4.729738e-08	0.000000e+00	4.707532e-08
3.520000e+03	3.560000e+03	4.281040e-08	0.000000e+00	5.861517e-08
3.560000e+03	3.600000e+03	5.125588e-08	0.000000e+00	3.408280e-08
3.600000e+03	3.640000e+03	3.576730e-08	0.000000e+00	5.448513e-08
3.640000e+03	3.680000e+03	2.934330e-08	0.000000e+00	3.436545e-08
3.680000e+03	3.720000e+03	3.053883e-08	0.000000e+00	2.941007e-08
3.720000e+03	3.760000e+03	2.438593e-08	0.000000e+00	4.353122e-08
3.760000e+03	3.800000e+03	1.951342e-08	0.000000e+00	2.794156e-08
3.800000e+03	3.840000e+03	2.061134e-08	0.000000e+00	2.619486e-08
3.840000e+03	3.880000e+03	1.615982e-08	0.000000e+00	2.812958e-08
3.880000e+03	3.920000e+03	1.560259e-08	0.000000e+00	2.605812e-08
3.920000e+03	3.960000e+03	1.933211e-08	0.000000e+00	1.811279e-08
3.960000e+03	4.000000e+03	1.038629e-08	0.000000e+00	2.270501e-08
4.000000e+03	4.040000e+03	1.279432e-08	0.000000e+00	1.927826e-08
4.040000e+03	4.080000e+03	1.191720e-08	0.000000e+00	1.419388e-08
4.080000e+03	4.120000e+03	9.823138e-09	0.000000e+00	1.636706e-08
4.120000e+03	4.160000e+03	1.028220e-08	0.000000e+00	1.182984e-08
4.160000e+03	4.200000e+03	7.503045e-09	0.000000e+00	1.334350e-08
4.200000e+03	4.240000e+03	6.212162e-09	0.000000e+00	9.326885e-09
4.240000e+03	4.280000e+03	6.390997e-09	0.000000e+00	1.002363e-08
4.280000e+03	4.320000e+03	6.382505e-09	0.000000e+00	1.047546e-08
4.320000e+03	4.360000e+03	6.218508e-09	0.000000e+00	1.224118e-08
4.360000e+03	4.400000e+03	4.972872e-09	0.000000e+00	6.211320e-09
4.400000e+03	4.440000e+03	6.444230e-09	0.000000e+00	1.826455e-09
4.440000e+03	4.480000e+03	3.697717e-09	0.000000e+00	8.456615e-09
4.480000e+03	4.520000e+03	3.336867e-09	0.000000e+00	3.696278e-09
4.520000e+03	4.560000e+03	2.299036e-09	0.000000e+00	6.542597e-09
4.560000e+03	4.600000e+03	2.557318e-09	0.000000e+00	8.422850e-09
4.600000e+03	4.640000e+03	2.458829e-09	0.000000e+00	3.883901e-09
4.640000e+03	4.680000e+03	2.168916e-09	0.000000e+00	4.765992e-09
4.680000e+03	4.720000e+03	5.040333e-09	9.619850e-10	6.898150e-10
4.720000e+03	4.760000e+03	2.463912e-09	3.404287e-10	2.913071e-09
4.760000e+03	4.800000e+03	1.343346e-09	0.000000e+00	3.256629e-09
4.800000e+03	4.840000e+03	1.296938e-09	0.000000e+00	5.630762e-09
4.840000e+03	4.880000e+03	8.914907e-10	0.000000e+00	3.568459e-09
4.880000e+03	4.920000e+03	1.261765e-09	0.000000e+00	1.931392e-09
4.920000e+03	4.960000e+03	7.931262e-10	0.000000e+00	1.222704e-09
4.960000e+03	5.000000e+03	1.414824e-09	0.000000e+00	3.330436e-09
5.000000e+03	5.040000e+03	7.835908e-10	0.000000e+00	1.650295e-09
5.040000e+03	5.080000e+03	9.490045e-10	1.453858e-10	6.372547e-10
5.080000e+03	5.120000e+03	9.038642e-10	0.000000e+00	1.054342e-09
5.120000e+03	5.160000e+03	5.379187e-10	1.064427e-09	8.318338e-10
5.160000e+03	5.200000e+03	5.993647e-10	0.000000e+00	1.147412e-09
5.200000e+03	5.240000e+03	2.353554e-09	2.002410e-09	0.000000e+00
5.240000e+03	5.280000e+03	5.299147e-10	4.011150e-11	8.739625e-10
5.280000e+03	5.320000e+03	8.757350e-10	1.523927e-10	6.291587e-10
5.320000e+03	5.360000e+03	1.467156e-10	0.000000e+00	9.571204e-10
5.360000e+03	5.400000e+03	2.729422e-10	0.000000e+00	5.988810e-10
5.400000e+03	5.440000e+03	3.474182e-10	2.484400e-11	4.835628e-10
5.440000e+03	5.480000e+03	6.661723e-10	4.312211e-10	3.314772e-10
5.480000e+03	5.520000e+03	4.904803e-10	0.000000e+00	3.534990e-10
5.520000e+03	5.560000e+03	3.351295e-10	3.349079e-10	2.687115e-10
5.560000e+03	5.600000e+03	4.185185e-10	2.473795e-10	5.399525e-11
5.600000e+03	5.640000e+03	1.503302e-10	0.000000e+00	3.949347e-10
5.640000e+03	5.680000e+03	4.319768e-10	1.910850e-11	5.801600e-11
5.680000e+03	5.720000e+03	8.205350e-11	0.000000e+00	3.051623e-10
5.720000e+03	5.760000e+03	1.058140e-11	0.000000e+00	3.490953e-10
5.760000e+03	5.800000e+03	1.535705e-11	0.000000e+00	1.986249e-10
5.800000e+03	5.840000e+03	2.288627e-10	1.774658e-10	1.139168e-10
5.840000e+03	5.880000e+03	1.194048e-10	0.000000e+00	1.286160e-09
5.880000e+03	5.920000e+03	4.959505e-11	0.000000e+00	2.704160e-10
5.920000e+03	5.960000e+03	3.147948e-11	0.000000e+00	1.765202e-10
5.960000e+03	6.000000e+03	9.170960e-11	0.000000e+00	3.337126e-10
# END HISTO1D


# BEGIN HISTO1D //homes/tinghua1/Merging-Project/Production/HJETS/ratio-plots/hjets-matched-errorband/H3Jets-NLOPS-combine.yoda/MC_H2JETS_07_INC/j1j4_mass
ErrorBandColor=red
ErrorBandOpacity=0.3
ErrorBands=1
ErrorType=env
LineColor=red
LineStyle=solid
Path=//homes/tinghua1/Merging-Project/Production/HJETS/ratio-plots/hjets-matched-errorband/H3Jets-NLOPS-combine.yoda/MC_H2JETS_07_INC/j1j4_mass
RatioPlotSameStyle=1
Title=h(3*) $\oplus$ PS
# xlow	 xhigh	 val	 errminus	 errplus
0.000000e+00	4.000000e+01	2.926088e-05	0.000000e+00	8.849150e-06
4.000000e+01	8.000000e+01	5.836302e-04	2.113800e-05	3.249025e-05
8.000000e+01	1.200000e+02	9.429253e-04	5.098550e-05	3.940625e-05
1.200000e+02	1.600000e+02	6.683865e-04	7.011300e-05	4.853450e-05
1.600000e+02	2.000000e+02	4.746780e-04	3.790975e-05	4.295050e-05
2.000000e+02	2.400000e+02	3.360492e-04	3.556225e-05	3.003800e-05
2.400000e+02	2.800000e+02	2.445147e-04	2.070912e-05	1.716305e-05
2.800000e+02	3.200000e+02	1.817279e-04	1.518318e-05	2.484943e-05
3.200000e+02	3.600000e+02	1.399618e-04	1.073933e-05	1.514555e-05
3.600000e+02	4.000000e+02	1.167775e-04	1.292075e-05	7.506050e-06
4.000000e+02	4.400000e+02	1.130428e-04	2.674745e-05	0.000000e+00
4.400000e+02	4.800000e+02	7.938197e-05	4.957550e-06	0.000000e+00
4.800000e+02	5.200000e+02	7.023937e-05	1.683890e-05	1.410708e-05
5.200000e+02	5.600000e+02	5.588290e-05	1.821950e-06	8.407150e-06
5.600000e+02	6.000000e+02	5.061033e-05	3.973625e-06	3.776525e-06
6.000000e+02	6.400000e+02	4.388725e-05	2.187450e-06	3.941750e-07
6.400000e+02	6.800000e+02	3.946210e-05	3.248700e-06	1.171525e-06
6.800000e+02	7.200000e+02	3.463242e-05	1.816275e-06	5.080000e-06
7.200000e+02	7.600000e+02	3.034028e-05	1.176300e-06	3.945025e-06
7.600000e+02	8.000000e+02	2.717042e-05	3.565592e-06	2.185750e-06
8.000000e+02	8.400000e+02	2.168519e-05	5.022875e-07	5.308005e-06
8.400000e+02	8.800000e+02	2.079971e-05	1.208977e-06	2.460048e-06
8.800000e+02	9.200000e+02	2.061874e-05	3.784200e-06	1.305640e-06
9.200000e+02	9.600000e+02	1.715256e-05	1.823490e-06	2.957513e-06
9.600000e+02	1.000000e+03	1.490479e-05	0.000000e+00	1.460295e-06
1.000000e+03	1.040000e+03	1.415024e-05	1.504645e-06	2.304972e-06
1.040000e+03	1.080000e+03	1.250932e-05	1.181882e-06	2.230780e-06
1.080000e+03	1.120000e+03	1.240684e-05	2.615222e-06	7.751250e-08
1.120000e+03	1.160000e+03	1.150948e-05	1.851757e-06	0.000000e+00
1.160000e+03	1.200000e+03	9.798973e-06	6.082300e-07	0.000000e+00
1.200000e+03	1.240000e+03	8.350727e-06	2.799107e-06	1.574110e-06
1.240000e+03	1.280000e+03	8.387885e-06	9.635775e-07	0.000000e+00
1.280000e+03	1.320000e+03	7.824840e-06	1.088255e-06	4.269175e-07
1.320000e+03	1.360000e+03	8.995713e-06	2.743255e-06	0.000000e+00
1.360000e+03	1.400000e+03	6.269130e-06	0.000000e+00	8.399550e-07
1.400000e+03	1.440000e+03	5.258313e-06	2.340778e-06	1.089095e-06
1.440000e+03	1.480000e+03	4.692745e-06	4.733175e-07	1.191490e-06
1.480000e+03	1.520000e+03	4.305578e-06	3.896550e-07	1.134245e-06
1.520000e+03	1.560000e+03	5.219535e-06	9.178400e-07	0.000000e+00
1.560000e+03	1.600000e+03	4.832692e-06	1.005078e-06	0.000000e+00
1.600000e+03	1.640000e+03	3.700110e-06	3.960650e-07	8.558275e-07
1.640000e+03	1.680000e+03	3.332270e-06	7.369700e-07	0.000000e+00
1.680000e+03	1.720000e+03	5.078937e-06	2.070910e-06	0.000000e+00
1.720000e+03	1.760000e+03	2.654172e-06	0.000000e+00	7.248075e-07
1.760000e+03	1.800000e+03	9.134385e-06	6.530295e-06	0.000000e+00
1.800000e+03	1.840000e+03	2.411750e-06	3.882412e-07	2.586027e-07
1.840000e+03	1.880000e+03	2.409185e-06	3.071755e-07	5.805403e-07
1.880000e+03	1.920000e+03	2.337517e-06	3.119033e-07	5.627650e-08
1.920000e+03	1.960000e+03	1.322968e-06	0.000000e+00	8.993585e-07
1.960000e+03	2.000000e+03	1.940061e-06	3.187990e-07	1.166080e-07
2.000000e+03	2.040000e+03	1.660567e-06	8.178802e-07	0.000000e+00
2.040000e+03	2.080000e+03	1.529782e-06	3.892117e-07	5.328395e-07
2.080000e+03	2.120000e+03	1.348581e-06	3.846475e-08	5.807125e-07
2.120000e+03	2.160000e+03	1.632244e-06	5.585100e-07	0.000000e+00
2.160000e+03	2.200000e+03	1.262554e-06	1.691610e-07	0.000000e+00
2.200000e+03	2.240000e+03	9.178227e-07	0.000000e+00	7.543025e-07
2.240000e+03	2.280000e+03	1.085677e-06	5.905950e-08	3.625320e-07
2.280000e+03	2.320000e+03	1.113876e-06	1.470945e-07	0.000000e+00
2.320000e+03	2.360000e+03	9.553993e-07	1.176397e-07	3.341257e-07
2.360000e+03	2.400000e+03	9.702055e-07	2.407865e-07	0.000000e+00
2.400000e+03	2.440000e+03	8.235468e-07	1.938372e-07	0.000000e+00
2.440000e+03	2.480000e+03	7.319940e-07	9.574325e-08	1.308807e-07
2.480000e+03	2.520000e+03	6.195513e-07	0.000000e+00	2.315727e-07
2.520000e+03	2.560000e+03	5.961920e-07	6.703525e-08	1.289223e-07
2.560000e+03	2.600000e+03	4.673805e-07	1.067668e-06	9.451150e-08
2.600000e+03	2.640000e+03	4.273445e-07	2.504297e-07	1.627550e-07
2.640000e+03	2.680000e+03	4.863290e-07	1.261667e-07	2.532375e-07
2.680000e+03	2.720000e+03	5.091177e-07	5.266800e-08	1.651390e-07
2.720000e+03	2.760000e+03	2.816263e-07	1.846728e-07	7.216950e-08
2.760000e+03	2.800000e+03	3.889338e-07	4.845025e-08	4.495900e-08
2.800000e+03	2.840000e+03	5.786492e-07	2.655955e-07	0.000000e+00
2.840000e+03	2.880000e+03	3.493782e-07	7.296850e-08	4.681000e-08
2.880000e+03	2.920000e+03	2.564875e-07	1.036286e-07	1.499710e-07
2.920000e+03	2.960000e+03	2.920185e-07	1.300941e-07	3.772125e-08
2.960000e+03	3.000000e+03	1.284487e-07	0.000000e+00	7.708255e-08
3.000000e+03	3.040000e+03	3.050287e-07	1.105312e-07	2.276725e-08
3.040000e+03	3.080000e+03	1.970443e-07	9.853805e-08	1.724130e-08
3.080000e+03	3.120000e+03	2.715268e-07	2.062108e-07	0.000000e+00
3.120000e+03	3.160000e+03	2.163004e-07	2.359190e-08	9.994513e-08
3.160000e+03	3.200000e+03	1.545648e-07	1.490728e-08	0.000000e+00
3.200000e+03	3.240000e+03	1.672081e-07	1.697143e-08	5.964583e-08
3.240000e+03	3.280000e+03	1.478873e-07	3.879238e-08	4.767092e-08
3.280000e+03	3.320000e+03	1.604601e-07	3.982448e-08	4.385415e-08
3.320000e+03	3.360000e+03	3.923560e-08	0.000000e+00	7.625680e-08
3.360000e+03	3.400000e+03	2.516885e-08	0.000000e+00	1.838778e-07
3.400000e+03	3.440000e+03	1.921328e-07	1.007608e-07	0.000000e+00
3.440000e+03	3.480000e+03	8.513143e-08	0.000000e+00	3.807085e-08
3.480000e+03	3.520000e+03	9.658850e-08	4.164340e-08	0.000000e+00
3.520000e+03	3.560000e+03	1.150336e-07	7.282985e-08	0.000000e+00
3.560000e+03	3.600000e+03	9.978128e-08	5.316568e-08	0.000000e+00
3.600000e+03	3.640000e+03	-6.567162e-08	0.000000e+00	1.148040e-07
3.640000e+03	3.680000e+03	4.813267e-08	6.500500e-09	2.338150e-09
3.680000e+03	3.720000e+03	5.428455e-08	2.550613e-08	9.618550e-09
3.720000e+03	3.760000e+03	5.327475e-08	1.626915e-08	2.664483e-08
3.760000e+03	3.800000e+03	5.742090e-08	9.972100e-09	1.164100e-08
3.800000e+03	3.840000e+03	6.903383e-08	5.221761e-08	1.374735e-08
3.840000e+03	3.880000e+03	4.986148e-08	1.015537e-08	1.047980e-08
3.880000e+03	3.920000e+03	4.083908e-08	3.689317e-08	0.000000e+00
3.920000e+03	3.960000e+03	-2.259818e-09	0.000000e+00	6.272722e-08
3.960000e+03	4.000000e+03	3.092010e-08	2.287036e-08	0.000000e+00
4.000000e+03	4.040000e+03	3.129460e-08	7.220645e-09	1.881128e-08
4.040000e+03	4.080000e+03	1.930728e-08	9.436482e-09	7.657473e-09
4.080000e+03	4.120000e+03	1.626533e-08	1.108399e-08	0.000000e+00
4.120000e+03	4.160000e+03	-4.394900e-08	0.000000e+00	8.555653e-08
4.160000e+03	4.200000e+03	1.804287e-08	7.912690e-09	0.000000e+00
4.200000e+03	4.240000e+03	1.299316e-08	0.000000e+00	7.808120e-09
4.240000e+03	4.280000e+03	1.260225e-08	3.187645e-09	3.832870e-09
4.280000e+03	4.320000e+03	1.518829e-08	7.835800e-09	2.612878e-08
4.320000e+03	4.360000e+03	1.104525e-08	2.983410e-09	3.931467e-09
4.360000e+03	4.400000e+03	6.150532e-09	0.000000e+00	1.661618e-08
4.400000e+03	4.440000e+03	1.506749e-08	9.913678e-09	3.836563e-09
4.440000e+03	4.480000e+03	1.009160e-08	0.000000e+00	1.198325e-08
4.480000e+03	4.520000e+03	4.374583e-09	0.000000e+00	1.214998e-08
4.520000e+03	4.560000e+03	5.644033e-09	0.000000e+00	1.074072e-09
4.560000e+03	4.600000e+03	9.448780e-09	5.152310e-09	0.000000e+00
4.600000e+03	4.640000e+03	8.668763e-09	3.380750e-11	7.812303e-09
4.640000e+03	4.680000e+03	9.656032e-09	5.627892e-09	0.000000e+00
4.680000e+03	4.720000e+03	3.046435e-09	0.000000e+00	2.573682e-08
4.720000e+03	4.760000e+03	6.201108e-09	2.184472e-08	0.000000e+00
4.760000e+03	4.800000e+03	4.360085e-09	7.069555e-09	0.000000e+00
4.800000e+03	4.840000e+03	-5.629395e-08	0.000000e+00	6.280967e-08
4.840000e+03	4.880000e+03	4.043837e-09	1.813248e-08	0.000000e+00
4.880000e+03	4.920000e+03	8.729885e-10	0.000000e+00	1.126505e-09
4.920000e+03	4.960000e+03	4.618600e-09	2.616364e-09	0.000000e+00
4.960000e+03	5.000000e+03	1.635579e-09	0.000000e+00	1.460758e-08
5.000000e+03	5.040000e+03	1.891405e-09	1.554925e-10	3.375505e-09
5.040000e+03	5.080000e+03	4.258475e-09	3.644331e-09	5.751103e-09
5.080000e+03	5.120000e+03	2.220836e-09	2.914220e-10	5.107968e-10
5.120000e+03	5.160000e+03	2.190949e-09	3.723747e-09	0.000000e+00
5.160000e+03	5.200000e+03	-4.861900e-09	0.000000e+00	6.189189e-09
5.200000e+03	5.240000e+03	8.388002e-10	1.646106e-09	7.320292e-10
5.240000e+03	5.280000e+03	1.780796e-09	7.160435e-10	5.289290e-10
5.280000e+03	5.320000e+03	1.910668e-09	1.436470e-09	2.773184e-09
5.320000e+03	5.360000e+03	7.098765e-10	9.062616e-10	0.000000e+00
5.360000e+03	5.400000e+03	1.090543e-09	2.897952e-10	6.418115e-09
5.400000e+03	5.440000e+03	7.014333e-10	0.000000e+00	5.155973e-10
5.440000e+03	5.480000e+03	7.366857e-10	2.648872e-10	8.476433e-10
5.480000e+03	5.520000e+03	1.209719e-09	1.746241e-09	0.000000e+00
5.520000e+03	5.560000e+03	5.007745e-10	3.979500e-11	5.306132e-10
5.560000e+03	5.600000e+03	1.710033e-10	0.000000e+00	2.022345e-09
5.600000e+03	5.640000e+03	2.996657e-10	1.458675e-09	1.682168e-10
5.640000e+03	5.680000e+03	1.789907e-10	0.000000e+00	1.720298e-09
5.680000e+03	5.720000e+03	3.553202e-10	0.000000e+00	6.599608e-10
5.720000e+03	5.760000e+03	1.138896e-10	0.000000e+00	4.648403e-10
5.760000e+03	5.800000e+03	7.698967e-10	7.442383e-10	4.054290e-10
5.800000e+03	5.840000e+03	2.311858e-10	0.000000e+00	2.005744e-10
5.840000e+03	5.880000e+03	3.860970e-10	1.228795e-10	0.000000e+00
5.880000e+03	5.920000e+03	6.881062e-10	1.052141e-09	0.000000e+00
5.920000e+03	5.960000e+03	3.799740e-11	0.000000e+00	3.166943e-10
5.960000e+03	6.000000e+03	3.809265e-10	0.000000e+00	4.176193e-10
# END HISTO1D


# BEGIN HISTO1D //homes/tinghua1/Merging-Project/Production/HJETS/ratio-plots/hjets-matched-errorband/H2Jets-NLOPS-combine.yoda/MC_H2JETS_07_INC/j1j4_mass
ErrorBandColor=violet
ErrorBandOpacity=0.3
ErrorBands=1
ErrorType=env
LineColor=violet
LineStyle=solid
Path=//homes/tinghua1/Merging-Project/Production/HJETS/ratio-plots/hjets-matched-errorband/H2Jets-NLOPS-combine.yoda/MC_H2JETS_07_INC/j1j4_mass
RatioPlotSameStyle=1
Title=h(2*) $\oplus$ PS
# xlow	 xhigh	 val	 errminus	 errplus
0.000000e+00	4.000000e+01	2.919138e-05	7.003250e-07	1.803525e-06
4.000000e+01	8.000000e+01	4.769742e-04	7.158475e-05	1.025133e-04
8.000000e+01	1.200000e+02	7.426310e-04	1.216522e-04	1.602292e-04
1.200000e+02	1.600000e+02	5.081070e-04	9.370875e-05	1.270737e-04
1.600000e+02	2.000000e+02	3.478690e-04	6.632800e-05	8.866125e-05
2.000000e+02	2.400000e+02	2.411008e-04	4.681310e-05	6.255118e-05
2.400000e+02	2.800000e+02	1.739640e-04	3.400200e-05	4.731687e-05
2.800000e+02	3.200000e+02	1.311176e-04	2.689267e-05	3.819685e-05
3.200000e+02	3.600000e+02	1.016818e-04	1.924670e-05	2.996855e-05
3.600000e+02	4.000000e+02	8.174907e-05	1.601735e-05	2.493768e-05
4.000000e+02	4.400000e+02	6.769465e-05	1.441065e-05	1.932040e-05
4.400000e+02	4.800000e+02	5.801308e-05	1.291497e-05	1.581235e-05
4.800000e+02	5.200000e+02	4.792430e-05	9.406075e-06	1.565867e-05
5.200000e+02	5.600000e+02	4.066152e-05	8.286275e-06	1.306110e-05
5.600000e+02	6.000000e+02	3.530238e-05	7.525575e-06	1.090897e-05
6.000000e+02	6.400000e+02	3.091772e-05	6.568505e-06	9.689100e-06
6.400000e+02	6.800000e+02	2.741753e-05	6.319835e-06	8.304150e-06
6.800000e+02	7.200000e+02	2.687215e-05	7.824627e-06	4.722600e-06
7.200000e+02	7.600000e+02	2.155503e-05	4.659532e-06	6.827723e-06
7.600000e+02	8.000000e+02	1.900672e-05	3.948075e-06	6.191358e-06
8.000000e+02	8.400000e+02	1.704706e-05	3.684842e-06	5.474870e-06
8.400000e+02	8.800000e+02	1.535751e-05	3.193068e-06	4.730207e-06
8.800000e+02	9.200000e+02	1.382709e-05	3.119095e-06	4.549365e-06
9.200000e+02	9.600000e+02	1.230553e-05	2.406748e-06	4.068842e-06
9.600000e+02	1.000000e+03	1.104278e-05	2.226260e-06	3.965862e-06
1.000000e+03	1.040000e+03	1.018109e-05	2.113970e-06	3.580523e-06
1.040000e+03	1.080000e+03	9.069095e-06	1.694495e-06	3.250830e-06
1.080000e+03	1.120000e+03	8.286937e-06	1.713210e-06	2.988765e-06
1.120000e+03	1.160000e+03	7.691630e-06	1.836007e-06	2.306595e-06
1.160000e+03	1.200000e+03	6.858537e-06	1.413125e-06	2.398868e-06
1.200000e+03	1.240000e+03	6.371933e-06	1.346105e-06	2.094450e-06
1.240000e+03	1.280000e+03	5.831902e-06	1.386737e-06	2.097438e-06
1.280000e+03	1.320000e+03	5.235822e-06	1.204408e-06	1.843432e-06
1.320000e+03	1.360000e+03	4.935287e-06	1.292168e-06	1.449220e-06
1.360000e+03	1.400000e+03	4.531833e-06	1.076913e-06	1.388347e-06
1.400000e+03	1.440000e+03	4.032387e-06	8.695475e-07	1.263108e-06
1.440000e+03	1.480000e+03	3.662007e-06	6.560300e-07	7.852050e-07
1.480000e+03	1.520000e+03	3.380400e-06	7.224375e-07	1.302183e-06
1.520000e+03	1.560000e+03	3.115582e-06	7.315870e-07	1.089937e-06
1.560000e+03	1.600000e+03	2.881917e-06	7.150735e-07	1.009340e-06
1.600000e+03	1.640000e+03	2.657785e-06	6.765682e-07	8.852075e-07
1.640000e+03	1.680000e+03	2.431917e-06	4.730490e-07	8.645353e-07
1.680000e+03	1.720000e+03	2.219623e-06	5.230775e-07	8.045170e-07
1.720000e+03	1.760000e+03	2.090975e-06	4.784318e-07	6.532302e-07
1.760000e+03	1.800000e+03	1.842610e-06	4.723815e-07	6.286685e-07
1.800000e+03	1.840000e+03	1.719448e-06	3.657015e-07	6.239063e-07
1.840000e+03	1.880000e+03	1.582757e-06	3.424183e-07	5.680373e-07
1.880000e+03	1.920000e+03	1.488062e-06	3.795525e-07	4.630765e-07
1.920000e+03	1.960000e+03	1.509614e-06	4.888530e-07	3.761055e-07
1.960000e+03	2.000000e+03	1.285519e-06	3.139712e-07	4.244127e-07
2.000000e+03	2.040000e+03	1.178698e-06	3.095175e-07	3.727823e-07
2.040000e+03	2.080000e+03	1.071046e-06	2.657795e-07	4.518075e-07
2.080000e+03	2.120000e+03	9.987855e-07	2.715017e-07	3.208895e-07
2.120000e+03	2.160000e+03	8.918815e-07	1.971867e-07	4.419685e-07
2.160000e+03	2.200000e+03	8.477745e-07	2.273790e-07	2.820708e-07
2.200000e+03	2.240000e+03	7.574205e-07	1.909385e-07	2.978010e-07
2.240000e+03	2.280000e+03	6.634348e-07	1.187523e-07	3.039817e-07
2.280000e+03	2.320000e+03	6.560630e-07	1.671583e-07	2.448338e-07
2.320000e+03	2.360000e+03	6.356012e-07	1.884935e-07	1.750825e-07
2.360000e+03	2.400000e+03	5.447757e-07	1.342878e-07	1.930993e-07
2.400000e+03	2.440000e+03	5.122262e-07	1.488242e-07	1.894128e-07
2.440000e+03	2.480000e+03	4.943530e-07	1.263120e-07	1.688868e-07
2.480000e+03	2.520000e+03	4.437552e-07	1.161670e-07	1.387570e-07
2.520000e+03	2.560000e+03	4.078688e-07	1.266520e-07	1.012170e-07
2.560000e+03	2.600000e+03	3.668703e-07	1.026680e-07	1.252613e-07
2.600000e+03	2.640000e+03	4.154142e-07	1.622423e-07	4.509975e-08
2.640000e+03	2.680000e+03	2.930970e-07	8.492648e-08	1.245088e-07
2.680000e+03	2.720000e+03	3.145513e-07	1.058026e-07	1.131332e-07
2.720000e+03	2.760000e+03	2.556845e-07	5.551675e-08	1.137710e-07
2.760000e+03	2.800000e+03	2.421254e-07	5.614495e-08	9.947010e-08
2.800000e+03	2.840000e+03	2.559590e-07	8.767188e-08	4.695400e-08
2.840000e+03	2.880000e+03	2.122161e-07	7.020443e-08	9.396915e-08
2.880000e+03	2.920000e+03	1.884111e-07	3.887173e-08	9.014037e-08
2.920000e+03	2.960000e+03	1.907256e-07	5.332982e-08	4.662843e-08
2.960000e+03	3.000000e+03	1.518323e-07	2.155900e-08	5.781365e-08
3.000000e+03	3.040000e+03	9.855345e-08	0.000000e+00	1.169405e-07
3.040000e+03	3.080000e+03	1.286845e-07	3.717558e-08	6.952947e-08
3.080000e+03	3.120000e+03	9.954435e-08	1.120688e-08	6.585875e-08
3.120000e+03	3.160000e+03	1.374072e-07	5.328257e-08	0.000000e+00
3.160000e+03	3.200000e+03	1.029098e-07	1.173460e-08	4.172108e-08
3.200000e+03	3.240000e+03	8.686540e-08	1.542212e-08	5.046995e-08
3.240000e+03	3.280000e+03	9.405200e-08	2.959483e-08	2.475720e-08
3.280000e+03	3.320000e+03	7.529075e-08	1.866422e-08	2.933362e-08
3.320000e+03	3.360000e+03	6.434048e-08	1.189990e-08	3.808285e-08
3.360000e+03	3.400000e+03	7.047425e-08	1.968710e-08	6.886675e-08
3.400000e+03	3.440000e+03	5.934965e-08	1.651560e-08	3.887555e-08
3.440000e+03	3.480000e+03	5.535215e-08	1.200795e-08	2.551047e-08
3.480000e+03	3.520000e+03	5.199315e-08	1.731355e-08	1.720140e-08
3.520000e+03	3.560000e+03	3.828360e-08	0.000000e+00	2.939595e-08
3.560000e+03	3.600000e+03	4.062228e-08	1.102288e-08	2.432275e-08
3.600000e+03	3.640000e+03	3.777743e-08	9.657425e-09	3.122520e-08
3.640000e+03	3.680000e+03	3.775152e-08	1.102577e-08	1.273895e-08
3.680000e+03	3.720000e+03	3.094515e-08	5.734125e-09	1.415060e-08
3.720000e+03	3.760000e+03	3.168047e-08	1.092731e-08	1.388948e-08
3.760000e+03	3.800000e+03	2.772832e-08	6.415840e-09	1.361635e-08
3.800000e+03	3.840000e+03	2.291771e-08	3.167267e-09	1.785901e-08
3.840000e+03	3.880000e+03	2.636708e-08	1.152417e-08	4.484000e-09
3.880000e+03	3.920000e+03	2.227883e-08	9.230860e-09	8.817995e-09
3.920000e+03	3.960000e+03	1.927860e-08	4.498455e-09	1.048918e-08
3.960000e+03	4.000000e+03	1.779669e-08	4.458940e-09	7.124542e-09
4.000000e+03	4.040000e+03	1.492008e-08	3.028042e-09	1.193884e-08
4.040000e+03	4.080000e+03	1.456183e-08	4.717443e-09	6.541643e-09
4.080000e+03	4.120000e+03	2.090468e-08	1.133800e-08	0.000000e+00
4.120000e+03	4.160000e+03	1.372450e-08	4.481280e-09	0.000000e+00
4.160000e+03	4.200000e+03	1.161783e-08	3.913092e-09	3.247588e-09
4.200000e+03	4.240000e+03	8.758918e-09	1.393470e-09	1.564040e-09
4.240000e+03	4.280000e+03	1.002301e-08	3.505022e-09	2.544708e-09
4.280000e+03	4.320000e+03	6.303425e-09	3.987775e-10	5.167015e-09
4.320000e+03	4.360000e+03	5.560622e-09	0.000000e+00	5.224138e-09
4.360000e+03	4.400000e+03	5.995550e-09	9.971000e-10	2.848502e-09
4.400000e+03	4.440000e+03	4.951950e-09	2.690724e-09	4.457728e-09
4.440000e+03	4.480000e+03	6.179750e-09	3.149685e-09	1.268357e-09
4.480000e+03	4.520000e+03	4.523693e-09	5.581125e-10	1.280257e-09
4.520000e+03	4.560000e+03	5.101088e-09	2.118358e-09	3.892000e-10
4.560000e+03	4.600000e+03	4.480245e-09	1.599235e-09	2.653830e-09
4.600000e+03	4.640000e+03	3.724300e-09	1.148767e-09	1.597448e-09
4.640000e+03	4.680000e+03	3.977287e-09	1.922232e-09	0.000000e+00
4.680000e+03	4.720000e+03	2.351179e-09	8.021097e-10	1.879968e-09
4.720000e+03	4.760000e+03	2.423652e-09	6.704213e-10	1.116251e-09
4.760000e+03	4.800000e+03	2.135822e-09	4.696233e-10	1.162593e-09
4.800000e+03	4.840000e+03	2.306854e-09	8.631500e-10	2.833510e-10
4.840000e+03	4.880000e+03	1.923912e-09	2.401335e-10	6.123860e-10
4.880000e+03	4.920000e+03	1.383991e-09	1.152180e-10	1.097450e-09
4.920000e+03	4.960000e+03	2.120402e-09	1.461445e-09	1.441368e-10
4.960000e+03	5.000000e+03	1.743081e-09	1.225086e-09	0.000000e+00
5.000000e+03	5.040000e+03	1.076223e-09	0.000000e+00	8.275745e-10
5.040000e+03	5.080000e+03	-1.542442e-09	0.000000e+00	3.458506e-09
5.080000e+03	5.120000e+03	1.048772e-09	0.000000e+00	9.658525e-10
5.120000e+03	5.160000e+03	4.200530e-10	3.474900e-11	8.088170e-10
5.160000e+03	5.200000e+03	1.404394e-09	1.068821e-09	1.256246e-09
5.200000e+03	5.240000e+03	7.804460e-10	3.193710e-10	5.271473e-10
5.240000e+03	5.280000e+03	4.070073e-10	0.000000e+00	8.309227e-10
5.280000e+03	5.320000e+03	5.899910e-10	2.269375e-11	4.536447e-10
5.320000e+03	5.360000e+03	8.762650e-10	3.086160e-10	1.660750e-12
5.360000e+03	5.400000e+03	2.532065e-10	5.062143e-11	2.975090e-10
5.400000e+03	5.440000e+03	9.509625e-12	0.000000e+00	7.894054e-10
5.440000e+03	5.480000e+03	4.713918e-10	2.591930e-10	1.357197e-09
5.480000e+03	5.520000e+03	3.101670e-10	1.219065e-10	1.950893e-10
5.520000e+03	5.560000e+03	2.013766e-10	4.571295e-11	3.963474e-10
5.560000e+03	5.600000e+03	1.948178e-10	3.968850e-11	2.740732e-10
5.600000e+03	5.640000e+03	7.670785e-11	0.000000e+00	2.764569e-10
5.640000e+03	5.680000e+03	2.053368e-10	0.000000e+00	1.644692e-10
5.680000e+03	5.720000e+03	4.112870e-10	3.285964e-10	0.000000e+00
5.720000e+03	5.760000e+03	9.393547e-10	8.351216e-10	0.000000e+00
5.760000e+03	5.800000e+03	1.904658e-10	0.000000e+00	2.035317e-10
5.800000e+03	5.840000e+03	1.248670e-09	9.887112e-10	0.000000e+00
5.840000e+03	5.880000e+03	8.821300e-11	0.000000e+00	1.842393e-10
5.880000e+03	5.920000e+03	1.079618e-10	5.641022e-11	0.000000e+00
5.920000e+03	5.960000e+03	1.103025e-10	4.824048e-11	0.000000e+00
5.960000e+03	6.000000e+03	2.465201e-11	0.000000e+00	2.129423e-10
# END HISTO1D

