# BEGIN PLOT
Scale=1000.0
DrawOnly=//homes/tinghua1/Merging-Project/Production/HJETS/ratio-plots/hjets-matched-errorband/H-N2-N3-4-25gev-combine.yoda/MC_H2JETS_07_INC/j2j3j4_mass //homes/tinghua1/Merging-Project/Production/HJETS/ratio-plots/hjets-matched-errorband/H-N2-3-4-25gev-combine.yoda/MC_H2JETS_07_INC/j2j3j4_mass //homes/tinghua1/Merging-Project/Production/HJETS/ratio-plots/hjets-matched-errorband/H-2-3-4-25gev-combine.yoda/MC_H2JETS_07_INC/j2j3j4_mass //homes/tinghua1/Merging-Project/Production/HJETS/ratio-plots/hjets-matched-errorband/H-N2-3-25gev-combine.yoda/MC_H2JETS_07_INC/j2j3j4_mass //homes/tinghua1/Merging-Project/Production/HJETS/ratio-plots/hjets-matched-errorband/H-2-3-25gev-combine.yoda/MC_H2JETS_07_INC/j2j3j4_mass //homes/tinghua1/Merging-Project/Production/HJETS/ratio-plots/hjets-matched-errorband/H3Jets-NLOPS-combine.yoda/MC_H2JETS_07_INC/j2j3j4_mass //homes/tinghua1/Merging-Project/Production/HJETS/ratio-plots/hjets-matched-errorband/H2Jets-NLOPS-combine.yoda/MC_H2JETS_07_INC/j2j3j4_mass
RightMargin=0.5
RatioPlotReference=//homes/tinghua1/Merging-Project/Production/HJETS/ratio-plots/hjets-matched-errorband/H-N2-N3-4-25gev-combine.yoda/MC_H2JETS_07_INC/j2j3j4_mass
#RatioPlot=1
LogY=1
RatioPlotYMax=2.0
RatioPlotYLabel=Ratio
#LegendOnly=//homes/tinghua1/Merging-Project/Production/HJETS/ratio-plots/hjets-matched-errorband/H-N2-N3-4-25gev-combine.yoda/MC_H2JETS_07_INC/j2j3j4_mass //homes/tinghua1/Merging-Project/Production/HJETS/ratio-plots/hjets-matched-errorband/H-N2-3-4-25gev-combine.yoda/MC_H2JETS_07_INC/j2j3j4_mass //homes/tinghua1/Merging-Project/Production/HJETS/ratio-plots/hjets-matched-errorband/H-2-3-4-25gev-combine.yoda/MC_H2JETS_07_INC/j2j3j4_mass //homes/tinghua1/Merging-Project/Production/HJETS/ratio-plots/hjets-matched-errorband/H-N2-3-25gev-combine.yoda/MC_H2JETS_07_INC/j2j3j4_mass //homes/tinghua1/Merging-Project/Production/HJETS/ratio-plots/hjets-matched-errorband/H-2-3-25gev-combine.yoda/MC_H2JETS_07_INC/j2j3j4_mass //homes/tinghua1/Merging-Project/Production/HJETS/ratio-plots/hjets-matched-errorband/H3Jets-NLOPS-combine.yoda/MC_H2JETS_07_INC/j2j3j4_mass //homes/tinghua1/Merging-Project/Production/HJETS/ratio-plots/hjets-matched-errorband/H2Jets-NLOPS-combine.yoda/MC_H2JETS_07_INC/j2j3j4_mass
XLabel=$m_{j_2j_3j_4}$ (GeV)
LegendAlign=r
YLabel=$ \text{d} \sigma/ \text{d}  m_{j_2j_3j_4}$ (fb/GeV)
Legend=0
RatioPlot=6
MainPlotSelection={"Selection":[1,2,3,4,5,6,7]}
RatioPlots={"RatioPlotYLabel":"","Selection":[1,2]};{"RatioPlotYLabel":"","Selection":[1,3]};{"RatioPlotYLabel":"","Selection":[1,4]};{"RatioPlotYLabel":"","Selection":[1,5]};{"RatioPlotYLabel":"","Selection":[1,6]};{"RatioPlotYLabel":"","Selection":[1,7]}
RatioPlotSameStyle=1
RatioPlotYMin=0.0
# END PLOT


# BEGIN SPECIAL /MC_H2JETS_07_INC/j2j3j4_mass
\rput[tl](0.05,0.75){\parbox{5cm}{\textcolor{gray}{{\bf Herwig 7.2.0} \\ HJETS/ColorFull}}}
# END SPECIAL

# BEGIN HISTO1D //homes/tinghua1/Merging-Project/Production/HJETS/ratio-plots/hjets-matched-errorband/H-N2-N3-4-25gev-combine.yoda/MC_H2JETS_07_INC/j2j3j4_mass
ErrorBandColor=orange
ErrorBandOpacity=0.3
ErrorBands=1
ErrorType=env
LineColor=orange
LineStyle=solid
Path=//homes/tinghua1/Merging-Project/Production/HJETS/ratio-plots/hjets-matched-errorband/H-N2-N3-4-25gev-combine.yoda/MC_H2JETS_07_INC/j2j3j4_mass
RatioPlotSameStyle=1
Title=h(2*,3*,4)
# xlow	 xhigh	 val	 errminus	 errplus
0.000000e+00	1.000000e+01	0.000000e+00	0.000000e+00	0.000000e+00
1.000000e+01	2.000000e+01	0.000000e+00	0.000000e+00	0.000000e+00
2.000000e+01	3.000000e+01	0.000000e+00	0.000000e+00	0.000000e+00
3.000000e+01	4.000000e+01	1.419063e-08	0.000000e+00	3.001642e-08
4.000000e+01	5.000000e+01	1.059657e-06	0.000000e+00	1.590170e-07
5.000000e+01	6.000000e+01	9.004530e-06	9.757810e-07	3.537700e-07
6.000000e+01	7.000000e+01	3.107826e-05	5.437100e-07	3.940270e-06
7.000000e+01	8.000000e+01	9.433805e-05	3.755260e-06	3.525450e-06
8.000000e+01	9.000000e+01	1.770197e-04	2.033610e-05	3.131970e-05
9.000000e+01	1.000000e+02	2.703095e-04	3.022720e-05	1.809290e-05
1.000000e+02	1.100000e+02	4.178162e-04	8.308030e-05	2.480750e-05
1.100000e+02	1.200000e+02	5.069321e-04	5.087250e-05	7.499670e-05
1.200000e+02	1.300000e+02	5.727627e-04	2.769090e-05	1.538356e-04
1.300000e+02	1.400000e+02	6.869996e-04	5.551270e-05	8.259530e-05
1.400000e+02	1.500000e+02	7.622201e-04	1.514645e-04	9.423340e-05
1.500000e+02	1.600000e+02	7.244357e-04	9.491150e-05	9.370810e-05
1.600000e+02	1.700000e+02	7.205337e-04	1.215402e-04	8.550950e-05
1.700000e+02	1.800000e+02	6.677322e-04	1.189591e-04	1.572249e-04
1.800000e+02	1.900000e+02	6.387405e-04	1.100268e-04	1.419286e-04
1.900000e+02	2.000000e+02	5.825453e-04	5.926020e-05	1.206087e-04
2.000000e+02	2.100000e+02	5.754515e-04	9.551930e-05	1.463944e-04
2.100000e+02	2.200000e+02	5.574775e-04	1.025085e-04	7.281400e-05
2.200000e+02	2.300000e+02	5.222542e-04	8.995880e-05	5.504780e-05
2.300000e+02	2.400000e+02	4.882872e-04	8.746000e-05	8.083840e-05
2.400000e+02	2.500000e+02	4.556825e-04	7.350720e-05	8.006130e-05
2.500000e+02	2.600000e+02	4.317116e-04	8.017280e-05	1.647623e-04
2.600000e+02	2.700000e+02	3.886387e-04	5.988470e-05	9.153010e-05
2.700000e+02	2.800000e+02	3.666953e-04	7.237550e-05	8.894540e-05
2.800000e+02	2.900000e+02	3.590265e-04	5.317360e-05	5.636050e-05
2.900000e+02	3.000000e+02	3.515577e-04	0.000000e+00	1.137798e-04
3.000000e+02	3.100000e+02	3.201785e-04	5.280410e-05	4.021680e-05
3.100000e+02	3.200000e+02	3.156760e-04	1.551315e-04	0.000000e+00
3.200000e+02	3.300000e+02	2.702358e-04	2.745710e-05	7.932140e-05
3.300000e+02	3.400000e+02	3.272295e-04	7.828150e-05	0.000000e+00
3.400000e+02	3.500000e+02	2.579643e-04	3.782560e-05	7.175560e-05
3.500000e+02	3.600000e+02	2.368616e-04	2.959850e-05	3.388450e-05
3.600000e+02	3.700000e+02	2.337019e-04	3.874570e-05	2.460500e-05
3.700000e+02	3.800000e+02	2.312920e-04	4.560680e-05	1.968200e-05
3.800000e+02	3.900000e+02	1.634527e-04	0.000000e+00	1.280857e-04
3.900000e+02	4.000000e+02	2.112622e-04	5.221810e-05	3.934610e-05
4.000000e+02	4.100000e+02	1.761100e-04	0.000000e+00	6.444070e-05
4.100000e+02	4.200000e+02	2.257415e-04	6.825880e-05	0.000000e+00
4.200000e+02	4.300000e+02	1.845309e-04	3.376060e-05	2.872250e-05
4.300000e+02	4.400000e+02	1.836369e-04	4.669270e-05	6.175460e-05
4.400000e+02	4.500000e+02	1.687045e-04	3.267530e-05	4.349760e-05
4.500000e+02	4.600000e+02	1.642847e-04	2.337310e-05	4.284880e-05
4.600000e+02	4.700000e+02	1.458581e-04	1.276870e-05	4.633520e-05
4.700000e+02	4.800000e+02	1.513207e-04	1.532690e-05	4.031000e-05
4.800000e+02	4.900000e+02	1.782835e-04	4.271130e-05	0.000000e+00
4.900000e+02	5.000000e+02	1.503057e-04	2.824810e-05	3.998070e-05
# END HISTO1D


# BEGIN HISTO1D //homes/tinghua1/Merging-Project/Production/HJETS/ratio-plots/hjets-matched-errorband/H-N2-3-4-25gev-combine.yoda/MC_H2JETS_07_INC/j2j3j4_mass
ErrorBandColor=blue
ErrorBandOpacity=0.3
ErrorBands=1
ErrorType=env
LineColor=blue
LineStyle=solid
Path=//homes/tinghua1/Merging-Project/Production/HJETS/ratio-plots/hjets-matched-errorband/H-N2-3-4-25gev-combine.yoda/MC_H2JETS_07_INC/j2j3j4_mass
RatioPlotSameStyle=1
Title=h(2*,3,4)
# xlow	 xhigh	 val	 errminus	 errplus
0.000000e+00	1.000000e+01	0.000000e+00	0.000000e+00	0.000000e+00
1.000000e+01	2.000000e+01	0.000000e+00	0.000000e+00	0.000000e+00
2.000000e+01	3.000000e+01	0.000000e+00	0.000000e+00	0.000000e+00
3.000000e+01	4.000000e+01	2.139249e-08	3.797520e-09	2.043300e-08
4.000000e+01	5.000000e+01	9.260253e-07	0.000000e+00	2.512377e-07
5.000000e+01	6.000000e+01	8.733629e-06	1.892210e-07	6.904870e-07
6.000000e+01	7.000000e+01	3.020420e-05	1.143610e-06	4.221460e-06
7.000000e+01	8.000000e+01	8.571415e-05	4.550050e-06	1.352328e-05
8.000000e+01	9.000000e+01	1.719275e-04	1.198850e-05	2.861910e-05
9.000000e+01	1.000000e+02	2.623363e-04	3.165770e-05	5.197960e-05
1.000000e+02	1.100000e+02	3.533014e-04	3.680870e-05	9.303050e-05
1.100000e+02	1.200000e+02	4.839542e-04	5.925980e-05	9.698810e-05
1.200000e+02	1.300000e+02	5.906860e-04	8.564900e-05	1.095368e-04
1.300000e+02	1.400000e+02	6.540432e-04	1.171629e-04	1.252081e-04
1.400000e+02	1.500000e+02	6.856295e-04	1.165975e-04	1.536885e-04
1.500000e+02	1.600000e+02	6.794558e-04	1.174078e-04	1.366450e-04
1.600000e+02	1.700000e+02	6.627435e-04	1.171645e-04	1.330806e-04
1.700000e+02	1.800000e+02	6.363957e-04	1.071286e-04	1.709635e-04
1.800000e+02	1.900000e+02	6.190268e-04	1.061602e-04	1.092088e-04
1.900000e+02	2.000000e+02	5.812897e-04	1.081746e-04	1.332149e-04
2.000000e+02	2.100000e+02	5.478352e-04	7.409580e-05	1.245181e-04
2.100000e+02	2.200000e+02	5.211558e-04	8.545420e-05	1.316021e-04
2.200000e+02	2.300000e+02	4.887475e-04	9.092870e-05	1.077656e-04
2.300000e+02	2.400000e+02	4.599209e-04	8.885220e-05	1.033603e-04
2.400000e+02	2.500000e+02	4.430047e-04	9.382680e-05	9.027440e-05
2.500000e+02	2.600000e+02	4.102909e-04	7.628940e-05	8.795380e-05
2.600000e+02	2.700000e+02	3.828461e-04	6.475430e-05	9.665940e-05
2.700000e+02	2.800000e+02	3.646784e-04	7.549820e-05	8.878420e-05
2.800000e+02	2.900000e+02	3.400571e-04	6.243750e-05	1.015353e-04
2.900000e+02	3.000000e+02	3.226838e-04	5.935150e-05	2.067443e-04
3.000000e+02	3.100000e+02	3.012218e-04	5.792710e-05	9.787110e-05
3.100000e+02	3.200000e+02	2.920996e-04	5.464310e-05	7.206250e-05
3.200000e+02	3.300000e+02	2.785960e-04	5.061380e-05	8.136890e-05
3.300000e+02	3.400000e+02	2.697953e-04	5.926230e-05	6.757540e-05
3.400000e+02	3.500000e+02	2.534815e-04	4.754900e-05	6.295730e-05
3.500000e+02	3.600000e+02	2.434261e-04	4.698890e-05	5.837730e-05
3.600000e+02	3.700000e+02	2.303107e-04	4.845230e-05	5.976880e-05
3.700000e+02	3.800000e+02	2.336781e-04	5.440960e-05	5.703290e-05
3.800000e+02	3.900000e+02	2.105813e-04	3.840630e-05	5.911040e-05
3.900000e+02	4.000000e+02	2.006751e-04	3.949720e-05	6.102420e-05
4.000000e+02	4.100000e+02	1.950698e-04	4.014660e-05	5.081420e-05
4.100000e+02	4.200000e+02	1.857663e-04	3.661870e-05	5.271220e-05
4.200000e+02	4.300000e+02	1.821553e-04	4.168560e-05	4.990970e-05
4.300000e+02	4.400000e+02	1.736639e-04	3.286400e-05	5.069700e-05
4.400000e+02	4.500000e+02	1.708928e-04	3.552810e-05	4.529490e-05
4.500000e+02	4.600000e+02	1.904236e-04	6.302630e-05	1.836530e-05
4.600000e+02	4.700000e+02	1.509769e-04	2.650940e-05	4.858320e-05
4.700000e+02	4.800000e+02	1.511990e-04	3.307900e-05	4.813940e-05
4.800000e+02	4.900000e+02	1.515004e-04	3.413580e-05	4.103750e-05
4.900000e+02	5.000000e+02	1.430827e-04	2.910100e-05	4.697960e-05
# END HISTO1D


# BEGIN HISTO1D //homes/tinghua1/Merging-Project/Production/HJETS/ratio-plots/hjets-matched-errorband/H-2-3-4-25gev-combine.yoda/MC_H2JETS_07_INC/j2j3j4_mass
ErrorBandColor=yellow
ErrorBandOpacity=0.3
ErrorBands=1
ErrorType=env
LineColor=yellow
LineStyle=solid
Path=//homes/tinghua1/Merging-Project/Production/HJETS/ratio-plots/hjets-matched-errorband/H-2-3-4-25gev-combine.yoda/MC_H2JETS_07_INC/j2j3j4_mass
RatioPlotSameStyle=1
Title=h(2,3,4)
# xlow	 xhigh	 val	 errminus	 errplus
0.000000e+00	1.000000e+01	0.000000e+00	0.000000e+00	0.000000e+00
1.000000e+01	2.000000e+01	0.000000e+00	0.000000e+00	0.000000e+00
2.000000e+01	3.000000e+01	0.000000e+00	0.000000e+00	0.000000e+00
3.000000e+01	4.000000e+01	2.662855e-08	7.942190e-09	0.000000e+00
4.000000e+01	5.000000e+01	1.063779e-06	1.807500e-08	2.894270e-07
5.000000e+01	6.000000e+01	8.401112e-06	0.000000e+00	5.962900e-07
6.000000e+01	7.000000e+01	2.855346e-05	0.000000e+00	2.955720e-06
7.000000e+01	8.000000e+01	8.083353e-05	7.773850e-06	9.187250e-06
8.000000e+01	9.000000e+01	1.556535e-04	1.206810e-05	2.153000e-05
9.000000e+01	1.000000e+02	2.330023e-04	2.380620e-05	4.122160e-05
1.000000e+02	1.100000e+02	3.245215e-04	4.068370e-05	5.479960e-05
1.100000e+02	1.200000e+02	4.319817e-04	6.711330e-05	6.989620e-05
1.200000e+02	1.300000e+02	5.152805e-04	7.819230e-05	8.894440e-05
1.300000e+02	1.400000e+02	5.688638e-04	7.092700e-05	9.686130e-05
1.400000e+02	1.500000e+02	5.930379e-04	8.527960e-05	1.198801e-04
1.500000e+02	1.600000e+02	6.043720e-04	9.536090e-05	1.136576e-04
1.600000e+02	1.700000e+02	5.883724e-04	9.510250e-05	1.010951e-04
1.700000e+02	1.800000e+02	5.642387e-04	8.823860e-05	1.015555e-04
1.800000e+02	1.900000e+02	5.304658e-04	6.640720e-05	1.042409e-04
1.900000e+02	2.000000e+02	5.005524e-04	6.549640e-05	1.049170e-04
2.000000e+02	2.100000e+02	4.791977e-04	6.755260e-05	9.272550e-05
2.100000e+02	2.200000e+02	4.580146e-04	7.748560e-05	8.788690e-05
2.200000e+02	2.300000e+02	4.249974e-04	7.262300e-05	8.423060e-05
2.300000e+02	2.400000e+02	3.970305e-04	6.298020e-05	8.522890e-05
2.400000e+02	2.500000e+02	3.712844e-04	6.337140e-05	7.242480e-05
2.500000e+02	2.600000e+02	3.540882e-04	6.606280e-05	8.546050e-05
2.600000e+02	2.700000e+02	3.325687e-04	5.746190e-05	7.249950e-05
2.700000e+02	2.800000e+02	3.194241e-04	5.629020e-05	7.338920e-05
2.800000e+02	2.900000e+02	2.942353e-04	4.464150e-05	7.123600e-05
2.900000e+02	3.000000e+02	2.910862e-04	5.975120e-05	5.729510e-05
3.000000e+02	3.100000e+02	2.728181e-04	5.640320e-05	5.404450e-05
3.100000e+02	3.200000e+02	2.578908e-04	4.748020e-05	6.569710e-05
3.200000e+02	3.300000e+02	2.489122e-04	5.224400e-05	5.377100e-05
3.300000e+02	3.400000e+02	2.281855e-04	4.218720e-05	6.121260e-05
3.400000e+02	3.500000e+02	2.165104e-04	3.241190e-05	5.865850e-05
3.500000e+02	3.600000e+02	2.141195e-04	4.147090e-05	4.691170e-05
3.600000e+02	3.700000e+02	2.009831e-04	3.145820e-05	5.104480e-05
3.700000e+02	3.800000e+02	1.901725e-04	3.129340e-05	5.088350e-05
3.800000e+02	3.900000e+02	1.863910e-04	3.438080e-05	4.264440e-05
3.900000e+02	4.000000e+02	1.783512e-04	2.789800e-05	4.125920e-05
4.000000e+02	4.100000e+02	1.705851e-04	3.198910e-05	4.328520e-05
4.100000e+02	4.200000e+02	1.688602e-04	3.524540e-05	4.222170e-05
4.200000e+02	4.300000e+02	1.577780e-04	2.442540e-05	4.607090e-05
4.300000e+02	4.400000e+02	1.517651e-04	2.546450e-05	4.201580e-05
4.400000e+02	4.500000e+02	1.483687e-04	2.614040e-05	4.102910e-05
4.500000e+02	4.600000e+02	1.499505e-04	3.500670e-05	2.659640e-05
4.600000e+02	4.700000e+02	1.397580e-04	2.683970e-05	3.282480e-05
4.700000e+02	4.800000e+02	1.321180e-04	2.407480e-05	4.266240e-05
4.800000e+02	4.900000e+02	1.265997e-04	2.346910e-05	4.076090e-05
4.900000e+02	5.000000e+02	1.290224e-04	2.844790e-05	2.753100e-05
# END HISTO1D


# BEGIN HISTO1D //homes/tinghua1/Merging-Project/Production/HJETS/ratio-plots/hjets-matched-errorband/H-N2-3-25gev-combine.yoda/MC_H2JETS_07_INC/j2j3j4_mass
ErrorBandColor=green
ErrorBandOpacity=0.3
ErrorBands=1
ErrorType=env
LineColor=green
LineStyle=solid
Path=//homes/tinghua1/Merging-Project/Production/HJETS/ratio-plots/hjets-matched-errorband/H-N2-3-25gev-combine.yoda/MC_H2JETS_07_INC/j2j3j4_mass
RatioPlotSameStyle=1
Title=h(2*,3)
# xlow	 xhigh	 val	 errminus	 errplus
0.000000e+00	1.000000e+01	0.000000e+00	0.000000e+00	0.000000e+00
1.000000e+01	2.000000e+01	0.000000e+00	0.000000e+00	0.000000e+00
2.000000e+01	3.000000e+01	0.000000e+00	0.000000e+00	0.000000e+00
3.000000e+01	4.000000e+01	3.647322e-08	1.017452e-08	0.000000e+00
4.000000e+01	5.000000e+01	1.053049e-06	7.675840e-08	5.670600e-08
5.000000e+01	6.000000e+01	8.443934e-06	1.083720e-07	3.021950e-07
6.000000e+01	7.000000e+01	3.151596e-05	1.566510e-06	3.958890e-06
7.000000e+01	8.000000e+01	9.090943e-05	8.597840e-06	9.691670e-06
8.000000e+01	9.000000e+01	1.834612e-04	2.024580e-05	2.520250e-05
9.000000e+01	1.000000e+02	2.696302e-04	3.232740e-05	5.118120e-05
1.000000e+02	1.100000e+02	3.773324e-04	5.759940e-05	8.417720e-05
1.100000e+02	1.200000e+02	4.873328e-04	6.934510e-05	9.957330e-05
1.200000e+02	1.300000e+02	5.763114e-04	8.674720e-05	1.137863e-04
1.300000e+02	1.400000e+02	6.241203e-04	9.776180e-05	1.294447e-04
1.400000e+02	1.500000e+02	6.429837e-04	1.069283e-04	1.397936e-04
1.500000e+02	1.600000e+02	6.335312e-04	1.034080e-04	1.419845e-04
1.600000e+02	1.700000e+02	6.088126e-04	1.045954e-04	1.494946e-04
1.700000e+02	1.800000e+02	5.839921e-04	1.066219e-04	1.421966e-04
1.800000e+02	1.900000e+02	5.473836e-04	9.885540e-05	1.402052e-04
1.900000e+02	2.000000e+02	5.115211e-04	9.347060e-05	1.255024e-04
2.000000e+02	2.100000e+02	4.765760e-04	8.871070e-05	2.649672e-04
2.100000e+02	2.200000e+02	4.454554e-04	8.379620e-05	1.135949e-04
2.200000e+02	2.300000e+02	4.417853e-04	9.957710e-05	8.477270e-05
2.300000e+02	2.400000e+02	3.922342e-04	7.972450e-05	1.004700e-04
2.400000e+02	2.500000e+02	3.625383e-04	6.774450e-05	1.011165e-04
2.500000e+02	2.600000e+02	3.405062e-04	6.346920e-05	8.841490e-05
2.600000e+02	2.700000e+02	3.205528e-04	6.147210e-05	8.202520e-05
2.700000e+02	2.800000e+02	2.980515e-04	6.069750e-05	7.788840e-05
2.800000e+02	2.900000e+02	2.824087e-04	5.328840e-05	7.814530e-05
2.900000e+02	3.000000e+02	2.628020e-04	4.800750e-05	7.359190e-05
3.000000e+02	3.100000e+02	2.469885e-04	4.361520e-05	7.481630e-05
3.100000e+02	3.200000e+02	2.421499e-04	5.325550e-05	6.532930e-05
3.200000e+02	3.300000e+02	2.263176e-04	4.303230e-05	6.010960e-05
3.300000e+02	3.400000e+02	2.132940e-04	4.282620e-05	5.986710e-05
3.400000e+02	3.500000e+02	2.022868e-04	3.927490e-05	6.723620e-05
3.500000e+02	3.600000e+02	1.960935e-04	4.112310e-05	5.254420e-05
3.600000e+02	3.700000e+02	1.878629e-04	4.215760e-05	5.122840e-05
3.700000e+02	3.800000e+02	1.749800e-04	3.336020e-05	5.299130e-05
3.800000e+02	3.900000e+02	1.701302e-04	3.096210e-05	4.325200e-05
3.900000e+02	4.000000e+02	1.623338e-04	3.479520e-05	4.563090e-05
4.000000e+02	4.100000e+02	1.583521e-04	3.111120e-05	4.184970e-05
4.100000e+02	4.200000e+02	1.508320e-04	2.790200e-05	4.073820e-05
4.200000e+02	4.300000e+02	1.462896e-04	3.458430e-05	4.012040e-05
4.300000e+02	4.400000e+02	1.400295e-04	2.797360e-05	3.492770e-05
4.400000e+02	4.500000e+02	1.302647e-04	2.482350e-05	4.079770e-05
4.500000e+02	4.600000e+02	1.260078e-04	2.440740e-05	3.903490e-05
4.600000e+02	4.700000e+02	1.206348e-04	1.668100e-05	4.037620e-05
4.700000e+02	4.800000e+02	1.217568e-04	2.914116e-05	2.985110e-05
4.800000e+02	4.900000e+02	1.155048e-04	2.431902e-05	3.325490e-05
4.900000e+02	5.000000e+02	1.115312e-04	2.288157e-05	3.365340e-05
# END HISTO1D


# BEGIN HISTO1D //homes/tinghua1/Merging-Project/Production/HJETS/ratio-plots/hjets-matched-errorband/H-2-3-25gev-combine.yoda/MC_H2JETS_07_INC/j2j3j4_mass
ErrorBandColor=purple
ErrorBandOpacity=0.3
ErrorBands=1
ErrorType=env
LineColor=purple
LineStyle=solid
Path=//homes/tinghua1/Merging-Project/Production/HJETS/ratio-plots/hjets-matched-errorband/H-2-3-25gev-combine.yoda/MC_H2JETS_07_INC/j2j3j4_mass
RatioPlotSameStyle=1
Title=h(2,3)
# xlow	 xhigh	 val	 errminus	 errplus
0.000000e+00	1.000000e+01	0.000000e+00	0.000000e+00	0.000000e+00
1.000000e+01	2.000000e+01	0.000000e+00	0.000000e+00	0.000000e+00
2.000000e+01	3.000000e+01	0.000000e+00	0.000000e+00	0.000000e+00
3.000000e+01	4.000000e+01	2.815007e-08	6.258890e-09	0.000000e+00
4.000000e+01	5.000000e+01	1.216156e-06	1.556220e-07	0.000000e+00
5.000000e+01	6.000000e+01	8.391918e-06	0.000000e+00	1.175144e-06
6.000000e+01	7.000000e+01	2.906725e-05	0.000000e+00	3.972350e-06
7.000000e+01	8.000000e+01	7.680341e-05	0.000000e+00	1.589213e-05
8.000000e+01	9.000000e+01	1.513915e-04	0.000000e+00	3.561240e-05
9.000000e+01	1.000000e+02	2.149498e-04	0.000000e+00	6.484990e-05
1.000000e+02	1.100000e+02	2.866124e-04	0.000000e+00	1.052419e-04
1.100000e+02	1.200000e+02	3.745640e-04	0.000000e+00	1.306944e-04
1.200000e+02	1.300000e+02	4.383645e-04	0.000000e+00	1.572037e-04
1.300000e+02	1.400000e+02	4.737459e-04	0.000000e+00	1.777753e-04
1.400000e+02	1.500000e+02	4.765789e-04	0.000000e+00	1.865471e-04
1.500000e+02	1.600000e+02	4.661204e-04	0.000000e+00	1.967177e-04
1.600000e+02	1.700000e+02	4.467369e-04	0.000000e+00	1.896688e-04
1.700000e+02	1.800000e+02	4.203708e-04	0.000000e+00	1.800694e-04
1.800000e+02	1.900000e+02	3.931015e-04	0.000000e+00	1.745123e-04
1.900000e+02	2.000000e+02	3.634318e-04	0.000000e+00	1.730134e-04
2.000000e+02	2.100000e+02	3.418021e-04	0.000000e+00	1.549455e-04
2.100000e+02	2.200000e+02	3.160444e-04	0.000000e+00	1.472734e-04
2.200000e+02	2.300000e+02	2.936316e-04	0.000000e+00	1.412561e-04
2.300000e+02	2.400000e+02	2.701883e-04	0.000000e+00	1.324530e-04
2.400000e+02	2.500000e+02	2.530185e-04	0.000000e+00	1.218498e-04
2.500000e+02	2.600000e+02	2.353133e-04	0.000000e+00	1.151885e-04
2.600000e+02	2.700000e+02	2.191735e-04	0.000000e+00	1.091576e-04
2.700000e+02	2.800000e+02	2.076286e-04	0.000000e+00	1.018635e-04
2.800000e+02	2.900000e+02	1.960220e-04	0.000000e+00	9.527270e-05
2.900000e+02	3.000000e+02	1.860360e-04	0.000000e+00	8.621520e-05
3.000000e+02	3.100000e+02	1.721800e-04	0.000000e+00	8.800930e-05
3.100000e+02	3.200000e+02	1.617927e-04	0.000000e+00	8.434750e-05
3.200000e+02	3.300000e+02	1.562035e-04	0.000000e+00	7.926000e-05
3.300000e+02	3.400000e+02	1.476872e-04	0.000000e+00	7.718880e-05
3.400000e+02	3.500000e+02	1.414469e-04	0.000000e+00	7.135040e-05
3.500000e+02	3.600000e+02	1.336342e-04	0.000000e+00	7.419840e-05
3.600000e+02	3.700000e+02	1.295948e-04	0.000000e+00	6.824500e-05
3.700000e+02	3.800000e+02	1.209620e-04	0.000000e+00	6.587850e-05
3.800000e+02	3.900000e+02	1.148665e-04	0.000000e+00	6.611750e-05
3.900000e+02	4.000000e+02	1.110569e-04	0.000000e+00	5.953320e-05
4.000000e+02	4.100000e+02	1.078077e-04	0.000000e+00	5.777580e-05
4.100000e+02	4.200000e+02	1.025400e-04	0.000000e+00	5.846910e-05
4.200000e+02	4.300000e+02	1.011922e-04	0.000000e+00	5.286710e-05
4.300000e+02	4.400000e+02	9.603372e-05	0.000000e+00	5.261658e-05
4.400000e+02	4.500000e+02	9.248829e-05	0.000000e+00	5.319361e-05
4.500000e+02	4.600000e+02	8.873341e-05	0.000000e+00	5.501419e-05
4.600000e+02	4.700000e+02	8.533164e-05	0.000000e+00	4.925836e-05
4.700000e+02	4.800000e+02	8.349585e-05	0.000000e+00	4.673295e-05
4.800000e+02	4.900000e+02	8.146977e-05	0.000000e+00	4.566853e-05
4.900000e+02	5.000000e+02	7.941920e-05	0.000000e+00	4.452820e-05
# END HISTO1D


# BEGIN HISTO1D //homes/tinghua1/Merging-Project/Production/HJETS/ratio-plots/hjets-matched-errorband/H3Jets-NLOPS-combine.yoda/MC_H2JETS_07_INC/j2j3j4_mass
ErrorBandColor=red
ErrorBandOpacity=0.3
ErrorBands=1
ErrorType=env
LineColor=red
LineStyle=solid
Path=//homes/tinghua1/Merging-Project/Production/HJETS/ratio-plots/hjets-matched-errorband/H3Jets-NLOPS-combine.yoda/MC_H2JETS_07_INC/j2j3j4_mass
RatioPlotSameStyle=1
Title=h(3*) $\oplus$ PS
# xlow	 xhigh	 val	 errminus	 errplus
0.000000e+00	1.000000e+01	0.000000e+00	0.000000e+00	0.000000e+00
1.000000e+01	2.000000e+01	0.000000e+00	0.000000e+00	0.000000e+00
2.000000e+01	3.000000e+01	0.000000e+00	0.000000e+00	0.000000e+00
3.000000e+01	4.000000e+01	2.507328e-08	1.948300e-10	2.412251e-08
4.000000e+01	5.000000e+01	1.189445e-06	0.000000e+00	5.393420e-07
5.000000e+01	6.000000e+01	1.511742e-05	7.904935e-06	0.000000e+00
6.000000e+01	7.000000e+01	3.067501e-05	0.000000e+00	5.414460e-06
7.000000e+01	8.000000e+01	7.861340e-05	0.000000e+00	7.655430e-06
8.000000e+01	9.000000e+01	1.600661e-04	4.793000e-06	1.626000e-06
9.000000e+01	1.000000e+02	2.386082e-04	0.000000e+00	2.581000e-07
1.000000e+02	1.100000e+02	3.281736e-04	1.267070e-05	1.056630e-05
1.100000e+02	1.200000e+02	4.288228e-04	1.938300e-06	1.399390e-05
1.200000e+02	1.300000e+02	5.138589e-04	1.854330e-05	2.047910e-05
1.300000e+02	1.400000e+02	5.494024e-04	1.134850e-05	1.638110e-05
1.400000e+02	1.500000e+02	5.811459e-04	2.372010e-05	1.279370e-05
1.500000e+02	1.600000e+02	5.710851e-04	1.874300e-05	5.079290e-05
1.600000e+02	1.700000e+02	5.762448e-04	4.179670e-05	2.655590e-05
1.700000e+02	1.800000e+02	6.133445e-04	9.730450e-05	0.000000e+00
1.800000e+02	1.900000e+02	5.145430e-04	8.822600e-06	2.431800e-05
1.900000e+02	2.000000e+02	5.121353e-04	5.293960e-05	4.454660e-05
2.000000e+02	2.100000e+02	4.744867e-04	3.552410e-05	1.216460e-05
2.100000e+02	2.200000e+02	4.555681e-04	4.184330e-05	5.584400e-06
2.200000e+02	2.300000e+02	4.009266e-04	1.390210e-05	3.360830e-05
2.300000e+02	2.400000e+02	3.930456e-04	3.022900e-05	3.804190e-05
2.400000e+02	2.500000e+02	3.425374e-04	0.000000e+00	5.757010e-05
2.500000e+02	2.600000e+02	3.456113e-04	1.752770e-05	3.403160e-05
2.600000e+02	2.700000e+02	3.400976e-04	1.865430e-05	2.613760e-05
2.700000e+02	2.800000e+02	3.055788e-04	3.636130e-05	3.671120e-05
2.800000e+02	2.900000e+02	2.956813e-04	2.142010e-05	3.641520e-05
2.900000e+02	3.000000e+02	2.744422e-04	2.344940e-05	2.874970e-05
3.000000e+02	3.100000e+02	2.630601e-04	1.559930e-05	3.402600e-06
3.100000e+02	3.200000e+02	2.386253e-04	5.457600e-06	3.472270e-05
3.200000e+02	3.300000e+02	2.397345e-04	1.373510e-05	1.209760e-05
3.300000e+02	3.400000e+02	2.337011e-04	2.586710e-05	2.537840e-05
3.400000e+02	3.500000e+02	2.157170e-04	1.358280e-05	1.080420e-05
3.500000e+02	3.600000e+02	2.287252e-04	5.242910e-05	0.000000e+00
3.600000e+02	3.700000e+02	2.047671e-04	2.342580e-05	2.116000e-05
3.700000e+02	3.800000e+02	1.910985e-04	2.656200e-05	1.105930e-05
3.800000e+02	3.900000e+02	1.775798e-04	9.875600e-06	4.968260e-05
3.900000e+02	4.000000e+02	1.743088e-04	2.079850e-05	1.290220e-05
4.000000e+02	4.100000e+02	1.752778e-04	1.643080e-05	2.616580e-05
4.100000e+02	4.200000e+02	1.892007e-04	4.115130e-05	0.000000e+00
4.200000e+02	4.300000e+02	1.592814e-04	2.476970e-05	0.000000e+00
4.300000e+02	4.400000e+02	1.442602e-04	1.137000e-07	1.686540e-05
4.400000e+02	4.500000e+02	1.545024e-04	2.386780e-05	0.000000e+00
4.500000e+02	4.600000e+02	1.413102e-04	1.441300e-05	1.804440e-05
4.600000e+02	4.700000e+02	1.310053e-04	1.310600e-05	1.951060e-05
4.700000e+02	4.800000e+02	1.329452e-04	1.784680e-05	1.773760e-05
4.800000e+02	4.900000e+02	1.239273e-04	1.125740e-05	4.099700e-05
4.900000e+02	5.000000e+02	1.150761e-04	3.394900e-06	1.006270e-05
# END HISTO1D


# BEGIN HISTO1D //homes/tinghua1/Merging-Project/Production/HJETS/ratio-plots/hjets-matched-errorband/H2Jets-NLOPS-combine.yoda/MC_H2JETS_07_INC/j2j3j4_mass
ErrorBandColor=violet
ErrorBandOpacity=0.3
ErrorBands=1
ErrorType=env
LineColor=violet
LineStyle=solid
Path=//homes/tinghua1/Merging-Project/Production/HJETS/ratio-plots/hjets-matched-errorband/H2Jets-NLOPS-combine.yoda/MC_H2JETS_07_INC/j2j3j4_mass
RatioPlotSameStyle=1
Title=h(2*) $\oplus$ PS
# xlow	 xhigh	 val	 errminus	 errplus
0.000000e+00	1.000000e+01	0.000000e+00	0.000000e+00	0.000000e+00
1.000000e+01	2.000000e+01	0.000000e+00	0.000000e+00	0.000000e+00
2.000000e+01	3.000000e+01	0.000000e+00	0.000000e+00	0.000000e+00
3.000000e+01	4.000000e+01	2.372695e-08	0.000000e+00	1.005728e-08
4.000000e+01	5.000000e+01	1.149459e-06	0.000000e+00	1.659300e-07
5.000000e+01	6.000000e+01	8.760685e-06	0.000000e+00	8.740520e-07
6.000000e+01	7.000000e+01	2.822496e-05	2.010320e-06	3.650030e-06
7.000000e+01	8.000000e+01	7.202046e-05	4.296300e-06	1.075023e-05
8.000000e+01	9.000000e+01	1.405077e-04	1.242260e-05	2.254620e-05
9.000000e+01	1.000000e+02	2.096013e-04	2.987200e-05	3.527390e-05
1.000000e+02	1.100000e+02	2.903823e-04	4.652190e-05	4.681770e-05
1.100000e+02	1.200000e+02	3.661184e-04	5.188420e-05	6.998130e-05
1.200000e+02	1.300000e+02	4.276082e-04	6.287410e-05	7.908250e-05
1.300000e+02	1.400000e+02	4.603516e-04	6.852040e-05	9.067710e-05
1.400000e+02	1.500000e+02	4.711903e-04	7.245980e-05	9.271740e-05
1.500000e+02	1.600000e+02	4.652831e-04	7.330990e-05	8.988300e-05
1.600000e+02	1.700000e+02	4.464026e-04	7.067360e-05	9.419270e-05
1.700000e+02	1.800000e+02	4.280735e-04	7.030180e-05	9.199200e-05
1.800000e+02	1.900000e+02	4.113674e-04	7.624810e-05	7.732960e-05
1.900000e+02	2.000000e+02	3.787201e-04	6.426340e-05	9.762200e-05
2.000000e+02	2.100000e+02	3.534263e-04	5.820290e-05	8.453690e-05
2.100000e+02	2.200000e+02	3.328492e-04	5.807720e-05	7.923320e-05
2.200000e+02	2.300000e+02	3.121294e-04	5.212770e-05	7.725180e-05
2.300000e+02	2.400000e+02	2.912038e-04	5.088830e-05	6.988100e-05
2.400000e+02	2.500000e+02	2.741883e-04	4.885870e-05	6.620860e-05
2.500000e+02	2.600000e+02	2.571069e-04	4.781130e-05	5.615280e-05
2.600000e+02	2.700000e+02	2.436457e-04	4.655060e-05	5.572320e-05
2.700000e+02	2.800000e+02	2.294303e-04	4.371060e-05	5.680540e-05
2.800000e+02	2.900000e+02	2.184804e-04	3.930040e-05	5.153510e-05
2.900000e+02	3.000000e+02	2.025767e-04	3.723940e-05	5.405270e-05
3.000000e+02	3.100000e+02	1.911084e-04	3.389150e-05	4.943640e-05
3.100000e+02	3.200000e+02	1.846228e-04	3.744720e-05	4.370550e-05
3.200000e+02	3.300000e+02	1.750096e-04	3.537320e-05	4.342970e-05
3.300000e+02	3.400000e+02	1.627809e-04	2.988210e-05	4.302810e-05
3.400000e+02	3.500000e+02	1.578028e-04	3.303140e-05	3.925270e-05
3.500000e+02	3.600000e+02	1.586779e-04	3.806800e-05	2.892160e-05
3.600000e+02	3.700000e+02	1.408377e-04	2.379020e-05	3.901840e-05
3.700000e+02	3.800000e+02	1.368948e-04	2.761150e-05	3.454660e-05
3.800000e+02	3.900000e+02	1.325449e-04	2.863240e-05	3.330760e-05
3.900000e+02	4.000000e+02	1.246835e-04	2.386230e-05	3.372350e-05
4.000000e+02	4.100000e+02	1.194874e-04	2.333802e-05	3.380990e-05
4.100000e+02	4.200000e+02	1.152579e-04	1.885355e-05	3.038730e-05
4.200000e+02	4.300000e+02	1.084018e-04	1.964029e-05	3.772200e-05
4.300000e+02	4.400000e+02	1.064122e-04	2.146091e-05	2.930340e-05
4.400000e+02	4.500000e+02	1.039975e-04	2.194607e-05	2.816000e-05
4.500000e+02	4.600000e+02	9.994663e-05	2.101538e-05	2.560067e-05
4.600000e+02	4.700000e+02	9.663693e-05	2.118115e-05	2.472037e-05
4.700000e+02	4.800000e+02	9.221530e-05	1.888861e-05	2.637080e-05
4.800000e+02	4.900000e+02	9.005581e-05	1.843760e-05	2.709839e-05
4.900000e+02	5.000000e+02	8.627551e-05	1.798395e-05	2.395289e-05
# END HISTO1D

