# BEGIN PLOT
Scale=1000.0
DrawOnly=//homes/tinghua1/Merging-Project/Production/HJETS/ratio-plots/hjets-matched-errorband/H-N2-N3-4-25gev-combine.yoda/MC_H2JETS_07_INC/j2j3_mass //homes/tinghua1/Merging-Project/Production/HJETS/ratio-plots/hjets-matched-errorband/H-N2-3-4-25gev-combine.yoda/MC_H2JETS_07_INC/j2j3_mass //homes/tinghua1/Merging-Project/Production/HJETS/ratio-plots/hjets-matched-errorband/H-2-3-4-25gev-combine.yoda/MC_H2JETS_07_INC/j2j3_mass //homes/tinghua1/Merging-Project/Production/HJETS/ratio-plots/hjets-matched-errorband/H-N2-3-25gev-combine.yoda/MC_H2JETS_07_INC/j2j3_mass //homes/tinghua1/Merging-Project/Production/HJETS/ratio-plots/hjets-matched-errorband/H-2-3-25gev-combine.yoda/MC_H2JETS_07_INC/j2j3_mass //homes/tinghua1/Merging-Project/Production/HJETS/ratio-plots/hjets-matched-errorband/H3Jets-NLOPS-combine.yoda/MC_H2JETS_07_INC/j2j3_mass //homes/tinghua1/Merging-Project/Production/HJETS/ratio-plots/hjets-matched-errorband/H2Jets-NLOPS-combine.yoda/MC_H2JETS_07_INC/j2j3_mass
RightMargin=0.5
RatioPlotReference=//homes/tinghua1/Merging-Project/Production/HJETS/ratio-plots/hjets-matched-errorband/H-N2-N3-4-25gev-combine.yoda/MC_H2JETS_07_INC/j2j3_mass
#RatioPlot=1
LogY=1
RatioPlotYMax=1.4
RatioPlotYLabel=Ratio
#LegendOnly=//homes/tinghua1/Merging-Project/Production/HJETS/ratio-plots/hjets-matched-errorband/H-N2-N3-4-25gev-combine.yoda/MC_H2JETS_07_INC/j2j3_mass //homes/tinghua1/Merging-Project/Production/HJETS/ratio-plots/hjets-matched-errorband/H-N2-3-4-25gev-combine.yoda/MC_H2JETS_07_INC/j2j3_mass //homes/tinghua1/Merging-Project/Production/HJETS/ratio-plots/hjets-matched-errorband/H-2-3-4-25gev-combine.yoda/MC_H2JETS_07_INC/j2j3_mass //homes/tinghua1/Merging-Project/Production/HJETS/ratio-plots/hjets-matched-errorband/H-N2-3-25gev-combine.yoda/MC_H2JETS_07_INC/j2j3_mass //homes/tinghua1/Merging-Project/Production/HJETS/ratio-plots/hjets-matched-errorband/H-2-3-25gev-combine.yoda/MC_H2JETS_07_INC/j2j3_mass //homes/tinghua1/Merging-Project/Production/HJETS/ratio-plots/hjets-matched-errorband/H3Jets-NLOPS-combine.yoda/MC_H2JETS_07_INC/j2j3_mass //homes/tinghua1/Merging-Project/Production/HJETS/ratio-plots/hjets-matched-errorband/H2Jets-NLOPS-combine.yoda/MC_H2JETS_07_INC/j2j3_mass
XLabel=$m_{j_2j_3}$ (GeV)
LegendAlign=r
XMax=1000.0
YLabel=$ \text{d} \sigma/ \text{d}  m_{j_2j_3}$ (fb/GeV)
Legend=0
RatioPlot=6
MainPlotSelection={"Selection":[1,2,3,4,5,6,7]}
RatioPlots={"RatioPlotYLabel":"","Selection":[1,2]};{"RatioPlotYLabel":"","Selection":[1,3]};{"RatioPlotYLabel":"","Selection":[1,4]};{"RatioPlotYLabel":"","Selection":[1,5]};{"RatioPlotYLabel":"","Selection":[1,6]};{"RatioPlotYLabel":"","Selection":[1,7]}
RatioPlotSameStyle=1
RatioPlotYMin=0.0
# END PLOT


# BEGIN SPECIAL /MC_H2JETS_07_INC/j2j3_mass
\rput[tl](0.05,0.75){\parbox{5cm}{\textcolor{gray}{{\bf Herwig 7.2.0} \\ HJETS/ColorFull}}}
# END SPECIAL

# BEGIN HISTO1D //homes/tinghua1/Merging-Project/Production/HJETS/ratio-plots/hjets-matched-errorband/H-N2-N3-4-25gev-combine.yoda/MC_H2JETS_07_INC/j2j3_mass
ErrorBandColor=orange
ErrorBandOpacity=0.3
ErrorBands=1
ErrorType=env
LineColor=orange
LineStyle=solid
Path=//homes/tinghua1/Merging-Project/Production/HJETS/ratio-plots/hjets-matched-errorband/H-N2-N3-4-25gev-combine.yoda/MC_H2JETS_07_INC/j2j3_mass
RatioPlotSameStyle=1
Title=h(2*,3*,4)
# xlow	 xhigh	 val	 errminus	 errplus
0.000000e+00	4.000000e+01	7.557795e-04	0.000000e+00	2.137300e-05
4.000000e+01	8.000000e+01	5.234995e-03	2.431175e-04	3.896725e-04
8.000000e+01	1.200000e+02	5.090340e-03	3.816225e-04	2.049350e-04
1.200000e+02	1.600000e+02	2.324225e-03	1.890223e-04	2.344630e-04
1.600000e+02	2.000000e+02	1.451773e-03	1.380335e-04	5.272750e-05
2.000000e+02	2.400000e+02	1.032959e-03	9.700025e-05	7.525925e-05
2.400000e+02	2.800000e+02	8.053117e-04	7.881550e-05	5.913100e-05
2.800000e+02	3.200000e+02	6.433008e-04	4.907900e-05	4.093150e-05
3.200000e+02	3.600000e+02	5.484467e-04	3.864675e-05	6.050300e-05
3.600000e+02	4.000000e+02	4.607225e-04	3.025550e-05	0.000000e+00
4.000000e+02	4.400000e+02	4.244022e-04	3.099675e-05	3.729675e-05
4.400000e+02	4.800000e+02	3.929928e-04	4.961325e-05	2.672300e-05
4.800000e+02	5.200000e+02	3.437930e-04	2.597625e-05	3.272625e-05
5.200000e+02	5.600000e+02	3.025343e-04	1.693225e-05	1.474800e-05
5.600000e+02	6.000000e+02	2.864595e-04	2.440100e-05	1.497800e-05
6.000000e+02	6.400000e+02	2.437702e-04	4.316725e-06	3.200557e-05
6.400000e+02	6.800000e+02	2.420534e-04	3.020693e-05	3.444075e-06
6.800000e+02	7.200000e+02	2.107410e-04	1.516355e-05	1.443270e-05
7.200000e+02	7.600000e+02	1.916792e-04	1.430457e-05	1.328593e-05
7.600000e+02	8.000000e+02	1.717162e-04	9.002550e-06	1.780983e-05
8.000000e+02	8.400000e+02	1.549430e-04	0.000000e+00	2.875265e-05
8.400000e+02	8.800000e+02	1.466715e-04	1.539108e-05	1.532420e-05
8.800000e+02	9.200000e+02	1.460148e-04	1.648238e-05	0.000000e+00
9.200000e+02	9.600000e+02	1.743605e-04	6.877973e-05	0.000000e+00
9.600000e+02	1.000000e+03	1.159752e-04	1.262070e-05	1.658898e-05
1.000000e+03	1.040000e+03	1.008515e-04	7.693800e-06	1.453522e-05
1.040000e+03	1.080000e+03	9.881940e-05	1.071570e-05	7.367525e-06
1.080000e+03	1.120000e+03	9.113938e-05	1.073577e-05	0.000000e+00
1.120000e+03	1.160000e+03	8.020410e-05	7.021150e-06	5.093125e-06
1.160000e+03	1.200000e+03	7.707458e-05	6.619525e-06	6.758225e-06
1.200000e+03	1.240000e+03	6.776085e-05	4.888425e-06	4.848300e-06
1.240000e+03	1.280000e+03	5.941527e-05	1.142075e-06	5.957050e-06
1.280000e+03	1.320000e+03	5.811477e-05	4.194700e-06	2.609950e-06
1.320000e+03	1.360000e+03	5.095663e-05	2.507075e-06	6.871350e-06
1.360000e+03	1.400000e+03	5.010122e-05	3.741400e-06	4.088175e-06
1.400000e+03	1.440000e+03	4.639040e-05	4.501100e-06	0.000000e+00
1.440000e+03	1.480000e+03	4.311218e-05	5.045075e-06	2.550200e-06
1.480000e+03	1.520000e+03	3.847253e-05	2.652550e-06	4.912050e-06
1.520000e+03	1.560000e+03	3.197345e-05	1.530400e-06	5.601100e-06
1.560000e+03	1.600000e+03	3.291253e-05	2.384775e-06	8.965225e-06
1.600000e+03	1.640000e+03	3.292262e-05	3.752525e-06	0.000000e+00
1.640000e+03	1.680000e+03	2.737450e-05	1.615750e-06	0.000000e+00
1.680000e+03	1.720000e+03	2.555908e-05	2.270000e-08	3.596700e-06
1.720000e+03	1.760000e+03	2.384061e-05	2.145907e-06	1.241367e-06
1.760000e+03	1.800000e+03	2.236751e-05	2.529422e-06	3.702940e-06
1.800000e+03	1.840000e+03	2.033582e-05	2.138442e-06	3.678913e-06
1.840000e+03	1.880000e+03	1.735723e-05	0.000000e+00	3.271993e-06
1.880000e+03	1.920000e+03	1.727684e-05	1.836785e-06	0.000000e+00
1.920000e+03	1.960000e+03	1.465200e-05	0.000000e+00	3.471353e-06
1.960000e+03	2.000000e+03	1.522366e-05	1.484298e-06	4.903500e-08
2.000000e+03	2.040000e+03	1.416100e-05	7.891600e-07	1.019248e-06
2.040000e+03	2.080000e+03	1.247280e-05	0.000000e+00	5.186155e-06
2.080000e+03	2.120000e+03	1.157075e-05	1.280948e-06	5.192075e-07
2.120000e+03	2.160000e+03	1.310576e-05	3.543655e-06	0.000000e+00
2.160000e+03	2.200000e+03	1.073987e-05	1.830225e-06	5.671475e-07
2.200000e+03	2.240000e+03	9.567477e-06	1.220148e-06	8.133200e-07
2.240000e+03	2.280000e+03	9.385175e-06	2.057415e-06	2.563800e-07
2.280000e+03	2.320000e+03	7.597207e-06	1.397572e-06	1.287625e-07
2.320000e+03	2.360000e+03	7.984705e-06	1.006393e-06	0.000000e+00
2.360000e+03	2.400000e+03	7.268957e-06	1.233598e-06	0.000000e+00
2.400000e+03	2.440000e+03	6.167228e-06	6.647500e-08	1.207870e-06
2.440000e+03	2.480000e+03	4.938925e-06	2.187385e-06	4.320425e-07
2.480000e+03	2.520000e+03	5.827840e-06	1.062350e-06	8.174750e-08
2.520000e+03	2.560000e+03	3.833622e-06	0.000000e+00	1.042253e-06
2.560000e+03	2.600000e+03	4.261533e-06	0.000000e+00	1.281257e-06
2.600000e+03	2.640000e+03	4.382828e-06	5.740350e-07	0.000000e+00
2.640000e+03	2.680000e+03	4.394308e-06	6.484250e-07	0.000000e+00
2.680000e+03	2.720000e+03	3.167802e-06	5.589325e-07	5.730650e-07
2.720000e+03	2.760000e+03	3.753695e-06	5.295350e-07	0.000000e+00
2.760000e+03	2.800000e+03	3.255172e-06	3.529100e-07	2.844525e-07
2.800000e+03	2.840000e+03	2.760032e-06	4.174453e-07	0.000000e+00
2.840000e+03	2.880000e+03	1.916311e-06	1.831856e-06	1.205379e-06
2.880000e+03	2.920000e+03	2.201817e-06	1.027725e-08	6.696055e-07
2.920000e+03	2.960000e+03	2.236251e-06	1.354540e-07	3.181276e-06
2.960000e+03	3.000000e+03	2.040483e-06	4.506565e-07	7.292795e-07
3.000000e+03	3.040000e+03	2.251756e-06	6.380103e-07	0.000000e+00
3.040000e+03	3.080000e+03	1.921841e-06	2.139900e-07	0.000000e+00
3.080000e+03	3.120000e+03	1.556365e-06	2.957692e-06	0.000000e+00
3.120000e+03	3.160000e+03	1.348262e-06	7.051275e-08	5.703190e-07
3.160000e+03	3.200000e+03	1.288866e-06	0.000000e+00	1.218551e-06
3.200000e+03	3.240000e+03	1.378610e-06	6.483415e-07	0.000000e+00
3.240000e+03	3.280000e+03	1.084748e-06	0.000000e+00	1.114550e-08
3.280000e+03	3.320000e+03	1.077917e-06	7.010675e-08	0.000000e+00
3.320000e+03	3.360000e+03	1.251721e-06	4.309890e-07	0.000000e+00
3.360000e+03	3.400000e+03	7.960180e-07	0.000000e+00	1.656650e-06
3.400000e+03	3.440000e+03	9.507907e-07	5.454777e-07	0.000000e+00
3.440000e+03	3.480000e+03	9.144775e-07	2.813842e-07	0.000000e+00
3.480000e+03	3.520000e+03	8.058090e-07	2.512652e-07	0.000000e+00
3.520000e+03	3.560000e+03	7.397507e-07	1.650502e-07	0.000000e+00
3.560000e+03	3.600000e+03	2.000963e-08	0.000000e+00	5.024321e-07
3.600000e+03	3.640000e+03	4.370150e-07	0.000000e+00	4.298065e-07
3.640000e+03	3.680000e+03	3.951368e-07	0.000000e+00	7.540225e-08
3.680000e+03	3.720000e+03	4.851865e-07	1.089372e-07	4.236275e-08
3.720000e+03	3.760000e+03	3.484450e-08	0.000000e+00	3.288045e-07
3.760000e+03	3.800000e+03	4.012110e-07	7.686225e-08	2.310015e-07
3.800000e+03	3.840000e+03	3.364200e-07	1.188044e-07	1.247523e-07
3.840000e+03	3.880000e+03	3.600215e-07	1.318032e-07	0.000000e+00
3.880000e+03	3.920000e+03	3.055865e-07	7.307087e-08	6.057250e-09
3.920000e+03	3.960000e+03	6.052717e-07	3.546440e-07	0.000000e+00
3.960000e+03	4.000000e+03	2.351303e-07	1.709907e-08	3.681073e-08
4.000000e+03	4.040000e+03	2.597573e-07	1.105077e-08	1.871925e-08
4.040000e+03	4.080000e+03	1.941055e-07	8.835095e-08	0.000000e+00
4.080000e+03	4.120000e+03	1.833102e-07	7.732607e-08	6.076605e-08
4.120000e+03	4.160000e+03	1.726297e-07	5.805168e-08	4.011090e-08
4.160000e+03	4.200000e+03	3.585020e-08	0.000000e+00	1.462925e-07
4.200000e+03	4.240000e+03	1.034039e-07	0.000000e+00	4.323830e-08
4.240000e+03	4.280000e+03	9.902892e-08	6.179950e-09	1.725123e-08
4.280000e+03	4.320000e+03	1.374462e-07	1.569837e-08	1.161493e-07
4.320000e+03	4.360000e+03	1.082612e-07	4.964407e-08	8.936025e-09
4.360000e+03	4.400000e+03	9.739793e-08	3.654110e-08	4.947777e-08
4.400000e+03	4.440000e+03	5.987970e-08	2.055290e-08	3.600865e-08
4.440000e+03	4.480000e+03	6.586572e-08	0.000000e+00	3.073410e-08
4.480000e+03	4.520000e+03	9.920095e-08	2.821092e-08	0.000000e+00
4.520000e+03	4.560000e+03	7.095565e-08	3.379568e-08	5.335830e-08
4.560000e+03	4.600000e+03	5.954548e-08	1.694953e-08	4.771532e-08
4.600000e+03	4.640000e+03	4.395710e-08	1.341482e-08	0.000000e+00
4.640000e+03	4.680000e+03	6.986285e-08	2.518230e-08	1.105950e-07
4.680000e+03	4.720000e+03	1.281489e-07	1.028330e-07	0.000000e+00
4.720000e+03	4.760000e+03	5.187787e-08	2.094135e-08	1.551262e-07
4.760000e+03	4.800000e+03	5.370550e-08	3.594098e-08	1.874425e-09
4.800000e+03	4.840000e+03	5.037375e-08	2.182133e-08	7.332775e-09
4.840000e+03	4.880000e+03	2.920133e-08	2.576873e-08	3.291100e-09
4.880000e+03	4.920000e+03	2.934180e-08	3.671775e-09	2.372210e-08
4.920000e+03	4.960000e+03	4.177348e-08	2.163021e-08	0.000000e+00
4.960000e+03	5.000000e+03	2.656085e-09	0.000000e+00	2.487307e-08
5.000000e+03	5.040000e+03	2.406993e-08	3.745925e-09	1.752682e-08
5.040000e+03	5.080000e+03	1.764504e-08	2.080922e-08	4.780360e-09
5.080000e+03	5.120000e+03	2.148842e-08	5.878175e-10	5.143477e-09
5.120000e+03	5.160000e+03	1.330328e-08	3.216013e-09	5.463360e-09
5.160000e+03	5.200000e+03	1.316042e-08	0.000000e+00	5.942070e-09
5.200000e+03	5.240000e+03	1.823391e-08	1.166394e-08	0.000000e+00
5.240000e+03	5.280000e+03	1.735638e-08	7.488510e-08	0.000000e+00
5.280000e+03	5.320000e+03	9.180840e-09	0.000000e+00	6.006652e-09
5.320000e+03	5.360000e+03	1.394484e-08	4.832330e-09	4.275673e-09
5.360000e+03	5.400000e+03	1.273149e-08	1.142966e-08	9.111925e-10
5.400000e+03	5.440000e+03	7.583592e-09	1.570982e-09	5.185352e-09
5.440000e+03	5.480000e+03	2.385947e-08	1.559591e-08	0.000000e+00
5.480000e+03	5.520000e+03	6.948865e-09	1.446043e-09	3.407413e-09
5.520000e+03	5.560000e+03	5.378700e-09	0.000000e+00	4.365230e-09
5.560000e+03	5.600000e+03	6.415155e-09	8.548800e-10	0.000000e+00
5.600000e+03	5.640000e+03	5.934377e-09	5.740795e-09	0.000000e+00
5.640000e+03	5.680000e+03	6.867265e-09	2.991105e-09	0.000000e+00
5.680000e+03	5.720000e+03	9.216400e-09	5.959625e-09	0.000000e+00
5.720000e+03	5.760000e+03	4.179600e-09	0.000000e+00	6.194250e-11
5.760000e+03	5.800000e+03	6.816428e-09	6.823904e-09	0.000000e+00
5.800000e+03	5.840000e+03	-9.382192e-10	0.000000e+00	7.954319e-09
5.840000e+03	5.880000e+03	3.833932e-09	5.691372e-09	0.000000e+00
5.880000e+03	5.920000e+03	1.872138e-09	0.000000e+00	1.427699e-09
5.920000e+03	5.960000e+03	2.352022e-09	0.000000e+00	1.382050e-09
5.960000e+03	6.000000e+03	2.893180e-09	6.166923e-09	2.656275e-10
# END HISTO1D


# BEGIN HISTO1D //homes/tinghua1/Merging-Project/Production/HJETS/ratio-plots/hjets-matched-errorband/H-N2-3-4-25gev-combine.yoda/MC_H2JETS_07_INC/j2j3_mass
ErrorBandColor=blue
ErrorBandOpacity=0.3
ErrorBands=1
ErrorType=env
LineColor=blue
LineStyle=solid
Path=//homes/tinghua1/Merging-Project/Production/HJETS/ratio-plots/hjets-matched-errorband/H-N2-3-4-25gev-combine.yoda/MC_H2JETS_07_INC/j2j3_mass
RatioPlotSameStyle=1
Title=h(2*,3,4)
# xlow	 xhigh	 val	 errminus	 errplus
0.000000e+00	4.000000e+01	7.604205e-04	0.000000e+00	1.937050e-05
4.000000e+01	8.000000e+01	5.110102e-03	4.366700e-04	5.337600e-04
8.000000e+01	1.200000e+02	4.800605e-03	4.439750e-04	4.746050e-04
1.200000e+02	1.600000e+02	2.261526e-03	2.616343e-04	3.087962e-04
1.600000e+02	2.000000e+02	1.397336e-03	1.516330e-04	2.406492e-04
2.000000e+02	2.400000e+02	1.001480e-03	1.170588e-04	1.410580e-04
2.400000e+02	2.800000e+02	7.903965e-04	9.906250e-05	9.860925e-05
2.800000e+02	3.200000e+02	6.464717e-04	7.717575e-05	8.458550e-05
3.200000e+02	3.600000e+02	5.484050e-04	5.153225e-05	7.935600e-05
3.600000e+02	4.000000e+02	4.805200e-04	5.504150e-05	6.798475e-05
4.000000e+02	4.400000e+02	4.229600e-04	4.787500e-05	5.928375e-05
4.400000e+02	4.800000e+02	3.816600e-04	4.961425e-05	3.933200e-05
4.800000e+02	5.200000e+02	3.375270e-04	4.082200e-05	4.581400e-05
5.200000e+02	5.600000e+02	3.020615e-04	3.205400e-05	4.569750e-05
5.600000e+02	6.000000e+02	2.750733e-04	3.620292e-05	3.762725e-05
6.000000e+02	6.400000e+02	2.502000e-04	2.897160e-05	3.272300e-05
6.400000e+02	6.800000e+02	2.280546e-04	3.101942e-05	2.878210e-05
6.800000e+02	7.200000e+02	2.055795e-04	2.747583e-05	3.042415e-05
7.200000e+02	7.600000e+02	1.857751e-04	2.535510e-05	3.057623e-05
7.600000e+02	8.000000e+02	1.697763e-04	2.322985e-05	2.439733e-05
8.000000e+02	8.400000e+02	1.533654e-04	2.049753e-05	1.535818e-05
8.400000e+02	8.800000e+02	1.390766e-04	1.621845e-05	2.504810e-05
8.800000e+02	9.200000e+02	1.292151e-04	1.492647e-05	1.666118e-05
9.200000e+02	9.600000e+02	1.185763e-04	1.582498e-05	1.829637e-05
9.600000e+02	1.000000e+03	1.079897e-04	1.468873e-05	1.915327e-05
1.000000e+03	1.040000e+03	1.007984e-04	1.492970e-05	1.607460e-05
1.040000e+03	1.080000e+03	9.243445e-05	1.336937e-05	1.503862e-05
1.080000e+03	1.120000e+03	8.360140e-05	1.226765e-05	1.640295e-05
1.120000e+03	1.160000e+03	7.669317e-05	1.022390e-05	1.381790e-05
1.160000e+03	1.200000e+03	7.041915e-05	1.010070e-05	1.364365e-05
1.200000e+03	1.240000e+03	6.440525e-05	8.990075e-06	1.150613e-05
1.240000e+03	1.280000e+03	6.078100e-05	8.869250e-06	9.227750e-06
1.280000e+03	1.320000e+03	5.520620e-05	8.462250e-06	8.531275e-06
1.320000e+03	1.360000e+03	5.116435e-05	7.067375e-06	8.567700e-06
1.360000e+03	1.400000e+03	4.526347e-05	5.886500e-06	9.962050e-06
1.400000e+03	1.440000e+03	4.252033e-05	5.879500e-06	8.377300e-06
1.440000e+03	1.480000e+03	4.044092e-05	7.378900e-06	7.533125e-06
1.480000e+03	1.520000e+03	3.640822e-05	5.274025e-06	7.108575e-06
1.520000e+03	1.560000e+03	3.383105e-05	5.440750e-06	8.826850e-06
1.560000e+03	1.600000e+03	3.230363e-05	5.453175e-06	5.775725e-06
1.600000e+03	1.640000e+03	2.910390e-05	3.201500e-06	5.633150e-06
1.640000e+03	1.680000e+03	2.745085e-05	5.214840e-06	4.617350e-06
1.680000e+03	1.720000e+03	2.483836e-05	4.554510e-06	5.822535e-06
1.720000e+03	1.760000e+03	2.086491e-05	1.503762e-06	7.239865e-06
1.760000e+03	1.800000e+03	2.117625e-05	3.100165e-06	4.681897e-06
1.800000e+03	1.840000e+03	1.910598e-05	2.234305e-06	4.119758e-06
1.840000e+03	1.880000e+03	1.896466e-05	3.721300e-06	3.655882e-06
1.880000e+03	1.920000e+03	1.770461e-05	3.834153e-06	2.078740e-06
1.920000e+03	1.960000e+03	1.525567e-05	0.000000e+00	3.540407e-06
1.960000e+03	2.000000e+03	1.389832e-05	2.344555e-06	2.784185e-06
2.000000e+03	2.040000e+03	1.304967e-05	2.273150e-06	3.123898e-06
2.040000e+03	2.080000e+03	1.193157e-05	1.829697e-06	2.601695e-06
2.080000e+03	2.120000e+03	1.089469e-05	1.672397e-06	2.217748e-06
2.120000e+03	2.160000e+03	1.017466e-05	1.762620e-06	2.471628e-06
2.160000e+03	2.200000e+03	9.932772e-06	1.871142e-06	1.767028e-06
2.200000e+03	2.240000e+03	8.944320e-06	1.469755e-06	2.008510e-06
2.240000e+03	2.280000e+03	7.935892e-06	1.065745e-06	2.052425e-06
2.280000e+03	2.320000e+03	6.879357e-06	3.489400e-07	2.228215e-06
2.320000e+03	2.360000e+03	7.721553e-06	1.889900e-06	7.576325e-07
2.360000e+03	2.400000e+03	6.178975e-06	8.860700e-07	1.948345e-06
2.400000e+03	2.440000e+03	5.839143e-06	1.142895e-06	1.678127e-06
2.440000e+03	2.480000e+03	5.594767e-06	8.009025e-07	1.350985e-06
2.480000e+03	2.520000e+03	4.961348e-06	6.275300e-07	1.106100e-06
2.520000e+03	2.560000e+03	4.842688e-06	1.132385e-06	1.150795e-06
2.560000e+03	2.600000e+03	4.214283e-06	9.944925e-07	1.040717e-06
2.600000e+03	2.640000e+03	4.032512e-06	7.679525e-07	9.810300e-07
2.640000e+03	2.680000e+03	3.638927e-06	5.779475e-07	7.614650e-07
2.680000e+03	2.720000e+03	3.272367e-06	5.724450e-07	9.858775e-07
2.720000e+03	2.760000e+03	3.550510e-06	1.052137e-06	1.979150e-07
2.760000e+03	2.800000e+03	2.687798e-06	6.631533e-07	1.016455e-06
2.800000e+03	2.840000e+03	2.709858e-06	6.185418e-07	5.057375e-07
2.840000e+03	2.880000e+03	2.709755e-06	6.358047e-07	5.251725e-07
2.880000e+03	2.920000e+03	2.230356e-06	2.980615e-07	7.410863e-07
2.920000e+03	2.960000e+03	1.975551e-06	3.515462e-07	3.351473e-07
2.960000e+03	3.000000e+03	1.968109e-06	4.215460e-07	4.339363e-07
3.000000e+03	3.040000e+03	1.736750e-06	2.039900e-07	3.678505e-07
3.040000e+03	3.080000e+03	1.464670e-06	2.447697e-07	5.637005e-07
3.080000e+03	3.120000e+03	2.079828e-06	9.072322e-07	0.000000e+00
3.120000e+03	3.160000e+03	1.424304e-06	4.376593e-07	2.760070e-07
3.160000e+03	3.200000e+03	1.260275e-06	2.854360e-07	4.665483e-07
3.200000e+03	3.240000e+03	1.078035e-06	1.890175e-07	4.148670e-07
3.240000e+03	3.280000e+03	1.023644e-06	1.885165e-07	3.559395e-07
3.280000e+03	3.320000e+03	8.972993e-07	2.261297e-07	2.829013e-07
3.320000e+03	3.360000e+03	8.951030e-07	2.049313e-07	2.232382e-07
3.360000e+03	3.400000e+03	7.829590e-07	1.429385e-07	1.890532e-07
3.400000e+03	3.440000e+03	7.100707e-07	1.735702e-07	3.238850e-07
3.440000e+03	3.480000e+03	6.673663e-07	1.327870e-07	2.456470e-07
3.480000e+03	3.520000e+03	6.093107e-07	1.821970e-07	2.720997e-07
3.520000e+03	3.560000e+03	5.503845e-07	1.215675e-07	1.571635e-07
3.560000e+03	3.600000e+03	4.258885e-07	0.000000e+00	1.927528e-07
3.600000e+03	3.640000e+03	5.446618e-07	1.471690e-07	0.000000e+00
3.640000e+03	3.680000e+03	4.116180e-07	3.521675e-08	1.841325e-07
3.680000e+03	3.720000e+03	4.043757e-07	6.776525e-08	1.658628e-07
3.720000e+03	3.760000e+03	3.372915e-07	0.000000e+00	3.926300e-08
3.760000e+03	3.800000e+03	4.156468e-07	1.556195e-07	1.370125e-07
3.800000e+03	3.840000e+03	3.019892e-07	5.520103e-08	1.078200e-07
3.840000e+03	3.880000e+03	3.086943e-07	8.668688e-08	6.604325e-08
3.880000e+03	3.920000e+03	3.493510e-07	1.750204e-07	1.604725e-08
3.920000e+03	3.960000e+03	2.521172e-07	2.057262e-08	8.932725e-08
3.960000e+03	4.000000e+03	1.116911e-07	0.000000e+00	1.952944e-07
4.000000e+03	4.040000e+03	1.725460e-07	4.617627e-08	8.795420e-08
4.040000e+03	4.080000e+03	1.689137e-07	3.913842e-08	7.379500e-08
4.080000e+03	4.120000e+03	1.680211e-07	3.983367e-08	4.840920e-08
4.120000e+03	4.160000e+03	2.072044e-07	8.019930e-08	0.000000e+00
4.160000e+03	4.200000e+03	1.154747e-07	1.449257e-08	5.125510e-08
4.200000e+03	4.240000e+03	1.233051e-07	1.214373e-08	4.538772e-08
4.240000e+03	4.280000e+03	1.179829e-07	4.296420e-08	0.000000e+00
4.280000e+03	4.320000e+03	1.036751e-07	2.583495e-08	2.046638e-08
4.320000e+03	4.360000e+03	1.037732e-07	1.192685e-08	1.925510e-08
4.360000e+03	4.400000e+03	8.797433e-08	1.195940e-08	2.839723e-08
4.400000e+03	4.440000e+03	7.253802e-08	2.674382e-08	6.281985e-08
4.440000e+03	4.480000e+03	7.193553e-08	3.691705e-08	0.000000e+00
4.480000e+03	4.520000e+03	6.055677e-08	5.113854e-08	1.102950e-08
4.520000e+03	4.560000e+03	5.347580e-08	1.887362e-08	3.806610e-08
4.560000e+03	4.600000e+03	7.738648e-08	2.566373e-08	4.225675e-09
4.600000e+03	4.640000e+03	4.233580e-08	5.709175e-09	5.128828e-08
4.640000e+03	4.680000e+03	1.003168e-07	6.214955e-08	0.000000e+00
4.680000e+03	4.720000e+03	4.398860e-08	1.016100e-08	1.452490e-08
4.720000e+03	4.760000e+03	3.504772e-08	8.283875e-09	0.000000e+00
4.760000e+03	4.800000e+03	1.374481e-07	1.281921e-07	0.000000e+00
4.800000e+03	4.840000e+03	3.612870e-08	1.285118e-08	1.202042e-08
4.840000e+03	4.880000e+03	2.488769e-08	1.587100e-09	1.026873e-08
4.880000e+03	4.920000e+03	2.666165e-08	5.428640e-09	1.731450e-09
4.920000e+03	4.960000e+03	1.819932e-08	5.468000e-10	2.631710e-08
4.960000e+03	5.000000e+03	1.700819e-08	2.600825e-09	2.059300e-09
5.000000e+03	5.040000e+03	2.185813e-08	8.513225e-10	1.092173e-09
5.040000e+03	5.080000e+03	1.276538e-08	0.000000e+00	9.325040e-09
5.080000e+03	5.120000e+03	1.596994e-08	5.160340e-09	1.777659e-08
5.120000e+03	5.160000e+03	1.600992e-08	3.542685e-09	6.694663e-09
5.160000e+03	5.200000e+03	1.433840e-08	8.966132e-09	9.810380e-09
5.200000e+03	5.240000e+03	1.130621e-08	4.247875e-09	1.073635e-08
5.240000e+03	5.280000e+03	1.104973e-08	5.035512e-09	2.655930e-09
5.280000e+03	5.320000e+03	1.945047e-08	1.328741e-08	0.000000e+00
5.320000e+03	5.360000e+03	1.523594e-08	5.749770e-09	0.000000e+00
5.360000e+03	5.400000e+03	9.832372e-09	1.270030e-09	6.054808e-09
5.400000e+03	5.440000e+03	1.049105e-08	5.430843e-09	0.000000e+00
5.440000e+03	5.480000e+03	8.137567e-09	2.492567e-09	3.851358e-09
5.480000e+03	5.520000e+03	6.977232e-09	0.000000e+00	4.966603e-09
5.520000e+03	5.560000e+03	9.113345e-09	4.644495e-09	4.037625e-10
5.560000e+03	5.600000e+03	6.051388e-09	1.563373e-09	6.194725e-10
5.600000e+03	5.640000e+03	4.357013e-09	1.513778e-09	2.707975e-09
5.640000e+03	5.680000e+03	4.313015e-09	6.237700e-10	6.284760e-09
5.680000e+03	5.720000e+03	4.842258e-09	1.820063e-09	3.406182e-09
5.720000e+03	5.760000e+03	3.637442e-09	4.870750e-11	5.537417e-09
5.760000e+03	5.800000e+03	5.750085e-09	2.682037e-09	0.000000e+00
5.800000e+03	5.840000e+03	2.035767e-09	0.000000e+00	3.898296e-09
5.840000e+03	5.880000e+03	1.668035e-09	0.000000e+00	2.311708e-09
5.880000e+03	5.920000e+03	1.979668e-09	6.584438e-09	0.000000e+00
5.920000e+03	5.960000e+03	2.309171e-09	8.376500e-10	0.000000e+00
5.960000e+03	6.000000e+03	-1.220295e-09	0.000000e+00	1.521961e-08
# END HISTO1D


# BEGIN HISTO1D //homes/tinghua1/Merging-Project/Production/HJETS/ratio-plots/hjets-matched-errorband/H-2-3-4-25gev-combine.yoda/MC_H2JETS_07_INC/j2j3_mass
ErrorBandColor=yellow
ErrorBandOpacity=0.3
ErrorBands=1
ErrorType=env
LineColor=yellow
LineStyle=solid
Path=//homes/tinghua1/Merging-Project/Production/HJETS/ratio-plots/hjets-matched-errorband/H-2-3-4-25gev-combine.yoda/MC_H2JETS_07_INC/j2j3_mass
RatioPlotSameStyle=1
Title=h(2,3,4)
# xlow	 xhigh	 val	 errminus	 errplus
0.000000e+00	4.000000e+01	7.563170e-04	0.000000e+00	1.605575e-05
4.000000e+01	8.000000e+01	4.726620e-03	3.945550e-04	4.159800e-04
8.000000e+01	1.200000e+02	4.270427e-03	3.382025e-04	3.430625e-04
1.200000e+02	1.600000e+02	1.996619e-03	2.029050e-04	2.276867e-04
1.600000e+02	2.000000e+02	1.251907e-03	1.266052e-04	1.518400e-04
2.000000e+02	2.400000e+02	9.139180e-04	1.002120e-04	9.919125e-05
2.400000e+02	2.800000e+02	7.267520e-04	8.006375e-05	8.345625e-05
2.800000e+02	3.200000e+02	6.226817e-04	7.762550e-05	6.117725e-05
3.200000e+02	3.600000e+02	5.281210e-04	5.707725e-05	7.256550e-05
3.600000e+02	4.000000e+02	4.720833e-04	5.746825e-05	5.942600e-05
4.000000e+02	4.400000e+02	4.185958e-04	4.978550e-05	5.462125e-05
4.400000e+02	4.800000e+02	3.782588e-04	5.005050e-05	4.674900e-05
4.800000e+02	5.200000e+02	3.380615e-04	4.391050e-05	5.030175e-05
5.200000e+02	5.600000e+02	3.038990e-04	3.941125e-05	4.933050e-05
5.600000e+02	6.000000e+02	2.781245e-04	4.019620e-05	4.267575e-05
6.000000e+02	6.400000e+02	2.478672e-04	3.402648e-05	4.345727e-05
6.400000e+02	6.800000e+02	2.271156e-04	3.501075e-05	3.881212e-05
6.800000e+02	7.200000e+02	2.053908e-04	2.863815e-05	3.764725e-05
7.200000e+02	7.600000e+02	1.875463e-04	2.746180e-05	3.603003e-05
7.600000e+02	8.000000e+02	1.740422e-04	2.627458e-05	2.947902e-05
8.000000e+02	8.400000e+02	1.584287e-04	2.466015e-05	2.938305e-05
8.400000e+02	8.800000e+02	1.451750e-04	2.451445e-05	2.615143e-05
8.800000e+02	9.200000e+02	1.304142e-04	2.092678e-05	2.547785e-05
9.200000e+02	9.600000e+02	1.213888e-04	2.169803e-05	2.480840e-05
9.600000e+02	1.000000e+03	1.104283e-04	1.779545e-05	2.412175e-05
1.000000e+03	1.040000e+03	1.017472e-04	1.819547e-05	2.031372e-05
1.040000e+03	1.080000e+03	9.326955e-05	1.734285e-05	2.025740e-05
1.080000e+03	1.120000e+03	8.519473e-05	1.476203e-05	1.837605e-05
1.120000e+03	1.160000e+03	7.955805e-05	1.517913e-05	1.611262e-05
1.160000e+03	1.200000e+03	7.150242e-05	1.197527e-05	1.687295e-05
1.200000e+03	1.240000e+03	6.793065e-05	1.421535e-05	1.333058e-05
1.240000e+03	1.280000e+03	6.147623e-05	1.065370e-05	1.446980e-05
1.280000e+03	1.320000e+03	5.610218e-05	1.046545e-05	1.373465e-05
1.320000e+03	1.360000e+03	5.127290e-05	9.156000e-06	1.317030e-05
1.360000e+03	1.400000e+03	4.744635e-05	9.620325e-06	1.231577e-05
1.400000e+03	1.440000e+03	4.346543e-05	8.357375e-06	9.733225e-06
1.440000e+03	1.480000e+03	4.099367e-05	8.961600e-06	1.150838e-05
1.480000e+03	1.520000e+03	3.713650e-05	7.700150e-06	9.568900e-06
1.520000e+03	1.560000e+03	3.446637e-05	6.982375e-06	9.093400e-06
1.560000e+03	1.600000e+03	3.169723e-05	6.145200e-06	8.236950e-06
1.600000e+03	1.640000e+03	2.896898e-05	4.639153e-06	8.053800e-06
1.640000e+03	1.680000e+03	2.673273e-05	5.221893e-06	8.007850e-06
1.680000e+03	1.720000e+03	2.417473e-05	4.149117e-06	8.247290e-06
1.720000e+03	1.760000e+03	2.258978e-05	3.677102e-06	6.031625e-06
1.760000e+03	1.800000e+03	2.087898e-05	3.818865e-06	6.226518e-06
1.800000e+03	1.840000e+03	1.979123e-05	4.885415e-06	4.730052e-06
1.840000e+03	1.880000e+03	1.822103e-05	3.904207e-06	5.152733e-06
1.880000e+03	1.920000e+03	1.658412e-05	3.334362e-06	4.889750e-06
1.920000e+03	1.960000e+03	1.532679e-05	3.285005e-06	4.781940e-06
1.960000e+03	2.000000e+03	1.448160e-05	3.053645e-06	3.982557e-06
2.000000e+03	2.040000e+03	1.308876e-05	2.924022e-06	3.909750e-06
2.040000e+03	2.080000e+03	1.227233e-05	2.775228e-06	3.494873e-06
2.080000e+03	2.120000e+03	1.146549e-05	2.744705e-06	2.948883e-06
2.120000e+03	2.160000e+03	1.045463e-05	1.707202e-06	3.061787e-06
2.160000e+03	2.200000e+03	9.666862e-06	2.203898e-06	3.228150e-06
2.200000e+03	2.240000e+03	8.878603e-06	2.029945e-06	2.977980e-06
2.240000e+03	2.280000e+03	8.068428e-06	1.657048e-06	2.455095e-06
2.280000e+03	2.320000e+03	7.612698e-06	1.704503e-06	1.998835e-06
2.320000e+03	2.360000e+03	6.470540e-06	1.121237e-06	2.595493e-06
2.360000e+03	2.400000e+03	6.258135e-06	1.355093e-06	2.141250e-06
2.400000e+03	2.440000e+03	5.960998e-06	1.044665e-06	1.799962e-06
2.440000e+03	2.480000e+03	5.427787e-06	1.354488e-06	2.053002e-06
2.480000e+03	2.520000e+03	4.869650e-06	9.851475e-07	1.768538e-06
2.520000e+03	2.560000e+03	4.689583e-06	1.271838e-06	1.504835e-06
2.560000e+03	2.600000e+03	4.289015e-06	1.038628e-06	1.425085e-06
2.600000e+03	2.640000e+03	3.924700e-06	9.682725e-07	1.245728e-06
2.640000e+03	2.680000e+03	3.584695e-06	5.817100e-07	1.194790e-06
2.680000e+03	2.720000e+03	3.471003e-06	8.481325e-07	9.902200e-07
2.720000e+03	2.760000e+03	3.058813e-06	6.313685e-07	1.088235e-06
2.760000e+03	2.800000e+03	2.794573e-06	8.102615e-07	9.602100e-07
2.800000e+03	2.840000e+03	2.522000e-06	6.133320e-07	8.310325e-07
2.840000e+03	2.880000e+03	2.306320e-06	4.374468e-07	7.178623e-07
2.880000e+03	2.920000e+03	2.220222e-06	5.770335e-07	7.105858e-07
2.920000e+03	2.960000e+03	2.025673e-06	4.400122e-07	5.980517e-07
2.960000e+03	3.000000e+03	1.677067e-06	2.123480e-07	8.289853e-07
3.000000e+03	3.040000e+03	1.733093e-06	4.882052e-07	5.701165e-07
3.040000e+03	3.080000e+03	1.434649e-06	4.000748e-07	7.021450e-07
3.080000e+03	3.120000e+03	1.403444e-06	2.802920e-07	6.115063e-07
3.120000e+03	3.160000e+03	1.339805e-06	4.072962e-07	4.113087e-07
3.160000e+03	3.200000e+03	1.310894e-06	4.554980e-07	3.875932e-07
3.200000e+03	3.240000e+03	1.303510e-06	4.351698e-07	1.241965e-07
3.240000e+03	3.280000e+03	1.002267e-06	2.587572e-07	4.208293e-07
3.280000e+03	3.320000e+03	9.509728e-07	2.848980e-07	3.431668e-07
3.320000e+03	3.360000e+03	8.407010e-07	1.724150e-07	2.636480e-07
3.360000e+03	3.400000e+03	7.600240e-07	1.342645e-07	3.166788e-07
3.400000e+03	3.440000e+03	7.255447e-07	1.952875e-07	3.270475e-07
3.440000e+03	3.480000e+03	7.730365e-07	2.850260e-07	1.381497e-07
3.480000e+03	3.520000e+03	6.037580e-07	3.135265e-07	1.722598e-07
3.520000e+03	3.560000e+03	4.763457e-07	9.422550e-08	2.720875e-07
3.560000e+03	3.600000e+03	5.674940e-07	2.008767e-07	1.277588e-07
3.600000e+03	3.640000e+03	4.851118e-07	9.628088e-07	7.301050e-08
3.640000e+03	3.680000e+03	3.964645e-07	5.825975e-08	1.128360e-07
3.680000e+03	3.720000e+03	3.787907e-07	9.541575e-08	1.692770e-07
3.720000e+03	3.760000e+03	4.315915e-07	1.915066e-07	7.342325e-08
3.760000e+03	3.800000e+03	2.886048e-07	1.718400e-08	2.259582e-07
3.800000e+03	3.840000e+03	2.888068e-07	3.156400e-08	1.077485e-07
3.840000e+03	3.880000e+03	2.586558e-07	6.265143e-08	1.363113e-07
3.880000e+03	3.920000e+03	2.208722e-07	4.166457e-08	1.411291e-07
3.920000e+03	3.960000e+03	2.405406e-07	6.387815e-08	5.717767e-08
3.960000e+03	4.000000e+03	2.085614e-07	6.217018e-08	9.012737e-08
4.000000e+03	4.040000e+03	3.179365e-07	1.558802e-07	0.000000e+00
4.040000e+03	4.080000e+03	1.873177e-07	7.715625e-08	7.202560e-08
4.080000e+03	4.120000e+03	1.529224e-07	1.915125e-08	5.139545e-08
4.120000e+03	4.160000e+03	1.434179e-07	4.298068e-08	7.845665e-08
4.160000e+03	4.200000e+03	1.361504e-07	4.164845e-08	4.595980e-08
4.200000e+03	4.240000e+03	1.288031e-07	6.784388e-08	3.189612e-08
4.240000e+03	4.280000e+03	1.279061e-07	4.737320e-08	5.561105e-08
4.280000e+03	4.320000e+03	9.486860e-08	2.327022e-08	3.331660e-08
4.320000e+03	4.360000e+03	1.391094e-07	7.607368e-08	0.000000e+00
4.360000e+03	4.400000e+03	7.824752e-08	6.241000e-10	6.105193e-08
4.400000e+03	4.440000e+03	8.053903e-08	1.308345e-08	3.413962e-08
4.440000e+03	4.480000e+03	6.255857e-08	1.572870e-08	3.658435e-08
4.480000e+03	4.520000e+03	5.581282e-08	8.687625e-09	8.199175e-09
4.520000e+03	4.560000e+03	5.046368e-08	5.264725e-09	1.740755e-08
4.560000e+03	4.600000e+03	6.004030e-08	1.370453e-08	4.914387e-08
4.600000e+03	4.640000e+03	6.775215e-08	3.596835e-08	2.472275e-09
4.640000e+03	4.680000e+03	4.478913e-08	4.987250e-09	8.727450e-09
4.680000e+03	4.720000e+03	3.984260e-08	9.768350e-09	2.657018e-08
4.720000e+03	4.760000e+03	3.370933e-08	9.000880e-09	2.168052e-08
4.760000e+03	4.800000e+03	3.602565e-08	1.952072e-08	6.910375e-09
4.800000e+03	4.840000e+03	2.566257e-08	0.000000e+00	3.111185e-08
4.840000e+03	4.880000e+03	2.536282e-08	8.380297e-09	1.540220e-08
4.880000e+03	4.920000e+03	2.859523e-08	6.132155e-09	1.463912e-08
4.920000e+03	4.960000e+03	1.616598e-08	4.299260e-09	2.067144e-08
4.960000e+03	5.000000e+03	2.218995e-08	6.600125e-10	1.455950e-08
5.000000e+03	5.040000e+03	2.648253e-08	1.580727e-08	4.611100e-09
5.040000e+03	5.080000e+03	2.124371e-08	7.114625e-09	8.601840e-09
5.080000e+03	5.120000e+03	1.846096e-08	9.562818e-09	5.363337e-09
5.120000e+03	5.160000e+03	1.561247e-08	5.365503e-09	1.661768e-08
5.160000e+03	5.200000e+03	1.988447e-08	1.429367e-08	0.000000e+00
5.200000e+03	5.240000e+03	1.397650e-08	2.292632e-09	5.495902e-09
5.240000e+03	5.280000e+03	8.742533e-09	0.000000e+00	8.909060e-09
5.280000e+03	5.320000e+03	8.654485e-09	2.597725e-10	6.948895e-09
5.320000e+03	5.360000e+03	1.014236e-08	3.657513e-09	0.000000e+00
5.360000e+03	5.400000e+03	8.475467e-09	5.459922e-09	3.469907e-09
5.400000e+03	5.440000e+03	5.460518e-09	0.000000e+00	5.403375e-09
5.440000e+03	5.480000e+03	7.384885e-09	2.513050e-09	4.717430e-09
5.480000e+03	5.520000e+03	6.542290e-09	0.000000e+00	2.481312e-09
5.520000e+03	5.560000e+03	5.216275e-09	2.003693e-09	2.770567e-08
5.560000e+03	5.600000e+03	4.068098e-09	0.000000e+00	8.988047e-09
5.600000e+03	5.640000e+03	5.405153e-09	1.955045e-09	3.806843e-09
5.640000e+03	5.680000e+03	5.192795e-09	3.743600e-10	3.212865e-09
5.680000e+03	5.720000e+03	3.451103e-09	7.533655e-09	0.000000e+00
5.720000e+03	5.760000e+03	3.813490e-09	2.312740e-09	3.890275e-10
5.760000e+03	5.800000e+03	4.887183e-09	2.515131e-09	1.781195e-09
5.800000e+03	5.840000e+03	1.197655e-09	1.788187e-10	4.096905e-09
5.840000e+03	5.880000e+03	2.957812e-09	1.145975e-09	2.501685e-09
5.880000e+03	5.920000e+03	1.814350e-09	5.057075e-11	7.601655e-10
5.920000e+03	5.960000e+03	1.742692e-09	0.000000e+00	6.464167e-10
5.960000e+03	6.000000e+03	2.417519e-09	1.000265e-09	9.162408e-10
# END HISTO1D


# BEGIN HISTO1D //homes/tinghua1/Merging-Project/Production/HJETS/ratio-plots/hjets-matched-errorband/H-N2-3-25gev-combine.yoda/MC_H2JETS_07_INC/j2j3_mass
ErrorBandColor=green
ErrorBandOpacity=0.3
ErrorBands=1
ErrorType=env
LineColor=green
LineStyle=solid
Path=//homes/tinghua1/Merging-Project/Production/HJETS/ratio-plots/hjets-matched-errorband/H-N2-3-25gev-combine.yoda/MC_H2JETS_07_INC/j2j3_mass
RatioPlotSameStyle=1
Title=h(2*,3)
# xlow	 xhigh	 val	 errminus	 errplus
0.000000e+00	4.000000e+01	7.699065e-04	0.000000e+00	2.394000e-05
4.000000e+01	8.000000e+01	5.168963e-03	4.388750e-04	5.583500e-04
8.000000e+01	1.200000e+02	4.837093e-03	4.117950e-04	4.906125e-04
1.200000e+02	1.600000e+02	2.192516e-03	2.452158e-04	3.338612e-04
1.600000e+02	2.000000e+02	1.351435e-03	1.520130e-04	1.797020e-04
2.000000e+02	2.400000e+02	9.482510e-04	1.031435e-04	1.312957e-04
2.400000e+02	2.800000e+02	7.381990e-04	8.251575e-05	1.033670e-04
2.800000e+02	3.200000e+02	6.054787e-04	5.829050e-05	8.294575e-05
3.200000e+02	3.600000e+02	5.249907e-04	6.145700e-05	6.688725e-05
3.600000e+02	4.000000e+02	4.585710e-04	5.930400e-05	5.593475e-05
4.000000e+02	4.400000e+02	4.040040e-04	4.143300e-05	5.187875e-05
4.400000e+02	4.800000e+02	3.617237e-04	3.968800e-05	4.681975e-05
4.800000e+02	5.200000e+02	3.233695e-04	3.366925e-05	4.429950e-05
5.200000e+02	5.600000e+02	2.897002e-04	2.048925e-05	4.454025e-05
5.600000e+02	6.000000e+02	2.651527e-04	3.391720e-05	3.515825e-05
6.000000e+02	6.400000e+02	2.407513e-04	3.011438e-05	3.173672e-05
6.400000e+02	6.800000e+02	2.187588e-04	2.871192e-05	2.840455e-05
6.800000e+02	7.200000e+02	1.995444e-04	2.238670e-05	2.594592e-05
7.200000e+02	7.600000e+02	1.803227e-04	1.961460e-05	2.793332e-05
7.600000e+02	8.000000e+02	1.655009e-04	2.157085e-05	2.282475e-05
8.000000e+02	8.400000e+02	1.486177e-04	1.849013e-05	2.419470e-05
8.400000e+02	8.800000e+02	1.533490e-04	3.383975e-05	5.810775e-06
8.800000e+02	9.200000e+02	1.254040e-04	1.708853e-05	2.011342e-05
9.200000e+02	9.600000e+02	1.157290e-04	1.531290e-05	1.598483e-05
9.600000e+02	1.000000e+03	1.043182e-04	1.296155e-05	1.790955e-05
1.000000e+03	1.040000e+03	9.516473e-05	1.041575e-05	1.823815e-05
1.040000e+03	1.080000e+03	8.900123e-05	1.255267e-05	1.409112e-05
1.080000e+03	1.120000e+03	8.273550e-05	1.236647e-05	1.059493e-05
1.120000e+03	1.160000e+03	7.444095e-05	9.480575e-06	1.363205e-05
1.160000e+03	1.200000e+03	6.835185e-05	8.007175e-06	1.182117e-05
1.200000e+03	1.240000e+03	6.340867e-05	8.836275e-06	1.171287e-05
1.240000e+03	1.280000e+03	5.938612e-05	9.131425e-06	9.180800e-06
1.280000e+03	1.320000e+03	5.400110e-05	7.583950e-06	9.901600e-06
1.320000e+03	1.360000e+03	4.870275e-05	6.193550e-06	9.542350e-06
1.360000e+03	1.400000e+03	4.601550e-05	7.370850e-06	8.065025e-06
1.400000e+03	1.440000e+03	4.244502e-05	6.691100e-06	7.840750e-06
1.440000e+03	1.480000e+03	3.893020e-05	5.219250e-06	7.035050e-06
1.480000e+03	1.520000e+03	3.570792e-05	4.570825e-06	6.518675e-06
1.520000e+03	1.560000e+03	3.316533e-05	4.683025e-06	5.410400e-06
1.560000e+03	1.600000e+03	3.056762e-05	4.966975e-06	6.393700e-06
1.600000e+03	1.640000e+03	2.807315e-05	4.150828e-06	5.088850e-06
1.640000e+03	1.680000e+03	2.608775e-05	3.930997e-06	5.093375e-06
1.680000e+03	1.720000e+03	2.407419e-05	3.577980e-06	4.445010e-06
1.720000e+03	1.760000e+03	2.216534e-05	3.704932e-06	4.161158e-06
1.760000e+03	1.800000e+03	2.104098e-05	3.036522e-06	4.434315e-06
1.800000e+03	1.840000e+03	1.900894e-05	2.976505e-06	3.268690e-06
1.840000e+03	1.880000e+03	1.785532e-05	3.246598e-06	3.147993e-06
1.880000e+03	1.920000e+03	1.607137e-05	2.482905e-06	3.854957e-06
1.920000e+03	1.960000e+03	1.533388e-05	3.071150e-06	2.778402e-06
1.960000e+03	2.000000e+03	1.406758e-05	2.709992e-06	2.572048e-06
2.000000e+03	2.040000e+03	1.264257e-05	1.919540e-06	3.038332e-06
2.040000e+03	2.080000e+03	1.170379e-05	1.920218e-06	2.089740e-06
2.080000e+03	2.120000e+03	1.087094e-05	1.615852e-06	1.299425e-06
2.120000e+03	2.160000e+03	1.043541e-05	1.836475e-06	1.565288e-06
2.160000e+03	2.200000e+03	9.222485e-06	1.530740e-06	1.789840e-06
2.200000e+03	2.240000e+03	8.552692e-06	1.504295e-06	1.927853e-06
2.240000e+03	2.280000e+03	8.040918e-06	1.480308e-06	1.702355e-06
2.280000e+03	2.320000e+03	7.124673e-06	1.202823e-06	1.966680e-06
2.320000e+03	2.360000e+03	6.701100e-06	1.273987e-06	2.509137e-06
2.360000e+03	2.400000e+03	6.369785e-06	1.178900e-06	1.218167e-06
2.400000e+03	2.440000e+03	5.702703e-06	1.182725e-06	1.492578e-06
2.440000e+03	2.480000e+03	5.348635e-06	1.152552e-06	1.221490e-06
2.480000e+03	2.520000e+03	5.073750e-06	8.874325e-07	1.014847e-06
2.520000e+03	2.560000e+03	4.530445e-06	9.482550e-07	1.118390e-06
2.560000e+03	2.600000e+03	4.068105e-06	6.514775e-07	9.796050e-07
2.600000e+03	2.640000e+03	3.848475e-06	7.591450e-07	6.977200e-07
2.640000e+03	2.680000e+03	3.504410e-06	7.312200e-07	7.401675e-07
2.680000e+03	2.720000e+03	3.101753e-06	3.065025e-07	8.147850e-07
2.720000e+03	2.760000e+03	2.892978e-06	4.483310e-07	8.162525e-07
2.760000e+03	2.800000e+03	2.753503e-06	4.861415e-07	5.135900e-07
2.800000e+03	2.840000e+03	2.544015e-06	3.886825e-07	6.745175e-07
2.840000e+03	2.880000e+03	2.338760e-06	5.643915e-07	5.017403e-07
2.880000e+03	2.920000e+03	2.066278e-06	3.015970e-07	5.158495e-07
2.920000e+03	2.960000e+03	1.942816e-06	3.008547e-07	5.191642e-07
2.960000e+03	3.000000e+03	1.837716e-06	3.899308e-07	3.498157e-07
3.000000e+03	3.040000e+03	1.784259e-06	4.318762e-07	1.854313e-07
3.040000e+03	3.080000e+03	1.610930e-06	3.192272e-07	2.070243e-07
3.080000e+03	3.120000e+03	1.396378e-06	3.164683e-07	4.519455e-07
3.120000e+03	3.160000e+03	1.349605e-06	3.233030e-07	1.519492e-07
3.160000e+03	3.200000e+03	1.236786e-06	3.331233e-07	1.862765e-07
3.200000e+03	3.240000e+03	1.025581e-06	1.601133e-07	3.951265e-07
3.240000e+03	3.280000e+03	9.715802e-07	2.116287e-07	3.130355e-07
3.280000e+03	3.320000e+03	9.919575e-07	1.901935e-07	1.228765e-07
3.320000e+03	3.360000e+03	8.506398e-07	2.127570e-07	1.830705e-07
3.360000e+03	3.400000e+03	8.298657e-07	2.084065e-07	9.047175e-08
3.400000e+03	3.440000e+03	7.576677e-07	2.307857e-07	1.111925e-07
3.440000e+03	3.480000e+03	6.074847e-07	3.440975e-08	1.214935e-07
3.480000e+03	3.520000e+03	5.433342e-07	5.985800e-08	5.926745e-07
3.520000e+03	3.560000e+03	5.748812e-07	1.288307e-07	1.041395e-07
3.560000e+03	3.600000e+03	5.325935e-07	1.347653e-07	1.399035e-07
3.600000e+03	3.640000e+03	4.302805e-07	7.663975e-08	1.201967e-07
3.640000e+03	3.680000e+03	4.469613e-07	1.579023e-07	1.232733e-07
3.680000e+03	3.720000e+03	3.864440e-07	1.181190e-07	1.877575e-08
3.720000e+03	3.760000e+03	3.513025e-07	6.304175e-08	9.677100e-08
3.760000e+03	3.800000e+03	3.309605e-07	1.002913e-07	1.037727e-07
3.800000e+03	3.840000e+03	3.008340e-07	7.813292e-08	3.277575e-08
3.840000e+03	3.880000e+03	2.703363e-07	7.278993e-08	7.866025e-08
3.880000e+03	3.920000e+03	2.532520e-07	2.867040e-08	6.143450e-08
3.920000e+03	3.960000e+03	2.655008e-07	8.600075e-08	1.785225e-08
3.960000e+03	4.000000e+03	1.900908e-07	2.451352e-08	9.115890e-08
4.000000e+03	4.040000e+03	1.845226e-07	5.633322e-08	1.090842e-07
4.040000e+03	4.080000e+03	1.766229e-07	3.900725e-08	2.680095e-08
4.080000e+03	4.120000e+03	1.472381e-07	2.233713e-08	3.723440e-08
4.120000e+03	4.160000e+03	1.381196e-07	3.152388e-08	5.902965e-08
4.160000e+03	4.200000e+03	1.310847e-07	3.200680e-08	5.217840e-08
4.200000e+03	4.240000e+03	1.454265e-07	5.382218e-08	0.000000e+00
4.240000e+03	4.280000e+03	1.003256e-07	9.949800e-09	2.419873e-08
4.280000e+03	4.320000e+03	1.019213e-07	3.829117e-08	3.847695e-08
4.320000e+03	4.360000e+03	8.345700e-08	0.000000e+00	4.139655e-08
4.360000e+03	4.400000e+03	8.599705e-08	1.606475e-08	1.289678e-08
4.400000e+03	4.440000e+03	6.366395e-08	0.000000e+00	3.976598e-08
4.440000e+03	4.480000e+03	1.047331e-07	5.179203e-08	0.000000e+00
4.480000e+03	4.520000e+03	6.365358e-08	1.104338e-08	5.061403e-08
4.520000e+03	4.560000e+03	6.516870e-08	1.832915e-08	1.524402e-08
4.560000e+03	4.600000e+03	4.582955e-08	7.491375e-09	2.890485e-08
4.600000e+03	4.640000e+03	3.339245e-08	0.000000e+00	3.227458e-08
4.640000e+03	4.680000e+03	5.852328e-08	2.322663e-08	0.000000e+00
4.680000e+03	4.720000e+03	4.526257e-08	1.646267e-08	2.535277e-08
4.720000e+03	4.760000e+03	2.709630e-08	0.000000e+00	1.695942e-08
4.760000e+03	4.800000e+03	3.387605e-08	0.000000e+00	9.437425e-09
4.800000e+03	4.840000e+03	2.731485e-08	1.917975e-09	3.467950e-09
4.840000e+03	4.880000e+03	2.855925e-08	6.805970e-09	6.282550e-09
4.880000e+03	4.920000e+03	3.275523e-08	1.910609e-08	7.972575e-09
4.920000e+03	4.960000e+03	2.604657e-08	5.714427e-09	0.000000e+00
4.960000e+03	5.000000e+03	1.283966e-08	0.000000e+00	1.142875e-08
5.000000e+03	5.040000e+03	2.372179e-08	5.908438e-09	4.663582e-09
5.040000e+03	5.080000e+03	1.660536e-08	5.085880e-09	7.034853e-09
5.080000e+03	5.120000e+03	1.835488e-08	4.281125e-09	0.000000e+00
5.120000e+03	5.160000e+03	9.119925e-09	0.000000e+00	6.286922e-09
5.160000e+03	5.200000e+03	1.375927e-08	0.000000e+00	9.175010e-09
5.200000e+03	5.240000e+03	1.452123e-08	6.029360e-09	0.000000e+00
5.240000e+03	5.280000e+03	1.490113e-08	6.140425e-09	5.165550e-10
5.280000e+03	5.320000e+03	1.499929e-08	8.837843e-09	0.000000e+00
5.320000e+03	5.360000e+03	7.988657e-09	3.857150e-10	6.377283e-09
5.360000e+03	5.400000e+03	1.321177e-08	5.184910e-09	0.000000e+00
5.400000e+03	5.440000e+03	9.381650e-09	2.099495e-09	5.128000e-11
5.440000e+03	5.480000e+03	7.557180e-09	4.005103e-09	7.082000e-11
5.480000e+03	5.520000e+03	5.869425e-09	1.675995e-09	6.727072e-09
5.520000e+03	5.560000e+03	5.137205e-09	0.000000e+00	2.143340e-09
5.560000e+03	5.600000e+03	4.183900e-09	0.000000e+00	5.501873e-09
5.600000e+03	5.640000e+03	3.823590e-09	1.103545e-09	0.000000e+00
5.640000e+03	5.680000e+03	5.708815e-09	1.177473e-09	0.000000e+00
5.680000e+03	5.720000e+03	4.232188e-09	1.636435e-09	5.226100e-10
5.720000e+03	5.760000e+03	3.601875e-09	0.000000e+00	1.418110e-09
5.760000e+03	5.800000e+03	4.206530e-09	2.793144e-09	8.255200e-10
5.800000e+03	5.840000e+03	2.119608e-09	1.649543e-10	1.989677e-09
5.840000e+03	5.880000e+03	3.149797e-09	1.742651e-09	0.000000e+00
5.880000e+03	5.920000e+03	-2.499529e-10	0.000000e+00	3.236948e-09
5.920000e+03	5.960000e+03	2.237715e-09	0.000000e+00	2.215995e-09
5.960000e+03	6.000000e+03	-5.825423e-10	0.000000e+00	3.278185e-09
# END HISTO1D


# BEGIN HISTO1D //homes/tinghua1/Merging-Project/Production/HJETS/ratio-plots/hjets-matched-errorband/H-2-3-25gev-combine.yoda/MC_H2JETS_07_INC/j2j3_mass
ErrorBandColor=purple
ErrorBandOpacity=0.3
ErrorBands=1
ErrorType=env
LineColor=purple
LineStyle=solid
Path=//homes/tinghua1/Merging-Project/Production/HJETS/ratio-plots/hjets-matched-errorband/H-2-3-25gev-combine.yoda/MC_H2JETS_07_INC/j2j3_mass
RatioPlotSameStyle=1
Title=h(2,3)
# xlow	 xhigh	 val	 errminus	 errplus
0.000000e+00	4.000000e+01	7.729078e-04	1.163250e-05	1.021000e-05
4.000000e+01	8.000000e+01	4.380502e-03	0.000000e+00	8.476000e-04
8.000000e+01	1.200000e+02	3.967860e-03	0.000000e+00	6.902725e-04
1.200000e+02	1.600000e+02	1.742763e-03	0.000000e+00	4.042112e-04
1.600000e+02	2.000000e+02	1.074647e-03	0.000000e+00	2.433600e-04
2.000000e+02	2.400000e+02	7.695405e-04	0.000000e+00	1.748603e-04
2.400000e+02	2.800000e+02	6.141008e-04	0.000000e+00	1.429755e-04
2.800000e+02	3.200000e+02	5.156695e-04	0.000000e+00	1.252280e-04
3.200000e+02	3.600000e+02	4.488423e-04	0.000000e+00	1.129837e-04
3.600000e+02	4.000000e+02	3.970430e-04	0.000000e+00	1.066380e-04
4.000000e+02	4.400000e+02	3.531062e-04	0.000000e+00	9.754500e-05
4.400000e+02	4.800000e+02	3.152978e-04	0.000000e+00	9.249075e-05
4.800000e+02	5.200000e+02	2.822570e-04	0.000000e+00	8.878050e-05
5.200000e+02	5.600000e+02	2.559170e-04	0.000000e+00	8.206000e-05
5.600000e+02	6.000000e+02	2.321559e-04	0.000000e+00	7.533983e-05
6.000000e+02	6.400000e+02	2.127732e-04	0.000000e+00	6.801433e-05
6.400000e+02	6.800000e+02	1.897443e-04	0.000000e+00	6.702547e-05
6.800000e+02	7.200000e+02	1.725155e-04	0.000000e+00	6.229500e-05
7.200000e+02	7.600000e+02	1.560980e-04	0.000000e+00	5.891495e-05
7.600000e+02	8.000000e+02	1.419704e-04	0.000000e+00	5.630658e-05
8.000000e+02	8.400000e+02	1.295652e-04	0.000000e+00	5.085495e-05
8.400000e+02	8.800000e+02	1.173485e-04	0.000000e+00	4.940333e-05
8.800000e+02	9.200000e+02	1.075829e-04	0.000000e+00	4.586850e-05
9.200000e+02	9.600000e+02	9.800432e-05	0.000000e+00	4.338175e-05
9.600000e+02	1.000000e+03	8.972503e-05	0.000000e+00	3.950960e-05
1.000000e+03	1.040000e+03	8.196055e-05	0.000000e+00	3.572352e-05
1.040000e+03	1.080000e+03	7.496110e-05	0.000000e+00	3.472480e-05
1.080000e+03	1.120000e+03	6.865728e-05	0.000000e+00	3.202123e-05
1.120000e+03	1.160000e+03	6.304655e-05	0.000000e+00	3.242347e-05
1.160000e+03	1.200000e+03	5.820230e-05	0.000000e+00	2.743955e-05
1.200000e+03	1.240000e+03	5.261105e-05	0.000000e+00	2.617155e-05
1.240000e+03	1.280000e+03	4.814135e-05	0.000000e+00	2.464155e-05
1.280000e+03	1.320000e+03	4.476188e-05	0.000000e+00	2.206345e-05
1.320000e+03	1.360000e+03	4.118575e-05	0.000000e+00	2.122522e-05
1.360000e+03	1.400000e+03	3.749527e-05	0.000000e+00	2.009033e-05
1.400000e+03	1.440000e+03	3.472240e-05	0.000000e+00	1.826732e-05
1.440000e+03	1.480000e+03	3.206835e-05	0.000000e+00	1.691232e-05
1.480000e+03	1.520000e+03	2.949270e-05	0.000000e+00	1.599852e-05
1.520000e+03	1.560000e+03	2.681340e-05	0.000000e+00	1.507158e-05
1.560000e+03	1.600000e+03	2.486547e-05	0.000000e+00	1.395748e-05
1.600000e+03	1.640000e+03	2.281343e-05	0.000000e+00	1.293434e-05
1.640000e+03	1.680000e+03	2.102382e-05	0.000000e+00	1.199041e-05
1.680000e+03	1.720000e+03	1.957353e-05	0.000000e+00	1.109912e-05
1.720000e+03	1.760000e+03	1.783417e-05	0.000000e+00	1.011750e-05
1.760000e+03	1.800000e+03	1.636763e-05	0.000000e+00	9.815700e-06
1.800000e+03	1.840000e+03	1.504116e-05	0.000000e+00	9.117637e-06
1.840000e+03	1.880000e+03	1.372720e-05	0.000000e+00	8.793855e-06
1.880000e+03	1.920000e+03	1.304642e-05	0.000000e+00	7.937915e-06
1.920000e+03	1.960000e+03	1.200481e-05	0.000000e+00	7.391930e-06
1.960000e+03	2.000000e+03	1.075606e-05	0.000000e+00	7.373180e-06
2.000000e+03	2.040000e+03	1.007404e-05	0.000000e+00	6.333240e-06
2.040000e+03	2.080000e+03	9.068338e-06	0.000000e+00	6.090053e-06
2.080000e+03	2.120000e+03	8.716632e-06	0.000000e+00	5.309885e-06
2.120000e+03	2.160000e+03	7.792545e-06	0.000000e+00	5.323922e-06
2.160000e+03	2.200000e+03	7.421027e-06	0.000000e+00	4.655205e-06
2.200000e+03	2.240000e+03	6.539760e-06	0.000000e+00	4.469620e-06
2.240000e+03	2.280000e+03	6.081513e-06	0.000000e+00	4.212548e-06
2.280000e+03	2.320000e+03	5.785837e-06	0.000000e+00	3.727530e-06
2.320000e+03	2.360000e+03	5.056313e-06	0.000000e+00	3.538570e-06
2.360000e+03	2.400000e+03	4.699475e-06	0.000000e+00	3.420055e-06
2.400000e+03	2.440000e+03	4.356463e-06	0.000000e+00	3.265900e-06
2.440000e+03	2.480000e+03	4.096480e-06	0.000000e+00	2.825468e-06
2.480000e+03	2.520000e+03	3.756873e-06	0.000000e+00	2.615302e-06
2.520000e+03	2.560000e+03	3.378370e-06	0.000000e+00	2.452282e-06
2.560000e+03	2.600000e+03	3.142530e-06	0.000000e+00	2.328670e-06
2.600000e+03	2.640000e+03	2.870372e-06	0.000000e+00	2.279542e-06
2.640000e+03	2.680000e+03	2.671875e-06	0.000000e+00	1.750240e-06
2.680000e+03	2.720000e+03	2.507932e-06	0.000000e+00	1.805825e-06
2.720000e+03	2.760000e+03	2.290939e-06	0.000000e+00	1.638366e-06
2.760000e+03	2.800000e+03	2.064249e-06	0.000000e+00	1.531863e-06
2.800000e+03	2.840000e+03	1.878931e-06	0.000000e+00	1.520059e-06
2.840000e+03	2.880000e+03	1.755584e-06	0.000000e+00	1.344584e-06
2.880000e+03	2.920000e+03	1.622958e-06	0.000000e+00	1.148404e-06
2.920000e+03	2.960000e+03	1.410767e-06	0.000000e+00	1.212085e-06
2.960000e+03	3.000000e+03	1.350556e-06	0.000000e+00	9.857075e-07
3.000000e+03	3.040000e+03	1.332597e-06	0.000000e+00	8.412770e-07
3.040000e+03	3.080000e+03	1.100311e-06	0.000000e+00	8.465842e-07
3.080000e+03	3.120000e+03	9.977345e-07	0.000000e+00	8.655320e-07
3.120000e+03	3.160000e+03	9.117797e-07	0.000000e+00	8.141810e-07
3.160000e+03	3.200000e+03	9.512828e-07	0.000000e+00	6.312293e-07
3.200000e+03	3.240000e+03	8.095435e-07	0.000000e+00	5.895605e-07
3.240000e+03	3.280000e+03	7.446292e-07	0.000000e+00	5.958515e-07
3.280000e+03	3.320000e+03	6.645213e-07	0.000000e+00	5.568415e-07
3.320000e+03	3.360000e+03	5.661270e-07	0.000000e+00	5.546143e-07
3.360000e+03	3.400000e+03	5.462048e-07	0.000000e+00	4.368965e-07
3.400000e+03	3.440000e+03	5.285655e-07	0.000000e+00	4.030270e-07
3.440000e+03	3.480000e+03	4.472252e-07	0.000000e+00	4.670408e-07
3.480000e+03	3.520000e+03	4.190010e-07	0.000000e+00	3.958407e-07
3.520000e+03	3.560000e+03	3.862850e-07	0.000000e+00	3.183855e-07
3.560000e+03	3.600000e+03	3.632845e-07	0.000000e+00	3.010353e-07
3.600000e+03	3.640000e+03	3.311118e-07	0.000000e+00	2.531210e-07
3.640000e+03	3.680000e+03	2.926080e-07	0.000000e+00	3.010662e-07
3.680000e+03	3.720000e+03	2.736298e-07	0.000000e+00	2.752222e-07
3.720000e+03	3.760000e+03	2.715927e-07	0.000000e+00	1.886382e-07
3.760000e+03	3.800000e+03	2.382293e-07	0.000000e+00	1.979175e-07
3.800000e+03	3.840000e+03	2.235556e-07	0.000000e+00	1.796617e-07
3.840000e+03	3.880000e+03	1.851196e-07	0.000000e+00	1.823874e-07
3.880000e+03	3.920000e+03	1.682694e-07	0.000000e+00	1.624856e-07
3.920000e+03	3.960000e+03	1.609382e-07	0.000000e+00	1.432263e-07
3.960000e+03	4.000000e+03	1.270150e-07	0.000000e+00	1.372237e-07
4.000000e+03	4.040000e+03	1.696352e-07	0.000000e+00	8.262027e-08
4.040000e+03	4.080000e+03	1.221921e-07	0.000000e+00	1.241032e-07
4.080000e+03	4.120000e+03	1.146156e-07	0.000000e+00	8.478158e-08
4.120000e+03	4.160000e+03	1.069512e-07	0.000000e+00	1.025284e-07
4.160000e+03	4.200000e+03	9.932895e-08	0.000000e+00	7.688920e-08
4.200000e+03	4.240000e+03	8.272015e-08	0.000000e+00	8.847637e-08
4.240000e+03	4.280000e+03	7.110748e-08	0.000000e+00	7.185007e-08
4.280000e+03	4.320000e+03	6.638737e-08	0.000000e+00	7.214520e-08
4.320000e+03	4.360000e+03	5.546637e-08	0.000000e+00	8.326272e-08
4.360000e+03	4.400000e+03	6.202530e-08	0.000000e+00	4.916777e-08
4.400000e+03	4.440000e+03	5.389438e-08	0.000000e+00	5.936345e-08
4.440000e+03	4.480000e+03	4.564815e-08	0.000000e+00	4.967778e-08
4.480000e+03	4.520000e+03	3.772703e-08	0.000000e+00	5.440657e-08
4.520000e+03	4.560000e+03	5.201030e-08	2.082600e-09	2.368228e-08
4.560000e+03	4.600000e+03	3.461547e-08	0.000000e+00	3.067535e-08
4.600000e+03	4.640000e+03	2.661902e-08	0.000000e+00	3.969743e-08
4.640000e+03	4.680000e+03	2.941827e-08	0.000000e+00	4.065472e-08
4.680000e+03	4.720000e+03	3.202065e-08	0.000000e+00	1.792620e-08
4.720000e+03	4.760000e+03	2.808263e-08	0.000000e+00	2.058083e-08
4.760000e+03	4.800000e+03	2.487898e-08	0.000000e+00	2.522789e-08
4.800000e+03	4.840000e+03	2.331957e-08	0.000000e+00	2.756571e-08
4.840000e+03	4.880000e+03	2.021204e-08	0.000000e+00	1.132846e-08
4.880000e+03	4.920000e+03	1.390580e-08	0.000000e+00	2.426020e-08
4.920000e+03	4.960000e+03	1.663755e-08	0.000000e+00	1.811310e-08
4.960000e+03	5.000000e+03	1.594310e-08	0.000000e+00	1.782750e-08
5.000000e+03	5.040000e+03	1.534338e-08	0.000000e+00	1.452774e-08
5.040000e+03	5.080000e+03	1.121153e-08	0.000000e+00	1.942120e-08
5.080000e+03	5.120000e+03	1.040229e-08	0.000000e+00	1.385092e-08
5.120000e+03	5.160000e+03	1.007926e-08	0.000000e+00	1.303469e-08
5.160000e+03	5.200000e+03	7.608570e-09	0.000000e+00	1.065107e-08
5.200000e+03	5.240000e+03	6.927847e-09	0.000000e+00	1.306112e-08
5.240000e+03	5.280000e+03	7.943190e-09	0.000000e+00	4.794465e-09
5.280000e+03	5.320000e+03	7.606290e-10	0.000000e+00	1.311552e-08
5.320000e+03	5.360000e+03	5.591553e-09	0.000000e+00	5.603173e-09
5.360000e+03	5.400000e+03	3.294267e-09	0.000000e+00	7.476485e-09
5.400000e+03	5.440000e+03	4.800005e-09	0.000000e+00	7.172863e-09
5.440000e+03	5.480000e+03	4.247643e-09	0.000000e+00	3.866877e-09
5.480000e+03	5.520000e+03	5.370060e-09	0.000000e+00	8.322352e-09
5.520000e+03	5.560000e+03	3.215015e-09	0.000000e+00	6.516800e-09
5.560000e+03	5.600000e+03	4.599520e-09	1.250350e-10	1.526542e-09
5.600000e+03	5.640000e+03	2.648570e-09	0.000000e+00	5.373500e-09
5.640000e+03	5.680000e+03	3.246452e-09	0.000000e+00	3.213508e-09
5.680000e+03	5.720000e+03	2.696537e-09	0.000000e+00	2.686180e-09
5.720000e+03	5.760000e+03	2.030441e-09	0.000000e+00	2.924069e-09
5.760000e+03	5.800000e+03	2.127650e-09	0.000000e+00	1.322273e-09
5.800000e+03	5.840000e+03	1.885323e-09	0.000000e+00	2.654482e-09
5.840000e+03	5.880000e+03	1.696040e-09	0.000000e+00	2.465618e-09
5.880000e+03	5.920000e+03	2.135256e-09	0.000000e+00	1.470991e-09
5.920000e+03	5.960000e+03	1.494342e-09	1.836248e-10	1.897294e-09
5.960000e+03	6.000000e+03	8.407975e-10	0.000000e+00	1.512542e-09
# END HISTO1D


# BEGIN HISTO1D //homes/tinghua1/Merging-Project/Production/HJETS/ratio-plots/hjets-matched-errorband/H3Jets-NLOPS-combine.yoda/MC_H2JETS_07_INC/j2j3_mass
ErrorBandColor=red
ErrorBandOpacity=0.3
ErrorBands=1
ErrorType=env
LineColor=red
LineStyle=solid
Path=//homes/tinghua1/Merging-Project/Production/HJETS/ratio-plots/hjets-matched-errorband/H3Jets-NLOPS-combine.yoda/MC_H2JETS_07_INC/j2j3_mass
RatioPlotSameStyle=1
Title=h(3*) $\oplus$ PS
# xlow	 xhigh	 val	 errminus	 errplus
0.000000e+00	4.000000e+01	8.593420e-04	9.796475e-05	1.237355e-04
4.000000e+01	8.000000e+01	4.767560e-03	2.266625e-04	3.107250e-05
8.000000e+01	1.200000e+02	4.109922e-03	1.722925e-04	7.528250e-05
1.200000e+02	1.600000e+02	1.971396e-03	4.071300e-05	0.000000e+00
1.600000e+02	2.000000e+02	1.257746e-03	1.332425e-05	0.000000e+00
2.000000e+02	2.400000e+02	8.800620e-04	0.000000e+00	6.011750e-06
2.400000e+02	2.800000e+02	6.806915e-04	0.000000e+00	3.791750e-05
2.800000e+02	3.200000e+02	5.720342e-04	1.930750e-06	1.513550e-05
3.200000e+02	3.600000e+02	4.953042e-04	1.884900e-05	0.000000e+00
3.600000e+02	4.000000e+02	4.160408e-04	4.059500e-06	5.343750e-06
4.000000e+02	4.400000e+02	3.746152e-04	1.636600e-05	0.000000e+00
4.400000e+02	4.800000e+02	3.301805e-04	6.735500e-06	0.000000e+00
4.800000e+02	5.200000e+02	2.966372e-04	5.907250e-06	0.000000e+00
5.200000e+02	5.600000e+02	2.647712e-04	1.136475e-05	0.000000e+00
5.600000e+02	6.000000e+02	2.278130e-04	0.000000e+00	9.379975e-06
6.000000e+02	6.400000e+02	2.149667e-04	9.440800e-06	0.000000e+00
6.400000e+02	6.800000e+02	1.904319e-04	2.579650e-06	0.000000e+00
6.800000e+02	7.200000e+02	1.729094e-04	0.000000e+00	2.163975e-06
7.200000e+02	7.600000e+02	1.589951e-04	2.930375e-06	0.000000e+00
7.600000e+02	8.000000e+02	1.398191e-04	0.000000e+00	5.304250e-06
8.000000e+02	8.400000e+02	1.319665e-04	4.163325e-06	0.000000e+00
8.400000e+02	8.800000e+02	1.216942e-04	6.599425e-06	0.000000e+00
8.800000e+02	9.200000e+02	1.092469e-04	1.122500e-08	1.495250e-07
9.200000e+02	9.600000e+02	1.022091e-04	2.944050e-06	0.000000e+00
9.600000e+02	1.000000e+03	8.577085e-05	0.000000e+00	4.876300e-06
1.000000e+03	1.040000e+03	8.791658e-05	7.626300e-06	0.000000e+00
1.040000e+03	1.080000e+03	8.013180e-05	4.412650e-06	0.000000e+00
1.080000e+03	1.120000e+03	6.738118e-05	0.000000e+00	3.330650e-06
1.120000e+03	1.160000e+03	6.515945e-05	1.921125e-06	3.713175e-06
1.160000e+03	1.200000e+03	5.895723e-05	1.931775e-06	2.164750e-07
1.200000e+03	1.240000e+03	5.816262e-05	4.815275e-06	0.000000e+00
1.240000e+03	1.280000e+03	5.270697e-05	2.920000e-06	0.000000e+00
1.280000e+03	1.320000e+03	4.914060e-05	5.185625e-06	0.000000e+00
1.320000e+03	1.360000e+03	4.198900e-05	1.259450e-06	4.571750e-07
1.360000e+03	1.400000e+03	4.088340e-05	3.138850e-06	1.449000e-06
1.400000e+03	1.440000e+03	3.788565e-05	7.652025e-06	0.000000e+00
1.440000e+03	1.480000e+03	3.775072e-05	5.808550e-06	0.000000e+00
1.480000e+03	1.520000e+03	3.102753e-05	0.000000e+00	2.597725e-06
1.520000e+03	1.560000e+03	2.800332e-05	8.190250e-07	2.227550e-06
1.560000e+03	1.600000e+03	2.565665e-05	1.446945e-06	1.474500e-06
1.600000e+03	1.640000e+03	2.412246e-05	6.288950e-07	0.000000e+00
1.640000e+03	1.680000e+03	2.398835e-05	1.924300e-06	1.699700e-07
1.680000e+03	1.720000e+03	1.958850e-05	0.000000e+00	4.417580e-06
1.720000e+03	1.760000e+03	2.007130e-05	1.003698e-06	8.608725e-07
1.760000e+03	1.800000e+03	1.723348e-05	0.000000e+00	5.796000e-07
1.800000e+03	1.840000e+03	1.669799e-05	7.219975e-07	1.212080e-06
1.840000e+03	1.880000e+03	1.498510e-05	0.000000e+00	3.411375e-07
1.880000e+03	1.920000e+03	1.540873e-05	1.812312e-06	0.000000e+00
1.920000e+03	1.960000e+03	1.322290e-05	8.019475e-07	1.372083e-06
1.960000e+03	2.000000e+03	1.215835e-05	4.631175e-07	5.333125e-07
2.000000e+03	2.040000e+03	1.172758e-05	7.095700e-07	0.000000e+00
2.040000e+03	2.080000e+03	1.049261e-05	3.578325e-07	7.261250e-07
2.080000e+03	2.120000e+03	9.915835e-06	6.826825e-07	1.564390e-06
2.120000e+03	2.160000e+03	9.759732e-06	1.358445e-06	0.000000e+00
2.160000e+03	2.200000e+03	8.416985e-06	5.701300e-07	7.600775e-07
2.200000e+03	2.240000e+03	7.316540e-06	0.000000e+00	9.315275e-07
2.240000e+03	2.280000e+03	6.951460e-06	4.890675e-07	4.634450e-07
2.280000e+03	2.320000e+03	6.499445e-06	2.779625e-07	5.737750e-07
2.320000e+03	2.360000e+03	6.499955e-06	1.113080e-06	0.000000e+00
2.360000e+03	2.400000e+03	6.261730e-06	1.274040e-06	0.000000e+00
2.400000e+03	2.440000e+03	5.000710e-06	0.000000e+00	5.224825e-07
2.440000e+03	2.480000e+03	4.367255e-06	2.220750e-07	1.365785e-06
2.480000e+03	2.520000e+03	4.861982e-06	5.507050e-07	0.000000e+00
2.520000e+03	2.560000e+03	4.741382e-06	1.093760e-06	0.000000e+00
2.560000e+03	2.600000e+03	3.644060e-06	0.000000e+00	1.013085e-06
2.600000e+03	2.640000e+03	3.551945e-06	2.762450e-07	7.836000e-08
2.640000e+03	2.680000e+03	3.058595e-06	7.954633e-07	0.000000e+00
2.680000e+03	2.720000e+03	2.461683e-06	0.000000e+00	4.876920e-07
2.720000e+03	2.760000e+03	2.926833e-06	4.628700e-07	0.000000e+00
2.760000e+03	2.800000e+03	2.422651e-06	2.610418e-07	1.332920e-07
2.800000e+03	2.840000e+03	2.515800e-06	3.891507e-07	0.000000e+00
2.840000e+03	2.880000e+03	1.990342e-06	1.821612e-07	5.640435e-07
2.880000e+03	2.920000e+03	1.918683e-06	2.617700e-07	2.051500e-07
2.920000e+03	2.960000e+03	1.554795e-06	3.096043e-07	3.457462e-07
2.960000e+03	3.000000e+03	1.588269e-06	1.240402e-07	8.061925e-08
3.000000e+03	3.040000e+03	1.501710e-06	1.407442e-07	1.945445e-07
3.040000e+03	3.080000e+03	1.432341e-06	8.412370e-07	1.262175e-07
3.080000e+03	3.120000e+03	4.160608e-07	0.000000e+00	1.022374e-06
3.120000e+03	3.160000e+03	1.193165e-06	1.349870e-07	4.831825e-08
3.160000e+03	3.200000e+03	1.149355e-06	1.248047e-07	1.094600e-07
3.200000e+03	3.240000e+03	9.841950e-07	1.121560e-07	3.557800e-08
3.240000e+03	3.280000e+03	1.001023e-06	2.451715e-07	0.000000e+00
3.280000e+03	3.320000e+03	9.642732e-07	2.719448e-07	0.000000e+00
3.320000e+03	3.360000e+03	9.128817e-07	1.580325e-07	0.000000e+00
3.360000e+03	3.400000e+03	3.980577e-07	0.000000e+00	3.399692e-07
3.400000e+03	3.440000e+03	6.170212e-07	2.074350e-08	0.000000e+00
3.440000e+03	3.480000e+03	6.767478e-07	8.797075e-08	1.849895e-07
3.480000e+03	3.520000e+03	5.128115e-07	2.246597e-07	0.000000e+00
3.520000e+03	3.560000e+03	5.028295e-07	8.728625e-08	3.026585e-07
3.560000e+03	3.600000e+03	4.403483e-07	4.289000e-09	1.553703e-07
3.600000e+03	3.640000e+03	4.206948e-07	2.684703e-07	7.288500e-09
3.640000e+03	3.680000e+03	3.792695e-07	1.422267e-07	1.534275e-08
3.680000e+03	3.720000e+03	3.894632e-07	1.175365e-07	0.000000e+00
3.720000e+03	3.760000e+03	3.635590e-07	4.345479e-06	0.000000e+00
3.760000e+03	3.800000e+03	4.079050e-07	1.243723e-07	0.000000e+00
3.800000e+03	3.840000e+03	2.693638e-07	5.029150e-08	0.000000e+00
3.840000e+03	3.880000e+03	2.365261e-07	8.618027e-08	0.000000e+00
3.880000e+03	3.920000e+03	2.004335e-07	2.624001e-07	0.000000e+00
3.920000e+03	3.960000e+03	2.402395e-07	6.434822e-08	0.000000e+00
3.960000e+03	4.000000e+03	2.132926e-07	7.397788e-08	0.000000e+00
4.000000e+03	4.040000e+03	1.786258e-07	9.672800e-09	1.105380e-08
4.040000e+03	4.080000e+03	1.527278e-07	6.672800e-09	3.779858e-08
4.080000e+03	4.120000e+03	1.436060e-07	9.869077e-08	1.634975e-09
4.120000e+03	4.160000e+03	1.162474e-07	0.000000e+00	3.606977e-08
4.160000e+03	4.200000e+03	1.185053e-07	1.044490e-08	5.255533e-08
4.200000e+03	4.240000e+03	1.236240e-07	3.942935e-08	0.000000e+00
4.240000e+03	4.280000e+03	1.129178e-07	3.922347e-08	7.412175e-09
4.280000e+03	4.320000e+03	1.217205e-07	4.133938e-08	0.000000e+00
4.320000e+03	4.360000e+03	8.355620e-08	1.920075e-09	0.000000e+00
4.360000e+03	4.400000e+03	7.678963e-08	0.000000e+00	1.126633e-08
4.400000e+03	4.440000e+03	7.142787e-08	7.367128e-08	4.168150e-09
4.440000e+03	4.480000e+03	5.992342e-08	6.380875e-09	1.280300e-08
4.480000e+03	4.520000e+03	3.671132e-08	0.000000e+00	2.968133e-08
4.520000e+03	4.560000e+03	2.904487e-08	0.000000e+00	2.578580e-08
4.560000e+03	4.600000e+03	5.878253e-08	1.890678e-08	0.000000e+00
4.600000e+03	4.640000e+03	5.088863e-08	1.396225e-08	0.000000e+00
4.640000e+03	4.680000e+03	4.587770e-08	1.900810e-08	0.000000e+00
4.680000e+03	4.720000e+03	4.620410e-08	8.401450e-09	0.000000e+00
4.720000e+03	4.760000e+03	3.184133e-08	0.000000e+00	3.742227e-08
4.760000e+03	4.800000e+03	3.351573e-08	2.194925e-09	7.444025e-09
4.800000e+03	4.840000e+03	2.829502e-08	3.778805e-09	6.768150e-09
4.840000e+03	4.880000e+03	2.613707e-08	0.000000e+00	2.223700e-09
4.880000e+03	4.920000e+03	2.137061e-08	0.000000e+00	1.731707e-08
4.920000e+03	4.960000e+03	2.583473e-08	8.876673e-09	0.000000e+00
4.960000e+03	5.000000e+03	5.062563e-08	1.952423e-08	0.000000e+00
5.000000e+03	5.040000e+03	2.293434e-08	5.151732e-09	0.000000e+00
5.040000e+03	5.080000e+03	1.754575e-08	3.379767e-08	0.000000e+00
5.080000e+03	5.120000e+03	2.952815e-08	1.430366e-08	2.114900e-09
5.120000e+03	5.160000e+03	1.455606e-08	1.827978e-09	1.590797e-07
5.160000e+03	5.200000e+03	1.735912e-08	0.000000e+00	1.738150e-09
5.200000e+03	5.240000e+03	6.165473e-09	3.671900e-10	7.577715e-09
5.240000e+03	5.280000e+03	1.097020e-08	6.895000e-10	1.073103e-08
5.280000e+03	5.320000e+03	1.302569e-08	4.919638e-09	2.957445e-09
5.320000e+03	5.360000e+03	4.638635e-09	0.000000e+00	3.154990e-09
5.360000e+03	5.400000e+03	8.314455e-09	3.427235e-09	5.873937e-09
5.400000e+03	5.440000e+03	8.259138e-09	2.795598e-09	0.000000e+00
5.440000e+03	5.480000e+03	4.204160e-09	0.000000e+00	1.375959e-08
5.480000e+03	5.520000e+03	6.885888e-09	1.368560e-09	1.698220e-09
5.520000e+03	5.560000e+03	4.842963e-09	0.000000e+00	6.916250e-09
5.560000e+03	5.600000e+03	4.182575e-09	0.000000e+00	1.896900e-09
5.600000e+03	5.640000e+03	6.505107e-09	5.157332e-09	0.000000e+00
5.640000e+03	5.680000e+03	-1.151337e-08	0.000000e+00	1.483178e-08
5.680000e+03	5.720000e+03	2.257020e-09	0.000000e+00	3.337350e-09
5.720000e+03	5.760000e+03	4.306470e-09	1.500150e-10	1.917750e-09
5.760000e+03	5.800000e+03	1.686474e-10	0.000000e+00	5.042740e-09
5.800000e+03	5.840000e+03	2.344362e-09	0.000000e+00	1.717691e-09
5.840000e+03	5.880000e+03	2.930270e-09	1.879169e-09	4.596675e-10
5.880000e+03	5.920000e+03	2.178835e-09	0.000000e+00	3.787775e-10
5.920000e+03	5.960000e+03	2.001363e-09	0.000000e+00	7.999920e-10
5.960000e+03	6.000000e+03	4.589025e-09	3.000203e-09	0.000000e+00
# END HISTO1D


# BEGIN HISTO1D //homes/tinghua1/Merging-Project/Production/HJETS/ratio-plots/hjets-matched-errorband/H2Jets-NLOPS-combine.yoda/MC_H2JETS_07_INC/j2j3_mass
ErrorBandColor=violet
ErrorBandOpacity=0.3
ErrorBands=1
ErrorType=env
LineColor=violet
LineStyle=solid
Path=//homes/tinghua1/Merging-Project/Production/HJETS/ratio-plots/hjets-matched-errorband/H2Jets-NLOPS-combine.yoda/MC_H2JETS_07_INC/j2j3_mass
RatioPlotSameStyle=1
Title=h(2*) $\oplus$ PS
# xlow	 xhigh	 val	 errminus	 errplus
0.000000e+00	4.000000e+01	8.045758e-04	0.000000e+00	2.398300e-05
4.000000e+01	8.000000e+01	4.246740e-03	3.557350e-04	4.327425e-04
8.000000e+01	1.200000e+02	3.550695e-03	2.977250e-04	3.269650e-04
1.200000e+02	1.600000e+02	1.621974e-03	1.756367e-04	2.188737e-04
1.600000e+02	2.000000e+02	1.008525e-03	1.072285e-04	1.448870e-04
2.000000e+02	2.400000e+02	7.242588e-04	8.104300e-05	9.644650e-05
2.400000e+02	2.800000e+02	5.658212e-04	6.107075e-05	7.725525e-05
2.800000e+02	3.200000e+02	4.664337e-04	4.898750e-05	6.389400e-05
3.200000e+02	3.600000e+02	3.980770e-04	4.208200e-05	5.269700e-05
3.600000e+02	4.000000e+02	3.477905e-04	3.337750e-05	5.212425e-05
4.000000e+02	4.400000e+02	3.061570e-04	3.304125e-05	4.136600e-05
4.400000e+02	4.800000e+02	2.715518e-04	2.574657e-05	3.755575e-05
4.800000e+02	5.200000e+02	2.430151e-04	2.594970e-05	3.334995e-05
5.200000e+02	5.600000e+02	2.183803e-04	2.377960e-05	2.922138e-05
5.600000e+02	6.000000e+02	1.967624e-04	2.094595e-05	2.669248e-05
6.000000e+02	6.400000e+02	1.775652e-04	1.905923e-05	2.481035e-05
6.400000e+02	6.800000e+02	1.604091e-04	1.729788e-05	2.395710e-05
6.800000e+02	7.200000e+02	1.461110e-04	1.687057e-05	2.164677e-05
7.200000e+02	7.600000e+02	1.323339e-04	1.418925e-05	1.951373e-05
7.600000e+02	8.000000e+02	1.209330e-04	1.385105e-05	1.806115e-05
8.000000e+02	8.400000e+02	1.103147e-04	1.267340e-05	1.652243e-05
8.400000e+02	8.800000e+02	1.003170e-04	1.114930e-05	1.422080e-05
8.800000e+02	9.200000e+02	9.122083e-05	1.022878e-05	1.418695e-05
9.200000e+02	9.600000e+02	8.372438e-05	1.003615e-05	1.285613e-05
9.600000e+02	1.000000e+03	7.698375e-05	9.533775e-06	1.170195e-05
1.000000e+03	1.040000e+03	7.066168e-05	8.898000e-06	1.031892e-05
1.040000e+03	1.080000e+03	6.467717e-05	8.099050e-06	9.793250e-06
1.080000e+03	1.120000e+03	5.929213e-05	7.499050e-06	9.091775e-06
1.120000e+03	1.160000e+03	5.426780e-05	6.481225e-06	8.460775e-06
1.160000e+03	1.200000e+03	4.989450e-05	6.086750e-06	9.005650e-06
1.200000e+03	1.240000e+03	4.582127e-05	5.466100e-06	7.118850e-06
1.240000e+03	1.280000e+03	4.234858e-05	5.587125e-06	6.565825e-06
1.280000e+03	1.320000e+03	3.887390e-05	5.009750e-06	6.268825e-06
1.320000e+03	1.360000e+03	3.546242e-05	4.611300e-06	6.937600e-06
1.360000e+03	1.400000e+03	3.299190e-05	4.313625e-06	5.273150e-06
1.400000e+03	1.440000e+03	3.034152e-05	3.910500e-06	5.675850e-06
1.440000e+03	1.480000e+03	2.764670e-05	3.579553e-06	5.133875e-06
1.480000e+03	1.520000e+03	2.575687e-05	3.545850e-06	4.210750e-06
1.520000e+03	1.560000e+03	2.382787e-05	3.219293e-06	4.230832e-06
1.560000e+03	1.600000e+03	2.185608e-05	2.928390e-06	3.880625e-06
1.600000e+03	1.640000e+03	1.994347e-05	2.632562e-06	3.690630e-06
1.640000e+03	1.680000e+03	1.862109e-05	2.459423e-06	3.289452e-06
1.680000e+03	1.720000e+03	1.713102e-05	2.245048e-06	2.971782e-06
1.720000e+03	1.760000e+03	1.579904e-05	2.240415e-06	2.740858e-06
1.760000e+03	1.800000e+03	1.458467e-05	1.999880e-06	2.677382e-06
1.800000e+03	1.840000e+03	1.361255e-05	2.081303e-06	2.182870e-06
1.840000e+03	1.880000e+03	1.242415e-05	1.801385e-06	2.110823e-06
1.880000e+03	1.920000e+03	1.118606e-05	1.287735e-06	2.336448e-06
1.920000e+03	1.960000e+03	1.052286e-05	1.403248e-06	2.078902e-06
1.960000e+03	2.000000e+03	9.878517e-06	1.541980e-06	1.750915e-06
2.000000e+03	2.040000e+03	8.993452e-06	1.271513e-06	1.832870e-06
2.040000e+03	2.080000e+03	8.396535e-06	1.236772e-06	1.400560e-06
2.080000e+03	2.120000e+03	7.754652e-06	1.157427e-06	1.330933e-06
2.120000e+03	2.160000e+03	7.085095e-06	1.028320e-06	1.399955e-06
2.160000e+03	2.200000e+03	6.505090e-06	9.483850e-07	1.423385e-06
2.200000e+03	2.240000e+03	6.142975e-06	9.370375e-07	1.159173e-06
2.240000e+03	2.280000e+03	5.522963e-06	8.412625e-07	1.173458e-06
2.280000e+03	2.320000e+03	5.224797e-06	8.335450e-07	9.712125e-07
2.320000e+03	2.360000e+03	4.821955e-06	8.223125e-07	8.698175e-07
2.360000e+03	2.400000e+03	4.370047e-06	6.451075e-07	1.141450e-06
2.400000e+03	2.440000e+03	4.012497e-06	5.888800e-07	6.627675e-07
2.440000e+03	2.480000e+03	3.740037e-06	6.459825e-07	6.640000e-07
2.480000e+03	2.520000e+03	3.442445e-06	5.057675e-07	5.899100e-07
2.520000e+03	2.560000e+03	3.184257e-06	5.098675e-07	7.347275e-07
2.560000e+03	2.600000e+03	2.808590e-06	3.215753e-07	7.132350e-07
2.600000e+03	2.640000e+03	2.786328e-06	5.601110e-07	5.145775e-07
2.640000e+03	2.680000e+03	2.476694e-06	4.009140e-07	5.053240e-07
2.680000e+03	2.720000e+03	2.234936e-06	3.175625e-07	5.457538e-07
2.720000e+03	2.760000e+03	2.089164e-06	3.385510e-07	4.484710e-07
2.760000e+03	2.800000e+03	1.894566e-06	2.855233e-07	4.017122e-07
2.800000e+03	2.840000e+03	1.778004e-06	3.041665e-07	3.347870e-07
2.840000e+03	2.880000e+03	1.569536e-06	2.317155e-07	3.934300e-07
2.880000e+03	2.920000e+03	1.504127e-06	2.905755e-07	2.672603e-07
2.920000e+03	2.960000e+03	1.366106e-06	2.011338e-07	2.619117e-07
2.960000e+03	3.000000e+03	1.255085e-06	2.107225e-07	2.594368e-07
3.000000e+03	3.040000e+03	1.188734e-06	2.213180e-07	2.155890e-07
3.040000e+03	3.080000e+03	1.012891e-06	1.188328e-07	3.242270e-07
3.080000e+03	3.120000e+03	9.486497e-07	1.609465e-07	2.035527e-07
3.120000e+03	3.160000e+03	8.739635e-07	1.463798e-07	2.416995e-07
3.160000e+03	3.200000e+03	8.422835e-07	1.673445e-07	1.398158e-07
3.200000e+03	3.240000e+03	7.492442e-07	1.316950e-07	2.077867e-07
3.240000e+03	3.280000e+03	6.894943e-07	1.227020e-07	1.353325e-07
3.280000e+03	3.320000e+03	6.325760e-07	1.207153e-07	1.319747e-07
3.320000e+03	3.360000e+03	5.619835e-07	8.700550e-08	1.493423e-07
3.360000e+03	3.400000e+03	5.160932e-07	8.837275e-08	1.330825e-07
3.400000e+03	3.440000e+03	4.786363e-07	7.465550e-08	9.472625e-08
3.440000e+03	3.480000e+03	4.287797e-07	5.718575e-08	1.045258e-07
3.480000e+03	3.520000e+03	4.073652e-07	5.566500e-08	9.375150e-08
3.520000e+03	3.560000e+03	3.574990e-07	6.439850e-08	1.022885e-07
3.560000e+03	3.600000e+03	3.480807e-07	5.214350e-08	8.995075e-08
3.600000e+03	3.640000e+03	3.125200e-07	5.503550e-08	1.162570e-07
3.640000e+03	3.680000e+03	2.893102e-07	6.522163e-08	6.408225e-08
3.680000e+03	3.720000e+03	2.556207e-07	3.908257e-08	5.906250e-08
3.720000e+03	3.760000e+03	2.660578e-07	7.095190e-08	5.682725e-08
3.760000e+03	3.800000e+03	2.153357e-07	3.959505e-08	5.497505e-08
3.800000e+03	3.840000e+03	2.082536e-07	4.170387e-08	2.839955e-08
3.840000e+03	3.880000e+03	1.781823e-07	2.327602e-08	6.360583e-08
3.880000e+03	3.920000e+03	1.729116e-07	4.123342e-08	3.378157e-08
3.920000e+03	3.960000e+03	1.494902e-07	2.337745e-08	4.054187e-08
3.960000e+03	4.000000e+03	1.305501e-07	1.298318e-08	4.324177e-08
4.000000e+03	4.040000e+03	1.347557e-07	3.732550e-08	1.594807e-08
4.040000e+03	4.080000e+03	1.117254e-07	2.604520e-08	2.887657e-08
4.080000e+03	4.120000e+03	1.117222e-07	2.751993e-08	2.308995e-08
4.120000e+03	4.160000e+03	9.927925e-08	2.355307e-08	2.610040e-08
4.160000e+03	4.200000e+03	8.275858e-08	1.992622e-08	3.791000e-08
4.200000e+03	4.240000e+03	9.455773e-08	3.458637e-08	1.029232e-08
4.240000e+03	4.280000e+03	7.866510e-08	1.876810e-08	1.471275e-08
4.280000e+03	4.320000e+03	6.478583e-08	1.087888e-08	2.158877e-08
4.320000e+03	4.360000e+03	6.413523e-08	1.473555e-08	2.047522e-08
4.360000e+03	4.400000e+03	5.877047e-08	1.385750e-08	7.233100e-09
4.400000e+03	4.440000e+03	4.625275e-08	4.277300e-09	1.835163e-08
4.440000e+03	4.480000e+03	4.766972e-08	7.283850e-09	7.682250e-09
4.480000e+03	4.520000e+03	4.779473e-08	7.469475e-09	9.543100e-09
4.520000e+03	4.560000e+03	3.995930e-08	7.410100e-09	7.280950e-09
4.560000e+03	4.600000e+03	3.151128e-08	2.100200e-09	1.158885e-08
4.600000e+03	4.640000e+03	3.194680e-08	4.372125e-09	1.493080e-08
4.640000e+03	4.680000e+03	2.768545e-08	2.979522e-09	6.625800e-09
4.680000e+03	4.720000e+03	2.440850e-08	4.269212e-09	1.011888e-08
4.720000e+03	4.760000e+03	2.285588e-08	3.750045e-09	9.372172e-09
4.760000e+03	4.800000e+03	2.360766e-08	4.887015e-09	5.808793e-09
4.800000e+03	4.840000e+03	1.880435e-08	4.721695e-09	1.420035e-08
4.840000e+03	4.880000e+03	1.815291e-08	0.000000e+00	5.554227e-09
4.880000e+03	4.920000e+03	1.539724e-08	2.235562e-09	5.877465e-09
4.920000e+03	4.960000e+03	1.193189e-08	0.000000e+00	6.379727e-09
4.960000e+03	5.000000e+03	1.517245e-08	2.098975e-09	4.933585e-09
5.000000e+03	5.040000e+03	1.310837e-08	4.471288e-09	4.514018e-09
5.040000e+03	5.080000e+03	1.206261e-08	3.855600e-09	1.235010e-09
5.080000e+03	5.120000e+03	1.214570e-08	3.106657e-09	2.296043e-09
5.120000e+03	5.160000e+03	1.025678e-08	3.156752e-09	3.087025e-09
5.160000e+03	5.200000e+03	8.967428e-09	2.195785e-09	1.900270e-09
5.200000e+03	5.240000e+03	8.165358e-09	2.175025e-09	9.272950e-10
5.240000e+03	5.280000e+03	7.585958e-09	0.000000e+00	2.150447e-09
5.280000e+03	5.320000e+03	8.049200e-09	3.610463e-09	1.094075e-10
5.320000e+03	5.360000e+03	6.779142e-09	1.393115e-09	1.619640e-09
5.360000e+03	5.400000e+03	4.639005e-09	6.902775e-10	2.948855e-09
5.400000e+03	5.440000e+03	5.542420e-09	1.986715e-09	7.588075e-10
5.440000e+03	5.480000e+03	5.100615e-09	1.536098e-09	3.894300e-10
5.480000e+03	5.520000e+03	4.544007e-09	7.793350e-10	1.499468e-09
5.520000e+03	5.560000e+03	4.560610e-09	2.124046e-09	4.908450e-10
5.560000e+03	5.600000e+03	4.546972e-09	1.804167e-09	0.000000e+00
5.600000e+03	5.640000e+03	4.665265e-09	2.315829e-09	0.000000e+00
5.640000e+03	5.680000e+03	2.678580e-09	0.000000e+00	1.535170e-09
5.680000e+03	5.720000e+03	3.346163e-09	1.223382e-09	2.095472e-09
5.720000e+03	5.760000e+03	2.951258e-09	1.000736e-09	0.000000e+00
5.760000e+03	5.800000e+03	1.985778e-09	0.000000e+00	8.553748e-10
5.800000e+03	5.840000e+03	2.124426e-09	0.000000e+00	5.897615e-10
5.840000e+03	5.880000e+03	2.474649e-09	1.994327e-09	0.000000e+00
5.880000e+03	5.920000e+03	7.492272e-09	6.166743e-09	0.000000e+00
5.920000e+03	5.960000e+03	1.379369e-10	0.000000e+00	1.012949e-09
5.960000e+03	6.000000e+03	7.099083e-10	4.004200e-11	1.432855e-09
# END HISTO1D

