# BEGIN PLOT
Scale=1000.0
DrawOnly=//homes/tinghua1/Merging-Project/Production/HJETS/ratio-plots/hjets-matched-errorband/H-N2-N3-4-25gev-combine.yoda/MC_H2JETS_07_INC/j3j4_mass //homes/tinghua1/Merging-Project/Production/HJETS/ratio-plots/hjets-matched-errorband/H-N2-3-4-25gev-combine.yoda/MC_H2JETS_07_INC/j3j4_mass //homes/tinghua1/Merging-Project/Production/HJETS/ratio-plots/hjets-matched-errorband/H-2-3-4-25gev-combine.yoda/MC_H2JETS_07_INC/j3j4_mass //homes/tinghua1/Merging-Project/Production/HJETS/ratio-plots/hjets-matched-errorband/H-N2-3-25gev-combine.yoda/MC_H2JETS_07_INC/j3j4_mass //homes/tinghua1/Merging-Project/Production/HJETS/ratio-plots/hjets-matched-errorband/H-2-3-25gev-combine.yoda/MC_H2JETS_07_INC/j3j4_mass //homes/tinghua1/Merging-Project/Production/HJETS/ratio-plots/hjets-matched-errorband/H3Jets-NLOPS-combine.yoda/MC_H2JETS_07_INC/j3j4_mass //homes/tinghua1/Merging-Project/Production/HJETS/ratio-plots/hjets-matched-errorband/H2Jets-NLOPS-combine.yoda/MC_H2JETS_07_INC/j3j4_mass
RightMargin=0.5
RatioPlotReference=//homes/tinghua1/Merging-Project/Production/HJETS/ratio-plots/hjets-matched-errorband/H-N2-N3-4-25gev-combine.yoda/MC_H2JETS_07_INC/j3j4_mass
#RatioPlot=1
LogY=1
RatioPlotYMax=2.0
RatioPlotYLabel=Ratio
#LegendOnly=//homes/tinghua1/Merging-Project/Production/HJETS/ratio-plots/hjets-matched-errorband/H-N2-N3-4-25gev-combine.yoda/MC_H2JETS_07_INC/j3j4_mass //homes/tinghua1/Merging-Project/Production/HJETS/ratio-plots/hjets-matched-errorband/H-N2-3-4-25gev-combine.yoda/MC_H2JETS_07_INC/j3j4_mass //homes/tinghua1/Merging-Project/Production/HJETS/ratio-plots/hjets-matched-errorband/H-2-3-4-25gev-combine.yoda/MC_H2JETS_07_INC/j3j4_mass //homes/tinghua1/Merging-Project/Production/HJETS/ratio-plots/hjets-matched-errorband/H-N2-3-25gev-combine.yoda/MC_H2JETS_07_INC/j3j4_mass //homes/tinghua1/Merging-Project/Production/HJETS/ratio-plots/hjets-matched-errorband/H-2-3-25gev-combine.yoda/MC_H2JETS_07_INC/j3j4_mass //homes/tinghua1/Merging-Project/Production/HJETS/ratio-plots/hjets-matched-errorband/H3Jets-NLOPS-combine.yoda/MC_H2JETS_07_INC/j3j4_mass //homes/tinghua1/Merging-Project/Production/HJETS/ratio-plots/hjets-matched-errorband/H2Jets-NLOPS-combine.yoda/MC_H2JETS_07_INC/j3j4_mass
XLabel=$m_{j_3j_4}$ (GeV)
LegendAlign=r
XMax=1000
YLabel=$ \text{d} \sigma/ \text{d}  m_{j_3j_4}$ (fb/GeV)
Legend=0
RatioPlot=6
MainPlotSelection={"Selection":[1,2,3,4,5,6,7]}
RatioPlots={"RatioPlotYLabel":"","Selection":[1,2]};{"RatioPlotYLabel":"","Selection":[1,3]};{"RatioPlotYLabel":"","Selection":[1,4]};{"RatioPlotYLabel":"","Selection":[1,5]};{"RatioPlotYLabel":"","Selection":[1,6]};{"RatioPlotYLabel":"","Selection":[1,7]}
RatioPlotSameStyle=1
RatioPlotYMin=0.0
# END PLOT


# BEGIN SPECIAL /MC_H2JETS_07_INC/j3j4_mass
\rput[tl](0.05,0.75){\parbox{5cm}{\textcolor{gray}{{\bf Herwig 7.2.0} \\ HJETS/ColorFull}}}
# END SPECIAL

# BEGIN HISTO1D //homes/tinghua1/Merging-Project/Production/HJETS/ratio-plots/hjets-matched-errorband/H-N2-N3-4-25gev-combine.yoda/MC_H2JETS_07_INC/j3j4_mass
ErrorBandColor=orange
ErrorBandOpacity=0.3
ErrorBands=1
ErrorType=env
LineColor=orange
LineStyle=solid
Path=//homes/tinghua1/Merging-Project/Production/HJETS/ratio-plots/hjets-matched-errorband/H-N2-N3-4-25gev-combine.yoda/MC_H2JETS_07_INC/j3j4_mass
RatioPlotSameStyle=1
Title=h(2*,3*,4)
# xlow	 xhigh	 val	 errminus	 errplus
0.000000e+00	4.000000e+01	2.621407e-04	9.557250e-06	1.681025e-05
4.000000e+01	8.000000e+01	1.500510e-03	2.063197e-04	2.874710e-04
8.000000e+01	1.200000e+02	1.237307e-03	1.545625e-04	2.762755e-04
1.200000e+02	1.600000e+02	6.259715e-04	1.392025e-04	1.097650e-04
1.600000e+02	2.000000e+02	3.633548e-04	5.266500e-05	3.662725e-05
2.000000e+02	2.400000e+02	2.678692e-04	5.298162e-05	4.436450e-05
2.400000e+02	2.800000e+02	1.868957e-04	3.920180e-05	1.903720e-05
2.800000e+02	3.200000e+02	1.571819e-04	2.861250e-05	2.329825e-05
3.200000e+02	3.600000e+02	1.235537e-04	1.931632e-05	2.642970e-05
3.600000e+02	4.000000e+02	9.844402e-05	2.165692e-05	1.050815e-05
4.000000e+02	4.400000e+02	8.088910e-05	1.314507e-05	2.197333e-05
4.400000e+02	4.800000e+02	6.930507e-05	8.310775e-06	2.101743e-05
4.800000e+02	5.200000e+02	5.952830e-05	1.123023e-05	2.838030e-05
5.200000e+02	5.600000e+02	4.844373e-05	7.470325e-06	1.332850e-05
5.600000e+02	6.000000e+02	4.283185e-05	4.276250e-06	1.144163e-05
6.000000e+02	6.400000e+02	4.194757e-05	1.053392e-05	1.055738e-05
6.400000e+02	6.800000e+02	3.400067e-05	2.715375e-06	1.054010e-05
6.800000e+02	7.200000e+02	3.131407e-05	5.950650e-06	1.063733e-05
7.200000e+02	7.600000e+02	2.418717e-05	1.782210e-06	8.927250e-06
7.600000e+02	8.000000e+02	2.391275e-05	4.211888e-06	4.349075e-06
8.000000e+02	8.400000e+02	2.254292e-05	1.852175e-06	3.161430e-06
8.400000e+02	8.800000e+02	1.771454e-05	2.611132e-06	6.285078e-06
8.800000e+02	9.200000e+02	1.796002e-05	2.617977e-06	4.097110e-06
9.200000e+02	9.600000e+02	1.538985e-05	2.849905e-06	2.234022e-06
9.600000e+02	1.000000e+03	1.292410e-05	9.952450e-07	2.405550e-06
1.000000e+03	1.040000e+03	5.848892e-05	4.773933e-05	0.000000e+00
1.040000e+03	1.080000e+03	1.147007e-05	2.385248e-06	0.000000e+00
1.080000e+03	1.120000e+03	1.077550e-05	2.775525e-06	2.719797e-06
1.120000e+03	1.160000e+03	9.534380e-06	2.123432e-06	1.328555e-06
1.160000e+03	1.200000e+03	8.837343e-06	3.155740e-06	1.409310e-06
1.200000e+03	1.240000e+03	7.640360e-06	1.563512e-06	1.165830e-06
1.240000e+03	1.280000e+03	6.477195e-06	1.002540e-06	2.145827e-06
1.280000e+03	1.320000e+03	4.920885e-06	0.000000e+00	2.421618e-06
1.320000e+03	1.360000e+03	5.657005e-06	8.099875e-07	3.260158e-06
1.360000e+03	1.400000e+03	5.104720e-06	5.403156e-06	1.771485e-06
1.400000e+03	1.440000e+03	5.843985e-06	1.943765e-06	9.683300e-07
1.440000e+03	1.480000e+03	3.797760e-06	0.000000e+00	2.478377e-06
1.480000e+03	1.520000e+03	4.111898e-06	8.652925e-07	8.962275e-07
1.520000e+03	1.560000e+03	3.756338e-06	7.932750e-07	5.695025e-07
1.560000e+03	1.600000e+03	4.229733e-06	1.376788e-06	0.000000e+00
1.600000e+03	1.640000e+03	3.968457e-06	1.316912e-06	3.913200e-07
1.640000e+03	1.680000e+03	2.817260e-06	7.050947e-07	8.322325e-07
1.680000e+03	1.720000e+03	2.445058e-06	2.305905e-07	5.456618e-07
1.720000e+03	1.760000e+03	2.404412e-06	2.397520e-07	5.108632e-07
1.760000e+03	1.800000e+03	2.218103e-06	3.566835e-07	8.962420e-07
1.800000e+03	1.840000e+03	1.658568e-06	6.951633e-07	0.000000e+00
1.840000e+03	1.880000e+03	2.108122e-06	6.068077e-07	2.293558e-07
1.880000e+03	1.920000e+03	2.136238e-06	6.208957e-07	7.934548e-07
1.920000e+03	1.960000e+03	2.030599e-06	8.102625e-07	0.000000e+00
1.960000e+03	2.000000e+03	1.371688e-06	1.873932e-07	4.738170e-07
2.000000e+03	2.040000e+03	1.425774e-06	4.445860e-07	3.818720e-07
2.040000e+03	2.080000e+03	1.287395e-06	4.539167e-07	2.352897e-07
2.080000e+03	2.120000e+03	1.307372e-06	3.872085e-07	2.717710e-07
2.120000e+03	2.160000e+03	2.292993e-06	1.507365e-06	0.000000e+00
2.160000e+03	2.200000e+03	7.539533e-07	0.000000e+00	5.756680e-07
2.200000e+03	2.240000e+03	9.081585e-07	4.588790e-07	4.225710e-07
2.240000e+03	2.280000e+03	8.667340e-07	2.191257e-07	4.336553e-07
2.280000e+03	2.320000e+03	9.238810e-07	1.011010e-07	0.000000e+00
2.320000e+03	2.360000e+03	8.055290e-07	8.586842e-07	9.245710e-07
2.360000e+03	2.400000e+03	5.164315e-07	7.148175e-08	0.000000e+00
2.400000e+03	2.440000e+03	5.261168e-07	1.350015e-07	1.142270e-07
2.440000e+03	2.480000e+03	1.199753e-06	7.595670e-07	0.000000e+00
2.480000e+03	2.520000e+03	2.610825e-07	0.000000e+00	2.754207e-07
2.520000e+03	2.560000e+03	4.031330e-07	6.608075e-08	1.943295e-07
2.560000e+03	2.600000e+03	2.722488e-07	0.000000e+00	1.667967e-07
2.600000e+03	2.640000e+03	3.836908e-07	7.832325e-08	5.702100e-08
2.640000e+03	2.680000e+03	5.099008e-07	2.636707e-07	0.000000e+00
2.680000e+03	2.720000e+03	2.436156e-07	0.000000e+00	4.511190e-08
2.720000e+03	2.760000e+03	2.437125e-07	9.324015e-08	7.062275e-08
2.760000e+03	2.800000e+03	2.644753e-07	8.911820e-08	3.427625e-08
2.800000e+03	2.840000e+03	4.392947e-07	2.278421e-07	0.000000e+00
2.840000e+03	2.880000e+03	2.813548e-07	1.153479e-07	5.359725e-08
2.880000e+03	2.920000e+03	1.602821e-07	2.037647e-08	7.145013e-08
2.920000e+03	2.960000e+03	2.689373e-07	1.289591e-07	0.000000e+00
2.960000e+03	3.000000e+03	1.312560e-07	2.176051e-07	4.000612e-08
3.000000e+03	3.040000e+03	1.378364e-07	1.376030e-08	5.897110e-08
3.040000e+03	3.080000e+03	1.069358e-07	3.539400e-09	1.627110e-08
3.080000e+03	3.120000e+03	1.042095e-07	0.000000e+00	1.146520e-07
3.120000e+03	3.160000e+03	2.026462e-07	1.011165e-07	0.000000e+00
3.160000e+03	3.200000e+03	-2.187311e-07	0.000000e+00	3.839636e-07
3.200000e+03	3.240000e+03	1.259794e-07	5.024968e-08	2.678750e-09
3.240000e+03	3.280000e+03	2.225292e-07	1.483067e-07	0.000000e+00
3.280000e+03	3.320000e+03	9.914588e-08	3.825957e-08	0.000000e+00
3.320000e+03	3.360000e+03	9.756195e-08	5.073950e-08	3.636198e-08
3.360000e+03	3.400000e+03	2.836015e-08	0.000000e+00	7.702330e-08
3.400000e+03	3.440000e+03	1.671420e-07	9.568093e-08	0.000000e+00
3.440000e+03	3.480000e+03	4.573005e-08	3.592132e-08	2.013527e-08
3.480000e+03	3.520000e+03	8.235125e-09	0.000000e+00	4.359393e-08
3.520000e+03	3.560000e+03	7.160672e-08	2.195637e-08	0.000000e+00
3.560000e+03	3.600000e+03	3.275093e-07	2.923256e-07	4.388350e-08
3.600000e+03	3.640000e+03	3.119305e-08	0.000000e+00	1.228373e-08
3.640000e+03	3.680000e+03	3.081037e-08	1.041550e-09	5.202625e-09
3.680000e+03	3.720000e+03	2.543665e-08	0.000000e+00	1.337950e-08
3.720000e+03	3.760000e+03	3.394283e-08	8.079950e-09	0.000000e+00
3.760000e+03	3.800000e+03	3.569472e-08	2.009360e-08	0.000000e+00
3.800000e+03	3.840000e+03	3.657032e-08	2.033606e-08	0.000000e+00
3.840000e+03	3.880000e+03	1.433283e-08	1.470900e-09	3.263270e-09
3.880000e+03	3.920000e+03	2.413839e-08	2.452769e-08	0.000000e+00
3.920000e+03	3.960000e+03	1.300968e-08	0.000000e+00	1.083973e-08
3.960000e+03	4.000000e+03	1.420770e-08	4.349503e-09	4.581413e-09
4.000000e+03	4.040000e+03	2.023220e-08	0.000000e+00	2.790695e-08
4.040000e+03	4.080000e+03	4.483405e-09	0.000000e+00	3.173344e-08
4.080000e+03	4.120000e+03	8.343712e-09	0.000000e+00	9.132385e-09
4.120000e+03	4.160000e+03	9.182113e-09	0.000000e+00	7.416432e-09
4.160000e+03	4.200000e+03	3.416705e-08	2.215830e-08	0.000000e+00
4.200000e+03	4.240000e+03	5.186955e-09	0.000000e+00	8.667190e-09
4.240000e+03	4.280000e+03	5.436668e-09	0.000000e+00	3.007030e-09
4.280000e+03	4.320000e+03	9.176030e-09	7.695883e-09	0.000000e+00
4.320000e+03	4.360000e+03	1.196640e-08	1.041722e-08	6.020657e-09
4.360000e+03	4.400000e+03	6.973220e-09	0.000000e+00	4.066135e-09
4.400000e+03	4.440000e+03	5.530030e-09	1.873622e-09	1.359370e-09
4.440000e+03	4.480000e+03	9.205900e-09	2.530503e-09	5.655800e-10
4.480000e+03	4.520000e+03	1.826171e-09	1.023760e-08	2.828372e-09
4.520000e+03	4.560000e+03	3.621283e-09	1.296074e-09	2.680970e-09
4.560000e+03	4.600000e+03	3.132343e-09	7.554375e-09	0.000000e+00
4.600000e+03	4.640000e+03	8.990437e-10	8.983069e-09	2.043616e-09
4.640000e+03	4.680000e+03	2.958250e-09	2.446167e-09	2.657982e-09
4.680000e+03	4.720000e+03	-5.191272e-09	0.000000e+00	9.016270e-09
4.720000e+03	4.760000e+03	2.011172e-09	0.000000e+00	1.042133e-09
4.760000e+03	4.800000e+03	7.751685e-09	6.181398e-09	0.000000e+00
4.800000e+03	4.840000e+03	-1.814507e-08	0.000000e+00	1.920547e-08
4.840000e+03	4.880000e+03	6.822067e-10	1.932577e-09	5.218700e-11
4.880000e+03	4.920000e+03	4.006968e-09	1.533541e-09	0.000000e+00
4.920000e+03	4.960000e+03	2.989722e-10	0.000000e+00	1.090571e-09
4.960000e+03	5.000000e+03	1.388406e-09	0.000000e+00	3.272634e-09
5.000000e+03	5.040000e+03	3.194353e-09	2.415017e-09	0.000000e+00
5.040000e+03	5.080000e+03	3.089615e-09	6.553485e-09	0.000000e+00
5.080000e+03	5.120000e+03	1.250860e-09	5.380565e-10	0.000000e+00
5.120000e+03	5.160000e+03	1.062652e-09	4.701275e-11	2.489607e-10
5.160000e+03	5.200000e+03	2.258217e-09	1.492182e-09	0.000000e+00
5.200000e+03	5.240000e+03	5.222568e-10	7.813475e-11	5.939115e-10
5.240000e+03	5.280000e+03	2.290741e-10	0.000000e+00	1.069418e-09
5.280000e+03	5.320000e+03	1.363855e-09	7.996468e-10	0.000000e+00
5.320000e+03	5.360000e+03	6.928312e-10	1.328027e-10	8.849452e-10
5.360000e+03	5.400000e+03	3.372070e-10	0.000000e+00	1.311490e-09
5.400000e+03	5.440000e+03	7.050485e-10	1.662612e-10	6.224258e-10
5.440000e+03	5.480000e+03	1.379104e-10	4.551283e-11	7.374042e-10
5.480000e+03	5.520000e+03	1.557727e-10	1.712855e-10	0.000000e+00
5.520000e+03	5.560000e+03	9.204707e-10	8.610508e-09	0.000000e+00
5.560000e+03	5.600000e+03	1.270990e-09	9.668358e-10	0.000000e+00
5.600000e+03	5.640000e+03	2.287818e-09	2.348337e-09	0.000000e+00
5.640000e+03	5.680000e+03	2.340091e-10	1.052814e-10	6.273256e-10
5.680000e+03	5.720000e+03	2.351512e-10	0.000000e+00	1.326114e-09
5.720000e+03	5.760000e+03	8.650128e-11	0.000000e+00	1.958997e-09
5.760000e+03	5.800000e+03	5.755255e-10	5.342664e-10	0.000000e+00
5.800000e+03	5.840000e+03	6.046585e-11	0.000000e+00	3.400184e-10
5.840000e+03	5.880000e+03	1.812291e-10	1.286647e-10	0.000000e+00
5.880000e+03	5.920000e+03	3.989230e-11	4.345264e-11	1.325192e-09
5.920000e+03	5.960000e+03	1.537161e-10	1.030118e-10	0.000000e+00
5.960000e+03	6.000000e+03	-6.904322e-11	0.000000e+00	7.776400e-10
# END HISTO1D


# BEGIN HISTO1D //homes/tinghua1/Merging-Project/Production/HJETS/ratio-plots/hjets-matched-errorband/H-N2-3-4-25gev-combine.yoda/MC_H2JETS_07_INC/j3j4_mass
ErrorBandColor=blue
ErrorBandOpacity=0.3
ErrorBands=1
ErrorType=env
LineColor=blue
LineStyle=solid
Path=//homes/tinghua1/Merging-Project/Production/HJETS/ratio-plots/hjets-matched-errorband/H-N2-3-4-25gev-combine.yoda/MC_H2JETS_07_INC/j3j4_mass
RatioPlotSameStyle=1
Title=h(2*,3,4)
# xlow	 xhigh	 val	 errminus	 errplus
0.000000e+00	4.000000e+01	2.538800e-04	2.141248e-05	3.222325e-05
4.000000e+01	8.000000e+01	1.455902e-03	2.524395e-04	3.613895e-04
8.000000e+01	1.200000e+02	1.195417e-03	2.256555e-04	2.717420e-04
1.200000e+02	1.600000e+02	5.931675e-04	1.270793e-04	1.443583e-04
1.600000e+02	2.000000e+02	3.599838e-04	7.725100e-05	1.351145e-04
2.000000e+02	2.400000e+02	2.451950e-04	4.821140e-05	7.367897e-05
2.400000e+02	2.800000e+02	1.844513e-04	3.751525e-05	5.092118e-05
2.800000e+02	3.200000e+02	1.417185e-04	3.122567e-05	4.386178e-05
3.200000e+02	3.600000e+02	1.144072e-04	2.304320e-05	3.452925e-05
3.600000e+02	4.000000e+02	9.469100e-05	1.972230e-05	2.965800e-05
4.000000e+02	4.400000e+02	8.023895e-05	1.723945e-05	2.515470e-05
4.400000e+02	4.800000e+02	7.116295e-05	1.885758e-05	1.635445e-05
4.800000e+02	5.200000e+02	5.766840e-05	1.115970e-05	1.815110e-05
5.200000e+02	5.600000e+02	4.991530e-05	1.108525e-05	1.456715e-05
5.600000e+02	6.000000e+02	4.327928e-05	1.059680e-05	1.386338e-05
6.000000e+02	6.400000e+02	3.617985e-05	6.901775e-06	1.379355e-05
6.400000e+02	6.800000e+02	3.235168e-05	6.883625e-06	1.207805e-05
6.800000e+02	7.200000e+02	3.038868e-05	7.535745e-06	9.096725e-06
7.200000e+02	7.600000e+02	2.607643e-05	5.963785e-06	1.006710e-05
7.600000e+02	8.000000e+02	2.262713e-05	4.352715e-06	8.286717e-06
8.000000e+02	8.400000e+02	2.052553e-05	3.020788e-06	6.876495e-06
8.400000e+02	8.800000e+02	1.923184e-05	4.428363e-06	5.885035e-06
8.800000e+02	9.200000e+02	1.720835e-05	3.761685e-06	4.600498e-06
9.200000e+02	9.600000e+02	1.552322e-05	3.689860e-06	4.389497e-06
9.600000e+02	1.000000e+03	1.347043e-05	2.585998e-06	4.481833e-06
1.000000e+03	1.040000e+03	1.166763e-05	2.058645e-06	4.135108e-06
1.040000e+03	1.080000e+03	1.125779e-05	2.267435e-06	4.155445e-06
1.080000e+03	1.120000e+03	9.931987e-06	2.269570e-06	4.165092e-06
1.120000e+03	1.160000e+03	9.805062e-06	2.606210e-06	2.945362e-06
1.160000e+03	1.200000e+03	8.874430e-06	2.762717e-06	1.396695e-06
1.200000e+03	1.240000e+03	7.582305e-06	1.914075e-06	3.078648e-06
1.240000e+03	1.280000e+03	6.470210e-06	1.286733e-06	3.064145e-06
1.280000e+03	1.320000e+03	6.148615e-06	1.587000e-06	2.446420e-06
1.320000e+03	1.360000e+03	6.424675e-06	2.085515e-06	2.288935e-06
1.360000e+03	1.400000e+03	6.150597e-06	2.412712e-06	6.059725e-07
1.400000e+03	1.440000e+03	5.004430e-06	1.590922e-06	2.513913e-06
1.440000e+03	1.480000e+03	4.004517e-06	6.012850e-07	1.463612e-06
1.480000e+03	1.520000e+03	3.635140e-06	9.087750e-07	2.116260e-06
1.520000e+03	1.560000e+03	3.840047e-06	1.318475e-06	9.835875e-07
1.560000e+03	1.600000e+03	4.035165e-06	1.872769e-06	4.846975e-07
1.600000e+03	1.640000e+03	3.135833e-06	1.109533e-06	1.050862e-06
1.640000e+03	1.680000e+03	2.638502e-06	7.285585e-07	1.165182e-06
1.680000e+03	1.720000e+03	2.577450e-06	7.893352e-07	1.317535e-06
1.720000e+03	1.760000e+03	2.372158e-06	7.638203e-07	8.150850e-07
1.760000e+03	1.800000e+03	2.019575e-06	4.961450e-07	1.066528e-06
1.800000e+03	1.840000e+03	1.996075e-06	6.560145e-07	3.509287e-07
1.840000e+03	1.880000e+03	1.979281e-06	0.000000e+00	2.574074e-06
1.880000e+03	1.920000e+03	1.711195e-06	4.569055e-07	4.615905e-07
1.920000e+03	1.960000e+03	1.401729e-06	2.494088e-07	8.436445e-07
1.960000e+03	2.000000e+03	1.512444e-06	5.880640e-07	5.056650e-07
2.000000e+03	2.040000e+03	1.580780e-06	4.591723e-07	2.618330e-07
2.040000e+03	2.080000e+03	1.197077e-06	3.437023e-07	4.745670e-07
2.080000e+03	2.120000e+03	1.036339e-06	3.385128e-07	5.851143e-07
2.120000e+03	2.160000e+03	9.732267e-07	1.022382e-07	6.060007e-07
2.160000e+03	2.200000e+03	9.707715e-07	3.673160e-07	5.781900e-07
2.200000e+03	2.240000e+03	9.016730e-07	3.211510e-07	2.930400e-07
2.240000e+03	2.280000e+03	7.164398e-07	1.364055e-07	3.972455e-07
2.280000e+03	2.320000e+03	7.190652e-07	1.854445e-07	4.053598e-07
2.320000e+03	2.360000e+03	6.297275e-07	1.917815e-07	2.437545e-07
2.360000e+03	2.400000e+03	5.901025e-07	1.933793e-07	1.054298e-07
2.400000e+03	2.440000e+03	6.681540e-07	2.901135e-07	0.000000e+00
2.440000e+03	2.480000e+03	5.144767e-07	1.374610e-07	1.798790e-07
2.480000e+03	2.520000e+03	6.143688e-07	3.594505e-07	1.174765e-07
2.520000e+03	2.560000e+03	3.699730e-07	1.230803e-07	3.953250e-07
2.560000e+03	2.600000e+03	3.790218e-07	1.107773e-07	1.816977e-07
2.600000e+03	2.640000e+03	3.650397e-07	1.441849e-07	1.201370e-07
2.640000e+03	2.680000e+03	4.367070e-07	1.408575e-07	4.363975e-08
2.680000e+03	2.720000e+03	2.679095e-07	2.104626e-07	1.692850e-07
2.720000e+03	2.760000e+03	3.905498e-07	1.885823e-07	0.000000e+00
2.760000e+03	2.800000e+03	2.104022e-07	0.000000e+00	1.996317e-07
2.800000e+03	2.840000e+03	3.124045e-07	1.816913e-07	0.000000e+00
2.840000e+03	2.880000e+03	1.914384e-07	6.127968e-08	1.172746e-07
2.880000e+03	2.920000e+03	2.202081e-07	1.168210e-07	6.456320e-08
2.920000e+03	2.960000e+03	1.596118e-07	5.097960e-08	5.062875e-08
2.960000e+03	3.000000e+03	1.246177e-07	1.526478e-08	1.648701e-07
3.000000e+03	3.040000e+03	1.534914e-07	5.934520e-08	8.155263e-08
3.040000e+03	3.080000e+03	9.153422e-08	3.633022e-08	7.513830e-08
3.080000e+03	3.120000e+03	1.248894e-07	5.553218e-08	1.421945e-08
3.120000e+03	3.160000e+03	1.155569e-07	3.324087e-08	1.065847e-07
3.160000e+03	3.200000e+03	8.973283e-08	2.522825e-08	3.540150e-08
3.200000e+03	3.240000e+03	7.681007e-08	2.739887e-08	1.536691e-07
3.240000e+03	3.280000e+03	6.511850e-08	0.000000e+00	6.064585e-08
3.280000e+03	3.320000e+03	5.979730e-08	1.270400e-09	4.698675e-08
3.320000e+03	3.360000e+03	5.503165e-08	1.087347e-08	6.562480e-08
3.360000e+03	3.400000e+03	6.335980e-08	1.798535e-08	5.983777e-08
3.400000e+03	3.440000e+03	4.858182e-08	0.000000e+00	1.254115e-08
3.440000e+03	3.480000e+03	5.877713e-08	0.000000e+00	2.642067e-08
3.480000e+03	3.520000e+03	3.900657e-08	1.722031e-08	2.181462e-08
3.520000e+03	3.560000e+03	4.853890e-08	2.836276e-08	1.260845e-08
3.560000e+03	3.600000e+03	2.830730e-08	3.478123e-09	2.696628e-08
3.600000e+03	3.640000e+03	4.071247e-08	1.065480e-08	4.051798e-08
3.640000e+03	3.680000e+03	2.362722e-08	0.000000e+00	4.730837e-08
3.680000e+03	3.720000e+03	2.609142e-08	9.343110e-09	2.097778e-08
3.720000e+03	3.760000e+03	2.108424e-08	7.943023e-09	1.048336e-08
3.760000e+03	3.800000e+03	3.032480e-08	1.035821e-08	5.714732e-08
3.800000e+03	3.840000e+03	3.797937e-08	1.493417e-08	1.903825e-08
3.840000e+03	3.880000e+03	1.312945e-08	0.000000e+00	7.485675e-09
3.880000e+03	3.920000e+03	8.824657e-09	0.000000e+00	1.286724e-08
3.920000e+03	3.960000e+03	2.227385e-08	2.174811e-08	4.044850e-10
3.960000e+03	4.000000e+03	1.182689e-08	0.000000e+00	1.009337e-08
4.000000e+03	4.040000e+03	1.497137e-08	5.296190e-09	9.980143e-09
4.040000e+03	4.080000e+03	2.373655e-08	1.866493e-08	0.000000e+00
4.080000e+03	4.120000e+03	1.824083e-08	7.892347e-09	2.654843e-09
4.120000e+03	4.160000e+03	7.494607e-09	0.000000e+00	7.078890e-09
4.160000e+03	4.200000e+03	1.360627e-08	8.036580e-09	1.500395e-09
4.200000e+03	4.240000e+03	1.184142e-08	2.709711e-08	0.000000e+00
4.240000e+03	4.280000e+03	5.569258e-09	0.000000e+00	3.101542e-09
4.280000e+03	4.320000e+03	1.789956e-08	1.008012e-08	0.000000e+00
4.320000e+03	4.360000e+03	5.932892e-09	2.209250e-11	8.130100e-10
4.360000e+03	4.400000e+03	6.421885e-09	1.441355e-09	1.329088e-09
4.400000e+03	4.440000e+03	8.545220e-09	5.951018e-09	0.000000e+00
4.440000e+03	4.480000e+03	5.605253e-09	1.563035e-09	7.702132e-09
4.480000e+03	4.520000e+03	3.507605e-09	0.000000e+00	1.526261e-08
4.520000e+03	4.560000e+03	4.203215e-09	1.341482e-09	0.000000e+00
4.560000e+03	4.600000e+03	3.672618e-09	2.710883e-09	0.000000e+00
4.600000e+03	4.640000e+03	5.105845e-09	4.490590e-09	1.289227e-09
4.640000e+03	4.680000e+03	1.549671e-08	1.118144e-08	0.000000e+00
4.680000e+03	4.720000e+03	2.759515e-09	0.000000e+00	4.564555e-09
4.720000e+03	4.760000e+03	8.025240e-09	5.949043e-09	0.000000e+00
4.760000e+03	4.800000e+03	2.373451e-09	1.859920e-09	2.495430e-09
4.800000e+03	4.840000e+03	6.958335e-10	1.680043e-10	1.466469e-09
4.840000e+03	4.880000e+03	-2.683840e-10	0.000000e+00	2.402887e-09
4.880000e+03	4.920000e+03	2.164333e-09	2.125419e-09	0.000000e+00
4.920000e+03	4.960000e+03	2.027131e-09	1.392580e-09	2.364164e-09
4.960000e+03	5.000000e+03	1.116847e-09	0.000000e+00	5.186251e-09
5.000000e+03	5.040000e+03	1.825494e-09	4.321484e-09	0.000000e+00
5.040000e+03	5.080000e+03	1.554231e-09	1.339270e-09	0.000000e+00
5.080000e+03	5.120000e+03	1.204422e-09	4.061665e-10	3.530360e-09
5.120000e+03	5.160000e+03	3.581570e-10	4.222875e-11	7.357985e-10
5.160000e+03	5.200000e+03	7.048660e-10	3.632978e-10	4.427622e-10
5.200000e+03	5.240000e+03	1.284783e-09	5.711013e-10	0.000000e+00
5.240000e+03	5.280000e+03	1.031056e-09	1.076273e-09	0.000000e+00
5.280000e+03	5.320000e+03	1.412646e-09	1.367639e-09	0.000000e+00
5.320000e+03	5.360000e+03	2.513865e-10	0.000000e+00	1.845480e-10
5.360000e+03	5.400000e+03	1.427688e-09	1.066921e-09	0.000000e+00
5.400000e+03	5.440000e+03	3.461313e-10	0.000000e+00	3.416460e-10
5.440000e+03	5.480000e+03	-1.158530e-09	0.000000e+00	2.111111e-09
5.480000e+03	5.520000e+03	1.512971e-10	3.365500e-12	2.631239e-10
5.520000e+03	5.560000e+03	5.141283e-10	4.767931e-10	1.996394e-09
5.560000e+03	5.600000e+03	6.397620e-09	6.309859e-09	0.000000e+00
5.600000e+03	5.640000e+03	-2.061603e-09	0.000000e+00	2.343729e-09
5.640000e+03	5.680000e+03	8.995800e-11	0.000000e+00	1.521441e-09
5.680000e+03	5.720000e+03	1.284504e-10	2.650540e-11	2.947353e-10
5.720000e+03	5.760000e+03	1.952135e-09	1.938409e-09	0.000000e+00
5.760000e+03	5.800000e+03	2.223815e-10	5.723090e-11	0.000000e+00
5.800000e+03	5.840000e+03	3.561053e-10	2.079588e-10	0.000000e+00
5.840000e+03	5.880000e+03	5.540255e-11	0.000000e+00	1.378666e-10
5.880000e+03	5.920000e+03	1.836395e-10	1.393158e-10	1.532460e-10
5.920000e+03	5.960000e+03	2.806730e-11	0.000000e+00	5.375730e-10
5.960000e+03	6.000000e+03	5.080818e-11	0.000000e+00	2.104952e-09
# END HISTO1D


# BEGIN HISTO1D //homes/tinghua1/Merging-Project/Production/HJETS/ratio-plots/hjets-matched-errorband/H-2-3-4-25gev-combine.yoda/MC_H2JETS_07_INC/j3j4_mass
ErrorBandColor=yellow
ErrorBandOpacity=0.3
ErrorBands=1
ErrorType=env
LineColor=yellow
LineStyle=solid
Path=//homes/tinghua1/Merging-Project/Production/HJETS/ratio-plots/hjets-matched-errorband/H-2-3-4-25gev-combine.yoda/MC_H2JETS_07_INC/j3j4_mass
RatioPlotSameStyle=1
Title=h(2,3,4)
# xlow	 xhigh	 val	 errminus	 errplus
0.000000e+00	4.000000e+01	2.319741e-04	1.751490e-05	3.226068e-05
4.000000e+01	8.000000e+01	1.297311e-03	2.206130e-04	2.969513e-04
8.000000e+01	1.200000e+02	1.046578e-03	1.740897e-04	2.286505e-04
1.200000e+02	1.600000e+02	5.115800e-04	9.467450e-05	1.193220e-04
1.600000e+02	2.000000e+02	3.164208e-04	6.380000e-05	8.011425e-05
2.000000e+02	2.400000e+02	2.223821e-04	4.460297e-05	5.775887e-05
2.400000e+02	2.800000e+02	1.637549e-04	3.126008e-05	4.345622e-05
2.800000e+02	3.200000e+02	1.288789e-04	2.431560e-05	3.473700e-05
3.200000e+02	3.600000e+02	1.039857e-04	1.988147e-05	3.152745e-05
3.600000e+02	4.000000e+02	8.684975e-05	1.573878e-05	2.588975e-05
4.000000e+02	4.400000e+02	7.416878e-05	1.459703e-05	2.239975e-05
4.400000e+02	4.800000e+02	6.297457e-05	1.332655e-05	1.924840e-05
4.800000e+02	5.200000e+02	5.584882e-05	1.325560e-05	1.613213e-05
5.200000e+02	5.600000e+02	4.820943e-05	1.082523e-05	1.269018e-05
5.600000e+02	6.000000e+02	4.251898e-05	9.749900e-06	1.132027e-05
6.000000e+02	6.400000e+02	3.641307e-05	8.456300e-06	1.157218e-05
6.400000e+02	6.800000e+02	3.319067e-05	8.040650e-06	9.528050e-06
6.800000e+02	7.200000e+02	2.996528e-05	8.067545e-06	7.736550e-06
7.200000e+02	7.600000e+02	2.624942e-05	4.825537e-06	7.870400e-06
7.600000e+02	8.000000e+02	2.383675e-05	6.951725e-06	6.460297e-06
8.000000e+02	8.400000e+02	2.103409e-05	5.610030e-06	7.097355e-06
8.400000e+02	8.800000e+02	1.883289e-05	5.089688e-06	5.600875e-06
8.800000e+02	9.200000e+02	1.596525e-05	3.655420e-06	7.791773e-06
9.200000e+02	9.600000e+02	1.476421e-05	4.132592e-06	5.508930e-06
9.600000e+02	1.000000e+03	1.293188e-05	2.656980e-06	4.270900e-06
1.000000e+03	1.040000e+03	1.338605e-05	3.729345e-06	3.515218e-06
1.040000e+03	1.080000e+03	1.080555e-05	2.312835e-06	4.031232e-06
1.080000e+03	1.120000e+03	9.841458e-06	2.453503e-06	4.121457e-06
1.120000e+03	1.160000e+03	8.710245e-06	1.015425e-06	3.825073e-06
1.160000e+03	1.200000e+03	8.098578e-06	1.633190e-06	3.290202e-06
1.200000e+03	1.240000e+03	7.475380e-06	1.914105e-06	2.388720e-06
1.240000e+03	1.280000e+03	7.228052e-06	1.912022e-06	2.204015e-06
1.280000e+03	1.320000e+03	6.409270e-06	2.062558e-06	2.583560e-06
1.320000e+03	1.360000e+03	5.793295e-06	1.667415e-06	2.414315e-06
1.360000e+03	1.400000e+03	4.810815e-06	5.448375e-07	2.414533e-06
1.400000e+03	1.440000e+03	4.647263e-06	1.056038e-06	1.849073e-06
1.440000e+03	1.480000e+03	4.152975e-06	1.120760e-06	2.662810e-06
1.480000e+03	1.520000e+03	4.251945e-06	1.444743e-06	1.609845e-06
1.520000e+03	1.560000e+03	3.893100e-06	1.362795e-06	1.052587e-06
1.560000e+03	1.600000e+03	3.559197e-06	1.271931e-06	9.942125e-07
1.600000e+03	1.640000e+03	3.068430e-06	1.121715e-06	1.302670e-06
1.640000e+03	1.680000e+03	2.989698e-06	8.480063e-07	9.133075e-07
1.680000e+03	1.720000e+03	2.422459e-06	4.545450e-07	1.172016e-06
1.720000e+03	1.760000e+03	2.410441e-06	7.055120e-07	6.905537e-07
1.760000e+03	1.800000e+03	2.090855e-06	4.638687e-07	1.011627e-06
1.800000e+03	1.840000e+03	1.851591e-06	5.133378e-07	8.799990e-07
1.840000e+03	1.880000e+03	1.990626e-06	8.197752e-07	5.306215e-07
1.880000e+03	1.920000e+03	1.681684e-06	4.878708e-07	5.912177e-07
1.920000e+03	1.960000e+03	1.495165e-06	4.790470e-07	6.845735e-07
1.960000e+03	2.000000e+03	1.298051e-06	2.808928e-07	7.733947e-07
2.000000e+03	2.040000e+03	1.302905e-06	4.218365e-07	6.071880e-07
2.040000e+03	2.080000e+03	1.121240e-06	2.280528e-07	5.540870e-07
2.080000e+03	2.120000e+03	9.653130e-07	5.908075e-08	5.033885e-07
2.120000e+03	2.160000e+03	9.860107e-07	1.333410e-07	3.044073e-07
2.160000e+03	2.200000e+03	1.036747e-06	3.629187e-07	3.850873e-07
2.200000e+03	2.240000e+03	7.818832e-07	2.632102e-07	4.770548e-07
2.240000e+03	2.280000e+03	7.545727e-07	1.866513e-07	4.403162e-07
2.280000e+03	2.320000e+03	8.158592e-07	3.255042e-07	1.689187e-07
2.320000e+03	2.360000e+03	6.410522e-07	7.153475e-08	3.958885e-07
2.360000e+03	2.400000e+03	5.946140e-07	1.960972e-07	1.557125e-07
2.400000e+03	2.440000e+03	7.088797e-07	3.843290e-07	1.069625e-08
2.440000e+03	2.480000e+03	4.697552e-07	1.770062e-07	3.899435e-07
2.480000e+03	2.520000e+03	4.451555e-07	1.046930e-07	2.939177e-07
2.520000e+03	2.560000e+03	4.930505e-07	1.908505e-07	2.402297e-07
2.560000e+03	2.600000e+03	3.870710e-07	1.428016e-07	1.722107e-07
2.600000e+03	2.640000e+03	3.193623e-07	0.000000e+00	1.397147e-07
2.640000e+03	2.680000e+03	3.571902e-07	1.730761e-07	1.045057e-07
2.680000e+03	2.720000e+03	6.574585e-07	4.930524e-07	0.000000e+00
2.720000e+03	2.760000e+03	2.330736e-07	5.895525e-09	2.284476e-07
2.760000e+03	2.800000e+03	2.019394e-07	0.000000e+00	3.142209e-07
2.800000e+03	2.840000e+03	2.659575e-07	1.561192e-07	8.925375e-08
2.840000e+03	2.880000e+03	1.833412e-07	3.130445e-08	7.130005e-08
2.880000e+03	2.920000e+03	1.864205e-07	1.305420e-08	1.013212e-07
2.920000e+03	2.960000e+03	2.188528e-07	1.036207e-07	1.096780e-08
2.960000e+03	3.000000e+03	2.028381e-07	9.381947e-08	4.193920e-08
3.000000e+03	3.040000e+03	1.124385e-07	1.826003e-08	1.211187e-07
3.040000e+03	3.080000e+03	1.112551e-07	3.260117e-08	6.780658e-08
3.080000e+03	3.120000e+03	6.906900e-08	0.000000e+00	1.074604e-07
3.120000e+03	3.160000e+03	9.325592e-08	3.330200e-09	6.623698e-08
3.160000e+03	3.200000e+03	8.840758e-08	4.354590e-08	5.540985e-08
3.200000e+03	3.240000e+03	6.714677e-08	9.795780e-08	5.640770e-08
3.240000e+03	3.280000e+03	8.956585e-08	5.686505e-08	7.103650e-08
3.280000e+03	3.320000e+03	9.039925e-08	3.896970e-08	1.051075e-08
3.320000e+03	3.360000e+03	6.675327e-08	1.871422e-08	1.586385e-08
3.360000e+03	3.400000e+03	5.807715e-08	1.147827e-08	8.857017e-08
3.400000e+03	3.440000e+03	4.962280e-08	0.000000e+00	2.421577e-08
3.440000e+03	3.480000e+03	4.884550e-08	1.353462e-08	4.166130e-08
3.480000e+03	3.520000e+03	5.318633e-08	2.810503e-08	8.658225e-09
3.520000e+03	3.560000e+03	4.310830e-08	8.592225e-09	3.408373e-08
3.560000e+03	3.600000e+03	4.235995e-08	2.437850e-08	1.399520e-08
3.600000e+03	3.640000e+03	3.972668e-08	2.364116e-08	1.624370e-08
3.640000e+03	3.680000e+03	2.002118e-08	0.000000e+00	3.596477e-08
3.680000e+03	3.720000e+03	2.809315e-08	7.086720e-09	1.995593e-08
3.720000e+03	3.760000e+03	3.887530e-08	1.107497e-08	1.016803e-08
3.760000e+03	3.800000e+03	3.399565e-08	1.594463e-08	4.072325e-09
3.800000e+03	3.840000e+03	2.154238e-08	1.068897e-08	1.995103e-09
3.840000e+03	3.880000e+03	1.768741e-08	3.823358e-09	1.633011e-08
3.880000e+03	3.920000e+03	2.104018e-08	1.884046e-08	0.000000e+00
3.920000e+03	3.960000e+03	1.332527e-08	1.913828e-09	1.365386e-08
3.960000e+03	4.000000e+03	1.489049e-08	3.134647e-09	8.180138e-09
4.000000e+03	4.040000e+03	1.116068e-08	0.000000e+00	9.467487e-09
4.040000e+03	4.080000e+03	6.266907e-09	0.000000e+00	1.963137e-08
4.080000e+03	4.120000e+03	1.314642e-08	3.579440e-09	6.028080e-09
4.120000e+03	4.160000e+03	9.554763e-09	1.294775e-10	3.128878e-09
4.160000e+03	4.200000e+03	9.030727e-09	4.247240e-09	1.112313e-08
4.200000e+03	4.240000e+03	5.979313e-09	2.560293e-09	3.391053e-09
4.240000e+03	4.280000e+03	6.204317e-09	1.054050e-08	4.116150e-10
4.280000e+03	4.320000e+03	9.780825e-09	1.151803e-08	0.000000e+00
4.320000e+03	4.360000e+03	4.983987e-09	9.971850e-10	2.048698e-09
4.360000e+03	4.400000e+03	8.441862e-09	4.227847e-09	4.411600e-10
4.400000e+03	4.440000e+03	9.250120e-09	2.894019e-08	0.000000e+00
4.440000e+03	4.480000e+03	7.543140e-09	6.675262e-09	4.315727e-09
4.480000e+03	4.520000e+03	3.323372e-09	0.000000e+00	1.176620e-09
4.520000e+03	4.560000e+03	4.608240e-09	3.911275e-10	1.065243e-09
4.560000e+03	4.600000e+03	4.801512e-09	2.369175e-09	0.000000e+00
4.600000e+03	4.640000e+03	7.248315e-09	4.350238e-09	0.000000e+00
4.640000e+03	4.680000e+03	4.095010e-09	2.631832e-09	0.000000e+00
4.680000e+03	4.720000e+03	1.799097e-09	0.000000e+00	1.530088e-09
4.720000e+03	4.760000e+03	1.630488e-09	7.757602e-10	1.202826e-09
4.760000e+03	4.800000e+03	1.411182e-09	6.131950e-11	9.575223e-10
4.800000e+03	4.840000e+03	1.430998e-09	6.158143e-10	4.799157e-09
4.840000e+03	4.880000e+03	9.639992e-10	0.000000e+00	1.299261e-09
4.880000e+03	4.920000e+03	1.159255e-09	0.000000e+00	7.564660e-10
4.920000e+03	4.960000e+03	2.677205e-09	2.389288e-09	3.033868e-09
4.960000e+03	5.000000e+03	8.348278e-10	0.000000e+00	5.199637e-09
5.000000e+03	5.040000e+03	1.269336e-09	4.891540e-10	1.055463e-09
5.040000e+03	5.080000e+03	1.578115e-09	5.226605e-10	0.000000e+00
5.080000e+03	5.120000e+03	1.768223e-09	1.140875e-09	0.000000e+00
5.120000e+03	5.160000e+03	-1.706868e-09	0.000000e+00	3.801197e-09
5.160000e+03	5.200000e+03	5.971795e-10	0.000000e+00	5.474258e-10
5.200000e+03	5.240000e+03	1.056329e-09	6.534152e-10	0.000000e+00
5.240000e+03	5.280000e+03	9.291315e-11	0.000000e+00	9.344191e-10
5.280000e+03	5.320000e+03	1.039043e-09	0.000000e+00	1.265725e-09
5.320000e+03	5.360000e+03	1.156372e-09	3.254820e-10	0.000000e+00
5.360000e+03	5.400000e+03	1.292824e-09	5.935410e-10	5.629488e-10
5.400000e+03	5.440000e+03	8.040362e-10	6.501516e-10	0.000000e+00
5.440000e+03	5.480000e+03	6.483728e-10	5.110756e-10	0.000000e+00
5.480000e+03	5.520000e+03	-1.421051e-09	0.000000e+00	2.288039e-09
5.520000e+03	5.560000e+03	9.385010e-10	8.577611e-10	0.000000e+00
5.560000e+03	5.600000e+03	2.085515e-10	4.038638e-11	1.833362e-10
5.600000e+03	5.640000e+03	6.157095e-11	4.700500e-13	2.716867e-09
5.640000e+03	5.680000e+03	7.915190e-10	1.657437e-10	1.028908e-10
5.680000e+03	5.720000e+03	1.664136e-10	0.000000e+00	1.937101e-10
5.720000e+03	5.760000e+03	2.463654e-10	1.935337e-10	2.306842e-09
5.760000e+03	5.800000e+03	7.773325e-10	6.384031e-10	2.922958e-10
5.800000e+03	5.840000e+03	2.978912e-10	2.460779e-10	1.637618e-10
5.840000e+03	5.880000e+03	7.640205e-11	2.223126e-09	4.833738e-11
5.880000e+03	5.920000e+03	6.140180e-10	7.227946e-10	0.000000e+00
5.920000e+03	5.960000e+03	1.335694e-10	1.147931e-10	0.000000e+00
5.960000e+03	6.000000e+03	6.912285e-11	2.300018e-11	1.958831e-10
# END HISTO1D


# BEGIN HISTO1D //homes/tinghua1/Merging-Project/Production/HJETS/ratio-plots/hjets-matched-errorband/H-N2-3-25gev-combine.yoda/MC_H2JETS_07_INC/j3j4_mass
ErrorBandColor=green
ErrorBandOpacity=0.3
ErrorBands=1
ErrorType=env
LineColor=green
LineStyle=solid
Path=//homes/tinghua1/Merging-Project/Production/HJETS/ratio-plots/hjets-matched-errorband/H-N2-3-25gev-combine.yoda/MC_H2JETS_07_INC/j3j4_mass
RatioPlotSameStyle=1
Title=h(2*,3)
# xlow	 xhigh	 val	 errminus	 errplus
0.000000e+00	4.000000e+01	2.608557e-04	2.091467e-05	3.659000e-05
4.000000e+01	8.000000e+01	1.347815e-03	2.430563e-04	3.682797e-04
8.000000e+01	1.200000e+02	9.679620e-04	1.819067e-04	2.572815e-04
1.200000e+02	1.600000e+02	4.833075e-04	1.047000e-04	1.256420e-04
1.600000e+02	2.000000e+02	2.860505e-04	5.883855e-05	8.201775e-05
2.000000e+02	2.400000e+02	1.960206e-04	4.015515e-05	5.868292e-05
2.400000e+02	2.800000e+02	1.474814e-04	3.250320e-05	3.910650e-05
2.800000e+02	3.200000e+02	1.128041e-04	2.463850e-05	3.449930e-05
3.200000e+02	3.600000e+02	9.138847e-05	1.899887e-05	2.781365e-05
3.600000e+02	4.000000e+02	7.561450e-05	1.583497e-05	2.270563e-05
4.000000e+02	4.400000e+02	6.225490e-05	5.896400e-06	1.937025e-05
4.400000e+02	4.800000e+02	5.314977e-05	1.152082e-05	1.605880e-05
4.800000e+02	5.200000e+02	4.601678e-05	1.001875e-05	1.241437e-05
5.200000e+02	5.600000e+02	3.962555e-05	8.690875e-06	1.213853e-05
5.600000e+02	6.000000e+02	3.455735e-05	7.703300e-06	1.119598e-05
6.000000e+02	6.400000e+02	3.076427e-05	7.166065e-06	9.307775e-06
6.400000e+02	6.800000e+02	2.647903e-05	6.344258e-06	8.454500e-06
6.800000e+02	7.200000e+02	2.341711e-05	5.072040e-06	7.711695e-06
7.200000e+02	7.600000e+02	2.113398e-05	5.283590e-06	6.375670e-06
7.600000e+02	8.000000e+02	1.850806e-05	4.311245e-06	6.395865e-06
8.000000e+02	8.400000e+02	1.652428e-05	3.820760e-06	5.117180e-06
8.400000e+02	8.800000e+02	1.518518e-05	3.982855e-06	4.918720e-06
8.800000e+02	9.200000e+02	1.326387e-05	3.199068e-06	4.460237e-06
9.200000e+02	9.600000e+02	1.165388e-05	2.526975e-06	4.882867e-06
9.600000e+02	1.000000e+03	1.070851e-05	2.273410e-06	4.938743e-06
1.000000e+03	1.040000e+03	9.740463e-06	2.380262e-06	3.193453e-06
1.040000e+03	1.080000e+03	8.669213e-06	1.911238e-06	2.726807e-06
1.080000e+03	1.120000e+03	7.771507e-06	1.888347e-06	2.959110e-06
1.120000e+03	1.160000e+03	7.042035e-06	1.622603e-06	2.643692e-06
1.160000e+03	1.200000e+03	6.553048e-06	1.671263e-06	2.221195e-06
1.200000e+03	1.240000e+03	6.093045e-06	1.779397e-06	1.760312e-06
1.240000e+03	1.280000e+03	5.290457e-06	1.365248e-06	2.376248e-06
1.280000e+03	1.320000e+03	2.045990e-05	1.668101e-05	0.000000e+00
1.320000e+03	1.360000e+03	4.495753e-06	9.437600e-07	1.808338e-06
1.360000e+03	1.400000e+03	4.067318e-06	1.112433e-06	1.476255e-06
1.400000e+03	1.440000e+03	3.685620e-06	8.729700e-07	1.258200e-06
1.440000e+03	1.480000e+03	3.726098e-06	1.245128e-06	1.088353e-06
1.480000e+03	1.520000e+03	3.071723e-06	7.351388e-07	1.141930e-06
1.520000e+03	1.560000e+03	2.699565e-06	6.896943e-07	1.189982e-06
1.560000e+03	1.600000e+03	2.492897e-06	5.421147e-07	1.346141e-06
1.600000e+03	1.640000e+03	2.448209e-06	6.824272e-07	7.302913e-07
1.640000e+03	1.680000e+03	2.168988e-06	5.728082e-07	1.116617e-06
1.680000e+03	1.720000e+03	1.955171e-06	4.786960e-07	9.619640e-07
1.720000e+03	1.760000e+03	1.842654e-06	5.405257e-07	7.830588e-07
1.760000e+03	1.800000e+03	1.726790e-06	4.829755e-07	4.677635e-07
1.800000e+03	1.840000e+03	1.429805e-06	3.680768e-07	7.218510e-07
1.840000e+03	1.880000e+03	1.293652e-06	2.654940e-07	6.446355e-07
1.880000e+03	1.920000e+03	1.161663e-06	2.154738e-07	5.756642e-07
1.920000e+03	1.960000e+03	1.126257e-06	2.753890e-07	6.043940e-07
1.960000e+03	2.000000e+03	1.081277e-06	3.413578e-07	3.360817e-07
2.000000e+03	2.040000e+03	1.188695e-06	3.898000e-07	1.036278e-07
2.040000e+03	2.080000e+03	8.902023e-07	2.278855e-07	3.648735e-07
2.080000e+03	2.120000e+03	8.582178e-07	2.565540e-07	3.783497e-07
2.120000e+03	2.160000e+03	7.316625e-07	1.873905e-07	3.990250e-07
2.160000e+03	2.200000e+03	7.450123e-07	2.016395e-07	2.487897e-07
2.200000e+03	2.240000e+03	6.305260e-07	9.719775e-08	3.658787e-07
2.240000e+03	2.280000e+03	5.992190e-07	1.863680e-07	1.795695e-07
2.280000e+03	2.320000e+03	5.237340e-07	1.354703e-07	1.974012e-07
2.320000e+03	2.360000e+03	5.047547e-07	1.298943e-07	1.346618e-07
2.360000e+03	2.400000e+03	4.160488e-07	9.217800e-08	2.327515e-07
2.400000e+03	2.440000e+03	4.038007e-07	1.477327e-07	1.558460e-07
2.440000e+03	2.480000e+03	3.559910e-07	1.285743e-07	1.390737e-07
2.480000e+03	2.520000e+03	3.610145e-07	1.104968e-07	1.791940e-07
2.520000e+03	2.560000e+03	3.273400e-07	7.885367e-08	1.129588e-07
2.560000e+03	2.600000e+03	2.657812e-07	8.097342e-08	1.448540e-07
2.600000e+03	2.640000e+03	2.342315e-07	5.238200e-08	1.475325e-07
2.640000e+03	2.680000e+03	2.295680e-07	9.110145e-08	7.305955e-08
2.680000e+03	2.720000e+03	1.995909e-07	4.894468e-08	1.026246e-07
2.720000e+03	2.760000e+03	1.861444e-07	4.803420e-08	5.576525e-08
2.760000e+03	2.800000e+03	1.735603e-07	4.320768e-08	7.618887e-08
2.800000e+03	2.840000e+03	1.750154e-07	6.894960e-08	1.236280e-08
2.840000e+03	2.880000e+03	1.593348e-07	3.954455e-08	2.597128e-08
2.880000e+03	2.920000e+03	1.256596e-07	3.821967e-08	8.244782e-08
2.920000e+03	2.960000e+03	1.342699e-07	3.530532e-08	9.592338e-08
2.960000e+03	3.000000e+03	1.130601e-07	1.843258e-08	3.862843e-08
3.000000e+03	3.040000e+03	1.111092e-07	4.039345e-08	9.838275e-09
3.040000e+03	3.080000e+03	1.022619e-07	3.383225e-08	4.325275e-08
3.080000e+03	3.120000e+03	8.742325e-08	3.625673e-08	3.650130e-08
3.120000e+03	3.160000e+03	7.328408e-08	3.207258e-08	3.788870e-08
3.160000e+03	3.200000e+03	9.111215e-08	2.766538e-08	6.005725e-09
3.200000e+03	3.240000e+03	7.678440e-08	2.446130e-08	0.000000e+00
3.240000e+03	3.280000e+03	6.418593e-08	8.578300e-09	1.862502e-08
3.280000e+03	3.320000e+03	5.834105e-08	1.517335e-08	1.822998e-08
3.320000e+03	3.360000e+03	5.549490e-08	1.919865e-08	1.355420e-08
3.360000e+03	3.400000e+03	4.715060e-08	1.548653e-08	9.371100e-09
3.400000e+03	3.440000e+03	4.625247e-08	2.042580e-08	2.147905e-08
3.440000e+03	3.480000e+03	2.884613e-08	1.289250e-10	2.447605e-08
3.480000e+03	3.520000e+03	3.796870e-08	1.745201e-08	9.766475e-09
3.520000e+03	3.560000e+03	3.075605e-08	1.231180e-08	7.714000e-09
3.560000e+03	3.600000e+03	3.078227e-08	1.082423e-08	5.836500e-09
3.600000e+03	3.640000e+03	2.251020e-08	7.076727e-09	1.831375e-08
3.640000e+03	3.680000e+03	2.498470e-08	0.000000e+00	1.139922e-08
3.680000e+03	3.720000e+03	2.549362e-08	9.037687e-09	7.298025e-09
3.720000e+03	3.760000e+03	1.541061e-08	3.321980e-09	3.683470e-08
3.760000e+03	3.800000e+03	1.378987e-08	3.102875e-10	6.914700e-09
3.800000e+03	3.840000e+03	1.215043e-08	0.000000e+00	1.037399e-08
3.840000e+03	3.880000e+03	8.369957e-09	1.290282e-09	7.576603e-09
3.880000e+03	3.920000e+03	1.052775e-08	1.519995e-09	3.149643e-09
3.920000e+03	3.960000e+03	1.675844e-08	8.242915e-09	4.311390e-09
3.960000e+03	4.000000e+03	5.795407e-09	4.777675e-10	5.864098e-09
4.000000e+03	4.040000e+03	9.202847e-09	1.817515e-09	8.023175e-10
4.040000e+03	4.080000e+03	7.837410e-09	9.133771e-09	7.328912e-09
4.080000e+03	4.120000e+03	1.006414e-08	4.478805e-09	0.000000e+00
4.120000e+03	4.160000e+03	3.570608e-09	0.000000e+00	5.816910e-09
4.160000e+03	4.200000e+03	5.795080e-09	1.791440e-09	3.822013e-09
4.200000e+03	4.240000e+03	5.748877e-09	2.986250e-09	0.000000e+00
4.240000e+03	4.280000e+03	5.499190e-09	1.301930e-09	3.936653e-09
4.280000e+03	4.320000e+03	5.388490e-09	0.000000e+00	3.898285e-09
4.320000e+03	4.360000e+03	5.053412e-09	2.420665e-09	0.000000e+00
4.360000e+03	4.400000e+03	3.834625e-09	0.000000e+00	1.776255e-09
4.400000e+03	4.440000e+03	5.213868e-09	2.671235e-09	1.582025e-10
4.440000e+03	4.480000e+03	2.564985e-09	9.559742e-10	2.786930e-09
4.480000e+03	4.520000e+03	2.132165e-09	0.000000e+00	2.668712e-09
4.520000e+03	4.560000e+03	4.075870e-09	2.284890e-09	1.122308e-09
4.560000e+03	4.600000e+03	3.269632e-09	1.966392e-09	1.100665e-09
4.600000e+03	4.640000e+03	2.012291e-09	8.079642e-10	1.102286e-09
4.640000e+03	4.680000e+03	1.811320e-09	1.298982e-10	3.354178e-09
4.680000e+03	4.720000e+03	1.938785e-09	0.000000e+00	4.748303e-09
4.720000e+03	4.760000e+03	3.006475e-09	1.359463e-09	4.681965e-09
4.760000e+03	4.800000e+03	1.262861e-09	0.000000e+00	1.332867e-09
4.800000e+03	4.840000e+03	1.020851e-09	2.680470e-10	1.053237e-09
4.840000e+03	4.880000e+03	4.945282e-09	4.393431e-09	0.000000e+00
4.880000e+03	4.920000e+03	2.122311e-09	2.169935e-09	0.000000e+00
4.920000e+03	4.960000e+03	1.142591e-09	5.812645e-10	0.000000e+00
4.960000e+03	5.000000e+03	1.224232e-09	8.499117e-10	2.405938e-09
5.000000e+03	5.040000e+03	1.259480e-09	4.508455e-10	1.659963e-10
5.040000e+03	5.080000e+03	6.338562e-10	7.790675e-11	4.918400e-10
5.080000e+03	5.120000e+03	1.095159e-09	9.168628e-10	2.199373e-10
5.120000e+03	5.160000e+03	2.748398e-10	2.348624e-10	2.839480e-10
5.160000e+03	5.200000e+03	5.002755e-10	2.800905e-10	8.337627e-10
5.200000e+03	5.240000e+03	5.409018e-10	0.000000e+00	1.318511e-09
5.240000e+03	5.280000e+03	5.724320e-10	4.322099e-10	0.000000e+00
5.280000e+03	5.320000e+03	4.795792e-10	3.197608e-10	0.000000e+00
5.320000e+03	5.360000e+03	5.417270e-10	3.217617e-10	2.233282e-10
5.360000e+03	5.400000e+03	2.085085e-09	2.182365e-09	0.000000e+00
5.400000e+03	5.440000e+03	3.784343e-09	3.691776e-09	0.000000e+00
5.440000e+03	5.480000e+03	4.790535e-10	2.601376e-09	0.000000e+00
5.480000e+03	5.520000e+03	1.250029e-10	1.267738e-10	0.000000e+00
5.520000e+03	5.560000e+03	5.189950e-10	4.385474e-10	0.000000e+00
5.560000e+03	5.600000e+03	1.581740e-10	1.800338e-10	3.509320e-10
5.600000e+03	5.640000e+03	-3.156410e-11	0.000000e+00	2.006092e-10
5.640000e+03	5.680000e+03	1.962224e-10	3.941982e-11	9.190138e-11
5.680000e+03	5.720000e+03	1.161953e-10	8.790280e-11	1.459012e-10
5.720000e+03	5.760000e+03	1.365007e-10	4.769053e-11	0.000000e+00
5.760000e+03	5.800000e+03	1.726726e-10	1.545422e-10	2.944804e-10
5.800000e+03	5.840000e+03	1.390613e-10	1.043889e-10	0.000000e+00
5.840000e+03	5.880000e+03	5.469982e-10	5.180446e-10	0.000000e+00
5.880000e+03	5.920000e+03	2.023272e-10	2.376181e-10	0.000000e+00
5.920000e+03	5.960000e+03	-7.201130e-11	0.000000e+00	9.136208e-10
5.960000e+03	6.000000e+03	8.400762e-11	4.815967e-11	8.344372e-11
# END HISTO1D


# BEGIN HISTO1D //homes/tinghua1/Merging-Project/Production/HJETS/ratio-plots/hjets-matched-errorband/H-2-3-25gev-combine.yoda/MC_H2JETS_07_INC/j3j4_mass
ErrorBandColor=purple
ErrorBandOpacity=0.3
ErrorBands=1
ErrorType=env
LineColor=purple
LineStyle=solid
Path=//homes/tinghua1/Merging-Project/Production/HJETS/ratio-plots/hjets-matched-errorband/H-2-3-25gev-combine.yoda/MC_H2JETS_07_INC/j3j4_mass
RatioPlotSameStyle=1
Title=h(2,3)
# xlow	 xhigh	 val	 errminus	 errplus
0.000000e+00	4.000000e+01	2.223582e-04	0.000000e+00	5.003080e-05
4.000000e+01	8.000000e+01	9.842428e-04	0.000000e+00	4.688138e-04
8.000000e+01	1.200000e+02	6.827540e-04	0.000000e+00	3.410325e-04
1.200000e+02	1.600000e+02	3.270405e-04	0.000000e+00	1.739017e-04
1.600000e+02	2.000000e+02	1.972899e-04	0.000000e+00	1.083603e-04
2.000000e+02	2.400000e+02	1.373161e-04	0.000000e+00	7.544893e-05
2.400000e+02	2.800000e+02	1.026458e-04	0.000000e+00	5.829680e-05
2.800000e+02	3.200000e+02	8.086953e-05	0.000000e+00	4.716227e-05
3.200000e+02	3.600000e+02	6.523870e-05	0.000000e+00	3.905362e-05
3.600000e+02	4.000000e+02	5.384918e-05	0.000000e+00	3.395562e-05
4.000000e+02	4.400000e+02	4.573273e-05	0.000000e+00	2.877957e-05
4.400000e+02	4.800000e+02	3.920850e-05	0.000000e+00	2.527465e-05
4.800000e+02	5.200000e+02	3.384300e-05	0.000000e+00	2.234448e-05
5.200000e+02	5.600000e+02	2.897190e-05	0.000000e+00	2.066747e-05
5.600000e+02	6.000000e+02	2.567133e-05	0.000000e+00	1.758797e-05
6.000000e+02	6.400000e+02	2.259994e-05	0.000000e+00	1.603746e-05
6.400000e+02	6.800000e+02	1.986256e-05	0.000000e+00	1.406274e-05
6.800000e+02	7.200000e+02	1.749127e-05	0.000000e+00	1.334653e-05
7.200000e+02	7.600000e+02	1.544776e-05	0.000000e+00	1.121182e-05
7.600000e+02	8.000000e+02	1.383067e-05	0.000000e+00	1.060798e-05
8.000000e+02	8.400000e+02	1.219332e-05	0.000000e+00	9.849010e-06
8.400000e+02	8.800000e+02	1.095558e-05	0.000000e+00	9.192122e-06
8.800000e+02	9.200000e+02	1.013422e-05	0.000000e+00	7.880258e-06
9.200000e+02	9.600000e+02	8.729453e-06	0.000000e+00	7.164470e-06
9.600000e+02	1.000000e+03	8.010880e-06	0.000000e+00	6.356438e-06
1.000000e+03	1.040000e+03	7.078905e-06	0.000000e+00	5.989680e-06
1.040000e+03	1.080000e+03	6.486282e-06	0.000000e+00	5.228490e-06
1.080000e+03	1.120000e+03	5.902033e-06	0.000000e+00	4.821438e-06
1.120000e+03	1.160000e+03	5.210048e-06	0.000000e+00	4.790545e-06
1.160000e+03	1.200000e+03	4.783300e-06	0.000000e+00	4.300688e-06
1.200000e+03	1.240000e+03	4.186413e-06	0.000000e+00	3.975170e-06
1.240000e+03	1.280000e+03	3.884273e-06	0.000000e+00	3.524292e-06
1.280000e+03	1.320000e+03	3.591580e-06	0.000000e+00	3.142302e-06
1.320000e+03	1.360000e+03	3.165725e-06	0.000000e+00	3.108685e-06
1.360000e+03	1.400000e+03	2.920552e-06	0.000000e+00	2.825018e-06
1.400000e+03	1.440000e+03	2.631670e-06	0.000000e+00	2.516352e-06
1.440000e+03	1.480000e+03	2.459010e-06	0.000000e+00	2.230705e-06
1.480000e+03	1.520000e+03	2.134860e-06	0.000000e+00	2.145130e-06
1.520000e+03	1.560000e+03	2.045753e-06	0.000000e+00	1.876950e-06
1.560000e+03	1.600000e+03	1.829739e-06	0.000000e+00	1.784513e-06
1.600000e+03	1.640000e+03	1.702563e-06	0.000000e+00	1.609087e-06
1.640000e+03	1.680000e+03	1.573821e-06	0.000000e+00	1.477929e-06
1.680000e+03	1.720000e+03	1.395999e-06	0.000000e+00	1.237491e-06
1.720000e+03	1.760000e+03	1.223350e-06	0.000000e+00	1.365972e-06
1.760000e+03	1.800000e+03	1.151619e-06	0.000000e+00	1.183014e-06
1.800000e+03	1.840000e+03	1.130605e-06	0.000000e+00	1.020577e-06
1.840000e+03	1.880000e+03	9.865145e-07	0.000000e+00	9.353280e-07
1.880000e+03	1.920000e+03	9.519615e-07	0.000000e+00	8.627205e-07
1.920000e+03	1.960000e+03	8.530530e-07	0.000000e+00	8.502588e-07
1.960000e+03	2.000000e+03	7.938362e-07	0.000000e+00	7.890763e-07
2.000000e+03	2.040000e+03	6.692827e-07	0.000000e+00	7.152345e-07
2.040000e+03	2.080000e+03	5.998600e-07	0.000000e+00	6.177703e-07
2.080000e+03	2.120000e+03	5.710653e-07	0.000000e+00	5.953820e-07
2.120000e+03	2.160000e+03	5.770642e-07	0.000000e+00	5.125970e-07
2.160000e+03	2.200000e+03	4.578880e-07	0.000000e+00	5.213150e-07
2.200000e+03	2.240000e+03	4.818195e-07	0.000000e+00	4.262040e-07
2.240000e+03	2.280000e+03	3.975618e-07	0.000000e+00	4.368818e-07
2.280000e+03	2.320000e+03	3.556902e-07	0.000000e+00	3.986740e-07
2.320000e+03	2.360000e+03	3.231818e-07	0.000000e+00	3.680457e-07
2.360000e+03	2.400000e+03	2.963900e-07	0.000000e+00	3.482355e-07
2.400000e+03	2.440000e+03	2.818333e-07	0.000000e+00	3.160545e-07
2.440000e+03	2.480000e+03	2.394656e-07	0.000000e+00	2.792554e-07
2.480000e+03	2.520000e+03	2.293475e-07	0.000000e+00	2.824437e-07
2.520000e+03	2.560000e+03	2.266369e-07	0.000000e+00	2.409163e-07
2.560000e+03	2.600000e+03	1.927675e-07	0.000000e+00	2.089395e-07
2.600000e+03	2.640000e+03	1.827512e-07	0.000000e+00	2.260523e-07
2.640000e+03	2.680000e+03	1.570104e-07	0.000000e+00	1.664647e-07
2.680000e+03	2.720000e+03	1.322678e-07	0.000000e+00	1.707644e-07
2.720000e+03	2.760000e+03	1.463126e-07	0.000000e+00	1.227664e-07
2.760000e+03	2.800000e+03	1.316009e-07	0.000000e+00	1.324019e-07
2.800000e+03	2.840000e+03	1.106071e-07	0.000000e+00	1.241626e-07
2.840000e+03	2.880000e+03	9.281093e-08	0.000000e+00	1.152070e-07
2.880000e+03	2.920000e+03	8.987675e-08	0.000000e+00	9.895550e-08
2.920000e+03	2.960000e+03	9.573000e-08	0.000000e+00	8.764493e-08
2.960000e+03	3.000000e+03	6.966705e-08	0.000000e+00	1.074277e-07
3.000000e+03	3.040000e+03	7.064713e-08	0.000000e+00	7.990772e-08
3.040000e+03	3.080000e+03	5.558698e-08	0.000000e+00	9.271625e-08
3.080000e+03	3.120000e+03	6.319943e-08	0.000000e+00	5.338735e-08
3.120000e+03	3.160000e+03	5.196930e-08	0.000000e+00	7.725795e-08
3.160000e+03	3.200000e+03	5.222968e-08	0.000000e+00	5.532427e-08
3.200000e+03	3.240000e+03	3.600433e-08	0.000000e+00	6.754707e-08
3.240000e+03	3.280000e+03	4.149495e-08	0.000000e+00	3.292632e-08
3.280000e+03	3.320000e+03	3.474265e-08	0.000000e+00	4.100250e-08
3.320000e+03	3.360000e+03	-1.097828e-08	0.000000e+00	7.462796e-08
3.360000e+03	3.400000e+03	2.437299e-08	0.000000e+00	3.297986e-08
3.400000e+03	3.440000e+03	2.831295e-08	0.000000e+00	3.028975e-08
3.440000e+03	3.480000e+03	2.219250e-08	0.000000e+00	3.366958e-08
3.480000e+03	3.520000e+03	1.878629e-08	0.000000e+00	2.267786e-08
3.520000e+03	3.560000e+03	2.295128e-08	0.000000e+00	1.686827e-08
3.560000e+03	3.600000e+03	1.700204e-08	0.000000e+00	2.166617e-08
3.600000e+03	3.640000e+03	1.787043e-08	0.000000e+00	1.589343e-08
3.640000e+03	3.680000e+03	2.413626e-08	0.000000e+00	7.578343e-09
3.680000e+03	3.720000e+03	1.823092e-08	0.000000e+00	1.448795e-08
3.720000e+03	3.760000e+03	1.485697e-08	0.000000e+00	1.772215e-08
3.760000e+03	3.800000e+03	7.094278e-09	0.000000e+00	2.112525e-08
3.800000e+03	3.840000e+03	1.297229e-08	0.000000e+00	7.951475e-09
3.840000e+03	3.880000e+03	8.793540e-09	0.000000e+00	1.639441e-08
3.880000e+03	3.920000e+03	1.344610e-08	2.666777e-09	7.738723e-09
3.920000e+03	3.960000e+03	3.896915e-09	0.000000e+00	1.448832e-08
3.960000e+03	4.000000e+03	6.695798e-09	0.000000e+00	9.052290e-09
4.000000e+03	4.040000e+03	8.206620e-09	0.000000e+00	4.954445e-09
4.040000e+03	4.080000e+03	6.128345e-09	0.000000e+00	6.467905e-09
4.080000e+03	4.120000e+03	5.444955e-09	0.000000e+00	6.394188e-09
4.120000e+03	4.160000e+03	3.382257e-09	0.000000e+00	7.151290e-09
4.160000e+03	4.200000e+03	3.023920e-09	0.000000e+00	6.879960e-09
4.200000e+03	4.240000e+03	4.845207e-09	0.000000e+00	3.405497e-09
4.240000e+03	4.280000e+03	3.382605e-09	0.000000e+00	1.804387e-09
4.280000e+03	4.320000e+03	2.689192e-09	0.000000e+00	6.007112e-09
4.320000e+03	4.360000e+03	2.192828e-09	0.000000e+00	4.892302e-09
4.360000e+03	4.400000e+03	1.370875e-09	0.000000e+00	4.842595e-09
4.400000e+03	4.440000e+03	2.587295e-09	1.456022e-09	2.908830e-09
4.440000e+03	4.480000e+03	1.849054e-09	0.000000e+00	7.508804e-09
4.480000e+03	4.520000e+03	4.337155e-10	0.000000e+00	6.412974e-09
4.520000e+03	4.560000e+03	6.778768e-10	0.000000e+00	2.932268e-09
4.560000e+03	4.600000e+03	1.745532e-09	0.000000e+00	2.518663e-09
4.600000e+03	4.640000e+03	2.890183e-09	1.460610e-09	3.922350e-10
4.640000e+03	4.680000e+03	1.426466e-09	0.000000e+00	1.862424e-09
4.680000e+03	4.720000e+03	1.399008e-09	0.000000e+00	8.278527e-10
4.720000e+03	4.760000e+03	8.782868e-10	0.000000e+00	2.985506e-09
4.760000e+03	4.800000e+03	5.275262e-10	0.000000e+00	2.489404e-09
4.800000e+03	4.840000e+03	1.154319e-09	3.211045e-10	1.563228e-09
4.840000e+03	4.880000e+03	7.324070e-10	1.905755e-10	6.523210e-10
4.880000e+03	4.920000e+03	1.060242e-09	0.000000e+00	9.461093e-10
4.920000e+03	4.960000e+03	3.047605e-10	0.000000e+00	1.020499e-09
4.960000e+03	5.000000e+03	6.426540e-10	0.000000e+00	2.021806e-09
5.000000e+03	5.040000e+03	7.082468e-10	0.000000e+00	5.108525e-10
5.040000e+03	5.080000e+03	1.053069e-09	7.262712e-10	8.331655e-10
5.080000e+03	5.120000e+03	2.456491e-10	0.000000e+00	1.525721e-09
5.120000e+03	5.160000e+03	2.262531e-09	1.576985e-09	0.000000e+00
5.160000e+03	5.200000e+03	3.449892e-10	0.000000e+00	2.259597e-10
5.200000e+03	5.240000e+03	3.398708e-10	0.000000e+00	1.705980e-10
5.240000e+03	5.280000e+03	2.463837e-10	0.000000e+00	5.237555e-10
5.280000e+03	5.320000e+03	1.051550e-10	0.000000e+00	4.787020e-10
5.320000e+03	5.360000e+03	3.259553e-10	0.000000e+00	1.057774e-09
5.360000e+03	5.400000e+03	3.801407e-10	1.354355e-10	2.404905e-10
5.400000e+03	5.440000e+03	3.254062e-10	2.177990e-10	3.106800e-10
5.440000e+03	5.480000e+03	1.118376e-10	0.000000e+00	4.480673e-10
5.480000e+03	5.520000e+03	1.113467e-10	5.123800e-11	3.723242e-10
5.520000e+03	5.560000e+03	9.972638e-11	0.000000e+00	1.902566e-10
5.560000e+03	5.600000e+03	7.622175e-11	0.000000e+00	8.631542e-10
5.600000e+03	5.640000e+03	7.053835e-11	0.000000e+00	5.039081e-10
5.640000e+03	5.680000e+03	9.114695e-11	0.000000e+00	3.534710e-10
5.680000e+03	5.720000e+03	3.733953e-11	0.000000e+00	1.266655e-10
5.720000e+03	5.760000e+03	9.656440e-11	0.000000e+00	5.861211e-10
5.760000e+03	5.800000e+03	1.647599e-11	0.000000e+00	3.456750e-10
5.800000e+03	5.840000e+03	6.074775e-12	0.000000e+00	1.096616e-10
5.840000e+03	5.880000e+03	5.478425e-11	2.940575e-11	2.888463e-11
5.880000e+03	5.920000e+03	3.512198e-11	0.000000e+00	8.648722e-11
5.920000e+03	5.960000e+03	8.885478e-12	0.000000e+00	1.378393e-10
5.960000e+03	6.000000e+03	1.817437e-10	1.211723e-10	0.000000e+00
# END HISTO1D


# BEGIN HISTO1D //homes/tinghua1/Merging-Project/Production/HJETS/ratio-plots/hjets-matched-errorband/H3Jets-NLOPS-combine.yoda/MC_H2JETS_07_INC/j3j4_mass
ErrorBandColor=red
ErrorBandOpacity=0.3
ErrorBands=1
ErrorType=env
LineColor=red
LineStyle=solid
Path=//homes/tinghua1/Merging-Project/Production/HJETS/ratio-plots/hjets-matched-errorband/H3Jets-NLOPS-combine.yoda/MC_H2JETS_07_INC/j3j4_mass
RatioPlotSameStyle=1
Title=h(3*) $\oplus$ PS
# xlow	 xhigh	 val	 errminus	 errplus
0.000000e+00	4.000000e+01	2.353078e-04	6.138275e-06	5.601425e-06
4.000000e+01	8.000000e+01	1.278333e-03	8.065900e-05	7.529575e-05
8.000000e+01	1.200000e+02	1.000386e-03	7.069925e-05	3.998125e-05
1.200000e+02	1.600000e+02	4.988355e-04	3.857500e-05	4.211025e-05
1.600000e+02	2.000000e+02	3.100128e-04	3.812475e-05	3.179575e-05
2.000000e+02	2.400000e+02	2.151981e-04	2.800905e-05	2.666053e-05
2.400000e+02	2.800000e+02	1.564566e-04	2.078012e-05	1.113965e-05
2.800000e+02	3.200000e+02	1.214751e-04	1.304775e-05	1.397875e-05
3.200000e+02	3.600000e+02	9.956410e-05	1.207500e-05	5.453525e-06
3.600000e+02	4.000000e+02	7.628072e-05	1.503860e-05	1.250327e-05
4.000000e+02	4.400000e+02	6.711245e-05	6.319625e-06	4.197025e-06
4.400000e+02	4.800000e+02	5.413762e-05	3.804450e-06	8.843350e-06
4.800000e+02	5.200000e+02	4.684260e-05	4.434900e-06	3.775275e-06
5.200000e+02	5.600000e+02	4.107265e-05	6.316200e-06	3.961750e-06
5.600000e+02	6.000000e+02	3.402952e-05	0.000000e+00	5.515825e-06
6.000000e+02	6.400000e+02	3.093558e-05	3.827625e-06	1.402900e-06
6.400000e+02	6.800000e+02	2.662430e-05	1.509050e-06	0.000000e+00
6.800000e+02	7.200000e+02	2.396850e-05	5.757285e-06	2.814870e-06
7.200000e+02	7.600000e+02	2.206601e-05	3.983455e-06	6.594475e-07
7.600000e+02	8.000000e+02	1.991235e-05	2.413655e-06	4.315335e-06
8.000000e+02	8.400000e+02	1.591937e-05	7.929200e-07	1.712270e-06
8.400000e+02	8.800000e+02	1.669292e-05	3.146615e-06	5.915650e-07
8.800000e+02	9.200000e+02	1.281809e-05	6.051975e-07	6.508275e-07
9.200000e+02	9.600000e+02	1.193322e-05	7.065175e-07	7.530450e-07
9.600000e+02	1.000000e+03	1.066247e-05	1.554080e-06	3.576850e-07
1.000000e+03	1.040000e+03	9.615090e-06	8.488200e-07	2.060740e-06
1.040000e+03	1.080000e+03	7.997117e-06	2.019400e-07	1.633625e-06
1.080000e+03	1.120000e+03	8.171932e-06	8.387500e-07	0.000000e+00
1.120000e+03	1.160000e+03	7.910902e-06	3.258897e-06	6.229925e-07
1.160000e+03	1.200000e+03	6.061707e-06	0.000000e+00	1.289750e-06
1.200000e+03	1.240000e+03	5.407585e-06	2.983150e-07	4.951900e-07
1.240000e+03	1.280000e+03	7.380160e-06	2.373018e-06	0.000000e+00
1.280000e+03	1.320000e+03	4.864473e-06	0.000000e+00	7.207750e-07
1.320000e+03	1.360000e+03	4.690325e-06	7.159725e-07	9.582525e-07
1.360000e+03	1.400000e+03	4.129723e-06	7.735900e-07	2.377975e-07
1.400000e+03	1.440000e+03	4.131308e-06	1.043688e-06	3.596500e-07
1.440000e+03	1.480000e+03	3.466765e-06	1.130692e-06	8.689400e-07
1.480000e+03	1.520000e+03	2.989578e-06	2.212450e-07	9.088725e-07
1.520000e+03	1.560000e+03	2.918617e-06	4.537298e-07	5.204025e-07
1.560000e+03	1.600000e+03	2.882180e-06	5.683905e-07	4.061175e-07
1.600000e+03	1.640000e+03	2.654450e-06	5.670138e-07	1.040570e-06
1.640000e+03	1.680000e+03	2.051697e-06	2.590893e-07	2.242290e-07
1.680000e+03	1.720000e+03	1.779006e-06	7.342500e-10	4.570065e-07
1.720000e+03	1.760000e+03	1.911675e-06	2.763465e-07	4.160160e-07
1.760000e+03	1.800000e+03	1.668191e-06	2.008180e-07	3.578540e-07
1.800000e+03	1.840000e+03	1.352413e-06	1.097813e-07	6.718168e-07
1.840000e+03	1.880000e+03	1.335488e-06	1.567573e-07	5.936650e-08
1.880000e+03	1.920000e+03	1.222457e-06	1.470985e-07	0.000000e+00
1.920000e+03	1.960000e+03	1.331448e-06	2.290580e-07	3.055495e-07
1.960000e+03	2.000000e+03	1.545660e-06	5.855428e-07	0.000000e+00
2.000000e+03	2.040000e+03	8.514285e-07	0.000000e+00	3.244668e-07
2.040000e+03	2.080000e+03	1.045972e-06	2.155720e-07	0.000000e+00
2.080000e+03	2.120000e+03	1.024461e-06	4.724045e-07	0.000000e+00
2.120000e+03	2.160000e+03	1.126813e-06	4.190567e-07	0.000000e+00
2.160000e+03	2.200000e+03	6.646680e-07	0.000000e+00	1.796830e-07
2.200000e+03	2.240000e+03	6.797457e-07	2.126000e-07	1.094475e-07
2.240000e+03	2.280000e+03	5.703098e-07	8.325950e-08	2.484280e-07
2.280000e+03	2.320000e+03	5.473328e-07	1.991078e-07	1.767722e-07
2.320000e+03	2.360000e+03	6.161208e-07	1.513333e-07	8.990175e-08
2.360000e+03	2.400000e+03	4.149095e-07	1.608335e-07	0.000000e+00
2.400000e+03	2.440000e+03	4.483032e-07	9.629875e-08	1.714525e-08
2.440000e+03	2.480000e+03	4.865835e-07	1.381885e-07	0.000000e+00
2.480000e+03	2.520000e+03	3.404262e-07	1.363391e-07	1.355398e-07
2.520000e+03	2.560000e+03	3.194535e-07	0.000000e+00	1.135742e-07
2.560000e+03	2.600000e+03	3.253415e-07	4.309750e-08	0.000000e+00
2.600000e+03	2.640000e+03	3.209522e-07	1.500174e-07	0.000000e+00
2.640000e+03	2.680000e+03	2.116799e-07	0.000000e+00	6.874635e-08
2.680000e+03	2.720000e+03	2.564020e-07	3.177500e-10	0.000000e+00
2.720000e+03	2.760000e+03	2.166736e-07	1.656742e-08	3.095727e-08
2.760000e+03	2.800000e+03	1.673929e-07	0.000000e+00	1.310551e-07
2.800000e+03	2.840000e+03	1.382567e-07	1.823163e-07	0.000000e+00
2.840000e+03	2.880000e+03	1.443880e-07	5.197170e-08	1.520373e-08
2.880000e+03	2.920000e+03	8.584212e-08	0.000000e+00	6.763648e-08
2.920000e+03	2.960000e+03	1.652015e-07	4.060160e-08	1.799597e-08
2.960000e+03	3.000000e+03	1.560751e-07	1.628758e-07	0.000000e+00
3.000000e+03	3.040000e+03	9.933260e-08	1.222490e-08	0.000000e+00
3.040000e+03	3.080000e+03	1.184951e-07	7.277337e-08	0.000000e+00
3.080000e+03	3.120000e+03	1.066069e-07	6.628590e-08	0.000000e+00
3.120000e+03	3.160000e+03	1.079163e-07	4.457085e-08	2.777660e-08
3.160000e+03	3.200000e+03	7.785265e-08	2.853225e-09	1.845750e-09
3.200000e+03	3.240000e+03	5.958525e-08	1.694115e-08	3.112182e-08
3.240000e+03	3.280000e+03	6.530995e-08	2.582500e-09	1.330058e-08
3.280000e+03	3.320000e+03	4.192175e-08	8.807325e-09	2.495900e-09
3.320000e+03	3.360000e+03	5.106430e-08	3.850421e-08	3.197318e-08
3.360000e+03	3.400000e+03	7.352505e-08	3.589458e-08	0.000000e+00
3.400000e+03	3.440000e+03	5.235938e-08	6.538925e-09	1.114980e-08
3.440000e+03	3.480000e+03	4.004745e-08	1.953250e-09	1.152050e-09
3.480000e+03	3.520000e+03	4.206260e-08	0.000000e+00	1.828945e-08
3.520000e+03	3.560000e+03	1.867185e-08	0.000000e+00	1.665430e-08
3.560000e+03	3.600000e+03	5.194390e-08	2.499375e-08	4.074800e-08
3.600000e+03	3.640000e+03	4.481940e-08	9.764875e-09	7.911100e-09
3.640000e+03	3.680000e+03	2.443646e-08	4.385675e-10	9.117065e-09
3.680000e+03	3.720000e+03	2.515120e-08	4.018693e-09	1.539525e-09
3.720000e+03	3.760000e+03	3.762977e-08	1.311491e-08	0.000000e+00
3.760000e+03	3.800000e+03	5.556688e-09	0.000000e+00	2.468009e-08
3.800000e+03	3.840000e+03	1.948541e-08	1.240582e-08	7.825960e-09
3.840000e+03	3.880000e+03	2.162989e-08	7.802042e-09	2.321638e-09
3.880000e+03	3.920000e+03	2.629147e-08	8.298477e-09	0.000000e+00
3.920000e+03	3.960000e+03	-3.671300e-10	0.000000e+00	2.457768e-08
3.960000e+03	4.000000e+03	1.378174e-08	1.298262e-09	3.655758e-09
4.000000e+03	4.040000e+03	1.252835e-08	5.805590e-09	0.000000e+00
4.040000e+03	4.080000e+03	1.369757e-08	3.107865e-09	0.000000e+00
4.080000e+03	4.120000e+03	6.476200e-09	0.000000e+00	1.054844e-08
4.120000e+03	4.160000e+03	2.541542e-09	0.000000e+00	8.725682e-09
4.160000e+03	4.200000e+03	1.435024e-08	4.276185e-09	2.239355e-09
4.200000e+03	4.240000e+03	8.174608e-09	0.000000e+00	5.897067e-09
4.240000e+03	4.280000e+03	-5.020117e-09	0.000000e+00	1.545317e-08
4.280000e+03	4.320000e+03	3.039838e-09	0.000000e+00	6.629340e-09
4.320000e+03	4.360000e+03	1.149955e-08	9.734478e-09	0.000000e+00
4.360000e+03	4.400000e+03	-8.309782e-09	0.000000e+00	1.244051e-08
4.400000e+03	4.440000e+03	1.232419e-08	8.823045e-09	0.000000e+00
4.440000e+03	4.480000e+03	3.999675e-09	2.961476e-09	0.000000e+00
4.480000e+03	4.520000e+03	4.694845e-09	1.073062e-09	1.337755e-09
4.520000e+03	4.560000e+03	6.784247e-09	4.138102e-09	0.000000e+00
4.560000e+03	4.600000e+03	4.663922e-09	0.000000e+00	3.502565e-09
4.600000e+03	4.640000e+03	2.133826e-09	1.010887e-09	3.134101e-09
4.640000e+03	4.680000e+03	1.247453e-09	0.000000e+00	4.841740e-09
4.680000e+03	4.720000e+03	-6.249838e-09	0.000000e+00	1.181847e-08
4.720000e+03	4.760000e+03	-1.461992e-09	0.000000e+00	4.835007e-09
4.760000e+03	4.800000e+03	1.682816e-08	1.598334e-08	0.000000e+00
4.800000e+03	4.840000e+03	3.389705e-09	2.038011e-09	0.000000e+00
4.840000e+03	4.880000e+03	2.898525e-09	1.950263e-09	1.950535e-09
4.880000e+03	4.920000e+03	1.859788e-09	8.716613e-10	7.568295e-10
4.920000e+03	4.960000e+03	1.773518e-10	6.594968e-10	5.923162e-10
4.960000e+03	5.000000e+03	8.582448e-10	1.737809e-09	6.418825e-10
5.000000e+03	5.040000e+03	-1.335127e-09	0.000000e+00	3.008903e-09
5.040000e+03	5.080000e+03	2.979940e-09	1.967231e-09	0.000000e+00
5.080000e+03	5.120000e+03	1.187743e-09	2.782535e-10	8.476135e-10
5.120000e+03	5.160000e+03	-3.093010e-10	0.000000e+00	2.555654e-09
5.160000e+03	5.200000e+03	9.151198e-10	3.392588e-10	0.000000e+00
5.200000e+03	5.240000e+03	9.236020e-10	6.499070e-10	7.766138e-10
5.240000e+03	5.280000e+03	9.376085e-10	0.000000e+00	4.241850e-10
5.280000e+03	5.320000e+03	1.057101e-09	5.631133e-10	9.292485e-10
5.320000e+03	5.360000e+03	3.534808e-09	3.469351e-09	4.466150e-10
5.360000e+03	5.400000e+03	2.391033e-09	2.020799e-09	0.000000e+00
5.400000e+03	5.440000e+03	6.885130e-10	3.640793e-10	7.395800e-11
5.440000e+03	5.480000e+03	9.217318e-11	0.000000e+00	4.517583e-10
5.480000e+03	5.520000e+03	3.060728e-10	1.429376e-09	5.836925e-11
5.520000e+03	5.560000e+03	2.891705e-10	2.741434e-10	9.334830e-10
5.560000e+03	5.600000e+03	5.655460e-10	1.128567e-09	0.000000e+00
5.600000e+03	5.640000e+03	3.246630e-10	2.777864e-10	8.404750e-11
5.640000e+03	5.680000e+03	3.108792e-10	1.203701e-09	1.403512e-09
5.680000e+03	5.720000e+03	7.300340e-10	1.025370e-09	0.000000e+00
5.720000e+03	5.760000e+03	1.953304e-10	0.000000e+00	5.563829e-10
5.760000e+03	5.800000e+03	3.976408e-10	2.369731e-10	4.905547e-10
5.800000e+03	5.840000e+03	7.424152e-10	5.259536e-10	0.000000e+00
5.840000e+03	5.880000e+03	1.076101e-10	0.000000e+00	5.651369e-10
5.880000e+03	5.920000e+03	4.714537e-11	0.000000e+00	2.968491e-10
5.920000e+03	5.960000e+03	1.555792e-10	1.067983e-10	0.000000e+00
5.960000e+03	6.000000e+03	1.634071e-10	2.263370e-10	0.000000e+00
# END HISTO1D


# BEGIN HISTO1D //homes/tinghua1/Merging-Project/Production/HJETS/ratio-plots/hjets-matched-errorband/H2Jets-NLOPS-combine.yoda/MC_H2JETS_07_INC/j3j4_mass
ErrorBandColor=violet
ErrorBandOpacity=0.3
ErrorBands=1
ErrorType=env
LineColor=violet
LineStyle=solid
Path=//homes/tinghua1/Merging-Project/Production/HJETS/ratio-plots/hjets-matched-errorband/H2Jets-NLOPS-combine.yoda/MC_H2JETS_07_INC/j3j4_mass
RatioPlotSameStyle=1
Title=h(2*) $\oplus$ PS
# xlow	 xhigh	 val	 errminus	 errplus
0.000000e+00	4.000000e+01	1.975440e-04	1.925392e-05	2.799218e-05
4.000000e+01	8.000000e+01	9.957043e-04	1.702803e-04	2.276517e-04
8.000000e+01	1.200000e+02	7.300158e-04	1.341848e-04	1.714137e-04
1.200000e+02	1.600000e+02	3.671947e-04	7.045450e-05	9.377600e-05
1.600000e+02	2.000000e+02	2.245094e-04	4.417425e-05	5.885737e-05
2.000000e+02	2.400000e+02	1.523445e-04	2.800225e-05	4.265752e-05
2.400000e+02	2.800000e+02	1.127619e-04	2.129030e-05	3.129812e-05
2.800000e+02	3.200000e+02	8.722540e-05	1.792415e-05	2.736477e-05
3.200000e+02	3.600000e+02	7.064863e-05	1.437445e-05	2.556675e-05
3.600000e+02	4.000000e+02	5.787872e-05	1.186325e-05	1.818533e-05
4.000000e+02	4.400000e+02	4.880735e-05	1.067570e-05	1.378308e-05
4.400000e+02	4.800000e+02	4.043398e-05	7.821250e-06	1.327487e-05
4.800000e+02	5.200000e+02	3.491362e-05	7.532175e-06	1.105635e-05
5.200000e+02	5.600000e+02	2.986608e-05	6.057482e-06	9.856200e-06
5.600000e+02	6.000000e+02	2.626695e-05	5.838992e-06	8.442825e-06
6.000000e+02	6.400000e+02	2.310303e-05	5.144235e-06	6.774993e-06
6.400000e+02	6.800000e+02	2.053527e-05	4.451332e-06	6.543175e-06
6.800000e+02	7.200000e+02	1.795408e-05	3.975773e-06	5.975825e-06
7.200000e+02	7.600000e+02	1.565300e-05	3.103883e-06	5.069975e-06
7.600000e+02	8.000000e+02	1.416694e-05	3.190122e-06	4.433535e-06
8.000000e+02	8.400000e+02	1.236844e-05	2.722278e-06	3.962952e-06
8.400000e+02	8.800000e+02	1.115719e-05	2.541303e-06	3.504550e-06
8.800000e+02	9.200000e+02	1.001360e-05	2.241697e-06	3.239638e-06
9.200000e+02	9.600000e+02	9.084775e-06	2.124788e-06	2.930620e-06
9.600000e+02	1.000000e+03	7.970160e-06	1.794610e-06	2.788067e-06
1.000000e+03	1.040000e+03	7.231295e-06	1.570900e-06	2.433793e-06
1.040000e+03	1.080000e+03	6.392302e-06	1.405303e-06	2.386442e-06
1.080000e+03	1.120000e+03	5.881210e-06	1.193045e-06	2.076695e-06
1.120000e+03	1.160000e+03	5.424945e-06	1.315823e-06	1.796083e-06
1.160000e+03	1.200000e+03	4.919590e-06	1.340245e-06	1.676040e-06
1.200000e+03	1.240000e+03	4.522917e-06	1.130017e-06	3.102410e-06
1.240000e+03	1.280000e+03	3.951175e-06	9.243525e-07	1.426037e-06
1.280000e+03	1.320000e+03	3.607172e-06	8.422225e-07	1.358020e-06
1.320000e+03	1.360000e+03	3.339770e-06	7.896725e-07	1.098663e-06
1.360000e+03	1.400000e+03	3.035985e-06	7.193158e-07	1.098135e-06
1.400000e+03	1.440000e+03	2.807597e-06	7.350538e-07	9.525000e-07
1.440000e+03	1.480000e+03	2.554410e-06	6.845625e-07	8.017675e-07
1.480000e+03	1.520000e+03	2.265836e-06	5.419677e-07	9.414818e-07
1.520000e+03	1.560000e+03	2.074408e-06	4.538393e-07	8.467490e-07
1.560000e+03	1.600000e+03	1.924647e-06	5.006645e-07	7.215430e-07
1.600000e+03	1.640000e+03	1.733798e-06	4.539405e-07	6.219087e-07
1.640000e+03	1.680000e+03	1.617624e-06	3.655322e-07	5.260950e-07
1.680000e+03	1.720000e+03	1.451129e-06	3.593590e-07	4.757360e-07
1.720000e+03	1.760000e+03	1.305832e-06	2.929853e-07	4.991780e-07
1.760000e+03	1.800000e+03	1.368458e-06	4.191685e-07	5.993958e-07
1.800000e+03	1.840000e+03	1.180044e-06	3.350520e-07	3.954503e-07
1.840000e+03	1.880000e+03	1.012092e-06	2.709408e-07	4.496212e-07
1.880000e+03	1.920000e+03	9.830378e-07	2.533428e-07	3.118750e-07
1.920000e+03	1.960000e+03	8.651770e-07	2.274422e-07	3.099550e-07
1.960000e+03	2.000000e+03	8.063093e-07	1.927782e-07	2.936132e-07
2.000000e+03	2.040000e+03	7.222062e-07	1.721930e-07	2.849255e-07
2.040000e+03	2.080000e+03	6.558022e-07	1.793542e-07	2.410008e-07
2.080000e+03	2.120000e+03	6.059020e-07	1.451572e-07	2.221493e-07
2.120000e+03	2.160000e+03	5.977553e-07	1.746922e-07	2.102560e-07
2.160000e+03	2.200000e+03	5.351743e-07	1.525368e-07	2.182967e-07
2.200000e+03	2.240000e+03	4.939882e-07	1.728122e-07	9.632575e-08
2.240000e+03	2.280000e+03	4.278670e-07	1.105970e-07	1.917590e-07
2.280000e+03	2.320000e+03	3.996883e-07	1.279608e-07	1.169145e-07
2.320000e+03	2.360000e+03	3.489498e-07	7.428175e-08	1.397695e-07
2.360000e+03	2.400000e+03	3.121740e-07	5.750325e-08	2.041395e-07
2.400000e+03	2.440000e+03	2.847078e-07	6.615783e-08	1.600300e-07
2.440000e+03	2.480000e+03	2.616797e-07	5.543330e-08	9.880700e-08
2.480000e+03	2.520000e+03	2.330860e-07	4.734290e-08	1.277265e-07
2.520000e+03	2.560000e+03	2.225597e-07	4.779315e-08	9.152355e-08
2.560000e+03	2.600000e+03	1.924614e-07	3.525385e-08	9.071462e-08
2.600000e+03	2.640000e+03	1.905615e-07	4.897157e-08	1.268975e-07
2.640000e+03	2.680000e+03	1.897872e-07	5.099790e-08	3.652125e-08
2.680000e+03	2.720000e+03	1.473362e-07	3.459102e-08	8.890158e-08
2.720000e+03	2.760000e+03	1.401942e-07	2.374277e-08	6.736632e-08
2.760000e+03	2.800000e+03	1.303918e-07	3.770107e-08	6.364053e-08
2.800000e+03	2.840000e+03	1.170519e-07	3.214165e-08	7.721855e-08
2.840000e+03	2.880000e+03	1.111868e-07	2.502707e-08	5.396330e-08
2.880000e+03	2.920000e+03	9.870578e-08	2.228898e-08	4.507060e-08
2.920000e+03	2.960000e+03	9.288068e-08	2.240770e-08	5.296070e-08
2.960000e+03	3.000000e+03	8.485040e-08	1.674168e-08	4.129390e-08
3.000000e+03	3.040000e+03	8.448808e-08	2.039820e-08	2.483728e-08
3.040000e+03	3.080000e+03	7.441663e-08	2.201230e-08	2.312810e-08
3.080000e+03	3.120000e+03	5.942663e-08	1.576402e-08	2.421045e-08
3.120000e+03	3.160000e+03	6.124845e-08	2.417627e-08	1.074717e-08
3.160000e+03	3.200000e+03	5.608290e-08	1.617598e-08	2.222747e-08
3.200000e+03	3.240000e+03	5.098693e-08	1.570948e-08	1.542032e-08
3.240000e+03	3.280000e+03	4.173330e-08	9.893450e-09	3.154360e-08
3.280000e+03	3.320000e+03	3.962920e-08	8.751500e-09	1.848870e-08
3.320000e+03	3.360000e+03	3.039560e-08	4.143150e-09	3.063002e-08
3.360000e+03	3.400000e+03	3.054935e-08	5.729875e-09	1.771687e-08
3.400000e+03	3.440000e+03	3.179920e-08	1.544631e-08	8.721800e-09
3.440000e+03	3.480000e+03	2.600377e-08	5.772270e-09	2.633235e-08
3.480000e+03	3.520000e+03	2.631967e-08	3.639352e-09	1.644443e-08
3.520000e+03	3.560000e+03	2.097527e-08	3.227255e-09	1.108495e-08
3.560000e+03	3.600000e+03	2.087469e-08	7.021812e-09	9.290780e-09
3.600000e+03	3.640000e+03	1.900586e-08	1.140555e-09	6.607510e-09
3.640000e+03	3.680000e+03	2.336219e-08	1.021152e-08	5.829365e-09
3.680000e+03	3.720000e+03	1.608352e-08	5.903570e-09	1.166353e-08
3.720000e+03	3.760000e+03	1.237147e-08	3.911940e-09	8.652517e-09
3.760000e+03	3.800000e+03	1.572553e-08	6.046130e-09	4.875228e-09
3.800000e+03	3.840000e+03	1.157750e-08	0.000000e+00	7.871747e-09
3.840000e+03	3.880000e+03	1.558037e-08	7.789647e-09	0.000000e+00
3.880000e+03	3.920000e+03	1.006164e-08	3.464272e-09	2.775470e-09
3.920000e+03	3.960000e+03	8.152295e-09	0.000000e+00	1.494408e-08
3.960000e+03	4.000000e+03	8.568487e-09	3.417732e-09	2.946855e-09
4.000000e+03	4.040000e+03	8.724575e-09	0.000000e+00	2.273062e-09
4.040000e+03	4.080000e+03	7.711710e-09	1.925173e-09	6.016415e-09
4.080000e+03	4.120000e+03	6.085728e-09	1.549358e-09	4.023077e-09
4.120000e+03	4.160000e+03	6.138498e-09	2.841328e-09	1.651570e-09
4.160000e+03	4.200000e+03	8.204695e-09	4.792920e-09	7.983750e-11
4.200000e+03	4.240000e+03	4.088883e-09	4.643850e-10	7.420385e-09
4.240000e+03	4.280000e+03	4.734320e-09	0.000000e+00	1.687950e-09
4.280000e+03	4.320000e+03	4.042200e-09	1.280828e-09	1.294578e-09
4.320000e+03	4.360000e+03	4.895740e-09	1.150020e-09	0.000000e+00
4.360000e+03	4.400000e+03	3.958848e-09	1.651257e-09	0.000000e+00
4.400000e+03	4.440000e+03	2.797307e-09	0.000000e+00	1.394878e-09
4.440000e+03	4.480000e+03	2.803385e-09	1.508585e-09	5.603472e-09
4.480000e+03	4.520000e+03	2.996335e-09	6.015465e-10	2.714100e-10
4.520000e+03	4.560000e+03	4.323055e-09	2.973824e-09	0.000000e+00
4.560000e+03	4.600000e+03	2.179219e-09	0.000000e+00	2.468833e-09
4.600000e+03	4.640000e+03	1.083134e-09	1.075132e-10	1.187109e-09
4.640000e+03	4.680000e+03	1.811877e-09	7.174995e-10	4.832250e-12
4.680000e+03	4.720000e+03	1.668539e-09	3.604375e-10	2.437844e-09
4.720000e+03	4.760000e+03	1.397951e-09	6.912448e-10	3.945832e-10
4.760000e+03	4.800000e+03	1.725643e-09	6.501275e-10	0.000000e+00
4.800000e+03	4.840000e+03	1.101065e-09	0.000000e+00	9.377887e-10
4.840000e+03	4.880000e+03	1.168745e-09	7.213670e-10	8.026625e-11
4.880000e+03	4.920000e+03	9.635445e-10	5.226700e-10	9.190342e-10
4.920000e+03	4.960000e+03	1.417210e-09	9.789217e-10	3.608390e-10
4.960000e+03	5.000000e+03	5.205100e-10	1.444733e-10	6.143300e-10
5.000000e+03	5.040000e+03	9.686647e-10	5.279365e-10	0.000000e+00
5.040000e+03	5.080000e+03	7.407135e-10	2.001145e-10	0.000000e+00
5.080000e+03	5.120000e+03	5.782925e-10	4.583841e-10	4.441358e-10
5.120000e+03	5.160000e+03	1.201281e-09	4.022472e-10	0.000000e+00
5.160000e+03	5.200000e+03	3.250923e-10	2.085756e-10	7.320625e-11
5.200000e+03	5.240000e+03	2.068317e-10	0.000000e+00	4.361838e-10
5.240000e+03	5.280000e+03	7.558022e-10	4.841142e-10	0.000000e+00
5.280000e+03	5.320000e+03	2.146550e-10	0.000000e+00	1.781915e-10
5.320000e+03	5.360000e+03	2.233698e-10	3.923324e-10	0.000000e+00
5.360000e+03	5.400000e+03	6.686538e-10	2.379465e-10	1.059206e-09
5.400000e+03	5.440000e+03	2.855082e-10	5.265851e-10	5.666825e-11
5.440000e+03	5.480000e+03	7.471110e-10	6.632954e-10	3.529287e-10
5.480000e+03	5.520000e+03	2.738623e-10	9.755330e-11	0.000000e+00
5.520000e+03	5.560000e+03	9.104670e-11	7.935599e-11	6.655528e-10
5.560000e+03	5.600000e+03	7.123332e-11	0.000000e+00	5.320439e-10
5.600000e+03	5.640000e+03	1.967930e-10	1.332229e-10	1.766400e-10
5.640000e+03	5.680000e+03	1.409765e-10	8.795578e-11	3.018685e-10
5.680000e+03	5.720000e+03	1.291004e-10	8.572845e-11	4.093263e-11
5.720000e+03	5.760000e+03	7.655230e-11	5.703043e-11	5.689777e-11
5.760000e+03	5.800000e+03	4.085155e-10	3.649251e-10	0.000000e+00
5.800000e+03	5.840000e+03	1.471699e-10	1.237441e-10	0.000000e+00
5.840000e+03	5.880000e+03	1.137620e-10	7.751253e-11	1.478278e-10
5.880000e+03	5.920000e+03	4.525835e-11	1.288005e-11	2.994814e-10
5.920000e+03	5.960000e+03	5.713597e-11	3.359407e-11	0.000000e+00
5.960000e+03	6.000000e+03	3.923332e-11	0.000000e+00	3.256097e-10
# END HISTO1D

