# BEGIN PLOT
Scale=1000.0
DrawOnly=//homes/tinghua1/Merging-Project/Production/HJETS/ratio-plots/hjets-matched-errorband/H-N2-N3-4-25gev-combine.yoda/MC_H2JETS_07_INC/jet1_mass //homes/tinghua1/Merging-Project/Production/HJETS/ratio-plots/hjets-matched-errorband/H-N2-3-4-25gev-combine.yoda/MC_H2JETS_07_INC/jet1_mass //homes/tinghua1/Merging-Project/Production/HJETS/ratio-plots/hjets-matched-errorband/H-2-3-4-25gev-combine.yoda/MC_H2JETS_07_INC/jet1_mass //homes/tinghua1/Merging-Project/Production/HJETS/ratio-plots/hjets-matched-errorband/H-N2-3-25gev-combine.yoda/MC_H2JETS_07_INC/jet1_mass //homes/tinghua1/Merging-Project/Production/HJETS/ratio-plots/hjets-matched-errorband/H-2-3-25gev-combine.yoda/MC_H2JETS_07_INC/jet1_mass //homes/tinghua1/Merging-Project/Production/HJETS/ratio-plots/hjets-matched-errorband/H3Jets-NLOPS-combine.yoda/MC_H2JETS_07_INC/jet1_mass //homes/tinghua1/Merging-Project/Production/HJETS/ratio-plots/hjets-matched-errorband/H2Jets-NLOPS-combine.yoda/MC_H2JETS_07_INC/jet1_mass
RightMargin=0.5
RatioPlotReference=//homes/tinghua1/Merging-Project/Production/HJETS/ratio-plots/hjets-matched-errorband/H-N2-N3-4-25gev-combine.yoda/MC_H2JETS_07_INC/jet1_mass
#RatioPlot=1
LogY=1
RatioPlotYMax=2.5
#LegendOnly=//homes/tinghua1/Merging-Project/Production/HJETS/ratio-plots/hjets-matched-errorband/H-N2-N3-4-25gev-combine.yoda/MC_H2JETS_07_INC/jet1_mass //homes/tinghua1/Merging-Project/Production/HJETS/ratio-plots/hjets-matched-errorband/H-N2-3-4-25gev-combine.yoda/MC_H2JETS_07_INC/jet1_mass //homes/tinghua1/Merging-Project/Production/HJETS/ratio-plots/hjets-matched-errorband/H-2-3-4-25gev-combine.yoda/MC_H2JETS_07_INC/jet1_mass //homes/tinghua1/Merging-Project/Production/HJETS/ratio-plots/hjets-matched-errorband/H-N2-3-25gev-combine.yoda/MC_H2JETS_07_INC/jet1_mass //homes/tinghua1/Merging-Project/Production/HJETS/ratio-plots/hjets-matched-errorband/H-2-3-25gev-combine.yoda/MC_H2JETS_07_INC/jet1_mass //homes/tinghua1/Merging-Project/Production/HJETS/ratio-plots/hjets-matched-errorband/H3Jets-NLOPS-combine.yoda/MC_H2JETS_07_INC/jet1_mass //homes/tinghua1/Merging-Project/Production/HJETS/ratio-plots/hjets-matched-errorband/H2Jets-NLOPS-combine.yoda/MC_H2JETS_07_INC/jet1_mass
RatioPlotYLabel=Ratio
Rebin=2
XLabel=$m_{j_1}$ (GeV)
LegendAlign=r
YLabel=$ \text{d} \sigma/ \text{d}  m_{j_1}$ (fb/GeV)
Legend=0
RatioPlot=6
MainPlotSelection={"Selection":[1,2,3,4,5,6,7]}
RatioPlots={"RatioPlotYLabel":"","Selection":[1,2]};{"RatioPlotYLabel":"","Selection":[1,3]};{"RatioPlotYLabel":"","Selection":[1,4]};{"RatioPlotYLabel":"","Selection":[1,5]};{"RatioPlotYLabel":"","Selection":[1,6]};{"RatioPlotYLabel":"","Selection":[1,7]}
RatioPlotSameStyle=1
RatioPlotYMin=0.0
# END PLOT


# BEGIN SPECIAL /MC_H2JETS_07_INC/jet1_mass
\rput[tl](0.05,0.75){\parbox{5cm}{\textcolor{gray}{{\bf Herwig 7.2.0} \\ HJETS/ColorFull}}}
# END SPECIAL

# BEGIN HISTO1D //homes/tinghua1/Merging-Project/Production/HJETS/ratio-plots/hjets-matched-errorband/H-N2-N3-4-25gev-combine.yoda/MC_H2JETS_07_INC/jet1_mass
ErrorBandColor=orange
ErrorBandOpacity=0.3
ErrorBands=1
ErrorType=env
LineColor=orange
LineStyle=solid
Path=//homes/tinghua1/Merging-Project/Production/HJETS/ratio-plots/hjets-matched-errorband/H-N2-N3-4-25gev-combine.yoda/MC_H2JETS_07_INC/jet1_mass
RatioPlotSameStyle=1
Title=h(2*,3*,4)
# xlow	 xhigh	 val	 errminus	 errplus
0.000000e+00	1.000000e+00	4.616160e-01	1.432291e-01	3.074003e-01
1.000000e+00	2.000000e+00	6.853192e-02	2.005907e-02	4.790258e-02
2.000000e+00	3.000000e+00	3.617126e-02	1.014883e-02	5.469080e-03
3.000000e+00	4.000000e+00	1.104849e-01	2.913077e-02	7.540200e-03
4.000000e+00	5.000000e+00	1.314744e-01	2.695460e-02	7.347200e-03
5.000000e+00	6.000000e+00	1.449244e-01	2.341540e-02	2.619700e-03
6.000000e+00	7.000000e+00	1.577696e-01	1.955860e-02	0.000000e+00
7.000000e+00	8.000000e+00	1.661447e-01	1.335840e-02	0.000000e+00
8.000000e+00	9.000000e+00	1.690975e-01	1.028950e-02	0.000000e+00
9.000000e+00	1.000000e+01	1.656802e-01	1.459030e-02	0.000000e+00
1.000000e+01	1.100000e+01	1.583489e-01	1.842100e-02	1.660000e-03
1.100000e+01	1.200000e+01	1.473281e-01	1.849300e-02	7.109900e-03
1.200000e+01	1.300000e+01	1.373913e-01	2.184870e-02	8.308000e-03
1.300000e+01	1.400000e+01	1.230733e-01	1.917230e-02	1.167300e-02
1.400000e+01	1.500000e+01	1.129847e-01	1.972070e-02	1.226950e-02
1.500000e+01	1.600000e+01	1.007890e-01	1.818202e-02	1.431520e-02
1.600000e+01	1.700000e+01	9.049156e-02	1.675461e-02	1.418764e-02
1.700000e+01	1.800000e+01	8.395734e-02	1.611236e-02	1.406279e-02
1.800000e+01	1.900000e+01	7.399572e-02	1.508372e-02	1.270126e-02
1.900000e+01	2.000000e+01	6.598219e-02	1.341277e-02	1.428753e-02
2.000000e+01	2.100000e+01	6.009487e-02	1.237224e-02	1.368108e-02
2.100000e+01	2.200000e+01	5.488816e-02	1.255207e-02	1.196449e-02
2.200000e+01	2.300000e+01	4.918749e-02	1.114541e-02	1.069408e-02
2.300000e+01	2.400000e+01	4.407776e-02	1.035208e-02	1.042237e-02
2.400000e+01	2.500000e+01	3.972116e-02	9.018690e-03	8.378080e-03
2.500000e+01	2.600000e+01	3.590861e-02	8.622230e-03	8.959780e-03
2.600000e+01	2.700000e+01	3.247869e-02	7.501470e-03	8.095370e-03
2.700000e+01	2.800000e+01	2.934458e-02	7.208230e-03	8.227820e-03
2.800000e+01	2.900000e+01	2.607121e-02	5.446970e-03	7.347300e-03
2.900000e+01	3.000000e+01	2.394052e-02	5.613560e-03	6.830510e-03
3.000000e+01	3.100000e+01	2.144149e-02	5.504860e-03	5.916050e-03
3.100000e+01	3.200000e+01	1.990694e-02	4.899310e-03	7.308890e-03
3.200000e+01	3.300000e+01	1.843467e-02	4.804440e-03	4.456540e-03
3.300000e+01	3.400000e+01	1.663431e-02	4.383520e-03	4.102240e-03
3.400000e+01	3.500000e+01	1.486152e-02	4.234640e-03	4.626980e-03
3.500000e+01	3.600000e+01	1.319960e-02	3.284108e-03	6.831500e-04
3.600000e+01	3.700000e+01	1.195647e-02	2.759561e-03	4.058510e-03
3.700000e+01	3.800000e+01	1.117527e-02	3.508252e-03	2.799600e-03
3.800000e+01	3.900000e+01	9.765807e-03	2.292576e-03	3.710813e-03
3.900000e+01	4.000000e+01	9.603917e-03	2.976689e-03	2.276163e-03
4.000000e+01	4.100000e+01	8.363283e-03	2.215253e-03	2.653527e-03
4.100000e+01	4.200000e+01	7.999117e-03	2.531616e-03	1.979104e-03
4.200000e+01	4.300000e+01	6.930979e-03	3.281778e-03	2.108798e-03
4.300000e+01	4.400000e+01	6.543492e-03	1.970158e-03	1.753160e-03
4.400000e+01	4.500000e+01	5.481680e-03	8.800450e-04	2.735843e-03
4.500000e+01	4.600000e+01	5.154717e-03	1.178543e-03	1.926948e-03
4.600000e+01	4.700000e+01	4.792887e-03	1.453464e-03	1.234767e-03
4.700000e+01	4.800000e+01	4.359707e-03	1.052104e-03	1.787884e-03
4.800000e+01	4.900000e+01	4.166985e-03	1.179565e-03	1.585692e-03
4.900000e+01	5.000000e+01	3.739646e-03	9.086400e-04	1.174274e-03
5.000000e+01	5.100000e+01	3.467711e-03	8.645760e-04	9.671610e-04
5.100000e+01	5.200000e+01	3.182640e-03	8.275080e-04	8.613860e-04
5.200000e+01	5.300000e+01	2.947327e-03	6.728750e-04	9.284010e-04
5.300000e+01	5.400000e+01	3.096274e-03	1.029373e-03	6.740910e-04
5.400000e+01	5.500000e+01	2.703796e-03	7.370620e-04	6.903840e-04
5.500000e+01	5.600000e+01	2.181296e-03	4.068000e-04	1.035611e-03
5.600000e+01	5.700000e+01	2.318404e-03	6.316490e-04	3.134940e-04
5.700000e+01	5.800000e+01	2.113130e-03	4.637350e-04	3.437500e-04
5.800000e+01	5.900000e+01	2.001765e-03	3.996890e-04	4.349780e-04
5.900000e+01	6.000000e+01	2.036882e-03	5.423690e-04	3.615500e-04
6.000000e+01	6.100000e+01	1.733580e-03	4.066830e-04	3.814920e-04
6.100000e+01	6.200000e+01	1.593946e-03	3.487420e-04	3.406720e-04
6.200000e+01	6.300000e+01	1.479295e-03	2.198140e-04	4.424020e-04
6.300000e+01	6.400000e+01	1.641839e-03	5.318840e-04	1.186810e-04
6.400000e+01	6.500000e+01	1.614697e-03	4.903200e-04	9.510000e-05
6.500000e+01	6.600000e+01	1.331571e-03	3.275510e-04	1.744400e-04
6.600000e+01	6.700000e+01	1.313659e-03	3.893926e-04	2.165420e-04
6.700000e+01	6.800000e+01	1.060556e-03	8.162430e-05	3.762840e-04
6.800000e+01	6.900000e+01	1.184116e-03	3.508014e-04	1.092540e-04
6.900000e+01	7.000000e+01	1.199207e-03	3.519235e-04	0.000000e+00
7.000000e+01	7.100000e+01	1.186009e-03	2.940603e-04	8.698000e-06
7.100000e+01	7.200000e+01	8.944687e-04	3.840200e-05	3.473703e-04
7.200000e+01	7.300000e+01	9.834268e-04	1.514139e-04	2.944872e-04
7.300000e+01	7.400000e+01	1.031570e-03	2.177037e-04	2.513580e-04
7.400000e+01	7.500000e+01	1.062461e-03	2.919235e-04	2.353530e-04
7.500000e+01	7.600000e+01	9.572994e-04	1.089995e-04	9.645586e-04
7.600000e+01	7.700000e+01	1.218144e-03	1.997680e-04	1.449750e-04
7.700000e+01	7.800000e+01	1.411631e-03	3.332090e-04	1.018040e-04
7.800000e+01	7.900000e+01	1.511953e-03	7.984300e-05	1.905290e-04
7.900000e+01	8.000000e+01	2.045712e-03	0.000000e+00	4.223160e-04
8.000000e+01	8.100000e+01	3.215377e-03	1.076410e-04	3.806200e-05
8.100000e+01	8.200000e+01	2.852905e-03	2.032750e-04	6.946900e-05
8.200000e+01	8.300000e+01	2.090722e-03	3.330470e-04	1.292200e-04
8.300000e+01	8.400000e+01	1.519466e-03	1.744620e-04	6.592900e-05
8.400000e+01	8.500000e+01	9.345930e-04	0.000000e+00	5.457360e-04
8.500000e+01	8.600000e+01	1.035802e-03	1.259372e-04	1.656790e-04
8.600000e+01	8.700000e+01	9.084099e-04	1.761881e-04	1.045191e-04
8.700000e+01	8.800000e+01	4.359683e-04	0.000000e+00	6.337577e-04
8.800000e+01	8.900000e+01	7.711534e-04	1.559748e-04	2.701586e-04
8.900000e+01	9.000000e+01	8.118222e-04	9.615560e-05	2.948648e-04
9.000000e+01	9.100000e+01	7.218589e-04	0.000000e+00	4.541631e-04
9.100000e+01	9.200000e+01	1.117398e-03	6.739017e-04	5.068700e-05
9.200000e+01	9.300000e+01	9.359996e-04	1.193021e-04	0.000000e+00
9.300000e+01	9.400000e+01	8.656470e-04	2.531102e-04	0.000000e+00
9.400000e+01	9.500000e+01	6.865077e-04	1.646794e-04	2.332639e-04
9.500000e+01	9.600000e+01	5.029565e-04	1.403369e-04	2.815613e-04
9.600000e+01	9.700000e+01	6.185742e-04	3.049324e-04	0.000000e+00
9.700000e+01	9.800000e+01	2.169869e-04	0.000000e+00	3.253402e-04
9.800000e+01	9.900000e+01	3.213479e-04	6.210100e-05	1.088699e-04
9.900000e+01	1.000000e+02	1.432837e-04	0.000000e+00	2.609661e-04
# END HISTO1D


# BEGIN HISTO1D //homes/tinghua1/Merging-Project/Production/HJETS/ratio-plots/hjets-matched-errorband/H-N2-3-4-25gev-combine.yoda/MC_H2JETS_07_INC/jet1_mass
ErrorBandColor=blue
ErrorBandOpacity=0.3
ErrorBands=1
ErrorType=env
LineColor=blue
LineStyle=solid
Path=//homes/tinghua1/Merging-Project/Production/HJETS/ratio-plots/hjets-matched-errorband/H-N2-3-4-25gev-combine.yoda/MC_H2JETS_07_INC/jet1_mass
RatioPlotSameStyle=1
Title=h(2*,3,4)
# xlow	 xhigh	 val	 errminus	 errplus
0.000000e+00	1.000000e+00	4.630155e-01	1.476645e-01	3.042783e-01
1.000000e+00	2.000000e+00	7.132372e-02	2.259025e-02	4.620248e-02
2.000000e+00	3.000000e+00	3.634682e-02	1.013639e-02	5.776010e-03
3.000000e+00	4.000000e+00	1.095896e-01	2.926397e-02	1.038870e-02
4.000000e+00	5.000000e+00	1.317526e-01	2.718530e-02	5.988600e-03
5.000000e+00	6.000000e+00	1.438566e-01	2.286420e-02	4.200100e-03
6.000000e+00	7.000000e+00	1.572400e-01	1.906800e-02	0.000000e+00
7.000000e+00	8.000000e+00	1.667691e-01	1.408990e-02	0.000000e+00
8.000000e+00	9.000000e+00	1.689007e-01	1.013230e-02	0.000000e+00
9.000000e+00	1.000000e+01	1.655961e-01	1.482060e-02	0.000000e+00
1.000000e+01	1.100000e+01	1.577778e-01	1.784540e-02	1.747500e-03
1.100000e+01	1.200000e+01	1.472858e-01	1.936290e-02	6.204700e-03
1.200000e+01	1.300000e+01	1.350605e-01	1.983890e-02	1.039940e-02
1.300000e+01	1.400000e+01	1.234588e-01	1.992690e-02	1.192190e-02
1.400000e+01	1.500000e+01	1.116277e-01	1.962897e-02	1.373820e-02
1.500000e+01	1.600000e+01	1.006999e-01	1.847276e-02	1.466380e-02
1.600000e+01	1.700000e+01	9.053095e-02	1.750080e-02	1.634625e-02
1.700000e+01	1.800000e+01	8.194136e-02	1.658699e-02	1.444158e-02
1.800000e+01	1.900000e+01	7.316205e-02	1.508516e-02	1.475025e-02
1.900000e+01	2.000000e+01	6.606005e-02	1.405049e-02	1.399044e-02
2.000000e+01	2.100000e+01	5.981294e-02	1.299670e-02	1.283003e-02
2.100000e+01	2.200000e+01	5.374545e-02	1.163508e-02	1.275647e-02
2.200000e+01	2.300000e+01	4.846882e-02	1.071060e-02	1.174151e-02
2.300000e+01	2.400000e+01	4.414099e-02	1.026355e-02	1.041897e-02
2.400000e+01	2.500000e+01	3.947528e-02	9.220780e-03	1.008495e-02
2.500000e+01	2.600000e+01	3.576425e-02	8.302460e-03	9.455180e-03
2.600000e+01	2.700000e+01	3.218060e-02	7.563160e-03	8.576910e-03
2.700000e+01	2.800000e+01	2.905284e-02	6.991870e-03	9.118650e-03
2.800000e+01	2.900000e+01	2.637193e-02	6.424780e-03	7.089840e-03
2.900000e+01	3.000000e+01	2.377875e-02	5.656950e-03	6.903680e-03
3.000000e+01	3.100000e+01	2.169630e-02	4.730340e-03	6.267510e-03
3.100000e+01	3.200000e+01	1.969707e-02	5.084490e-03	5.708940e-03
3.200000e+01	3.300000e+01	1.769480e-02	4.443500e-03	5.350530e-03
3.300000e+01	3.400000e+01	1.592312e-02	3.948690e-03	5.020700e-03
3.400000e+01	3.500000e+01	1.448894e-02	3.590320e-03	4.550030e-03
3.500000e+01	3.600000e+01	1.328427e-02	3.481860e-03	3.864900e-03
3.600000e+01	3.700000e+01	1.207494e-02	3.101169e-03	3.641780e-03
3.700000e+01	3.800000e+01	1.090305e-02	2.770325e-03	3.305530e-03
3.800000e+01	3.900000e+01	9.991704e-03	2.591017e-03	2.759726e-03
3.900000e+01	4.000000e+01	9.054290e-03	2.389558e-03	2.820880e-03
4.000000e+01	4.100000e+01	8.090697e-03	1.887929e-03	2.632833e-03
4.100000e+01	4.200000e+01	7.487197e-03	1.877791e-03	2.350820e-03
4.200000e+01	4.300000e+01	6.864982e-03	1.800094e-03	1.984127e-03
4.300000e+01	4.400000e+01	6.339148e-03	1.673838e-03	1.947722e-03
4.400000e+01	4.500000e+01	5.733698e-03	1.492351e-03	1.674885e-03
4.500000e+01	4.600000e+01	5.289078e-03	1.420727e-03	1.549656e-03
4.600000e+01	4.700000e+01	4.767495e-03	1.201051e-03	1.613301e-03
4.700000e+01	4.800000e+01	4.362178e-03	1.039621e-03	1.452313e-03
4.800000e+01	4.900000e+01	4.053447e-03	1.011136e-03	1.355220e-03
4.900000e+01	5.000000e+01	3.790898e-03	1.026774e-03	1.128333e-03
5.000000e+01	5.100000e+01	3.484011e-03	8.960160e-04	9.828650e-04
5.100000e+01	5.200000e+01	3.180965e-03	7.977540e-04	9.901350e-04
5.200000e+01	5.300000e+01	2.946925e-03	7.274150e-04	8.748740e-04
5.300000e+01	5.400000e+01	2.708952e-03	6.543560e-04	9.472960e-04
5.400000e+01	5.500000e+01	2.574640e-03	6.619050e-04	7.243950e-04
5.500000e+01	5.600000e+01	2.448189e-03	6.832380e-04	6.770520e-04
5.600000e+01	5.700000e+01	2.183514e-03	5.265100e-04	7.269800e-04
5.700000e+01	5.800000e+01	2.081378e-03	5.066020e-04	6.162520e-04
5.800000e+01	5.900000e+01	1.902046e-03	4.381850e-04	6.195750e-04
5.900000e+01	6.000000e+01	1.867254e-03	3.989010e-04	4.178600e-04
6.000000e+01	6.100000e+01	1.678207e-03	3.728720e-04	5.750580e-04
6.100000e+01	6.200000e+01	1.567926e-03	3.774470e-04	5.112460e-04
6.200000e+01	6.300000e+01	1.510545e-03	3.681430e-04	4.434320e-04
6.300000e+01	6.400000e+01	1.415408e-03	3.507030e-04	5.341230e-04
6.400000e+01	6.500000e+01	1.360474e-03	3.474270e-04	3.389500e-04
6.500000e+01	6.600000e+01	1.234706e-03	2.928171e-04	4.168490e-04
6.600000e+01	6.700000e+01	1.225835e-03	3.178063e-04	3.748680e-04
6.700000e+01	6.800000e+01	1.153184e-03	2.357294e-04	3.341390e-04
6.800000e+01	6.900000e+01	1.120828e-03	2.732914e-04	3.915750e-04
6.900000e+01	7.000000e+01	1.047256e-03	2.261933e-04	3.237820e-04
7.000000e+01	7.100000e+01	1.199791e-03	3.997589e-04	1.193910e-04
7.100000e+01	7.200000e+01	9.931109e-04	2.144341e-04	3.519751e-04
7.200000e+01	7.300000e+01	9.633871e-04	2.089841e-04	3.132459e-04
7.300000e+01	7.400000e+01	9.588533e-04	1.883878e-04	3.327757e-04
7.400000e+01	7.500000e+01	1.030361e-03	2.566999e-04	2.733340e-04
7.500000e+01	7.600000e+01	9.838730e-04	1.705746e-04	3.482710e-04
7.600000e+01	7.700000e+01	1.100191e-03	2.304104e-04	3.045760e-04
7.700000e+01	7.800000e+01	1.254013e-03	2.292030e-04	3.010810e-04
7.800000e+01	7.900000e+01	1.463580e-03	1.835260e-04	2.008330e-04
7.900000e+01	8.000000e+01	2.005048e-03	1.336800e-05	2.148350e-04
8.000000e+01	8.100000e+01	2.848130e-03	2.905700e-05	1.683410e-04
8.100000e+01	8.200000e+01	2.615473e-03	2.625060e-04	1.669310e-04
8.200000e+01	8.300000e+01	1.942940e-03	3.667400e-04	3.483910e-04
8.300000e+01	8.400000e+01	1.519427e-03	3.700670e-04	3.228580e-04
8.400000e+01	8.500000e+01	1.176922e-03	2.872695e-04	3.687360e-04
8.500000e+01	8.600000e+01	9.739071e-04	2.269973e-04	2.746129e-04
8.600000e+01	8.700000e+01	8.483177e-04	2.159570e-04	2.495093e-04
8.700000e+01	8.800000e+01	7.714898e-04	1.654740e-04	2.498382e-04
8.800000e+01	8.900000e+01	7.605037e-04	1.421602e-04	1.917166e-04
8.900000e+01	9.000000e+01	8.154071e-04	1.853355e-04	1.009130e-04
9.000000e+01	9.100000e+01	9.316262e-04	1.275281e-04	1.319898e-04
9.100000e+01	9.200000e+01	1.017607e-03	6.722220e-05	1.566710e-04
9.200000e+01	9.300000e+01	9.485826e-04	1.682239e-04	1.207294e-04
9.300000e+01	9.400000e+01	7.186466e-04	1.284781e-04	1.517205e-04
9.400000e+01	9.500000e+01	6.028196e-04	1.416722e-04	1.582390e-04
9.500000e+01	9.600000e+01	5.062299e-04	1.300831e-04	1.263671e-04
9.600000e+01	9.700000e+01	4.086968e-04	1.175766e-04	1.868656e-04
9.700000e+01	9.800000e+01	3.666264e-04	9.652790e-05	1.095298e-04
9.800000e+01	9.900000e+01	3.384132e-04	1.064225e-04	5.771170e-05
9.900000e+01	1.000000e+02	2.982580e-04	1.456570e-04	0.000000e+00
# END HISTO1D


# BEGIN HISTO1D //homes/tinghua1/Merging-Project/Production/HJETS/ratio-plots/hjets-matched-errorband/H-2-3-4-25gev-combine.yoda/MC_H2JETS_07_INC/jet1_mass
ErrorBandColor=yellow
ErrorBandOpacity=0.3
ErrorBands=1
ErrorType=env
LineColor=yellow
LineStyle=solid
Path=//homes/tinghua1/Merging-Project/Production/HJETS/ratio-plots/hjets-matched-errorband/H-2-3-4-25gev-combine.yoda/MC_H2JETS_07_INC/jet1_mass
RatioPlotSameStyle=1
Title=h(2,3,4)
# xlow	 xhigh	 val	 errminus	 errplus
0.000000e+00	1.000000e+00	4.491813e-01	1.378572e-01	2.822919e-01
1.000000e+00	2.000000e+00	6.687008e-02	2.167268e-02	4.339112e-02
2.000000e+00	3.000000e+00	3.518247e-02	9.680410e-03	4.940430e-03
3.000000e+00	4.000000e+00	1.062730e-01	2.820102e-02	7.536700e-03
4.000000e+00	5.000000e+00	1.266087e-01	2.563280e-02	4.406300e-03
5.000000e+00	6.000000e+00	1.382442e-01	2.068240e-02	1.613400e-03
6.000000e+00	7.000000e+00	1.510077e-01	1.743890e-02	0.000000e+00
7.000000e+00	8.000000e+00	1.589818e-01	1.238580e-02	0.000000e+00
8.000000e+00	9.000000e+00	1.609335e-01	1.181080e-02	0.000000e+00
9.000000e+00	1.000000e+01	1.574660e-01	1.589710e-02	0.000000e+00
1.000000e+01	1.100000e+01	1.499912e-01	1.844170e-02	2.631800e-03
1.100000e+01	1.200000e+01	1.395950e-01	1.981680e-02	7.202000e-03
1.200000e+01	1.300000e+01	1.283823e-01	2.058700e-02	9.966300e-03
1.300000e+01	1.400000e+01	1.169568e-01	2.043330e-02	1.230830e-02
1.400000e+01	1.500000e+01	1.055530e-01	1.985815e-02	1.414940e-02
1.500000e+01	1.600000e+01	9.483809e-02	1.855540e-02	1.484521e-02
1.600000e+01	1.700000e+01	8.548297e-02	1.746675e-02	1.490083e-02
1.700000e+01	1.800000e+01	7.688763e-02	1.650007e-02	1.479821e-02
1.800000e+01	1.900000e+01	6.933265e-02	1.538011e-02	1.419482e-02
1.900000e+01	2.000000e+01	6.189044e-02	1.364873e-02	1.423283e-02
2.000000e+01	2.100000e+01	5.586278e-02	1.284285e-02	1.329015e-02
2.100000e+01	2.200000e+01	5.033371e-02	1.171865e-02	1.239450e-02
2.200000e+01	2.300000e+01	4.536444e-02	1.071919e-02	1.184210e-02
2.300000e+01	2.400000e+01	4.099427e-02	1.013388e-02	1.077800e-02
2.400000e+01	2.500000e+01	3.673939e-02	8.889070e-03	1.021611e-02
2.500000e+01	2.600000e+01	3.322152e-02	8.180010e-03	9.361610e-03
2.600000e+01	2.700000e+01	3.010004e-02	7.621310e-03	8.690850e-03
2.700000e+01	2.800000e+01	2.724066e-02	7.024170e-03	7.857900e-03
2.800000e+01	2.900000e+01	2.449675e-02	6.305400e-03	7.201320e-03
2.900000e+01	3.000000e+01	2.219829e-02	5.815640e-03	6.555880e-03
3.000000e+01	3.100000e+01	1.999937e-02	5.267000e-03	6.070340e-03
3.100000e+01	3.200000e+01	1.807151e-02	4.711720e-03	5.593300e-03
3.200000e+01	3.300000e+01	1.632390e-02	4.350750e-03	5.231270e-03
3.300000e+01	3.400000e+01	1.473646e-02	3.946950e-03	4.710710e-03
3.400000e+01	3.500000e+01	1.334970e-02	3.582139e-03	4.350340e-03
3.500000e+01	3.600000e+01	1.204511e-02	3.239574e-03	3.997330e-03
3.600000e+01	3.700000e+01	1.095463e-02	2.968901e-03	3.604490e-03
3.700000e+01	3.800000e+01	9.944938e-03	2.706769e-03	3.241332e-03
3.800000e+01	3.900000e+01	8.998350e-03	2.448768e-03	2.897240e-03
3.900000e+01	4.000000e+01	8.184814e-03	2.258183e-03	2.652936e-03
4.000000e+01	4.100000e+01	7.378329e-03	2.040536e-03	2.557809e-03
4.100000e+01	4.200000e+01	6.705265e-03	1.832220e-03	2.283092e-03
4.200000e+01	4.300000e+01	6.157540e-03	1.686488e-03	2.024249e-03
4.300000e+01	4.400000e+01	5.617540e-03	1.581323e-03	1.981123e-03
4.400000e+01	4.500000e+01	5.108402e-03	1.461135e-03	1.752036e-03
4.500000e+01	4.600000e+01	4.637769e-03	1.326899e-03	1.642802e-03
4.600000e+01	4.700000e+01	4.223036e-03	1.134466e-03	1.551377e-03
4.700000e+01	4.800000e+01	3.888814e-03	1.048256e-03	1.389878e-03
4.800000e+01	4.900000e+01	3.562397e-03	9.418190e-04	1.263933e-03
4.900000e+01	5.000000e+01	3.282463e-03	8.933830e-04	1.207979e-03
5.000000e+01	5.100000e+01	3.021042e-03	8.152720e-04	1.045380e-03
5.100000e+01	5.200000e+01	2.765134e-03	7.244000e-04	1.031273e-03
5.200000e+01	5.300000e+01	2.583085e-03	7.228870e-04	8.545060e-04
5.300000e+01	5.400000e+01	2.408186e-03	6.934940e-04	8.216340e-04
5.400000e+01	5.500000e+01	2.224254e-03	5.891210e-04	7.423740e-04
5.500000e+01	5.600000e+01	2.078787e-03	5.502890e-04	7.243890e-04
5.600000e+01	5.700000e+01	1.870958e-03	4.662470e-04	7.412290e-04
5.700000e+01	5.800000e+01	1.800527e-03	4.797240e-04	6.175350e-04
5.800000e+01	5.900000e+01	1.676179e-03	4.918580e-04	5.968470e-04
5.900000e+01	6.000000e+01	1.566359e-03	4.421260e-04	5.351270e-04
6.000000e+01	6.100000e+01	1.469446e-03	3.804960e-04	4.896910e-04
6.100000e+01	6.200000e+01	1.348937e-03	3.230680e-04	4.491330e-04
6.200000e+01	6.300000e+01	1.261873e-03	3.201392e-04	4.861550e-04
6.300000e+01	6.400000e+01	1.208048e-03	3.299969e-04	4.146760e-04
6.400000e+01	6.500000e+01	1.115742e-03	2.607677e-04	4.382460e-04
6.500000e+01	6.600000e+01	1.079873e-03	2.663874e-04	3.661580e-04
6.600000e+01	6.700000e+01	1.046712e-03	2.764765e-04	3.703220e-04
6.700000e+01	6.800000e+01	9.906164e-04	2.556902e-04	3.158436e-04
6.800000e+01	6.900000e+01	9.341910e-04	2.224104e-04	3.144660e-04
6.900000e+01	7.000000e+01	8.932266e-04	1.999876e-04	3.218114e-04
7.000000e+01	7.100000e+01	8.786283e-04	2.021458e-04	2.965557e-04
7.100000e+01	7.200000e+01	8.767421e-04	2.281642e-04	2.855009e-04
7.200000e+01	7.300000e+01	8.475947e-04	2.053328e-04	2.927133e-04
7.300000e+01	7.400000e+01	8.784843e-04	2.085805e-04	2.242977e-04
7.400000e+01	7.500000e+01	8.549098e-04	2.139716e-04	2.721252e-04
7.500000e+01	7.600000e+01	8.821717e-04	1.690997e-04	3.071913e-04
7.600000e+01	7.700000e+01	9.255059e-04	1.658921e-04	3.213361e-04
7.700000e+01	7.800000e+01	1.093292e-03	2.091579e-04	3.070890e-04
7.800000e+01	7.900000e+01	1.297713e-03	1.552890e-04	2.706110e-04
7.900000e+01	8.000000e+01	1.812139e-03	6.723200e-05	1.865060e-04
8.000000e+01	8.100000e+01	2.600883e-03	0.000000e+00	2.469800e-05
8.100000e+01	8.200000e+01	2.396721e-03	3.223190e-04	1.673310e-04
8.200000e+01	8.300000e+01	1.685026e-03	2.834280e-04	2.946800e-04
8.300000e+01	8.400000e+01	1.350504e-03	3.262070e-04	2.587620e-04
8.400000e+01	8.500000e+01	1.081168e-03	2.927438e-04	2.460710e-04
8.500000e+01	8.600000e+01	8.758321e-04	2.408919e-04	2.302789e-04
8.600000e+01	8.700000e+01	7.267581e-04	1.680117e-04	1.916157e-04
8.700000e+01	8.800000e+01	6.756470e-04	1.606832e-04	2.046689e-04
8.800000e+01	8.900000e+01	6.797874e-04	1.434168e-04	1.708472e-04
8.900000e+01	9.000000e+01	6.879650e-04	1.060362e-04	1.812240e-04
9.000000e+01	9.100000e+01	8.628449e-04	1.120887e-04	1.031989e-04
9.100000e+01	9.200000e+01	9.217797e-04	9.439670e-05	1.326903e-04
9.200000e+01	9.300000e+01	8.264641e-04	1.324316e-04	1.360918e-04
9.300000e+01	9.400000e+01	6.737362e-04	1.328962e-04	3.462310e-05
9.400000e+01	9.500000e+01	5.272030e-04	1.295756e-04	1.585572e-04
9.500000e+01	9.600000e+01	4.368357e-04	1.119900e-04	1.238260e-04
9.600000e+01	9.700000e+01	3.740311e-04	1.083464e-04	1.572350e-04
9.700000e+01	9.800000e+01	3.243035e-04	9.556330e-05	1.062606e-04
9.800000e+01	9.900000e+01	2.712375e-04	6.965970e-05	1.021253e-04
9.900000e+01	1.000000e+02	2.749031e-04	9.426960e-05	7.021810e-05
# END HISTO1D


# BEGIN HISTO1D //homes/tinghua1/Merging-Project/Production/HJETS/ratio-plots/hjets-matched-errorband/H-N2-3-25gev-combine.yoda/MC_H2JETS_07_INC/jet1_mass
ErrorBandColor=green
ErrorBandOpacity=0.3
ErrorBands=1
ErrorType=env
LineColor=green
LineStyle=solid
Path=//homes/tinghua1/Merging-Project/Production/HJETS/ratio-plots/hjets-matched-errorband/H-N2-3-25gev-combine.yoda/MC_H2JETS_07_INC/jet1_mass
RatioPlotSameStyle=1
Title=h(2*,3)
# xlow	 xhigh	 val	 errminus	 errplus
0.000000e+00	1.000000e+00	4.615404e-01	1.452880e-01	3.056631e-01
1.000000e+00	2.000000e+00	7.114188e-02	2.235785e-02	4.631092e-02
2.000000e+00	3.000000e+00	3.644953e-02	1.057029e-02	5.539010e-03
3.000000e+00	4.000000e+00	1.095720e-01	2.934119e-02	1.044150e-02
4.000000e+00	5.000000e+00	1.313416e-01	2.774890e-02	7.035500e-03
5.000000e+00	6.000000e+00	1.436634e-01	2.171280e-02	3.706800e-03
6.000000e+00	7.000000e+00	1.595302e-01	2.111760e-02	0.000000e+00
7.000000e+00	8.000000e+00	1.668294e-01	1.412750e-02	0.000000e+00
8.000000e+00	9.000000e+00	1.696740e-01	1.130060e-02	0.000000e+00
9.000000e+00	1.000000e+01	1.652868e-01	1.404040e-02	0.000000e+00
1.000000e+01	1.100000e+01	1.578797e-01	1.785540e-02	1.646500e-03
1.100000e+01	1.200000e+01	1.468484e-01	1.913770e-02	6.466200e-03
1.200000e+01	1.300000e+01	1.352722e-01	1.936500e-02	9.723800e-03
1.300000e+01	1.400000e+01	1.227501e-01	1.959720e-02	1.252960e-02
1.400000e+01	1.500000e+01	1.114352e-01	1.906490e-02	1.422110e-02
1.500000e+01	1.600000e+01	1.006319e-01	1.859859e-02	1.476740e-02
1.600000e+01	1.700000e+01	9.084147e-02	1.747248e-02	1.461653e-02
1.700000e+01	1.800000e+01	8.181302e-02	1.654853e-02	1.456270e-02
1.800000e+01	1.900000e+01	7.359757e-02	1.536122e-02	1.433293e-02
1.900000e+01	2.000000e+01	6.629496e-02	1.413515e-02	1.372882e-02
2.000000e+01	2.100000e+01	5.983873e-02	1.294733e-02	1.300515e-02
2.100000e+01	2.200000e+01	5.388061e-02	1.194040e-02	1.245882e-02
2.200000e+01	2.300000e+01	4.859240e-02	1.084534e-02	1.160531e-02
2.300000e+01	2.400000e+01	4.376766e-02	9.859940e-03	1.125701e-02
2.400000e+01	2.500000e+01	3.976572e-02	9.154220e-03	9.867600e-03
2.500000e+01	2.600000e+01	3.587411e-02	8.489370e-03	9.201800e-03
2.600000e+01	2.700000e+01	3.224514e-02	7.592790e-03	8.887500e-03
2.700000e+01	2.800000e+01	2.932903e-02	7.080260e-03	7.815470e-03
2.800000e+01	2.900000e+01	2.654597e-02	6.577180e-03	7.163190e-03
2.900000e+01	3.000000e+01	2.460629e-02	6.597500e-03	6.126850e-03
3.000000e+01	3.100000e+01	2.171489e-02	5.284550e-03	6.288790e-03
3.100000e+01	3.200000e+01	1.959384e-02	4.852780e-03	5.649310e-03
3.200000e+01	3.300000e+01	1.771139e-02	4.454780e-03	5.199180e-03
3.300000e+01	3.400000e+01	1.606093e-02	3.972840e-03	4.886630e-03
3.400000e+01	3.500000e+01	1.453422e-02	3.669590e-03	4.494080e-03
3.500000e+01	3.600000e+01	1.326531e-02	3.327935e-03	3.587030e-03
3.600000e+01	3.700000e+01	1.203728e-02	2.931495e-03	3.689350e-03
3.700000e+01	3.800000e+01	1.095602e-02	2.793519e-03	3.412810e-03
3.800000e+01	3.900000e+01	9.936521e-03	2.540405e-03	3.250499e-03
3.900000e+01	4.000000e+01	9.045242e-03	2.352518e-03	2.755288e-03
4.000000e+01	4.100000e+01	8.144550e-03	1.879948e-03	2.664970e-03
4.100000e+01	4.200000e+01	7.507312e-03	1.906850e-03	2.401464e-03
4.200000e+01	4.300000e+01	6.850112e-03	1.748700e-03	2.158459e-03
4.300000e+01	4.400000e+01	6.359974e-03	1.669292e-03	1.901042e-03
4.400000e+01	4.500000e+01	5.725418e-03	1.433091e-03	1.765791e-03
4.500000e+01	4.600000e+01	5.272284e-03	1.347267e-03	1.669051e-03
4.600000e+01	4.700000e+01	4.769266e-03	1.221267e-03	1.583522e-03
4.700000e+01	4.800000e+01	4.470247e-03	1.152418e-03	1.310487e-03
4.800000e+01	4.900000e+01	4.077658e-03	1.081397e-03	1.298251e-03
4.900000e+01	5.000000e+01	3.749441e-03	9.540650e-04	1.267821e-03
5.000000e+01	5.100000e+01	3.420825e-03	8.618940e-04	1.187538e-03
5.100000e+01	5.200000e+01	3.184632e-03	7.868360e-04	1.011172e-03
5.200000e+01	5.300000e+01	3.000539e-03	7.962480e-04	9.319650e-04
5.300000e+01	5.400000e+01	2.723650e-03	6.618860e-04	8.803060e-04
5.400000e+01	5.500000e+01	2.501347e-03	5.755950e-04	8.845120e-04
5.500000e+01	5.600000e+01	2.342994e-03	5.471330e-04	7.714750e-04
5.600000e+01	5.700000e+01	2.205520e-03	5.543600e-04	6.608880e-04
5.700000e+01	5.800000e+01	2.032962e-03	4.941870e-04	6.429860e-04
5.800000e+01	5.900000e+01	1.910451e-03	3.749740e-04	5.879810e-04
5.900000e+01	6.000000e+01	1.791674e-03	4.520750e-04	5.374350e-04
6.000000e+01	6.100000e+01	1.669428e-03	4.328670e-04	5.410490e-04
6.100000e+01	6.200000e+01	1.570569e-03	4.982400e-04	4.782700e-04
6.200000e+01	6.300000e+01	1.455561e-03	3.449170e-04	4.843170e-04
6.300000e+01	6.400000e+01	1.376833e-03	3.304380e-04	4.515360e-04
6.400000e+01	6.500000e+01	1.308491e-03	3.006690e-04	3.867820e-04
6.500000e+01	6.600000e+01	1.251906e-03	2.958183e-04	3.888790e-04
6.600000e+01	6.700000e+01	1.146950e-03	2.583836e-04	3.933990e-04
6.700000e+01	6.800000e+01	1.136423e-03	3.123322e-04	3.308790e-04
6.800000e+01	6.900000e+01	1.070447e-03	2.508848e-04	3.390300e-04
6.900000e+01	7.000000e+01	1.042122e-03	2.626994e-04	3.004460e-04
7.000000e+01	7.100000e+01	9.899642e-04	2.282087e-04	3.267248e-04
7.100000e+01	7.200000e+01	9.595338e-04	2.155897e-04	3.132462e-04
7.200000e+01	7.300000e+01	9.901581e-04	2.687648e-04	2.831179e-04
7.300000e+01	7.400000e+01	9.415658e-04	2.150647e-04	3.065342e-04
7.400000e+01	7.500000e+01	9.516015e-04	1.942003e-04	3.139225e-04
7.500000e+01	7.600000e+01	9.971328e-04	2.003710e-04	2.984522e-04
7.600000e+01	7.700000e+01	1.071539e-03	2.102355e-04	3.102900e-04
7.700000e+01	7.800000e+01	1.212603e-03	2.364777e-04	2.534880e-04
7.800000e+01	7.900000e+01	1.422093e-03	1.446990e-04	2.620900e-04
7.900000e+01	8.000000e+01	1.963249e-03	3.886900e-05	2.054590e-04
8.000000e+01	8.100000e+01	2.787173e-03	0.000000e+00	1.075000e-04
8.100000e+01	8.200000e+01	2.518135e-03	2.022540e-04	2.767430e-04
8.200000e+01	8.300000e+01	1.861536e-03	3.178350e-04	2.898180e-04
8.300000e+01	8.400000e+01	1.449294e-03	3.103610e-04	3.123340e-04
8.400000e+01	8.500000e+01	1.133815e-03	2.513150e-04	3.034040e-04
8.500000e+01	8.600000e+01	9.525401e-04	2.345595e-04	2.728209e-04
8.600000e+01	8.700000e+01	8.280968e-04	1.949049e-04	2.251482e-04
8.700000e+01	8.800000e+01	7.446559e-04	1.603713e-04	2.347415e-04
8.800000e+01	8.900000e+01	7.315765e-04	2.373183e-04	2.007655e-04
8.900000e+01	9.000000e+01	7.523175e-04	1.362538e-04	1.945468e-04
9.000000e+01	9.100000e+01	9.031463e-04	9.480080e-05	1.204447e-04
9.100000e+01	9.200000e+01	9.992546e-04	7.397790e-05	1.326514e-04
9.200000e+01	9.300000e+01	8.758001e-04	1.287432e-04	1.425469e-04
9.300000e+01	9.400000e+01	6.895365e-04	1.170642e-04	1.688203e-04
9.400000e+01	9.500000e+01	5.786970e-04	1.408887e-04	1.610036e-04
9.500000e+01	9.600000e+01	4.743178e-04	1.184805e-04	1.476740e-04
9.600000e+01	9.700000e+01	4.057337e-04	1.047670e-04	1.311222e-04
9.700000e+01	9.800000e+01	3.433697e-04	8.613160e-05	1.289376e-04
9.800000e+01	9.900000e+01	2.988909e-04	8.197940e-05	1.188825e-04
9.900000e+01	1.000000e+02	2.676654e-04	6.344150e-05	8.610690e-05
# END HISTO1D


# BEGIN HISTO1D //homes/tinghua1/Merging-Project/Production/HJETS/ratio-plots/hjets-matched-errorband/H-2-3-25gev-combine.yoda/MC_H2JETS_07_INC/jet1_mass
ErrorBandColor=purple
ErrorBandOpacity=0.3
ErrorBands=1
ErrorType=env
LineColor=purple
LineStyle=solid
Path=//homes/tinghua1/Merging-Project/Production/HJETS/ratio-plots/hjets-matched-errorband/H-2-3-25gev-combine.yoda/MC_H2JETS_07_INC/jet1_mass
RatioPlotSameStyle=1
Title=h(2,3)
# xlow	 xhigh	 val	 errminus	 errplus
0.000000e+00	1.000000e+00	7.313836e-01	4.199225e-01	0.000000e+00
1.000000e+00	2.000000e+00	1.104907e-01	6.527690e-02	0.000000e+00
2.000000e+00	3.000000e+00	4.006520e-02	1.445269e-02	0.000000e+00
3.000000e+00	4.000000e+00	1.139182e-01	3.509636e-02	0.000000e+00
4.000000e+00	5.000000e+00	1.311414e-01	3.020540e-02	0.000000e+00
5.000000e+00	6.000000e+00	1.396560e-01	2.222290e-02	0.000000e+00
6.000000e+00	7.000000e+00	1.476831e-01	1.401010e-02	2.997000e-03
7.000000e+00	8.000000e+00	1.513479e-01	4.864800e-03	7.365000e-03
8.000000e+00	9.000000e+00	1.488531e-01	0.000000e+00	1.215050e-02
9.000000e+00	1.000000e+01	1.416474e-01	0.000000e+00	1.592400e-02
1.000000e+01	1.100000e+01	1.314369e-01	0.000000e+00	2.103170e-02
1.100000e+01	1.200000e+01	1.196200e-01	0.000000e+00	2.679980e-02
1.200000e+01	1.300000e+01	1.077115e-01	0.000000e+00	3.063760e-02
1.300000e+01	1.400000e+01	9.623648e-02	0.000000e+00	3.278922e-02
1.400000e+01	1.500000e+01	8.597994e-02	0.000000e+00	3.333056e-02
1.500000e+01	1.600000e+01	7.635745e-02	0.000000e+00	3.320645e-02
1.600000e+01	1.700000e+01	6.790295e-02	0.000000e+00	3.241515e-02
1.700000e+01	1.800000e+01	6.047911e-02	0.000000e+00	3.132706e-02
1.800000e+01	1.900000e+01	5.393941e-02	0.000000e+00	2.964378e-02
1.900000e+01	2.000000e+01	4.822937e-02	0.000000e+00	2.793239e-02
2.000000e+01	2.100000e+01	4.299532e-02	0.000000e+00	2.617785e-02
2.100000e+01	2.200000e+01	3.861735e-02	0.000000e+00	2.417041e-02
2.200000e+01	2.300000e+01	3.462657e-02	0.000000e+00	2.244635e-02
2.300000e+01	2.400000e+01	3.096230e-02	0.000000e+00	2.090302e-02
2.400000e+01	2.500000e+01	2.793506e-02	0.000000e+00	1.917002e-02
2.500000e+01	2.600000e+01	2.507438e-02	0.000000e+00	1.766797e-02
2.600000e+01	2.700000e+01	2.245316e-02	0.000000e+00	1.640229e-02
2.700000e+01	2.800000e+01	2.030419e-02	0.000000e+00	1.478447e-02
2.800000e+01	2.900000e+01	1.825106e-02	0.000000e+00	1.375337e-02
2.900000e+01	3.000000e+01	1.642819e-02	0.000000e+00	1.241210e-02
3.000000e+01	3.100000e+01	1.477301e-02	0.000000e+00	1.145167e-02
3.100000e+01	3.200000e+01	1.334184e-02	0.000000e+00	1.011264e-02
3.200000e+01	3.300000e+01	1.196466e-02	0.000000e+00	9.627400e-03
3.300000e+01	3.400000e+01	1.089841e-02	0.000000e+00	8.623000e-03
3.400000e+01	3.500000e+01	9.770765e-03	0.000000e+00	8.036885e-03
3.500000e+01	3.600000e+01	8.853701e-03	0.000000e+00	7.208639e-03
3.600000e+01	3.700000e+01	8.000118e-03	0.000000e+00	6.659572e-03
3.700000e+01	3.800000e+01	7.240107e-03	0.000000e+00	6.011893e-03
3.800000e+01	3.900000e+01	6.589890e-03	0.000000e+00	5.476800e-03
3.900000e+01	4.000000e+01	5.970001e-03	0.000000e+00	5.020969e-03
4.000000e+01	4.100000e+01	5.390414e-03	0.000000e+00	4.583408e-03
4.100000e+01	4.200000e+01	4.896912e-03	0.000000e+00	4.154025e-03
4.200000e+01	4.300000e+01	4.467123e-03	0.000000e+00	3.819636e-03
4.300000e+01	4.400000e+01	4.036432e-03	0.000000e+00	3.560794e-03
4.400000e+01	4.500000e+01	3.694561e-03	0.000000e+00	3.247248e-03
4.500000e+01	4.600000e+01	3.394507e-03	0.000000e+00	2.899267e-03
4.600000e+01	4.700000e+01	3.101437e-03	0.000000e+00	2.668310e-03
4.700000e+01	4.800000e+01	2.837609e-03	0.000000e+00	2.434775e-03
4.800000e+01	4.900000e+01	2.607549e-03	0.000000e+00	2.246197e-03
4.900000e+01	5.000000e+01	2.396782e-03	0.000000e+00	2.057021e-03
5.000000e+01	5.100000e+01	2.227769e-03	0.000000e+00	1.854848e-03
5.100000e+01	5.200000e+01	2.058055e-03	0.000000e+00	1.714272e-03
5.200000e+01	5.300000e+01	1.869742e-03	0.000000e+00	1.635209e-03
5.300000e+01	5.400000e+01	1.737413e-03	0.000000e+00	1.485723e-03
5.400000e+01	5.500000e+01	1.588021e-03	0.000000e+00	1.408215e-03
5.500000e+01	5.600000e+01	1.497431e-03	0.000000e+00	1.260635e-03
5.600000e+01	5.700000e+01	1.383906e-03	0.000000e+00	1.181814e-03
5.700000e+01	5.800000e+01	1.287903e-03	0.000000e+00	1.095207e-03
5.800000e+01	5.900000e+01	1.224012e-03	0.000000e+00	1.001259e-03
5.900000e+01	6.000000e+01	1.136376e-03	0.000000e+00	9.162810e-04
6.000000e+01	6.100000e+01	1.061434e-03	0.000000e+00	8.686850e-04
6.100000e+01	6.200000e+01	9.862340e-04	0.000000e+00	8.208330e-04
6.200000e+01	6.300000e+01	9.475873e-04	0.000000e+00	7.521147e-04
6.300000e+01	6.400000e+01	8.746469e-04	0.000000e+00	7.214451e-04
6.400000e+01	6.500000e+01	8.274954e-04	0.000000e+00	6.759886e-04
6.500000e+01	6.600000e+01	7.880055e-04	0.000000e+00	6.245055e-04
6.600000e+01	6.700000e+01	7.393119e-04	0.000000e+00	6.137851e-04
6.700000e+01	6.800000e+01	7.191872e-04	0.000000e+00	5.619138e-04
6.800000e+01	6.900000e+01	6.773885e-04	0.000000e+00	5.381125e-04
6.900000e+01	7.000000e+01	6.623321e-04	0.000000e+00	5.071069e-04
7.000000e+01	7.100000e+01	6.345281e-04	0.000000e+00	5.140109e-04
7.100000e+01	7.200000e+01	6.325377e-04	0.000000e+00	4.504693e-04
7.200000e+01	7.300000e+01	6.097554e-04	0.000000e+00	4.797856e-04
7.300000e+01	7.400000e+01	6.259000e-04	0.000000e+00	4.689070e-04
7.400000e+01	7.500000e+01	6.478723e-04	0.000000e+00	4.556207e-04
7.500000e+01	7.600000e+01	6.754036e-04	0.000000e+00	4.507914e-04
7.600000e+01	7.700000e+01	7.461302e-04	0.000000e+00	4.488358e-04
7.700000e+01	7.800000e+01	8.648993e-04	0.000000e+00	4.385857e-04
7.800000e+01	7.900000e+01	1.089386e-03	0.000000e+00	4.056330e-04
7.900000e+01	8.000000e+01	1.701025e-03	0.000000e+00	1.900390e-04
8.000000e+01	8.100000e+01	2.512674e-03	0.000000e+00	1.014360e-04
8.100000e+01	8.200000e+01	2.058004e-03	0.000000e+00	3.985270e-04
8.200000e+01	8.300000e+01	1.368021e-03	0.000000e+00	5.437250e-04
8.300000e+01	8.400000e+01	9.984532e-04	0.000000e+00	5.383288e-04
8.400000e+01	8.500000e+01	7.621284e-04	0.000000e+00	4.968776e-04
8.500000e+01	8.600000e+01	6.195015e-04	0.000000e+00	4.332395e-04
8.600000e+01	8.700000e+01	5.276848e-04	0.000000e+00	3.963355e-04
8.700000e+01	8.800000e+01	4.954114e-04	0.000000e+00	3.585050e-04
8.800000e+01	8.900000e+01	4.956878e-04	0.000000e+00	3.142590e-04
8.900000e+01	9.000000e+01	5.492705e-04	0.000000e+00	2.611843e-04
9.000000e+01	9.100000e+01	7.029736e-04	0.000000e+00	1.927619e-04
9.100000e+01	9.200000e+01	8.228415e-04	0.000000e+00	1.968385e-04
9.200000e+01	9.300000e+01	6.705794e-04	0.000000e+00	2.493835e-04
9.300000e+01	9.400000e+01	4.887960e-04	0.000000e+00	2.742550e-04
9.400000e+01	9.500000e+01	3.871785e-04	0.000000e+00	2.498861e-04
9.500000e+01	9.600000e+01	3.107775e-04	0.000000e+00	2.265110e-04
9.600000e+01	9.700000e+01	2.547908e-04	0.000000e+00	1.953785e-04
9.700000e+01	9.800000e+01	2.169976e-04	0.000000e+00	1.873909e-04
9.800000e+01	9.900000e+01	1.827459e-04	0.000000e+00	1.617030e-04
9.900000e+01	1.000000e+02	1.650022e-04	0.000000e+00	1.438067e-04
# END HISTO1D


# BEGIN HISTO1D //homes/tinghua1/Merging-Project/Production/HJETS/ratio-plots/hjets-matched-errorband/H3Jets-NLOPS-combine.yoda/MC_H2JETS_07_INC/jet1_mass
ErrorBandColor=red
ErrorBandOpacity=0.3
ErrorBands=1
ErrorType=env
LineColor=red
LineStyle=solid
Path=//homes/tinghua1/Merging-Project/Production/HJETS/ratio-plots/hjets-matched-errorband/H3Jets-NLOPS-combine.yoda/MC_H2JETS_07_INC/jet1_mass
RatioPlotSameStyle=1
Title=h(3*) $\oplus$ PS
# xlow	 xhigh	 val	 errminus	 errplus
0.000000e+00	1.000000e+00	2.344762e-01	8.549790e-02	1.694345e-01
1.000000e+00	2.000000e+00	4.061848e-02	1.454229e-02	2.951155e-02
2.000000e+00	3.000000e+00	1.933115e-02	6.574770e-03	4.291240e-03
3.000000e+00	4.000000e+00	5.915105e-02	1.860765e-02	8.661430e-03
4.000000e+00	5.000000e+00	7.158310e-02	1.813011e-02	7.633140e-03
5.000000e+00	6.000000e+00	7.954293e-02	1.816743e-02	7.073510e-03
6.000000e+00	7.000000e+00	9.023580e-02	1.657725e-02	2.991040e-03
7.000000e+00	8.000000e+00	9.542022e-02	1.342430e-02	1.749010e-03
8.000000e+00	9.000000e+00	9.932874e-02	1.083425e-02	0.000000e+00
9.000000e+00	1.000000e+01	1.028038e-01	1.202873e-02	0.000000e+00
1.000000e+01	1.100000e+01	1.000890e-01	9.436570e-03	0.000000e+00
1.100000e+01	1.200000e+01	9.565794e-02	8.518970e-03	0.000000e+00
1.200000e+01	1.300000e+01	8.936891e-02	8.316220e-03	3.074620e-03
1.300000e+01	1.400000e+01	8.438591e-02	1.059210e-02	1.113080e-03
1.400000e+01	1.500000e+01	7.854553e-02	9.077410e-03	1.181400e-03
1.500000e+01	1.600000e+01	7.112417e-02	7.619450e-03	3.618260e-03
1.600000e+01	1.700000e+01	6.525176e-02	7.346700e-03	3.606090e-03
1.700000e+01	1.800000e+01	5.963605e-02	7.746760e-03	5.252420e-03
1.800000e+01	1.900000e+01	5.478590e-02	6.895000e-03	4.614840e-03
1.900000e+01	2.000000e+01	5.004582e-02	6.748170e-03	3.025240e-03
2.000000e+01	2.100000e+01	4.563096e-02	6.375030e-03	5.794790e-03
2.100000e+01	2.200000e+01	4.206671e-02	5.964930e-03	3.770030e-03
2.200000e+01	2.300000e+01	3.796649e-02	5.533270e-03	2.634580e-03
2.300000e+01	2.400000e+01	3.415182e-02	5.298310e-03	3.999400e-03
2.400000e+01	2.500000e+01	3.051433e-02	4.612340e-03	4.109680e-03
2.500000e+01	2.600000e+01	2.863972e-02	4.810600e-03	2.754090e-03
2.600000e+01	2.700000e+01	2.555300e-02	3.885560e-03	2.775910e-03
2.700000e+01	2.800000e+01	2.210045e-02	2.370670e-03	3.036170e-03
2.800000e+01	2.900000e+01	2.110251e-02	3.282480e-03	2.326580e-03
2.900000e+01	3.000000e+01	1.853248e-02	2.530830e-03	3.126150e-03
3.000000e+01	3.100000e+01	1.698338e-02	2.364320e-03	1.604960e-03
3.100000e+01	3.200000e+01	1.566796e-02	2.757120e-03	1.728700e-03
3.200000e+01	3.300000e+01	1.404910e-02	2.029570e-03	8.895000e-04
3.300000e+01	3.400000e+01	1.221273e-02	1.098260e-03	2.583550e-03
3.400000e+01	3.500000e+01	1.176435e-02	1.769063e-03	1.424320e-03
3.500000e+01	3.600000e+01	1.069058e-02	1.551557e-03	1.219040e-03
3.600000e+01	3.700000e+01	9.767689e-03	1.479693e-03	1.501231e-03
3.700000e+01	3.800000e+01	9.773620e-03	2.218115e-03	6.897500e-04
3.800000e+01	3.900000e+01	8.203204e-03	1.328835e-03	1.249335e-03
3.900000e+01	4.000000e+01	7.314249e-03	9.051020e-04	1.379479e-03
4.000000e+01	4.100000e+01	7.021824e-03	1.197272e-03	5.453720e-04
4.100000e+01	4.200000e+01	6.190039e-03	7.664090e-04	5.783210e-04
4.200000e+01	4.300000e+01	5.610689e-03	6.972130e-04	6.218250e-04
4.300000e+01	4.400000e+01	5.407929e-03	1.049024e-03	6.763740e-04
4.400000e+01	4.500000e+01	4.878405e-03	7.304380e-04	5.217370e-04
4.500000e+01	4.600000e+01	4.571161e-03	7.077600e-04	0.000000e+00
4.600000e+01	4.700000e+01	4.009758e-03	4.716830e-04	8.024690e-04
4.700000e+01	4.800000e+01	3.720700e-03	5.283020e-04	4.277630e-04
4.800000e+01	4.900000e+01	3.485633e-03	5.090510e-04	1.927928e-03
4.900000e+01	5.000000e+01	3.076852e-03	2.573940e-04	6.067980e-04
5.000000e+01	5.100000e+01	2.812853e-03	1.571470e-04	4.606530e-04
5.100000e+01	5.200000e+01	2.889370e-03	2.838850e-04	2.220850e-04
5.200000e+01	5.300000e+01	2.470213e-03	2.867220e-04	3.500700e-04
5.300000e+01	5.400000e+01	2.369926e-03	3.569460e-04	2.082180e-04
5.400000e+01	5.500000e+01	2.244449e-03	3.953040e-04	2.829270e-04
5.500000e+01	5.600000e+01	2.051591e-03	3.199000e-04	2.903200e-04
5.600000e+01	5.700000e+01	1.803446e-03	1.908710e-04	4.685680e-04
5.700000e+01	5.800000e+01	1.706681e-03	2.115070e-04	2.344100e-04
5.800000e+01	5.900000e+01	1.688066e-03	2.801520e-04	2.470240e-04
5.900000e+01	6.000000e+01	1.501904e-03	2.061990e-04	2.659530e-04
6.000000e+01	6.100000e+01	1.319667e-03	8.565900e-05	3.202260e-04
6.100000e+01	6.200000e+01	1.355238e-03	1.908450e-04	2.941530e-04
6.200000e+01	6.300000e+01	1.368514e-03	2.922330e-04	1.346450e-04
6.300000e+01	6.400000e+01	1.056739e-03	0.000000e+00	2.815220e-04
6.400000e+01	6.500000e+01	1.099063e-03	1.599399e-04	1.776000e-06
6.500000e+01	6.600000e+01	1.138786e-03	2.145054e-04	1.126260e-04
6.600000e+01	6.700000e+01	1.027285e-03	1.788355e-04	1.194790e-04
6.700000e+01	6.800000e+01	9.614445e-04	9.643720e-05	2.406905e-04
6.800000e+01	6.900000e+01	9.042411e-04	8.980580e-05	2.282299e-04
6.900000e+01	7.000000e+01	8.645523e-04	6.469350e-05	2.498347e-04
7.000000e+01	7.100000e+01	8.779193e-04	1.448452e-04	1.047210e-04
7.100000e+01	7.200000e+01	8.489837e-04	1.215075e-04	1.527283e-04
7.200000e+01	7.300000e+01	8.720006e-04	9.006230e-05	2.537894e-04
7.300000e+01	7.400000e+01	8.418814e-04	8.779350e-05	2.716976e-04
7.400000e+01	7.500000e+01	8.593003e-04	1.028537e-04	1.749427e-04
7.500000e+01	7.600000e+01	9.589850e-04	1.096260e-04	1.250770e-04
7.600000e+01	7.700000e+01	9.522156e-04	3.410180e-05	1.173624e-04
7.700000e+01	7.800000e+01	1.163217e-03	1.678545e-04	1.057940e-04
7.800000e+01	7.900000e+01	1.382331e-03	5.558000e-05	6.325500e-05
7.900000e+01	8.000000e+01	2.002083e-03	0.000000e+00	5.593100e-05
8.000000e+01	8.100000e+01	2.911414e-03	1.563610e-04	2.836420e-04
8.100000e+01	8.200000e+01	2.603182e-03	4.353300e-05	1.837200e-05
8.200000e+01	8.300000e+01	1.994291e-03	2.505770e-04	3.223000e-05
8.300000e+01	8.400000e+01	1.424245e-03	1.540050e-04	1.336070e-04
8.400000e+01	8.500000e+01	1.131777e-03	1.869206e-04	1.837070e-04
8.500000e+01	8.600000e+01	9.467175e-04	2.133485e-04	1.308575e-04
8.600000e+01	8.700000e+01	7.485831e-04	1.199719e-04	1.508814e-04
8.700000e+01	8.800000e+01	6.525024e-04	1.760790e-05	1.364741e-04
8.800000e+01	8.900000e+01	6.093384e-04	3.307540e-05	9.290350e-05
8.900000e+01	9.000000e+01	6.967218e-04	8.291990e-05	1.500347e-04
9.000000e+01	9.100000e+01	8.105028e-04	1.728710e-05	4.244360e-05
9.100000e+01	9.200000e+01	9.907785e-04	3.685770e-05	4.203850e-05
9.200000e+01	9.300000e+01	7.995531e-04	1.278570e-05	4.435910e-05
9.300000e+01	9.400000e+01	6.543537e-04	5.197680e-05	6.534660e-05
9.400000e+01	9.500000e+01	5.432513e-04	8.257720e-05	1.470240e-05
9.500000e+01	9.600000e+01	4.639498e-04	1.036559e-04	5.173930e-05
9.600000e+01	9.700000e+01	3.292232e-04	4.067690e-05	7.128840e-05
9.700000e+01	9.800000e+01	3.126808e-04	7.144500e-05	6.219810e-05
9.800000e+01	9.900000e+01	2.793845e-04	6.167260e-05	5.778860e-05
9.900000e+01	1.000000e+02	2.567809e-04	5.515890e-05	3.112920e-05
# END HISTO1D


# BEGIN HISTO1D //homes/tinghua1/Merging-Project/Production/HJETS/ratio-plots/hjets-matched-errorband/H2Jets-NLOPS-combine.yoda/MC_H2JETS_07_INC/jet1_mass
ErrorBandColor=violet
ErrorBandOpacity=0.3
ErrorBands=1
ErrorType=env
LineColor=violet
LineStyle=solid
Path=//homes/tinghua1/Merging-Project/Production/HJETS/ratio-plots/hjets-matched-errorband/H2Jets-NLOPS-combine.yoda/MC_H2JETS_07_INC/jet1_mass
RatioPlotSameStyle=1
Title=h(2*) $\oplus$ PS
# xlow	 xhigh	 val	 errminus	 errplus
0.000000e+00	1.000000e+00	4.548004e-01	1.421634e-01	2.978296e-01
1.000000e+00	2.000000e+00	7.011915e-02	2.166565e-02	4.452695e-02
2.000000e+00	3.000000e+00	3.762254e-02	1.048542e-02	6.091290e-03
3.000000e+00	4.000000e+00	1.105029e-01	2.891253e-02	9.778900e-03
4.000000e+00	5.000000e+00	1.323454e-01	2.680890e-02	6.086100e-03
5.000000e+00	6.000000e+00	1.448139e-01	2.201820e-02	2.616900e-03
6.000000e+00	7.000000e+00	1.594897e-01	1.840300e-02	0.000000e+00
7.000000e+00	8.000000e+00	1.684268e-01	1.355300e-02	0.000000e+00
8.000000e+00	9.000000e+00	1.710412e-01	1.225150e-02	0.000000e+00
9.000000e+00	1.000000e+01	1.674920e-01	1.655500e-02	0.000000e+00
1.000000e+01	1.100000e+01	1.593462e-01	1.876570e-02	2.872300e-03
1.100000e+01	1.200000e+01	1.489241e-01	2.136960e-02	7.061300e-03
1.200000e+01	1.300000e+01	1.364788e-01	2.124750e-02	1.074540e-02
1.300000e+01	1.400000e+01	1.238634e-01	2.129760e-02	1.360280e-02
1.400000e+01	1.500000e+01	1.114621e-01	2.040581e-02	1.419290e-02
1.500000e+01	1.600000e+01	9.991773e-02	1.919735e-02	1.518747e-02
1.600000e+01	1.700000e+01	8.890132e-02	1.760793e-02	1.527258e-02
1.700000e+01	1.800000e+01	7.916747e-02	1.597451e-02	1.482975e-02
1.800000e+01	1.900000e+01	7.045227e-02	1.479692e-02	1.442049e-02
1.900000e+01	2.000000e+01	6.240644e-02	1.320005e-02	1.346136e-02
2.000000e+01	2.100000e+01	5.555760e-02	1.205750e-02	1.242474e-02
2.100000e+01	2.200000e+01	4.916844e-02	1.061266e-02	1.168141e-02
2.200000e+01	2.300000e+01	4.380421e-02	9.552310e-03	1.076359e-02
2.300000e+01	2.400000e+01	3.890567e-02	8.350400e-03	9.918790e-03
2.400000e+01	2.500000e+01	3.464779e-02	7.574480e-03	8.900180e-03
2.500000e+01	2.600000e+01	3.090211e-02	6.765570e-03	8.132850e-03
2.600000e+01	2.700000e+01	2.762566e-02	5.888050e-03	7.319800e-03
2.700000e+01	2.800000e+01	2.466692e-02	5.439670e-03	6.675270e-03
2.800000e+01	2.900000e+01	2.208879e-02	4.870520e-03	6.006210e-03
2.900000e+01	3.000000e+01	1.978847e-02	4.368970e-03	5.536750e-03
3.000000e+01	3.100000e+01	1.782145e-02	3.986600e-03	4.858310e-03
3.100000e+01	3.200000e+01	1.594542e-02	3.334870e-03	4.479110e-03
3.200000e+01	3.300000e+01	1.438466e-02	3.141370e-03	4.069570e-03
3.300000e+01	3.400000e+01	1.295752e-02	2.828300e-03	3.668490e-03
3.400000e+01	3.500000e+01	1.172763e-02	2.554189e-03	3.329840e-03
3.500000e+01	3.600000e+01	1.057990e-02	2.318324e-03	3.029330e-03
3.600000e+01	3.700000e+01	9.566083e-03	2.073157e-03	2.728907e-03
3.700000e+01	3.800000e+01	8.683749e-03	1.854964e-03	2.570721e-03
3.800000e+01	3.900000e+01	7.875803e-03	1.685839e-03	2.237617e-03
3.900000e+01	4.000000e+01	7.168165e-03	1.527865e-03	2.051945e-03
4.000000e+01	4.100000e+01	6.492715e-03	1.356254e-03	1.915735e-03
4.100000e+01	4.200000e+01	5.977018e-03	1.294758e-03	1.662798e-03
4.200000e+01	4.300000e+01	5.432315e-03	1.155879e-03	1.545790e-03
4.300000e+01	4.400000e+01	4.969772e-03	1.047391e-03	1.401540e-03
4.400000e+01	4.500000e+01	4.531066e-03	9.560250e-04	1.323118e-03
4.500000e+01	4.600000e+01	4.154021e-03	9.030880e-04	1.181520e-03
4.600000e+01	4.700000e+01	3.790034e-03	7.952350e-04	1.098038e-03
4.700000e+01	4.800000e+01	3.497260e-03	7.419230e-04	1.016864e-03
4.800000e+01	4.900000e+01	3.238601e-03	7.132530e-04	9.031360e-04
4.900000e+01	5.000000e+01	2.944865e-03	6.319770e-04	8.612050e-04
5.000000e+01	5.100000e+01	2.751089e-03	6.163870e-04	7.490960e-04
5.100000e+01	5.200000e+01	2.505157e-03	5.210430e-04	7.206040e-04
5.200000e+01	5.300000e+01	2.302911e-03	4.907450e-04	7.014740e-04
5.300000e+01	5.400000e+01	2.146205e-03	4.648030e-04	6.081960e-04
5.400000e+01	5.500000e+01	1.973778e-03	4.075500e-04	5.684300e-04
5.500000e+01	5.600000e+01	1.827537e-03	3.824940e-04	5.337870e-04
5.600000e+01	5.700000e+01	1.703987e-03	3.668930e-04	4.735630e-04
5.700000e+01	5.800000e+01	1.585758e-03	3.443570e-04	4.552630e-04
5.800000e+01	5.900000e+01	1.475517e-03	3.209880e-04	4.199450e-04
5.900000e+01	6.000000e+01	1.367650e-03	2.809320e-04	4.015990e-04
6.000000e+01	6.100000e+01	1.268546e-03	2.550050e-04	3.804640e-04
6.100000e+01	6.200000e+01	1.185112e-03	2.157441e-04	3.600560e-04
6.200000e+01	6.300000e+01	1.124329e-03	2.367099e-04	3.389170e-04
6.300000e+01	6.400000e+01	1.047672e-03	2.149998e-04	3.170540e-04
6.400000e+01	6.500000e+01	9.937406e-04	2.155786e-04	2.891824e-04
6.500000e+01	6.600000e+01	9.299142e-04	1.801790e-04	2.963518e-04
6.600000e+01	6.700000e+01	8.876327e-04	1.860073e-04	2.753653e-04
6.700000e+01	6.800000e+01	8.422521e-04	1.707019e-04	2.472279e-04
6.800000e+01	6.900000e+01	8.127251e-04	1.640465e-04	2.395739e-04
6.900000e+01	7.000000e+01	7.780467e-04	1.617734e-04	2.320393e-04
7.000000e+01	7.100000e+01	7.549082e-04	1.543089e-04	2.308200e-04
7.100000e+01	7.200000e+01	7.365925e-04	1.467930e-04	2.115760e-04
7.200000e+01	7.300000e+01	7.268420e-04	1.441100e-04	2.371805e-04
7.300000e+01	7.400000e+01	7.300145e-04	1.480032e-04	2.268996e-04
7.400000e+01	7.500000e+01	7.537684e-04	1.561867e-04	2.113345e-04
7.500000e+01	7.600000e+01	7.954586e-04	1.581693e-04	2.163014e-04
7.600000e+01	7.700000e+01	8.542902e-04	1.542603e-04	2.138248e-04
7.700000e+01	7.800000e+01	9.840539e-04	1.634633e-04	2.299091e-04
7.800000e+01	7.900000e+01	1.209942e-03	1.575770e-04	2.070110e-04
7.900000e+01	8.000000e+01	1.714508e-03	8.122800e-05	1.321880e-04
8.000000e+01	8.100000e+01	2.494718e-03	0.000000e+00	1.400860e-04
8.100000e+01	8.200000e+01	2.331973e-03	2.434600e-04	1.960320e-04
8.200000e+01	8.300000e+01	1.660667e-03	2.758990e-04	3.004210e-04
8.300000e+01	8.400000e+01	1.268654e-03	2.716258e-04	2.693650e-04
8.400000e+01	8.500000e+01	9.779563e-04	2.276283e-04	2.662777e-04
8.500000e+01	8.600000e+01	8.037478e-04	1.994098e-04	2.070862e-04
8.600000e+01	8.700000e+01	6.735531e-04	1.529740e-04	1.877783e-04
8.700000e+01	8.800000e+01	6.033770e-04	1.339855e-04	1.735577e-04
8.800000e+01	8.900000e+01	5.790154e-04	1.141103e-04	1.573129e-04
8.900000e+01	9.000000e+01	6.037059e-04	9.638340e-05	1.289416e-04
9.000000e+01	9.100000e+01	7.161390e-04	6.749800e-05	1.042315e-04
9.100000e+01	9.200000e+01	8.448523e-04	5.125520e-05	1.055164e-04
9.200000e+01	9.300000e+01	7.438269e-04	1.150405e-04	1.132277e-04
9.300000e+01	9.400000e+01	5.766530e-04	1.081184e-04	2.272272e-04
9.400000e+01	9.500000e+01	4.616114e-04	1.064061e-04	1.038799e-04
9.500000e+01	9.600000e+01	3.654352e-04	7.980600e-05	1.060958e-04
9.600000e+01	9.700000e+01	3.003827e-04	6.875600e-05	8.950840e-05
9.700000e+01	9.800000e+01	2.573383e-04	6.506370e-05	7.524460e-05
9.800000e+01	9.900000e+01	2.187933e-04	5.167030e-05	7.060870e-05
9.900000e+01	1.000000e+02	1.976544e-04	4.753870e-05	5.513550e-05
# END HISTO1D

