# BEGIN PLOT
Scale=1000.0
DrawOnly=//homes/tinghua1/Merging-Project/Production/HJETS/ratio-plots/hjets-matched-errorband/H-N2-N3-4-25gev-combine.yoda/MC_H2JETS_07_INC/jet2_mass //homes/tinghua1/Merging-Project/Production/HJETS/ratio-plots/hjets-matched-errorband/H-N2-3-4-25gev-combine.yoda/MC_H2JETS_07_INC/jet2_mass //homes/tinghua1/Merging-Project/Production/HJETS/ratio-plots/hjets-matched-errorband/H-2-3-4-25gev-combine.yoda/MC_H2JETS_07_INC/jet2_mass //homes/tinghua1/Merging-Project/Production/HJETS/ratio-plots/hjets-matched-errorband/H-N2-3-25gev-combine.yoda/MC_H2JETS_07_INC/jet2_mass //homes/tinghua1/Merging-Project/Production/HJETS/ratio-plots/hjets-matched-errorband/H-2-3-25gev-combine.yoda/MC_H2JETS_07_INC/jet2_mass //homes/tinghua1/Merging-Project/Production/HJETS/ratio-plots/hjets-matched-errorband/H3Jets-NLOPS-combine.yoda/MC_H2JETS_07_INC/jet2_mass //homes/tinghua1/Merging-Project/Production/HJETS/ratio-plots/hjets-matched-errorband/H2Jets-NLOPS-combine.yoda/MC_H2JETS_07_INC/jet2_mass
RightMargin=0.5
RatioPlotReference=//homes/tinghua1/Merging-Project/Production/HJETS/ratio-plots/hjets-matched-errorband/H-N2-N3-4-25gev-combine.yoda/MC_H2JETS_07_INC/jet2_mass
#RatioPlot=1
LogY=1
RatioPlotYMax=3.0
#LegendOnly=//homes/tinghua1/Merging-Project/Production/HJETS/ratio-plots/hjets-matched-errorband/H-N2-N3-4-25gev-combine.yoda/MC_H2JETS_07_INC/jet2_mass //homes/tinghua1/Merging-Project/Production/HJETS/ratio-plots/hjets-matched-errorband/H-N2-3-4-25gev-combine.yoda/MC_H2JETS_07_INC/jet2_mass //homes/tinghua1/Merging-Project/Production/HJETS/ratio-plots/hjets-matched-errorband/H-2-3-4-25gev-combine.yoda/MC_H2JETS_07_INC/jet2_mass //homes/tinghua1/Merging-Project/Production/HJETS/ratio-plots/hjets-matched-errorband/H-N2-3-25gev-combine.yoda/MC_H2JETS_07_INC/jet2_mass //homes/tinghua1/Merging-Project/Production/HJETS/ratio-plots/hjets-matched-errorband/H-2-3-25gev-combine.yoda/MC_H2JETS_07_INC/jet2_mass //homes/tinghua1/Merging-Project/Production/HJETS/ratio-plots/hjets-matched-errorband/H3Jets-NLOPS-combine.yoda/MC_H2JETS_07_INC/jet2_mass //homes/tinghua1/Merging-Project/Production/HJETS/ratio-plots/hjets-matched-errorband/H2Jets-NLOPS-combine.yoda/MC_H2JETS_07_INC/jet2_mass
RatioPlotYLabel=Ratio
Rebin=2
XLabel=$m_{j_2}$ (GeV)
LegendAlign=r
YLabel=$ \text{d} \sigma/ \text{d}  m_{j_2}$ (fb/GeV)
Legend=0
RatioPlot=6
MainPlotSelection={"Selection":[1,2,3,4,5,6,7]}
RatioPlots={"RatioPlotYLabel":"","Selection":[1,2]};{"RatioPlotYLabel":"","Selection":[1,3]};{"RatioPlotYLabel":"","Selection":[1,4]};{"RatioPlotYLabel":"","Selection":[1,5]};{"RatioPlotYLabel":"","Selection":[1,6]};{"RatioPlotYLabel":"","Selection":[1,7]}
RatioPlotSameStyle=1
RatioPlotYMin=0.0
# END PLOT


# BEGIN SPECIAL /MC_H2JETS_07_INC/jet2_mass
\rput[tl](0.05,0.75){\parbox{5cm}{\textcolor{gray}{{\bf Herwig 7.2.0} \\ HJETS/ColorFull}}}
# END SPECIAL

# BEGIN HISTO1D //homes/tinghua1/Merging-Project/Production/HJETS/ratio-plots/hjets-matched-errorband/H-N2-N3-4-25gev-combine.yoda/MC_H2JETS_07_INC/jet2_mass
ErrorBandColor=orange
ErrorBandOpacity=0.3
ErrorBands=1
ErrorType=env
LineColor=orange
LineStyle=solid
Path=//homes/tinghua1/Merging-Project/Production/HJETS/ratio-plots/hjets-matched-errorband/H-N2-N3-4-25gev-combine.yoda/MC_H2JETS_07_INC/jet2_mass
RatioPlotSameStyle=1
Title=h(2*,3*,4)
# xlow	 xhigh	 val	 errminus	 errplus
0.000000e+00	1.000000e+00	7.136909e-01	1.800670e-01	3.499381e-01
1.000000e+00	2.000000e+00	1.121290e-01	2.710656e-02	4.985860e-02
2.000000e+00	3.000000e+00	6.081871e-02	1.039952e-02	2.778370e-03
3.000000e+00	4.000000e+00	1.815783e-01	3.299150e-02	0.000000e+00
4.000000e+00	5.000000e+00	2.177049e-01	2.559250e-02	0.000000e+00
5.000000e+00	6.000000e+00	2.393989e-01	1.378960e-02	0.000000e+00
6.000000e+00	7.000000e+00	2.530325e-01	2.453620e-02	0.000000e+00
7.000000e+00	8.000000e+00	2.402600e-01	3.349410e-02	5.073300e-03
8.000000e+00	9.000000e+00	2.137974e-01	3.443620e-02	1.722420e-02
9.000000e+00	1.000000e+01	1.859998e-01	3.703640e-02	1.958070e-02
1.000000e+01	1.100000e+01	1.550542e-01	3.199840e-02	2.513630e-02
1.100000e+01	1.200000e+01	1.286674e-01	2.863230e-02	2.446750e-02
1.200000e+01	1.300000e+01	1.057237e-01	2.534434e-02	2.269830e-02
1.300000e+01	1.400000e+01	8.834916e-02	2.131865e-02	1.897954e-02
1.400000e+01	1.500000e+01	7.328437e-02	1.929022e-02	1.826947e-02
1.500000e+01	1.600000e+01	6.156807e-02	1.641160e-02	1.264086e-02
1.600000e+01	1.700000e+01	5.211062e-02	1.280857e-02	1.562903e-02
1.700000e+01	1.800000e+01	4.456281e-02	1.309436e-02	1.147413e-02
1.800000e+01	1.900000e+01	3.827884e-02	1.117300e-02	9.321880e-03
1.900000e+01	2.000000e+01	3.313114e-02	1.201109e-02	9.425310e-03
2.000000e+01	2.100000e+01	2.650220e-02	7.600830e-03	9.104500e-03
2.100000e+01	2.200000e+01	2.289755e-02	7.416660e-03	6.616010e-03
2.200000e+01	2.300000e+01	1.797465e-02	4.353700e-03	1.017911e-02
2.300000e+01	2.400000e+01	1.654745e-02	5.166420e-03	5.472920e-03
2.400000e+01	2.500000e+01	1.374730e-02	4.445501e-03	4.673130e-03
2.500000e+01	2.600000e+01	1.156211e-02	3.796771e-03	4.444970e-03
2.600000e+01	2.700000e+01	1.002366e-02	3.278479e-03	4.050460e-03
2.700000e+01	2.800000e+01	8.371862e-03	2.448389e-03	3.475528e-03
2.800000e+01	2.900000e+01	7.383473e-03	2.302041e-03	2.546144e-03
2.900000e+01	3.000000e+01	6.129102e-03	2.117651e-03	2.495850e-03
3.000000e+01	3.100000e+01	5.285240e-03	1.796633e-03	2.503826e-03
3.100000e+01	3.200000e+01	4.255160e-03	1.160100e-03	2.298231e-03
3.200000e+01	3.300000e+01	4.122293e-03	1.484316e-03	1.160132e-03
3.300000e+01	3.400000e+01	3.320270e-03	8.703140e-04	1.275646e-03
3.400000e+01	3.500000e+01	2.981784e-03	1.012669e-03	9.407700e-04
3.500000e+01	3.600000e+01	2.603446e-03	8.273150e-04	1.055467e-03
3.600000e+01	3.700000e+01	2.354600e-03	8.367680e-04	8.766160e-04
3.700000e+01	3.800000e+01	1.833435e-03	5.885400e-04	1.012689e-03
3.800000e+01	3.900000e+01	1.580869e-03	4.768160e-04	7.578180e-04
3.900000e+01	4.000000e+01	1.282836e-03	2.734730e-04	7.318070e-04
4.000000e+01	4.100000e+01	1.296019e-03	4.803736e-04	5.430060e-04
4.100000e+01	4.200000e+01	1.115161e-03	3.808557e-04	6.207480e-04
4.200000e+01	4.300000e+01	9.619739e-04	3.399913e-04	5.171891e-04
4.300000e+01	4.400000e+01	7.947376e-04	2.340152e-04	5.317744e-04
4.400000e+01	4.500000e+01	9.199750e-04	4.302056e-04	1.359130e-04
4.500000e+01	4.600000e+01	7.113721e-04	1.369210e-04	2.886769e-04
4.600000e+01	4.700000e+01	5.210694e-04	9.595590e-05	3.512809e-04
4.700000e+01	4.800000e+01	5.257089e-04	1.683540e-04	2.527565e-04
4.800000e+01	4.900000e+01	5.807153e-04	1.810051e-04	1.491930e-04
4.900000e+01	5.000000e+01	4.380783e-04	1.725672e-04	1.699974e-04
5.000000e+01	5.100000e+01	3.173771e-04	7.229650e-05	2.047633e-04
5.100000e+01	5.200000e+01	3.155510e-04	3.727680e-05	2.454674e-04
5.200000e+01	5.300000e+01	3.433450e-04	9.399730e-05	2.074118e-04
5.300000e+01	5.400000e+01	2.745839e-04	5.963720e-05	6.186650e-05
5.400000e+01	5.500000e+01	2.973941e-04	1.564579e-04	7.343720e-05
5.500000e+01	5.600000e+01	2.828617e-04	1.045379e-04	7.917700e-05
5.600000e+01	5.700000e+01	2.168918e-04	8.273570e-05	1.292525e-04
5.700000e+01	5.800000e+01	2.064381e-04	6.297020e-05	1.207772e-04
5.800000e+01	5.900000e+01	1.382993e-04	1.535190e-05	1.650857e-04
5.900000e+01	6.000000e+01	1.704375e-04	6.958800e-05	1.564403e-04
6.000000e+01	6.100000e+01	1.572967e-04	7.996479e-05	4.273000e-07
6.100000e+01	6.200000e+01	2.109695e-04	1.054591e-04	1.676200e-05
6.200000e+01	6.300000e+01	1.199742e-04	2.119721e-05	5.647040e-05
6.300000e+01	6.400000e+01	1.149358e-04	1.557099e-05	5.946710e-05
6.400000e+01	6.500000e+01	1.369272e-04	7.619344e-05	5.214710e-05
6.500000e+01	6.600000e+01	9.255737e-05	6.601440e-06	7.356773e-05
6.600000e+01	6.700000e+01	9.645348e-05	2.630472e-05	3.606982e-05
6.700000e+01	6.800000e+01	1.300733e-04	5.796049e-05	3.364350e-05
6.800000e+01	6.900000e+01	8.973807e-05	2.527901e-05	3.515473e-05
6.900000e+01	7.000000e+01	1.095868e-04	3.589633e-05	1.378130e-05
7.000000e+01	7.100000e+01	8.190505e-05	2.572384e-05	6.511685e-05
7.100000e+01	7.200000e+01	1.129473e-04	5.021412e-05	1.497630e-04
7.200000e+01	7.300000e+01	7.316209e-05	3.812330e-06	8.316650e-06
7.300000e+01	7.400000e+01	8.862263e-05	3.797007e-05	1.812177e-05
7.400000e+01	7.500000e+01	8.484575e-05	1.926359e-05	4.436530e-06
7.500000e+01	7.600000e+01	6.868272e-05	1.068140e-06	0.000000e+00
7.600000e+01	7.700000e+01	9.164937e-05	2.049069e-05	0.000000e+00
7.700000e+01	7.800000e+01	8.198853e-05	1.843510e-06	8.170790e-06
7.800000e+01	7.900000e+01	1.205788e-04	2.259953e-05	0.000000e+00
7.900000e+01	8.000000e+01	1.814176e-04	3.321840e-05	1.539000e-06
8.000000e+01	8.100000e+01	1.995561e-04	0.000000e+00	2.467050e-05
8.100000e+01	8.200000e+01	1.707078e-04	0.000000e+00	2.242560e-05
8.200000e+01	8.300000e+01	1.327056e-04	2.357100e-05	2.832920e-05
8.300000e+01	8.400000e+01	9.854694e-05	2.416497e-05	3.883086e-05
8.400000e+01	8.500000e+01	8.890826e-05	1.826401e-05	6.528654e-05
8.500000e+01	8.600000e+01	6.256546e-05	7.328170e-06	2.870083e-05
8.600000e+01	8.700000e+01	4.051395e-05	0.000000e+00	8.502795e-05
8.700000e+01	8.800000e+01	9.181257e-05	4.361191e-05	0.000000e+00
8.800000e+01	8.900000e+01	3.929146e-05	0.000000e+00	2.118889e-05
8.900000e+01	9.000000e+01	4.996786e-05	0.000000e+00	1.895785e-05
9.000000e+01	9.100000e+01	7.391390e-05	1.253479e-05	0.000000e+00
9.100000e+01	9.200000e+01	6.379603e-05	0.000000e+00	1.872035e-05
9.200000e+01	9.300000e+01	9.168295e-05	6.018648e-05	2.347805e-05
9.300000e+01	9.400000e+01	3.757259e-05	0.000000e+00	2.368722e-05
9.400000e+01	9.500000e+01	3.453814e-05	0.000000e+00	1.383383e-05
9.500000e+01	9.600000e+01	4.752166e-05	1.375710e-05	3.778699e-05
9.600000e+01	9.700000e+01	3.185827e-05	1.340070e-05	7.167000e-06
9.700000e+01	9.800000e+01	2.629639e-05	3.342910e-06	0.000000e+00
9.800000e+01	9.900000e+01	2.424114e-05	2.318780e-06	2.646516e-05
9.900000e+01	1.000000e+02	1.749744e-05	3.350670e-06	3.328900e-05
# END HISTO1D


# BEGIN HISTO1D //homes/tinghua1/Merging-Project/Production/HJETS/ratio-plots/hjets-matched-errorband/H-N2-3-4-25gev-combine.yoda/MC_H2JETS_07_INC/jet2_mass
ErrorBandColor=blue
ErrorBandOpacity=0.3
ErrorBands=1
ErrorType=env
LineColor=blue
LineStyle=solid
Path=//homes/tinghua1/Merging-Project/Production/HJETS/ratio-plots/hjets-matched-errorband/H-N2-3-4-25gev-combine.yoda/MC_H2JETS_07_INC/jet2_mass
RatioPlotSameStyle=1
Title=h(2*,3,4)
# xlow	 xhigh	 val	 errminus	 errplus
0.000000e+00	1.000000e+00	7.110263e-01	1.788320e-01	3.594127e-01
1.000000e+00	2.000000e+00	1.105534e-01	2.698106e-02	5.286400e-02
2.000000e+00	3.000000e+00	6.199113e-02	1.232860e-02	1.912420e-03
3.000000e+00	4.000000e+00	1.815900e-01	3.326600e-02	0.000000e+00
4.000000e+00	5.000000e+00	2.189261e-01	2.685960e-02	0.000000e+00
5.000000e+00	6.000000e+00	2.427429e-01	1.622840e-02	0.000000e+00
6.000000e+00	7.000000e+00	2.518629e-01	2.457740e-02	0.000000e+00
7.000000e+00	8.000000e+00	2.382451e-01	3.161870e-02	6.357100e-03
8.000000e+00	9.000000e+00	2.137974e-01	3.520270e-02	1.740140e-02
9.000000e+00	1.000000e+01	1.841716e-01	3.499820e-02	2.172650e-02
1.000000e+01	1.100000e+01	1.545689e-01	3.326480e-02	2.430120e-02
1.100000e+01	1.200000e+01	1.279934e-01	2.942221e-02	2.490610e-02
1.200000e+01	1.300000e+01	1.071321e-01	2.741486e-02	2.149960e-02
1.300000e+01	1.400000e+01	8.699149e-02	2.181544e-02	2.171411e-02
1.400000e+01	1.500000e+01	7.267009e-02	1.869876e-02	1.889466e-02
1.500000e+01	1.600000e+01	6.130525e-02	1.662896e-02	1.729158e-02
1.600000e+01	1.700000e+01	5.144793e-02	1.408786e-02	1.610847e-02
1.700000e+01	1.800000e+01	4.355560e-02	1.229483e-02	1.343418e-02
1.800000e+01	1.900000e+01	3.678715e-02	1.070166e-02	1.142275e-02
1.900000e+01	2.000000e+01	3.131083e-02	9.300140e-03	9.931310e-03
2.000000e+01	2.100000e+01	2.628205e-02	7.952390e-03	9.139610e-03
2.100000e+01	2.200000e+01	2.236773e-02	6.791360e-03	7.694630e-03
2.200000e+01	2.300000e+01	1.880891e-02	5.746470e-03	6.827260e-03
2.300000e+01	2.400000e+01	1.611531e-02	5.145980e-03	5.672050e-03
2.400000e+01	2.500000e+01	1.374983e-02	4.505441e-03	4.874380e-03
2.500000e+01	2.600000e+01	1.162463e-02	3.798396e-03	4.289620e-03
2.600000e+01	2.700000e+01	9.881520e-03	3.181750e-03	3.786370e-03
2.700000e+01	2.800000e+01	8.466724e-03	2.862490e-03	3.242016e-03
2.800000e+01	2.900000e+01	7.195026e-03	2.398819e-03	2.789705e-03
2.900000e+01	3.000000e+01	6.192012e-03	2.182802e-03	2.398162e-03
3.000000e+01	3.100000e+01	5.297216e-03	1.867803e-03	1.982502e-03
3.100000e+01	3.200000e+01	4.438293e-03	1.468384e-03	2.051109e-03
3.200000e+01	3.300000e+01	3.825247e-03	1.261670e-03	1.761105e-03
3.300000e+01	3.400000e+01	3.232620e-03	1.049777e-03	1.456820e-03
3.400000e+01	3.500000e+01	2.839382e-03	9.346800e-04	1.229235e-03
3.500000e+01	3.600000e+01	2.465405e-03	8.191590e-04	1.029553e-03
3.600000e+01	3.700000e+01	2.085510e-03	6.554250e-04	1.002420e-03
3.700000e+01	3.800000e+01	1.882883e-03	6.545670e-04	7.981660e-04
3.800000e+01	3.900000e+01	1.611566e-03	5.829190e-04	7.651380e-04
3.900000e+01	4.000000e+01	1.432721e-03	4.721844e-04	6.187050e-04
4.000000e+01	4.100000e+01	1.188671e-03	3.482972e-04	5.748680e-04
4.100000e+01	4.200000e+01	1.059049e-03	3.185308e-04	4.741250e-04
4.200000e+01	4.300000e+01	9.369386e-04	3.162906e-04	4.201224e-04
4.300000e+01	4.400000e+01	8.145875e-04	2.467414e-04	3.895425e-04
4.400000e+01	4.500000e+01	7.189138e-04	2.030159e-04	3.647022e-04
4.500000e+01	4.600000e+01	6.428674e-04	1.986842e-04	4.171506e-04
4.600000e+01	4.700000e+01	6.390382e-04	2.415994e-04	2.326750e-04
4.700000e+01	4.800000e+01	5.117986e-04	1.722809e-04	2.261860e-04
4.800000e+01	4.900000e+01	4.613197e-04	1.316738e-04	2.521829e-04
4.900000e+01	5.000000e+01	4.320384e-04	1.562155e-04	1.767324e-04
5.000000e+01	5.100000e+01	4.115398e-04	1.690450e-04	1.584755e-04
5.100000e+01	5.200000e+01	3.395505e-04	1.066325e-04	1.385224e-04
5.200000e+01	5.300000e+01	3.103100e-04	8.662420e-05	1.417782e-04
5.300000e+01	5.400000e+01	2.796412e-04	7.659830e-05	1.398976e-04
5.400000e+01	5.500000e+01	2.621011e-04	8.849060e-05	1.158400e-04
5.500000e+01	5.600000e+01	2.452719e-04	9.147090e-05	1.143220e-04
5.600000e+01	5.700000e+01	2.081909e-04	6.875260e-05	1.087388e-04
5.700000e+01	5.800000e+01	2.012931e-04	5.782240e-05	1.008150e-04
5.800000e+01	5.900000e+01	1.733997e-04	6.012040e-05	7.603470e-05
5.900000e+01	6.000000e+01	1.789759e-04	6.986140e-05	6.379710e-05
6.000000e+01	6.100000e+01	1.543650e-04	4.665360e-05	7.317910e-05
6.100000e+01	6.200000e+01	1.439703e-04	3.734980e-05	7.404010e-05
6.200000e+01	6.300000e+01	1.276745e-04	3.883318e-05	8.225640e-05
6.300000e+01	6.400000e+01	1.187442e-04	3.636604e-05	5.781790e-05
6.400000e+01	6.500000e+01	1.121358e-04	3.720217e-05	4.974520e-05
6.500000e+01	6.600000e+01	1.133921e-04	4.325569e-05	4.967470e-05
6.600000e+01	6.700000e+01	9.723783e-05	2.856877e-05	5.246257e-05
6.700000e+01	6.800000e+01	8.933278e-05	2.928913e-05	4.770202e-05
6.800000e+01	6.900000e+01	8.935208e-05	2.169116e-05	2.868622e-05
6.900000e+01	7.000000e+01	9.788897e-05	4.196872e-05	2.961013e-05
7.000000e+01	7.100000e+01	8.244939e-05	2.862758e-05	3.337431e-05
7.100000e+01	7.200000e+01	7.632790e-05	2.483891e-05	3.945170e-05
7.200000e+01	7.300000e+01	6.416841e-05	1.479528e-05	5.077099e-05
7.300000e+01	7.400000e+01	7.412574e-05	2.401737e-05	4.027546e-05
7.400000e+01	7.500000e+01	7.090832e-05	1.335378e-05	3.943278e-05
7.500000e+01	7.600000e+01	7.760481e-05	2.830862e-05	8.470790e-06
7.600000e+01	7.700000e+01	7.533244e-05	1.408553e-05	2.910656e-05
7.700000e+01	7.800000e+01	7.123656e-05	1.286113e-05	3.213354e-05
7.800000e+01	7.900000e+01	8.421771e-05	1.143026e-05	3.078879e-05
7.900000e+01	8.000000e+01	1.165156e-04	3.730900e-06	2.287170e-05
8.000000e+01	8.100000e+01	1.598828e-04	2.800020e-05	0.000000e+00
8.100000e+01	8.200000e+01	1.554722e-04	2.684080e-05	1.152700e-06
8.200000e+01	8.300000e+01	1.102487e-04	2.581843e-05	2.780770e-05
8.300000e+01	8.400000e+01	9.107567e-05	2.386721e-05	1.439003e-05
8.400000e+01	8.500000e+01	7.065045e-05	1.884596e-05	2.722598e-05
8.500000e+01	8.600000e+01	6.060382e-05	1.702796e-05	1.909920e-05
8.600000e+01	8.700000e+01	5.672394e-05	1.900969e-05	9.879210e-06
8.700000e+01	8.800000e+01	5.107283e-05	1.975107e-05	1.489548e-05
8.800000e+01	8.900000e+01	4.958051e-05	1.409928e-05	1.524020e-05
8.900000e+01	9.000000e+01	5.248472e-05	1.073820e-05	1.219066e-05
9.000000e+01	9.100000e+01	5.831753e-05	1.212600e-05	2.757630e-06
9.100000e+01	9.200000e+01	6.880667e-05	1.767378e-05	7.000450e-06
9.200000e+01	9.300000e+01	5.393439e-05	6.655510e-06	1.413216e-05
9.300000e+01	9.400000e+01	4.429380e-05	1.201921e-05	8.952160e-06
9.400000e+01	9.500000e+01	3.318110e-05	5.702290e-06	1.442909e-05
9.500000e+01	9.600000e+01	3.016583e-05	8.208260e-06	1.968601e-05
9.600000e+01	9.700000e+01	2.711371e-05	8.395280e-06	9.821150e-06
9.700000e+01	9.800000e+01	2.395558e-05	1.033954e-05	6.571530e-06
9.800000e+01	9.900000e+01	2.105106e-05	7.602840e-06	1.052128e-05
9.900000e+01	1.000000e+02	2.430992e-05	1.004154e-05	2.118850e-06
# END HISTO1D


# BEGIN HISTO1D //homes/tinghua1/Merging-Project/Production/HJETS/ratio-plots/hjets-matched-errorband/H-2-3-4-25gev-combine.yoda/MC_H2JETS_07_INC/jet2_mass
ErrorBandColor=yellow
ErrorBandOpacity=0.3
ErrorBands=1
ErrorType=env
LineColor=yellow
LineStyle=solid
Path=//homes/tinghua1/Merging-Project/Production/HJETS/ratio-plots/hjets-matched-errorband/H-2-3-4-25gev-combine.yoda/MC_H2JETS_07_INC/jet2_mass
RatioPlotSameStyle=1
Title=h(2,3,4)
# xlow	 xhigh	 val	 errminus	 errplus
0.000000e+00	1.000000e+00	6.897973e-01	1.645386e-01	3.261907e-01
1.000000e+00	2.000000e+00	1.055144e-01	2.642141e-02	4.970610e-02
2.000000e+00	3.000000e+00	5.991895e-02	1.109344e-02	6.816900e-04
3.000000e+00	4.000000e+00	1.751512e-01	3.058200e-02	0.000000e+00
4.000000e+00	5.000000e+00	2.097038e-01	2.360290e-02	0.000000e+00
5.000000e+00	6.000000e+00	2.319258e-01	1.791590e-02	0.000000e+00
6.000000e+00	7.000000e+00	2.388661e-01	2.615030e-02	0.000000e+00
7.000000e+00	8.000000e+00	2.265150e-01	3.359120e-02	6.976600e-03
8.000000e+00	9.000000e+00	2.022001e-01	3.590190e-02	1.673020e-02
9.000000e+00	1.000000e+01	1.738462e-01	3.561070e-02	2.238710e-02
1.000000e+01	1.100000e+01	1.456875e-01	3.304990e-02	2.443520e-02
1.100000e+01	1.200000e+01	1.200130e-01	2.927374e-02	2.426960e-02
1.200000e+01	1.300000e+01	9.862758e-02	2.462288e-02	2.328402e-02
1.300000e+01	1.400000e+01	8.149626e-02	2.140757e-02	2.099024e-02
1.400000e+01	1.500000e+01	6.757472e-02	1.816708e-02	1.926500e-02
1.500000e+01	1.600000e+01	5.676035e-02	1.582892e-02	1.682009e-02
1.600000e+01	1.700000e+01	4.768113e-02	1.353688e-02	1.486138e-02
1.700000e+01	1.800000e+01	4.014297e-02	1.182184e-02	1.321885e-02
1.800000e+01	1.900000e+01	3.376509e-02	1.006559e-02	1.166999e-02
1.900000e+01	2.000000e+01	2.862762e-02	8.788330e-03	1.000217e-02
2.000000e+01	2.100000e+01	2.418698e-02	7.541020e-03	8.672510e-03
2.100000e+01	2.200000e+01	2.040862e-02	6.538570e-03	7.409370e-03
2.200000e+01	2.300000e+01	1.729636e-02	5.632040e-03	6.125620e-03
2.300000e+01	2.400000e+01	1.444895e-02	4.710955e-03	5.731510e-03
2.400000e+01	2.500000e+01	1.228795e-02	4.073926e-03	4.703460e-03
2.500000e+01	2.600000e+01	1.039401e-02	3.491170e-03	4.106670e-03
2.600000e+01	2.700000e+01	8.844908e-03	3.072408e-03	3.466182e-03
2.700000e+01	2.800000e+01	7.698099e-03	2.778666e-03	2.839071e-03
2.800000e+01	2.900000e+01	6.327690e-03	2.227162e-03	2.596175e-03
2.900000e+01	3.000000e+01	5.340719e-03	1.857329e-03	2.299068e-03
3.000000e+01	3.100000e+01	4.493221e-03	1.618584e-03	1.965155e-03
3.100000e+01	3.200000e+01	3.856662e-03	1.399959e-03	1.652827e-03
3.200000e+01	3.300000e+01	3.303867e-03	1.154969e-03	1.323820e-03
3.300000e+01	3.400000e+01	2.784924e-03	9.802700e-04	1.234100e-03
3.400000e+01	3.500000e+01	2.346627e-03	8.650100e-04	1.083334e-03
3.500000e+01	3.600000e+01	2.022975e-03	6.819520e-04	8.747090e-04
3.600000e+01	3.700000e+01	1.709058e-03	6.203910e-04	7.977150e-04
3.700000e+01	3.800000e+01	1.447106e-03	5.075539e-04	7.139060e-04
3.800000e+01	3.900000e+01	1.272431e-03	4.977482e-04	5.947320e-04
3.900000e+01	4.000000e+01	1.093983e-03	4.025966e-04	5.319670e-04
4.000000e+01	4.100000e+01	9.401671e-04	3.116662e-04	4.673839e-04
4.100000e+01	4.200000e+01	7.976601e-04	2.756449e-04	4.196089e-04
4.200000e+01	4.300000e+01	6.943148e-04	2.468705e-04	3.431472e-04
4.300000e+01	4.400000e+01	6.097478e-04	2.172660e-04	3.300344e-04
4.400000e+01	4.500000e+01	5.256383e-04	1.856598e-04	2.914717e-04
4.500000e+01	4.600000e+01	4.621215e-04	1.583893e-04	2.227260e-04
4.600000e+01	4.700000e+01	4.078456e-04	1.675669e-04	2.326247e-04
4.700000e+01	4.800000e+01	3.573476e-04	1.360307e-04	1.769669e-04
4.800000e+01	4.900000e+01	3.228022e-04	1.243553e-04	1.586005e-04
4.900000e+01	5.000000e+01	2.829861e-04	1.085665e-04	1.167425e-04
5.000000e+01	5.100000e+01	2.711932e-04	1.225195e-04	1.135026e-04
5.100000e+01	5.200000e+01	2.182961e-04	7.821970e-05	1.064572e-04
5.200000e+01	5.300000e+01	2.464487e-04	1.087011e-04	5.238920e-05
5.300000e+01	5.400000e+01	1.630524e-04	4.853340e-05	1.000318e-04
5.400000e+01	5.500000e+01	1.719715e-04	6.537940e-05	6.860220e-05
5.500000e+01	5.600000e+01	1.509866e-04	5.381725e-05	5.435170e-05
5.600000e+01	5.700000e+01	1.358586e-04	5.336922e-05	6.156660e-05
5.700000e+01	5.800000e+01	1.098275e-04	1.892329e-05	7.213740e-05
5.800000e+01	5.900000e+01	1.170097e-04	4.848394e-05	6.836640e-05
5.900000e+01	6.000000e+01	9.783066e-05	2.547744e-05	3.910564e-05
6.000000e+01	6.100000e+01	1.001469e-04	4.046734e-05	4.060750e-05
6.100000e+01	6.200000e+01	8.567858e-05	2.708356e-05	3.569412e-05
6.200000e+01	6.300000e+01	7.969586e-05	2.988392e-05	3.283404e-05
6.300000e+01	6.400000e+01	6.638199e-05	9.088420e-06	3.845161e-05
6.400000e+01	6.500000e+01	7.204242e-05	2.210555e-05	3.153068e-05
6.500000e+01	6.600000e+01	7.504612e-05	3.107992e-05	2.665038e-05
6.600000e+01	6.700000e+01	6.340807e-05	1.972820e-05	2.571851e-05
6.700000e+01	6.800000e+01	6.071480e-05	2.437839e-05	1.740275e-05
6.800000e+01	6.900000e+01	5.805361e-05	2.744570e-05	1.337665e-05
6.900000e+01	7.000000e+01	4.509807e-05	1.030742e-05	0.000000e+00
7.000000e+01	7.100000e+01	4.933188e-05	1.894371e-05	2.448290e-05
7.100000e+01	7.200000e+01	5.143811e-05	2.140494e-05	1.388016e-05
7.200000e+01	7.300000e+01	5.030817e-05	2.164308e-05	1.829642e-05
7.300000e+01	7.400000e+01	4.437750e-05	8.257120e-06	2.457216e-05
7.400000e+01	7.500000e+01	4.890677e-05	1.243051e-05	2.310573e-05
7.500000e+01	7.600000e+01	5.215238e-05	1.247433e-05	9.306940e-06
7.600000e+01	7.700000e+01	5.002247e-05	4.393660e-06	1.307032e-05
7.700000e+01	7.800000e+01	6.174096e-05	1.573185e-05	1.754650e-05
7.800000e+01	7.900000e+01	6.764149e-05	6.381200e-06	1.493742e-05
7.900000e+01	8.000000e+01	8.439459e-05	0.000000e+00	1.899011e-05
8.000000e+01	8.100000e+01	1.414868e-04	1.301090e-05	4.773700e-06
8.100000e+01	8.200000e+01	1.238295e-04	1.181430e-05	7.067000e-07
8.200000e+01	8.300000e+01	7.377246e-05	0.000000e+00	2.883134e-05
8.300000e+01	8.400000e+01	6.797211e-05	9.989430e-06	1.475673e-05
8.400000e+01	8.500000e+01	5.434119e-05	1.287050e-05	1.126095e-05
8.500000e+01	8.600000e+01	4.998193e-05	1.039368e-05	2.395397e-05
8.600000e+01	8.700000e+01	3.910193e-05	7.428590e-06	1.360474e-05
8.700000e+01	8.800000e+01	3.986507e-05	1.216305e-05	1.120538e-05
8.800000e+01	8.900000e+01	1.197598e-04	9.514891e-05	0.000000e+00
8.900000e+01	9.000000e+01	3.893142e-05	1.866182e-05	1.038401e-05
9.000000e+01	9.100000e+01	4.338771e-05	7.982600e-06	8.389890e-06
9.100000e+01	9.200000e+01	5.238679e-05	7.866900e-07	2.926190e-06
9.200000e+01	9.300000e+01	4.601733e-05	7.797730e-06	1.465575e-05
9.300000e+01	9.400000e+01	3.713586e-05	1.042644e-05	7.826650e-06
9.400000e+01	9.500000e+01	2.951759e-05	1.007478e-05	1.002172e-05
9.500000e+01	9.600000e+01	2.392737e-05	8.529760e-06	1.216846e-05
9.600000e+01	9.700000e+01	2.277566e-05	7.542610e-06	4.906980e-06
9.700000e+01	9.800000e+01	2.032762e-05	7.619360e-06	2.269500e-06
9.800000e+01	9.900000e+01	1.616462e-05	7.459675e-06	6.369330e-06
9.900000e+01	1.000000e+02	1.218977e-05	3.287855e-06	1.041844e-05
# END HISTO1D


# BEGIN HISTO1D //homes/tinghua1/Merging-Project/Production/HJETS/ratio-plots/hjets-matched-errorband/H-N2-3-25gev-combine.yoda/MC_H2JETS_07_INC/jet2_mass
ErrorBandColor=green
ErrorBandOpacity=0.3
ErrorBands=1
ErrorType=env
LineColor=green
LineStyle=solid
Path=//homes/tinghua1/Merging-Project/Production/HJETS/ratio-plots/hjets-matched-errorband/H-N2-3-25gev-combine.yoda/MC_H2JETS_07_INC/jet2_mass
RatioPlotSameStyle=1
Title=h(2*,3)
# xlow	 xhigh	 val	 errminus	 errplus
0.000000e+00	1.000000e+00	7.118877e-01	1.786840e-01	3.583033e-01
1.000000e+00	2.000000e+00	1.107778e-01	2.674316e-02	5.376680e-02
2.000000e+00	3.000000e+00	6.213232e-02	1.235969e-02	1.676190e-03
3.000000e+00	4.000000e+00	1.824400e-01	3.349410e-02	0.000000e+00
4.000000e+00	5.000000e+00	2.191645e-01	2.657440e-02	0.000000e+00
5.000000e+00	6.000000e+00	2.426974e-01	1.639390e-02	0.000000e+00
6.000000e+00	7.000000e+00	2.546211e-01	2.727700e-02	0.000000e+00
7.000000e+00	8.000000e+00	2.400005e-01	3.313230e-02	4.272200e-03
8.000000e+00	9.000000e+00	2.143183e-01	3.599890e-02	1.626450e-02
9.000000e+00	1.000000e+01	1.841353e-01	3.578270e-02	2.218350e-02
1.000000e+01	1.100000e+01	1.544164e-01	3.274570e-02	2.478420e-02
1.100000e+01	1.200000e+01	1.272767e-01	2.910104e-02	2.501110e-02
1.200000e+01	1.300000e+01	1.051816e-01	2.533525e-02	2.302270e-02
1.300000e+01	1.400000e+01	8.696989e-02	2.042526e-02	2.149271e-02
1.400000e+01	1.500000e+01	7.230739e-02	1.866243e-02	1.914514e-02
1.500000e+01	1.600000e+01	6.079161e-02	1.640301e-02	1.733416e-02
1.600000e+01	1.700000e+01	5.135334e-02	1.404910e-02	1.519564e-02
1.700000e+01	1.800000e+01	4.303682e-02	1.199658e-02	1.364355e-02
1.800000e+01	1.900000e+01	3.663931e-02	1.044482e-02	1.174157e-02
1.900000e+01	2.000000e+01	3.096067e-02	9.193000e-03	1.041210e-02
2.000000e+01	2.100000e+01	2.612688e-02	7.738620e-03	9.105500e-03
2.100000e+01	2.200000e+01	2.228789e-02	6.864350e-03	7.574930e-03
2.200000e+01	2.300000e+01	1.875097e-02	5.750830e-03	6.823740e-03
2.300000e+01	2.400000e+01	1.601852e-02	5.009510e-03	5.658680e-03
2.400000e+01	2.500000e+01	1.343545e-02	4.265341e-03	5.212280e-03
2.500000e+01	2.600000e+01	1.145334e-02	3.635316e-03	4.420260e-03
2.600000e+01	2.700000e+01	9.712284e-03	3.131939e-03	3.661356e-03
2.700000e+01	2.800000e+01	8.308867e-03	2.704152e-03	3.145373e-03
2.800000e+01	2.900000e+01	6.970860e-03	2.240076e-03	2.948297e-03
2.900000e+01	3.000000e+01	6.017312e-03	1.965188e-03	2.388215e-03
3.000000e+01	3.100000e+01	5.258242e-03	1.842020e-03	1.990055e-03
3.100000e+01	3.200000e+01	4.374574e-03	1.451032e-03	1.880514e-03
3.200000e+01	3.300000e+01	3.806282e-03	1.297150e-03	1.547744e-03
3.300000e+01	3.400000e+01	3.292257e-03	1.159776e-03	1.355569e-03
3.400000e+01	3.500000e+01	2.810277e-03	9.359190e-04	1.190870e-03
3.500000e+01	3.600000e+01	2.424201e-03	8.129230e-04	1.032742e-03
3.600000e+01	3.700000e+01	2.092031e-03	7.135660e-04	8.896570e-04
3.700000e+01	3.800000e+01	1.814486e-03	6.203030e-04	7.579780e-04
3.800000e+01	3.900000e+01	1.551182e-03	5.227380e-04	6.990280e-04
3.900000e+01	4.000000e+01	1.354050e-03	4.390709e-04	6.387410e-04
4.000000e+01	4.100000e+01	1.212131e-03	4.213414e-04	5.180400e-04
4.100000e+01	4.200000e+01	1.034928e-03	3.497384e-04	4.685480e-04
4.200000e+01	4.300000e+01	9.098258e-04	3.022850e-04	4.153862e-04
4.300000e+01	4.400000e+01	8.011723e-04	2.720305e-04	3.947967e-04
4.400000e+01	4.500000e+01	7.059804e-04	2.322385e-04	3.507926e-04
4.500000e+01	4.600000e+01	6.333949e-04	2.080045e-04	2.826524e-04
4.600000e+01	4.700000e+01	5.632112e-04	1.785208e-04	2.777585e-04
4.700000e+01	4.800000e+01	4.843390e-04	1.454150e-04	2.425437e-04
4.800000e+01	4.900000e+01	4.423637e-04	1.464356e-04	2.000511e-04
4.900000e+01	5.000000e+01	3.852413e-04	1.142743e-04	2.740977e-04
5.000000e+01	5.100000e+01	3.651472e-04	1.245909e-04	1.656801e-04
5.100000e+01	5.200000e+01	3.237227e-04	1.126550e-04	1.508583e-04
5.200000e+01	5.300000e+01	2.902922e-04	9.687210e-05	1.340698e-04
5.300000e+01	5.400000e+01	2.596016e-04	7.703080e-05	1.200937e-04
5.400000e+01	5.500000e+01	2.398521e-04	7.752500e-05	1.086895e-04
5.500000e+01	5.600000e+01	2.275050e-04	8.297200e-05	8.940080e-05
5.600000e+01	5.700000e+01	2.011029e-04	6.707070e-05	8.033710e-05
5.700000e+01	5.800000e+01	1.841930e-04	6.922960e-05	6.334270e-05
5.800000e+01	5.900000e+01	1.672034e-04	5.770890e-05	6.690320e-05
5.900000e+01	6.000000e+01	1.440496e-04	4.024660e-05	7.806460e-05
6.000000e+01	6.100000e+01	1.356452e-04	4.069460e-05	7.383750e-05
6.100000e+01	6.200000e+01	1.220441e-04	3.633396e-05	6.525790e-05
6.200000e+01	6.300000e+01	1.124795e-04	3.310116e-05	6.121770e-05
6.300000e+01	6.400000e+01	1.093714e-04	3.660115e-05	4.601920e-05
6.400000e+01	6.500000e+01	1.040874e-04	3.245076e-05	3.995400e-05
6.500000e+01	6.600000e+01	9.126280e-05	2.739578e-05	5.040180e-05
6.600000e+01	6.700000e+01	8.193517e-05	1.781279e-05	4.572983e-05
6.700000e+01	6.800000e+01	8.707904e-05	3.192745e-05	3.896636e-05
6.800000e+01	6.900000e+01	8.348368e-05	3.123752e-05	2.994912e-05
6.900000e+01	7.000000e+01	7.519073e-05	2.286529e-05	3.050827e-05
7.000000e+01	7.100000e+01	7.511421e-05	2.350141e-05	2.852339e-05
7.100000e+01	7.200000e+01	6.614947e-05	1.586252e-05	3.387403e-05
7.200000e+01	7.300000e+01	6.430932e-05	1.630905e-05	2.467705e-05
7.300000e+01	7.400000e+01	6.430257e-05	1.577318e-05	2.574873e-05
7.400000e+01	7.500000e+01	6.556878e-05	1.686903e-05	4.160432e-05
7.500000e+01	7.600000e+01	7.118027e-05	2.369313e-05	2.136832e-05
7.600000e+01	7.700000e+01	7.004099e-05	1.628914e-05	2.596179e-05
7.700000e+01	7.800000e+01	8.059927e-05	1.772586e-05	2.230753e-05
7.800000e+01	7.900000e+01	9.648231e-05	1.662678e-05	1.992939e-05
7.900000e+01	8.000000e+01	1.292314e-04	9.046000e-06	1.445700e-05
8.000000e+01	8.100000e+01	1.833962e-04	2.674200e-06	1.119540e-05
8.100000e+01	8.200000e+01	1.636406e-04	1.922510e-05	2.186620e-05
8.200000e+01	8.300000e+01	1.188625e-04	2.258483e-05	2.699710e-05
8.300000e+01	8.400000e+01	9.009995e-05	2.258596e-05	2.793935e-05
8.400000e+01	8.500000e+01	7.402182e-05	2.116971e-05	2.378769e-05
8.500000e+01	8.600000e+01	6.133132e-05	1.887055e-05	1.784338e-05
8.600000e+01	8.700000e+01	5.232823e-05	1.542388e-05	2.064861e-05
8.700000e+01	8.800000e+01	4.736262e-05	1.456263e-05	1.794642e-05
8.800000e+01	8.900000e+01	4.467482e-05	1.319461e-05	1.606548e-05
8.900000e+01	9.000000e+01	4.810993e-05	9.539390e-06	1.316045e-05
9.000000e+01	9.100000e+01	5.506310e-05	6.632680e-06	1.691638e-05
9.100000e+01	9.200000e+01	6.474632e-05	7.905930e-06	7.693100e-06
9.200000e+01	9.300000e+01	5.776104e-05	1.179926e-05	9.434340e-06
9.300000e+01	9.400000e+01	4.505262e-05	1.229616e-05	9.617270e-06
9.400000e+01	9.500000e+01	3.624711e-05	1.094104e-05	9.652550e-06
9.500000e+01	9.600000e+01	2.825709e-05	8.363530e-06	8.540240e-06
9.600000e+01	9.700000e+01	2.378801e-05	6.878680e-06	8.167800e-06
9.700000e+01	9.800000e+01	1.933635e-05	6.111450e-06	9.252850e-06
9.800000e+01	9.900000e+01	1.794040e-05	6.838870e-06	8.735210e-06
9.900000e+01	1.000000e+02	1.606945e-05	6.138241e-06	5.864960e-06
# END HISTO1D


# BEGIN HISTO1D //homes/tinghua1/Merging-Project/Production/HJETS/ratio-plots/hjets-matched-errorband/H-2-3-25gev-combine.yoda/MC_H2JETS_07_INC/jet2_mass
ErrorBandColor=purple
ErrorBandOpacity=0.3
ErrorBands=1
ErrorType=env
LineColor=purple
LineStyle=solid
Path=//homes/tinghua1/Merging-Project/Production/HJETS/ratio-plots/hjets-matched-errorband/H-2-3-25gev-combine.yoda/MC_H2JETS_07_INC/jet2_mass
RatioPlotSameStyle=1
Title=h(2,3)
# xlow	 xhigh	 val	 errminus	 errplus
0.000000e+00	1.000000e+00	1.016242e+00	4.897250e-01	0.000000e+00
1.000000e+00	2.000000e+00	1.555846e-01	7.598506e-02	0.000000e+00
2.000000e+00	3.000000e+00	6.064667e-02	1.177556e-02	0.000000e+00
3.000000e+00	4.000000e+00	1.709971e-01	2.603000e-02	4.376000e-03
4.000000e+00	5.000000e+00	1.988640e-01	1.257140e-02	1.141730e-02
5.000000e+00	6.000000e+00	2.139277e-01	0.000000e+00	1.807690e-02
6.000000e+00	7.000000e+00	2.129963e-01	0.000000e+00	2.663040e-02
7.000000e+00	8.000000e+00	1.930841e-01	0.000000e+00	4.095860e-02
8.000000e+00	9.000000e+00	1.664238e-01	0.000000e+00	5.224800e-02
9.000000e+00	1.000000e+01	1.380920e-01	0.000000e+00	5.798380e-02
1.000000e+01	1.100000e+01	1.125787e-01	0.000000e+00	5.753940e-02
1.100000e+01	1.200000e+01	9.082638e-02	0.000000e+00	5.338062e-02
1.200000e+01	1.300000e+01	7.369112e-02	0.000000e+00	4.786238e-02
1.300000e+01	1.400000e+01	6.000918e-02	0.000000e+00	4.236092e-02
1.400000e+01	1.500000e+01	4.929130e-02	0.000000e+00	3.727337e-02
1.500000e+01	1.600000e+01	4.081209e-02	0.000000e+00	3.264785e-02
1.600000e+01	1.700000e+01	3.389275e-02	0.000000e+00	2.847873e-02
1.700000e+01	1.800000e+01	2.821736e-02	0.000000e+00	2.472310e-02
1.800000e+01	1.900000e+01	2.355181e-02	0.000000e+00	2.162139e-02
1.900000e+01	2.000000e+01	1.971595e-02	0.000000e+00	1.871989e-02
2.000000e+01	2.100000e+01	1.646670e-02	0.000000e+00	1.623681e-02
2.100000e+01	2.200000e+01	1.384002e-02	0.000000e+00	1.402459e-02
2.200000e+01	2.300000e+01	1.157614e-02	0.000000e+00	1.187879e-02
2.300000e+01	2.400000e+01	9.706826e-03	0.000000e+00	1.025552e-02
2.400000e+01	2.500000e+01	8.140150e-03	0.000000e+00	8.838460e-03
2.500000e+01	2.600000e+01	6.740858e-03	0.000000e+00	7.664502e-03
2.600000e+01	2.700000e+01	5.747710e-03	0.000000e+00	6.488300e-03
2.700000e+01	2.800000e+01	4.821545e-03	0.000000e+00	5.516105e-03
2.800000e+01	2.900000e+01	4.066670e-03	0.000000e+00	4.716379e-03
2.900000e+01	3.000000e+01	3.433792e-03	0.000000e+00	4.028684e-03
3.000000e+01	3.100000e+01	2.879523e-03	0.000000e+00	3.466180e-03
3.100000e+01	3.200000e+01	2.428128e-03	0.000000e+00	2.964583e-03
3.200000e+01	3.300000e+01	2.050326e-03	0.000000e+00	2.553454e-03
3.300000e+01	3.400000e+01	1.756185e-03	0.000000e+00	2.206583e-03
3.400000e+01	3.500000e+01	1.485723e-03	0.000000e+00	1.827767e-03
3.500000e+01	3.600000e+01	1.255295e-03	0.000000e+00	1.611319e-03
3.600000e+01	3.700000e+01	1.077633e-03	0.000000e+00	1.363252e-03
3.700000e+01	3.800000e+01	9.229155e-04	0.000000e+00	1.154613e-03
3.800000e+01	3.900000e+01	7.838548e-04	0.000000e+00	9.954622e-04
3.900000e+01	4.000000e+01	6.910941e-04	0.000000e+00	8.409029e-04
4.000000e+01	4.100000e+01	5.825456e-04	0.000000e+00	7.331604e-04
4.100000e+01	4.200000e+01	4.931480e-04	0.000000e+00	6.480520e-04
4.200000e+01	4.300000e+01	4.324739e-04	0.000000e+00	5.490100e-04
4.300000e+01	4.400000e+01	3.683000e-04	0.000000e+00	4.864040e-04
4.400000e+01	4.500000e+01	3.219506e-04	0.000000e+00	4.167599e-04
4.500000e+01	4.600000e+01	2.807111e-04	0.000000e+00	3.531403e-04
4.600000e+01	4.700000e+01	2.452395e-04	0.000000e+00	3.119121e-04
4.700000e+01	4.800000e+01	2.157169e-04	0.000000e+00	2.631084e-04
4.800000e+01	4.900000e+01	1.877702e-04	0.000000e+00	2.407190e-04
4.900000e+01	5.000000e+01	1.674947e-04	0.000000e+00	2.079424e-04
5.000000e+01	5.100000e+01	1.476413e-04	0.000000e+00	1.792780e-04
5.100000e+01	5.200000e+01	1.291567e-04	0.000000e+00	1.593836e-04
5.200000e+01	5.300000e+01	1.138574e-04	0.000000e+00	1.457395e-04
5.300000e+01	5.400000e+01	1.092702e-04	0.000000e+00	1.149420e-04
5.400000e+01	5.500000e+01	9.365064e-05	0.000000e+00	1.066527e-04
5.500000e+01	5.600000e+01	8.312786e-05	0.000000e+00	9.794674e-05
5.600000e+01	5.700000e+01	7.613347e-05	0.000000e+00	8.608823e-05
5.700000e+01	5.800000e+01	6.987393e-05	0.000000e+00	7.745017e-05
5.800000e+01	5.900000e+01	6.236913e-05	0.000000e+00	7.678667e-05
5.900000e+01	6.000000e+01	5.593502e-05	0.000000e+00	6.400708e-05
6.000000e+01	6.100000e+01	5.374788e-05	0.000000e+00	6.071302e-05
6.100000e+01	6.200000e+01	5.154708e-05	0.000000e+00	4.916032e-05
6.200000e+01	6.300000e+01	4.531950e-05	0.000000e+00	4.239776e-05
6.300000e+01	6.400000e+01	4.138862e-05	0.000000e+00	4.127735e-05
6.400000e+01	6.500000e+01	3.969057e-05	0.000000e+00	3.714804e-05
6.500000e+01	6.600000e+01	3.742174e-05	0.000000e+00	3.857688e-05
6.600000e+01	6.700000e+01	3.626102e-05	0.000000e+00	3.198254e-05
6.700000e+01	6.800000e+01	3.189954e-05	0.000000e+00	3.286188e-05
6.800000e+01	6.900000e+01	2.998867e-05	0.000000e+00	3.029269e-05
6.900000e+01	7.000000e+01	2.770823e-05	0.000000e+00	3.156299e-05
7.000000e+01	7.100000e+01	2.852161e-05	0.000000e+00	2.685546e-05
7.100000e+01	7.200000e+01	2.868941e-05	0.000000e+00	2.442797e-05
7.200000e+01	7.300000e+01	2.960840e-05	0.000000e+00	2.480066e-05
7.300000e+01	7.400000e+01	3.130030e-05	0.000000e+00	2.311023e-05
7.400000e+01	7.500000e+01	3.127546e-05	0.000000e+00	2.488067e-05
7.500000e+01	7.600000e+01	3.387231e-05	0.000000e+00	2.710681e-05
7.600000e+01	7.700000e+01	3.932697e-05	0.000000e+00	2.541343e-05
7.700000e+01	7.800000e+01	4.730412e-05	0.000000e+00	2.500035e-05
7.800000e+01	7.900000e+01	6.384467e-05	0.000000e+00	2.246150e-05
7.900000e+01	8.000000e+01	1.061546e-04	0.000000e+00	1.057460e-05
8.000000e+01	8.100000e+01	1.623596e-04	1.748200e-06	2.735800e-06
8.100000e+01	8.200000e+01	1.283177e-04	0.000000e+00	2.833780e-05
8.200000e+01	8.300000e+01	8.303338e-05	0.000000e+00	3.532212e-05
8.300000e+01	8.400000e+01	5.987421e-05	0.000000e+00	3.291926e-05
8.400000e+01	8.500000e+01	4.303132e-05	0.000000e+00	3.026778e-05
8.500000e+01	8.600000e+01	3.371510e-05	0.000000e+00	2.644731e-05
8.600000e+01	8.700000e+01	2.908651e-05	0.000000e+00	2.349371e-05
8.700000e+01	8.800000e+01	2.575516e-05	0.000000e+00	2.103830e-05
8.800000e+01	8.900000e+01	2.666945e-05	0.000000e+00	1.803550e-05
8.900000e+01	9.000000e+01	3.133263e-05	0.000000e+00	1.522471e-05
9.000000e+01	9.100000e+01	4.168629e-05	0.000000e+00	1.211816e-05
9.100000e+01	9.200000e+01	5.254331e-05	0.000000e+00	9.262450e-06
9.200000e+01	9.300000e+01	4.021515e-05	0.000000e+00	1.531878e-05
9.300000e+01	9.400000e+01	2.805685e-05	0.000000e+00	1.635036e-05
9.400000e+01	9.500000e+01	2.042552e-05	0.000000e+00	1.562955e-05
9.500000e+01	9.600000e+01	1.576395e-05	0.000000e+00	1.332813e-05
9.600000e+01	9.700000e+01	1.164319e-05	0.000000e+00	1.271297e-05
9.700000e+01	9.800000e+01	9.483953e-06	0.000000e+00	1.042838e-05
9.800000e+01	9.900000e+01	7.870790e-06	0.000000e+00	8.723220e-06
9.900000e+01	1.000000e+02	6.524102e-06	0.000000e+00	7.716488e-06
# END HISTO1D


# BEGIN HISTO1D //homes/tinghua1/Merging-Project/Production/HJETS/ratio-plots/hjets-matched-errorband/H3Jets-NLOPS-combine.yoda/MC_H2JETS_07_INC/jet2_mass
ErrorBandColor=red
ErrorBandOpacity=0.3
ErrorBands=1
ErrorType=env
LineColor=red
LineStyle=solid
Path=//homes/tinghua1/Merging-Project/Production/HJETS/ratio-plots/hjets-matched-errorband/H3Jets-NLOPS-combine.yoda/MC_H2JETS_07_INC/jet2_mass
RatioPlotSameStyle=1
Title=h(3*) $\oplus$ PS
# xlow	 xhigh	 val	 errminus	 errplus
0.000000e+00	1.000000e+00	3.773009e-01	1.126014e-01	2.142926e-01
1.000000e+00	2.000000e+00	6.394464e-02	1.860433e-02	3.377761e-02
2.000000e+00	3.000000e+00	3.590487e-02	9.329370e-03	2.556540e-03
3.000000e+00	4.000000e+00	1.062417e-01	2.638726e-02	3.662700e-03
4.000000e+00	5.000000e+00	1.327113e-01	2.424450e-02	1.494000e-03
5.000000e+00	6.000000e+00	1.473659e-01	1.689810e-02	0.000000e+00
6.000000e+00	7.000000e+00	1.582929e-01	1.460940e-02	0.000000e+00
7.000000e+00	8.000000e+00	1.558966e-01	1.229620e-02	0.000000e+00
8.000000e+00	9.000000e+00	1.451229e-01	1.683760e-02	0.000000e+00
9.000000e+00	1.000000e+01	1.295620e-01	1.557450e-02	7.107700e-03
1.000000e+01	1.100000e+01	1.141163e-01	1.890749e-02	5.182600e-03
1.100000e+01	1.200000e+01	9.745823e-02	1.747954e-02	6.036070e-03
1.200000e+01	1.300000e+01	8.177298e-02	1.516199e-02	8.989600e-03
1.300000e+01	1.400000e+01	6.808810e-02	1.317250e-02	8.816430e-03
1.400000e+01	1.500000e+01	5.823183e-02	1.243195e-02	6.980020e-03
1.500000e+01	1.600000e+01	4.777919e-02	9.653700e-03	7.391120e-03
1.600000e+01	1.700000e+01	3.953320e-02	6.946110e-03	5.881450e-03
1.700000e+01	1.800000e+01	3.302153e-02	6.477560e-03	4.161380e-03
1.800000e+01	1.900000e+01	2.680939e-02	4.859360e-03	4.816110e-03
1.900000e+01	2.000000e+01	2.316949e-02	4.981400e-03	2.593060e-03
2.000000e+01	2.100000e+01	1.874945e-02	3.307630e-03	3.892320e-03
2.100000e+01	2.200000e+01	1.610830e-02	3.216750e-03	2.986720e-03
2.200000e+01	2.300000e+01	1.349201e-02	2.549290e-03	2.414520e-03
2.300000e+01	2.400000e+01	1.147568e-02	2.378297e-03	1.962580e-03
2.400000e+01	2.500000e+01	9.655877e-03	1.981293e-03	1.956573e-03
2.500000e+01	2.600000e+01	8.495853e-03	1.855673e-03	1.134713e-03
2.600000e+01	2.700000e+01	7.144180e-03	1.471472e-03	1.394229e-03
2.700000e+01	2.800000e+01	6.121214e-03	1.304025e-03	1.009521e-03
2.800000e+01	2.900000e+01	5.165289e-03	1.105545e-03	1.174460e-03
2.900000e+01	3.000000e+01	4.521156e-03	9.241710e-04	8.834550e-04
3.000000e+01	3.100000e+01	3.865147e-03	6.974490e-04	8.602420e-04
3.100000e+01	3.200000e+01	3.405814e-03	7.053730e-04	6.592600e-04
3.200000e+01	3.300000e+01	2.868718e-03	4.837740e-04	7.189310e-04
3.300000e+01	3.400000e+01	2.553325e-03	5.228630e-04	5.255780e-04
3.400000e+01	3.500000e+01	2.308625e-03	4.973450e-04	4.460980e-04
3.500000e+01	3.600000e+01	1.963234e-03	4.816300e-04	3.857390e-04
3.600000e+01	3.700000e+01	1.579446e-03	2.034790e-04	4.568320e-04
3.700000e+01	3.800000e+01	1.451125e-03	1.936970e-04	4.022690e-04
3.800000e+01	3.900000e+01	1.339998e-03	2.901410e-04	6.133400e-05
3.900000e+01	4.000000e+01	1.161687e-03	2.303215e-04	2.784370e-04
4.000000e+01	4.100000e+01	9.881129e-04	1.744839e-04	3.363891e-04
4.100000e+01	4.200000e+01	9.236943e-04	1.935931e-04	2.428157e-04
4.200000e+01	4.300000e+01	8.330731e-04	2.673293e-04	2.134309e-04
4.300000e+01	4.400000e+01	7.203196e-04	1.250558e-04	2.073009e-04
4.400000e+01	4.500000e+01	6.203795e-04	1.964130e-04	1.877643e-04
4.500000e+01	4.600000e+01	5.601096e-04	1.031683e-04	1.861656e-04
4.600000e+01	4.700000e+01	5.285175e-04	1.068964e-04	8.814580e-05
4.700000e+01	4.800000e+01	4.749351e-04	9.055510e-05	1.109275e-04
4.800000e+01	4.900000e+01	4.320307e-04	1.035334e-04	1.564996e-04
4.900000e+01	5.000000e+01	3.854901e-04	9.695280e-05	8.884900e-05
5.000000e+01	5.100000e+01	3.370447e-04	5.307660e-05	1.283464e-04
5.100000e+01	5.200000e+01	2.941575e-04	3.738580e-05	9.873930e-05
5.200000e+01	5.300000e+01	2.936402e-04	5.761300e-05	7.849710e-05
5.300000e+01	5.400000e+01	2.643333e-04	6.642260e-05	1.966890e-05
5.400000e+01	5.500000e+01	2.365054e-04	2.813090e-05	6.857100e-05
5.500000e+01	5.600000e+01	2.245069e-04	5.977220e-05	5.826920e-05
5.600000e+01	5.700000e+01	2.140622e-04	4.501060e-05	6.707190e-05
5.700000e+01	5.800000e+01	1.888461e-04	4.097860e-05	5.946280e-05
5.800000e+01	5.900000e+01	1.622868e-04	2.541350e-05	6.325040e-05
5.900000e+01	6.000000e+01	1.495801e-04	2.414820e-05	5.220300e-05
6.000000e+01	6.100000e+01	1.575946e-04	3.958500e-05	1.402010e-05
6.100000e+01	6.200000e+01	1.407334e-04	3.880420e-05	3.897090e-05
6.200000e+01	6.300000e+01	1.271688e-04	2.378720e-05	6.720000e-08
6.300000e+01	6.400000e+01	1.085316e-04	8.121400e-06	4.657170e-05
6.400000e+01	6.500000e+01	1.157304e-04	2.940469e-05	3.531820e-05
6.500000e+01	6.600000e+01	1.120028e-04	3.377297e-05	1.935120e-05
6.600000e+01	6.700000e+01	6.713909e-05	0.000000e+00	5.760821e-05
6.700000e+01	6.800000e+01	8.971468e-05	1.459674e-05	2.792832e-05
6.800000e+01	6.900000e+01	8.786801e-05	1.913384e-05	2.022719e-05
6.900000e+01	7.000000e+01	8.630857e-05	1.717356e-05	3.308433e-05
7.000000e+01	7.100000e+01	8.510853e-05	2.121380e-05	2.657207e-05
7.100000e+01	7.200000e+01	7.615635e-05	8.935170e-06	2.481035e-05
7.200000e+01	7.300000e+01	7.567198e-05	1.626062e-05	2.894042e-05
7.300000e+01	7.400000e+01	8.259284e-05	2.098070e-05	8.092680e-06
7.400000e+01	7.500000e+01	7.696070e-05	1.345921e-05	2.685460e-05
7.500000e+01	7.600000e+01	8.151341e-05	1.657888e-05	2.552099e-05
7.600000e+01	7.700000e+01	8.770863e-05	1.349435e-05	2.136127e-05
7.700000e+01	7.800000e+01	1.041708e-04	2.058869e-05	1.221880e-05
7.800000e+01	7.900000e+01	1.168124e-04	1.048450e-05	1.686720e-05
7.900000e+01	8.000000e+01	1.606977e-04	9.729500e-06	2.117240e-05
8.000000e+01	8.100000e+01	2.338344e-04	6.644900e-06	1.512380e-05
8.100000e+01	8.200000e+01	2.138148e-04	1.349960e-05	8.445100e-06
8.200000e+01	8.300000e+01	1.549645e-04	2.493790e-05	9.723700e-06
8.300000e+01	8.400000e+01	1.174104e-04	2.240689e-05	1.672760e-05
8.400000e+01	8.500000e+01	9.437606e-05	2.051732e-05	2.082084e-05
8.500000e+01	8.600000e+01	7.592667e-05	1.596748e-05	2.043718e-05
8.600000e+01	8.700000e+01	6.626729e-05	1.829962e-05	1.356061e-05
8.700000e+01	8.800000e+01	5.703125e-05	1.018258e-05	1.673168e-05
8.800000e+01	8.900000e+01	5.647154e-05	1.163503e-05	9.203930e-06
8.900000e+01	9.000000e+01	5.470523e-05	5.604820e-06	1.411115e-05
9.000000e+01	9.100000e+01	6.958193e-05	8.105250e-06	4.999610e-06
9.100000e+01	9.200000e+01	7.567381e-05	2.919870e-06	1.077083e-05
9.200000e+01	9.300000e+01	6.949443e-05	3.769000e-08	8.661990e-06
9.300000e+01	9.400000e+01	5.471501e-05	1.122769e-05	3.070370e-06
9.400000e+01	9.500000e+01	3.937596e-05	3.311130e-06	1.309476e-05
9.500000e+01	9.600000e+01	3.612831e-05	1.041426e-05	1.093780e-05
9.600000e+01	9.700000e+01	2.779070e-05	6.070900e-06	1.096342e-05
9.700000e+01	9.800000e+01	2.003434e-05	2.633400e-07	1.300118e-05
9.800000e+01	9.900000e+01	1.856495e-05	1.488150e-06	9.086410e-06
9.900000e+01	1.000000e+02	1.913072e-05	4.610120e-06	7.375280e-06
# END HISTO1D


# BEGIN HISTO1D //homes/tinghua1/Merging-Project/Production/HJETS/ratio-plots/hjets-matched-errorband/H2Jets-NLOPS-combine.yoda/MC_H2JETS_07_INC/jet2_mass
ErrorBandColor=violet
ErrorBandOpacity=0.3
ErrorBands=1
ErrorType=env
LineColor=violet
LineStyle=solid
Path=//homes/tinghua1/Merging-Project/Production/HJETS/ratio-plots/hjets-matched-errorband/H2Jets-NLOPS-combine.yoda/MC_H2JETS_07_INC/jet2_mass
RatioPlotSameStyle=1
Title=h(2*) $\oplus$ PS
# xlow	 xhigh	 val	 errminus	 errplus
0.000000e+00	1.000000e+00	7.081447e-01	1.735323e-01	3.498863e-01
1.000000e+00	2.000000e+00	1.095701e-01	2.601560e-02	5.128970e-02
2.000000e+00	3.000000e+00	6.485411e-02	1.217490e-02	1.786380e-03
3.000000e+00	4.000000e+00	1.849876e-01	3.290570e-02	0.000000e+00
4.000000e+00	5.000000e+00	2.238991e-01	2.573470e-02	0.000000e+00
5.000000e+00	6.000000e+00	2.459793e-01	1.858560e-02	0.000000e+00
6.000000e+00	7.000000e+00	2.552947e-01	2.749370e-02	0.000000e+00
7.000000e+00	8.000000e+00	2.408438e-01	3.512150e-02	8.519700e-03
8.000000e+00	9.000000e+00	2.149473e-01	3.808940e-02	1.813100e-02
9.000000e+00	1.000000e+01	1.841613e-01	3.764480e-02	2.343110e-02
1.000000e+01	1.100000e+01	1.533536e-01	3.469180e-02	2.567310e-02
1.100000e+01	1.200000e+01	1.249141e-01	2.994054e-02	2.588210e-02
1.200000e+01	1.300000e+01	1.007068e-01	2.501003e-02	2.355260e-02
1.300000e+01	1.400000e+01	8.141405e-02	2.061659e-02	2.064495e-02
1.400000e+01	1.500000e+01	6.558356e-02	1.713967e-02	1.777584e-02
1.500000e+01	1.600000e+01	5.273413e-02	1.379047e-02	1.568929e-02
1.600000e+01	1.700000e+01	4.280326e-02	1.135152e-02	1.307948e-02
1.700000e+01	1.800000e+01	3.483993e-02	9.317060e-03	1.112620e-02
1.800000e+01	1.900000e+01	2.838956e-02	7.606220e-03	9.402630e-03
1.900000e+01	2.000000e+01	2.325944e-02	6.275210e-03	7.795110e-03
2.000000e+01	2.100000e+01	1.907750e-02	5.102430e-03	6.551920e-03
2.100000e+01	2.200000e+01	1.575546e-02	4.208870e-03	5.474270e-03
2.200000e+01	2.300000e+01	1.308997e-02	3.530355e-03	4.591100e-03
2.300000e+01	2.400000e+01	1.085462e-02	2.896552e-03	3.888440e-03
2.400000e+01	2.500000e+01	9.066489e-03	2.404157e-03	3.291441e-03
2.500000e+01	2.600000e+01	7.603019e-03	2.014947e-03	2.759741e-03
2.600000e+01	2.700000e+01	6.420278e-03	1.731011e-03	2.363872e-03
2.700000e+01	2.800000e+01	5.422889e-03	1.442663e-03	1.977368e-03
2.800000e+01	2.900000e+01	4.593243e-03	1.216401e-03	1.710429e-03
2.900000e+01	3.000000e+01	3.903821e-03	1.027635e-03	1.478650e-03
3.000000e+01	3.100000e+01	3.353104e-03	8.868640e-04	1.224497e-03
3.100000e+01	3.200000e+01	2.875667e-03	7.627870e-04	1.068009e-03
3.200000e+01	3.300000e+01	2.468710e-03	6.469870e-04	9.240070e-04
3.300000e+01	3.400000e+01	2.145663e-03	5.758030e-04	7.905890e-04
3.400000e+01	3.500000e+01	1.839191e-03	4.845880e-04	7.047740e-04
3.500000e+01	3.600000e+01	1.617516e-03	4.373280e-04	5.796010e-04
3.600000e+01	3.700000e+01	1.389943e-03	3.602820e-04	5.143000e-04
3.700000e+01	3.800000e+01	1.224092e-03	3.364049e-04	4.637150e-04
3.800000e+01	3.900000e+01	1.072154e-03	2.938741e-04	4.108900e-04
3.900000e+01	4.000000e+01	9.410077e-04	2.552410e-04	3.445153e-04
4.000000e+01	4.100000e+01	8.207256e-04	2.187896e-04	3.292124e-04
4.100000e+01	4.200000e+01	7.197876e-04	1.826924e-04	2.747739e-04
4.200000e+01	4.300000e+01	6.547072e-04	1.791926e-04	2.268579e-04
4.300000e+01	4.400000e+01	5.664757e-04	1.455070e-04	2.255475e-04
4.400000e+01	4.500000e+01	5.026531e-04	1.328120e-04	1.964040e-04
4.500000e+01	4.600000e+01	4.469925e-04	1.195890e-04	1.745668e-04
4.600000e+01	4.700000e+01	4.026879e-04	1.049979e-04	1.552558e-04
4.700000e+01	4.800000e+01	3.583256e-04	9.348200e-05	1.398132e-04
4.800000e+01	4.900000e+01	3.218873e-04	8.846190e-05	1.234882e-04
4.900000e+01	5.000000e+01	2.906136e-04	7.997230e-05	1.135390e-04
5.000000e+01	5.100000e+01	2.569988e-04	6.592440e-05	1.005890e-04
5.100000e+01	5.200000e+01	2.362806e-04	6.510260e-05	8.817800e-05
5.200000e+01	5.300000e+01	2.150421e-04	6.067540e-05	7.920570e-05
5.300000e+01	5.400000e+01	1.932469e-04	5.126910e-05	7.255060e-05
5.400000e+01	5.500000e+01	1.741901e-04	4.649660e-05	6.536530e-05
5.500000e+01	5.600000e+01	1.592117e-04	4.312870e-05	6.014910e-05
5.600000e+01	5.700000e+01	1.478387e-04	4.181790e-05	5.266650e-05
5.700000e+01	5.800000e+01	1.306727e-04	3.294949e-05	5.336610e-05
5.800000e+01	5.900000e+01	1.206623e-04	3.252320e-05	4.722070e-05
5.900000e+01	6.000000e+01	1.121239e-04	3.002050e-05	4.080510e-05
6.000000e+01	6.100000e+01	1.038322e-04	2.879980e-05	3.813130e-05
6.100000e+01	6.200000e+01	9.587325e-05	2.886858e-05	3.502255e-05
6.200000e+01	6.300000e+01	8.595159e-05	2.180060e-05	3.524861e-05
6.300000e+01	6.400000e+01	8.073084e-05	2.136088e-05	3.320876e-05
6.400000e+01	6.500000e+01	7.387724e-05	1.918022e-05	3.309006e-05
6.500000e+01	6.600000e+01	7.042099e-05	1.858052e-05	2.801445e-05
6.600000e+01	6.700000e+01	6.643366e-05	1.755776e-05	2.723900e-05
6.700000e+01	6.800000e+01	6.164020e-05	1.626023e-05	2.588002e-05
6.800000e+01	6.900000e+01	5.884001e-05	1.569874e-05	2.498769e-05
6.900000e+01	7.000000e+01	5.806284e-05	1.567680e-05	1.955897e-05
7.000000e+01	7.100000e+01	5.405877e-05	1.441903e-05	2.208959e-05
7.100000e+01	7.200000e+01	5.314335e-05	1.355407e-05	2.163042e-05
7.200000e+01	7.300000e+01	5.211834e-05	1.301418e-05	2.021269e-05
7.300000e+01	7.400000e+01	5.261314e-05	1.435616e-05	2.217229e-05
7.400000e+01	7.500000e+01	5.407531e-05	1.376006e-05	1.889898e-05
7.500000e+01	7.600000e+01	5.631483e-05	1.427494e-05	1.970344e-05
7.600000e+01	7.700000e+01	6.047115e-05	1.320122e-05	2.110424e-05
7.700000e+01	7.800000e+01	6.949837e-05	1.417194e-05	1.951738e-05
7.800000e+01	7.900000e+01	8.515828e-05	1.294688e-05	1.968602e-05
7.900000e+01	8.000000e+01	1.188369e-04	6.652400e-06	1.424680e-05
8.000000e+01	8.100000e+01	1.733125e-04	4.214500e-06	8.920900e-06
8.100000e+01	8.200000e+01	1.595611e-04	2.188920e-05	1.753360e-05
8.200000e+01	8.300000e+01	1.134644e-04	2.355461e-05	2.212470e-05
8.300000e+01	8.400000e+01	8.597079e-05	2.184913e-05	2.112451e-05
8.400000e+01	8.500000e+01	6.620212e-05	1.671812e-05	1.952244e-05
8.500000e+01	8.600000e+01	5.277816e-05	1.527182e-05	1.835560e-05
8.600000e+01	8.700000e+01	4.413614e-05	1.126954e-05	1.490122e-05
8.700000e+01	8.800000e+01	3.951456e-05	1.092026e-05	1.448612e-05
8.800000e+01	8.900000e+01	3.796795e-05	8.439610e-06	1.132613e-05
8.900000e+01	9.000000e+01	3.970381e-05	7.602380e-06	9.864180e-06
9.000000e+01	9.100000e+01	4.700500e-05	4.530120e-06	9.094760e-06
9.100000e+01	9.200000e+01	5.586351e-05	4.833010e-06	7.515270e-06
9.200000e+01	9.300000e+01	4.868131e-05	7.985330e-06	9.477100e-06
9.300000e+01	9.400000e+01	3.736680e-05	8.509350e-06	8.658940e-06
9.400000e+01	9.500000e+01	2.888436e-05	6.865910e-06	8.227520e-06
9.500000e+01	9.600000e+01	2.433277e-05	7.470360e-06	6.425650e-06
9.600000e+01	9.700000e+01	1.842664e-05	5.309500e-06	6.772150e-06
9.700000e+01	9.800000e+01	1.513184e-05	4.024930e-06	5.980400e-06
9.800000e+01	9.900000e+01	1.309820e-05	3.789737e-06	5.246660e-06
9.900000e+01	1.000000e+02	1.095933e-05	2.600669e-06	4.841380e-06
# END HISTO1D

