# BEGIN PLOT
Rebin=2
DrawOnly=//homes/tinghua1/Merging-Project/Production/HJETS/ratio-plots/hjets-matched-errorband/H-N2-N3-4-25gev-combine.yoda/MC_H2JETS_07_INC/log10_d_23 //homes/tinghua1/Merging-Project/Production/HJETS/ratio-plots/hjets-matched-errorband/H-N2-3-4-25gev-combine.yoda/MC_H2JETS_07_INC/log10_d_23 //homes/tinghua1/Merging-Project/Production/HJETS/ratio-plots/hjets-matched-errorband/H-2-3-4-25gev-combine.yoda/MC_H2JETS_07_INC/log10_d_23 //homes/tinghua1/Merging-Project/Production/HJETS/ratio-plots/hjets-matched-errorband/H-N2-3-25gev-combine.yoda/MC_H2JETS_07_INC/log10_d_23 //homes/tinghua1/Merging-Project/Production/HJETS/ratio-plots/hjets-matched-errorband/H-2-3-25gev-combine.yoda/MC_H2JETS_07_INC/log10_d_23 //homes/tinghua1/Merging-Project/Production/HJETS/ratio-plots/hjets-matched-errorband/H3Jets-NLOPS-combine.yoda/MC_H2JETS_07_INC/log10_d_23 //homes/tinghua1/Merging-Project/Production/HJETS/ratio-plots/hjets-matched-errorband/H2Jets-NLOPS-combine.yoda/MC_H2JETS_07_INC/log10_d_23
RightMargin=0.5
RatioPlotReference=//homes/tinghua1/Merging-Project/Production/HJETS/ratio-plots/hjets-matched-errorband/H-N2-N3-4-25gev-combine.yoda/MC_H2JETS_07_INC/log10_d_23
#RatioPlot=1
LogY=1
RatioPlotYMax=1.6
#LegendOnly=//homes/tinghua1/Merging-Project/Production/HJETS/ratio-plots/hjets-matched-errorband/H-N2-N3-4-25gev-combine.yoda/MC_H2JETS_07_INC/log10_d_23 //homes/tinghua1/Merging-Project/Production/HJETS/ratio-plots/hjets-matched-errorband/H-N2-3-4-25gev-combine.yoda/MC_H2JETS_07_INC/log10_d_23 //homes/tinghua1/Merging-Project/Production/HJETS/ratio-plots/hjets-matched-errorband/H-2-3-4-25gev-combine.yoda/MC_H2JETS_07_INC/log10_d_23 //homes/tinghua1/Merging-Project/Production/HJETS/ratio-plots/hjets-matched-errorband/H-N2-3-25gev-combine.yoda/MC_H2JETS_07_INC/log10_d_23 //homes/tinghua1/Merging-Project/Production/HJETS/ratio-plots/hjets-matched-errorband/H-2-3-25gev-combine.yoda/MC_H2JETS_07_INC/log10_d_23 //homes/tinghua1/Merging-Project/Production/HJETS/ratio-plots/hjets-matched-errorband/H3Jets-NLOPS-combine.yoda/MC_H2JETS_07_INC/log10_d_23 //homes/tinghua1/Merging-Project/Production/HJETS/ratio-plots/hjets-matched-errorband/H2Jets-NLOPS-combine.yoda/MC_H2JETS_07_INC/log10_d_23
RatioPlotYLabel=Ratio
Scale=1000.0
XLabel=$\sqrt{d_{23}}$ (GeV)
LegendAlign=r
YLabel=$ \text{d} \sigma / \sqrt{d_{23}}$ (fb/GeV)
Legend=0
RatioPlot=6
MainPlotSelection={"Selection":[1,2,3,4,5,6,7]}
RatioPlots={"RatioPlotYLabel":"","Selection":[1,2]};{"RatioPlotYLabel":"","Selection":[1,3]};{"RatioPlotYLabel":"","Selection":[1,4]};{"RatioPlotYLabel":"","Selection":[1,5]};{"RatioPlotYLabel":"","Selection":[1,6]};{"RatioPlotYLabel":"","Selection":[1,7]}
RatioPlotSameStyle=1
RatioPlotYMin=0.0
# END PLOT


# BEGIN SPECIAL /MC_H2JETS_07_INC/log10_d_23
\rput[tl](0.05,0.75){\parbox{5cm}{\textcolor{gray}{{\bf Herwig 7.2.0} \\ HJETS/ColorFull}}}
# END SPECIAL

# BEGIN HISTO1D //homes/tinghua1/Merging-Project/Production/HJETS/ratio-plots/hjets-matched-errorband/H-N2-N3-4-25gev-combine.yoda/MC_H2JETS_07_INC/log10_d_23
ErrorBandColor=orange
ErrorBandOpacity=0.3
ErrorBands=1
ErrorType=env
LineColor=orange
LineStyle=solid
Path=//homes/tinghua1/Merging-Project/Production/HJETS/ratio-plots/hjets-matched-errorband/H-N2-N3-4-25gev-combine.yoda/MC_H2JETS_07_INC/log10_d_23
RatioPlotSameStyle=1
Title=h(2*,3*,4)
# xlow	 xhigh	 val	 errminus	 errplus
2.000000e-01	2.361292e-01	3.602221e+00	4.984375e-01	2.648474e-01
2.361291e-01	2.722583e-01	3.500728e+00	4.782281e-01	2.804878e-01
2.722583e-01	3.083875e-01	3.350673e+00	4.036386e-01	3.070876e-01
3.083874e-01	3.445165e-01	3.338766e+00	5.053987e-01	1.771315e-01
3.445165e-01	3.806457e-01	3.158121e+00	4.381284e-01	1.065841e-01
3.806457e-01	4.167748e-01	3.036655e+00	3.571442e-01	8.205297e-02
4.167748e-01	4.529039e-01	2.866850e+00	3.207221e-01	1.210160e-01
4.529039e-01	4.890331e-01	2.695625e+00	2.391404e-01	1.492845e-01
4.890331e-01	5.251621e-01	2.602675e+00	2.163201e-01	1.037302e-01
5.251623e-01	5.612913e-01	2.550276e+00	1.409169e-01	9.253178e-02
5.612913e-01	5.974205e-01	2.504732e+00	1.475308e-01	7.795246e-02
5.974204e-01	6.335495e-01	2.383649e+00	7.802519e-02	3.675707e-02
6.335497e-01	6.696787e-01	2.301437e+00	9.207813e-03	6.586104e-03
6.696787e-01	7.058079e-01	2.208633e+00	7.046793e-02	1.959938e-02
7.058080e-01	7.419370e-01	2.056976e+00	4.757190e-02	1.345730e-02
7.419370e-01	7.780660e-01	1.845250e+00	5.929625e-02	1.917039e-01
7.780661e-01	8.141953e-01	1.786444e+00	8.918299e-02	1.040568e-01
8.141954e-01	8.503245e-01	1.622247e+00	6.724828e-02	1.093988e-01
8.503244e-01	8.864534e-01	1.458086e+00	8.773399e-02	1.420492e-01
8.864535e-01	9.225827e-01	1.334707e+00	1.051161e-01	1.055003e-01
9.225828e-01	9.587118e-01	1.152368e+00	5.435729e-02	1.427608e-01
9.587118e-01	9.948408e-01	1.024332e+00	7.982928e-02	1.156691e-01
9.948404e-01	1.030970e+00	8.894276e-01	9.268872e-02	1.197356e-01
1.030970e+00	1.067098e+00	7.636165e-01	7.583935e-02	1.202992e-01
1.067100e+00	1.103228e+00	6.588226e-01	6.900495e-02	9.625259e-02
1.103229e+00	1.139358e+00	5.861269e-01	8.014587e-02	5.461845e-02
1.139357e+00	1.175487e+00	4.702444e-01	4.208386e-02	8.249128e-02
1.175487e+00	1.211615e+00	4.018835e-01	3.898641e-02	6.608984e-02
1.211617e+00	1.247745e+00	3.342495e-01	4.906778e-02	5.747101e-02
1.247746e+00	1.283875e+00	2.934681e-01	3.854065e-02	3.692740e-02
1.283874e+00	1.320002e+00	2.346298e-01	2.564621e-02	4.553683e-02
1.320002e+00	1.356131e+00	2.047701e-01	3.099541e-02	2.490379e-02
1.356132e+00	1.392261e+00	1.608707e-01	1.921946e-02	3.096739e-02
1.392261e+00	1.428391e+00	1.349343e-01	1.349186e-02	2.756095e-02
1.428391e+00	1.464519e+00	1.066583e-01	2.850286e-03	2.747873e-02
1.464519e+00	1.500648e+00	9.734986e-02	1.714958e-02	1.591951e-02
1.500649e+00	1.536778e+00	7.949381e-02	1.166227e-02	1.465465e-02
1.536778e+00	1.572906e+00	6.321700e-02	5.480307e-03	1.447170e-02
1.572906e+00	1.609035e+00	5.231698e-02	5.521575e-03	1.044441e-02
1.609036e+00	1.645165e+00	4.866467e-02	7.703977e-03	4.972792e-03
1.645165e+00	1.681293e+00	3.847505e-02	5.399541e-03	8.324808e-03
1.681294e+00	1.717424e+00	2.775644e-02	0.000000e+00	1.493756e-02
1.717423e+00	1.753552e+00	2.600843e-02	4.207985e-03	6.565712e-03
1.753553e+00	1.789682e+00	2.187636e-02	7.911373e-04	5.365607e-03
1.789682e+00	1.825811e+00	1.990047e-02	3.009723e-03	2.914041e-03
1.825812e+00	1.861940e+00	1.726671e-02	3.858864e-03	2.160528e-03
1.861940e+00	1.898069e+00	1.249862e-02	1.161862e-03	3.367035e-03
1.898069e+00	1.934198e+00	1.118294e-02	1.488533e-03	2.747250e-03
1.934198e+00	1.970328e+00	9.267470e-03	7.347301e-04	2.333161e-03
1.970329e+00	2.006458e+00	8.037264e-03	1.883623e-03	1.076368e-03
2.006458e+00	2.042587e+00	6.989230e-03	1.234446e-03	1.464779e-04
2.042585e+00	2.078714e+00	5.894226e-03	1.414775e-03	7.144289e-04
2.078715e+00	2.114844e+00	4.839359e-03	6.479255e-04	1.088679e-03
2.114845e+00	2.150974e+00	3.631363e-03	2.492513e-04	1.359847e-03
2.150972e+00	2.187101e+00	2.971450e-03	2.811758e-04	1.128528e-03
2.187102e+00	2.223231e+00	2.691379e-03	0.000000e+00	8.314058e-04
2.223231e+00	2.259361e+00	2.225015e-03	1.478965e-05	7.972466e-04
2.259362e+00	2.295491e+00	2.363191e-03	7.342473e-04	1.532730e-04
2.295489e+00	2.331618e+00	5.059105e-03	3.420107e-03	0.000000e+00
2.331619e+00	2.367748e+00	1.498689e-03	2.661557e-04	1.581837e-04
2.367749e+00	2.403878e+00	1.238959e-03	0.000000e+00	3.258122e-04
2.403876e+00	2.440005e+00	1.362597e-03	4.786119e-04	0.000000e+00
2.440006e+00	2.476135e+00	6.466609e-04	0.000000e+00	4.680570e-04
2.476135e+00	2.512265e+00	6.728334e-04	0.000000e+00	2.069958e-04
2.512266e+00	2.548395e+00	6.990636e-04	2.908948e-04	1.169836e-05
2.548393e+00	2.584522e+00	5.908519e-04	5.054750e-04	5.804080e-04
2.584523e+00	2.620652e+00	4.744754e-04	0.000000e+00	1.892524e-04
2.620653e+00	2.656782e+00	4.292715e-04	8.021728e-05	3.128235e-06
2.656780e+00	2.692909e+00	2.291378e-04	4.256996e-04	1.221406e-04
2.692910e+00	2.729039e+00	2.805956e-04	2.022110e-05	8.221539e-05
2.729040e+00	2.765169e+00	2.304010e-04	1.632482e-04	8.010056e-05
2.765168e+00	2.801298e+00	2.153251e-04	9.127996e-05	3.500913e-06
2.801297e+00	2.837426e+00	2.016979e-04	6.782430e-05	2.525920e-04
2.837427e+00	2.873556e+00	1.479259e-04	8.990556e-05	0.000000e+00
2.873557e+00	2.909686e+00	1.475176e-04	1.101160e-05	3.405934e-06
2.909686e+00	2.945815e+00	1.063060e-04	0.000000e+00	2.491627e-05
2.945813e+00	2.981942e+00	1.069898e-04	2.057837e-05	0.000000e+00
2.981943e+00	3.018072e+00	1.593207e-04	1.101378e-04	0.000000e+00
3.018072e+00	3.054202e+00	7.684329e-05	9.441212e-06	4.246333e-07
3.054203e+00	3.090332e+00	3.987766e-05	0.000000e+00	1.013493e-05
3.090330e+00	3.126459e+00	5.225877e-05	1.533425e-05	1.857898e-06
3.126460e+00	3.162589e+00	4.714733e-05	9.836696e-06	0.000000e+00
3.162590e+00	3.198719e+00	3.390238e-05	8.069404e-06	8.357746e-06
3.198717e+00	3.234846e+00	3.096997e-05	1.408197e-05	4.414736e-08
3.234847e+00	3.270976e+00	2.424962e-05	9.976952e-06	5.035141e-06
3.270977e+00	3.307106e+00	2.032404e-05	0.000000e+00	2.021345e-05
3.307105e+00	3.343235e+00	2.663551e-05	1.167535e-05	0.000000e+00
3.343234e+00	3.379363e+00	1.236885e-05	1.515564e-06	0.000000e+00
3.379364e+00	3.415493e+00	1.230926e-05	0.000000e+00	6.654936e-06
3.415494e+00	3.451623e+00	1.157126e-05	2.020144e-06	0.000000e+00
3.451621e+00	3.487750e+00	1.235431e-05	5.858305e-06	1.111632e-05
3.487751e+00	3.523880e+00	8.447535e-06	0.000000e+00	2.846348e-06
3.523881e+00	3.560010e+00	3.583149e-06	0.000000e+00	4.088967e-06
3.560009e+00	3.596139e+00	2.141487e-06	1.239973e-06	2.594591e-06
3.596138e+00	3.632267e+00	4.276221e-06	2.940321e-06	0.000000e+00
3.632268e+00	3.668397e+00	2.903435e-06	1.000608e-06	2.868444e-07
3.668398e+00	3.704527e+00	2.494877e-07	0.000000e+00	2.599775e-06
3.704525e+00	3.740654e+00	8.027914e-06	5.768018e-06	0.000000e+00
3.740655e+00	3.776784e+00	3.135096e-06	1.142931e-06	0.000000e+00
3.776785e+00	3.812914e+00	1.690686e-06	2.141150e-06	2.006128e-07
# END HISTO1D


# BEGIN HISTO1D //homes/tinghua1/Merging-Project/Production/HJETS/ratio-plots/hjets-matched-errorband/H-N2-3-4-25gev-combine.yoda/MC_H2JETS_07_INC/log10_d_23
ErrorBandColor=blue
ErrorBandOpacity=0.3
ErrorBands=1
ErrorType=env
LineColor=blue
LineStyle=solid
Path=//homes/tinghua1/Merging-Project/Production/HJETS/ratio-plots/hjets-matched-errorband/H-N2-3-4-25gev-combine.yoda/MC_H2JETS_07_INC/log10_d_23
RatioPlotSameStyle=1
Title=h(2*,3,4)
# xlow	 xhigh	 val	 errminus	 errplus
2.000000e-01	2.361292e-01	3.589519e+00	5.342591e-01	2.854154e-01
2.361291e-01	2.722583e-01	3.499026e+00	5.125632e-01	2.477138e-01
2.722583e-01	3.083875e-01	3.389473e+00	4.777783e-01	2.596882e-01
3.083874e-01	3.445165e-01	3.272002e+00	4.436535e-01	2.176334e-01
3.445165e-01	3.806457e-01	3.140366e+00	4.037186e-01	1.941200e-01
3.806457e-01	4.167748e-01	2.979155e+00	3.294295e-01	1.958034e-01
4.167748e-01	4.529039e-01	2.839564e+00	2.981062e-01	1.656144e-01
4.529039e-01	4.890331e-01	2.696054e+00	2.420120e-01	1.272215e-01
4.890331e-01	5.251621e-01	2.604431e+00	2.170577e-01	1.251830e-01
5.251623e-01	5.612913e-01	2.554942e+00	1.873750e-01	1.219341e-01
5.612913e-01	5.974205e-01	2.476371e+00	1.205742e-01	6.648528e-02
5.974204e-01	6.335495e-01	2.381987e+00	5.670194e-02	4.964419e-02
6.335497e-01	6.696787e-01	2.292313e+00	2.037471e-02	0.000000e+00
6.696787e-01	7.058079e-01	2.173970e+00	5.758223e-03	3.101508e-02
7.058080e-01	7.419370e-01	2.055887e+00	3.766161e-02	5.964500e-02
7.419370e-01	7.780660e-01	1.912970e+00	5.591227e-02	9.581611e-02
7.780661e-01	8.141953e-01	1.768905e+00	7.373233e-02	1.140130e-01
8.141954e-01	8.503245e-01	1.619899e+00	8.755020e-02	1.497729e-01
8.503244e-01	8.864534e-01	1.459167e+00	8.262896e-02	1.438923e-01
8.864535e-01	9.225827e-01	1.313909e+00	9.519447e-02	1.410701e-01
9.225828e-01	9.587118e-01	1.162917e+00	9.247947e-02	1.345093e-01
9.587118e-01	9.948408e-01	1.017176e+00	8.222375e-02	1.327531e-01
9.948404e-01	1.030970e+00	8.958720e-01	8.267186e-02	1.180636e-01
1.030970e+00	1.067098e+00	7.645293e-01	7.694152e-02	1.110200e-01
1.067100e+00	1.103228e+00	6.533231e-01	6.155415e-02	1.239464e-01
1.103229e+00	1.139358e+00	5.587315e-01	5.574774e-02	9.228736e-02
1.139357e+00	1.175487e+00	4.779264e-01	5.284141e-02	7.132715e-02
1.175487e+00	1.211615e+00	4.005619e-01	4.270807e-02	6.506242e-02
1.211617e+00	1.247745e+00	3.377046e-01	3.966398e-02	5.458579e-02
1.247746e+00	1.283875e+00	2.847203e-01	3.420518e-02	4.688394e-02
1.283874e+00	1.320002e+00	2.349467e-01	2.622616e-02	4.207648e-02
1.320002e+00	1.356131e+00	1.963405e-01	2.217294e-02	3.579817e-02
1.356132e+00	1.392261e+00	1.636027e-01	1.918974e-02	2.781046e-02
1.392261e+00	1.428391e+00	1.370722e-01	1.712599e-02	2.382604e-02
1.428391e+00	1.464519e+00	1.142779e-01	1.391099e-02	1.949229e-02
1.464519e+00	1.500648e+00	9.511340e-02	3.461762e-03	1.912004e-02
1.500649e+00	1.536778e+00	7.911168e-02	9.008387e-03	1.552996e-02
1.536778e+00	1.572906e+00	6.662628e-02	9.962025e-03	1.292947e-02
1.572906e+00	1.609035e+00	5.386795e-02	7.219048e-03	1.187069e-02
1.609036e+00	1.645165e+00	4.554278e-02	4.715935e-03	1.008531e-02
1.645165e+00	1.681293e+00	3.773946e-02	3.364666e-03	7.971740e-03
1.681294e+00	1.717424e+00	3.165804e-02	2.645779e-03	6.416496e-03
1.717423e+00	1.753552e+00	2.683540e-02	3.385333e-03	4.872172e-03
1.753553e+00	1.789682e+00	2.288867e-02	3.136187e-03	3.137884e-03
1.789682e+00	1.825811e+00	1.852431e-02	2.104312e-03	4.217194e-03
1.825812e+00	1.861940e+00	1.640665e-02	2.141775e-03	2.293886e-03
1.861940e+00	1.898069e+00	1.314705e-02	1.310374e-03	3.375325e-03
1.898069e+00	1.934198e+00	1.032732e-02	2.386974e-04	3.190617e-03
1.934198e+00	1.970328e+00	9.392419e-03	1.513889e-03	2.208669e-03
1.970329e+00	2.006458e+00	7.790938e-03	8.823632e-04	1.646907e-03
2.006458e+00	2.042587e+00	6.529118e-03	3.059232e-04	1.716314e-03
2.042585e+00	2.078714e+00	5.548927e-03	7.202192e-04	1.039027e-03
2.078715e+00	2.114844e+00	4.560436e-03	0.000000e+00	1.177049e-03
2.114845e+00	2.150974e+00	3.983647e-03	3.903457e-04	1.078602e-03
2.150972e+00	2.187101e+00	3.275020e-03	6.497155e-04	8.165324e-04
2.187102e+00	2.223231e+00	2.767848e-03	5.463229e-05	6.164081e-04
2.223231e+00	2.259361e+00	2.423424e-03	2.453457e-04	5.986767e-04
2.259362e+00	2.295491e+00	2.111546e-03	3.014044e-04	3.467995e-04
2.295489e+00	2.331618e+00	1.739924e-03	2.440527e-04	3.722708e-04
2.331619e+00	2.367748e+00	1.350929e-03	6.996429e-05	3.917916e-04
2.367749e+00	2.403878e+00	1.361869e-03	2.175264e-04	1.154430e-04
2.403876e+00	2.440005e+00	9.583470e-04	4.969941e-05	2.910723e-04
2.440006e+00	2.476135e+00	8.491602e-04	1.307304e-04	1.776119e-04
2.476135e+00	2.512265e+00	7.749397e-04	1.462898e-04	1.062541e-04
2.512266e+00	2.548395e+00	6.962631e-04	4.996651e-05	3.038639e-05
2.548393e+00	2.584522e+00	5.635163e-04	9.117080e-05	5.639209e-05
2.584523e+00	2.620652e+00	2.889568e-04	0.000000e+00	2.249268e-04
2.620653e+00	2.656782e+00	3.578801e-04	0.000000e+00	8.974563e-05
2.656780e+00	2.692909e+00	3.252000e-04	2.487835e-05	4.499294e-05
2.692910e+00	2.729039e+00	2.896017e-04	6.948280e-05	5.245288e-05
2.729040e+00	2.765169e+00	2.206253e-04	1.340117e-05	5.056711e-05
2.765168e+00	2.801298e+00	2.004781e-04	2.865392e-05	3.979726e-05
2.801297e+00	2.837426e+00	1.273641e-04	0.000000e+00	9.571267e-05
2.837427e+00	2.873556e+00	1.219799e-04	0.000000e+00	2.229558e-05
2.873557e+00	2.909686e+00	1.185371e-04	3.255548e-05	6.834607e-05
2.909686e+00	2.945815e+00	9.681727e-05	4.540325e-05	1.692673e-05
2.945813e+00	2.981942e+00	8.040383e-05	0.000000e+00	1.537034e-05
2.981943e+00	3.018072e+00	7.003665e-05	9.820034e-06	3.830109e-05
3.018072e+00	3.054202e+00	7.584257e-05	1.794564e-05	9.548242e-06
3.054203e+00	3.090332e+00	4.968170e-05	8.158792e-06	8.284730e-06
3.090330e+00	3.126459e+00	3.366490e-05	0.000000e+00	3.968383e-05
3.126460e+00	3.162589e+00	4.031224e-05	1.007559e-05	5.295663e-06
3.162590e+00	3.198719e+00	3.515057e-05	1.719381e-05	5.220045e-06
3.198717e+00	3.234846e+00	3.302699e-05	1.306314e-05	0.000000e+00
3.234847e+00	3.270976e+00	2.675260e-05	9.383523e-06	1.039420e-05
3.270977e+00	3.307106e+00	1.469590e-05	0.000000e+00	9.247067e-06
3.307105e+00	3.343235e+00	1.513939e-05	8.594797e-08	7.200047e-06
3.343234e+00	3.379363e+00	3.156999e-06	0.000000e+00	1.211987e-05
3.379364e+00	3.415493e+00	7.717878e-06	0.000000e+00	4.667397e-06
3.415494e+00	3.451623e+00	7.628539e-06	0.000000e+00	4.247073e-06
3.451621e+00	3.487750e+00	1.118998e-05	3.186847e-06	1.457751e-06
3.487751e+00	3.523880e+00	5.587423e-06	6.180354e-07	1.028626e-05
3.523881e+00	3.560010e+00	5.951942e-06	2.162944e-07	2.092912e-06
3.560009e+00	3.596139e+00	8.747883e-06	9.904048e-06	0.000000e+00
3.596138e+00	3.632267e+00	2.830422e-06	5.874480e-07	1.997711e-06
3.632268e+00	3.668397e+00	3.754394e-06	0.000000e+00	6.493482e-07
3.668398e+00	3.704527e+00	2.336576e-06	9.119876e-08	3.698608e-08
3.704525e+00	3.740654e+00	2.670263e-06	1.656599e-06	1.484984e-06
3.740655e+00	3.776784e+00	2.180685e-06	5.258360e-07	1.029896e-06
3.776785e+00	3.812914e+00	6.672681e-06	5.782230e-06	0.000000e+00
# END HISTO1D


# BEGIN HISTO1D //homes/tinghua1/Merging-Project/Production/HJETS/ratio-plots/hjets-matched-errorband/H-2-3-4-25gev-combine.yoda/MC_H2JETS_07_INC/log10_d_23
ErrorBandColor=yellow
ErrorBandOpacity=0.3
ErrorBands=1
ErrorType=env
LineColor=yellow
LineStyle=solid
Path=//homes/tinghua1/Merging-Project/Production/HJETS/ratio-plots/hjets-matched-errorband/H-2-3-4-25gev-combine.yoda/MC_H2JETS_07_INC/log10_d_23
RatioPlotSameStyle=1
Title=h(2,3,4)
# xlow	 xhigh	 val	 errminus	 errplus
2.000000e-01	2.361292e-01	3.400865e+00	5.429889e-01	2.567210e-01
2.361291e-01	2.722583e-01	3.310381e+00	5.166181e-01	2.441294e-01
2.722583e-01	3.083875e-01	3.198377e+00	4.732803e-01	2.547863e-01
3.083874e-01	3.445165e-01	3.087663e+00	4.497375e-01	2.097589e-01
3.445165e-01	3.806457e-01	2.951853e+00	3.969828e-01	1.962236e-01
3.806457e-01	4.167748e-01	2.806004e+00	3.401231e-01	1.905943e-01
4.167748e-01	4.529039e-01	2.673273e+00	3.041327e-01	1.570908e-01
4.529039e-01	4.890331e-01	2.542186e+00	2.564172e-01	1.292902e-01
4.890331e-01	5.251621e-01	2.447702e+00	2.096122e-01	1.146228e-01
5.251623e-01	5.612913e-01	2.395328e+00	1.735047e-01	9.256112e-02
5.612913e-01	5.974205e-01	2.329214e+00	1.293494e-01	6.575540e-02
5.974204e-01	6.335495e-01	2.242562e+00	7.410813e-02	4.129026e-02
6.335497e-01	6.696787e-01	2.152410e+00	3.512100e-02	1.059617e-02
6.696787e-01	7.058079e-01	2.049553e+00	1.639256e-02	6.961959e-03
7.058080e-01	7.419370e-01	1.931219e+00	4.090858e-02	5.205914e-02
7.419370e-01	7.780660e-01	1.800640e+00	5.375445e-02	8.018716e-02
7.780661e-01	8.141953e-01	1.664902e+00	7.500221e-02	1.002602e-01
8.141954e-01	8.503245e-01	1.519627e+00	7.991951e-02	1.159924e-01
8.503244e-01	8.864534e-01	1.374225e+00	8.445934e-02	1.271775e-01
8.864535e-01	9.225827e-01	1.227140e+00	9.571399e-02	1.258885e-01
9.225828e-01	9.587118e-01	1.086876e+00	8.842069e-02	1.284145e-01
9.587118e-01	9.948408e-01	9.556657e-01	8.399877e-02	1.155908e-01
9.948404e-01	1.030970e+00	8.282409e-01	7.413941e-02	1.139486e-01
1.030970e+00	1.067098e+00	7.140037e-01	6.533533e-02	1.020955e-01
1.067100e+00	1.103228e+00	6.109004e-01	5.788785e-02	9.460876e-02
1.103229e+00	1.139358e+00	5.244623e-01	5.898309e-02	7.687370e-02
1.139357e+00	1.175487e+00	4.423202e-01	4.990590e-02	6.920371e-02
1.175487e+00	1.211615e+00	3.722367e-01	4.277533e-02	6.000111e-02
1.211617e+00	1.247745e+00	3.129420e-01	3.599269e-02	5.188740e-02
1.247746e+00	1.283875e+00	2.617019e-01	3.117858e-02	4.520089e-02
1.283874e+00	1.320002e+00	2.187509e-01	2.439663e-02	3.916383e-02
1.320002e+00	1.356131e+00	1.825154e-01	2.105433e-02	3.137554e-02
1.356132e+00	1.392261e+00	1.500552e-01	1.485768e-02	2.775230e-02
1.392261e+00	1.428391e+00	1.264903e-01	1.462906e-02	2.237357e-02
1.428391e+00	1.464519e+00	1.058112e-01	1.341861e-02	1.798647e-02
1.464519e+00	1.500648e+00	8.808340e-02	1.076072e-02	1.507241e-02
1.500649e+00	1.536778e+00	7.271953e-02	8.434914e-03	1.371624e-02
1.536778e+00	1.572906e+00	5.966636e-02	7.291123e-03	1.201583e-02
1.572906e+00	1.609035e+00	5.062786e-02	5.923275e-03	9.414404e-03
1.609036e+00	1.645165e+00	4.226361e-02	4.427247e-03	7.925987e-03
1.645165e+00	1.681293e+00	3.485042e-02	3.353096e-03	7.042542e-03
1.681294e+00	1.717424e+00	2.932134e-02	3.250426e-03	6.170745e-03
1.717423e+00	1.753552e+00	2.449982e-02	2.665582e-03	4.795674e-03
1.753553e+00	1.789682e+00	2.089036e-02	2.272941e-03	3.853328e-03
1.789682e+00	1.825811e+00	1.757466e-02	2.077893e-03	3.349766e-03
1.825812e+00	1.861940e+00	1.463016e-02	1.523704e-03	3.098724e-03
1.861940e+00	1.898069e+00	1.211528e-02	9.760802e-04	2.874145e-03
1.898069e+00	1.934198e+00	1.005479e-02	7.528883e-04	2.192837e-03
1.934198e+00	1.970328e+00	7.823900e-03	0.000000e+00	2.576457e-03
1.970329e+00	2.006458e+00	7.103919e-03	6.552299e-04	1.594052e-03
2.006458e+00	2.042587e+00	6.194816e-03	6.564145e-04	1.131324e-03
2.042585e+00	2.078714e+00	5.358867e-03	5.832185e-04	8.726895e-04
2.078715e+00	2.114844e+00	4.387561e-03	5.021313e-04	8.773894e-04
2.114845e+00	2.150974e+00	3.558061e-03	2.840654e-05	8.085582e-04
2.150972e+00	2.187101e+00	3.337610e-03	5.325113e-04	2.513908e-04
2.187102e+00	2.223231e+00	2.652881e-03	2.779648e-04	4.424473e-04
2.223231e+00	2.259361e+00	2.193964e-03	1.540457e-04	5.525422e-04
2.259362e+00	2.295491e+00	1.943909e-03	2.418373e-04	2.837275e-04
2.295489e+00	2.331618e+00	1.615282e-03	2.172759e-04	2.953586e-04
2.331619e+00	2.367748e+00	1.307834e-03	4.669656e-05	3.016732e-04
2.367749e+00	2.403878e+00	1.117419e-03	1.768211e-04	2.720183e-04
2.403876e+00	2.440005e+00	9.972020e-04	1.921567e-04	1.270500e-04
2.440006e+00	2.476135e+00	7.488591e-04	0.000000e+00	2.404841e-04
2.476135e+00	2.512265e+00	7.160706e-04	1.021890e-04	7.019707e-05
2.512266e+00	2.548395e+00	5.454596e-04	2.321625e-05	1.841980e-04
2.548393e+00	2.584522e+00	4.887329e-04	7.770904e-05	7.278142e-05
2.584523e+00	2.620652e+00	4.326486e-04	1.021454e-04	7.288328e-05
2.620653e+00	2.656782e+00	3.465811e-04	1.797642e-05	6.745025e-05
2.656780e+00	2.692909e+00	2.850126e-04	0.000000e+00	8.205929e-05
2.692910e+00	2.729039e+00	2.374833e-04	0.000000e+00	5.673188e-05
2.729040e+00	2.765169e+00	2.185536e-04	3.617903e-05	4.970677e-05
2.765168e+00	2.801298e+00	1.872641e-04	2.472917e-05	1.727620e-05
2.801297e+00	2.837426e+00	1.511361e-04	1.356279e-05	4.103607e-05
2.837427e+00	2.873556e+00	1.317146e-04	1.222007e-05	1.544396e-05
2.873557e+00	2.909686e+00	1.027747e-04	9.152980e-06	3.262620e-05
2.909686e+00	2.945815e+00	9.681890e-05	6.448947e-06	3.597819e-05
2.945813e+00	2.981942e+00	8.613197e-05	1.496798e-05	1.414418e-05
2.981943e+00	3.018072e+00	5.851634e-05	1.738963e-06	5.159445e-05
3.018072e+00	3.054202e+00	5.151409e-05	6.450733e-06	1.341713e-05
3.054203e+00	3.090332e+00	4.574638e-05	0.000000e+00	6.734756e-06
3.090330e+00	3.126459e+00	4.166979e-05	6.707825e-06	2.719751e-05
3.126460e+00	3.162589e+00	3.261867e-05	6.949542e-07	6.006338e-06
3.162590e+00	3.198719e+00	2.631823e-05	9.115212e-06	7.426851e-06
3.198717e+00	3.234846e+00	2.582563e-05	5.463533e-06	0.000000e+00
3.234847e+00	3.270976e+00	2.268900e-05	1.406599e-06	2.162648e-06
3.270977e+00	3.307106e+00	1.831016e-05	3.113391e-06	3.500407e-06
3.307105e+00	3.343235e+00	1.237974e-05	6.063288e-06	6.184531e-06
3.343234e+00	3.379363e+00	1.163565e-05	9.216502e-07	5.361983e-06
3.379364e+00	3.415493e+00	1.327050e-05	4.856498e-06	0.000000e+00
3.415494e+00	3.451623e+00	9.408093e-06	1.209458e-06	0.000000e+00
3.451621e+00	3.487750e+00	5.858449e-06	0.000000e+00	5.665114e-06
3.487751e+00	3.523880e+00	8.075120e-06	3.938736e-06	0.000000e+00
3.523881e+00	3.560010e+00	5.242827e-06	2.492492e-06	5.598738e-06
3.560009e+00	3.596139e+00	6.078458e-06	5.006697e-06	0.000000e+00
3.596138e+00	3.632267e+00	3.749871e-06	2.920460e-06	1.882145e-09
3.632268e+00	3.668397e+00	5.696167e-06	3.020951e-06	0.000000e+00
3.668398e+00	3.704527e+00	2.768361e-06	6.068762e-07	8.278198e-07
3.704525e+00	3.740654e+00	2.108270e-06	3.077746e-07	4.469235e-08
3.740655e+00	3.776784e+00	1.959655e-06	2.564057e-07	0.000000e+00
3.776785e+00	3.812914e+00	2.826353e-06	1.332143e-05	0.000000e+00
# END HISTO1D


# BEGIN HISTO1D //homes/tinghua1/Merging-Project/Production/HJETS/ratio-plots/hjets-matched-errorband/H-N2-3-25gev-combine.yoda/MC_H2JETS_07_INC/log10_d_23
ErrorBandColor=green
ErrorBandOpacity=0.3
ErrorBands=1
ErrorType=env
LineColor=green
LineStyle=solid
Path=//homes/tinghua1/Merging-Project/Production/HJETS/ratio-plots/hjets-matched-errorband/H-N2-3-25gev-combine.yoda/MC_H2JETS_07_INC/log10_d_23
RatioPlotSameStyle=1
Title=h(2*,3)
# xlow	 xhigh	 val	 errminus	 errplus
2.000000e-01	2.361292e-01	3.609924e+00	5.594299e-01	2.424694e-01
2.361291e-01	2.722583e-01	3.502577e+00	5.124885e-01	2.597982e-01
2.722583e-01	3.083875e-01	3.396794e+00	4.938180e-01	2.446753e-01
3.083874e-01	3.445165e-01	3.271493e+00	4.468005e-01	2.175061e-01
3.445165e-01	3.806457e-01	3.127171e+00	3.909436e-01	2.121082e-01
3.806457e-01	4.167748e-01	2.984137e+00	3.406545e-01	1.942866e-01
4.167748e-01	4.529039e-01	2.849683e+00	2.950954e-01	1.439338e-01
4.529039e-01	4.890331e-01	2.691642e+00	2.414335e-01	1.307424e-01
4.890331e-01	5.251621e-01	2.597134e+00	2.044070e-01	1.149223e-01
5.251623e-01	5.612913e-01	2.525549e+00	1.445779e-01	1.056417e-01
5.612913e-01	5.974205e-01	2.470085e+00	1.138813e-01	5.968524e-02
5.974204e-01	6.335495e-01	2.396087e+00	7.138844e-02	2.186935e-02
6.335497e-01	6.696787e-01	2.293041e+00	1.850530e-02	3.414976e-03
6.696787e-01	7.058079e-01	2.175049e+00	1.899848e-02	3.613614e-02
7.058080e-01	7.419370e-01	2.044387e+00	3.688467e-02	7.323819e-02
7.419370e-01	7.780660e-01	1.917032e+00	6.506694e-02	1.027319e-01
7.780661e-01	8.141953e-01	1.768954e+00	6.302548e-02	1.250556e-01
8.141954e-01	8.503245e-01	1.624200e+00	6.497117e-02	1.329444e-01
8.503244e-01	8.864534e-01	1.463911e+00	9.257579e-02	1.386420e-01
8.864535e-01	9.225827e-01	1.311224e+00	9.293868e-02	1.410419e-01
9.225828e-01	9.587118e-01	1.162982e+00	9.431511e-02	1.578819e-01
9.587118e-01	9.948408e-01	1.023993e+00	8.809990e-02	1.248083e-01
9.948404e-01	1.030970e+00	8.899325e-01	8.040804e-02	1.215845e-01
1.030970e+00	1.067098e+00	7.696820e-01	5.786460e-02	1.087379e-01
1.067100e+00	1.103228e+00	6.601899e-01	6.555011e-02	9.015915e-02
1.103229e+00	1.139358e+00	5.614916e-01	5.875280e-02	8.527720e-02
1.139357e+00	1.175487e+00	4.739970e-01	5.099336e-02	7.652256e-02
1.175487e+00	1.211615e+00	4.653876e-01	1.082302e-01	3.675441e-03
1.211617e+00	1.247745e+00	3.399848e-01	4.020787e-02	5.306956e-02
1.247746e+00	1.283875e+00	2.827607e-01	2.971068e-02	5.028564e-02
1.283874e+00	1.320002e+00	2.222665e-01	1.215085e-02	5.726522e-02
1.320002e+00	1.356131e+00	1.973936e-01	2.310083e-02	3.376670e-02
1.356132e+00	1.392261e+00	1.642506e-01	1.866335e-02	2.952683e-02
1.392261e+00	1.428391e+00	1.368556e-01	1.482427e-02	2.453867e-02
1.428391e+00	1.464519e+00	1.175541e-01	1.675629e-02	1.765665e-02
1.464519e+00	1.500648e+00	9.454483e-02	1.105865e-02	1.875906e-02
1.500649e+00	1.536778e+00	7.846829e-02	8.686318e-03	1.496247e-02
1.536778e+00	1.572906e+00	6.497824e-02	6.344045e-03	1.325442e-02
1.572906e+00	1.609035e+00	5.446340e-02	5.905588e-03	1.143198e-02
1.609036e+00	1.645165e+00	4.540433e-02	4.421462e-03	9.391957e-03
1.645165e+00	1.681293e+00	3.879022e-02	4.773257e-03	6.654350e-03
1.681294e+00	1.717424e+00	3.170936e-02	4.070949e-03	7.036673e-03
1.717423e+00	1.753552e+00	2.694732e-02	2.777129e-03	5.745000e-03
1.753553e+00	1.789682e+00	2.230059e-02	2.648343e-03	4.406557e-03
1.789682e+00	1.825811e+00	1.880905e-02	1.905098e-03	4.022544e-03
1.825812e+00	1.861940e+00	1.641636e-02	1.775657e-03	2.606181e-03
1.861940e+00	1.898069e+00	1.309064e-02	1.350718e-03	2.935193e-03
1.898069e+00	1.934198e+00	1.133002e-02	1.764048e-03	2.341487e-03
1.934198e+00	1.970328e+00	9.713083e-03	1.217072e-03	1.257603e-03
1.970329e+00	2.006458e+00	7.904404e-03	8.855352e-04	1.767832e-03
2.006458e+00	2.042587e+00	6.718597e-03	7.555897e-04	1.023942e-03
2.042585e+00	2.078714e+00	5.719046e-03	6.649617e-04	1.232193e-03
2.078715e+00	2.114844e+00	5.436300e-03	1.324576e-03	5.922998e-04
2.114845e+00	2.150974e+00	3.856990e-03	1.032190e-04	1.124803e-03
2.150972e+00	2.187101e+00	3.392380e-03	0.000000e+00	9.851200e-04
2.187102e+00	2.223231e+00	2.987118e-03	3.693872e-04	3.689529e-04
2.223231e+00	2.259361e+00	2.356817e-03	2.468428e-04	4.884199e-04
2.259362e+00	2.295491e+00	1.959407e-03	1.530770e-04	6.494608e-04
2.295489e+00	2.331618e+00	1.629627e-03	6.033602e-05	3.582084e-04
2.331619e+00	2.367748e+00	1.473850e-03	1.619688e-04	1.834197e-04
2.367749e+00	2.403878e+00	1.179508e-03	1.333081e-04	2.024033e-04
2.403876e+00	2.440005e+00	1.009826e-03	6.422265e-05	2.503166e-04
2.440006e+00	2.476135e+00	8.146018e-04	0.000000e+00	3.395704e-04
2.476135e+00	2.512265e+00	7.562721e-04	5.525076e-05	1.352715e-04
2.512266e+00	2.548395e+00	6.014620e-04	7.860445e-05	1.232652e-04
2.548393e+00	2.584522e+00	5.712799e-04	1.254610e-04	6.050181e-05
2.584523e+00	2.620652e+00	4.324194e-04	5.708572e-05	1.171380e-04
2.620653e+00	2.656782e+00	4.013723e-04	6.271582e-05	2.864652e-05
2.656780e+00	2.692909e+00	4.396183e-04	1.637907e-04	0.000000e+00
2.692910e+00	2.729039e+00	2.580239e-04	0.000000e+00	8.713100e-05
2.729040e+00	2.765169e+00	2.180052e-04	1.596377e-05	7.701376e-05
2.765168e+00	2.801298e+00	1.966883e-04	7.675810e-06	6.113615e-05
2.801297e+00	2.837426e+00	1.910542e-04	7.928036e-06	1.883564e-05
2.837427e+00	2.873556e+00	1.426390e-04	1.976659e-05	1.017274e-05
2.873557e+00	2.909686e+00	1.251171e-04	4.120413e-05	7.963658e-06
2.909686e+00	2.945815e+00	9.158114e-05	9.574608e-06	2.243707e-05
2.945813e+00	2.981942e+00	1.039465e-04	1.935268e-05	0.000000e+00
2.981943e+00	3.018072e+00	6.387813e-05	0.000000e+00	2.390501e-05
3.018072e+00	3.054202e+00	7.091838e-05	1.594863e-05	7.572128e-06
3.054203e+00	3.090332e+00	5.990409e-05	2.220978e-05	5.109801e-06
3.090330e+00	3.126459e+00	4.068516e-05	3.921088e-06	7.973373e-06
3.126460e+00	3.162589e+00	2.483715e-05	0.000000e+00	2.341617e-05
3.162590e+00	3.198719e+00	2.760313e-05	1.865399e-06	9.818940e-06
3.198717e+00	3.234846e+00	2.330691e-05	1.226828e-05	1.050621e-05
3.234847e+00	3.270976e+00	3.159498e-05	1.116299e-05	0.000000e+00
3.270977e+00	3.307106e+00	1.902451e-05	0.000000e+00	5.846738e-06
3.307105e+00	3.343235e+00	9.800966e-06	1.053839e-06	2.294293e-06
3.343234e+00	3.379363e+00	1.165794e-05	3.946276e-07	2.961621e-06
3.379364e+00	3.415493e+00	9.071112e-06	0.000000e+00	1.784863e-06
3.415494e+00	3.451623e+00	6.103833e-06	0.000000e+00	2.608758e-06
3.451621e+00	3.487750e+00	-1.350698e-06	0.000000e+00	1.111735e-05
3.487751e+00	3.523880e+00	6.619965e-06	1.091370e-06	3.122068e-06
3.523881e+00	3.560010e+00	2.111002e-06	3.597562e-06	1.546046e-05
3.560009e+00	3.596139e+00	5.282632e-06	9.853833e-07	3.690839e-06
3.596138e+00	3.632267e+00	5.220704e-06	2.293955e-06	0.000000e+00
3.632268e+00	3.668397e+00	1.770243e-06	0.000000e+00	3.092059e-06
3.668398e+00	3.704527e+00	2.857832e-06	7.864998e-07	0.000000e+00
3.704525e+00	3.740654e+00	1.747038e-06	6.549384e-07	1.673250e-06
3.740655e+00	3.776784e+00	2.899593e-06	1.332964e-06	7.193722e-07
3.776785e+00	3.812914e+00	1.925137e-06	0.000000e+00	9.605721e-07
# END HISTO1D


# BEGIN HISTO1D //homes/tinghua1/Merging-Project/Production/HJETS/ratio-plots/hjets-matched-errorband/H-2-3-25gev-combine.yoda/MC_H2JETS_07_INC/log10_d_23
ErrorBandColor=purple
ErrorBandOpacity=0.3
ErrorBands=1
ErrorType=env
LineColor=purple
LineStyle=solid
Path=//homes/tinghua1/Merging-Project/Production/HJETS/ratio-plots/hjets-matched-errorband/H-2-3-25gev-combine.yoda/MC_H2JETS_07_INC/log10_d_23
RatioPlotSameStyle=1
Title=h(2,3)
# xlow	 xhigh	 val	 errminus	 errplus
2.000000e-01	2.361292e-01	2.857600e+00	0.000000e+00	7.973656e-01
2.361291e-01	2.722583e-01	2.792915e+00	0.000000e+00	7.688241e-01
2.722583e-01	3.083875e-01	2.723931e+00	0.000000e+00	7.200882e-01
3.083874e-01	3.445165e-01	2.639376e+00	0.000000e+00	6.639199e-01
3.445165e-01	3.806457e-01	2.553920e+00	0.000000e+00	5.936002e-01
3.806457e-01	4.167748e-01	2.464283e+00	0.000000e+00	5.300514e-01
4.167748e-01	4.529039e-01	2.371965e+00	0.000000e+00	4.514267e-01
4.529039e-01	4.890331e-01	2.286819e+00	0.000000e+00	3.852391e-01
4.890331e-01	5.251621e-01	2.236398e+00	0.000000e+00	3.234988e-01
5.251623e-01	5.612913e-01	2.225139e+00	0.000000e+00	2.534777e-01
5.612913e-01	5.974205e-01	2.197609e+00	0.000000e+00	1.874298e-01
5.974204e-01	6.335495e-01	2.167064e+00	0.000000e+00	1.161003e-01
6.335497e-01	6.696787e-01	2.122669e+00	0.000000e+00	3.521040e-02
6.696787e-01	7.058079e-01	2.058293e+00	2.744982e-02	0.000000e+00
7.058080e-01	7.419370e-01	1.976961e+00	8.585628e-02	0.000000e+00
7.419370e-01	7.780660e-01	1.882791e+00	1.334235e-01	0.000000e+00
7.780661e-01	8.141953e-01	1.765216e+00	1.725029e-01	0.000000e+00
8.141954e-01	8.503245e-01	1.637176e+00	1.942476e-01	0.000000e+00
8.503244e-01	8.864534e-01	1.496432e+00	2.074126e-01	0.000000e+00
8.864535e-01	9.225827e-01	1.356445e+00	2.163865e-01	0.000000e+00
9.225828e-01	9.587118e-01	1.213045e+00	2.099562e-01	0.000000e+00
9.587118e-01	9.948408e-01	1.074191e+00	2.021977e-01	0.000000e+00
9.948404e-01	1.030970e+00	9.413077e-01	1.883482e-01	0.000000e+00
1.030970e+00	1.067098e+00	8.205887e-01	1.736995e-01	0.000000e+00
1.067100e+00	1.103228e+00	7.028202e-01	1.523948e-01	0.000000e+00
1.103229e+00	1.139358e+00	6.034100e-01	1.385247e-01	0.000000e+00
1.139357e+00	1.175487e+00	5.122710e-01	1.188004e-01	0.000000e+00
1.175487e+00	1.211615e+00	4.323920e-01	1.011163e-01	0.000000e+00
1.211617e+00	1.247745e+00	3.653168e-01	8.796009e-02	0.000000e+00
1.247746e+00	1.283875e+00	3.064472e-01	7.372482e-02	0.000000e+00
1.283874e+00	1.320002e+00	2.561491e-01	6.127950e-02	0.000000e+00
1.320002e+00	1.356131e+00	2.148622e-01	5.302427e-02	0.000000e+00
1.356132e+00	1.392261e+00	1.787780e-01	4.444546e-02	0.000000e+00
1.392261e+00	1.428391e+00	1.489868e-01	3.708616e-02	0.000000e+00
1.428391e+00	1.464519e+00	1.230001e-01	2.942990e-02	0.000000e+00
1.464519e+00	1.500648e+00	1.036676e-01	2.630388e-02	0.000000e+00
1.500649e+00	1.536778e+00	8.679352e-02	2.239605e-02	0.000000e+00
1.536778e+00	1.572906e+00	7.235072e-02	1.840931e-02	0.000000e+00
1.572906e+00	1.609035e+00	5.990944e-02	1.462983e-02	0.000000e+00
1.609036e+00	1.645165e+00	5.050713e-02	1.243956e-02	0.000000e+00
1.645165e+00	1.681293e+00	4.225650e-02	1.042974e-02	0.000000e+00
1.681294e+00	1.717424e+00	3.531937e-02	9.327841e-03	0.000000e+00
1.717423e+00	1.753552e+00	2.965717e-02	7.645631e-03	0.000000e+00
1.753553e+00	1.789682e+00	2.458794e-02	6.314088e-03	0.000000e+00
1.789682e+00	1.825811e+00	2.071542e-02	5.253602e-03	0.000000e+00
1.825812e+00	1.861940e+00	1.721727e-02	4.196842e-03	0.000000e+00
1.861940e+00	1.898069e+00	1.461800e-02	3.654441e-03	0.000000e+00
1.898069e+00	1.934198e+00	1.243341e-02	3.165975e-03	0.000000e+00
1.934198e+00	1.970328e+00	1.037849e-02	2.557974e-03	0.000000e+00
1.970329e+00	2.006458e+00	8.878303e-03	2.099128e-03	0.000000e+00
2.006458e+00	2.042587e+00	7.395632e-03	2.069886e-03	0.000000e+00
2.042585e+00	2.078714e+00	6.234950e-03	1.591586e-03	0.000000e+00
2.078715e+00	2.114844e+00	5.255875e-03	1.343206e-03	0.000000e+00
2.114845e+00	2.150974e+00	4.487121e-03	1.105536e-03	0.000000e+00
2.150972e+00	2.187101e+00	3.643970e-03	8.695286e-04	0.000000e+00
2.187102e+00	2.223231e+00	3.258120e-03	9.022157e-04	0.000000e+00
2.223231e+00	2.259361e+00	2.661451e-03	7.063606e-04	0.000000e+00
2.259362e+00	2.295491e+00	2.209781e-03	4.944989e-04	0.000000e+00
2.295489e+00	2.331618e+00	1.923720e-03	5.085408e-04	0.000000e+00
2.331619e+00	2.367748e+00	1.592080e-03	4.055532e-04	0.000000e+00
2.367749e+00	2.403878e+00	1.382487e-03	3.179058e-04	0.000000e+00
2.403876e+00	2.440005e+00	1.191117e-03	3.664530e-04	0.000000e+00
2.440006e+00	2.476135e+00	9.099482e-04	1.537978e-04	0.000000e+00
2.476135e+00	2.512265e+00	8.233559e-04	2.495978e-04	0.000000e+00
2.512266e+00	2.548395e+00	6.841058e-04	1.729074e-04	0.000000e+00
2.548393e+00	2.584522e+00	5.752706e-04	1.171234e-04	0.000000e+00
2.584523e+00	2.620652e+00	5.286033e-04	1.645584e-04	0.000000e+00
2.620653e+00	2.656782e+00	4.302779e-04	1.247721e-04	0.000000e+00
2.656780e+00	2.692909e+00	3.707360e-04	1.132302e-04	0.000000e+00
2.692910e+00	2.729039e+00	2.955310e-04	7.947546e-05	0.000000e+00
2.729040e+00	2.765169e+00	2.639733e-04	6.655227e-05	0.000000e+00
2.765168e+00	2.801298e+00	2.092095e-04	5.689192e-05	0.000000e+00
2.801297e+00	2.837426e+00	1.839120e-04	4.630779e-05	0.000000e+00
2.837427e+00	2.873556e+00	1.566943e-04	3.926668e-05	0.000000e+00
2.873557e+00	2.909686e+00	1.288565e-04	2.785369e-05	0.000000e+00
2.909686e+00	2.945815e+00	1.110681e-04	3.445623e-05	0.000000e+00
2.945813e+00	2.981942e+00	1.000866e-04	2.674181e-05	0.000000e+00
2.981943e+00	3.018072e+00	1.096565e-04	5.175206e-05	0.000000e+00
3.018072e+00	3.054202e+00	7.089488e-05	1.585043e-05	0.000000e+00
3.054203e+00	3.090332e+00	5.975241e-05	1.994871e-05	0.000000e+00
3.090330e+00	3.126459e+00	4.670157e-05	1.115575e-05	0.000000e+00
3.126460e+00	3.162589e+00	4.324833e-05	1.421982e-05	0.000000e+00
3.162590e+00	3.198719e+00	3.465081e-05	8.358892e-06	0.000000e+00
3.198717e+00	3.234846e+00	3.925885e-05	1.476761e-05	0.000000e+00
3.234847e+00	3.270976e+00	2.288081e-05	9.999518e-06	0.000000e+00
3.270977e+00	3.307106e+00	1.457240e-05	0.000000e+00	7.499765e-07
3.307105e+00	3.343235e+00	2.108806e-05	1.185547e-05	0.000000e+00
3.343234e+00	3.379363e+00	9.646924e-06	9.130643e-07	2.404858e-06
3.379364e+00	3.415493e+00	1.101236e-05	8.885466e-07	0.000000e+00
3.415494e+00	3.451623e+00	1.212832e-05	9.152122e-07	0.000000e+00
3.451621e+00	3.487750e+00	8.946860e-06	2.889972e-06	0.000000e+00
3.487751e+00	3.523880e+00	5.991229e-06	0.000000e+00	7.240942e-07
3.523881e+00	3.560010e+00	6.705813e-06	9.951612e-06	8.145451e-07
3.560009e+00	3.596139e+00	6.289806e-06	2.077407e-06	0.000000e+00
3.596138e+00	3.632267e+00	4.662468e-06	3.954774e-06	6.091699e-07
3.632268e+00	3.668397e+00	1.206347e-06	0.000000e+00	3.264770e-06
3.668398e+00	3.704527e+00	3.043541e-06	1.718468e-06	0.000000e+00
3.704525e+00	3.740654e+00	2.812602e-06	1.336137e-06	3.316007e-07
3.740655e+00	3.776784e+00	2.292338e-06	3.379557e-08	0.000000e+00
3.776785e+00	3.812914e+00	2.242469e-06	8.388727e-07	0.000000e+00
# END HISTO1D


# BEGIN HISTO1D //homes/tinghua1/Merging-Project/Production/HJETS/ratio-plots/hjets-matched-errorband/H3Jets-NLOPS-combine.yoda/MC_H2JETS_07_INC/log10_d_23
ErrorBandColor=red
ErrorBandOpacity=0.3
ErrorBands=1
ErrorType=env
LineColor=red
LineStyle=solid
Path=//homes/tinghua1/Merging-Project/Production/HJETS/ratio-plots/hjets-matched-errorband/H3Jets-NLOPS-combine.yoda/MC_H2JETS_07_INC/log10_d_23
RatioPlotSameStyle=1
Title=h(3*) $\oplus$ PS
# xlow	 xhigh	 val	 errminus	 errplus
2.000000e-01	2.361292e-01	2.447249e+00	2.821266e-01	0.000000e+00
2.361291e-01	2.722583e-01	2.395456e+00	2.962642e-01	0.000000e+00
2.722583e-01	3.083875e-01	2.317912e+00	2.710427e-01	0.000000e+00
3.083874e-01	3.445165e-01	2.236345e+00	2.429441e-01	0.000000e+00
3.445165e-01	3.806457e-01	2.044082e+00	1.208593e-01	4.667720e-02
3.806457e-01	4.167748e-01	2.038198e+00	2.016851e-01	4.223078e-02
4.167748e-01	4.529039e-01	1.924996e+00	1.632559e-01	0.000000e+00
4.529039e-01	4.890331e-01	1.767502e+00	3.170123e-02	8.371899e-03
4.890331e-01	5.251621e-01	1.778298e+00	1.262498e-01	0.000000e+00
5.251623e-01	5.612913e-01	1.713043e+00	8.010911e-02	0.000000e+00
5.612913e-01	5.974205e-01	1.651870e+00	3.926907e-02	0.000000e+00
5.974204e-01	6.335495e-01	1.585413e+00	7.436028e-02	5.883346e-03
6.335497e-01	6.696787e-01	1.512059e+00	1.035348e-01	3.695165e-02
6.696787e-01	7.058079e-01	1.414715e+00	1.057510e-01	8.970943e-02
7.058080e-01	7.419370e-01	1.344410e+00	1.284527e-01	8.823829e-02
7.419370e-01	7.780660e-01	1.239828e+00	9.699467e-02	8.998813e-02
7.780661e-01	8.141953e-01	1.143211e+00	1.001102e-01	9.250966e-02
8.141954e-01	8.503245e-01	1.044231e+00	1.265465e-01	1.131171e-01
8.503244e-01	8.864534e-01	9.334166e-01	7.808636e-02	1.336767e-01
8.864535e-01	9.225827e-01	8.466274e-01	1.131489e-01	8.598502e-02
9.225828e-01	9.587118e-01	7.383536e-01	9.321018e-02	8.384626e-02
9.587118e-01	9.948408e-01	6.719448e-01	1.121758e-01	8.388889e-02
9.948404e-01	1.030970e+00	5.660639e-01	7.088552e-02	8.741347e-02
1.030970e+00	1.067098e+00	4.725340e-01	6.774558e-02	1.106073e-01
1.067100e+00	1.103228e+00	4.200836e-01	6.394392e-02	7.696227e-02
1.103229e+00	1.139358e+00	3.936176e-01	8.793794e-02	2.536826e-02
1.139357e+00	1.175487e+00	3.036014e-01	5.472771e-02	6.677443e-02
1.175487e+00	1.211615e+00	2.642243e-01	5.239854e-02	4.727424e-02
1.211617e+00	1.247745e+00	2.179261e-01	4.104102e-02	5.072211e-02
1.247746e+00	1.283875e+00	2.111944e-01	6.522976e-02	8.558111e-03
1.283874e+00	1.320002e+00	1.534046e-01	2.579579e-02	1.958704e-02
1.320002e+00	1.356131e+00	1.302474e-01	2.936024e-02	2.576263e-02
1.356132e+00	1.392261e+00	1.011337e-01	8.329348e-03	2.532760e-02
1.392261e+00	1.428391e+00	8.800983e-02	1.246883e-02	1.925962e-02
1.428391e+00	1.464519e+00	7.384107e-02	1.093473e-02	1.596443e-02
1.464519e+00	1.500648e+00	6.414722e-02	1.547627e-02	8.254671e-03
1.500649e+00	1.536778e+00	5.027751e-02	0.000000e+00	1.263370e-02
1.536778e+00	1.572906e+00	3.950945e-02	1.909906e-03	1.327969e-02
1.572906e+00	1.609035e+00	3.562014e-02	3.002851e-03	7.824988e-03
1.609036e+00	1.645165e+00	3.350071e-02	9.152506e-03	3.786709e-03
1.645165e+00	1.681293e+00	2.291579e-02	2.016128e-03	8.824310e-03
1.681294e+00	1.717424e+00	2.103291e-02	5.263346e-03	5.766867e-03
1.717423e+00	1.753552e+00	1.825565e-02	3.434479e-03	3.624520e-03
1.753553e+00	1.789682e+00	1.449262e-02	2.181696e-03	4.459340e-03
1.789682e+00	1.825811e+00	1.285481e-02	3.641263e-03	6.607019e-04
1.825812e+00	1.861940e+00	1.034639e-02	4.647084e-03	2.125749e-03
1.861940e+00	1.898069e+00	9.585901e-03	2.156456e-03	1.248122e-03
1.898069e+00	1.934198e+00	7.145910e-03	2.494450e-03	1.946212e-03
1.934198e+00	1.970328e+00	6.420518e-03	5.646001e-04	9.982342e-04
1.970329e+00	2.006458e+00	5.653439e-03	9.504498e-04	1.634297e-03
2.006458e+00	2.042587e+00	4.500916e-03	4.923137e-04	0.000000e+00
2.042585e+00	2.078714e+00	4.701780e-03	1.550079e-03	6.217692e-04
2.078715e+00	2.114844e+00	3.427153e-03	6.780384e-04	9.012649e-04
2.114845e+00	2.150974e+00	3.061624e-03	1.766155e-03	1.842398e-04
2.150972e+00	2.187101e+00	2.215142e-03	7.049694e-04	1.064666e-03
2.187102e+00	2.223231e+00	2.184801e-03	4.334839e-04	5.462033e-04
2.223231e+00	2.259361e+00	1.668176e-03	1.113401e-03	1.747556e-04
2.259362e+00	2.295491e+00	1.610115e-03	6.365842e-04	2.593235e-04
2.295489e+00	2.331618e+00	1.092667e-03	2.311755e-04	4.733715e-04
2.331619e+00	2.367748e+00	4.250862e-04	0.000000e+00	1.748063e-03
2.367749e+00	2.403878e+00	1.087942e-03	7.391409e-04	1.776138e-04
2.403876e+00	2.440005e+00	6.972892e-04	8.465222e-06	1.953353e-04
2.440006e+00	2.476135e+00	1.722122e-04	0.000000e+00	4.210898e-04
2.476135e+00	2.512265e+00	4.843064e-04	9.653308e-05	2.031971e-04
2.512266e+00	2.548395e+00	4.601154e-04	1.656481e-05	1.911484e-04
2.548393e+00	2.584522e+00	3.908641e-04	7.988596e-06	5.410363e-05
2.584523e+00	2.620652e+00	3.242094e-04	1.129307e-04	1.296244e-05
2.620653e+00	2.656782e+00	1.546863e-04	0.000000e+00	1.607174e-04
2.656780e+00	2.692909e+00	3.411783e-04	1.238655e-04	0.000000e+00
2.692910e+00	2.729039e+00	2.384019e-04	2.169981e-04	3.088870e-05
2.729040e+00	2.765169e+00	1.662264e-04	3.169247e-04	2.464582e-05
2.765168e+00	2.801298e+00	1.503658e-04	6.708995e-05	0.000000e+00
2.801297e+00	2.837426e+00	1.178539e-04	2.965939e-05	4.358374e-05
2.837427e+00	2.873556e+00	-3.189023e-05	0.000000e+00	1.724251e-04
2.873557e+00	2.909686e+00	1.016261e-05	4.810053e-06	1.011280e-04
2.909686e+00	2.945815e+00	1.030271e-04	0.000000e+00	2.986698e-04
2.945813e+00	2.981942e+00	5.804514e-05	0.000000e+00	1.784857e-05
2.981943e+00	3.018072e+00	6.146373e-05	2.177644e-05	0.000000e+00
3.018072e+00	3.054202e+00	5.725112e-05	7.291005e-06	0.000000e+00
3.054203e+00	3.090332e+00	5.900562e-05	7.183037e-05	0.000000e+00
3.090330e+00	3.126459e+00	3.755568e-05	4.170807e-05	0.000000e+00
3.126460e+00	3.162589e+00	2.101531e-05	1.821035e-05	4.714600e-06
3.162590e+00	3.198719e+00	3.446135e-05	3.901745e-05	0.000000e+00
3.198717e+00	3.234846e+00	6.864890e-06	6.404983e-06	6.460038e-06
3.234847e+00	3.270976e+00	1.651536e-05	5.764497e-06	7.356486e-06
3.270977e+00	3.307106e+00	2.733205e-05	4.794492e-05	0.000000e+00
3.307105e+00	3.343235e+00	8.197694e-06	0.000000e+00	1.026969e-05
3.343234e+00	3.379363e+00	-8.108052e-06	0.000000e+00	2.274586e-05
3.379364e+00	3.415493e+00	1.317370e-05	7.776589e-06	2.588503e-05
3.415494e+00	3.451623e+00	1.026078e-05	1.396769e-05	0.000000e+00
3.451621e+00	3.487750e+00	6.069288e-06	1.330006e-06	3.879075e-06
3.487751e+00	3.523880e+00	5.407304e-06	0.000000e+00	4.395203e-06
3.523881e+00	3.560010e+00	5.917653e-06	3.016956e-06	0.000000e+00
3.560009e+00	3.596139e+00	-9.187074e-06	0.000000e+00	1.382004e-05
3.596138e+00	3.632267e+00	2.977619e-06	0.000000e+00	4.642401e-06
3.632268e+00	3.668397e+00	1.715210e-06	1.356259e-06	6.729923e-06
3.668398e+00	3.704527e+00	2.414005e-06	5.615463e-06	1.046588e-05
3.704525e+00	3.740654e+00	1.681499e-06	2.944801e-06	4.082397e-06
3.740655e+00	3.776784e+00	1.005457e-06	0.000000e+00	1.526888e-06
3.776785e+00	3.812914e+00	-1.812843e-07	0.000000e+00	3.606275e-06
# END HISTO1D


# BEGIN HISTO1D //homes/tinghua1/Merging-Project/Production/HJETS/ratio-plots/hjets-matched-errorband/H2Jets-NLOPS-combine.yoda/MC_H2JETS_07_INC/log10_d_23
ErrorBandColor=violet
ErrorBandOpacity=0.3
ErrorBands=1
ErrorType=env
LineColor=violet
LineStyle=solid
Path=//homes/tinghua1/Merging-Project/Production/HJETS/ratio-plots/hjets-matched-errorband/H2Jets-NLOPS-combine.yoda/MC_H2JETS_07_INC/log10_d_23
RatioPlotSameStyle=1
Title=h(2*) $\oplus$ PS
# xlow	 xhigh	 val	 errminus	 errplus
2.000000e-01	2.361292e-01	3.458182e+00	5.023817e-01	2.280073e-01
2.361291e-01	2.722583e-01	3.376925e+00	4.854273e-01	2.233041e-01
2.722583e-01	3.083875e-01	3.263245e+00	4.419014e-01	2.217907e-01
3.083874e-01	3.445165e-01	3.143784e+00	4.071297e-01	2.119483e-01
3.445165e-01	3.806457e-01	3.017565e+00	3.685387e-01	1.770784e-01
3.806457e-01	4.167748e-01	2.884044e+00	3.231846e-01	1.556723e-01
4.167748e-01	4.529039e-01	2.732974e+00	2.712503e-01	1.410392e-01
4.529039e-01	4.890331e-01	2.603985e+00	2.283007e-01	1.167618e-01
4.890331e-01	5.251621e-01	2.512327e+00	1.924061e-01	9.808465e-02
5.251623e-01	5.612913e-01	2.450425e+00	1.420628e-01	7.811266e-02
5.612913e-01	5.974205e-01	2.386249e+00	9.763017e-02	4.554073e-02
5.974204e-01	6.335495e-01	2.307442e+00	4.785837e-02	2.487884e-02
6.335497e-01	6.696787e-01	2.212999e+00	1.075310e-03	4.470081e-03
6.696787e-01	7.058079e-01	2.114170e+00	2.912215e-02	3.096553e-02
7.058080e-01	7.419370e-01	1.997068e+00	5.675065e-02	6.521696e-02
7.419370e-01	7.780660e-01	1.864148e+00	5.939866e-02	1.001345e-01
7.780661e-01	8.141953e-01	1.727382e+00	8.322935e-02	1.160067e-01
8.141954e-01	8.503245e-01	1.583424e+00	9.843367e-02	1.269284e-01
8.503244e-01	8.864534e-01	1.433213e+00	9.756180e-02	1.329565e-01
8.864535e-01	9.225827e-01	1.279495e+00	9.428855e-02	1.414690e-01
9.225828e-01	9.587118e-01	1.137412e+00	9.111187e-02	1.347739e-01
9.587118e-01	9.948408e-01	1.002402e+00	8.974594e-02	1.269204e-01
9.948404e-01	1.030970e+00	8.693488e-01	8.101420e-02	1.222989e-01
1.030970e+00	1.067098e+00	7.555800e-01	7.198068e-02	1.055401e-01
1.067100e+00	1.103228e+00	6.454358e-01	6.340170e-02	9.884691e-02
1.103229e+00	1.139358e+00	5.554948e-01	6.231006e-02	8.372222e-02
1.139357e+00	1.175487e+00	4.692427e-01	5.181456e-02	7.606504e-02
1.175487e+00	1.211615e+00	3.953602e-01	4.372803e-02	6.394254e-02
1.211617e+00	1.247745e+00	3.330992e-01	3.836170e-02	5.467575e-02
1.247746e+00	1.283875e+00	2.795289e-01	3.287287e-02	4.696809e-02
1.283874e+00	1.320002e+00	2.333341e-01	2.715683e-02	3.994605e-02
1.320002e+00	1.356131e+00	1.947327e-01	2.276576e-02	3.321570e-02
1.356132e+00	1.392261e+00	1.615543e-01	1.838656e-02	2.828404e-02
1.392261e+00	1.428391e+00	1.352512e-01	1.600872e-02	2.417675e-02
1.428391e+00	1.464519e+00	1.121774e-01	1.392837e-02	2.073996e-02
1.464519e+00	1.500648e+00	9.317656e-02	1.056885e-02	1.762025e-02
1.500649e+00	1.536778e+00	7.784201e-02	9.315093e-03	1.390678e-02
1.536778e+00	1.572906e+00	6.477852e-02	7.372997e-03	1.195300e-02
1.572906e+00	1.609035e+00	5.451286e-02	7.176368e-03	1.033068e-02
1.609036e+00	1.645165e+00	4.459838e-02	4.604002e-03	9.348114e-03
1.645165e+00	1.681293e+00	3.784143e-02	4.210689e-03	6.976279e-03
1.681294e+00	1.717424e+00	3.087833e-02	2.900443e-03	6.821478e-03
1.717423e+00	1.753552e+00	2.630256e-02	3.150674e-03	5.099471e-03
1.753553e+00	1.789682e+00	2.224598e-02	2.802768e-03	4.337117e-03
1.789682e+00	1.825811e+00	1.832358e-02	1.438625e-03	4.286961e-03
1.825812e+00	1.861940e+00	1.556946e-02	1.785754e-03	3.278347e-03
1.861940e+00	1.898069e+00	1.277387e-02	1.249008e-03	2.977614e-03
1.898069e+00	1.934198e+00	1.082588e-02	1.354878e-03	2.359609e-03
1.934198e+00	1.970328e+00	9.136216e-03	1.023222e-03	2.116349e-03
1.970329e+00	2.006458e+00	7.680141e-03	6.739240e-04	1.721257e-03
2.006458e+00	2.042587e+00	6.580301e-03	7.812478e-04	1.521113e-03
2.042585e+00	2.078714e+00	5.504517e-03	3.859808e-04	1.177309e-03
2.078715e+00	2.114844e+00	4.628099e-03	4.960447e-04	9.895707e-04
2.114845e+00	2.150974e+00	3.845470e-03	2.376014e-04	9.655568e-04
2.150972e+00	2.187101e+00	3.271115e-03	3.464613e-04	7.098038e-04
2.187102e+00	2.223231e+00	2.721036e-03	2.956099e-04	6.007498e-04
2.223231e+00	2.259361e+00	2.366771e-03	1.681937e-04	4.648569e-04
2.259362e+00	2.295491e+00	1.924728e-03	1.223878e-04	5.804282e-04
2.295489e+00	2.331618e+00	1.653200e-03	1.005359e-04	3.552861e-04
2.331619e+00	2.367748e+00	1.335805e-03	4.634703e-04	5.037576e-04
2.367749e+00	2.403878e+00	1.159694e-03	7.025603e-05	3.211041e-04
2.403876e+00	2.440005e+00	9.734698e-04	1.302646e-04	2.624756e-04
2.440006e+00	2.476135e+00	8.712237e-04	1.101403e-04	2.040505e-04
2.476135e+00	2.512265e+00	7.287022e-04	1.108885e-04	1.780803e-04
2.512266e+00	2.548395e+00	5.914014e-04	4.597941e-05	1.901644e-04
2.548393e+00	2.584522e+00	4.998469e-04	2.843367e-05	1.665297e-04
2.584523e+00	2.620652e+00	4.343909e-04	4.491101e-05	9.354286e-05
2.620653e+00	2.656782e+00	3.586734e-04	2.602895e-05	1.174192e-04
2.656780e+00	2.692909e+00	2.920557e-04	0.000000e+00	1.129015e-04
2.692910e+00	2.729039e+00	2.871156e-04	2.373744e-05	2.914003e-05
2.729040e+00	2.765169e+00	2.260253e-04	2.851239e-05	5.774896e-05
2.765168e+00	2.801298e+00	1.923891e-04	2.064835e-05	3.551544e-05
2.801297e+00	2.837426e+00	1.648453e-04	1.128257e-05	4.331711e-05
2.837427e+00	2.873556e+00	1.185051e-04	0.000000e+00	6.009712e-05
2.873557e+00	2.909686e+00	1.147926e-04	1.552504e-05	2.305372e-05
2.909686e+00	2.945815e+00	9.779761e-05	1.359894e-05	9.121122e-06
2.945813e+00	2.981942e+00	7.495057e-05	2.420189e-06	3.098057e-05
2.981943e+00	3.018072e+00	6.803319e-05	7.075147e-06	1.090224e-05
3.018072e+00	3.054202e+00	5.508284e-05	7.099945e-06	2.345923e-05
3.054203e+00	3.090332e+00	4.980047e-05	0.000000e+00	4.069944e-06
3.090330e+00	3.126459e+00	6.773946e-05	1.890041e-05	0.000000e+00
3.126460e+00	3.162589e+00	3.400252e-05	0.000000e+00	1.266896e-05
3.162590e+00	3.198719e+00	3.107457e-05	8.886305e-06	6.303690e-06
3.198717e+00	3.234846e+00	2.597332e-05	1.084579e-05	8.809018e-06
3.234847e+00	3.270976e+00	2.311508e-05	1.776440e-06	3.437048e-06
3.270977e+00	3.307106e+00	2.388874e-05	4.496344e-06	0.000000e+00
3.307105e+00	3.343235e+00	1.580766e-05	2.436715e-06	0.000000e+00
3.343234e+00	3.379363e+00	1.761641e-05	6.995643e-06	1.579258e-06
3.379364e+00	3.415493e+00	1.174052e-05	2.498962e-06	0.000000e+00
3.415494e+00	3.451623e+00	1.050222e-05	2.438014e-06	3.819732e-06
3.451621e+00	3.487750e+00	1.100675e-05	6.451989e-06	0.000000e+00
3.487751e+00	3.523880e+00	7.380675e-06	3.220114e-06	0.000000e+00
3.523881e+00	3.560010e+00	6.988250e-06	5.172991e-07	1.394622e-06
3.560009e+00	3.596139e+00	5.714572e-06	5.701661e-07	0.000000e+00
3.596138e+00	3.632267e+00	5.139652e-06	1.295289e-06	1.823953e-06
3.632268e+00	3.668397e+00	3.093219e-06	2.906945e-07	2.436962e-07
3.668398e+00	3.704527e+00	-1.401717e-06	0.000000e+00	4.256955e-06
3.704525e+00	3.740654e+00	2.418996e-06	6.522193e-07	7.426549e-07
3.740655e+00	3.776784e+00	1.780451e-06	0.000000e+00	6.314553e-07
3.776785e+00	3.812914e+00	1.714855e-06	0.000000e+00	1.613355e-07
# END HISTO1D

