# BEGIN PLOT
Rebin=2
DrawOnly=//homes/tinghua1/Merging-Project/Production/HJETS/ratio-plots/hjets-matched-errorband/H-N2-N3-4-25gev-combine.yoda/MC_H2JETS_07_INC/log10_d_12 //homes/tinghua1/Merging-Project/Production/HJETS/ratio-plots/hjets-matched-errorband/H-N2-3-4-25gev-combine.yoda/MC_H2JETS_07_INC/log10_d_12 //homes/tinghua1/Merging-Project/Production/HJETS/ratio-plots/hjets-matched-errorband/H-2-3-4-25gev-combine.yoda/MC_H2JETS_07_INC/log10_d_12 //homes/tinghua1/Merging-Project/Production/HJETS/ratio-plots/hjets-matched-errorband/H-N2-3-25gev-combine.yoda/MC_H2JETS_07_INC/log10_d_12 //homes/tinghua1/Merging-Project/Production/HJETS/ratio-plots/hjets-matched-errorband/H-2-3-25gev-combine.yoda/MC_H2JETS_07_INC/log10_d_12 //homes/tinghua1/Merging-Project/Production/HJETS/ratio-plots/hjets-matched-errorband/H3Jets-NLOPS-combine.yoda/MC_H2JETS_07_INC/log10_d_12 //homes/tinghua1/Merging-Project/Production/HJETS/ratio-plots/hjets-matched-errorband/H2Jets-NLOPS-combine.yoda/MC_H2JETS_07_INC/log10_d_12
RightMargin=0.5
RatioPlotReference=//homes/tinghua1/Merging-Project/Production/HJETS/ratio-plots/hjets-matched-errorband/H-N2-N3-4-25gev-combine.yoda/MC_H2JETS_07_INC/log10_d_12
#RatioPlot=1
LogY=1
RatioPlotYMax=1.6
#LegendOnly=//homes/tinghua1/Merging-Project/Production/HJETS/ratio-plots/hjets-matched-errorband/H-N2-N3-4-25gev-combine.yoda/MC_H2JETS_07_INC/log10_d_12 //homes/tinghua1/Merging-Project/Production/HJETS/ratio-plots/hjets-matched-errorband/H-N2-3-4-25gev-combine.yoda/MC_H2JETS_07_INC/log10_d_12 //homes/tinghua1/Merging-Project/Production/HJETS/ratio-plots/hjets-matched-errorband/H-2-3-4-25gev-combine.yoda/MC_H2JETS_07_INC/log10_d_12 //homes/tinghua1/Merging-Project/Production/HJETS/ratio-plots/hjets-matched-errorband/H-N2-3-25gev-combine.yoda/MC_H2JETS_07_INC/log10_d_12 //homes/tinghua1/Merging-Project/Production/HJETS/ratio-plots/hjets-matched-errorband/H-2-3-25gev-combine.yoda/MC_H2JETS_07_INC/log10_d_12 //homes/tinghua1/Merging-Project/Production/HJETS/ratio-plots/hjets-matched-errorband/H3Jets-NLOPS-combine.yoda/MC_H2JETS_07_INC/log10_d_12 //homes/tinghua1/Merging-Project/Production/HJETS/ratio-plots/hjets-matched-errorband/H2Jets-NLOPS-combine.yoda/MC_H2JETS_07_INC/log10_d_12
RatioPlotYLabel=Ratio
Scale=1000.0
XLabel=$\sqrt{d_{12}}$ (GeV)
LegendAlign=r
YLabel=$ \text{d} \sigma / \sqrt{d_{12}}$ (fb/GeV)
Legend=0
RatioPlot=6
MainPlotSelection={"Selection":[1,2,3,4,5,6,7]}
RatioPlots={"RatioPlotYLabel":"","Selection":[1,2]};{"RatioPlotYLabel":"","Selection":[1,3]};{"RatioPlotYLabel":"","Selection":[1,4]};{"RatioPlotYLabel":"","Selection":[1,5]};{"RatioPlotYLabel":"","Selection":[1,6]};{"RatioPlotYLabel":"","Selection":[1,7]}
RatioPlotSameStyle=1
RatioPlotYMin=0.0
# END PLOT


# BEGIN SPECIAL /MC_H2JETS_07_INC/log10_d_12
\rput[tl](0.05,0.75){\parbox{5cm}{\textcolor{gray}{{\bf Herwig 7.2.0} \\ HJETS/ColorFull}}}
# END SPECIAL

# BEGIN HISTO1D //homes/tinghua1/Merging-Project/Production/HJETS/ratio-plots/hjets-matched-errorband/H-N2-N3-4-25gev-combine.yoda/MC_H2JETS_07_INC/log10_d_12
ErrorBandColor=orange
ErrorBandOpacity=0.3
ErrorBands=1
ErrorType=env
LineColor=orange
LineStyle=solid
Path=//homes/tinghua1/Merging-Project/Production/HJETS/ratio-plots/hjets-matched-errorband/H-N2-N3-4-25gev-combine.yoda/MC_H2JETS_07_INC/log10_d_12
RatioPlotSameStyle=1
Title=h(2*,3*,4)
# xlow	 xhigh	 val	 errminus	 errplus
2.000000e-01	2.361292e-01	1.596693e+00	7.558229e-02	0.000000e+00
2.361291e-01	2.722583e-01	1.667378e+00	3.705535e-02	0.000000e+00
2.722583e-01	3.083875e-01	1.728573e+00	1.283923e-02	3.428538e-02
3.083874e-01	3.445165e-01	1.873047e+00	1.274886e-01	0.000000e+00
3.445165e-01	3.806457e-01	1.931866e+00	1.252881e-01	0.000000e+00
3.806457e-01	4.167748e-01	1.978430e+00	1.499863e-01	0.000000e+00
4.167748e-01	4.529039e-01	1.948359e+00	6.742570e-02	3.670227e-02
4.529039e-01	4.890331e-01	1.971035e+00	8.363650e-02	0.000000e+00
4.890331e-01	5.251621e-01	2.006890e+00	1.102012e-01	0.000000e+00
5.251623e-01	5.612913e-01	2.023519e+00	8.419889e-02	3.883296e-02
5.612913e-01	5.974205e-01	2.051899e+00	3.424183e-02	0.000000e+00
5.974204e-01	6.335495e-01	2.057888e+00	7.019106e-02	0.000000e+00
6.335497e-01	6.696787e-01	2.017642e+00	0.000000e+00	1.279772e-02
6.696787e-01	7.058079e-01	2.048519e+00	5.241716e-02	0.000000e+00
7.058080e-01	7.419370e-01	2.005897e+00	6.418538e-02	4.811468e-02
7.419370e-01	7.780660e-01	1.883804e+00	0.000000e+00	1.290688e-01
7.780661e-01	8.141953e-01	1.894403e+00	6.638176e-02	7.839947e-02
8.141954e-01	8.503245e-01	1.841554e+00	1.860716e-01	6.521696e-02
8.503244e-01	8.864534e-01	1.818854e+00	1.146519e-01	5.527041e-02
8.864535e-01	9.225827e-01	1.686497e+00	1.044272e-01	1.484384e-01
9.225828e-01	9.587118e-01	1.567722e+00	8.436053e-02	1.601338e-01
9.587118e-01	9.948408e-01	1.501553e+00	1.454896e-01	1.105555e-01
9.948404e-01	1.030970e+00	1.396049e+00	1.389827e-01	1.507632e-01
1.030970e+00	1.067098e+00	1.270998e+00	1.309580e-01	1.817260e-01
1.067100e+00	1.103228e+00	1.161548e+00	1.200709e-01	1.838141e-01
1.103229e+00	1.139358e+00	1.089031e+00	1.588051e-01	1.600794e-01
1.139357e+00	1.175487e+00	9.536028e-01	8.984639e-02	1.643695e-01
1.175487e+00	1.211615e+00	8.864704e-01	1.020729e-01	1.651906e-01
1.211617e+00	1.247745e+00	8.109079e-01	1.292693e-01	1.611769e-01
1.247746e+00	1.283875e+00	7.288228e-01	9.212931e-02	1.400401e-01
1.283874e+00	1.320002e+00	6.405741e-01	8.923579e-02	1.438852e-01
1.320002e+00	1.356131e+00	5.809145e-01	7.894628e-02	1.338841e-01
1.356132e+00	1.392261e+00	5.164416e-01	8.023831e-02	1.138844e-01
1.392261e+00	1.428391e+00	4.565405e-01	7.145253e-02	1.018386e-01
1.428391e+00	1.464519e+00	3.947007e-01	6.088322e-02	9.999945e-02
1.464519e+00	1.500648e+00	3.609737e-01	7.624457e-02	8.514822e-02
1.500649e+00	1.536778e+00	3.039893e-01	5.013383e-02	8.382601e-02
1.536778e+00	1.572906e+00	2.695017e-01	4.439298e-02	7.540962e-02
1.572906e+00	1.609035e+00	2.294132e-01	3.488757e-02	7.160727e-02
1.609036e+00	1.645165e+00	2.036299e-01	3.182623e-02	6.141986e-02
1.645165e+00	1.681293e+00	1.763192e-01	3.188062e-02	5.866279e-02
1.681294e+00	1.717424e+00	1.479844e-01	2.599361e-02	5.532809e-02
1.717423e+00	1.753552e+00	1.372264e-01	3.453672e-02	3.922868e-02
1.753553e+00	1.789682e+00	1.147330e-01	1.796512e-02	4.251848e-02
1.789682e+00	1.825811e+00	1.026707e-01	2.337665e-02	2.929624e-02
1.825812e+00	1.861940e+00	8.803164e-02	1.866445e-02	3.619929e-02
1.861940e+00	1.898069e+00	7.443774e-02	1.294129e-02	2.495646e-02
1.898069e+00	1.934198e+00	6.597044e-02	1.308063e-02	2.157655e-02
1.934198e+00	1.970328e+00	5.449626e-02	1.233175e-02	2.225616e-02
1.970329e+00	2.006458e+00	4.492521e-02	7.514268e-03	1.895206e-02
2.006458e+00	2.042587e+00	4.016914e-02	7.949570e-03	1.450591e-02
2.042585e+00	2.078714e+00	3.676841e-02	8.427247e-03	1.029907e-02
2.078715e+00	2.114844e+00	3.509328e-02	1.386010e-02	4.537020e-03
2.114845e+00	2.150974e+00	2.589046e-02	4.809981e-03	8.883825e-03
2.150972e+00	2.187101e+00	2.121800e-02	3.880110e-03	6.993271e-03
2.187102e+00	2.223231e+00	1.886384e-02	2.566251e-03	7.111476e-03
2.223231e+00	2.259361e+00	1.605631e-02	2.788860e-03	4.901713e-03
2.259362e+00	2.295491e+00	1.311658e-02	2.103382e-03	6.532747e-03
2.295489e+00	2.331618e+00	1.469948e-02	4.691328e-03	2.837183e-03
2.331619e+00	2.367748e+00	1.242622e-02	5.294949e-03	0.000000e+00
2.367749e+00	2.403878e+00	8.438911e-03	1.558615e-03	2.365150e-03
2.403876e+00	2.440005e+00	7.477337e-03	1.780902e-03	2.039954e-03
2.440006e+00	2.476135e+00	5.659083e-03	1.034061e-03	2.273332e-03
2.476135e+00	2.512265e+00	4.754545e-03	2.435981e-04	2.132195e-03
2.512266e+00	2.548395e+00	4.470417e-03	1.278126e-03	1.372180e-03
2.548393e+00	2.584522e+00	3.898065e-03	1.247246e-03	1.868028e-03
2.584523e+00	2.620652e+00	3.283988e-03	3.399873e-04	5.193944e-04
2.620653e+00	2.656782e+00	2.972302e-03	9.523200e-04	6.396551e-04
2.656780e+00	2.692909e+00	2.189905e-03	8.621681e-04	9.517709e-04
2.692910e+00	2.729039e+00	1.773167e-03	0.000000e+00	1.068567e-03
2.729040e+00	2.765169e+00	1.447707e-03	1.777381e-04	7.946054e-04
2.765168e+00	2.801298e+00	1.224864e-03	0.000000e+00	5.044816e-04
2.801297e+00	2.837426e+00	1.114551e-03	2.119143e-04	7.026217e-04
2.837427e+00	2.873556e+00	1.020842e-03	1.447159e-04	1.402461e-04
2.873557e+00	2.909686e+00	9.137601e-04	3.290927e-04	1.677647e-04
2.909686e+00	2.945815e+00	6.577295e-04	0.000000e+00	3.094467e-04
2.945813e+00	2.981942e+00	5.591204e-04	0.000000e+00	2.216330e-04
2.981943e+00	3.018072e+00	4.883315e-04	3.585971e-04	3.048197e-04
3.018072e+00	3.054202e+00	3.915873e-04	6.550623e-05	2.023385e-04
3.054203e+00	3.090332e+00	3.314191e-04	1.151568e-05	1.032378e-04
3.090330e+00	3.126459e+00	2.539185e-04	0.000000e+00	1.644753e-04
3.126460e+00	3.162589e+00	2.973578e-04	1.134560e-04	2.081430e-05
3.162590e+00	3.198719e+00	2.152919e-04	6.097097e-05	8.182203e-05
3.198717e+00	3.234846e+00	2.091264e-04	1.036948e-04	2.155347e-04
3.234847e+00	3.270976e+00	5.821282e-04	4.087062e-04	0.000000e+00
3.270977e+00	3.307106e+00	1.509658e-04	4.591292e-05	4.959061e-05
3.307105e+00	3.343235e+00	1.148642e-04	4.885793e-05	4.331323e-05
3.343234e+00	3.379363e+00	8.976697e-05	3.315481e-06	3.469435e-05
3.379364e+00	3.415493e+00	8.509303e-05	1.435561e-05	2.030150e-05
3.415494e+00	3.451623e+00	6.904769e-05	1.351324e-05	5.205159e-05
3.451621e+00	3.487750e+00	6.317080e-05	2.475355e-05	2.517316e-05
3.487751e+00	3.523880e+00	4.571466e-05	1.236533e-05	2.015813e-05
3.523881e+00	3.560010e+00	3.752695e-05	1.015251e-07	1.291373e-05
3.560009e+00	3.596139e+00	2.308785e-05	0.000000e+00	2.986952e-04
3.596138e+00	3.632267e+00	2.809784e-05	0.000000e+00	1.204177e-05
3.632268e+00	3.668397e+00	6.865870e-07	0.000000e+00	4.962167e-05
3.668398e+00	3.704527e+00	2.321237e-05	8.534194e-06	7.653774e-06
3.704525e+00	3.740654e+00	2.035854e-05	3.837283e-06	3.643090e-06
3.740655e+00	3.776784e+00	1.299541e-05	8.250107e-06	3.275762e-07
3.776785e+00	3.812914e+00	5.730427e-06	0.000000e+00	1.281347e-05
# END HISTO1D


# BEGIN HISTO1D //homes/tinghua1/Merging-Project/Production/HJETS/ratio-plots/hjets-matched-errorband/H-N2-3-4-25gev-combine.yoda/MC_H2JETS_07_INC/log10_d_12
ErrorBandColor=blue
ErrorBandOpacity=0.3
ErrorBands=1
ErrorType=env
LineColor=blue
LineStyle=solid
Path=//homes/tinghua1/Merging-Project/Production/HJETS/ratio-plots/hjets-matched-errorband/H-N2-3-4-25gev-combine.yoda/MC_H2JETS_07_INC/log10_d_12
RatioPlotSameStyle=1
Title=h(2*,3,4)
# xlow	 xhigh	 val	 errminus	 errplus
2.000000e-01	2.361292e-01	1.569937e+00	5.861342e-02	0.000000e+00
2.361291e-01	2.722583e-01	1.693931e+00	7.723697e-02	0.000000e+00
2.722583e-01	3.083875e-01	1.771388e+00	7.764074e-02	0.000000e+00
3.083874e-01	3.445165e-01	1.850008e+00	9.272581e-02	0.000000e+00
3.445165e-01	3.806457e-01	1.904210e+00	9.374495e-02	0.000000e+00
3.806457e-01	4.167748e-01	1.943879e+00	9.751309e-02	0.000000e+00
4.167748e-01	4.529039e-01	1.965940e+00	9.945418e-02	0.000000e+00
4.529039e-01	4.890331e-01	1.973817e+00	8.832468e-02	0.000000e+00
4.890331e-01	5.251621e-01	1.991921e+00	8.355121e-02	0.000000e+00
5.251623e-01	5.612913e-01	2.030797e+00	9.260264e-02	0.000000e+00
5.612913e-01	5.974205e-01	2.029641e+00	6.498954e-02	3.903491e-03
5.974204e-01	6.335495e-01	2.037038e+00	4.331716e-02	0.000000e+00
6.335497e-01	6.696787e-01	2.031273e+00	1.924737e-02	0.000000e+00
6.696787e-01	7.058079e-01	2.014102e+00	0.000000e+00	1.869651e-02
7.058080e-01	7.419370e-01	1.990877e+00	2.009765e-02	2.902148e-02
7.419370e-01	7.780660e-01	1.948539e+00	5.517408e-02	6.272921e-02
7.780661e-01	8.141953e-01	1.893336e+00	6.708452e-02	7.577472e-02
8.141954e-01	8.503245e-01	1.830115e+00	9.002272e-02	1.085471e-01
8.503244e-01	8.864534e-01	1.748551e+00	9.320741e-02	1.262902e-01
8.864535e-01	9.225827e-01	1.670778e+00	1.038027e-01	1.443342e-01
9.225828e-01	9.587118e-01	1.573126e+00	1.039785e-01	1.724148e-01
9.587118e-01	9.948408e-01	1.476586e+00	1.181809e-01	1.719215e-01
9.948404e-01	1.030970e+00	1.388910e+00	1.338517e-01	1.657703e-01
1.030970e+00	1.067098e+00	1.275778e+00	1.254358e-01	1.771710e-01
1.067100e+00	1.103228e+00	1.164297e+00	1.143267e-01	1.855825e-01
1.103229e+00	1.139358e+00	1.075151e+00	1.222586e-01	1.920784e-01
1.139357e+00	1.175487e+00	9.847739e-01	1.300174e-01	1.637506e-01
1.175487e+00	1.211615e+00	8.865238e-01	1.106095e-01	1.685463e-01
1.211617e+00	1.247745e+00	8.039353e-01	1.088962e-01	1.505555e-01
1.247746e+00	1.283875e+00	7.237712e-01	1.150707e-01	1.449976e-01
1.283874e+00	1.320002e+00	6.484088e-01	9.674776e-02	1.385782e-01
1.320002e+00	1.356131e+00	5.738805e-01	8.885577e-02	1.303651e-01
1.356132e+00	1.392261e+00	5.170561e-01	8.684796e-02	1.134360e-01
1.392261e+00	1.428391e+00	4.523562e-01	7.282397e-02	1.095940e-01
1.428391e+00	1.464519e+00	3.993448e-01	6.531844e-02	1.000448e-01
1.464519e+00	1.500648e+00	3.502283e-01	4.730355e-02	9.691771e-02
1.500649e+00	1.536778e+00	3.082834e-01	5.239038e-02	8.863628e-02
1.536778e+00	1.572906e+00	2.719884e-01	5.102704e-02	7.447840e-02
1.572906e+00	1.609035e+00	2.382396e-01	4.685665e-02	6.546965e-02
1.609036e+00	1.645165e+00	2.034414e-01	3.404584e-02	6.427369e-02
1.645165e+00	1.681293e+00	1.825990e-01	3.544122e-02	5.175463e-02
1.681294e+00	1.717424e+00	1.562702e-01	2.775372e-02	4.903158e-02
1.717423e+00	1.753552e+00	1.376149e-01	2.823856e-02	4.169947e-02
1.753553e+00	1.789682e+00	1.189402e-01	2.237457e-02	3.638163e-02
1.789682e+00	1.825811e+00	1.016462e-01	1.914000e-02	3.355886e-02
1.825812e+00	1.861940e+00	8.999477e-02	1.774073e-02	2.670669e-02
1.861940e+00	1.898069e+00	7.579800e-02	1.498162e-02	2.560004e-02
1.898069e+00	1.934198e+00	6.559146e-02	1.295964e-02	2.110681e-02
1.934198e+00	1.970328e+00	5.650548e-02	1.055793e-02	1.867232e-02
1.970329e+00	2.006458e+00	4.855795e-02	9.921033e-03	1.597216e-02
2.006458e+00	2.042587e+00	4.108376e-02	7.767638e-03	1.477519e-02
2.042585e+00	2.078714e+00	3.578054e-02	7.225414e-03	1.114902e-02
2.078715e+00	2.114844e+00	3.114631e-02	5.921830e-03	9.197404e-03
2.114845e+00	2.150974e+00	2.585303e-02	5.746796e-03	9.095630e-03
2.150972e+00	2.187101e+00	2.212494e-02	4.360384e-03	7.734147e-03
2.187102e+00	2.223231e+00	1.856007e-02	3.002248e-03	6.950087e-03
2.223231e+00	2.259361e+00	1.598376e-02	3.187766e-03	5.804678e-03
2.259362e+00	2.295491e+00	1.397122e-02	3.185654e-03	4.410155e-03
2.295489e+00	2.331618e+00	1.166589e-02	2.284912e-03	4.078272e-03
2.331619e+00	2.367748e+00	9.778834e-03	2.044690e-03	3.463633e-03
2.367749e+00	2.403878e+00	8.431758e-03	1.809804e-03	2.741734e-03
2.403876e+00	2.440005e+00	7.002729e-03	1.144098e-03	2.640854e-03
2.440006e+00	2.476135e+00	5.998489e-03	1.122699e-03	2.116488e-03
2.476135e+00	2.512265e+00	5.056258e-03	9.388901e-04	1.559862e-03
2.512266e+00	2.548395e+00	4.516862e-03	1.142675e-03	1.135766e-03
2.548393e+00	2.584522e+00	3.759847e-03	1.076600e-03	1.123676e-03
2.584523e+00	2.620652e+00	3.055523e-03	3.333023e-04	1.268275e-03
2.620653e+00	2.656782e+00	2.562178e-03	4.710355e-04	1.192573e-03
2.656780e+00	2.692909e+00	2.368170e-03	6.846295e-04	6.581001e-04
2.692910e+00	2.729039e+00	1.795192e-03	3.292792e-04	7.313886e-04
2.729040e+00	2.765169e+00	1.704690e-03	4.019062e-04	4.439984e-04
2.765168e+00	2.801298e+00	1.320568e-03	1.619978e-04	5.811816e-04
2.801297e+00	2.837426e+00	1.222016e-03	2.526577e-04	3.842700e-04
2.837427e+00	2.873556e+00	9.898898e-04	2.261831e-04	3.188956e-04
2.873557e+00	2.909686e+00	7.777483e-04	2.032589e-04	3.593379e-04
2.909686e+00	2.945815e+00	7.041792e-04	1.618943e-04	3.052528e-04
2.945813e+00	2.981942e+00	5.378023e-04	0.000000e+00	2.076844e-04
2.981943e+00	3.018072e+00	4.814692e-04	7.420770e-05	2.070655e-04
3.018072e+00	3.054202e+00	4.186095e-04	1.020382e-04	1.281603e-04
3.054203e+00	3.090332e+00	3.396371e-04	4.773423e-05	1.496623e-04
3.090330e+00	3.126459e+00	2.985740e-04	1.432970e-04	1.200717e-04
3.126460e+00	3.162589e+00	2.639170e-04	8.151967e-05	7.412054e-05
3.162590e+00	3.198719e+00	2.466380e-04	8.865006e-05	6.519931e-05
3.198717e+00	3.234846e+00	1.915377e-04	1.642658e-05	5.610997e-05
3.234847e+00	3.270976e+00	1.672063e-04	4.036062e-05	5.978776e-05
3.270977e+00	3.307106e+00	1.380558e-04	3.286418e-05	2.854784e-05
3.307105e+00	3.343235e+00	8.596244e-05	0.000000e+00	6.812984e-05
3.343234e+00	3.379363e+00	6.926170e-05	0.000000e+00	5.869534e-05
3.379364e+00	3.415493e+00	7.955451e-05	7.828531e-06	3.738282e-05
3.415494e+00	3.451623e+00	6.009181e-05	0.000000e+00	3.477326e-05
3.451621e+00	3.487750e+00	6.342498e-05	2.557912e-05	3.673835e-05
3.487751e+00	3.523880e+00	2.265884e-05	0.000000e+00	6.854905e-05
3.523881e+00	3.560010e+00	3.555205e-05	1.001910e-06	6.854881e-07
3.560009e+00	3.596139e+00	4.295918e-05	1.637471e-05	2.604456e-06
3.596138e+00	3.632267e+00	2.858731e-05	7.210343e-06	1.280952e-05
3.632268e+00	3.668397e+00	2.918993e-05	4.749329e-06	5.283041e-06
3.668398e+00	3.704527e+00	2.436798e-05	1.059013e-05	3.844873e-06
3.704525e+00	3.740654e+00	1.928428e-05	9.420443e-06	5.888469e-06
3.740655e+00	3.776784e+00	1.462276e-05	0.000000e+00	1.249965e-07
3.776785e+00	3.812914e+00	2.306697e-05	1.284901e-05	0.000000e+00
# END HISTO1D


# BEGIN HISTO1D //homes/tinghua1/Merging-Project/Production/HJETS/ratio-plots/hjets-matched-errorband/H-2-3-4-25gev-combine.yoda/MC_H2JETS_07_INC/log10_d_12
ErrorBandColor=yellow
ErrorBandOpacity=0.3
ErrorBands=1
ErrorType=env
LineColor=yellow
LineStyle=solid
Path=//homes/tinghua1/Merging-Project/Production/HJETS/ratio-plots/hjets-matched-errorband/H-2-3-4-25gev-combine.yoda/MC_H2JETS_07_INC/log10_d_12
RatioPlotSameStyle=1
Title=h(2,3,4)
# xlow	 xhigh	 val	 errminus	 errplus
2.000000e-01	2.361292e-01	1.484140e+00	6.574423e-02	0.000000e+00
2.361291e-01	2.722583e-01	1.590252e+00	7.530861e-02	0.000000e+00
2.722583e-01	3.083875e-01	1.663463e+00	7.758261e-02	0.000000e+00
3.083874e-01	3.445165e-01	1.736312e+00	9.688008e-02	0.000000e+00
3.445165e-01	3.806457e-01	1.787810e+00	1.013648e-01	0.000000e+00
3.806457e-01	4.167748e-01	1.813908e+00	9.127878e-02	0.000000e+00
4.167748e-01	4.529039e-01	1.841079e+00	9.481028e-02	0.000000e+00
4.529039e-01	4.890331e-01	1.849494e+00	8.869170e-02	0.000000e+00
4.890331e-01	5.251621e-01	1.866965e+00	8.330183e-02	0.000000e+00
5.251623e-01	5.612913e-01	1.900288e+00	8.934128e-02	0.000000e+00
5.612913e-01	5.974205e-01	1.915083e+00	7.833248e-02	0.000000e+00
5.974204e-01	6.335495e-01	1.911593e+00	5.277906e-02	0.000000e+00
6.335497e-01	6.696787e-01	1.906432e+00	3.284250e-02	0.000000e+00
6.696787e-01	7.058079e-01	1.897898e+00	3.643950e-02	0.000000e+00
7.058080e-01	7.419370e-01	1.870771e+00	4.653673e-02	1.437650e-02
7.419370e-01	7.780660e-01	1.826171e+00	5.404868e-02	4.978895e-02
7.780661e-01	8.141953e-01	1.783296e+00	7.472488e-02	6.670422e-02
8.141954e-01	8.503245e-01	1.714322e+00	8.101779e-02	9.647985e-02
8.503244e-01	8.864534e-01	1.650483e+00	1.003764e-01	1.089797e-01
8.864535e-01	9.225827e-01	1.567243e+00	1.090874e-01	1.238995e-01
9.225828e-01	9.587118e-01	1.481825e+00	1.168368e-01	1.357936e-01
9.587118e-01	9.948408e-01	1.382460e+00	1.153798e-01	1.529955e-01
9.948404e-01	1.030970e+00	1.289791e+00	1.191829e-01	1.606093e-01
1.030970e+00	1.067098e+00	1.194469e+00	1.218990e-01	1.606601e-01
1.067100e+00	1.103228e+00	1.097899e+00	1.220767e-01	1.646954e-01
1.103229e+00	1.139358e+00	1.006826e+00	1.199590e-01	1.627003e-01
1.139357e+00	1.175487e+00	9.162389e-01	1.165450e-01	1.560008e-01
1.175487e+00	1.211615e+00	8.237585e-01	1.069183e-01	1.570639e-01
1.211617e+00	1.247745e+00	7.429799e-01	1.008387e-01	1.542171e-01
1.247746e+00	1.283875e+00	6.687592e-01	9.905699e-02	1.398677e-01
1.283874e+00	1.320002e+00	5.993797e-01	8.963520e-02	1.337920e-01
1.320002e+00	1.356131e+00	5.348576e-01	8.707742e-02	1.190467e-01
1.356132e+00	1.392261e+00	4.719901e-01	7.423538e-02	1.124878e-01
1.392261e+00	1.428391e+00	4.182688e-01	6.959314e-02	1.052751e-01
1.428391e+00	1.464519e+00	3.706762e-01	6.417199e-02	9.354867e-02
1.464519e+00	1.500648e+00	3.268795e-01	5.936926e-02	8.382740e-02
1.500649e+00	1.536778e+00	2.851723e-01	5.230884e-02	7.767527e-02
1.536778e+00	1.572906e+00	2.486925e-01	4.527446e-02	7.081541e-02
1.572906e+00	1.609035e+00	2.188937e-01	4.140884e-02	6.222752e-02
1.609036e+00	1.645165e+00	1.906415e-01	3.675563e-02	5.665507e-02
1.645165e+00	1.681293e+00	1.662611e-01	3.227526e-02	4.943037e-02
1.681294e+00	1.717424e+00	1.448730e-01	2.917157e-02	4.404716e-02
1.717423e+00	1.753552e+00	1.247459e-01	2.579648e-02	3.972078e-02
1.753553e+00	1.789682e+00	1.088213e-01	2.292189e-02	3.590246e-02
1.789682e+00	1.825811e+00	9.397592e-02	1.954936e-02	2.986476e-02
1.825812e+00	1.861940e+00	8.110457e-02	1.633898e-02	2.556522e-02
1.861940e+00	1.898069e+00	6.960132e-02	1.425844e-02	2.257544e-02
1.898069e+00	1.934198e+00	5.989031e-02	1.260148e-02	1.943752e-02
1.934198e+00	1.970328e+00	5.038655e-02	9.042624e-03	1.804506e-02
1.970329e+00	2.006458e+00	4.366454e-02	9.092945e-03	1.552537e-02
2.006458e+00	2.042587e+00	3.789311e-02	8.322760e-03	1.320086e-02
2.042585e+00	2.078714e+00	3.249052e-02	6.942415e-03	1.080783e-02
2.078715e+00	2.114844e+00	2.670826e-02	5.195862e-03	1.035185e-02
2.114845e+00	2.150974e+00	2.344560e-02	4.848258e-03	8.128534e-03
2.150972e+00	2.187101e+00	2.023111e-02	4.489108e-03	6.817044e-03
2.187102e+00	2.223231e+00	1.717432e-02	3.606067e-03	5.587462e-03
2.223231e+00	2.259361e+00	1.452693e-02	2.932884e-03	5.356197e-03
2.259362e+00	2.295491e+00	1.225279e-02	2.493457e-03	4.624141e-03
2.295489e+00	2.331618e+00	1.048410e-02	2.377757e-03	3.763874e-03
2.331619e+00	2.367748e+00	8.847488e-03	1.927676e-03	3.226530e-03
2.367749e+00	2.403878e+00	7.670699e-03	1.787863e-03	2.757447e-03
2.403876e+00	2.440005e+00	6.432019e-03	1.436857e-03	2.283199e-03
2.440006e+00	2.476135e+00	5.429766e-03	1.163511e-03	2.066357e-03
2.476135e+00	2.512265e+00	4.642045e-03	9.489565e-04	1.624586e-03
2.512266e+00	2.548395e+00	3.987769e-03	9.626533e-04	1.352819e-03
2.548393e+00	2.584522e+00	3.440236e-03	8.506147e-04	9.181184e-04
2.584523e+00	2.620652e+00	2.793388e-03	6.269036e-04	1.161181e-03
2.620653e+00	2.656782e+00	2.401510e-03	6.522860e-04	7.761698e-04
2.656780e+00	2.692909e+00	2.035273e-03	3.758966e-04	7.791115e-04
2.692910e+00	2.729039e+00	1.679961e-03	3.791129e-04	6.948889e-04
2.729040e+00	2.765169e+00	1.458247e-03	3.826998e-04	5.271336e-04
2.765168e+00	2.801298e+00	1.220602e-03	2.356275e-04	4.183155e-04
2.801297e+00	2.837426e+00	9.995588e-04	2.210795e-04	3.933663e-04
2.837427e+00	2.873556e+00	9.156838e-04	1.784569e-04	2.586855e-04
2.873557e+00	2.909686e+00	7.638562e-04	1.826029e-04	2.873238e-04
2.909686e+00	2.945815e+00	5.922312e-04	1.132949e-04	2.709823e-04
2.945813e+00	2.981942e+00	5.329480e-04	1.078790e-04	1.865111e-04
2.981943e+00	3.018072e+00	4.302397e-04	5.794791e-05	2.085051e-04
3.018072e+00	3.054202e+00	3.840313e-04	7.979159e-05	1.348339e-04
3.054203e+00	3.090332e+00	3.184135e-04	7.512068e-05	1.355421e-04
3.090330e+00	3.126459e+00	2.812823e-04	6.845479e-05	1.022503e-04
3.126460e+00	3.162589e+00	2.253246e-04	5.975275e-05	8.394414e-05
3.162590e+00	3.198719e+00	2.112305e-04	4.641122e-05	4.673196e-05
3.198717e+00	3.234846e+00	1.665828e-04	4.881381e-05	4.988965e-05
3.234847e+00	3.270976e+00	1.313248e-04	1.753032e-05	3.598868e-05
3.270977e+00	3.307106e+00	1.203577e-04	2.480309e-05	4.752631e-05
3.307105e+00	3.343235e+00	1.009203e-04	3.290919e-05	4.735967e-05
3.343234e+00	3.379363e+00	8.392178e-05	2.396809e-05	3.288580e-05
3.379364e+00	3.415493e+00	7.133740e-05	1.869108e-05	1.930181e-05
3.415494e+00	3.451623e+00	6.057873e-05	1.362853e-05	2.646547e-05
3.451621e+00	3.487750e+00	4.341443e-05	6.677018e-06	3.222838e-05
3.487751e+00	3.523880e+00	4.769363e-05	1.432569e-05	1.415993e-05
3.523881e+00	3.560010e+00	3.622511e-05	9.586540e-06	2.321664e-05
3.560009e+00	3.596139e+00	3.336405e-05	1.364532e-05	6.729671e-06
3.596138e+00	3.632267e+00	2.101736e-05	0.000000e+00	1.676506e-05
3.632268e+00	3.668397e+00	2.427591e-05	1.533264e-05	5.006247e-06
3.668398e+00	3.704527e+00	1.631246e-05	0.000000e+00	8.098439e-06
3.704525e+00	3.740654e+00	1.687252e-05	7.358568e-06	3.763179e-06
3.740655e+00	3.776784e+00	1.483454e-05	5.665587e-06	3.281724e-06
3.776785e+00	3.812914e+00	1.127521e-05	9.135762e-06	0.000000e+00
# END HISTO1D


# BEGIN HISTO1D //homes/tinghua1/Merging-Project/Production/HJETS/ratio-plots/hjets-matched-errorband/H-N2-3-25gev-combine.yoda/MC_H2JETS_07_INC/log10_d_12
ErrorBandColor=green
ErrorBandOpacity=0.3
ErrorBands=1
ErrorType=env
LineColor=green
LineStyle=solid
Path=//homes/tinghua1/Merging-Project/Production/HJETS/ratio-plots/hjets-matched-errorband/H-N2-3-25gev-combine.yoda/MC_H2JETS_07_INC/log10_d_12
RatioPlotSameStyle=1
Title=h(2*,3)
# xlow	 xhigh	 val	 errminus	 errplus
2.000000e-01	2.361292e-01	1.586076e+00	5.980470e-02	0.000000e+00
2.361291e-01	2.722583e-01	1.690425e+00	7.088947e-02	0.000000e+00
2.722583e-01	3.083875e-01	1.779799e+00	7.685578e-02	0.000000e+00
3.083874e-01	3.445165e-01	1.853960e+00	9.678597e-02	0.000000e+00
3.445165e-01	3.806457e-01	1.901940e+00	9.282215e-02	0.000000e+00
3.806457e-01	4.167748e-01	1.947273e+00	1.012428e-01	0.000000e+00
4.167748e-01	4.529039e-01	1.967105e+00	9.370590e-02	0.000000e+00
4.529039e-01	4.890331e-01	1.974386e+00	8.540017e-02	0.000000e+00
4.890331e-01	5.251621e-01	1.993964e+00	6.992978e-02	0.000000e+00
5.251623e-01	5.612913e-01	2.020909e+00	7.917025e-02	8.054172e-03
5.612913e-01	5.974205e-01	2.034635e+00	6.185911e-02	2.757326e-03
5.974204e-01	6.335495e-01	2.050759e+00	5.758267e-02	0.000000e+00
6.335497e-01	6.696787e-01	2.040294e+00	2.748532e-02	0.000000e+00
6.696787e-01	7.058079e-01	2.020520e+00	2.224046e-02	0.000000e+00
7.058080e-01	7.419370e-01	1.991236e+00	3.517663e-02	2.761652e-02
7.419370e-01	7.780660e-01	1.951046e+00	5.624690e-02	5.244886e-02
7.780661e-01	8.141953e-01	1.901974e+00	7.224932e-02	6.994868e-02
8.141954e-01	8.503245e-01	1.831599e+00	8.288969e-02	1.116056e-01
8.503244e-01	8.864534e-01	1.751374e+00	9.213293e-02	1.304790e-01
8.864535e-01	9.225827e-01	1.666409e+00	1.085668e-01	1.458765e-01
9.225828e-01	9.587118e-01	1.582694e+00	1.208729e-01	1.511319e-01
9.587118e-01	9.948408e-01	1.475583e+00	1.169190e-01	1.786103e-01
9.948404e-01	1.030970e+00	1.378534e+00	1.343183e-01	1.735933e-01
1.030970e+00	1.067098e+00	1.277442e+00	1.118761e-01	1.746038e-01
1.067100e+00	1.103228e+00	1.178630e+00	1.250422e-01	1.737676e-01
1.103229e+00	1.139358e+00	1.074663e+00	1.235049e-01	1.736644e-01
1.139357e+00	1.175487e+00	9.788126e-01	1.180955e-01	1.696294e-01
1.175487e+00	1.211615e+00	9.527546e-01	1.764511e-01	1.038066e-01
1.211617e+00	1.247745e+00	8.060364e-01	1.133281e-01	1.504960e-01
1.247746e+00	1.283875e+00	7.220291e-01	1.036306e-01	1.461087e-01
1.283874e+00	1.320002e+00	6.300612e-01	7.675330e-02	1.558261e-01
1.320002e+00	1.356131e+00	5.750195e-01	8.685986e-02	1.300947e-01
1.356132e+00	1.392261e+00	5.141194e-01	8.269119e-02	1.174018e-01
1.392261e+00	1.428391e+00	4.544226e-01	7.448575e-02	1.129272e-01
1.428391e+00	1.464519e+00	4.090542e-01	7.512552e-02	9.294196e-02
1.464519e+00	1.500648e+00	3.536392e-01	5.778128e-02	9.416258e-02
1.500649e+00	1.536778e+00	3.099410e-01	5.372272e-02	9.045310e-02
1.536778e+00	1.572906e+00	2.726889e-01	4.920197e-02	7.499906e-02
1.572906e+00	1.609035e+00	2.367482e-01	3.964234e-02	6.784641e-02
1.609036e+00	1.645165e+00	2.092028e-01	4.052279e-02	6.071563e-02
1.645165e+00	1.681293e+00	1.814901e-01	3.436638e-02	5.306612e-02
1.681294e+00	1.717424e+00	1.575584e-01	3.133338e-02	4.676197e-02
1.717423e+00	1.753552e+00	1.362657e-01	2.516806e-02	4.370484e-02
1.753553e+00	1.789682e+00	1.181631e-01	2.306969e-02	3.676003e-02
1.789682e+00	1.825811e+00	1.034886e-01	2.086745e-02	3.186911e-02
1.825812e+00	1.861940e+00	8.887799e-02	1.658283e-02	2.858222e-02
1.861940e+00	1.898069e+00	7.812746e-02	1.650680e-02	2.297049e-02
1.898069e+00	1.934198e+00	6.560428e-02	1.226530e-02	2.130192e-02
1.934198e+00	1.970328e+00	5.764611e-02	1.246690e-02	1.825048e-02
1.970329e+00	2.006458e+00	4.843895e-02	9.994381e-03	1.633414e-02
2.006458e+00	2.042587e+00	4.164452e-02	8.805198e-03	1.315032e-02
2.042585e+00	2.078714e+00	3.563771e-02	6.091422e-03	1.261006e-02
2.078715e+00	2.114844e+00	3.058150e-02	6.507039e-03	1.039996e-02
2.114845e+00	2.150974e+00	2.631177e-02	5.547059e-03	8.483266e-03
2.150972e+00	2.187101e+00	2.212939e-02	4.501124e-03	8.046868e-03
2.187102e+00	2.223231e+00	1.899858e-02	4.410653e-03	6.399482e-03
2.223231e+00	2.259361e+00	1.622067e-02	3.861423e-03	5.312104e-03
2.259362e+00	2.295491e+00	1.385827e-02	3.096330e-03	4.591536e-03
2.295489e+00	2.331618e+00	1.189922e-02	2.509890e-03	3.542412e-03
2.331619e+00	2.367748e+00	1.014100e-02	2.386543e-03	3.088392e-03
2.367749e+00	2.403878e+00	8.512126e-03	2.077663e-03	2.762563e-02
2.403876e+00	2.440005e+00	6.921885e-03	1.285059e-03	2.671209e-03
2.440006e+00	2.476135e+00	6.009914e-03	1.147076e-03	2.081865e-03
2.476135e+00	2.512265e+00	5.503208e-03	1.197927e-03	1.643850e-03
2.512266e+00	2.548395e+00	4.487055e-03	1.120319e-03	1.444928e-03
2.548393e+00	2.584522e+00	3.783603e-03	8.368624e-04	9.568989e-04
2.584523e+00	2.620652e+00	3.184387e-03	5.979629e-04	1.011833e-03
2.620653e+00	2.656782e+00	2.689336e-03	5.887284e-04	8.591123e-04
2.656780e+00	2.692909e+00	2.392871e-03	7.196867e-04	6.432138e-04
2.692910e+00	2.729039e+00	1.877376e-03	3.145642e-04	7.326123e-04
2.729040e+00	2.765169e+00	1.455737e-03	1.757245e-04	7.104689e-04
2.765168e+00	2.801298e+00	1.434988e-03	4.782109e-04	3.405931e-04
2.801297e+00	2.837426e+00	1.141542e-03	2.208146e-04	4.013878e-04
2.837427e+00	2.873556e+00	9.409831e-04	2.031673e-04	3.354289e-04
2.873557e+00	2.909686e+00	8.590354e-04	0.000000e+00	2.755396e-04
2.909686e+00	2.945815e+00	7.010255e-04	2.737419e-04	2.539323e-04
2.945813e+00	2.981942e+00	6.268134e-04	1.794938e-04	1.768344e-04
2.981943e+00	3.018072e+00	4.906945e-04	6.422016e-05	1.963860e-04
3.018072e+00	3.054202e+00	4.677888e-04	9.524799e-05	8.936562e-05
3.054203e+00	3.090332e+00	3.727432e-04	8.687343e-05	1.544643e-04
3.090330e+00	3.126459e+00	2.669145e-04	7.132802e-06	1.940299e-04
3.126460e+00	3.162589e+00	2.646471e-04	7.809643e-05	7.053320e-05
3.162590e+00	3.198719e+00	1.976913e-04	1.826535e-05	8.881259e-05
3.198717e+00	3.234846e+00	2.040832e-04	6.390332e-05	3.744347e-05
3.234847e+00	3.270976e+00	1.922912e-04	3.962811e-05	4.781428e-05
3.270977e+00	3.307106e+00	1.324002e-04	4.702134e-05	8.751441e-05
3.307105e+00	3.343235e+00	1.010317e-04	1.192045e-05	3.060302e-05
3.343234e+00	3.379363e+00	9.922580e-05	3.005231e-05	3.103510e-05
3.379364e+00	3.415493e+00	8.013156e-05	1.435141e-05	7.014490e-05
3.415494e+00	3.451623e+00	8.387929e-05	3.251156e-05	3.590274e-06
3.451621e+00	3.487750e+00	4.930427e-05	0.000000e+00	4.095832e-05
3.487751e+00	3.523880e+00	4.441626e-05	1.012273e-05	8.966592e-06
3.523881e+00	3.560010e+00	3.601425e-05	1.974425e-06	9.528800e-06
3.560009e+00	3.596139e+00	5.016886e-05	2.488500e-05	0.000000e+00
3.596138e+00	3.632267e+00	2.895408e-05	2.313100e-07	1.217122e-05
3.632268e+00	3.668397e+00	1.897056e-05	4.013914e-06	1.587262e-05
3.668398e+00	3.704527e+00	2.534857e-05	7.202303e-06	0.000000e+00
3.704525e+00	3.740654e+00	1.682526e-05	0.000000e+00	2.160431e-05
3.740655e+00	3.776784e+00	1.461809e-05	4.264441e-07	1.226462e-05
3.776785e+00	3.812914e+00	1.346750e-05	0.000000e+00	1.456586e-06
# END HISTO1D


# BEGIN HISTO1D //homes/tinghua1/Merging-Project/Production/HJETS/ratio-plots/hjets-matched-errorband/H-2-3-25gev-combine.yoda/MC_H2JETS_07_INC/log10_d_12
ErrorBandColor=purple
ErrorBandOpacity=0.3
ErrorBands=1
ErrorType=env
LineColor=purple
LineStyle=solid
Path=//homes/tinghua1/Merging-Project/Production/HJETS/ratio-plots/hjets-matched-errorband/H-2-3-25gev-combine.yoda/MC_H2JETS_07_INC/log10_d_12
RatioPlotSameStyle=1
Title=h(2,3)
# xlow	 xhigh	 val	 errminus	 errplus
2.000000e-01	2.361292e-01	1.435867e+00	1.402388e-02	5.482700e-02
2.361291e-01	2.722583e-01	1.515768e+00	0.000000e+00	6.716866e-02
2.722583e-01	3.083875e-01	1.582461e+00	0.000000e+00	8.979327e-02
3.083874e-01	3.445165e-01	1.641366e+00	0.000000e+00	9.994963e-02
3.445165e-01	3.806457e-01	1.690313e+00	0.000000e+00	9.807746e-02
3.806457e-01	4.167748e-01	1.725625e+00	0.000000e+00	9.816768e-02
4.167748e-01	4.529039e-01	1.755183e+00	0.000000e+00	8.961751e-02
4.529039e-01	4.890331e-01	1.764169e+00	0.000000e+00	8.990982e-02
4.890331e-01	5.251621e-01	1.784768e+00	0.000000e+00	8.687900e-02
5.251623e-01	5.612913e-01	1.815613e+00	0.000000e+00	8.383132e-02
5.612913e-01	5.974205e-01	1.838054e+00	0.000000e+00	7.241982e-02
5.974204e-01	6.335495e-01	1.861220e+00	0.000000e+00	5.605371e-02
6.335497e-01	6.696787e-01	1.880438e+00	0.000000e+00	3.311237e-02
6.696787e-01	7.058079e-01	1.888828e+00	2.195343e-02	1.202462e-02
7.058080e-01	7.419370e-01	1.886441e+00	5.858602e-02	0.000000e+00
7.419370e-01	7.780660e-01	1.873605e+00	9.641812e-02	0.000000e+00
7.780661e-01	8.141953e-01	1.847753e+00	1.360523e-01	0.000000e+00
8.141954e-01	8.503245e-01	1.811504e+00	1.752975e-01	0.000000e+00
8.503244e-01	8.864534e-01	1.756085e+00	2.050787e-01	0.000000e+00
8.864535e-01	9.225827e-01	1.693829e+00	2.343263e-01	0.000000e+00
9.225828e-01	9.587118e-01	1.616986e+00	2.505891e-01	0.000000e+00
9.587118e-01	9.948408e-01	1.538432e+00	2.703549e-01	0.000000e+00
9.948404e-01	1.030970e+00	1.451252e+00	2.819569e-01	0.000000e+00
1.030970e+00	1.067098e+00	1.360093e+00	2.851502e-01	0.000000e+00
1.067100e+00	1.103228e+00	1.266359e+00	2.874190e-01	0.000000e+00
1.103229e+00	1.139358e+00	1.171319e+00	2.839769e-01	0.000000e+00
1.139357e+00	1.175487e+00	1.075342e+00	2.746095e-01	0.000000e+00
1.175487e+00	1.211615e+00	9.806834e-01	2.605126e-01	0.000000e+00
1.211617e+00	1.247745e+00	8.950375e-01	2.529583e-01	0.000000e+00
1.247746e+00	1.283875e+00	8.098270e-01	2.355177e-01	0.000000e+00
1.283874e+00	1.320002e+00	7.301282e-01	2.208968e-01	0.000000e+00
1.320002e+00	1.356131e+00	6.570326e-01	2.063066e-01	0.000000e+00
1.356132e+00	1.392261e+00	5.872266e-01	1.902535e-01	0.000000e+00
1.392261e+00	1.428391e+00	5.229184e-01	1.745048e-01	0.000000e+00
1.428391e+00	1.464519e+00	4.651233e-01	1.587044e-01	0.000000e+00
1.464519e+00	1.500648e+00	4.120097e-01	1.426413e-01	0.000000e+00
1.500649e+00	1.536778e+00	3.638199e-01	1.294272e-01	0.000000e+00
1.536778e+00	1.572906e+00	3.202884e-01	1.162035e-01	0.000000e+00
1.572906e+00	1.609035e+00	2.809945e-01	1.028369e-01	0.000000e+00
1.609036e+00	1.645165e+00	2.473219e-01	8.963664e-02	0.000000e+00
1.645165e+00	1.681293e+00	2.162167e-01	8.218572e-02	0.000000e+00
1.681294e+00	1.717424e+00	1.887138e-01	7.180252e-02	0.000000e+00
1.717423e+00	1.753552e+00	1.631993e-01	6.294085e-02	0.000000e+00
1.753553e+00	1.789682e+00	1.425831e-01	5.611855e-02	0.000000e+00
1.789682e+00	1.825811e+00	1.236380e-01	4.885732e-02	0.000000e+00
1.825812e+00	1.861940e+00	1.071266e-01	4.287990e-02	0.000000e+00
1.861940e+00	1.898069e+00	9.245755e-02	3.741980e-02	0.000000e+00
1.898069e+00	1.934198e+00	7.997359e-02	3.247862e-02	0.000000e+00
1.934198e+00	1.970328e+00	6.891110e-02	2.841340e-02	0.000000e+00
1.970329e+00	2.006458e+00	5.941701e-02	2.461300e-02	0.000000e+00
2.006458e+00	2.042587e+00	5.070508e-02	2.100205e-02	0.000000e+00
2.042585e+00	2.078714e+00	4.378474e-02	1.836584e-02	0.000000e+00
2.078715e+00	2.114844e+00	3.750713e-02	1.591224e-02	0.000000e+00
2.114845e+00	2.150974e+00	3.202145e-02	1.354438e-02	0.000000e+00
2.150972e+00	2.187101e+00	2.697209e-02	1.122671e-02	0.000000e+00
2.187102e+00	2.223231e+00	2.307177e-02	9.764012e-03	0.000000e+00
2.223231e+00	2.259361e+00	1.977148e-02	8.393897e-03	0.000000e+00
2.259362e+00	2.295491e+00	1.664560e-02	6.994686e-03	0.000000e+00
2.295489e+00	2.331618e+00	1.433737e-02	6.128719e-03	0.000000e+00
2.331619e+00	2.367748e+00	1.216015e-02	5.151050e-03	0.000000e+00
2.367749e+00	2.403878e+00	1.022205e-02	4.284422e-03	0.000000e+00
2.403876e+00	2.440005e+00	8.652988e-03	3.727823e-03	0.000000e+00
2.440006e+00	2.476135e+00	7.295344e-03	3.028404e-03	0.000000e+00
2.476135e+00	2.512265e+00	6.313175e-03	2.803449e-03	0.000000e+00
2.512266e+00	2.548395e+00	5.309134e-03	2.336813e-03	0.000000e+00
2.548393e+00	2.584522e+00	4.265919e-03	1.577896e-03	0.000000e+00
2.584523e+00	2.620652e+00	3.884284e-03	1.624618e-03	0.000000e+00
2.620653e+00	2.656782e+00	3.219032e-03	1.362546e-03	0.000000e+00
2.656780e+00	2.692909e+00	2.723723e-03	1.176224e-03	0.000000e+00
2.692910e+00	2.729039e+00	2.358209e-03	1.024670e-03	0.000000e+00
2.729040e+00	2.765169e+00	1.954804e-03	7.707938e-04	0.000000e+00
2.765168e+00	2.801298e+00	1.697061e-03	7.872671e-04	0.000000e+00
2.801297e+00	2.837426e+00	1.450379e-03	6.432002e-04	0.000000e+00
2.837427e+00	2.873556e+00	1.221695e-03	5.568612e-04	0.000000e+00
2.873557e+00	2.909686e+00	1.007621e-03	4.197476e-04	0.000000e+00
2.909686e+00	2.945815e+00	8.567912e-04	3.603667e-04	0.000000e+00
2.945813e+00	2.981942e+00	7.276324e-04	2.726452e-04	0.000000e+00
2.981943e+00	3.018072e+00	6.554981e-04	2.996346e-04	0.000000e+00
3.018072e+00	3.054202e+00	4.743003e-04	1.581132e-04	0.000000e+00
3.054203e+00	3.090332e+00	4.267968e-04	1.794111e-04	0.000000e+00
3.090330e+00	3.126459e+00	3.795571e-04	1.379614e-04	0.000000e+00
3.126460e+00	3.162589e+00	3.210011e-04	1.680578e-04	0.000000e+00
3.162590e+00	3.198719e+00	2.678715e-04	1.240519e-04	0.000000e+00
3.198717e+00	3.234846e+00	2.263018e-04	9.085665e-05	0.000000e+00
3.234847e+00	3.270976e+00	1.884190e-04	6.489551e-05	0.000000e+00
3.270977e+00	3.307106e+00	1.567965e-04	6.857580e-05	0.000000e+00
3.307105e+00	3.343235e+00	1.466514e-04	7.059898e-05	0.000000e+00
3.343234e+00	3.379363e+00	1.152395e-04	4.609779e-05	0.000000e+00
3.379364e+00	3.415493e+00	1.001343e-04	4.354826e-05	0.000000e+00
3.415494e+00	3.451623e+00	8.755014e-05	3.057666e-05	0.000000e+00
3.451621e+00	3.487750e+00	7.358438e-05	3.575366e-05	0.000000e+00
3.487751e+00	3.523880e+00	5.343248e-05	2.581671e-05	0.000000e+00
3.523881e+00	3.560010e+00	5.310092e-05	2.851191e-05	0.000000e+00
3.560009e+00	3.596139e+00	4.610667e-05	2.184567e-05	0.000000e+00
3.596138e+00	3.632267e+00	3.390254e-05	1.007826e-05	0.000000e+00
3.632268e+00	3.668397e+00	1.116638e-05	0.000000e+00	1.144697e-05
3.668398e+00	3.704527e+00	2.480402e-05	7.259451e-06	0.000000e+00
3.704525e+00	3.740654e+00	2.205168e-05	9.756547e-06	0.000000e+00
3.740655e+00	3.776784e+00	2.937657e-05	1.808207e-05	0.000000e+00
3.776785e+00	3.812914e+00	1.680304e-05	1.065662e-05	6.928163e-05
# END HISTO1D


# BEGIN HISTO1D //homes/tinghua1/Merging-Project/Production/HJETS/ratio-plots/hjets-matched-errorband/H3Jets-NLOPS-combine.yoda/MC_H2JETS_07_INC/log10_d_12
ErrorBandColor=red
ErrorBandOpacity=0.3
ErrorBands=1
ErrorType=env
LineColor=red
LineStyle=solid
Path=//homes/tinghua1/Merging-Project/Production/HJETS/ratio-plots/hjets-matched-errorband/H3Jets-NLOPS-combine.yoda/MC_H2JETS_07_INC/log10_d_12
RatioPlotSameStyle=1
Title=h(3*) $\oplus$ PS
# xlow	 xhigh	 val	 errminus	 errplus
2.000000e-01	2.361292e-01	1.069621e+00	1.335871e-01	3.946320e-02
2.361291e-01	2.722583e-01	1.159067e+00	1.414595e-01	1.328870e-02
2.722583e-01	3.083875e-01	1.227548e+00	1.396514e-01	0.000000e+00
3.083874e-01	3.445165e-01	1.285004e+00	1.169896e-01	0.000000e+00
3.445165e-01	3.806457e-01	1.286323e+00	1.210309e-01	1.586888e-02
3.806457e-01	4.167748e-01	1.319887e+00	1.091057e-01	3.138467e-03
4.167748e-01	4.529039e-01	1.341648e+00	1.194223e-01	0.000000e+00
4.529039e-01	4.890331e-01	1.299346e+00	2.680768e-02	5.827475e-02
4.890331e-01	5.251621e-01	1.354937e+00	8.186365e-02	0.000000e+00
5.251623e-01	5.612913e-01	1.374725e+00	6.746888e-02	1.000855e-03
5.612913e-01	5.974205e-01	1.299909e+00	3.253241e-02	8.713478e-02
5.974204e-01	6.335495e-01	1.372868e+00	9.376984e-02	1.143621e-02
6.335497e-01	6.696787e-01	1.363574e+00	7.472508e-02	3.504018e-02
6.696787e-01	7.058079e-01	1.343365e+00	1.208615e-01	5.044784e-02
7.058080e-01	7.419370e-01	1.335643e+00	1.495894e-01	4.645175e-02
7.419370e-01	7.780660e-01	1.327447e+00	1.868707e-01	3.953987e-02
7.780661e-01	8.141953e-01	1.247439e+00	1.270474e-01	8.575667e-02
8.141954e-01	8.503245e-01	1.204468e+00	1.592641e-01	1.012724e-01
8.503244e-01	8.864534e-01	1.126223e+00	1.176116e-01	1.453266e-01
8.864535e-01	9.225827e-01	1.109674e+00	1.378364e-01	1.086094e-01
9.225828e-01	9.587118e-01	1.030680e+00	1.391449e-01	1.179819e-01
9.587118e-01	9.948408e-01	9.622122e-01	1.547517e-01	1.048853e-01
9.948404e-01	1.030970e+00	8.808144e-01	1.235708e-01	1.267527e-01
1.030970e+00	1.067098e+00	8.192341e-01	1.586083e-01	1.248842e-01
1.067100e+00	1.103228e+00	7.472792e-01	1.093089e-01	1.309458e-01
1.103229e+00	1.139358e+00	6.876493e-01	1.181793e-01	1.210053e-01
1.139357e+00	1.175487e+00	6.065646e-01	8.278356e-02	1.468456e-01
1.175487e+00	1.211615e+00	5.565036e-01	9.596391e-02	1.305932e-01
1.211617e+00	1.247745e+00	5.021717e-01	8.940104e-02	1.145100e-01
1.247746e+00	1.283875e+00	4.903953e-01	1.236087e-01	7.305295e-02
1.283874e+00	1.320002e+00	3.871906e-01	7.745329e-02	1.106239e-01
1.320002e+00	1.356131e+00	3.720942e-01	8.777547e-02	8.333057e-02
1.356132e+00	1.392261e+00	3.082778e-01	5.056116e-02	9.311052e-02
1.392261e+00	1.428391e+00	2.734373e-01	4.941639e-02	8.536424e-02
1.428391e+00	1.464519e+00	2.433651e-01	4.121396e-02	5.438966e-02
1.464519e+00	1.500648e+00	2.239209e-01	6.373008e-02	6.154618e-02
1.500649e+00	1.536778e+00	1.984315e-01	4.440829e-02	4.718824e-02
1.536778e+00	1.572906e+00	1.574125e-01	2.575549e-02	7.307634e-02
1.572906e+00	1.609035e+00	1.419531e-01	2.365739e-02	4.877362e-02
1.609036e+00	1.645165e+00	1.314803e-01	2.936801e-02	3.285162e-02
1.645165e+00	1.681293e+00	1.122560e-01	2.294677e-02	3.625462e-02
1.681294e+00	1.717424e+00	9.767443e-02	2.527692e-02	2.640219e-02
1.717423e+00	1.753552e+00	8.380096e-02	3.090855e-02	2.909438e-02
1.753553e+00	1.789682e+00	7.572750e-02	2.141817e-02	1.947142e-02
1.789682e+00	1.825811e+00	6.203263e-02	1.179629e-02	2.044488e-02
1.825812e+00	1.861940e+00	4.783982e-02	1.083617e-02	2.355130e-02
1.861940e+00	1.898069e+00	4.903263e-02	1.643375e-02	9.889147e-03
1.898069e+00	1.934198e+00	3.753276e-02	1.554616e-02	1.773368e-02
1.934198e+00	1.970328e+00	3.473922e-02	7.457758e-03	1.069701e-02
1.970329e+00	2.006458e+00	2.996966e-02	6.921022e-03	1.021611e-02
2.006458e+00	2.042587e+00	2.869883e-02	8.641194e-03	3.174707e-03
2.042585e+00	2.078714e+00	2.316478e-02	7.904545e-03	7.086518e-03
2.078715e+00	2.114844e+00	1.917308e-02	5.084539e-03	5.206942e-03
2.114845e+00	2.150974e+00	1.510557e-02	5.037878e-03	4.054242e-03
2.150972e+00	2.187101e+00	1.439708e-02	3.055595e-03	4.231451e-03
2.187102e+00	2.223231e+00	1.170146e-02	3.994390e-03	5.219444e-03
2.223231e+00	2.259361e+00	9.253072e-03	3.451351e-03	3.349828e-03
2.259362e+00	2.295491e+00	7.394251e-03	1.341784e-03	3.303166e-03
2.295489e+00	2.331618e+00	6.592067e-03	1.567912e-03	3.726596e-03
2.331619e+00	2.367748e+00	5.763572e-03	4.492485e-04	1.729555e-03
2.367749e+00	2.403878e+00	4.859517e-03	2.165260e-03	2.499712e-03
2.403876e+00	2.440005e+00	4.474591e-03	2.051265e-03	7.366963e-04
2.440006e+00	2.476135e+00	3.674774e-03	1.096834e-03	1.152321e-03
2.476135e+00	2.512265e+00	3.058630e-03	7.143496e-04	6.620260e-04
2.512266e+00	2.548395e+00	3.001935e-03	9.147912e-04	1.455064e-05
2.548393e+00	2.584522e+00	2.314290e-03	3.533198e-04	8.220025e-04
2.584523e+00	2.620652e+00	1.803861e-03	2.001791e-04	8.965230e-04
2.620653e+00	2.656782e+00	1.292735e-03	0.000000e+00	1.015384e-03
2.656780e+00	2.692909e+00	1.540033e-03	3.986814e-04	5.268682e-04
2.692910e+00	2.729039e+00	1.059356e-03	2.287138e-04	6.720479e-04
2.729040e+00	2.765169e+00	9.563005e-04	1.683769e-04	4.053849e-04
2.765168e+00	2.801298e+00	1.096918e-03	7.240736e-04	0.000000e+00
2.801297e+00	2.837426e+00	1.185620e-04	0.000000e+00	7.704338e-04
2.837427e+00	2.873556e+00	4.749168e-04	0.000000e+00	3.560445e-04
2.873557e+00	2.909686e+00	5.446030e-04	4.939245e-05	1.184306e-04
2.909686e+00	2.945815e+00	2.763017e-04	0.000000e+00	3.721295e-04
2.945813e+00	2.981942e+00	3.102563e-04	3.743979e-05	1.690041e-04
2.981943e+00	3.018072e+00	3.524418e-04	0.000000e+00	5.525780e-04
3.018072e+00	3.054202e+00	3.548702e-04	1.923332e-04	0.000000e+00
3.054203e+00	3.090332e+00	2.195153e-04	1.824366e-04	9.048853e-05
3.090330e+00	3.126459e+00	1.044928e-04	6.596936e-05	5.670478e-05
3.126460e+00	3.162589e+00	6.322063e-05	0.000000e+00	1.134648e-04
3.162590e+00	3.198719e+00	1.046453e-04	3.117659e-05	0.000000e+00
3.198717e+00	3.234846e+00	1.321488e-04	5.005436e-05	0.000000e+00
3.234847e+00	3.270976e+00	1.269302e-04	2.164239e-05	0.000000e+00
3.270977e+00	3.307106e+00	4.325406e-05	0.000000e+00	1.098536e-04
3.307105e+00	3.343235e+00	2.951312e-05	1.903792e-04	7.937008e-05
3.343234e+00	3.379363e+00	6.286537e-05	1.710562e-05	1.288217e-05
3.379364e+00	3.415493e+00	7.272941e-05	6.565690e-05	0.000000e+00
3.415494e+00	3.451623e+00	2.975305e-05	0.000000e+00	2.008540e-04
3.451621e+00	3.487750e+00	4.274253e-05	2.685672e-05	0.000000e+00
3.487751e+00	3.523880e+00	2.933333e-04	2.669615e-04	0.000000e+00
3.523881e+00	3.560010e+00	2.268338e-05	6.572199e-05	2.305157e-07
3.560009e+00	3.596139e+00	2.318394e-05	1.101770e-05	0.000000e+00
3.596138e+00	3.632267e+00	2.136617e-05	1.773024e-05	5.032135e-06
3.632268e+00	3.668397e+00	1.459534e-05	8.706374e-06	1.667868e-05
3.668398e+00	3.704527e+00	1.151834e-05	0.000000e+00	2.015832e-05
3.704525e+00	3.740654e+00	1.183574e-05	0.000000e+00	2.193040e-05
3.740655e+00	3.776784e+00	1.455906e-05	6.409020e-06	0.000000e+00
3.776785e+00	3.812914e+00	-1.606068e-06	0.000000e+00	1.290856e-05
# END HISTO1D


# BEGIN HISTO1D //homes/tinghua1/Merging-Project/Production/HJETS/ratio-plots/hjets-matched-errorband/H2Jets-NLOPS-combine.yoda/MC_H2JETS_07_INC/log10_d_12
ErrorBandColor=violet
ErrorBandOpacity=0.3
ErrorBands=1
ErrorType=env
LineColor=violet
LineStyle=solid
Path=//homes/tinghua1/Merging-Project/Production/HJETS/ratio-plots/hjets-matched-errorband/H2Jets-NLOPS-combine.yoda/MC_H2JETS_07_INC/log10_d_12
RatioPlotSameStyle=1
Title=h(2*) $\oplus$ PS
# xlow	 xhigh	 val	 errminus	 errplus
2.000000e-01	2.361292e-01	1.521320e+00	5.944460e-02	0.000000e+00
2.361291e-01	2.722583e-01	1.628422e+00	6.373709e-02	0.000000e+00
2.722583e-01	3.083875e-01	1.711951e+00	7.600355e-02	0.000000e+00
3.083874e-01	3.445165e-01	1.778863e+00	8.693186e-02	0.000000e+00
3.445165e-01	3.806457e-01	1.834248e+00	9.442916e-02	0.000000e+00
3.806457e-01	4.167748e-01	1.870466e+00	9.205184e-02	0.000000e+00
4.167748e-01	4.529039e-01	1.894821e+00	8.974954e-02	0.000000e+00
4.529039e-01	4.890331e-01	1.904204e+00	7.977508e-02	0.000000e+00
4.890331e-01	5.251621e-01	1.930155e+00	8.488421e-02	0.000000e+00
5.251623e-01	5.612913e-01	1.946969e+00	7.041886e-02	2.167228e-04
5.612913e-01	5.974205e-01	1.956560e+00	5.018960e-02	1.592341e-03
5.974204e-01	6.335495e-01	1.967071e+00	3.479688e-02	0.000000e+00
6.335497e-01	6.696787e-01	1.964730e+00	1.827225e-02	0.000000e+00
6.696787e-01	7.058079e-01	1.953797e+00	3.307546e-02	2.476390e-03
7.058080e-01	7.419370e-01	1.930326e+00	5.133590e-02	2.716591e-02
7.419370e-01	7.780660e-01	1.889329e+00	4.754118e-02	5.206717e-02
7.780661e-01	8.141953e-01	1.840311e+00	7.769394e-02	8.011747e-02
8.141954e-01	8.503245e-01	1.779463e+00	9.618756e-02	1.016441e-01
8.503244e-01	8.864534e-01	1.702186e+00	9.928839e-02	1.238722e-01
8.864535e-01	9.225827e-01	1.618533e+00	1.058429e-01	1.449883e-01
9.225828e-01	9.587118e-01	1.534683e+00	1.158930e-01	1.561996e-01
9.587118e-01	9.948408e-01	1.441148e+00	1.164734e-01	1.642136e-01
9.948404e-01	1.030970e+00	1.341551e+00	1.167696e-01	1.774647e-01
1.030970e+00	1.067098e+00	1.250242e+00	1.290897e-01	1.711752e-01
1.067100e+00	1.103228e+00	1.152554e+00	1.245753e-01	1.712048e-01
1.103229e+00	1.139358e+00	1.057091e+00	1.254184e-01	1.712425e-01
1.139357e+00	1.175487e+00	9.618384e-01	1.154650e-01	1.700288e-01
1.175487e+00	1.211615e+00	8.716834e-01	1.090083e-01	1.644399e-01
1.211617e+00	1.247745e+00	7.869952e-01	1.028448e-01	1.563675e-01
1.247746e+00	1.283875e+00	7.138230e-01	1.036248e-01	1.421473e-01
1.283874e+00	1.320002e+00	6.388682e-01	9.672451e-02	1.370694e-01
1.320002e+00	1.356131e+00	5.674256e-01	8.431288e-02	1.288945e-01
1.356132e+00	1.392261e+00	5.066404e-01	8.136317e-02	1.177434e-01
1.392261e+00	1.428391e+00	4.486734e-01	7.168613e-02	1.087232e-01
1.428391e+00	1.464519e+00	3.956271e-01	6.567716e-02	1.008749e-01
1.464519e+00	1.500648e+00	3.500365e-01	5.954220e-02	9.039470e-02
1.500649e+00	1.536778e+00	3.073572e-01	5.198237e-02	8.059758e-02
1.536778e+00	1.572906e+00	2.702278e-01	4.784273e-02	7.453434e-02
1.572906e+00	1.609035e+00	2.387719e-01	4.494608e-02	6.466993e-02
1.609036e+00	1.645165e+00	2.069547e-01	3.843621e-02	5.899507e-02
1.645165e+00	1.681293e+00	1.807999e-01	3.372845e-02	5.259825e-02
1.681294e+00	1.717424e+00	1.572057e-01	2.915317e-02	4.653089e-02
1.717423e+00	1.753552e+00	1.369460e-01	2.604824e-02	4.079271e-02
1.753553e+00	1.789682e+00	1.194352e-01	2.325498e-02	3.584486e-02
1.789682e+00	1.825811e+00	1.027956e-01	1.938581e-02	3.278220e-02
1.825812e+00	1.861940e+00	8.964538e-02	1.727161e-02	2.758634e-02
1.861940e+00	1.898069e+00	7.701921e-02	1.570536e-02	2.391422e-02
1.898069e+00	1.934198e+00	6.658753e-02	1.380896e-02	2.048977e-02
1.934198e+00	1.970328e+00	5.719906e-02	1.199770e-02	1.812402e-02
1.970329e+00	2.006458e+00	4.932722e-02	8.682527e-03	1.539381e-02
2.006458e+00	2.042587e+00	4.250032e-02	8.946829e-03	1.370279e-02
2.042585e+00	2.078714e+00	3.593908e-02	6.697943e-03	1.209588e-02
2.078715e+00	2.114844e+00	3.079800e-02	5.981519e-03	1.027122e-02
2.114845e+00	2.150974e+00	2.629691e-02	5.162089e-03	8.959999e-03
2.150972e+00	2.187101e+00	2.304498e-02	5.288995e-03	7.013009e-03
2.187102e+00	2.223231e+00	1.924917e-02	4.096067e-03	6.107044e-03
2.223231e+00	2.259361e+00	1.644974e-02	3.463000e-03	5.306549e-03
2.259362e+00	2.295491e+00	1.366796e-02	2.656514e-03	4.895095e-03
2.295489e+00	2.331618e+00	1.171948e-02	2.535548e-03	3.901926e-03
2.331619e+00	2.367748e+00	9.926859e-03	2.191898e-03	3.627028e-03
2.367749e+00	2.403878e+00	8.535116e-03	1.820543e-03	2.978635e-03
2.403876e+00	2.440005e+00	7.157497e-03	1.626740e-03	2.432871e-03
2.440006e+00	2.476135e+00	6.153935e-03	1.263259e-03	2.053193e-03
2.476135e+00	2.512265e+00	5.171337e-03	1.232934e-03	1.822037e-03
2.512266e+00	2.548395e+00	4.365009e-03	8.894738e-04	1.571344e-03
2.548393e+00	2.584522e+00	3.821805e-03	8.201279e-04	1.226289e-03
2.584523e+00	2.620652e+00	3.173802e-03	6.162725e-04	9.656536e-04
2.620653e+00	2.656782e+00	2.626867e-03	4.391694e-04	1.029003e-03
2.656780e+00	2.692909e+00	2.248467e-03	4.561765e-04	7.985591e-04
2.692910e+00	2.729039e+00	1.916846e-03	4.363771e-04	6.652138e-04
2.729040e+00	2.765169e+00	1.627620e-03	2.758900e-04	5.536422e-04
2.765168e+00	2.801298e+00	1.361853e-03	3.230047e-04	5.160717e-04
2.801297e+00	2.837426e+00	1.189246e-03	3.390340e-04	3.705284e-04
2.837427e+00	2.873556e+00	1.003103e-03	2.262346e-04	3.294774e-04
2.873557e+00	2.909686e+00	8.111398e-04	1.484522e-04	3.033248e-04
2.909686e+00	2.945815e+00	7.008030e-04	1.655963e-04	2.076764e-04
2.945813e+00	2.981942e+00	6.424482e-04	1.679211e-04	2.044635e-04
2.981943e+00	3.018072e+00	5.051313e-04	1.118752e-04	1.711705e-04
3.018072e+00	3.054202e+00	4.233379e-04	1.079424e-04	1.599994e-04
3.054203e+00	3.090332e+00	3.611321e-04	8.023721e-05	1.148748e-04
3.090330e+00	3.126459e+00	3.412638e-04	8.606433e-05	4.530184e-05
3.126460e+00	3.162589e+00	2.552356e-04	2.110150e-05	8.538855e-05
3.162590e+00	3.198719e+00	2.477067e-04	6.974591e-05	1.534975e-05
3.198717e+00	3.234846e+00	1.872113e-04	4.473213e-05	7.438141e-05
3.234847e+00	3.270976e+00	1.702307e-04	5.754375e-05	4.278020e-05
3.270977e+00	3.307106e+00	1.689952e-04	6.839456e-05	2.067112e-05
3.307105e+00	3.343235e+00	1.045097e-04	1.352294e-05	3.914797e-05
3.343234e+00	3.379363e+00	1.002778e-04	3.473620e-05	2.019306e-05
3.379364e+00	3.415493e+00	7.671580e-05	2.654671e-05	2.257126e-05
3.415494e+00	3.451623e+00	7.216698e-05	2.715793e-05	2.104584e-05
3.451621e+00	3.487750e+00	6.189737e-05	5.599740e-06	1.827676e-05
3.487751e+00	3.523880e+00	4.905439e-05	6.106064e-06	1.496144e-05
3.523881e+00	3.560010e+00	4.368261e-05	2.466827e-06	1.531590e-05
3.560009e+00	3.596139e+00	3.725453e-05	1.457939e-05	1.108721e-05
3.596138e+00	3.632267e+00	2.770232e-05	1.333693e-06	1.879620e-05
3.632268e+00	3.668397e+00	2.430689e-05	4.034449e-06	7.003305e-06
3.668398e+00	3.704527e+00	1.487231e-05	0.000000e+00	1.034255e-05
3.704525e+00	3.740654e+00	1.768297e-05	5.902571e-07	1.193460e-05
3.740655e+00	3.776784e+00	1.417005e-05	1.592101e-07	9.153046e-06
3.776785e+00	3.812914e+00	1.447308e-05	3.946016e-06	0.000000e+00
# END HISTO1D

