# BEGIN PLOT
Scale=1000.0
DrawOnly=//homes/tinghua1/Merging-Project/Production/HJETS/ratio-plots/hjets-matched-errorband/H-N2-N3-4-25gev-combine.yoda/MC_H2JETS_07_INC/y1j_yj2 //homes/tinghua1/Merging-Project/Production/HJETS/ratio-plots/hjets-matched-errorband/H-N2-3-4-25gev-combine.yoda/MC_H2JETS_07_INC/y1j_yj2 //homes/tinghua1/Merging-Project/Production/HJETS/ratio-plots/hjets-matched-errorband/H-2-3-4-25gev-combine.yoda/MC_H2JETS_07_INC/y1j_yj2 //homes/tinghua1/Merging-Project/Production/HJETS/ratio-plots/hjets-matched-errorband/H-N2-3-25gev-combine.yoda/MC_H2JETS_07_INC/y1j_yj2 //homes/tinghua1/Merging-Project/Production/HJETS/ratio-plots/hjets-matched-errorband/H-2-3-25gev-combine.yoda/MC_H2JETS_07_INC/y1j_yj2 //homes/tinghua1/Merging-Project/Production/HJETS/ratio-plots/hjets-matched-errorband/H3Jets-NLOPS-combine.yoda/MC_H2JETS_07_INC/y1j_yj2 //homes/tinghua1/Merging-Project/Production/HJETS/ratio-plots/hjets-matched-errorband/H2Jets-NLOPS-combine.yoda/MC_H2JETS_07_INC/y1j_yj2
RightMargin=0.5
RatioPlotReference=//homes/tinghua1/Merging-Project/Production/HJETS/ratio-plots/hjets-matched-errorband/H-N2-N3-4-25gev-combine.yoda/MC_H2JETS_07_INC/y1j_yj2
#RatioPlot=1
LogY=1
RatioPlotYMax=1.4
RatioPlotYLabel=Ratio
#LegendOnly=//homes/tinghua1/Merging-Project/Production/HJETS/ratio-plots/hjets-matched-errorband/H-N2-N3-4-25gev-combine.yoda/MC_H2JETS_07_INC/y1j_yj2 //homes/tinghua1/Merging-Project/Production/HJETS/ratio-plots/hjets-matched-errorband/H-N2-3-4-25gev-combine.yoda/MC_H2JETS_07_INC/y1j_yj2 //homes/tinghua1/Merging-Project/Production/HJETS/ratio-plots/hjets-matched-errorband/H-2-3-4-25gev-combine.yoda/MC_H2JETS_07_INC/y1j_yj2 //homes/tinghua1/Merging-Project/Production/HJETS/ratio-plots/hjets-matched-errorband/H-N2-3-25gev-combine.yoda/MC_H2JETS_07_INC/y1j_yj2 //homes/tinghua1/Merging-Project/Production/HJETS/ratio-plots/hjets-matched-errorband/H-2-3-25gev-combine.yoda/MC_H2JETS_07_INC/y1j_yj2 //homes/tinghua1/Merging-Project/Production/HJETS/ratio-plots/hjets-matched-errorband/H3Jets-NLOPS-combine.yoda/MC_H2JETS_07_INC/y1j_yj2 //homes/tinghua1/Merging-Project/Production/HJETS/ratio-plots/hjets-matched-errorband/H2Jets-NLOPS-combine.yoda/MC_H2JETS_07_INC/y1j_yj2
XLabel=$y_{j_1}*y_{j_2}$
LegendAlign=r
YLabel=$ \text{d} \sigma/ \text{d}  y_{j_1}*y_{j_2}$ (fb)
Legend=0
RatioPlot=6
MainPlotSelection={"Selection":[1,2,3,4,5,6,7]}
RatioPlots={"RatioPlotYLabel":"","Selection":[1,2]};{"RatioPlotYLabel":"","Selection":[1,3]};{"RatioPlotYLabel":"","Selection":[1,4]};{"RatioPlotYLabel":"","Selection":[1,5]};{"RatioPlotYLabel":"","Selection":[1,6]};{"RatioPlotYLabel":"","Selection":[1,7]}
RatioPlotSameStyle=1
RatioPlotYMin=0.2
# END PLOT


# BEGIN SPECIAL /MC_H2JETS_07_INC/y1j_yj2
\rput[tl](0.05,0.75){\parbox{5cm}{\textcolor{gray}{{\bf Herwig 7.2.0} \\ HJETS/ColorFull}}}
# END SPECIAL

# BEGIN HISTO1D //homes/tinghua1/Merging-Project/Production/HJETS/ratio-plots/hjets-matched-errorband/H-N2-N3-4-25gev-combine.yoda/MC_H2JETS_07_INC/y1j_yj2
ErrorBandColor=orange
ErrorBandOpacity=0.3
ErrorBands=1
ErrorType=env
LineColor=orange
LineStyle=solid
Path=//homes/tinghua1/Merging-Project/Production/HJETS/ratio-plots/hjets-matched-errorband/H-N2-N3-4-25gev-combine.yoda/MC_H2JETS_07_INC/y1j_yj2
RatioPlotSameStyle=1
Title=h(2*,3*,4)
# xlow	 xhigh	 val	 errminus	 errplus
-1.000000e+01	-9.600000e+00	7.817925e-02	5.890000e-04	0.000000e+00
-9.600000e+00	-9.200000e+00	8.555682e-02	0.000000e+00	3.239250e-04
-9.200000e+00	-8.800000e+00	9.492773e-02	1.560925e-03	0.000000e+00
-8.800000e+00	-8.400000e+00	1.028930e-01	1.785750e-04	0.000000e+00
-8.400000e+00	-8.000000e+00	1.125614e-01	0.000000e+00	3.378500e-04
-8.000000e+00	-7.600000e+00	1.215611e-01	6.089750e-04	8.764000e-04
-7.600000e+00	-7.200000e+00	1.308642e-01	2.681750e-03	1.444350e-03
-7.200000e+00	-6.800000e+00	1.466141e-01	8.278325e-03	0.000000e+00
-6.800000e+00	-6.400000e+00	1.504751e-01	4.437300e-03	1.816700e-03
-6.400000e+00	-6.000000e+00	1.602961e-01	2.195875e-03	2.586575e-03
-6.000000e+00	-5.600000e+00	1.712338e-01	4.444325e-03	1.971375e-03
-5.600000e+00	-5.200000e+00	1.801204e-01	3.875625e-03	1.398375e-03
-5.200000e+00	-4.800000e+00	1.899045e-01	5.470175e-03	3.077325e-03
-4.800000e+00	-4.400000e+00	1.970607e-01	4.596600e-03	6.310025e-03
-4.400000e+00	-4.000000e+00	2.049199e-01	5.077050e-03	7.151550e-03
-4.000000e+00	-3.600000e+00	2.129321e-01	6.020750e-03	4.515975e-03
-3.600000e+00	-3.200000e+00	2.196763e-01	5.616275e-03	4.738975e-03
-3.200000e+00	-2.800000e+00	2.252881e-01	6.721525e-03	4.300250e-03
-2.800000e+00	-2.400000e+00	2.275901e-01	0.000000e+00	6.049125e-03
-2.400000e+00	-2.000000e+00	2.300551e-01	3.070050e-03	5.397800e-03
-2.000000e+00	-1.600000e+00	2.330525e-01	4.844325e-03	4.492175e-03
-1.600000e+00	-1.200000e+00	2.369915e-01	2.738600e-03	1.127475e-03
-1.200000e+00	-8.000000e-01	2.470827e-01	3.342325e-03	5.255100e-03
-8.000000e-01	-4.000000e-01	2.918225e-01	0.000000e+00	2.168250e-03
-4.000000e-01	0.000000e+00	5.188425e-01	3.624250e-03	1.079350e-02
0.000000e+00	4.000000e-01	5.430285e-01	6.087250e-03	1.171275e-02
4.000000e-01	8.000000e-01	3.553780e-01	7.459750e-03	4.463250e-03
8.000000e-01	1.200000e+00	2.864383e-01	8.397750e-03	0.000000e+00
1.200000e+00	1.600000e+00	2.376685e-01	0.000000e+00	2.758025e-03
1.600000e+00	2.000000e+00	2.092973e-01	1.173912e-02	0.000000e+00
2.000000e+00	2.400000e+00	1.777701e-01	0.000000e+00	2.514750e-03
2.400000e+00	2.800000e+00	1.557545e-01	2.287750e-04	1.698800e-03
2.800000e+00	3.200000e+00	1.417539e-01	2.224775e-03	0.000000e+00
3.200000e+00	3.600000e+00	1.238632e-01	7.653000e-04	0.000000e+00
3.600000e+00	4.000000e+00	1.097584e-01	5.251500e-04	0.000000e+00
4.000000e+00	4.400000e+00	9.268352e-02	0.000000e+00	6.563725e-03
4.400000e+00	4.800000e+00	8.670580e-02	7.108750e-04	0.000000e+00
4.800000e+00	5.200000e+00	7.784775e-02	1.896400e-03	0.000000e+00
5.200000e+00	5.600000e+00	6.776083e-02	0.000000e+00	3.207175e-03
5.600000e+00	6.000000e+00	6.110610e-02	1.430075e-03	0.000000e+00
6.000000e+00	6.400000e+00	5.391417e-02	1.118500e-03	4.720750e-04
6.400000e+00	6.800000e+00	4.842903e-02	1.268100e-03	2.167375e-03
6.800000e+00	7.200000e+00	4.368375e-02	7.225250e-04	0.000000e+00
7.200000e+00	7.600000e+00	3.593670e-02	0.000000e+00	2.091700e-03
7.600000e+00	8.000000e+00	3.253747e-02	2.907250e-04	1.653225e-03
8.000000e+00	8.400000e+00	2.851160e-02	2.189000e-04	3.589250e-04
8.400000e+00	8.800000e+00	2.560855e-02	1.310817e-03	0.000000e+00
8.800000e+00	9.200000e+00	2.254772e-02	6.836475e-04	0.000000e+00
9.200000e+00	9.600000e+00	1.952673e-02	6.510550e-04	0.000000e+00
9.600000e+00	1.000000e+01	1.699955e-02	4.695725e-04	1.494855e-03
# END HISTO1D


# BEGIN HISTO1D //homes/tinghua1/Merging-Project/Production/HJETS/ratio-plots/hjets-matched-errorband/H-N2-3-4-25gev-combine.yoda/MC_H2JETS_07_INC/y1j_yj2
ErrorBandColor=blue
ErrorBandOpacity=0.3
ErrorBands=1
ErrorType=env
LineColor=blue
LineStyle=solid
Path=//homes/tinghua1/Merging-Project/Production/HJETS/ratio-plots/hjets-matched-errorband/H-N2-3-4-25gev-combine.yoda/MC_H2JETS_07_INC/y1j_yj2
RatioPlotSameStyle=1
Title=h(2*,3,4)
# xlow	 xhigh	 val	 errminus	 errplus
-1.000000e+01	-9.600000e+00	7.800885e-02	0.000000e+00	9.344750e-04
-9.600000e+00	-9.200000e+00	8.599380e-02	4.223000e-04	0.000000e+00
-9.200000e+00	-8.800000e+00	9.444080e-02	9.585250e-04	3.845000e-05
-8.800000e+00	-8.400000e+00	1.032226e-01	1.539200e-03	3.176000e-04
-8.400000e+00	-8.000000e+00	1.118260e-01	0.000000e+00	9.770750e-04
-8.000000e+00	-7.600000e+00	1.208970e-01	1.106750e-03	1.644650e-03
-7.600000e+00	-7.200000e+00	1.361802e-01	6.957950e-03	0.000000e+00
-7.200000e+00	-6.800000e+00	1.407957e-01	2.933425e-03	1.478000e-03
-6.800000e+00	-6.400000e+00	1.506366e-01	3.673000e-04	2.021525e-03
-6.400000e+00	-6.000000e+00	1.607865e-01	3.952700e-03	1.894675e-03
-6.000000e+00	-5.600000e+00	1.693114e-01	3.024950e-03	4.391700e-03
-5.600000e+00	-5.200000e+00	1.798059e-01	4.941275e-03	3.566000e-03
-5.200000e+00	-4.800000e+00	1.889881e-01	5.172600e-03	4.190075e-03
-4.800000e+00	-4.400000e+00	1.976999e-01	4.444325e-03	4.323600e-03
-4.400000e+00	-4.000000e+00	2.059399e-01	5.527625e-03	5.044375e-03
-4.000000e+00	-3.600000e+00	2.126131e-01	6.470075e-03	5.101325e-03
-3.600000e+00	-3.200000e+00	2.187501e-01	7.237125e-03	6.050450e-03
-3.200000e+00	-2.800000e+00	2.244996e-01	7.978475e-03	5.152850e-03
-2.800000e+00	-2.400000e+00	2.261952e-01	6.525025e-03	8.299200e-03
-2.400000e+00	-2.000000e+00	2.306738e-01	7.828975e-03	5.172825e-03
-2.000000e+00	-1.600000e+00	2.320845e-01	4.914575e-03	5.327475e-03
-1.600000e+00	-1.200000e+00	2.358594e-01	4.879275e-03	4.027425e-03
-1.200000e+00	-8.000000e-01	2.458170e-01	1.817075e-03	3.196975e-03
-8.000000e-01	-4.000000e-01	2.905972e-01	0.000000e+00	1.866250e-03
-4.000000e-01	0.000000e+00	5.141708e-01	3.558000e-03	8.106750e-03
0.000000e+00	4.000000e-01	5.404537e-01	5.659750e-03	1.113150e-02
4.000000e-01	8.000000e-01	3.512777e-01	2.792750e-03	8.065250e-03
8.000000e-01	1.200000e+00	2.816290e-01	1.906000e-03	3.378750e-03
1.200000e+00	1.600000e+00	2.371440e-01	1.412275e-03	3.138225e-03
1.600000e+00	2.000000e+00	2.059226e-01	2.227275e-03	6.947750e-04
2.000000e+00	2.400000e+00	1.787106e-01	7.822000e-04	7.741000e-04
2.400000e+00	2.800000e+00	1.564285e-01	1.270400e-03	2.352175e-03
2.800000e+00	3.200000e+00	1.384513e-01	6.357500e-05	2.138900e-03
3.200000e+00	3.600000e+00	1.233393e-01	1.749575e-03	1.149700e-03
3.600000e+00	4.000000e+00	1.097078e-01	7.325000e-04	1.247975e-03
4.000000e+00	4.400000e+00	9.771292e-02	1.182675e-03	7.630000e-04
4.400000e+00	4.800000e+00	8.688325e-02	6.609750e-04	8.896500e-04
4.800000e+00	5.200000e+00	7.735737e-02	1.112725e-03	2.477450e-03
5.200000e+00	5.600000e+00	6.879973e-02	8.962250e-04	9.489500e-04
5.600000e+00	6.000000e+00	6.098405e-02	8.041500e-04	1.071400e-03
6.000000e+00	6.400000e+00	5.365995e-02	3.660500e-04	2.175750e-03
6.400000e+00	6.800000e+00	4.779938e-02	2.688500e-04	1.265500e-03
6.800000e+00	7.200000e+00	4.246875e-02	3.940000e-04	4.473500e-04
7.200000e+00	7.600000e+00	3.729735e-02	6.354250e-04	1.098150e-03
7.600000e+00	8.000000e+00	3.261660e-02	5.670750e-04	1.312700e-03
8.000000e+00	8.400000e+00	2.859452e-02	3.845000e-04	1.005425e-03
8.400000e+00	8.800000e+00	2.513022e-02	5.503500e-04	6.021250e-04
8.800000e+00	9.200000e+00	2.198484e-02	5.096325e-04	7.267900e-04
9.200000e+00	9.600000e+00	1.898139e-02	5.817625e-04	8.438350e-04
9.600000e+00	1.000000e+01	1.636961e-02	2.762575e-04	8.610900e-04
# END HISTO1D


# BEGIN HISTO1D //homes/tinghua1/Merging-Project/Production/HJETS/ratio-plots/hjets-matched-errorband/H-2-3-4-25gev-combine.yoda/MC_H2JETS_07_INC/y1j_yj2
ErrorBandColor=yellow
ErrorBandOpacity=0.3
ErrorBands=1
ErrorType=env
LineColor=yellow
LineStyle=solid
Path=//homes/tinghua1/Merging-Project/Production/HJETS/ratio-plots/hjets-matched-errorband/H-2-3-4-25gev-combine.yoda/MC_H2JETS_07_INC/y1j_yj2
RatioPlotSameStyle=1
Title=h(2,3,4)
# xlow	 xhigh	 val	 errminus	 errplus
-1.000000e+01	-9.600000e+00	7.653642e-02	5.020800e-03	5.832325e-03
-9.600000e+00	-9.200000e+00	8.499225e-02	5.591000e-03	5.707225e-03
-9.200000e+00	-8.800000e+00	9.339868e-02	5.336450e-03	6.049850e-03
-8.800000e+00	-8.400000e+00	1.027267e-01	5.726000e-03	6.010775e-03
-8.400000e+00	-8.000000e+00	1.122148e-01	5.676925e-03	6.214600e-03
-8.000000e+00	-7.600000e+00	1.223731e-01	6.034175e-03	5.713725e-03
-7.600000e+00	-7.200000e+00	1.324429e-01	5.590800e-03	5.847250e-03
-7.200000e+00	-6.800000e+00	1.430484e-01	5.752025e-03	5.314400e-03
-6.800000e+00	-6.400000e+00	1.537786e-01	5.214450e-03	4.856425e-03
-6.400000e+00	-6.000000e+00	1.651883e-01	5.734050e-03	4.152925e-03
-6.000000e+00	-5.600000e+00	1.752691e-01	4.533025e-03	3.344700e-03
-5.600000e+00	-5.200000e+00	1.858771e-01	4.308175e-03	2.959825e-03
-5.200000e+00	-4.800000e+00	1.960086e-01	3.338050e-03	6.806250e-04
-4.800000e+00	-4.400000e+00	2.054450e-01	2.106475e-03	1.603750e-04
-4.400000e+00	-4.000000e+00	2.141086e-01	1.327825e-03	0.000000e+00
-4.000000e+00	-3.600000e+00	2.219621e-01	1.903650e-03	0.000000e+00
-3.600000e+00	-3.200000e+00	2.287911e-01	3.665600e-03	0.000000e+00
-3.200000e+00	-2.800000e+00	2.333004e-01	3.518250e-03	2.184725e-03
-2.800000e+00	-2.400000e+00	2.365827e-01	5.724200e-03	2.372950e-03
-2.400000e+00	-2.000000e+00	2.380833e-01	6.375100e-03	3.372500e-03
-2.000000e+00	-1.600000e+00	2.381424e-01	6.716325e-03	3.969550e-03
-1.600000e+00	-1.200000e+00	2.381322e-01	6.558225e-03	4.389575e-03
-1.200000e+00	-8.000000e-01	2.424887e-01	6.665525e-03	4.612525e-03
-8.000000e-01	-4.000000e-01	2.733558e-01	8.774000e-03	4.805750e-03
-4.000000e-01	0.000000e+00	4.486455e-01	1.197800e-02	8.408250e-03
0.000000e+00	4.000000e-01	4.610970e-01	1.110525e-02	8.005750e-03
4.000000e-01	8.000000e-01	3.039122e-01	7.111750e-03	4.301000e-03
8.000000e-01	1.200000e+00	2.451184e-01	5.820300e-03	3.317750e-03
1.200000e+00	1.600000e+00	2.068423e-01	4.277175e-03	2.535825e-03
1.600000e+00	2.000000e+00	1.780522e-01	3.128750e-03	2.395025e-03
2.000000e+00	2.400000e+00	1.559475e-01	3.157200e-03	8.638250e-04
2.400000e+00	2.800000e+00	1.363725e-01	2.614875e-03	1.182575e-03
2.800000e+00	3.200000e+00	1.208295e-01	1.331675e-03	5.685000e-04
3.200000e+00	3.600000e+00	1.071652e-01	1.406950e-03	5.090250e-04
3.600000e+00	4.000000e+00	9.455930e-02	4.450000e-05	8.465500e-04
4.000000e+00	4.400000e+00	8.442130e-02	3.440250e-04	4.110250e-04
4.400000e+00	4.800000e+00	7.490908e-02	0.000000e+00	3.405500e-04
4.800000e+00	5.200000e+00	6.700912e-02	3.435500e-04	0.000000e+00
5.200000e+00	5.600000e+00	5.937040e-02	0.000000e+00	7.845750e-04
5.600000e+00	6.000000e+00	5.265940e-02	1.632500e-04	7.931250e-04
6.000000e+00	6.400000e+00	4.709347e-02	6.063500e-04	3.777000e-04
6.400000e+00	6.800000e+00	4.169463e-02	7.452000e-04	7.005000e-04
6.800000e+00	7.200000e+00	3.670702e-02	3.965000e-04	1.037550e-03
7.200000e+00	7.600000e+00	3.241050e-02	5.927000e-04	0.000000e+00
7.600000e+00	8.000000e+00	2.848195e-02	5.787750e-04	9.077000e-04
8.000000e+00	8.400000e+00	2.509622e-02	7.242525e-04	1.029200e-03
8.400000e+00	8.800000e+00	2.194585e-02	6.946100e-04	9.041100e-04
8.800000e+00	9.200000e+00	1.911143e-02	5.415575e-04	9.282625e-04
9.200000e+00	9.600000e+00	1.664768e-02	6.022925e-04	1.001640e-03
9.600000e+00	1.000000e+01	1.438608e-02	5.932025e-04	9.045425e-04
# END HISTO1D


# BEGIN HISTO1D //homes/tinghua1/Merging-Project/Production/HJETS/ratio-plots/hjets-matched-errorband/H-N2-3-25gev-combine.yoda/MC_H2JETS_07_INC/y1j_yj2
ErrorBandColor=green
ErrorBandOpacity=0.3
ErrorBands=1
ErrorType=env
LineColor=green
LineStyle=solid
Path=//homes/tinghua1/Merging-Project/Production/HJETS/ratio-plots/hjets-matched-errorband/H-N2-3-25gev-combine.yoda/MC_H2JETS_07_INC/y1j_yj2
RatioPlotSameStyle=1
Title=h(2*,3)
# xlow	 xhigh	 val	 errminus	 errplus
-1.000000e+01	-9.600000e+00	7.823327e-02	6.857250e-04	0.000000e+00
-9.600000e+00	-9.200000e+00	9.162260e-02	6.338400e-03	0.000000e+00
-9.200000e+00	-8.800000e+00	9.415235e-02	1.002375e-03	2.346750e-04
-8.800000e+00	-8.400000e+00	1.027265e-01	9.948250e-04	4.044500e-04
-8.400000e+00	-8.000000e+00	1.116999e-01	6.002250e-04	7.864500e-04
-8.000000e+00	-7.600000e+00	1.209777e-01	1.864125e-03	8.925000e-04
-7.600000e+00	-7.200000e+00	1.309848e-01	2.370525e-03	1.126625e-03
-7.200000e+00	-6.800000e+00	1.404955e-01	2.184075e-03	1.241700e-03
-6.800000e+00	-6.400000e+00	1.506504e-01	3.590100e-03	1.557575e-03
-6.400000e+00	-6.000000e+00	1.604053e-01	1.774850e-03	2.107850e-03
-6.000000e+00	-5.600000e+00	1.691093e-01	3.210850e-03	3.661675e-03
-5.600000e+00	-5.200000e+00	1.794069e-01	4.511700e-03	3.591575e-03
-5.200000e+00	-4.800000e+00	1.886538e-01	5.543750e-03	5.301750e-03
-4.800000e+00	-4.400000e+00	1.973982e-01	5.800700e-03	4.575375e-03
-4.400000e+00	-4.000000e+00	2.053833e-01	6.466325e-03	5.628725e-03
-4.000000e+00	-3.600000e+00	2.125594e-01	6.476325e-03	5.700525e-03
-3.600000e+00	-3.200000e+00	2.188679e-01	5.681250e-03	5.651250e-03
-3.200000e+00	-2.800000e+00	2.243800e-01	8.639675e-03	8.447700e-03
-2.800000e+00	-2.400000e+00	2.272975e-01	7.461175e-03	6.120000e-03
-2.400000e+00	-2.000000e+00	2.294989e-01	6.680175e-03	6.087475e-03
-2.000000e+00	-1.600000e+00	2.311032e-01	4.962750e-03	7.045250e-03
-1.600000e+00	-1.200000e+00	2.346861e-01	3.901825e-03	4.467600e-03
-1.200000e+00	-8.000000e-01	2.456898e-01	1.852600e-03	2.621350e-03
-8.000000e-01	-4.000000e-01	2.893700e-01	3.705000e-04	1.074750e-03
-4.000000e-01	0.000000e+00	5.152445e-01	4.442000e-03	6.624750e-03
0.000000e+00	4.000000e-01	5.419657e-01	6.724250e-03	1.169125e-02
4.000000e-01	8.000000e-01	3.515532e-01	2.620250e-03	4.824500e-03
8.000000e-01	1.200000e+00	2.827015e-01	3.057750e-03	3.833250e-03
1.200000e+00	1.600000e+00	2.378285e-01	1.302925e-03	2.822350e-03
1.600000e+00	2.000000e+00	2.048413e-01	0.000000e+00	2.720425e-03
2.000000e+00	2.400000e+00	1.785927e-01	1.551375e-03	2.395125e-03
2.400000e+00	2.800000e+00	1.569083e-01	8.992250e-04	2.167725e-03
2.800000e+00	3.200000e+00	1.389230e-01	1.792750e-04	1.643175e-03
3.200000e+00	3.600000e+00	1.235804e-01	6.290500e-04	1.604450e-03
3.600000e+00	4.000000e+00	1.094565e-01	3.960500e-04	1.855250e-03
4.000000e+00	4.400000e+00	9.769942e-02	1.029800e-03	1.138575e-03
4.400000e+00	4.800000e+00	8.684173e-02	8.390250e-04	1.278525e-03
4.800000e+00	5.200000e+00	7.721477e-02	2.614250e-04	1.977650e-03
5.200000e+00	5.600000e+00	6.847828e-02	4.011500e-04	1.678800e-03
5.600000e+00	6.000000e+00	6.092667e-02	1.270750e-04	1.189700e-03
6.000000e+00	6.400000e+00	5.443682e-02	1.279275e-03	6.221250e-04
6.400000e+00	6.800000e+00	4.799315e-02	8.951750e-04	1.084600e-03
6.800000e+00	7.200000e+00	4.223752e-02	3.894500e-04	1.132875e-03
7.200000e+00	7.600000e+00	3.709783e-02	3.631000e-04	1.341825e-03
7.600000e+00	8.000000e+00	3.284927e-02	7.583250e-04	8.348750e-04
8.000000e+00	8.400000e+00	2.881762e-02	8.461750e-04	7.215500e-04
8.400000e+00	8.800000e+00	2.513390e-02	5.607975e-04	1.284300e-03
8.800000e+00	9.200000e+00	2.236200e-02	1.023877e-03	2.882400e-04
9.200000e+00	9.600000e+00	1.926542e-02	8.757100e-04	2.969175e-04
9.600000e+00	1.000000e+01	1.646879e-02	3.765875e-04	7.087850e-04
# END HISTO1D


# BEGIN HISTO1D //homes/tinghua1/Merging-Project/Production/HJETS/ratio-plots/hjets-matched-errorband/H-2-3-25gev-combine.yoda/MC_H2JETS_07_INC/y1j_yj2
ErrorBandColor=purple
ErrorBandOpacity=0.3
ErrorBands=1
ErrorType=env
LineColor=purple
LineStyle=solid
Path=//homes/tinghua1/Merging-Project/Production/HJETS/ratio-plots/hjets-matched-errorband/H-2-3-25gev-combine.yoda/MC_H2JETS_07_INC/y1j_yj2
RatioPlotSameStyle=1
Title=h(2,3)
# xlow	 xhigh	 val	 errminus	 errplus
-1.000000e+01	-9.600000e+00	7.137372e-02	0.000000e+00	1.084707e-02
-9.600000e+00	-9.200000e+00	7.945387e-02	0.000000e+00	1.144290e-02
-9.200000e+00	-8.800000e+00	8.788170e-02	0.000000e+00	1.125930e-02
-8.800000e+00	-8.400000e+00	9.690900e-02	0.000000e+00	1.160557e-02
-8.400000e+00	-8.000000e+00	1.064968e-01	0.000000e+00	1.194677e-02
-8.000000e+00	-7.600000e+00	1.161937e-01	0.000000e+00	1.175377e-02
-7.600000e+00	-7.200000e+00	1.265749e-01	0.000000e+00	1.169690e-02
-7.200000e+00	-6.800000e+00	1.372659e-01	0.000000e+00	1.103482e-02
-6.800000e+00	-6.400000e+00	1.482063e-01	0.000000e+00	1.034750e-02
-6.400000e+00	-6.000000e+00	1.593800e-01	0.000000e+00	9.219625e-03
-6.000000e+00	-5.600000e+00	1.706923e-01	0.000000e+00	8.102550e-03
-5.600000e+00	-5.200000e+00	1.816925e-01	0.000000e+00	6.549325e-03
-5.200000e+00	-4.800000e+00	1.926051e-01	0.000000e+00	5.034600e-03
-4.800000e+00	-4.400000e+00	2.028265e-01	0.000000e+00	3.218975e-03
-4.400000e+00	-4.000000e+00	2.123170e-01	0.000000e+00	2.048125e-03
-4.000000e+00	-3.600000e+00	2.210353e-01	1.263600e-03	7.883750e-04
-3.600000e+00	-3.200000e+00	2.287081e-01	3.179725e-03	0.000000e+00
-3.200000e+00	-2.800000e+00	2.349813e-01	6.602225e-03	0.000000e+00
-2.800000e+00	-2.400000e+00	2.389375e-01	8.369475e-03	0.000000e+00
-2.400000e+00	-2.000000e+00	2.410176e-01	9.836100e-03	0.000000e+00
-2.000000e+00	-1.600000e+00	2.419711e-01	1.078315e-02	0.000000e+00
-1.600000e+00	-1.200000e+00	2.419566e-01	1.107310e-02	0.000000e+00
-1.200000e+00	-8.000000e-01	2.465440e-01	1.156245e-02	0.000000e+00
-8.000000e-01	-4.000000e-01	2.778137e-01	1.449800e-02	0.000000e+00
-4.000000e-01	0.000000e+00	4.566760e-01	2.042600e-02	0.000000e+00
0.000000e+00	4.000000e-01	4.696652e-01	1.943325e-02	0.000000e+00
4.000000e-01	8.000000e-01	3.094467e-01	1.202475e-02	0.000000e+00
8.000000e-01	1.200000e+00	2.487090e-01	8.602800e-03	0.000000e+00
1.200000e+00	1.600000e+00	2.092728e-01	6.640600e-03	0.000000e+00
1.600000e+00	2.000000e+00	1.802055e-01	5.519225e-03	0.000000e+00
2.000000e+00	2.400000e+00	1.569640e-01	3.994375e-03	0.000000e+00
2.400000e+00	2.800000e+00	1.379829e-01	3.295300e-03	0.000000e+00
2.800000e+00	3.200000e+00	1.214336e-01	2.072925e-03	0.000000e+00
3.200000e+00	3.600000e+00	1.076323e-01	1.779475e-03	0.000000e+00
3.600000e+00	4.000000e+00	9.563805e-02	1.222100e-03	0.000000e+00
4.000000e+00	4.400000e+00	8.474465e-02	4.311000e-04	0.000000e+00
4.400000e+00	4.800000e+00	7.523540e-02	1.292000e-04	0.000000e+00
4.800000e+00	5.200000e+00	6.694915e-02	0.000000e+00	2.711000e-04
5.200000e+00	5.600000e+00	5.958773e-02	9.917500e-05	2.358000e-04
5.600000e+00	6.000000e+00	5.252210e-02	0.000000e+00	8.444250e-04
6.000000e+00	6.400000e+00	4.645417e-02	0.000000e+00	1.041875e-03
6.400000e+00	6.800000e+00	4.109283e-02	0.000000e+00	1.255750e-03
6.800000e+00	7.200000e+00	3.607530e-02	0.000000e+00	1.483550e-03
7.200000e+00	7.600000e+00	3.178575e-02	0.000000e+00	1.431475e-03
7.600000e+00	8.000000e+00	2.781577e-02	0.000000e+00	1.544900e-03
8.000000e+00	8.400000e+00	2.428766e-02	0.000000e+00	1.619362e-03
8.400000e+00	8.800000e+00	2.140849e-02	0.000000e+00	1.370165e-03
8.800000e+00	9.200000e+00	1.847420e-02	0.000000e+00	1.609745e-03
9.200000e+00	9.600000e+00	1.603056e-02	0.000000e+00	1.491747e-03
9.600000e+00	1.000000e+01	1.378483e-02	0.000000e+00	1.523355e-03
# END HISTO1D


# BEGIN HISTO1D //homes/tinghua1/Merging-Project/Production/HJETS/ratio-plots/hjets-matched-errorband/H3Jets-NLOPS-combine.yoda/MC_H2JETS_07_INC/y1j_yj2
ErrorBandColor=red
ErrorBandOpacity=0.3
ErrorBands=1
ErrorType=env
LineColor=red
LineStyle=solid
Path=//homes/tinghua1/Merging-Project/Production/HJETS/ratio-plots/hjets-matched-errorband/H3Jets-NLOPS-combine.yoda/MC_H2JETS_07_INC/y1j_yj2
RatioPlotSameStyle=1
Title=h(3*) $\oplus$ PS
# xlow	 xhigh	 val	 errminus	 errplus
-1.000000e+01	-9.600000e+00	3.669605e-02	1.964125e-03	0.000000e+00
-9.600000e+00	-9.200000e+00	3.985442e-02	4.461000e-04	1.040250e-04
-9.200000e+00	-8.800000e+00	4.429405e-02	1.611375e-03	0.000000e+00
-8.800000e+00	-8.400000e+00	5.035512e-02	1.544700e-03	8.438500e-04
-8.400000e+00	-8.000000e+00	5.721872e-02	5.308375e-03	0.000000e+00
-8.000000e+00	-7.600000e+00	5.661692e-02	0.000000e+00	3.843950e-03
-7.600000e+00	-7.200000e+00	6.576478e-02	4.876900e-03	5.692500e-04
-7.200000e+00	-6.800000e+00	7.259010e-02	2.558225e-03	1.727850e-03
-6.800000e+00	-6.400000e+00	7.689198e-02	4.594750e-03	1.144300e-03
-6.400000e+00	-6.000000e+00	8.878187e-02	9.026700e-03	0.000000e+00
-6.000000e+00	-5.600000e+00	8.781432e-02	0.000000e+00	5.117800e-03
-5.600000e+00	-5.200000e+00	9.780928e-02	7.219425e-03	3.882975e-03
-5.200000e+00	-4.800000e+00	1.073889e-01	1.269065e-02	7.257500e-05
-4.800000e+00	-4.400000e+00	1.128653e-01	9.768700e-03	3.988650e-03
-4.400000e+00	-4.000000e+00	1.202044e-01	1.219220e-02	0.000000e+00
-4.000000e+00	-3.600000e+00	1.250764e-01	8.631800e-03	4.895425e-03
-3.600000e+00	-3.200000e+00	1.281814e-01	8.069450e-03	6.138650e-03
-3.200000e+00	-2.800000e+00	1.370776e-01	1.053150e-02	3.866225e-03
-2.800000e+00	-2.400000e+00	1.403535e-01	1.050610e-02	6.315475e-03
-2.400000e+00	-2.000000e+00	1.472511e-01	1.490548e-02	6.183750e-03
-2.000000e+00	-1.600000e+00	1.508419e-01	1.332675e-02	7.743500e-03
-1.600000e+00	-1.200000e+00	1.517186e-01	6.778950e-03	1.302490e-02
-1.200000e+00	-8.000000e-01	1.726075e-01	1.578107e-02	7.472625e-03
-8.000000e-01	-4.000000e-01	2.086264e-01	9.815875e-03	6.437625e-03
-4.000000e-01	0.000000e+00	3.913367e-01	1.724700e-02	1.648275e-02
0.000000e+00	4.000000e-01	4.150522e-01	1.966475e-02	1.811550e-02
4.000000e-01	8.000000e-01	2.711295e-01	1.959400e-02	7.168000e-03
8.000000e-01	1.200000e+00	2.126744e-01	1.479685e-02	9.267975e-03
1.200000e+00	1.600000e+00	1.819327e-01	1.439265e-02	4.889175e-03
1.600000e+00	2.000000e+00	1.527605e-01	1.052170e-02	6.394450e-03
2.000000e+00	2.400000e+00	1.362486e-01	1.056030e-02	2.174775e-03
2.400000e+00	2.800000e+00	1.173331e-01	8.351425e-03	4.968550e-03
2.800000e+00	3.200000e+00	1.037475e-01	8.705625e-03	4.515150e-03
3.200000e+00	3.600000e+00	9.213590e-02	7.334525e-03	3.628400e-03
3.600000e+00	4.000000e+00	8.129068e-02	6.211625e-03	4.272175e-03
4.000000e+00	4.400000e+00	7.087712e-02	2.977150e-03	4.267725e-03
4.400000e+00	4.800000e+00	6.335323e-02	2.228000e-03	2.963725e-03
4.800000e+00	5.200000e+00	5.733717e-02	3.367175e-03	2.753375e-03
5.200000e+00	5.600000e+00	4.901108e-02	1.777475e-03	3.498050e-03
5.600000e+00	6.000000e+00	4.447710e-02	1.464450e-03	1.577425e-03
6.000000e+00	6.400000e+00	4.044180e-02	1.577450e-03	7.743750e-04
6.400000e+00	6.800000e+00	3.616015e-02	4.441725e-03	3.129750e-04
6.800000e+00	7.200000e+00	3.168982e-02	2.277600e-03	1.148575e-03
7.200000e+00	7.600000e+00	2.648110e-02	1.253875e-03	3.195875e-03
7.600000e+00	8.000000e+00	2.348319e-02	1.219850e-03	1.470973e-03
8.000000e+00	8.400000e+00	2.178065e-02	1.408452e-03	4.652500e-04
8.400000e+00	8.800000e+00	1.859190e-02	3.890150e-04	4.857925e-04
8.800000e+00	9.200000e+00	1.624383e-02	1.407903e-03	3.664025e-04
9.200000e+00	9.600000e+00	1.428210e-02	1.213872e-03	4.241550e-04
9.600000e+00	1.000000e+01	1.282456e-02	1.539980e-03	0.000000e+00
# END HISTO1D


# BEGIN HISTO1D //homes/tinghua1/Merging-Project/Production/HJETS/ratio-plots/hjets-matched-errorband/H2Jets-NLOPS-combine.yoda/MC_H2JETS_07_INC/y1j_yj2
ErrorBandColor=violet
ErrorBandOpacity=0.3
ErrorBands=1
ErrorType=env
LineColor=violet
LineStyle=solid
Path=//homes/tinghua1/Merging-Project/Production/HJETS/ratio-plots/hjets-matched-errorband/H2Jets-NLOPS-combine.yoda/MC_H2JETS_07_INC/y1j_yj2
RatioPlotSameStyle=1
Title=h(2*) $\oplus$ PS
# xlow	 xhigh	 val	 errminus	 errplus
-1.000000e+01	-9.600000e+00	7.799030e-02	1.402125e-03	0.000000e+00
-9.600000e+00	-9.200000e+00	8.566150e-02	1.418125e-03	3.009750e-04
-9.200000e+00	-8.800000e+00	9.377495e-02	1.565025e-03	5.963000e-04
-8.800000e+00	-8.400000e+00	1.022960e-01	1.769575e-03	9.223750e-04
-8.400000e+00	-8.000000e+00	1.111064e-01	1.710425e-03	1.267550e-03
-8.000000e+00	-7.600000e+00	1.205188e-01	2.698000e-03	1.202200e-03
-7.600000e+00	-7.200000e+00	1.305088e-01	2.897350e-03	1.081950e-03
-7.200000e+00	-6.800000e+00	1.400701e-01	3.333775e-03	1.698650e-03
-6.800000e+00	-6.400000e+00	1.495758e-01	3.711125e-03	2.316850e-03
-6.400000e+00	-6.000000e+00	1.592742e-01	3.500975e-03	3.046200e-03
-6.000000e+00	-5.600000e+00	1.691782e-01	3.820100e-03	3.282125e-03
-5.600000e+00	-5.200000e+00	1.788994e-01	4.631900e-03	3.818600e-03
-5.200000e+00	-4.800000e+00	1.881423e-01	4.823100e-03	3.713200e-03
-4.800000e+00	-4.400000e+00	1.964654e-01	5.247175e-03	5.026175e-03
-4.400000e+00	-4.000000e+00	2.045969e-01	6.030300e-03	4.592275e-03
-4.000000e+00	-3.600000e+00	2.116353e-01	6.061675e-03	5.611850e-03
-3.600000e+00	-3.200000e+00	2.172906e-01	5.744900e-03	5.911375e-03
-3.200000e+00	-2.800000e+00	2.220808e-01	6.658475e-03	6.007725e-03
-2.800000e+00	-2.400000e+00	2.250988e-01	6.357325e-03	6.493175e-03
-2.400000e+00	-2.000000e+00	2.274437e-01	6.251775e-03	5.442225e-03
-2.000000e+00	-1.600000e+00	2.274677e-01	5.221300e-03	6.024300e-03
-1.600000e+00	-1.200000e+00	2.291177e-01	4.880350e-03	5.337850e-03
-1.200000e+00	-8.000000e-01	2.363038e-01	3.718825e-03	3.996350e-03
-8.000000e-01	-4.000000e-01	2.755850e-01	2.259000e-03	2.351750e-03
-4.000000e-01	0.000000e+00	4.857143e-01	1.850750e-03	5.439500e-03
0.000000e+00	4.000000e-01	5.099260e-01	2.844000e-03	7.893500e-03
4.000000e-01	8.000000e-01	3.317525e-01	1.455750e-03	3.314000e-03
8.000000e-01	1.200000e+00	2.668248e-01	1.022500e-03	1.964500e-03
1.200000e+00	1.600000e+00	2.246495e-01	1.199950e-03	2.049425e-03
1.600000e+00	2.000000e+00	1.934216e-01	6.260000e-05	1.385025e-03
2.000000e+00	2.400000e+00	1.684778e-01	4.354500e-04	1.677850e-03
2.400000e+00	2.800000e+00	1.485011e-01	8.324750e-04	1.026200e-03
2.800000e+00	3.200000e+00	1.312150e-01	4.947500e-04	2.443250e-04
3.200000e+00	3.600000e+00	1.162022e-01	4.700750e-04	8.628250e-04
3.600000e+00	4.000000e+00	1.026853e-01	0.000000e+00	8.909750e-04
4.000000e+00	4.400000e+00	9.173597e-02	7.362500e-05	8.460500e-04
4.400000e+00	4.800000e+00	8.252630e-02	1.216925e-03	0.000000e+00
4.800000e+00	5.200000e+00	7.276725e-02	4.360000e-04	6.326250e-04
5.200000e+00	5.600000e+00	6.452970e-02	4.172750e-04	8.490000e-04
5.600000e+00	6.000000e+00	5.725207e-02	3.895250e-04	5.325250e-04
6.000000e+00	6.400000e+00	5.071015e-02	0.000000e+00	5.213000e-04
6.400000e+00	6.800000e+00	4.478948e-02	1.194000e-04	6.393500e-04
6.800000e+00	7.200000e+00	3.970825e-02	5.206750e-04	4.899750e-04
7.200000e+00	7.600000e+00	3.474955e-02	1.238000e-04	8.716000e-04
7.600000e+00	8.000000e+00	3.056380e-02	2.178750e-04	4.444750e-04
8.000000e+00	8.400000e+00	2.670992e-02	0.000000e+00	1.540675e-03
8.400000e+00	8.800000e+00	2.339260e-02	3.712450e-04	2.717125e-04
8.800000e+00	9.200000e+00	2.035523e-02	2.730225e-04	2.996000e-04
9.200000e+00	9.600000e+00	1.765976e-02	3.132600e-04	3.803725e-04
9.600000e+00	1.000000e+01	1.529618e-02	2.009250e-04	2.686825e-04
# END HISTO1D

