# BEGIN PLOT
Scale=1000.0
DrawOnly=//homes/tinghua1/Merging-Project/Production/HJETS/ratio-plots/hjets-matched-errorband/H-N2-N3-4-25gev-combine.yoda/MC_H2JETS_04_LOOSE/y1j_yj2 //homes/tinghua1/Merging-Project/Production/HJETS/ratio-plots/hjets-matched-errorband/H-N2-3-4-25gev-combine.yoda/MC_H2JETS_04_LOOSE/y1j_yj2 //homes/tinghua1/Merging-Project/Production/HJETS/ratio-plots/hjets-matched-errorband/H-2-3-4-25gev-combine.yoda/MC_H2JETS_04_LOOSE/y1j_yj2 //homes/tinghua1/Merging-Project/Production/HJETS/ratio-plots/hjets-matched-errorband/H-N2-3-25gev-combine.yoda/MC_H2JETS_04_LOOSE/y1j_yj2 //homes/tinghua1/Merging-Project/Production/HJETS/ratio-plots/hjets-matched-errorband/H-2-3-25gev-combine.yoda/MC_H2JETS_04_LOOSE/y1j_yj2 //homes/tinghua1/Merging-Project/Production/HJETS/ratio-plots/hjets-matched-errorband/H3Jets-NLOPS-combine.yoda/MC_H2JETS_04_LOOSE/y1j_yj2 //homes/tinghua1/Merging-Project/Production/HJETS/ratio-plots/hjets-matched-errorband/H2Jets-NLOPS-combine.yoda/MC_H2JETS_04_LOOSE/y1j_yj2
RightMargin=0.5
RatioPlotReference=//homes/tinghua1/Merging-Project/Production/HJETS/ratio-plots/hjets-matched-errorband/H-N2-N3-4-25gev-combine.yoda/MC_H2JETS_04_LOOSE/y1j_yj2
#RatioPlot=1
LogY=1
RatioPlotYMax=2.0
RatioPlotYLabel=Ratio
#LegendOnly=//homes/tinghua1/Merging-Project/Production/HJETS/ratio-plots/hjets-matched-errorband/H-N2-N3-4-25gev-combine.yoda/MC_H2JETS_04_LOOSE/y1j_yj2 //homes/tinghua1/Merging-Project/Production/HJETS/ratio-plots/hjets-matched-errorband/H-N2-3-4-25gev-combine.yoda/MC_H2JETS_04_LOOSE/y1j_yj2 //homes/tinghua1/Merging-Project/Production/HJETS/ratio-plots/hjets-matched-errorband/H-2-3-4-25gev-combine.yoda/MC_H2JETS_04_LOOSE/y1j_yj2 //homes/tinghua1/Merging-Project/Production/HJETS/ratio-plots/hjets-matched-errorband/H-N2-3-25gev-combine.yoda/MC_H2JETS_04_LOOSE/y1j_yj2 //homes/tinghua1/Merging-Project/Production/HJETS/ratio-plots/hjets-matched-errorband/H-2-3-25gev-combine.yoda/MC_H2JETS_04_LOOSE/y1j_yj2 //homes/tinghua1/Merging-Project/Production/HJETS/ratio-plots/hjets-matched-errorband/H3Jets-NLOPS-combine.yoda/MC_H2JETS_04_LOOSE/y1j_yj2 //homes/tinghua1/Merging-Project/Production/HJETS/ratio-plots/hjets-matched-errorband/H2Jets-NLOPS-combine.yoda/MC_H2JETS_04_LOOSE/y1j_yj2
XLabel=$y_{j_1}*y_{j_2}$
LegendAlign=r
YLabel=$ \text{d} \sigma/ \text{d}  y_{j_1}*y_{j_2}$ (fb)
Legend=0
RatioPlot=6
MainPlotSelection={"Selection":[1,2,3,4,5,6,7]}
RatioPlots={"RatioPlotYLabel":"","Selection":[1,2]};{"RatioPlotYLabel":"","Selection":[1,3]};{"RatioPlotYLabel":"","Selection":[1,4]};{"RatioPlotYLabel":"","Selection":[1,5]};{"RatioPlotYLabel":"","Selection":[1,6]};{"RatioPlotYLabel":"","Selection":[1,7]}
RatioPlotSameStyle=1
RatioPlotYMin=0.5
# END PLOT


# BEGIN SPECIAL /MC_H2JETS_04_LOOSE/y1j_yj2
\rput[tl](0.05,0.75){\parbox{5cm}{\textcolor{gray}{{\bf Herwig 7.2.0} \\ HJETS/ColorFull}}}
# END SPECIAL

# BEGIN HISTO1D //homes/tinghua1/Merging-Project/Production/HJETS/ratio-plots/hjets-matched-errorband/H-N2-N3-4-25gev-combine.yoda/MC_H2JETS_04_LOOSE/y1j_yj2
ErrorBandColor=orange
ErrorBandOpacity=0.3
ErrorBands=1
ErrorType=env
LineColor=orange
LineStyle=solid
Path=//homes/tinghua1/Merging-Project/Production/HJETS/ratio-plots/hjets-matched-errorband/H-N2-N3-4-25gev-combine.yoda/MC_H2JETS_04_LOOSE/y1j_yj2
RatioPlotSameStyle=1
Title=h(2*,3*,4)
# xlow	 xhigh	 val	 errminus	 errplus
-1.000000e+01	-9.600000e+00	7.120347e-02	2.293775e-03	1.082575e-03
-9.600000e+00	-9.200000e+00	7.862230e-02	2.461375e-03	2.084400e-03
-9.200000e+00	-8.800000e+00	8.625578e-02	2.919825e-03	1.203150e-03
-8.800000e+00	-8.400000e+00	9.470005e-02	3.247225e-03	1.299925e-03
-8.400000e+00	-8.000000e+00	1.035099e-01	2.337550e-03	1.679200e-03
-8.000000e+00	-7.600000e+00	1.109920e-01	2.182925e-03	3.897500e-03
-7.600000e+00	-7.200000e+00	1.261069e-01	1.123415e-02	0.000000e+00
-7.200000e+00	-6.800000e+00	1.305084e-01	5.854125e-03	3.454700e-03
-6.800000e+00	-6.400000e+00	1.379764e-01	6.006450e-03	5.401525e-03
-6.400000e+00	-6.000000e+00	1.479583e-01	6.206275e-03	4.956025e-03
-6.000000e+00	-5.600000e+00	1.581415e-01	6.193950e-03	4.703525e-03
-5.600000e+00	-5.200000e+00	1.670921e-01	8.657575e-03	3.699700e-03
-5.200000e+00	-4.800000e+00	1.762639e-01	7.564625e-03	5.793450e-03
-4.800000e+00	-4.400000e+00	1.828077e-01	7.368600e-03	9.233225e-03
-4.400000e+00	-4.000000e+00	1.904434e-01	1.008335e-02	9.647400e-03
-4.000000e+00	-3.600000e+00	1.979294e-01	9.109550e-03	7.186400e-03
-3.600000e+00	-3.200000e+00	2.051594e-01	1.022682e-02	6.315375e-03
-3.200000e+00	-2.800000e+00	2.058523e-01	5.626300e-03	8.932375e-03
-2.800000e+00	-2.400000e+00	2.042285e-01	9.080750e-03	8.395450e-03
-2.400000e+00	-2.000000e+00	2.007264e-01	5.368225e-03	7.074425e-03
-2.000000e+00	-1.600000e+00	1.923232e-01	8.634500e-03	5.387475e-03
-1.600000e+00	-1.200000e+00	1.762466e-01	7.074250e-03	6.341925e-03
-1.200000e+00	-8.000000e-01	1.605373e-01	6.022750e-03	3.225700e-03
-8.000000e-01	-4.000000e-01	1.426477e-01	5.026750e-04	7.447700e-03
-4.000000e-01	0.000000e+00	1.253023e-01	4.154600e-03	3.089500e-04
0.000000e+00	4.000000e-01	1.004720e-01	1.140895e-02	0.000000e+00
4.000000e-01	8.000000e-01	7.753383e-02	2.048600e-03	1.032425e-03
8.000000e-01	1.200000e+00	6.338170e-02	3.983625e-03	0.000000e+00
1.200000e+00	1.600000e+00	5.065712e-02	9.259250e-04	3.438300e-03
1.600000e+00	2.000000e+00	4.262850e-02	1.066525e-02	1.484300e-03
2.000000e+00	2.400000e+00	3.438260e-02	7.574500e-04	4.463900e-03
2.400000e+00	2.800000e+00	2.953465e-02	1.598700e-03	0.000000e+00
2.800000e+00	3.200000e+00	2.336017e-02	1.409477e-03	1.401025e-03
3.200000e+00	3.600000e+00	2.027466e-02	2.030033e-03	1.428975e-04
3.600000e+00	4.000000e+00	1.606595e-02	2.448695e-03	8.687750e-05
4.000000e+00	4.400000e+00	1.266195e-02	1.724425e-04	1.750025e-04
4.400000e+00	4.800000e+00	1.026235e-02	2.599150e-04	4.940500e-05
4.800000e+00	5.200000e+00	8.113395e-03	3.724800e-04	4.105300e-04
5.200000e+00	5.600000e+00	6.291985e-03	1.036975e-04	3.378400e-04
5.600000e+00	6.000000e+00	4.751402e-03	0.000000e+00	2.919800e-04
6.000000e+00	6.400000e+00	3.898005e-03	2.776650e-04	1.190000e-05
6.400000e+00	6.800000e+00	3.742935e-03	8.409525e-04	0.000000e+00
6.800000e+00	7.200000e+00	2.139703e-03	2.371475e-05	4.860400e-05
7.200000e+00	7.600000e+00	8.860180e-04	0.000000e+00	8.157748e-04
7.600000e+00	8.000000e+00	1.404862e-03	3.062217e-04	0.000000e+00
8.000000e+00	8.400000e+00	8.792152e-04	2.644550e-05	1.453472e-04
8.400000e+00	8.800000e+00	6.589332e-04	5.430275e-05	0.000000e+00
8.800000e+00	9.200000e+00	4.123888e-04	0.000000e+00	1.184430e-04
9.200000e+00	9.600000e+00	3.096770e-04	4.106050e-05	2.755775e-05
9.600000e+00	1.000000e+01	1.986296e-04	0.000000e+00	5.387235e-05
# END HISTO1D


# BEGIN HISTO1D //homes/tinghua1/Merging-Project/Production/HJETS/ratio-plots/hjets-matched-errorband/H-N2-3-4-25gev-combine.yoda/MC_H2JETS_04_LOOSE/y1j_yj2
ErrorBandColor=blue
ErrorBandOpacity=0.3
ErrorBands=1
ErrorType=env
LineColor=blue
LineStyle=solid
Path=//homes/tinghua1/Merging-Project/Production/HJETS/ratio-plots/hjets-matched-errorband/H-N2-3-4-25gev-combine.yoda/MC_H2JETS_04_LOOSE/y1j_yj2
RatioPlotSameStyle=1
Title=h(2*,3,4)
# xlow	 xhigh	 val	 errminus	 errplus
-1.000000e+01	-9.600000e+00	7.120820e-02	2.405050e-03	1.480350e-03
-9.600000e+00	-9.200000e+00	7.875470e-02	2.676500e-03	1.261975e-03
-9.200000e+00	-8.800000e+00	8.603675e-02	2.803475e-03	2.036700e-03
-8.800000e+00	-8.400000e+00	9.455595e-02	3.698075e-03	2.150150e-03
-8.400000e+00	-8.000000e+00	1.023213e-01	2.403875e-03	3.173475e-03
-8.000000e+00	-7.600000e+00	1.111558e-01	3.885700e-03	3.230400e-03
-7.600000e+00	-7.200000e+00	1.203447e-01	5.176550e-03	3.810175e-03
-7.200000e+00	-6.800000e+00	1.297647e-01	5.965050e-03	3.640700e-03
-6.800000e+00	-6.400000e+00	1.389032e-01	5.070275e-03	4.134650e-03
-6.400000e+00	-6.000000e+00	1.485907e-01	7.074225e-03	4.693100e-03
-6.000000e+00	-5.600000e+00	1.570217e-01	6.874550e-03	6.386000e-03
-5.600000e+00	-5.200000e+00	1.657301e-01	7.031950e-03	7.233675e-03
-5.200000e+00	-4.800000e+00	1.754963e-01	8.520075e-03	6.241625e-03
-4.800000e+00	-4.400000e+00	1.836887e-01	7.499850e-03	6.930125e-03
-4.400000e+00	-4.000000e+00	1.916870e-01	9.125000e-03	7.754100e-03
-4.000000e+00	-3.600000e+00	1.973726e-01	9.868175e-03	8.129975e-03
-3.600000e+00	-3.200000e+00	2.025876e-01	7.570575e-03	8.529675e-03
-3.200000e+00	-2.800000e+00	2.061847e-01	1.170367e-02	8.148450e-03
-2.800000e+00	-2.400000e+00	2.037849e-01	1.054470e-02	1.061220e-02
-2.400000e+00	-2.000000e+00	1.996626e-01	9.835375e-03	8.818475e-03
-2.000000e+00	-1.600000e+00	1.905127e-01	9.453300e-03	8.134375e-03
-1.600000e+00	-1.200000e+00	1.774430e-01	9.270525e-03	6.731200e-03
-1.200000e+00	-8.000000e-01	1.604604e-01	8.016025e-03	5.575425e-03
-8.000000e-01	-4.000000e-01	1.442475e-01	4.471850e-03	5.471700e-03
-4.000000e-01	0.000000e+00	1.220376e-01	3.048275e-03	3.348550e-03
0.000000e+00	4.000000e-01	9.313728e-02	3.577025e-03	2.711900e-03
4.000000e-01	8.000000e-01	7.497698e-02	2.666075e-03	2.809225e-03
8.000000e-01	1.200000e+00	6.185218e-02	1.849550e-03	2.560825e-03
1.200000e+00	1.600000e+00	5.110932e-02	1.542675e-03	1.861025e-03
1.600000e+00	2.000000e+00	4.278988e-02	2.012250e-03	1.330450e-03
2.000000e+00	2.400000e+00	3.526900e-02	1.518675e-03	7.157500e-04
2.400000e+00	2.800000e+00	2.861803e-02	7.983250e-04	1.195950e-03
2.800000e+00	3.200000e+00	2.378961e-02	1.107652e-03	9.223225e-04
3.200000e+00	3.600000e+00	1.923957e-02	8.085250e-04	4.041375e-04
3.600000e+00	4.000000e+00	1.572429e-02	9.647825e-04	6.295225e-04
4.000000e+00	4.400000e+00	1.260547e-02	4.364850e-04	4.251075e-04
4.400000e+00	4.800000e+00	1.009690e-02	6.477550e-04	2.142800e-04
4.800000e+00	5.200000e+00	7.933527e-03	2.547850e-04	2.429975e-04
5.200000e+00	5.600000e+00	6.304025e-03	2.485500e-04	3.726750e-05
5.600000e+00	6.000000e+00	4.767570e-03	1.389075e-04	2.451225e-04
6.000000e+00	6.400000e+00	3.682597e-03	1.846325e-04	1.415500e-04
6.400000e+00	6.800000e+00	2.819888e-03	1.345000e-05	5.617250e-05
6.800000e+00	7.200000e+00	2.074724e-03	0.000000e+00	1.701757e-04
7.200000e+00	7.600000e+00	1.570566e-03	0.000000e+00	3.977475e-05
7.600000e+00	8.000000e+00	1.183511e-03	1.511500e-05	0.000000e+00
8.000000e+00	8.400000e+00	8.610355e-04	1.010800e-05	8.659750e-06
8.400000e+00	8.800000e+00	6.172845e-04	3.655825e-05	1.516250e-05
8.800000e+00	9.200000e+00	4.329115e-04	0.000000e+00	2.911100e-05
9.200000e+00	9.600000e+00	3.144302e-04	3.337300e-05	0.000000e+00
9.600000e+00	1.000000e+01	2.233812e-04	1.484305e-05	0.000000e+00
# END HISTO1D


# BEGIN HISTO1D //homes/tinghua1/Merging-Project/Production/HJETS/ratio-plots/hjets-matched-errorband/H-2-3-4-25gev-combine.yoda/MC_H2JETS_04_LOOSE/y1j_yj2
ErrorBandColor=yellow
ErrorBandOpacity=0.3
ErrorBands=1
ErrorType=env
LineColor=yellow
LineStyle=solid
Path=//homes/tinghua1/Merging-Project/Production/HJETS/ratio-plots/hjets-matched-errorband/H-2-3-4-25gev-combine.yoda/MC_H2JETS_04_LOOSE/y1j_yj2
RatioPlotSameStyle=1
Title=h(2,3,4)
# xlow	 xhigh	 val	 errminus	 errplus
-1.000000e+01	-9.600000e+00	6.952907e-02	3.136200e-03	3.324800e-03
-9.600000e+00	-9.200000e+00	7.743847e-02	3.679425e-03	3.031675e-03
-9.200000e+00	-8.800000e+00	8.526295e-02	3.400650e-03	3.200450e-03
-8.800000e+00	-8.400000e+00	9.362207e-02	3.354075e-03	3.047225e-03
-8.400000e+00	-8.000000e+00	1.027581e-01	3.381000e-03	2.885450e-03
-8.000000e+00	-7.600000e+00	1.119832e-01	3.313975e-03	2.724000e-03
-7.600000e+00	-7.200000e+00	1.215765e-01	3.219575e-03	2.202125e-03
-7.200000e+00	-6.800000e+00	1.314246e-01	2.896550e-03	2.116525e-03
-6.800000e+00	-6.400000e+00	1.413537e-01	2.235475e-03	1.515900e-03
-6.400000e+00	-6.000000e+00	1.523685e-01	2.735850e-03	5.522500e-05
-6.000000e+00	-5.600000e+00	1.618110e-01	1.693525e-03	0.000000e+00
-5.600000e+00	-5.200000e+00	1.717499e-01	1.219525e-03	0.000000e+00
-5.200000e+00	-4.800000e+00	1.816900e-01	3.466350e-03	0.000000e+00
-4.800000e+00	-4.400000e+00	1.904916e-01	3.827300e-03	7.379750e-04
-4.400000e+00	-4.000000e+00	1.988376e-01	4.220400e-03	1.459300e-03
-4.000000e+00	-3.600000e+00	2.060460e-01	5.430500e-03	2.553250e-03
-3.600000e+00	-3.200000e+00	2.114575e-01	7.261325e-03	3.122025e-03
-3.200000e+00	-2.800000e+00	2.133742e-01	7.412275e-03	5.269975e-03
-2.800000e+00	-2.400000e+00	2.122106e-01	9.145025e-03	5.306800e-03
-2.400000e+00	-2.000000e+00	2.063260e-01	9.152075e-03	5.654125e-03
-2.000000e+00	-1.600000e+00	1.943838e-01	8.936950e-03	6.772900e-03
-1.600000e+00	-1.200000e+00	1.788412e-01	9.181775e-03	5.658275e-03
-1.200000e+00	-8.000000e-01	1.579630e-01	7.370225e-03	5.371100e-03
-8.000000e-01	-4.000000e-01	1.370978e-01	6.827500e-03	3.774750e-03
-4.000000e-01	0.000000e+00	1.115942e-01	4.501475e-03	3.400950e-03
0.000000e+00	4.000000e-01	8.671857e-02	4.380200e-03	2.188950e-03
4.000000e-01	8.000000e-01	6.963665e-02	3.194200e-03	2.291900e-03
8.000000e-01	1.200000e+00	5.780640e-02	2.945850e-03	1.526275e-03
1.200000e+00	1.600000e+00	4.741242e-02	2.301975e-03	1.536225e-03
1.600000e+00	2.000000e+00	3.912358e-02	2.254600e-03	1.029325e-03
2.000000e+00	2.400000e+00	3.189993e-02	1.381700e-03	1.047500e-03
2.400000e+00	2.800000e+00	2.609000e-02	1.366148e-03	9.291500e-04
2.800000e+00	3.200000e+00	2.132873e-02	9.760125e-04	4.941725e-04
3.200000e+00	3.600000e+00	1.731756e-02	1.028110e-03	4.576525e-04
3.600000e+00	4.000000e+00	1.376899e-02	4.005500e-04	6.400425e-04
4.000000e+00	4.400000e+00	1.118114e-02	5.947900e-04	1.810875e-04
4.400000e+00	4.800000e+00	8.796648e-03	3.064900e-04	1.882450e-04
4.800000e+00	5.200000e+00	6.963860e-03	2.204950e-04	5.561250e-05
5.200000e+00	5.600000e+00	5.366683e-03	1.096950e-04	2.913375e-04
5.600000e+00	6.000000e+00	4.199675e-03	1.785725e-04	9.402500e-06
6.000000e+00	6.400000e+00	3.233822e-03	8.029500e-05	2.553000e-05
6.400000e+00	6.800000e+00	2.461976e-03	6.928550e-05	0.000000e+00
6.800000e+00	7.200000e+00	1.869037e-03	1.643175e-05	0.000000e+00
7.200000e+00	7.600000e+00	1.354804e-03	0.000000e+00	3.782900e-05
7.600000e+00	8.000000e+00	1.024199e-03	1.333650e-05	0.000000e+00
8.000000e+00	8.400000e+00	7.587667e-04	1.020925e-04	0.000000e+00
8.400000e+00	8.800000e+00	5.435270e-04	1.488875e-05	1.456000e-06
8.800000e+00	9.200000e+00	3.783473e-04	1.143275e-05	9.232750e-06
9.200000e+00	9.600000e+00	2.745375e-04	1.168250e-05	1.762025e-05
9.600000e+00	1.000000e+01	1.844462e-04	2.077663e-05	1.634375e-05
# END HISTO1D


# BEGIN HISTO1D //homes/tinghua1/Merging-Project/Production/HJETS/ratio-plots/hjets-matched-errorband/H-N2-3-25gev-combine.yoda/MC_H2JETS_04_LOOSE/y1j_yj2
ErrorBandColor=green
ErrorBandOpacity=0.3
ErrorBands=1
ErrorType=env
LineColor=green
LineStyle=solid
Path=//homes/tinghua1/Merging-Project/Production/HJETS/ratio-plots/hjets-matched-errorband/H-N2-3-25gev-combine.yoda/MC_H2JETS_04_LOOSE/y1j_yj2
RatioPlotSameStyle=1
Title=h(2*,3)
# xlow	 xhigh	 val	 errminus	 errplus
-1.000000e+01	-9.600000e+00	7.134770e-02	2.654250e-03	1.210775e-03
-9.600000e+00	-9.200000e+00	8.414160e-02	8.436050e-03	0.000000e+00
-9.200000e+00	-8.800000e+00	8.615080e-02	3.167800e-03	1.827425e-03
-8.800000e+00	-8.400000e+00	9.412010e-02	3.490825e-03	2.294125e-03
-8.400000e+00	-8.000000e+00	1.025050e-01	3.124850e-03	2.495275e-03
-8.000000e+00	-7.600000e+00	1.108628e-01	4.120175e-03	3.337550e-03
-7.600000e+00	-7.200000e+00	1.206842e-01	5.116050e-03	3.108300e-03
-7.200000e+00	-6.800000e+00	1.294301e-01	5.086925e-03	3.608450e-03
-6.800000e+00	-6.400000e+00	1.391230e-01	6.291600e-03	3.841975e-03
-6.400000e+00	-6.000000e+00	1.483143e-01	4.627275e-03	4.451750e-03
-6.000000e+00	-5.600000e+00	1.564284e-01	6.715075e-03	6.353825e-03
-5.600000e+00	-5.200000e+00	1.664979e-01	8.038100e-03	6.067500e-03
-5.200000e+00	-4.800000e+00	1.750107e-01	8.618875e-03	7.722525e-03
-4.800000e+00	-4.400000e+00	1.836491e-01	9.558625e-03	7.181375e-03
-4.400000e+00	-4.000000e+00	1.902302e-01	8.913650e-03	9.268875e-03
-4.000000e+00	-3.600000e+00	1.981805e-01	1.011307e-02	7.863950e-03
-3.600000e+00	-3.200000e+00	2.028066e-01	9.715475e-03	8.345425e-03
-3.200000e+00	-2.800000e+00	2.059878e-01	1.201885e-02	1.029337e-02
-2.800000e+00	-2.400000e+00	2.040744e-01	1.087138e-02	8.652300e-03
-2.400000e+00	-2.000000e+00	1.996423e-01	1.110207e-02	8.493800e-03
-2.000000e+00	-1.600000e+00	1.894926e-01	8.736125e-03	9.899575e-03
-1.600000e+00	-1.200000e+00	1.762303e-01	8.460600e-03	7.242275e-03
-1.200000e+00	-8.000000e-01	1.596126e-01	6.526500e-03	6.238150e-03
-8.000000e-01	-4.000000e-01	1.436510e-01	4.613200e-03	4.589000e-03
-4.000000e-01	0.000000e+00	1.225941e-01	3.381475e-03	2.782875e-03
0.000000e+00	4.000000e-01	9.318875e-02	2.823675e-03	2.711950e-03
4.000000e-01	8.000000e-01	7.555047e-02	2.920425e-03	2.629225e-03
8.000000e-01	1.200000e+00	6.255190e-02	2.957725e-03	1.512275e-03
1.200000e+00	1.600000e+00	5.116045e-02	1.519650e-03	2.088250e-03
1.600000e+00	2.000000e+00	4.224448e-02	1.136825e-03	1.937025e-03
2.000000e+00	2.400000e+00	3.543470e-02	1.868375e-03	8.866500e-04
2.400000e+00	2.800000e+00	2.876785e-02	1.226900e-03	1.070775e-03
2.800000e+00	3.200000e+00	2.346366e-02	1.087452e-03	1.099005e-03
3.200000e+00	3.600000e+00	1.927871e-02	6.790250e-04	8.811450e-04
3.600000e+00	4.000000e+00	1.553262e-02	5.062425e-04	8.435225e-04
4.000000e+00	4.400000e+00	1.239526e-02	4.279975e-04	6.022450e-04
4.400000e+00	4.800000e+00	9.985223e-03	3.520950e-04	5.293975e-04
4.800000e+00	5.200000e+00	7.901582e-03	2.327500e-04	1.910400e-04
5.200000e+00	5.600000e+00	6.136025e-03	6.602250e-05	2.302125e-04
5.600000e+00	6.000000e+00	4.886585e-03	3.066625e-04	1.142475e-04
6.000000e+00	6.400000e+00	3.745137e-03	1.216775e-04	9.656750e-05
6.400000e+00	6.800000e+00	2.757715e-03	4.213500e-05	1.439400e-04
6.800000e+00	7.200000e+00	2.104557e-03	3.289225e-05	6.297575e-05
7.200000e+00	7.600000e+00	1.575500e-03	1.417875e-05	8.214575e-05
7.600000e+00	8.000000e+00	1.201618e-03	5.951025e-05	0.000000e+00
8.000000e+00	8.400000e+00	8.498682e-04	1.837500e-05	0.000000e+00
8.400000e+00	8.800000e+00	6.089000e-04	3.645600e-05	0.000000e+00
8.800000e+00	9.200000e+00	4.480625e-04	2.012700e-05	0.000000e+00
9.200000e+00	9.600000e+00	3.094182e-04	1.122575e-05	7.580500e-06
9.600000e+00	1.000000e+01	2.256413e-04	1.983735e-05	0.000000e+00
# END HISTO1D


# BEGIN HISTO1D //homes/tinghua1/Merging-Project/Production/HJETS/ratio-plots/hjets-matched-errorband/H-2-3-25gev-combine.yoda/MC_H2JETS_04_LOOSE/y1j_yj2
ErrorBandColor=purple
ErrorBandOpacity=0.3
ErrorBands=1
ErrorType=env
LineColor=purple
LineStyle=solid
Path=//homes/tinghua1/Merging-Project/Production/HJETS/ratio-plots/hjets-matched-errorband/H-2-3-25gev-combine.yoda/MC_H2JETS_04_LOOSE/y1j_yj2
RatioPlotSameStyle=1
Title=h(2,3)
# xlow	 xhigh	 val	 errminus	 errplus
-1.000000e+01	-9.600000e+00	6.616667e-02	0.000000e+00	6.663975e-03
-9.600000e+00	-9.200000e+00	7.381825e-02	0.000000e+00	6.825425e-03
-9.200000e+00	-8.800000e+00	8.179325e-02	0.000000e+00	6.207550e-03
-8.800000e+00	-8.400000e+00	9.024002e-02	0.000000e+00	6.442550e-03
-8.400000e+00	-8.000000e+00	9.928010e-02	0.000000e+00	6.299925e-03
-8.000000e+00	-7.600000e+00	1.083368e-01	0.000000e+00	6.220750e-03
-7.600000e+00	-7.200000e+00	1.183353e-01	0.000000e+00	5.454975e-03
-7.200000e+00	-6.800000e+00	1.282649e-01	0.000000e+00	4.767200e-03
-6.800000e+00	-6.400000e+00	1.387892e-01	0.000000e+00	3.981700e-03
-6.400000e+00	-6.000000e+00	1.493835e-01	0.000000e+00	2.542850e-03
-6.000000e+00	-5.600000e+00	1.601294e-01	0.000000e+00	1.471775e-03
-5.600000e+00	-5.200000e+00	1.706703e-01	1.821000e-04	8.551000e-04
-5.200000e+00	-4.800000e+00	1.811621e-01	2.039875e-03	3.720000e-05
-4.800000e+00	-4.400000e+00	1.908173e-01	3.589650e-03	0.000000e+00
-4.400000e+00	-4.000000e+00	2.001434e-01	5.833175e-03	0.000000e+00
-4.000000e+00	-3.600000e+00	2.081348e-01	7.854375e-03	0.000000e+00
-3.600000e+00	-3.200000e+00	2.146730e-01	1.017898e-02	0.000000e+00
-3.200000e+00	-2.800000e+00	2.183626e-01	1.321645e-02	0.000000e+00
-2.800000e+00	-2.400000e+00	2.172105e-01	1.446445e-02	0.000000e+00
-2.400000e+00	-2.000000e+00	2.118288e-01	1.572457e-02	0.000000e+00
-2.000000e+00	-1.600000e+00	2.007789e-01	1.549733e-02	0.000000e+00
-1.600000e+00	-1.200000e+00	1.838114e-01	1.425838e-02	0.000000e+00
-1.200000e+00	-8.000000e-01	1.630565e-01	1.327525e-02	0.000000e+00
-8.000000e-01	-4.000000e-01	1.405439e-01	1.124465e-02	0.000000e+00
-4.000000e-01	0.000000e+00	1.148404e-01	8.367000e-03	0.000000e+00
0.000000e+00	4.000000e-01	8.899092e-02	6.701675e-03	0.000000e+00
4.000000e-01	8.000000e-01	7.250100e-02	5.919100e-03	0.000000e+00
8.000000e-01	1.200000e+00	5.923618e-02	4.548600e-03	0.000000e+00
1.200000e+00	1.600000e+00	4.874290e-02	3.508600e-03	0.000000e+00
1.600000e+00	2.000000e+00	4.015580e-02	3.103425e-03	0.000000e+00
2.000000e+00	2.400000e+00	3.302298e-02	2.658625e-03	0.000000e+00
2.400000e+00	2.800000e+00	2.711368e-02	2.190207e-03	0.000000e+00
2.800000e+00	3.200000e+00	2.196170e-02	1.643030e-03	0.000000e+00
3.200000e+00	3.600000e+00	1.776468e-02	1.337262e-03	0.000000e+00
3.600000e+00	4.000000e+00	1.428037e-02	1.005888e-03	0.000000e+00
4.000000e+00	4.400000e+00	1.140007e-02	7.863175e-04	0.000000e+00
4.400000e+00	4.800000e+00	9.012188e-03	5.282325e-04	0.000000e+00
4.800000e+00	5.200000e+00	7.146100e-03	4.371800e-04	0.000000e+00
5.200000e+00	5.600000e+00	5.510163e-03	2.815400e-04	0.000000e+00
5.600000e+00	6.000000e+00	4.272472e-03	2.134100e-04	0.000000e+00
6.000000e+00	6.400000e+00	3.268427e-03	1.392675e-04	0.000000e+00
6.400000e+00	6.800000e+00	2.473570e-03	8.771425e-05	0.000000e+00
6.800000e+00	7.200000e+00	1.856106e-03	7.351075e-05	0.000000e+00
7.200000e+00	7.600000e+00	1.380845e-03	3.229250e-06	0.000000e+00
7.600000e+00	8.000000e+00	9.969867e-04	0.000000e+00	3.435475e-05
8.000000e+00	8.400000e+00	7.303480e-04	0.000000e+00	2.542900e-05
8.400000e+00	8.800000e+00	5.162115e-04	0.000000e+00	2.388450e-05
8.800000e+00	9.200000e+00	3.648405e-04	0.000000e+00	2.498350e-05
9.200000e+00	9.600000e+00	2.561187e-04	0.000000e+00	1.292650e-05
9.600000e+00	1.000000e+01	1.746656e-04	0.000000e+00	1.881837e-05
# END HISTO1D


# BEGIN HISTO1D //homes/tinghua1/Merging-Project/Production/HJETS/ratio-plots/hjets-matched-errorband/H3Jets-NLOPS-combine.yoda/MC_H2JETS_04_LOOSE/y1j_yj2
ErrorBandColor=red
ErrorBandOpacity=0.3
ErrorBands=1
ErrorType=env
LineColor=red
LineStyle=solid
Path=//homes/tinghua1/Merging-Project/Production/HJETS/ratio-plots/hjets-matched-errorband/H3Jets-NLOPS-combine.yoda/MC_H2JETS_04_LOOSE/y1j_yj2
RatioPlotSameStyle=1
Title=h(3*) $\oplus$ PS
# xlow	 xhigh	 val	 errminus	 errplus
-1.000000e+01	-9.600000e+00	3.123402e-02	1.182425e-03	0.000000e+00
-9.600000e+00	-9.200000e+00	3.562625e-02	2.354425e-03	0.000000e+00
-9.200000e+00	-8.800000e+00	3.987635e-02	7.112250e-04	6.707750e-04
-8.800000e+00	-8.400000e+00	4.377600e-02	2.267200e-03	3.913500e-04
-8.400000e+00	-8.000000e+00	4.854610e-02	3.368375e-03	9.123250e-04
-8.000000e+00	-7.600000e+00	5.153417e-02	3.634325e-03	3.510950e-03
-7.600000e+00	-7.200000e+00	5.958030e-02	5.536925e-03	0.000000e+00
-7.200000e+00	-6.800000e+00	6.439965e-02	5.413700e-03	2.839050e-03
-6.800000e+00	-6.400000e+00	7.051985e-02	7.441750e-03	1.001250e-03
-6.400000e+00	-6.000000e+00	7.877545e-02	8.241625e-03	0.000000e+00
-6.000000e+00	-5.600000e+00	8.140967e-02	3.868525e-03	3.273900e-03
-5.600000e+00	-5.200000e+00	8.951118e-02	8.393900e-03	4.223000e-03
-5.200000e+00	-4.800000e+00	9.718280e-02	1.247420e-02	1.274525e-03
-4.800000e+00	-4.400000e+00	1.022931e-01	1.089413e-02	4.594625e-03
-4.400000e+00	-4.000000e+00	1.082429e-01	1.025862e-02	4.849925e-03
-4.000000e+00	-3.600000e+00	1.132688e-01	8.788400e-03	5.649750e-03
-3.600000e+00	-3.200000e+00	1.152680e-01	8.859450e-03	1.026355e-02
-3.200000e+00	-2.800000e+00	1.233004e-01	1.047412e-02	6.208075e-03
-2.800000e+00	-2.400000e+00	1.232661e-01	9.720575e-03	7.307100e-03
-2.400000e+00	-2.000000e+00	1.265410e-01	1.556857e-02	5.455700e-03
-2.000000e+00	-1.600000e+00	1.208725e-01	1.548255e-02	8.693350e-03
-1.600000e+00	-1.200000e+00	1.098308e-01	6.230875e-03	1.331832e-02
-1.200000e+00	-8.000000e-01	1.092060e-01	1.391875e-02	6.401025e-03
-8.000000e-01	-4.000000e-01	1.024874e-01	1.045440e-02	2.977100e-03
-4.000000e-01	0.000000e+00	8.681922e-02	2.329950e-03	5.482250e-03
0.000000e+00	4.000000e-01	6.483310e-02	4.304750e-03	4.741150e-03
4.000000e-01	8.000000e-01	5.308778e-02	4.680425e-03	1.995575e-03
8.000000e-01	1.200000e+00	4.222063e-02	5.276350e-03	3.028550e-03
1.200000e+00	1.600000e+00	3.709625e-02	6.060100e-03	3.697250e-04
1.600000e+00	2.000000e+00	2.961880e-02	3.728450e-03	5.151250e-04
2.000000e+00	2.400000e+00	2.424800e-02	3.096973e-03	1.441677e-03
2.400000e+00	2.800000e+00	2.024123e-02	2.387188e-03	5.090725e-04
2.800000e+00	3.200000e+00	1.639617e-02	2.790952e-03	1.042502e-03
3.200000e+00	3.600000e+00	1.355858e-02	1.993443e-03	1.602000e-04
3.600000e+00	4.000000e+00	1.105596e-02	2.459403e-03	3.712800e-04
4.000000e+00	4.400000e+00	8.629835e-03	7.138325e-04	3.969225e-04
4.400000e+00	4.800000e+00	6.484040e-03	1.328100e-04	6.120850e-04
4.800000e+00	5.200000e+00	5.601832e-03	4.041925e-04	1.409975e-04
5.200000e+00	5.600000e+00	4.454238e-03	3.439925e-04	1.975675e-04
5.600000e+00	6.000000e+00	3.357297e-03	1.540250e-05	2.081550e-04
6.000000e+00	6.400000e+00	2.847542e-03	4.360397e-04	1.182750e-05
6.400000e+00	6.800000e+00	1.972462e-03	3.615148e-04	1.302965e-04
6.800000e+00	7.200000e+00	1.569236e-03	1.412062e-04	1.470205e-04
7.200000e+00	7.600000e+00	1.117709e-03	2.430475e-05	1.619658e-04
7.600000e+00	8.000000e+00	9.615080e-04	1.170837e-04	0.000000e+00
8.000000e+00	8.400000e+00	5.841627e-04	0.000000e+00	6.620175e-05
8.400000e+00	8.800000e+00	4.467157e-04	4.290825e-05	6.586150e-05
8.800000e+00	9.200000e+00	3.603950e-04	1.025018e-04	0.000000e+00
9.200000e+00	9.600000e+00	2.122920e-04	0.000000e+00	4.408852e-05
9.600000e+00	1.000000e+01	1.660207e-04	3.248562e-05	1.757390e-05
# END HISTO1D


# BEGIN HISTO1D //homes/tinghua1/Merging-Project/Production/HJETS/ratio-plots/hjets-matched-errorband/H2Jets-NLOPS-combine.yoda/MC_H2JETS_04_LOOSE/y1j_yj2
ErrorBandColor=violet
ErrorBandOpacity=0.3
ErrorBands=1
ErrorType=env
LineColor=violet
LineStyle=solid
Path=//homes/tinghua1/Merging-Project/Production/HJETS/ratio-plots/hjets-matched-errorband/H2Jets-NLOPS-combine.yoda/MC_H2JETS_04_LOOSE/y1j_yj2
RatioPlotSameStyle=1
Title=h(2*) $\oplus$ PS
# xlow	 xhigh	 val	 errminus	 errplus
-1.000000e+01	-9.600000e+00	7.124625e-02	3.246475e-03	1.537225e-03
-9.600000e+00	-9.200000e+00	7.838085e-02	3.396200e-03	1.859000e-03
-9.200000e+00	-8.800000e+00	8.573840e-02	3.589475e-03	2.308250e-03
-8.800000e+00	-8.400000e+00	9.387252e-02	4.063875e-03	2.821600e-03
-8.400000e+00	-8.000000e+00	1.021609e-01	4.150375e-03	2.995525e-03
-8.000000e+00	-7.600000e+00	1.109351e-01	4.978575e-03	3.215700e-03
-7.600000e+00	-7.200000e+00	1.201926e-01	5.737175e-03	3.240850e-03
-7.200000e+00	-6.800000e+00	1.290542e-01	5.742675e-03	4.135800e-03
-6.800000e+00	-6.400000e+00	1.382726e-01	6.663175e-03	4.657625e-03
-6.400000e+00	-6.000000e+00	1.473092e-01	6.623575e-03	5.341700e-03
-6.000000e+00	-5.600000e+00	1.567990e-01	7.098125e-03	5.797200e-03
-5.600000e+00	-5.200000e+00	1.658504e-01	7.799125e-03	6.249175e-03
-5.200000e+00	-4.800000e+00	1.748914e-01	8.649500e-03	6.403725e-03
-4.800000e+00	-4.400000e+00	1.827784e-01	8.903950e-03	7.006550e-03
-4.400000e+00	-4.000000e+00	1.904633e-01	9.671250e-03	7.859700e-03
-4.000000e+00	-3.600000e+00	1.965250e-01	9.209475e-03	8.798850e-03
-3.600000e+00	-3.200000e+00	2.014159e-01	9.572100e-03	8.770600e-03
-3.200000e+00	-2.800000e+00	2.038326e-01	1.031047e-02	9.075625e-03
-2.800000e+00	-2.400000e+00	2.025327e-01	1.006202e-02	9.151375e-03
-2.400000e+00	-2.000000e+00	1.979861e-01	1.046278e-02	8.542100e-03
-2.000000e+00	-1.600000e+00	1.878020e-01	9.693025e-03	8.756275e-03
-1.600000e+00	-1.200000e+00	1.741180e-01	9.646875e-03	7.546750e-03
-1.200000e+00	-8.000000e-01	1.561562e-01	7.524925e-03	6.600175e-03
-8.000000e-01	-4.000000e-01	1.392061e-01	5.393925e-03	4.893625e-03
-4.000000e-01	0.000000e+00	1.179090e-01	3.994675e-03	3.564675e-03
0.000000e+00	4.000000e-01	9.002615e-02	3.442275e-03	3.479275e-03
4.000000e-01	8.000000e-01	7.323497e-02	3.078325e-03	2.665525e-03
8.000000e-01	1.200000e+00	6.030938e-02	2.801225e-03	2.153375e-03
1.200000e+00	1.600000e+00	4.992870e-02	2.498675e-03	1.862950e-03
1.600000e+00	2.000000e+00	4.135680e-02	1.984325e-03	1.545425e-03
2.000000e+00	2.400000e+00	3.416545e-02	1.560350e-03	1.256575e-03
2.400000e+00	2.800000e+00	2.798488e-02	1.189225e-03	1.207700e-03
2.800000e+00	3.200000e+00	2.291317e-02	1.210817e-03	1.017680e-03
3.200000e+00	3.600000e+00	1.858054e-02	8.167300e-04	8.106075e-04
3.600000e+00	4.000000e+00	1.502278e-02	7.316775e-04	6.216725e-04
4.000000e+00	4.400000e+00	1.209121e-02	5.952850e-04	5.196850e-04
4.400000e+00	4.800000e+00	9.646915e-03	4.943625e-04	3.789600e-04
4.800000e+00	5.200000e+00	7.630252e-03	4.208075e-04	3.463750e-04
5.200000e+00	5.600000e+00	5.938525e-03	2.507650e-04	2.452650e-04
5.600000e+00	6.000000e+00	4.604757e-03	2.030450e-04	1.700350e-04
6.000000e+00	6.400000e+00	3.532695e-03	1.676900e-04	1.238300e-04
6.400000e+00	6.800000e+00	2.678243e-03	1.006900e-04	1.278950e-04
6.800000e+00	7.200000e+00	2.006193e-03	6.441850e-05	6.115725e-05
7.200000e+00	7.600000e+00	1.480322e-03	4.061500e-05	5.768750e-05
7.600000e+00	8.000000e+00	1.069106e-03	3.403075e-05	1.133862e-04
8.000000e+00	8.400000e+00	7.758442e-04	1.474650e-05	1.545425e-05
8.400000e+00	8.800000e+00	5.398775e-04	1.022650e-05	1.803125e-05
8.800000e+00	9.200000e+00	3.928985e-04	1.222900e-05	7.888500e-06
9.200000e+00	9.600000e+00	2.636857e-04	1.311750e-05	3.422750e-06
9.600000e+00	1.000000e+01	1.850507e-04	5.522850e-06	0.000000e+00
# END HISTO1D

