# BEGIN PLOT
Scale=1000.0
DrawOnly=//homes/tinghua1/Merging-Project/Production/HJETS/ratio-plots/hjets-matched-errorband/H-N2-N3-4-25gev-combine.yoda/MC_H2JETS_07_TIGHT/trijet_mass //homes/tinghua1/Merging-Project/Production/HJETS/ratio-plots/hjets-matched-errorband/H-N2-3-4-25gev-combine.yoda/MC_H2JETS_07_TIGHT/trijet_mass //homes/tinghua1/Merging-Project/Production/HJETS/ratio-plots/hjets-matched-errorband/H-2-3-4-25gev-combine.yoda/MC_H2JETS_07_TIGHT/trijet_mass //homes/tinghua1/Merging-Project/Production/HJETS/ratio-plots/hjets-matched-errorband/H-N2-3-25gev-combine.yoda/MC_H2JETS_07_TIGHT/trijet_mass //homes/tinghua1/Merging-Project/Production/HJETS/ratio-plots/hjets-matched-errorband/H-2-3-25gev-combine.yoda/MC_H2JETS_07_TIGHT/trijet_mass //homes/tinghua1/Merging-Project/Production/HJETS/ratio-plots/hjets-matched-errorband/H3Jets-NLOPS-combine.yoda/MC_H2JETS_07_TIGHT/trijet_mass //homes/tinghua1/Merging-Project/Production/HJETS/ratio-plots/hjets-matched-errorband/H2Jets-NLOPS-combine.yoda/MC_H2JETS_07_TIGHT/trijet_mass
RightMargin=0.5
RatioPlotReference=//homes/tinghua1/Merging-Project/Production/HJETS/ratio-plots/hjets-matched-errorband/H-N2-N3-4-25gev-combine.yoda/MC_H2JETS_07_TIGHT/trijet_mass
#RatioPlot=1
LogY=1
RatioPlotYLabel=Ratio
#LegendOnly=//homes/tinghua1/Merging-Project/Production/HJETS/ratio-plots/hjets-matched-errorband/H-N2-N3-4-25gev-combine.yoda/MC_H2JETS_07_TIGHT/trijet_mass //homes/tinghua1/Merging-Project/Production/HJETS/ratio-plots/hjets-matched-errorband/H-N2-3-4-25gev-combine.yoda/MC_H2JETS_07_TIGHT/trijet_mass //homes/tinghua1/Merging-Project/Production/HJETS/ratio-plots/hjets-matched-errorband/H-2-3-4-25gev-combine.yoda/MC_H2JETS_07_TIGHT/trijet_mass //homes/tinghua1/Merging-Project/Production/HJETS/ratio-plots/hjets-matched-errorband/H-N2-3-25gev-combine.yoda/MC_H2JETS_07_TIGHT/trijet_mass //homes/tinghua1/Merging-Project/Production/HJETS/ratio-plots/hjets-matched-errorband/H-2-3-25gev-combine.yoda/MC_H2JETS_07_TIGHT/trijet_mass //homes/tinghua1/Merging-Project/Production/HJETS/ratio-plots/hjets-matched-errorband/H3Jets-NLOPS-combine.yoda/MC_H2JETS_07_TIGHT/trijet_mass //homes/tinghua1/Merging-Project/Production/HJETS/ratio-plots/hjets-matched-errorband/H2Jets-NLOPS-combine.yoda/MC_H2JETS_07_TIGHT/trijet_mass
XLabel=$m_{j_1j_2j_3}$ (GeV)
LegendAlign=r
YLabel=$ \text{d} \sigma/ \text{d}  m_{j_1j_2j_3}$ (fb/GeV)
Legend=0
RatioPlot=6
MainPlotSelection={"Selection":[1,2,3,4,5,6,7]}
RatioPlots={"RatioPlotYLabel":"","Selection":[1,2]};{"RatioPlotYLabel":"","Selection":[1,3]};{"RatioPlotYLabel":"","Selection":[1,4]};{"RatioPlotYLabel":"","Selection":[1,5]};{"RatioPlotYLabel":"","Selection":[1,6]};{"RatioPlotYLabel":"","Selection":[1,7]}
RatioPlotSameStyle=1
# END PLOT


# BEGIN SPECIAL /MC_H2JETS_07_TIGHT/trijet_mass
\rput[tl](0.05,0.75){\parbox{5cm}{\textcolor{gray}{{\bf Herwig 7.2.0} \\ HJETS/ColorFull}}}
# END SPECIAL

# BEGIN HISTO1D //homes/tinghua1/Merging-Project/Production/HJETS/ratio-plots/hjets-matched-errorband/H-N2-N3-4-25gev-combine.yoda/MC_H2JETS_07_TIGHT/trijet_mass
ErrorBandColor=orange
ErrorBandOpacity=0.3
ErrorBands=1
ErrorType=env
LineColor=orange
LineStyle=solid
Path=//homes/tinghua1/Merging-Project/Production/HJETS/ratio-plots/hjets-matched-errorband/H-N2-N3-4-25gev-combine.yoda/MC_H2JETS_07_TIGHT/trijet_mass
RatioPlotSameStyle=1
Title=h(2*,3*,4)
# xlow	 xhigh	 val	 errminus	 errplus
0.000000e+00	2.000000e+01	0.000000e+00	0.000000e+00	0.000000e+00
2.000000e+01	4.000000e+01	0.000000e+00	0.000000e+00	0.000000e+00
4.000000e+01	6.000000e+01	0.000000e+00	0.000000e+00	0.000000e+00
6.000000e+01	8.000000e+01	0.000000e+00	0.000000e+00	0.000000e+00
8.000000e+01	1.000000e+02	0.000000e+00	0.000000e+00	0.000000e+00
1.000000e+02	1.200000e+02	0.000000e+00	0.000000e+00	0.000000e+00
1.200000e+02	1.400000e+02	0.000000e+00	0.000000e+00	0.000000e+00
1.400000e+02	1.600000e+02	0.000000e+00	0.000000e+00	0.000000e+00
1.600000e+02	1.800000e+02	0.000000e+00	0.000000e+00	0.000000e+00
1.800000e+02	2.000000e+02	0.000000e+00	0.000000e+00	0.000000e+00
2.000000e+02	2.200000e+02	0.000000e+00	0.000000e+00	0.000000e+00
2.200000e+02	2.400000e+02	0.000000e+00	0.000000e+00	0.000000e+00
2.400000e+02	2.600000e+02	0.000000e+00	0.000000e+00	0.000000e+00
2.600000e+02	2.800000e+02	0.000000e+00	0.000000e+00	0.000000e+00
2.800000e+02	3.000000e+02	0.000000e+00	0.000000e+00	0.000000e+00
3.000000e+02	3.200000e+02	0.000000e+00	0.000000e+00	0.000000e+00
3.200000e+02	3.400000e+02	0.000000e+00	0.000000e+00	0.000000e+00
3.400000e+02	3.600000e+02	0.000000e+00	0.000000e+00	0.000000e+00
3.600000e+02	3.800000e+02	0.000000e+00	0.000000e+00	0.000000e+00
3.800000e+02	4.000000e+02	0.000000e+00	0.000000e+00	0.000000e+00
4.000000e+02	4.200000e+02	0.000000e+00	0.000000e+00	0.000000e+00
4.200000e+02	4.400000e+02	0.000000e+00	0.000000e+00	0.000000e+00
4.400000e+02	4.600000e+02	0.000000e+00	0.000000e+00	0.000000e+00
4.600000e+02	4.800000e+02	0.000000e+00	0.000000e+00	0.000000e+00
4.800000e+02	5.000000e+02	0.000000e+00	0.000000e+00	0.000000e+00
5.000000e+02	5.200000e+02	0.000000e+00	0.000000e+00	0.000000e+00
5.200000e+02	5.400000e+02	0.000000e+00	0.000000e+00	0.000000e+00
5.400000e+02	5.600000e+02	0.000000e+00	0.000000e+00	0.000000e+00
5.600000e+02	5.800000e+02	0.000000e+00	0.000000e+00	0.000000e+00
5.800000e+02	6.000000e+02	0.000000e+00	0.000000e+00	0.000000e+00
6.000000e+02	6.200000e+02	0.000000e+00	0.000000e+00	0.000000e+00
6.200000e+02	6.400000e+02	1.617007e-06	4.129250e-07	1.217945e-07
6.400000e+02	6.600000e+02	8.207320e-06	0.000000e+00	1.551380e-06
6.600000e+02	6.800000e+02	1.614028e-05	0.000000e+00	5.730405e-06
6.800000e+02	7.000000e+02	2.281146e-05	0.000000e+00	1.940850e-06
7.000000e+02	7.200000e+02	3.129647e-05	3.554790e-06	5.548750e-07
7.200000e+02	7.400000e+02	3.452241e-05	0.000000e+00	9.748290e-06
7.400000e+02	7.600000e+02	6.078395e-05	2.121953e-05	0.000000e+00
7.600000e+02	7.800000e+02	4.688800e-05	3.362675e-06	7.427700e-06
7.800000e+02	8.000000e+02	5.081230e-05	8.573980e-06	3.494550e-06
8.000000e+02	8.200000e+02	6.416925e-05	1.325300e-05	0.000000e+00
8.200000e+02	8.400000e+02	5.644340e-05	4.489650e-06	2.793550e-06
8.400000e+02	8.600000e+02	5.961460e-05	1.665550e-06	8.950950e-06
8.600000e+02	8.800000e+02	6.601935e-05	1.281975e-05	0.000000e+00
8.800000e+02	9.000000e+02	6.505570e-05	4.867350e-06	9.485750e-06
9.000000e+02	9.200000e+02	6.753360e-05	4.873500e-06	7.802700e-06
9.200000e+02	9.400000e+02	7.231775e-05	9.282800e-06	4.430300e-06
9.400000e+02	9.600000e+02	7.242815e-05	1.463150e-06	0.000000e+00
9.600000e+02	9.800000e+02	7.932205e-05	8.462000e-06	0.000000e+00
9.800000e+02	1.000000e+03	7.663985e-05	6.147400e-06	1.559905e-05
# END HISTO1D


# BEGIN HISTO1D //homes/tinghua1/Merging-Project/Production/HJETS/ratio-plots/hjets-matched-errorband/H-N2-3-4-25gev-combine.yoda/MC_H2JETS_07_TIGHT/trijet_mass
ErrorBandColor=blue
ErrorBandOpacity=0.3
ErrorBands=1
ErrorType=env
LineColor=blue
LineStyle=solid
Path=//homes/tinghua1/Merging-Project/Production/HJETS/ratio-plots/hjets-matched-errorband/H-N2-3-4-25gev-combine.yoda/MC_H2JETS_07_TIGHT/trijet_mass
RatioPlotSameStyle=1
Title=h(2*,3,4)
# xlow	 xhigh	 val	 errminus	 errplus
0.000000e+00	2.000000e+01	0.000000e+00	0.000000e+00	0.000000e+00
2.000000e+01	4.000000e+01	0.000000e+00	0.000000e+00	0.000000e+00
4.000000e+01	6.000000e+01	0.000000e+00	0.000000e+00	0.000000e+00
6.000000e+01	8.000000e+01	0.000000e+00	0.000000e+00	0.000000e+00
8.000000e+01	1.000000e+02	0.000000e+00	0.000000e+00	0.000000e+00
1.000000e+02	1.200000e+02	0.000000e+00	0.000000e+00	0.000000e+00
1.200000e+02	1.400000e+02	0.000000e+00	0.000000e+00	0.000000e+00
1.400000e+02	1.600000e+02	0.000000e+00	0.000000e+00	0.000000e+00
1.600000e+02	1.800000e+02	0.000000e+00	0.000000e+00	0.000000e+00
1.800000e+02	2.000000e+02	0.000000e+00	0.000000e+00	0.000000e+00
2.000000e+02	2.200000e+02	0.000000e+00	0.000000e+00	0.000000e+00
2.200000e+02	2.400000e+02	0.000000e+00	0.000000e+00	0.000000e+00
2.400000e+02	2.600000e+02	0.000000e+00	0.000000e+00	0.000000e+00
2.600000e+02	2.800000e+02	0.000000e+00	0.000000e+00	0.000000e+00
2.800000e+02	3.000000e+02	0.000000e+00	0.000000e+00	0.000000e+00
3.000000e+02	3.200000e+02	0.000000e+00	0.000000e+00	0.000000e+00
3.200000e+02	3.400000e+02	0.000000e+00	0.000000e+00	0.000000e+00
3.400000e+02	3.600000e+02	0.000000e+00	0.000000e+00	0.000000e+00
3.600000e+02	3.800000e+02	0.000000e+00	0.000000e+00	0.000000e+00
3.800000e+02	4.000000e+02	0.000000e+00	0.000000e+00	0.000000e+00
4.000000e+02	4.200000e+02	0.000000e+00	0.000000e+00	0.000000e+00
4.200000e+02	4.400000e+02	0.000000e+00	0.000000e+00	0.000000e+00
4.400000e+02	4.600000e+02	0.000000e+00	0.000000e+00	0.000000e+00
4.600000e+02	4.800000e+02	0.000000e+00	0.000000e+00	0.000000e+00
4.800000e+02	5.000000e+02	0.000000e+00	0.000000e+00	0.000000e+00
5.000000e+02	5.200000e+02	0.000000e+00	0.000000e+00	0.000000e+00
5.200000e+02	5.400000e+02	0.000000e+00	0.000000e+00	0.000000e+00
5.400000e+02	5.600000e+02	0.000000e+00	0.000000e+00	0.000000e+00
5.600000e+02	5.800000e+02	0.000000e+00	0.000000e+00	0.000000e+00
5.800000e+02	6.000000e+02	0.000000e+00	0.000000e+00	0.000000e+00
6.000000e+02	6.200000e+02	0.000000e+00	0.000000e+00	0.000000e+00
6.200000e+02	6.400000e+02	1.666984e-06	1.148380e-07	0.000000e+00
6.400000e+02	6.600000e+02	9.298615e-06	1.288165e-06	8.384700e-07
6.600000e+02	6.800000e+02	1.652241e-05	1.927405e-06	2.535815e-06
6.800000e+02	7.000000e+02	2.460836e-05	4.382505e-06	2.885285e-06
7.000000e+02	7.200000e+02	3.033262e-05	3.651790e-06	2.460430e-06
7.200000e+02	7.400000e+02	3.471880e-05	2.876370e-06	4.923550e-06
7.400000e+02	7.600000e+02	3.975200e-05	3.189375e-06	6.435430e-06
7.600000e+02	7.800000e+02	4.430071e-05	3.976725e-06	5.941340e-06
7.800000e+02	8.000000e+02	4.895194e-05	4.140445e-06	5.256515e-06
8.000000e+02	8.200000e+02	5.291560e-05	5.199825e-06	5.867100e-06
8.200000e+02	8.400000e+02	5.585390e-05	4.767700e-06	6.191100e-06
8.400000e+02	8.600000e+02	5.798225e-05	4.944050e-06	6.705250e-06
8.600000e+02	8.800000e+02	6.133975e-05	5.133150e-06	1.028665e-05
8.800000e+02	9.000000e+02	6.647520e-05	8.572600e-06	9.200050e-06
9.000000e+02	9.200000e+02	6.769220e-05	7.651750e-06	9.643050e-06
9.200000e+02	9.400000e+02	6.968315e-05	8.259200e-06	7.639250e-06
9.400000e+02	9.600000e+02	7.099735e-05	7.768050e-06	1.119115e-05
9.600000e+02	9.800000e+02	7.303790e-05	7.859250e-06	1.188795e-05
9.800000e+02	1.000000e+03	7.353605e-05	5.437750e-06	1.074275e-05
# END HISTO1D


# BEGIN HISTO1D //homes/tinghua1/Merging-Project/Production/HJETS/ratio-plots/hjets-matched-errorband/H-2-3-4-25gev-combine.yoda/MC_H2JETS_07_TIGHT/trijet_mass
ErrorBandColor=yellow
ErrorBandOpacity=0.3
ErrorBands=1
ErrorType=env
LineColor=yellow
LineStyle=solid
Path=//homes/tinghua1/Merging-Project/Production/HJETS/ratio-plots/hjets-matched-errorband/H-2-3-4-25gev-combine.yoda/MC_H2JETS_07_TIGHT/trijet_mass
RatioPlotSameStyle=1
Title=h(2,3,4)
# xlow	 xhigh	 val	 errminus	 errplus
0.000000e+00	2.000000e+01	0.000000e+00	0.000000e+00	0.000000e+00
2.000000e+01	4.000000e+01	0.000000e+00	0.000000e+00	0.000000e+00
4.000000e+01	6.000000e+01	0.000000e+00	0.000000e+00	0.000000e+00
6.000000e+01	8.000000e+01	0.000000e+00	0.000000e+00	0.000000e+00
8.000000e+01	1.000000e+02	0.000000e+00	0.000000e+00	0.000000e+00
1.000000e+02	1.200000e+02	0.000000e+00	0.000000e+00	0.000000e+00
1.200000e+02	1.400000e+02	0.000000e+00	0.000000e+00	0.000000e+00
1.400000e+02	1.600000e+02	0.000000e+00	0.000000e+00	0.000000e+00
1.600000e+02	1.800000e+02	0.000000e+00	0.000000e+00	0.000000e+00
1.800000e+02	2.000000e+02	0.000000e+00	0.000000e+00	0.000000e+00
2.000000e+02	2.200000e+02	0.000000e+00	0.000000e+00	0.000000e+00
2.200000e+02	2.400000e+02	0.000000e+00	0.000000e+00	0.000000e+00
2.400000e+02	2.600000e+02	0.000000e+00	0.000000e+00	0.000000e+00
2.600000e+02	2.800000e+02	0.000000e+00	0.000000e+00	0.000000e+00
2.800000e+02	3.000000e+02	0.000000e+00	0.000000e+00	0.000000e+00
3.000000e+02	3.200000e+02	0.000000e+00	0.000000e+00	0.000000e+00
3.200000e+02	3.400000e+02	0.000000e+00	0.000000e+00	0.000000e+00
3.400000e+02	3.600000e+02	0.000000e+00	0.000000e+00	0.000000e+00
3.600000e+02	3.800000e+02	0.000000e+00	0.000000e+00	0.000000e+00
3.800000e+02	4.000000e+02	0.000000e+00	0.000000e+00	0.000000e+00
4.000000e+02	4.200000e+02	0.000000e+00	0.000000e+00	0.000000e+00
4.200000e+02	4.400000e+02	0.000000e+00	0.000000e+00	0.000000e+00
4.400000e+02	4.600000e+02	0.000000e+00	0.000000e+00	0.000000e+00
4.600000e+02	4.800000e+02	0.000000e+00	0.000000e+00	0.000000e+00
4.800000e+02	5.000000e+02	0.000000e+00	0.000000e+00	0.000000e+00
5.000000e+02	5.200000e+02	0.000000e+00	0.000000e+00	0.000000e+00
5.200000e+02	5.400000e+02	0.000000e+00	0.000000e+00	0.000000e+00
5.400000e+02	5.600000e+02	0.000000e+00	0.000000e+00	0.000000e+00
5.600000e+02	5.800000e+02	0.000000e+00	0.000000e+00	0.000000e+00
5.800000e+02	6.000000e+02	0.000000e+00	0.000000e+00	0.000000e+00
6.000000e+02	6.200000e+02	0.000000e+00	0.000000e+00	0.000000e+00
6.200000e+02	6.400000e+02	1.534934e-06	7.972000e-08	3.035025e-07
6.400000e+02	6.600000e+02	8.689535e-06	5.811450e-07	1.152745e-06
6.600000e+02	6.800000e+02	1.689417e-05	2.997570e-06	1.386430e-06
6.800000e+02	7.000000e+02	2.303103e-05	2.137875e-06	3.348475e-06
7.000000e+02	7.200000e+02	3.035749e-05	2.319310e-06	4.839795e-06
7.200000e+02	7.400000e+02	3.700669e-05	4.753950e-06	4.346175e-06
7.400000e+02	7.600000e+02	4.115582e-05	4.085550e-06	5.666680e-06
7.600000e+02	7.800000e+02	4.749206e-05	5.332340e-06	4.976135e-06
7.800000e+02	8.000000e+02	5.116090e-05	6.458640e-06	7.096750e-06
8.000000e+02	8.200000e+02	5.553955e-05	6.502910e-06	7.969150e-06
8.200000e+02	8.400000e+02	5.770485e-05	6.161600e-06	8.725450e-06
8.400000e+02	8.600000e+02	6.121485e-05	7.463050e-06	1.429250e-05
8.600000e+02	8.800000e+02	6.450010e-05	6.976650e-06	7.892000e-06
8.800000e+02	9.000000e+02	6.757105e-05	8.547500e-06	1.024855e-05
9.000000e+02	9.200000e+02	6.802135e-05	9.658550e-06	1.269365e-05
9.200000e+02	9.400000e+02	7.228320e-05	9.927950e-06	1.232915e-05
9.400000e+02	9.600000e+02	7.526110e-05	1.113020e-05	9.600850e-06
9.600000e+02	9.800000e+02	7.720335e-05	9.511000e-06	1.142210e-05
9.800000e+02	1.000000e+03	7.710760e-05	9.063250e-06	1.280835e-05
# END HISTO1D


# BEGIN HISTO1D //homes/tinghua1/Merging-Project/Production/HJETS/ratio-plots/hjets-matched-errorband/H-N2-3-25gev-combine.yoda/MC_H2JETS_07_TIGHT/trijet_mass
ErrorBandColor=green
ErrorBandOpacity=0.3
ErrorBands=1
ErrorType=env
LineColor=green
LineStyle=solid
Path=//homes/tinghua1/Merging-Project/Production/HJETS/ratio-plots/hjets-matched-errorband/H-N2-3-25gev-combine.yoda/MC_H2JETS_07_TIGHT/trijet_mass
RatioPlotSameStyle=1
Title=h(2*,3)
# xlow	 xhigh	 val	 errminus	 errplus
0.000000e+00	2.000000e+01	0.000000e+00	0.000000e+00	0.000000e+00
2.000000e+01	4.000000e+01	0.000000e+00	0.000000e+00	0.000000e+00
4.000000e+01	6.000000e+01	0.000000e+00	0.000000e+00	0.000000e+00
6.000000e+01	8.000000e+01	0.000000e+00	0.000000e+00	0.000000e+00
8.000000e+01	1.000000e+02	0.000000e+00	0.000000e+00	0.000000e+00
1.000000e+02	1.200000e+02	0.000000e+00	0.000000e+00	0.000000e+00
1.200000e+02	1.400000e+02	0.000000e+00	0.000000e+00	0.000000e+00
1.400000e+02	1.600000e+02	0.000000e+00	0.000000e+00	0.000000e+00
1.600000e+02	1.800000e+02	0.000000e+00	0.000000e+00	0.000000e+00
1.800000e+02	2.000000e+02	0.000000e+00	0.000000e+00	0.000000e+00
2.000000e+02	2.200000e+02	0.000000e+00	0.000000e+00	0.000000e+00
2.200000e+02	2.400000e+02	0.000000e+00	0.000000e+00	0.000000e+00
2.400000e+02	2.600000e+02	0.000000e+00	0.000000e+00	0.000000e+00
2.600000e+02	2.800000e+02	0.000000e+00	0.000000e+00	0.000000e+00
2.800000e+02	3.000000e+02	0.000000e+00	0.000000e+00	0.000000e+00
3.000000e+02	3.200000e+02	0.000000e+00	0.000000e+00	0.000000e+00
3.200000e+02	3.400000e+02	0.000000e+00	0.000000e+00	0.000000e+00
3.400000e+02	3.600000e+02	0.000000e+00	0.000000e+00	0.000000e+00
3.600000e+02	3.800000e+02	0.000000e+00	0.000000e+00	0.000000e+00
3.800000e+02	4.000000e+02	0.000000e+00	0.000000e+00	0.000000e+00
4.000000e+02	4.200000e+02	0.000000e+00	0.000000e+00	0.000000e+00
4.200000e+02	4.400000e+02	0.000000e+00	0.000000e+00	0.000000e+00
4.400000e+02	4.600000e+02	0.000000e+00	0.000000e+00	0.000000e+00
4.600000e+02	4.800000e+02	0.000000e+00	0.000000e+00	0.000000e+00
4.800000e+02	5.000000e+02	0.000000e+00	0.000000e+00	0.000000e+00
5.000000e+02	5.200000e+02	0.000000e+00	0.000000e+00	0.000000e+00
5.200000e+02	5.400000e+02	0.000000e+00	0.000000e+00	0.000000e+00
5.400000e+02	5.600000e+02	0.000000e+00	0.000000e+00	0.000000e+00
5.600000e+02	5.800000e+02	0.000000e+00	0.000000e+00	0.000000e+00
5.800000e+02	6.000000e+02	0.000000e+00	0.000000e+00	0.000000e+00
6.000000e+02	6.200000e+02	0.000000e+00	0.000000e+00	0.000000e+00
6.200000e+02	6.400000e+02	1.538692e-06	2.578940e-07	4.043075e-07
6.400000e+02	6.600000e+02	8.834060e-06	1.646260e-06	2.098210e-06
6.600000e+02	6.800000e+02	1.539731e-05	1.084555e-06	3.541405e-06
6.800000e+02	7.000000e+02	2.340988e-05	3.370810e-06	3.250795e-06
7.000000e+02	7.200000e+02	2.866913e-05	2.802285e-06	6.159635e-06
7.200000e+02	7.400000e+02	3.491601e-05	5.016880e-06	4.827970e-06
7.400000e+02	7.600000e+02	4.011335e-05	4.946030e-06	5.814435e-06
7.600000e+02	7.800000e+02	4.447196e-05	3.722040e-06	5.644495e-06
7.800000e+02	8.000000e+02	4.829366e-05	5.368680e-06	5.606545e-06
8.000000e+02	8.200000e+02	5.157465e-05	5.423790e-06	7.806750e-06
8.200000e+02	8.400000e+02	5.659990e-05	5.865650e-06	7.584700e-06
8.400000e+02	8.600000e+02	5.846460e-05	6.163500e-06	6.454500e-06
8.600000e+02	8.800000e+02	6.070135e-05	5.917050e-06	8.886300e-06
8.800000e+02	9.000000e+02	6.555355e-05	7.972800e-06	6.707200e-06
9.000000e+02	9.200000e+02	6.675495e-05	6.028950e-06	6.895900e-06
9.200000e+02	9.400000e+02	6.908775e-05	6.153200e-06	1.157205e-05
9.400000e+02	9.600000e+02	7.169290e-05	3.104050e-06	8.396550e-06
9.600000e+02	9.800000e+02	7.420935e-05	8.495550e-06	6.876800e-06
9.800000e+02	1.000000e+03	7.414350e-05	8.656050e-06	9.347250e-06
# END HISTO1D


# BEGIN HISTO1D //homes/tinghua1/Merging-Project/Production/HJETS/ratio-plots/hjets-matched-errorband/H-2-3-25gev-combine.yoda/MC_H2JETS_07_TIGHT/trijet_mass
ErrorBandColor=purple
ErrorBandOpacity=0.3
ErrorBands=1
ErrorType=env
LineColor=purple
LineStyle=solid
Path=//homes/tinghua1/Merging-Project/Production/HJETS/ratio-plots/hjets-matched-errorband/H-2-3-25gev-combine.yoda/MC_H2JETS_07_TIGHT/trijet_mass
RatioPlotSameStyle=1
Title=h(2,3)
# xlow	 xhigh	 val	 errminus	 errplus
0.000000e+00	2.000000e+01	0.000000e+00	0.000000e+00	0.000000e+00
2.000000e+01	4.000000e+01	0.000000e+00	0.000000e+00	0.000000e+00
4.000000e+01	6.000000e+01	0.000000e+00	0.000000e+00	0.000000e+00
6.000000e+01	8.000000e+01	0.000000e+00	0.000000e+00	0.000000e+00
8.000000e+01	1.000000e+02	0.000000e+00	0.000000e+00	0.000000e+00
1.000000e+02	1.200000e+02	0.000000e+00	0.000000e+00	0.000000e+00
1.200000e+02	1.400000e+02	0.000000e+00	0.000000e+00	0.000000e+00
1.400000e+02	1.600000e+02	0.000000e+00	0.000000e+00	0.000000e+00
1.600000e+02	1.800000e+02	0.000000e+00	0.000000e+00	0.000000e+00
1.800000e+02	2.000000e+02	0.000000e+00	0.000000e+00	0.000000e+00
2.000000e+02	2.200000e+02	0.000000e+00	0.000000e+00	0.000000e+00
2.200000e+02	2.400000e+02	0.000000e+00	0.000000e+00	0.000000e+00
2.400000e+02	2.600000e+02	0.000000e+00	0.000000e+00	0.000000e+00
2.600000e+02	2.800000e+02	0.000000e+00	0.000000e+00	0.000000e+00
2.800000e+02	3.000000e+02	0.000000e+00	0.000000e+00	0.000000e+00
3.000000e+02	3.200000e+02	0.000000e+00	0.000000e+00	0.000000e+00
3.200000e+02	3.400000e+02	0.000000e+00	0.000000e+00	0.000000e+00
3.400000e+02	3.600000e+02	0.000000e+00	0.000000e+00	0.000000e+00
3.600000e+02	3.800000e+02	0.000000e+00	0.000000e+00	0.000000e+00
3.800000e+02	4.000000e+02	0.000000e+00	0.000000e+00	0.000000e+00
4.000000e+02	4.200000e+02	0.000000e+00	0.000000e+00	0.000000e+00
4.200000e+02	4.400000e+02	0.000000e+00	0.000000e+00	0.000000e+00
4.400000e+02	4.600000e+02	0.000000e+00	0.000000e+00	0.000000e+00
4.600000e+02	4.800000e+02	0.000000e+00	0.000000e+00	0.000000e+00
4.800000e+02	5.000000e+02	0.000000e+00	0.000000e+00	0.000000e+00
5.000000e+02	5.200000e+02	0.000000e+00	0.000000e+00	0.000000e+00
5.200000e+02	5.400000e+02	0.000000e+00	0.000000e+00	0.000000e+00
5.400000e+02	5.600000e+02	0.000000e+00	0.000000e+00	0.000000e+00
5.600000e+02	5.800000e+02	0.000000e+00	0.000000e+00	0.000000e+00
5.800000e+02	6.000000e+02	0.000000e+00	0.000000e+00	0.000000e+00
6.000000e+02	6.200000e+02	0.000000e+00	0.000000e+00	0.000000e+00
6.200000e+02	6.400000e+02	1.455677e-06	0.000000e+00	2.880575e-07
6.400000e+02	6.600000e+02	7.672230e-06	0.000000e+00	2.197800e-06
6.600000e+02	6.800000e+02	1.444534e-05	0.000000e+00	4.081120e-06
6.800000e+02	7.000000e+02	2.101950e-05	0.000000e+00	4.991670e-06
7.000000e+02	7.200000e+02	2.793056e-05	0.000000e+00	6.219130e-06
7.200000e+02	7.400000e+02	3.202444e-05	0.000000e+00	9.537020e-06
7.400000e+02	7.600000e+02	3.587715e-05	0.000000e+00	1.047574e-05
7.600000e+02	7.800000e+02	4.070588e-05	0.000000e+00	1.115841e-05
7.800000e+02	8.000000e+02	4.416951e-05	0.000000e+00	1.224549e-05
8.000000e+02	8.200000e+02	4.773021e-05	0.000000e+00	1.271489e-05
8.200000e+02	8.400000e+02	5.018995e-05	0.000000e+00	1.519705e-05
8.400000e+02	8.600000e+02	5.402410e-05	0.000000e+00	1.495550e-05
8.600000e+02	8.800000e+02	5.613125e-05	0.000000e+00	1.754565e-05
8.800000e+02	9.000000e+02	5.870100e-05	0.000000e+00	1.750925e-05
9.000000e+02	9.200000e+02	6.044815e-05	0.000000e+00	1.947220e-05
9.200000e+02	9.400000e+02	6.288175e-05	0.000000e+00	2.020600e-05
9.400000e+02	9.600000e+02	6.428760e-05	0.000000e+00	2.038135e-05
9.600000e+02	9.800000e+02	6.571060e-05	0.000000e+00	2.231435e-05
9.800000e+02	1.000000e+03	6.734690e-05	0.000000e+00	2.135365e-05
# END HISTO1D


# BEGIN HISTO1D //homes/tinghua1/Merging-Project/Production/HJETS/ratio-plots/hjets-matched-errorband/H3Jets-NLOPS-combine.yoda/MC_H2JETS_07_TIGHT/trijet_mass
ErrorBandColor=red
ErrorBandOpacity=0.3
ErrorBands=1
ErrorType=env
LineColor=red
LineStyle=solid
Path=//homes/tinghua1/Merging-Project/Production/HJETS/ratio-plots/hjets-matched-errorband/H3Jets-NLOPS-combine.yoda/MC_H2JETS_07_TIGHT/trijet_mass
RatioPlotSameStyle=1
Title=h(3*) $\oplus$ PS
# xlow	 xhigh	 val	 errminus	 errplus
0.000000e+00	2.000000e+01	0.000000e+00	0.000000e+00	0.000000e+00
2.000000e+01	4.000000e+01	0.000000e+00	0.000000e+00	0.000000e+00
4.000000e+01	6.000000e+01	0.000000e+00	0.000000e+00	0.000000e+00
6.000000e+01	8.000000e+01	0.000000e+00	0.000000e+00	0.000000e+00
8.000000e+01	1.000000e+02	0.000000e+00	0.000000e+00	0.000000e+00
1.000000e+02	1.200000e+02	0.000000e+00	0.000000e+00	0.000000e+00
1.200000e+02	1.400000e+02	0.000000e+00	0.000000e+00	0.000000e+00
1.400000e+02	1.600000e+02	0.000000e+00	0.000000e+00	0.000000e+00
1.600000e+02	1.800000e+02	0.000000e+00	0.000000e+00	0.000000e+00
1.800000e+02	2.000000e+02	0.000000e+00	0.000000e+00	0.000000e+00
2.000000e+02	2.200000e+02	0.000000e+00	0.000000e+00	0.000000e+00
2.200000e+02	2.400000e+02	0.000000e+00	0.000000e+00	0.000000e+00
2.400000e+02	2.600000e+02	0.000000e+00	0.000000e+00	0.000000e+00
2.600000e+02	2.800000e+02	0.000000e+00	0.000000e+00	0.000000e+00
2.800000e+02	3.000000e+02	0.000000e+00	0.000000e+00	0.000000e+00
3.000000e+02	3.200000e+02	0.000000e+00	0.000000e+00	0.000000e+00
3.200000e+02	3.400000e+02	0.000000e+00	0.000000e+00	0.000000e+00
3.400000e+02	3.600000e+02	0.000000e+00	0.000000e+00	0.000000e+00
3.600000e+02	3.800000e+02	0.000000e+00	0.000000e+00	0.000000e+00
3.800000e+02	4.000000e+02	0.000000e+00	0.000000e+00	0.000000e+00
4.000000e+02	4.200000e+02	0.000000e+00	0.000000e+00	0.000000e+00
4.200000e+02	4.400000e+02	0.000000e+00	0.000000e+00	0.000000e+00
4.400000e+02	4.600000e+02	0.000000e+00	0.000000e+00	0.000000e+00
4.600000e+02	4.800000e+02	0.000000e+00	0.000000e+00	0.000000e+00
4.800000e+02	5.000000e+02	0.000000e+00	0.000000e+00	0.000000e+00
5.000000e+02	5.200000e+02	0.000000e+00	0.000000e+00	0.000000e+00
5.200000e+02	5.400000e+02	0.000000e+00	0.000000e+00	0.000000e+00
5.400000e+02	5.600000e+02	0.000000e+00	0.000000e+00	0.000000e+00
5.600000e+02	5.800000e+02	0.000000e+00	0.000000e+00	0.000000e+00
5.800000e+02	6.000000e+02	0.000000e+00	0.000000e+00	0.000000e+00
6.000000e+02	6.200000e+02	0.000000e+00	0.000000e+00	0.000000e+00
6.200000e+02	6.400000e+02	1.915007e-06	1.766065e-07	1.012005e-06
6.400000e+02	6.600000e+02	7.639965e-06	0.000000e+00	5.565350e-06
6.600000e+02	6.800000e+02	1.608899e-05	2.520225e-06	2.842550e-07
6.800000e+02	7.000000e+02	2.047945e-05	0.000000e+00	2.185180e-06
7.000000e+02	7.200000e+02	2.663472e-05	1.810100e-07	1.086085e-06
7.200000e+02	7.400000e+02	3.458657e-05	5.482425e-06	0.000000e+00
7.400000e+02	7.600000e+02	3.755977e-05	3.297435e-06	0.000000e+00
7.600000e+02	7.800000e+02	4.133140e-05	6.350475e-06	1.629715e-06
7.800000e+02	8.000000e+02	3.881660e-05	0.000000e+00	6.562065e-06
8.000000e+02	8.200000e+02	5.386900e-05	7.820435e-06	0.000000e+00
8.200000e+02	8.400000e+02	5.057600e-05	1.108005e-06	5.875000e-08
8.400000e+02	8.600000e+02	5.249485e-05	4.942500e-07	3.467750e-06
8.600000e+02	8.800000e+02	5.513820e-05	2.090500e-07	1.873300e-06
8.800000e+02	9.000000e+02	5.761260e-05	0.000000e+00	4.759250e-06
9.000000e+02	9.200000e+02	6.596070e-05	6.210750e-06	0.000000e+00
9.200000e+02	9.400000e+02	6.554220e-05	6.085300e-06	0.000000e+00
9.400000e+02	9.600000e+02	6.533155e-05	6.510150e-06	1.904700e-06
9.600000e+02	9.800000e+02	6.384065e-05	7.354650e-06	7.029300e-06
9.800000e+02	1.000000e+03	7.599250e-05	1.155555e-05	0.000000e+00
# END HISTO1D


# BEGIN HISTO1D //homes/tinghua1/Merging-Project/Production/HJETS/ratio-plots/hjets-matched-errorband/H2Jets-NLOPS-combine.yoda/MC_H2JETS_07_TIGHT/trijet_mass
ErrorBandColor=violet
ErrorBandOpacity=0.3
ErrorBands=1
ErrorType=env
LineColor=violet
LineStyle=solid
Path=//homes/tinghua1/Merging-Project/Production/HJETS/ratio-plots/hjets-matched-errorband/H2Jets-NLOPS-combine.yoda/MC_H2JETS_07_TIGHT/trijet_mass
RatioPlotSameStyle=1
Title=h(2*) $\oplus$ PS
# xlow	 xhigh	 val	 errminus	 errplus
0.000000e+00	2.000000e+01	0.000000e+00	0.000000e+00	0.000000e+00
2.000000e+01	4.000000e+01	0.000000e+00	0.000000e+00	0.000000e+00
4.000000e+01	6.000000e+01	0.000000e+00	0.000000e+00	0.000000e+00
6.000000e+01	8.000000e+01	0.000000e+00	0.000000e+00	0.000000e+00
8.000000e+01	1.000000e+02	0.000000e+00	0.000000e+00	0.000000e+00
1.000000e+02	1.200000e+02	0.000000e+00	0.000000e+00	0.000000e+00
1.200000e+02	1.400000e+02	0.000000e+00	0.000000e+00	0.000000e+00
1.400000e+02	1.600000e+02	0.000000e+00	0.000000e+00	0.000000e+00
1.600000e+02	1.800000e+02	0.000000e+00	0.000000e+00	0.000000e+00
1.800000e+02	2.000000e+02	0.000000e+00	0.000000e+00	0.000000e+00
2.000000e+02	2.200000e+02	0.000000e+00	0.000000e+00	0.000000e+00
2.200000e+02	2.400000e+02	0.000000e+00	0.000000e+00	0.000000e+00
2.400000e+02	2.600000e+02	0.000000e+00	0.000000e+00	0.000000e+00
2.600000e+02	2.800000e+02	0.000000e+00	0.000000e+00	0.000000e+00
2.800000e+02	3.000000e+02	0.000000e+00	0.000000e+00	0.000000e+00
3.000000e+02	3.200000e+02	0.000000e+00	0.000000e+00	0.000000e+00
3.200000e+02	3.400000e+02	0.000000e+00	0.000000e+00	0.000000e+00
3.400000e+02	3.600000e+02	0.000000e+00	0.000000e+00	0.000000e+00
3.600000e+02	3.800000e+02	0.000000e+00	0.000000e+00	0.000000e+00
3.800000e+02	4.000000e+02	0.000000e+00	0.000000e+00	0.000000e+00
4.000000e+02	4.200000e+02	0.000000e+00	0.000000e+00	0.000000e+00
4.200000e+02	4.400000e+02	0.000000e+00	0.000000e+00	0.000000e+00
4.400000e+02	4.600000e+02	0.000000e+00	0.000000e+00	0.000000e+00
4.600000e+02	4.800000e+02	0.000000e+00	0.000000e+00	0.000000e+00
4.800000e+02	5.000000e+02	0.000000e+00	0.000000e+00	0.000000e+00
5.000000e+02	5.200000e+02	0.000000e+00	0.000000e+00	0.000000e+00
5.200000e+02	5.400000e+02	0.000000e+00	0.000000e+00	0.000000e+00
5.400000e+02	5.600000e+02	0.000000e+00	0.000000e+00	0.000000e+00
5.600000e+02	5.800000e+02	0.000000e+00	0.000000e+00	0.000000e+00
5.800000e+02	6.000000e+02	0.000000e+00	0.000000e+00	0.000000e+00
6.000000e+02	6.200000e+02	0.000000e+00	0.000000e+00	0.000000e+00
6.200000e+02	6.400000e+02	1.367394e-06	6.593100e-08	2.007635e-07
6.400000e+02	6.600000e+02	7.376450e-06	8.966350e-07	8.412600e-07
6.600000e+02	6.800000e+02	1.349980e-05	1.571520e-06	1.516895e-06
6.800000e+02	7.000000e+02	1.851710e-05	1.397385e-06	2.920590e-06
7.000000e+02	7.200000e+02	2.601701e-05	4.171905e-06	1.833620e-06
7.200000e+02	7.400000e+02	2.858786e-05	3.349160e-06	3.770215e-06
7.400000e+02	7.600000e+02	3.184461e-05	2.547165e-06	4.538630e-06
7.600000e+02	7.800000e+02	3.603681e-05	3.969720e-06	3.395660e-06
7.800000e+02	8.000000e+02	3.867264e-05	3.440160e-06	5.847250e-06
8.000000e+02	8.200000e+02	4.118926e-05	3.348325e-06	5.830200e-06
8.200000e+02	8.400000e+02	4.397949e-05	4.009245e-06	4.954315e-06
8.400000e+02	8.600000e+02	4.653270e-05	4.049050e-06	6.317305e-06
8.600000e+02	8.800000e+02	4.943650e-05	5.426450e-06	5.825000e-06
8.800000e+02	9.000000e+02	5.079620e-05	4.653210e-06	5.263350e-06
9.000000e+02	9.200000e+02	5.291040e-05	5.024080e-06	5.835950e-06
9.200000e+02	9.400000e+02	5.513080e-05	5.445925e-06	5.451100e-06
9.400000e+02	9.600000e+02	5.565865e-05	4.929600e-06	7.511550e-06
9.600000e+02	9.800000e+02	5.719860e-05	4.867600e-06	7.615900e-06
9.800000e+02	1.000000e+03	5.814160e-05	5.287950e-06	7.119800e-06
# END HISTO1D

